,4100-iSIC,4100-iSIC,4100-iSIC,4100-iSIC,4100-iSIC,4100-iSIC,4100-iSIC,4100-iSIC,4100-iSIC,4100-iSIC
,Avg,Avg,Avg,Avg,Avg,Avg,Avg,Avg,Avg,Avg
Date/Time,WindDir,WindSp,Max WindSp,AirTemp,RH,BP,DailyRain,Rain Duration,RainInten,RainInten
m/d/y,Degree,mph,mph,F,%,inHg,in,sec,in/h,in/h
1/1/2009 0:00,213,0.1,0.1,19.8,70,29.4,0,54148,0,0
1/1/2009 0:10,213,0.1,0.1,19.4,70,29.4,0,54148,0,0
1/1/2009 0:20,213,0.1,0.1,19.3,71,29.4,0,54148,0,0
1/1/2009 0:30,213,0.1,0.1,18.9,71,29.5,0,54148,0,0
1/1/2009 0:40,213,0.1,0.1,18.7,70,29.5,0,54148,0,0
1/1/2009 0:50,213,0.1,0.1,18.7,69,29.5,0,54148,0,0
1/1/2009 1:00,213,0.1,0.1,18.7,69,29.5,0,54148,0,0
1/1/2009 1:10,213,0.1,0.1,18.5,67,29.5,0,54148,0,0
1/1/2009 1:20,213,0.1,0.1,18.7,68,29.5,0,54148,0,0
1/1/2009 1:30,213,0.1,0.1,18.5,67,29.5,0,54148,0,0
1/1/2009 1:40,213,0.1,0.1,18.4,68,29.5,0,54148,0,0
1/1/2009 1:50,213,0.1,0.1,18.2,69,29.5,0,54148,0,0
1/1/2009 2:00,213,0.1,0.1,18.2,69,29.5,0,54148,0,0
1/1/2009 2:10,213,0.1,0.1,18.2,69,29.5,0,54148,0,0
1/1/2009 2:20,213,0.1,0.1,18,70,29.5,0,54148,0,0
1/1/2009 2:30,213,0.1,0.1,18,70,29.5,0,54148,0,0
1/1/2009 2:40,213,0.1,0.1,18.2,72,29.5,0,54148,0,0
1/1/2009 2:50,213,0.1,0.1,18,72,29.5,0,54148,0,0
1/1/2009 3:00,213,0.1,0.1,18,72,29.5,0,54148,0,0
1/1/2009 3:10,213,0.1,0.1,17.6,73,29.4,0,54148,0,0
1/1/2009 3:20,213,0.1,0.1,17.3,73,29.4,0,54148,0,0
1/1/2009 3:30,213,0.1,0.1,17.3,73,29.5,0,54148,0,0
1/1/2009 3:40,213,0.1,0.1,17.3,72,29.5,0,54148,0,0
1/1/2009 3:50,213,0.1,0.1,17.5,72,29.5,0,54148,0,0
1/1/2009 4:00,213,0.1,0.1,18.5,72,29.5,0,54148,0,0
1/1/2009 4:10,213,0.1,0.1,17.6,72,29.5,0,54148,0,0
1/1/2009 4:20,213,0.1,0.1,17.8,74,29.5,0,54148,0,0
1/1/2009 4:30,213,0.1,0.1,16.9,74,29.5,0,54148,0,0
1/1/2009 4:40,213,0.1,0.1,16.9,76,29.5,0,54148,0,0
1/1/2009 4:50,213,0.1,0.1,16.7,75,29.5,0,54148,0,0
1/1/2009 5:00,213,0.1,0.1,16.2,76,29.5,0,54148,0,0
1/1/2009 5:10,213,0.1,0.1,15.5,77,29.5,0,54148,0,0
1/1/2009 5:20,213,0.1,0.1,15.5,77,29.5,0,54148,0,0
1/1/2009 5:30,213,0.1,0.1,15.1,77,29.5,0,54148,0,0
1/1/2009 5:40,213,0.1,0.1,15.7,76,29.5,0,54148,0,0
1/1/2009 5:50,213,0.1,0.1,16,76,29.5,0,54148,0,0
1/1/2009 6:00,213,0.1,0.1,16.7,74,29.5,0,54148,0,0
1/1/2009 6:10,213,0.1,0.1,16.2,74,29.5,0,54148,0,0
1/1/2009 6:20,213,0.1,0.1,15.3,75,29.5,0,54148,0,0
1/1/2009 6:30,213,0.1,0.1,15.1,75,29.5,0,54148,0,0
1/1/2009 6:40,213,0.1,0.1,15.5,74,29.5,0,54148,0,0
1/1/2009 6:50,213,0.1,0.1,16,73,29.5,0,54148,0,0
1/1/2009 7:00,213,0.1,0.1,16.2,73,29.5,0,54148,0,0
1/1/2009 7:10,213,0.1,0.1,16.2,73,29.5,0,54148,0,0
1/1/2009 7:20,213,0.1,0.1,16.9,71,29.5,0,54148,0,0
1/1/2009 7:30,213,0.1,0.1,16.7,72,29.5,0,54148,0,0
1/1/2009 7:40,213,0.1,0.1,17.6,70,29.5,0,54148,0,0
1/1/2009 7:50,213,0.1,0.1,17.6,70,29.5,0,54148,0,0
1/1/2009 8:00,213,0.1,0.1,18.4,70,29.5,0,54148,0,0
1/1/2009 8:10,213,0.1,0.1,18.9,69,29.5,0,54148,0,0
1/1/2009 8:20,213,0.1,0.1,19.3,67,29.5,0,54148,0,0
1/1/2009 8:30,213,0.1,0.1,20,66,29.5,0,54148,0,0
1/1/2009 8:40,213,0.1,0.1,20.3,64,29.5,0,54148,0,0
1/1/2009 8:50,213,0.1,0.1,20.5,65,29.5,0,54148,0,0
1/1/2009 9:00,213,0.1,0.1,21.1,65,29.5,0,54148,0,0
1/1/2009 9:10,213,0.1,0.1,21.1,64,29.5,0,54148,0,0
1/1/2009 9:20,213,0.1,0.1,21.6,63,29.5,0,54148,0,0
1/1/2009 9:30,213,0.1,0.1,21.6,64,29.5,0,54148,0,0
1/1/2009 9:40,213,0.1,0.1,22.1,63,29.5,0,54148,0,0
1/1/2009 9:50,213,0.1,0.1,22,62,29.5,0,54148,0,0
1/1/2009 10:00,213,0.1,0.1,22.1,62,29.4,0,54148,0,0
1/1/2009 10:10,213,0.1,0.1,22.5,62,29.4,0,54148,0,0
1/1/2009 10:20,213,0.1,0.1,23.6,60,29.4,0,54148,0,0
1/1/2009 10:30,213,0.1,0.1,23,61,29.4,0,54148,0,0
1/1/2009 10:40,213,0.1,0.1,23.4,59,29.4,0,54148,0,0
1/1/2009 10:50,213,0.1,0.1,23.8,60,29.4,0,54148,0,0
1/1/2009 11:00,213,0.1,0.1,23.4,60,29.4,0,54148,0,0
1/1/2009 11:10,213,0.1,0.1,23.9,59,29.4,0,54148,0,0
1/1/2009 11:20,213,0.1,0.1,24.5,57,29.4,0,54148,0,0
1/1/2009 11:30,213,0.1,0.1,24.3,56,29.4,0,54148,0,0
1/1/2009 11:40,213,0.1,0.1,24.7,54,29.4,0,54148,0,0
1/1/2009 11:50,213,0.1,0.1,24.7,56,29.4,0,54148,0,0
1/1/2009 12:00,213,0.1,0.1,24.8,55,29.4,0,54148,0,0
1/1/2009 12:10,213,0.1,0.1,25.2,55,29.4,0,54148,0,0
1/1/2009 12:20,213,0.1,0.1,25.4,52,29.4,0,54148,0,0
1/1/2009 12:30,213,0.1,0.1,25.7,52,29.3,0,54148,0,0
1/1/2009 12:40,213,0.1,0.1,25.4,52,29.3,0,54148,0,0
1/1/2009 12:50,213,0.1,0.1,25.4,51,29.3,0,54148,0,0
1/1/2009 13:00,213,0.1,0.1,25.6,52,29.3,0,54148,0,0
1/1/2009 13:10,213,0.1,0.1,25.4,51,29.3,0,54148,0,0
1/1/2009 13:20,213,0.1,0.1,25.6,51,29.3,0,54148,0,0
1/1/2009 13:30,213,0.1,0.1,25.6,51,29.3,0,54148,0,0
1/1/2009 13:40,213,0.1,0.1,25.7,53,29.3,0,54148,0,0
1/1/2009 13:50,213,0.1,0.1,25.9,53,29.3,0,54148,0,0
1/1/2009 14:00,213,0.1,0.1,25.9,52,29.3,0,54148,0,0
1/1/2009 14:10,213,0.1,0.1,25.7,52,29.3,0,54148,0,0
1/1/2009 14:20,213,0.1,0.1,25.9,53,29.3,0,54148,0,0
1/1/2009 14:30,213,0.1,0.1,25.9,52,29.3,0,54148,0,0
1/1/2009 14:40,213,0.1,0.1,25.9,53,29.3,0,54148,0,0
1/1/2009 14:50,213,0.1,0.1,25.7,53,29.3,0,54148,0,0
1/1/2009 15:00,213,0.1,0.1,25.6,54,29.3,0,54148,0,0
1/1/2009 15:10,213,0.1,0.1,25.4,55,29.3,0,54148,0,0
1/1/2009 15:20,213,0.1,0.1,25.4,55,29.3,0,54148,0,0
1/1/2009 15:30,213,0.1,0.1,25.6,54,29.3,0,54148,0,0
1/1/2009 15:40,213,0.1,0.1,25.7,54,29.3,0,54148,0,0
1/1/2009 15:50,213,0.1,0.1,25.9,54,29.2,0,54148,0,0
1/1/2009 16:00,213,0.1,0.1,26.3,52,29.2,0,54148,0,0
1/1/2009 16:10,213,0.1,0.1,26.6,52,29.2,0,54148,0,0
1/1/2009 16:20,213,0.1,0.1,26.6,52,29.2,0,54148,0,0
1/1/2009 16:30,213,0.1,0.1,26.6,51,29.2,0,54148,0,0
1/1/2009 16:40,213,0.1,0.1,26.8,51,29.2,0,54148,0,0
1/1/2009 16:50,213,0.1,0.1,26.8,50,29.2,0,54148,0,0
1/1/2009 17:00,213,0.1,0.1,27,50,29.2,0,54148,0,0
1/1/2009 17:10,213,0.1,0.1,27,49,29.2,0,54148,0,0
1/1/2009 17:20,213,0.1,0.1,27.2,49,29.2,0,54148,0,0
1/1/2009 17:30,213,0.1,0.1,27.2,48,29.1,0,54148,0,0
1/1/2009 17:40,213,0.1,0.1,27.4,47,29.1,0,54148,0,0
1/1/2009 17:50,213,0.1,0.1,27.5,46,29.1,0,54148,0,0
1/1/2009 18:00,213,0.1,0.1,27.5,46,29.1,0,54148,0,0
1/1/2009 18:10,213,0.1,0.1,27.5,45,29.1,0,54148,0,0
1/1/2009 18:20,213,0.1,0.1,27.7,45,29.1,0,54148,0,0
1/1/2009 18:30,213,0.1,0.1,27.9,43,29.1,0,54168,0,0
1/1/2009 18:40,213,0.1,0.1,28.3,42,29.1,0,54188,0,0
1/1/2009 18:50,213,0.1,0.1,28.4,42,29.1,0,54208,0,0
1/1/2009 19:00,213,0.1,0.1,28.6,40,29,0,54218,0,0
1/1/2009 19:10,213,0.1,0.1,28.6,41,29.1,0,54218,0,0
1/1/2009 19:20,213,0.1,0.1,29,41,29,0,54248,0,0
1/1/2009 19:30,213,0.1,0.1,29,41,29,0,54288,0,0
1/1/2009 19:40,213,0.1,0.1,29.2,40,29,0,54288,0,0
1/1/2009 19:50,213,0.1,0.1,29.5,39,29,0,54348,0,0
1/1/2009 20:00,213,0.1,0.1,29.9,39,29,0,54388,0,0
1/1/2009 20:10,213,0.1,0.1,30.1,39,29,0,54448,0,0
1/1/2009 20:20,213,0.1,0.1,30.1,39,29,0,54448,0,0
1/1/2009 20:30,213,0.1,0.1,30.2,38,29,0,54488,0,0
1/1/2009 20:40,213,0.1,0.1,30.8,38,29,0,54488,0,0
1/1/2009 20:50,213,0.1,0.1,31.1,37,29,0,54518,0,0
1/1/2009 21:00,213,0.1,0.1,31.5,36,29,0,54518,0,0
1/1/2009 21:10,213,0.1,0.1,31.9,36,29,0,54528,0,0
1/1/2009 21:20,213,0.1,0.1,31.9,36,29,0,54568,0,0
1/1/2009 21:30,213,0.1,0.1,32,35,29,0,54578,0,0
1/1/2009 21:40,213,0.1,0.1,32.3,34,29,0,54638,0,0
1/1/2009 21:50,213,0.1,0.1,32.5,34,29,0,54668,0,0
1/1/2009 22:00,213,0.1,0.1,32.3,34,28.9,0,54678,0,0
1/1/2009 22:10,213,0.1,0.1,32.5,34,29,0,54678,0,0
1/1/2009 22:20,213,0.1,0.1,32.9,33,29,0,54678,0,0
1/1/2009 22:30,213,0.1,0.1,33.4,32,28.9,0,54678,0,0
1/1/2009 22:40,213,0.1,0.1,33.9,31,28.9,0,54678,0,0
1/1/2009 22:50,213,0.1,0.1,33.9,31,28.9,0,54678,0,0
1/1/2009 23:00,213,0.1,0.1,33.9,31,28.9,0,54678,0,0
1/1/2009 23:10,213,0.1,0.1,33.9,32,29,0,54678,0,0
1/1/2009 23:20,213,0.1,0.1,33.9,32,28.9,0,54678,0,0
1/1/2009 23:30,213,0.1,0.1,33.9,33,28.9,0,54678,0,0
1/1/2009 23:40,213,0.1,0.1,33.9,33,28.9,0,54678,0,0
1/1/2009 23:50,213,0.1,0.1,34.1,33,28.9,0,54678,0,0
1/2/2009 0:00,213,0.1,0.1,33.9,33,28.9,0,54678,0,0
1/2/2009 0:10,213,0.1,0.1,33.8,34,28.9,0,54678,0,0
1/2/2009 0:20,213,0.1,0.1,33.9,34,28.9,0,54678,0,0
1/2/2009 0:30,213,0.1,0.1,33.9,34,28.9,0,54678,0,0
1/2/2009 0:40,213,0.1,0.1,34.5,34,28.9,0,54678,0,0
1/2/2009 0:50,213,0.1,0.1,34.3,34,28.9,0,54678,0,0
1/2/2009 1:00,213,0.1,0.1,34.7,34,28.9,0,54678,0,0
1/2/2009 1:10,213,0.1,0.1,35.2,33,28.9,0,54678,0,0
1/2/2009 1:20,213,0.1,0.1,35.9,33,28.9,0,54678,0,0
1/2/2009 1:30,213,0.1,0.1,36.1,33,28.9,0,54678,0,0
1/2/2009 1:40,213,0.1,0.1,35.9,35,28.9,0,54678,0,0
1/2/2009 1:50,213,0.1,0.1,35.2,42,28.9,0,54678,0,0
1/2/2009 2:00,213,0.1,0.1,34.5,44,28.9,0,54718,0,0
1/2/2009 2:10,213,0.1,0.1,33.4,50,28.9,0,54718,0,0
1/2/2009 2:20,213,0.1,0.1,32.7,53,28.9,0,54718,0,0
1/2/2009 2:30,213,0.1,0.1,31.5,62,28.9,0,54718,0,0
1/2/2009 2:40,213,0.1,0.1,30.6,69,28.9,0,54718,0,0
1/2/2009 2:50,213,0.1,0.1,29.7,78,28.9,0,54718,0,0
1/2/2009 3:00,213,0.1,0.1,29.7,80,28.9,0,54718,0,0
1/2/2009 3:10,213,0.1,0.1,29.7,81,28.9,0,54718,0,0
1/2/2009 3:20,213,0.1,0.1,29.7,80,28.9,0,54718,0,0
1/2/2009 3:30,213,0.1,0.1,29.9,79,28.9,0,54718,0,0
1/2/2009 3:40,213,0.1,0.1,30.1,78,28.9,0,54718,0,0
1/2/2009 3:50,213,0.1,0.1,30.2,77,28.9,0,54718,0,0
1/2/2009 4:00,213,0.1,0.1,30.2,77,28.9,0,54718,0,0
1/2/2009 4:10,213,0.1,0.1,30.4,76,28.9,0,54718,0,0
1/2/2009 4:20,213,0.1,0.1,30.4,76,28.9,0,54718,0,0
1/2/2009 4:30,213,0.1,0.1,30.4,76,28.9,0,54718,0,0
1/2/2009 4:40,213,0.1,0.1,30.6,76,28.9,0,54718,0,0
1/2/2009 4:50,213,0.1,0.1,30.6,76,28.9,0,54718,0,0
1/2/2009 5:00,213,0.1,0.1,30.6,76,28.9,0,54718,0,0
1/2/2009 5:10,213,0.1,0.1,30.8,75,28.9,0,54718,0,0
1/2/2009 5:20,213,0.1,0.1,31,75,28.9,0,54718,0,0
1/2/2009 5:30,213,0.1,0.1,31.1,73,28.9,0,54718,0,0
1/2/2009 5:40,213,0.1,0.1,31.1,73,28.9,0,54718,0,0
1/2/2009 5:50,213,0.1,0.1,31.3,73,28.9,0,54718,0,0
1/2/2009 6:00,213,0.1,0.1,31.5,72,28.9,0,54718,0,0
1/2/2009 6:10,213,0.1,0.1,31.5,72,28.9,0,54718,0,0
1/2/2009 6:20,213,0.1,0.1,31.9,71,28.9,0,54718,0,0
1/2/2009 6:30,213,0.1,0.1,32,70,28.9,0,54718,0,0
1/2/2009 6:40,213,0.1,0.1,32,68,28.9,0,54718,0,0
1/2/2009 6:50,213,0.1,0.1,32,68,28.9,0,54718,0,0
1/2/2009 7:00,213,0.1,0.1,32.1,67,28.9,0,54718,0,0
1/2/2009 7:10,213,0.1,0.1,32.1,67,28.9,0,54718,0,0
1/2/2009 7:20,213,0.1,0.1,32.3,66,28.9,0,54718,0,0
1/2/2009 7:30,213,0.1,0.1,32.3,67,28.9,0,54718,0,0
1/2/2009 7:40,213,0.1,0.1,32.3,67,28.9,0,54718,0,0
1/2/2009 7:50,213,0.1,0.1,32.5,66,28.9,0,54718,0,0
1/2/2009 8:00,213,0.1,0.1,32.9,66,28.9,0,54718,0,0
1/2/2009 8:10,213,0.1,0.1,32.9,65,28.9,0,54718,0,0
1/2/2009 8:20,213,0.1,0.1,32.9,64,28.9,0,54718,0,0
1/2/2009 8:30,213,0.1,0.1,33,64,28.9,0,54718,0,0
1/2/2009 8:40,213,0.1,0.1,33.2,63,28.9,0,54718,0,0
1/2/2009 8:50,213,0.1,0.1,33.4,62,28.9,0,54718,0,0
1/2/2009 9:00,213,0.1,0.1,33.4,62,28.9,0,54718,0,0
1/2/2009 9:10,213,0.1,0.1,33.4,61,28.9,0,54718,0,0
1/2/2009 9:20,213,0.1,0.1,33.6,61,28.9,0,54718,0,0
1/2/2009 9:30,213,0.1,0.1,33.6,61,28.9,0,54718,0,0
1/2/2009 9:40,213,0.1,0.1,33.8,61,28.9,0,54718,0,0
1/2/2009 9:50,213,0.1,0.1,34.1,60,28.9,0,54718,0,0
1/2/2009 10:00,213,0.1,0.1,34.5,59,28.9,0,54718,0,0
1/2/2009 10:10,213,0.1,0.1,34.3,59,28.9,0,54718,0,0
1/2/2009 10:20,213,0.1,0.1,34.7,59,28.9,0,54718,0,0
1/2/2009 10:30,213,0.1,0.1,34.7,59,28.9,0,54718,0,0
1/2/2009 10:40,213,0.1,0.1,35.2,57,28.9,0,54718,0,0
1/2/2009 10:50,213,0.1,0.1,35.2,57,28.9,0,54718,0,0
1/2/2009 11:00,213,0.1,0.1,35.6,55,28.9,0,54718,0,0
1/2/2009 11:10,213,0.1,0.1,36.1,55,28.9,0,54718,0,0
1/2/2009 11:20,213,0.1,0.1,36.5,54,28.9,0,54718,0,0
1/2/2009 11:30,213,0.1,0.1,36.5,52,28.9,0,54718,0,0
1/2/2009 11:40,213,0.1,0.1,36.3,52,28.9,0,54718,0,0
1/2/2009 11:50,213,0.1,0.1,36.3,53,28.9,0,54718,0,0
1/2/2009 12:00,213,0.1,0.1,35.6,58,28.9,0,54718,0,0
1/2/2009 12:10,213,0.1,0.1,35.4,58,28.9,0,54718,0,0
1/2/2009 12:20,213,0.1,0.1,35.4,59,28.9,0,54718,0,0
1/2/2009 12:30,213,0.1,0.1,34.7,63,28.9,0,54758,0,0
1/2/2009 12:40,213,0.1,0.1,34.3,66,28.9,0,54768,0,0
1/2/2009 12:50,213,0.1,0.1,33.4,70,28.9,0,54808,0,0
1/2/2009 13:00,213,0.1,0.1,33,70,28.9,0,54818,0,0
1/2/2009 13:10,213,0.1,0.1,32.9,70,28.9,0,54828,0,0
1/2/2009 13:20,213,0.1,0.1,32.7,70,28.9,0,54838,0,0
1/2/2009 13:30,213,0.1,0.1,32.5,67,28.9,0,54848,0,0
1/2/2009 13:40,213,0.1,0.1,32.5,68,28.9,0,54868,0,0
1/2/2009 13:50,213,0.1,0.1,32.7,65,28.9,0,54868,0,0
1/2/2009 14:00,213,0.1,0.1,32.7,66,28.9,0,54868,0,0
1/2/2009 14:10,213,0.1,0.1,32.7,68,28.9,0,54868,0,0
1/2/2009 14:20,213,0.1,0.1,32.5,70,28.9,0,54878,0,0
1/2/2009 14:30,213,0.1,0.1,32.3,67,28.9,0,54908,0,0
1/2/2009 14:40,213,0.1,0.1,32.5,68,28.9,0,54908,0,0
1/2/2009 14:50,213,0.1,0.1,32.5,66,28.9,0,54908,0,0
1/2/2009 15:00,213,0.1,0.1,32.3,67,28.9,0,54908,0,0
1/2/2009 15:10,213,0.1,0.1,32.3,65,28.9,0,54908,0,0
1/2/2009 15:20,213,0.1,0.1,32.1,66,28.9,0,54908,0,0
1/2/2009 15:30,213,0.1,0.1,32.1,67,28.9,0,54928,0,0
1/2/2009 15:40,213,0.1,0.1,32.1,67,28.9,0,54928,0,0
1/2/2009 15:50,213,0.1,0.1,32.1,65,28.9,0,54928,0,0
1/2/2009 16:00,213,0.1,0.1,32.3,65,28.9,0,54948,0,0
1/2/2009 16:10,213,0.1,0.1,32.1,65,28.9,0,54978,0,0
1/2/2009 16:20,213,0.1,0.1,32.1,66,28.9,0,55028,0,0
1/2/2009 16:30,213,0.1,0.1,29.7,73,29,0,55358,0,0
1/2/2009 16:40,213,0.1,0.1,29.9,70,29,0,55498,0,0
1/2/2009 16:50,213,0.1,0.1,29.9,66,29,0,55628,0.06,0.06
1/2/2009 17:00,213,0.1,0.1,29.7,66,29,0,55868,0,0
1/2/2009 17:10,213,0.1,0.1,29,66,29,0,56088,0,0
1/2/2009 17:20,213,0.1,0.1,28.4,63,29,0,56358,0.16,0.16
1/2/2009 17:30,213,0.1,0.1,28.3,66,29,0,56618,0,0
1/2/2009 17:40,213,0.1,0.1,27.7,63,29,0,56778,0,0
1/2/2009 17:50,213,0.1,0.1,27.5,64,29,0,56938,0.01,0.01
1/2/2009 18:00,213,0.1,0.1,26.8,64,29,0,57118,0,0
1/2/2009 18:10,213,0.1,0.1,26.8,61,29,0,57338,0,0
1/2/2009 18:20,213,0.1,0.1,26.8,59,29,0,57338,0,0
1/2/2009 18:30,213,0.1,0.1,26.6,62,29.1,0,57358,0,0
1/2/2009 18:40,213,0.1,0.1,26.5,63,29.1,0,57408,0,0
1/2/2009 18:50,213,0.1,0.1,26.3,60,29.1,0,57458,0,0
1/2/2009 19:00,213,0.1,0.1,26.1,64,29.1,0,57518,0,0
1/2/2009 19:10,213,0.1,0.1,25.9,61,29.1,0,57598,0,0
1/2/2009 19:20,213,0.1,0.1,25.9,64,29.1,0,57598,0,0
1/2/2009 19:30,213,0.1,0.1,25.7,62,29.1,0,57598,0,0
1/2/2009 19:40,213,0.1,0.1,25.6,64,29.1,0,57598,0,0
1/2/2009 19:50,213,0.1,0.1,25.7,64,29.1,0,57598,0,0
1/2/2009 20:00,213,0.1,0.1,25.7,64,29.1,0,57598,0,0
1/2/2009 20:10,213,0.1,0.1,25.6,65,29.1,0,57598,0,0
1/2/2009 20:20,213,0.1,0.1,25.7,66,29.1,0,57598,0,0
1/2/2009 20:30,213,0.1,0.1,25.6,66,29.1,0,57598,0,0
1/2/2009 20:40,213,0.1,0.1,25.6,66,29.1,0,57598,0,0
1/2/2009 20:50,213,0.1,0.1,25.6,66,29.1,0,57598,0,0
1/2/2009 21:00,213,0.1,0.1,25.6,68,29.1,0,57598,0,0
1/2/2009 21:10,213,0.1,0.1,25.4,67,29.1,0,57598,0,0
1/2/2009 21:20,213,0.1,0.1,25.6,69,29.1,0,57598,0,0
1/2/2009 21:30,213,0.1,0.1,25.6,68,29.1,0,57598,0,0
1/2/2009 21:40,213,0.1,0.1,25.6,70,29.1,0,57598,0,0
1/2/2009 21:50,213,0.1,0.1,25.6,71,29.1,0,57598,0,0
1/2/2009 22:00,213,0.1,0.1,25.7,71,29.1,0,57598,0,0
1/2/2009 22:10,213,0.1,0.1,25.6,72,29.1,0,57598,0,0
1/2/2009 22:20,213,0.1,0.1,25.7,73,29.1,0,57598,0,0
1/2/2009 22:30,213,0.1,0.1,25.6,74,29.1,0,57598,0,0
1/2/2009 22:40,213,0.1,0.1,25.6,72,29.1,0,57598,0,0
1/2/2009 22:50,213,0.1,0.1,25.6,74,29.1,0,57598,0,0
1/2/2009 23:00,213,0.1,0.1,25.6,74,29.2,0,57598,0,0
1/2/2009 23:10,213,0.1,0.1,25.6,74,29.2,0,57598,0,0
1/2/2009 23:20,213,0.1,0.1,25.6,74,29.2,0,57598,0,0
1/2/2009 23:30,213,0.1,0.1,25.6,74,29.2,0,57598,0,0
1/2/2009 23:40,213,0.1,0.1,25.6,73,29.2,0,57598,0,0
1/2/2009 23:50,213,0.1,0.1,25.7,74,29.2,0,57598,0,0
1/3/2009 0:00,213,0.1,0.1,25.7,73,29.2,0,57598,0,0
1/3/2009 0:10,213,0.1,0.1,25.9,74,29.2,0,57598,0,0
1/3/2009 0:20,213,0.1,0.1,25.9,74,29.2,0,57598,0,0
1/3/2009 0:30,213,0.1,0.1,26.1,74,29.2,0,57598,0,0
1/3/2009 0:40,213,0.1,0.1,26.1,74,29.2,0,57598,0,0
1/3/2009 0:50,213,0.1,0.1,26.3,74,29.2,0,57598,0,0
1/3/2009 1:00,213,0.1,0.1,26.1,73,29.2,0,57598,0,0
1/3/2009 1:10,213,0.1,0.1,26.3,73,29.2,0,57598,0,0
1/3/2009 1:20,213,0.1,0.1,26.1,74,29.2,0,57598,0,0
1/3/2009 1:30,213,0.1,0.1,26.1,74,29.2,0,57598,0,0
1/3/2009 1:40,213,0.1,0.1,25.9,75,29.2,0,57598,0,0
1/3/2009 1:50,213,0.1,0.1,25.9,73,29.2,0,57598,0,0
1/3/2009 2:00,213,0.1,0.1,25.9,72,29.2,0,57598,0,0
1/3/2009 2:10,213,0.1,0.1,25.9,73,29.2,0,57598,0,0
1/3/2009 2:20,213,0.1,0.1,25.9,76,29.2,0,57598,0,0
1/3/2009 2:30,213,0.1,0.1,25.9,76,29.2,0,57598,0,0
1/3/2009 2:40,213,0.1,0.1,26.1,77,29.2,0,57598,0,0
1/3/2009 2:50,213,0.1,0.1,26.1,76,29.2,0,57598,0,0
1/3/2009 3:00,213,0.1,0.1,26.3,76,29.2,0,57598,0,0
1/3/2009 3:10,213,0.1,0.1,26.1,77,29.2,0,57598,0,0
1/3/2009 3:20,213,0.1,0.1,26.3,77,29.2,0,57598,0,0
1/3/2009 3:30,213,0.1,0.1,26.3,78,29.2,0,57598,0,0
1/3/2009 3:40,213,0.1,0.1,26.3,77,29.2,0,57598,0,0
1/3/2009 3:50,213,0.1,0.1,26.5,76,29.2,0,57598,0,0
1/3/2009 4:00,213,0.1,0.1,26.5,78,29.2,0,57598,0,0
1/3/2009 4:10,213,0.1,0.1,26.3,77,29.3,0,57598,0,0
1/3/2009 4:20,213,0.1,0.1,26.5,77,29.3,0,57598,0,0
1/3/2009 4:30,213,0.1,0.1,26.3,76,29.3,0,57598,0,0
1/3/2009 4:40,213,0.1,0.1,26.5,77,29.3,0,57598,0,0
1/3/2009 4:50,213,0.1,0.1,26.5,77,29.3,0,57598,0,0
1/3/2009 5:00,213,0.1,0.1,26.5,76,29.3,0,57598,0,0
1/3/2009 5:10,213,0.1,0.1,26.3,75,29.3,0,57598,0,0
1/3/2009 5:20,213,0.1,0.1,26.5,75,29.3,0,57598,0,0
1/3/2009 5:30,213,0.1,0.1,26.5,72,29.3,0,57598,0,0
1/3/2009 5:40,213,0.1,0.1,26.6,71,29.3,0,57598,0,0
1/3/2009 5:50,213,0.1,0.1,26.6,69,29.3,0,57598,0,0
1/3/2009 6:00,213,0.1,0.1,26.6,71,29.3,0,57598,0,0
1/3/2009 6:10,213,0.1,0.1,26.6,72,29.3,0,57598,0,0
1/3/2009 6:20,213,0.1,0.1,26.5,76,29.3,0,57598,0,0
1/3/2009 6:30,213,0.1,0.1,26.6,75,29.3,0,57598,0,0
1/3/2009 6:40,213,0.1,0.1,26.3,74,29.3,0,57598,0,0
1/3/2009 6:50,213,0.1,0.1,26.3,75,29.3,0,57598,0,0
1/3/2009 7:00,213,0.1,0.1,26.3,76,29.3,0,57598,0,0
1/3/2009 7:10,213,0.1,0.1,26.3,74,29.3,0,57598,0,0
1/3/2009 7:20,213,0.1,0.1,26.3,75,29.3,0,57598,0,0
1/3/2009 7:30,213,0.1,0.1,26.3,74,29.3,0,57598,0,0
1/3/2009 7:40,213,0.1,0.1,26.5,74,29.3,0,57598,0,0
1/3/2009 7:50,213,0.1,0.1,26.5,75,29.3,0,57598,0,0
1/3/2009 8:00,213,0.1,0.1,26.5,78,29.3,0,57598,0,0
1/3/2009 8:10,213,0.1,0.1,26.6,77,29.3,0,57598,0,0
1/3/2009 8:20,213,0.1,0.1,26.5,78,29.3,0,57598,0,0
1/3/2009 8:30,213,0.1,0.1,26.6,78,29.3,0,57598,0,0
1/3/2009 8:40,213,0.1,0.1,26.8,77,29.3,0,57598,0,0
1/3/2009 8:50,213,0.1,0.1,26.8,77,29.3,0,57598,0,0
1/3/2009 9:00,213,0.1,0.1,26.8,76,29.3,0,57598,0,0
1/3/2009 9:10,213,0.1,0.1,26.6,77,29.3,0,57598,0,0
1/3/2009 9:20,213,0.1,0.1,26.8,77,29.3,0,57598,0,0
1/3/2009 9:30,213,0.1,0.1,27,74,29.3,0,57598,0,0
1/3/2009 9:40,213,0.1,0.1,28.1,71,29.3,0,57598,0,0
1/3/2009 9:50,213,0.1,0.1,27.7,72,29.3,0,57598,0,0
1/3/2009 10:00,213,0.1,0.1,27.2,72,29.3,0,57598,0,0
1/3/2009 10:10,213,0.1,0.1,27.2,73,29.3,0,57598,0,0
1/3/2009 10:20,213,0.1,0.1,27.5,74,29.3,0,57598,0,0
1/3/2009 10:30,213,0.1,0.1,27.5,71,29.3,0,57598,0,0
1/3/2009 10:40,213,0.1,0.1,27.5,73,29.3,0,57598,0,0
1/3/2009 10:50,213,0.1,0.1,27.7,74,29.3,0,57598,0,0
1/3/2009 11:00,213,0.1,0.1,28.3,71,29.3,0,57598,0,0
1/3/2009 11:10,213,0.1,0.1,28.1,71,29.3,0,57598,0,0
1/3/2009 11:20,213,0.1,0.1,28.4,72,29.3,0,57598,0,0
1/3/2009 11:30,213,0.1,0.1,28.6,71,29.3,0,57598,0,0
1/3/2009 11:40,213,0.1,0.1,28.4,71,29.3,0,57598,0,0
1/3/2009 11:50,213,0.1,0.1,28.6,70,29.3,0,57598,0,0
1/3/2009 12:00,213,0.1,0.1,28.6,71,29.3,0,57598,0,0
1/3/2009 12:10,213,0.1,0.1,28.6,73,29.3,0,57598,0,0
1/3/2009 12:20,213,0.1,0.1,28.4,72,29.3,0,57598,0,0
1/3/2009 12:30,213,0.1,0.1,28.6,72,29.3,0,57598,0,0
1/3/2009 12:40,213,0.1,0.1,28.8,71,29.3,0,57598,0,0
1/3/2009 12:50,213,0.1,0.1,28.4,73,29.3,0,57598,0,0
1/3/2009 13:00,213,0.1,0.1,28.4,72,29.3,0,57598,0,0
1/3/2009 13:10,213,0.1,0.1,28.6,72,29.3,0,57598,0,0
1/3/2009 13:20,213,0.1,0.1,28.6,71,29.3,0,57598,0,0
1/3/2009 13:30,213,0.1,0.1,28.4,72,29.3,0,57598,0,0
1/3/2009 13:40,213,0.1,0.1,28.6,72,29.3,0,57598,0,0
1/3/2009 13:50,213,0.1,0.1,28.6,70,29.3,0,57598,0,0
1/3/2009 14:00,213,0.1,0.1,28.6,71,29.3,0,57598,0,0
1/3/2009 14:10,213,0.1,0.1,28.3,71,29.3,0,57598,0,0
1/3/2009 14:20,213,0.1,0.1,28.3,71,29.3,0,57598,0,0
1/3/2009 14:30,213,0.1,0.1,28.3,70,29.3,0,57598,0,0
1/3/2009 14:40,213,0.1,0.1,28.1,71,29.3,0,57598,0,0
1/3/2009 14:50,213,0.1,0.1,28.1,71,29.3,0,57598,0,0
1/3/2009 15:00,213,0.1,0.1,27.9,71,29.3,0,57598,0,0
1/3/2009 15:10,213,0.1,0.1,27.5,72,29.3,0,57598,0,0
1/3/2009 15:20,213,0.1,0.1,27.5,72,29.3,0,57598,0,0
1/3/2009 15:30,213,0.1,0.1,27.4,73,29.3,0,57598,0,0
1/3/2009 15:40,213,0.1,0.1,27.2,73,29.3,0,57598,0,0
1/3/2009 15:50,213,0.1,0.1,27.5,72,29.4,0,57598,0,0
1/3/2009 16:00,213,0.1,0.1,27.4,73,29.4,0,57598,0,0
1/3/2009 16:10,213,0.1,0.1,27.2,73,29.4,0,57598,0,0
1/3/2009 16:20,213,0.1,0.1,27.2,74,29.4,0,57598,0,0
1/3/2009 16:30,213,0.1,0.1,26.8,74,29.4,0,57598,0,0
1/3/2009 16:40,213,0.1,0.1,27.2,73,29.4,0,57598,0,0
1/3/2009 16:50,213,0.1,0.1,27.4,73,29.4,0,57598,0,0
1/3/2009 17:00,213,0.1,0.1,27.5,72,29.4,0,57598,0,0
1/3/2009 17:10,213,0.1,0.1,27.5,72,29.4,0,57598,0,0
1/3/2009 17:20,213,0.1,0.1,27.5,72,29.4,0,57598,0,0
1/3/2009 17:30,213,0.1,0.1,27.4,72,29.4,0,57598,0,0
1/3/2009 17:40,213,0.1,0.1,27.2,73,29.4,0,57598,0,0
1/3/2009 17:50,213,0.1,0.1,27.2,73,29.4,0,57598,0,0
1/3/2009 18:00,213,0.1,0.1,27,74,29.4,0,57598,0,0
1/3/2009 18:10,213,0.1,0.1,26.5,75,29.4,0,57598,0,0
1/3/2009 18:20,213,0.1,0.1,25.7,77,29.3,0,57598,0,0
1/3/2009 18:30,213,0.1,0.1,25.6,77,29.3,0,57598,0,0
1/3/2009 18:40,213,0.1,0.1,25.4,77,29.3,0,57598,0,0
1/3/2009 18:50,213,0.1,0.1,25.2,77,29.3,0,57598,0,0
1/3/2009 19:00,213,0.1,0.1,25.2,77,29.3,0,57598,0,0
1/3/2009 19:10,213,0.1,0.1,25.4,77,29.3,0,57598,0,0
1/3/2009 19:20,213,0.1,0.1,25.2,76,29.3,0,57598,0,0
1/3/2009 19:30,213,0.1,0.1,25.2,76,29.3,0,57598,0,0
1/3/2009 19:40,213,0.1,0.1,25,76,29.3,0,57598,0,0
1/3/2009 19:50,213,0.1,0.1,25,76,29.3,0,57598,0,0
1/3/2009 20:00,213,0.1,0.1,25,76,29.3,0,57598,0,0
1/3/2009 20:10,213,0.1,0.1,25,76,29.3,0,57598,0,0
1/3/2009 20:20,213,0.1,0.1,25,75,29.3,0,57598,0,0
1/3/2009 20:30,213,0.1,0.1,25,75,29.3,0,57598,0,0
1/3/2009 20:40,213,0.1,0.1,25,75,29.3,0,57598,0,0
1/3/2009 20:50,213,0.1,0.1,24.8,75,29.3,0,57598,0,0
1/3/2009 21:00,213,0.1,0.1,24.8,75,29.3,0,57598,0,0
1/3/2009 21:10,213,0.1,0.1,25,75,29.3,0,57598,0,0
1/3/2009 21:20,213,0.1,0.1,25.2,74,29.3,0,57598,0,0
1/3/2009 21:30,213,0.1,0.1,25.2,74,29.3,0,57598,0,0
1/3/2009 21:40,213,0.1,0.1,25.2,74,29.3,0,57598,0,0
1/3/2009 21:50,213,0.1,0.1,25,74,29.3,0,57598,0,0
1/3/2009 22:00,213,0.1,0.1,24.8,74,29.3,0,57598,0,0
1/3/2009 22:10,213,0.1,0.1,24.8,74,29.3,0,57598,0,0
1/3/2009 22:20,213,0.1,0.1,25,74,29.3,0,57598,0,0
1/3/2009 22:30,213,0.1,0.1,25,74,29.3,0,57598,0,0
1/3/2009 22:40,213,0.1,0.1,24.8,74,29.3,0,57598,0,0
1/3/2009 22:50,213,0.1,0.1,24.7,75,29.3,0,57598,0,0
1/3/2009 23:00,213,0.1,0.1,24.7,74,29.3,0,57598,0,0
1/3/2009 23:10,213,0.1,0.1,24.3,75,29.3,0,57598,0,0
1/3/2009 23:20,213,0.1,0.1,24.3,75,29.3,0,57598,0,0
1/3/2009 23:30,213,0.1,0.1,24.1,75,29.3,0,57598,0,0
1/3/2009 23:40,213,0.1,0.1,24.1,75,29.3,0,57598,0,0
1/3/2009 23:50,213,0.1,0.1,24.1,75,29.3,0,57598,0,0
1/4/2009 0:00,213,0.1,0.1,24.3,74,29.3,0,57598,0,0
1/4/2009 0:10,213,0.1,0.1,24.1,75,29.3,0,57598,0,0
1/4/2009 0:20,213,0.1,0.1,24.1,75,29.3,0,57598,0,0
1/4/2009 0:30,213,0.1,0.1,24.1,74,29.3,0,57598,0,0
1/4/2009 0:40,213,0.1,0.1,24.1,74,29.3,0,57598,0,0
1/4/2009 0:50,213,0.1,0.1,24.1,74,29.3,0,57598,0,0
1/4/2009 1:00,213,0.1,0.1,24.8,73,29.3,0,57598,0,0
1/4/2009 1:10,213,0.1,0.1,23.8,74,29.3,0,57598,0,0
1/4/2009 1:20,213,0.1,0.1,23.8,74,29.3,0,57598,0,0
1/4/2009 1:30,213,0.1,0.1,23.2,75,29.3,0,57598,0,0
1/4/2009 1:40,213,0.1,0.1,23,76,29.3,0,57598,0,0
1/4/2009 1:50,213,0.1,0.1,23,76,29.3,0,57598,0,0
1/4/2009 2:00,213,0.1,0.1,22.5,77,29.3,0,57598,0,0
1/4/2009 2:10,213,0.1,0.1,22.5,77,29.3,0,57598,0,0
1/4/2009 2:20,213,0.1,0.1,22.5,77,29.3,0,57598,0,0
1/4/2009 2:30,213,0.1,0.1,22.5,76,29.3,0,57598,0,0
1/4/2009 2:40,213,0.1,0.1,22.7,76,29.3,0,57598,0,0
1/4/2009 2:50,213,0.1,0.1,22.5,76,29.2,0,57598,0,0
1/4/2009 3:00,213,0.1,0.1,22.1,77,29.2,0,57598,0,0
1/4/2009 3:10,213,0.1,0.1,22.3,76,29.2,0,57598,0,0
1/4/2009 3:20,213,0.1,0.1,22.5,75,29.2,0,57598,0,0
1/4/2009 3:30,213,0.1,0.1,22.5,75,29.2,0,57598,0,0
1/4/2009 3:40,213,0.1,0.1,22.3,76,29.2,0,57598,0,0
1/4/2009 3:50,213,0.1,0.1,22.3,75,29.2,0,57598,0,0
1/4/2009 4:00,213,0.1,0.1,22.9,72,29.2,0,57598,0,0
1/4/2009 4:10,213,0.1,0.1,23,71,29.2,0,57598,0,0
1/4/2009 4:20,213,0.1,0.1,23.4,69,29.2,0,57598,0,0
1/4/2009 4:30,213,0.1,0.1,23.8,67,29.2,0,57598,0,0
1/4/2009 4:40,213,0.1,0.1,24.1,65,29.2,0,57598,0,0
1/4/2009 4:50,213,0.1,0.1,24.8,62,29.2,0,57598,0,0
1/4/2009 5:00,213,0.1,0.1,24.8,61,29.2,0,57598,0,0
1/4/2009 5:10,213,0.1,0.1,25.2,60,29.2,0,57598,0,0
1/4/2009 5:20,213,0.1,0.1,25.6,59,29.2,0,57598,0,0
1/4/2009 5:30,213,0.1,0.1,25.7,57,29.2,0,57598,0,0
1/4/2009 5:40,213,0.1,0.1,25.7,59,29.2,0,57598,0,0
1/4/2009 5:50,213,0.1,0.1,26.1,56,29.2,0,57598,0,0
1/4/2009 6:00,213,0.1,0.1,26.5,54,29.2,0,57598,0,0
1/4/2009 6:10,213,0.1,0.1,26.8,54,29.2,0,57598,0,0
1/4/2009 6:20,213,0.1,0.1,27,53,29.2,0,57598,0,0
1/4/2009 6:30,213,0.1,0.1,27.4,52,29.2,0,57598,0,0
1/4/2009 6:40,213,0.1,0.1,27.9,51,29.2,0,57598,0,0
1/4/2009 6:50,213,0.1,0.1,28.1,50,29.2,0,57598,0,0
1/4/2009 7:00,213,0.1,0.1,28.6,51,29.2,0,57598,0,0
1/4/2009 7:10,213,0.1,0.1,29.2,50,29.2,0,57598,0,0
1/4/2009 7:20,213,0.1,0.1,29.9,48,29.2,0,57598,0,0
1/4/2009 7:30,213,0.1,0.1,30.8,49,29.2,0,57598,0,0
1/4/2009 7:40,213,0.1,0.1,30.4,48,29.2,0,57598,0,0
1/4/2009 7:50,213,0.1,0.1,31,48,29.2,0,57598,0,0
1/4/2009 8:00,213,0.1,0.1,31.1,47,29.2,0,57598,0,0
1/4/2009 8:10,213,0.1,0.1,31,48,29.2,0,57598,0,0
1/4/2009 8:20,213,0.1,0.1,32.3,43,29.2,0,57598,0,0
1/4/2009 8:30,213,0.1,0.1,33,41,29.2,0,57598,0,0
1/4/2009 8:40,213,0.1,0.1,34.5,37,29.2,0,57598,0,0
1/4/2009 8:50,213,0.1,0.1,32.9,44,29.2,0,57598,0,0
1/4/2009 9:00,213,0.1,0.1,32.3,46,29.2,0,57598,0,0
1/4/2009 9:10,213,0.1,0.1,33,48,29.2,0,57598,0,0
1/4/2009 9:20,213,0.1,0.1,33.2,49,29.2,0,57598,0,0
1/4/2009 9:30,213,0.1,0.1,35.7,39,29.1,0,57598,0,0
1/4/2009 9:40,213,0.1,0.1,35.9,39,29.2,0,57598,0,0
1/4/2009 9:50,213,0.1,0.1,35.7,36,29.1,0,57598,0,0
1/4/2009 10:00,213,0.1,0.1,35,42,29.1,0,57598,0,0
1/4/2009 10:10,213,0.1,0.1,34.5,49,29.1,0,57598,0,0
1/4/2009 10:20,213,0.1,0.1,33.8,48,29.1,0,57598,0,0
1/4/2009 10:30,213,0.1,0.1,33.9,48,29.1,0,57628,0,0
1/4/2009 10:40,213,0.1,0.1,35.2,47,29.1,0,57708,0,0
1/4/2009 10:50,213,0.1,0.1,34.7,57,29.1,0,57738,0,0
1/4/2009 11:00,213,0.1,0.1,34.3,58,29.1,0,57738,0,0
1/4/2009 11:10,213,0.1,0.1,33.8,58,29.1,0,57738,0,0
1/4/2009 11:20,213,0.1,0.1,35.4,51,29.1,0,57738,0,0
1/4/2009 11:30,213,0.1,0.1,34.7,54,29.1,0,57738,0,0
1/4/2009 11:40,213,0.1,0.1,34.1,60,29.1,0,57738,0,0
1/4/2009 11:50,213,0.1,0.1,34.1,60,29.1,0,57738,0,0
1/4/2009 12:00,213,0.1,0.1,34.1,59,29.1,0,57738,0,0
1/4/2009 12:10,213,0.1,0.1,34.3,59,29.1,0,57738,0,0
1/4/2009 12:20,213,0.1,0.1,34.8,58,29.1,0,57738,0,0
1/4/2009 12:30,213,0.1,0.1,35.6,58,29.1,0,57738,0,0
1/4/2009 12:40,213,0.1,0.1,38.1,55,29.1,0,57738,0,0
1/4/2009 12:50,213,0.1,0.1,40.4,55,29.1,0,57738,0,0
1/4/2009 13:00,213,0.1,0.1,42.9,53,29.1,0,57738,0,0
1/4/2009 13:10,213,0.1,0.1,43.7,52,29.1,0,57738,0,0
1/4/2009 13:20,213,0.1,0.1,43.8,53,29.1,0,57738,0,0
1/4/2009 13:30,213,0.1,0.1,43.7,54,29.1,0,57738,0,0
1/4/2009 13:40,213,0.1,0.1,43.7,55,29.1,0,57738,0,0
1/4/2009 13:50,213,0.1,0.1,40.2,58,29.1,0,57998,0.11,0.11
1/4/2009 14:00,213,0.1,0.1,38.4,68,29.1,0,58158,0,0
1/4/2009 14:10,213,0.1,0.1,38.3,73,29.1,0,58158,0,0
1/4/2009 14:20,213,0.1,0.1,39,78,29.1,0,58158,0,0
1/4/2009 14:30,213,0.1,0.1,39.2,81,29.1,0,58158,0,0
1/4/2009 14:40,213,0.1,0.1,40.1,84,29.1,0,58158,0,0
1/4/2009 14:50,213,0.1,0.1,40.6,85,29.1,0,58158,0,0
1/4/2009 15:00,213,0.1,0.1,40.8,86,29.1,0,58348,0,0
1/4/2009 15:10,213,0.1,0.1,40.8,88,29.1,0,58348,0,0
1/4/2009 15:20,213,0.1,0.1,41.1,88,29.1,0,58348,0,0
1/4/2009 15:30,213,0.1,0.1,41.3,88,29.1,0,58358,0,0
1/4/2009 15:40,213,0.1,0.1,41.3,89,29.1,0,58488,0,0
1/4/2009 15:50,213,0.1,0.1,41.5,89,29.1,0,58488,0,0
1/4/2009 16:00,213,0.1,0.1,41.5,90,29.1,0,58488,0,0
1/4/2009 16:10,213,0.1,0.1,41.9,91,29.1,0,58488,0,0
1/4/2009 16:20,213,0.1,0.1,42,91,29.1,0,58488,0,0
1/4/2009 16:30,213,0.1,0.1,42.2,91,29.1,0,58488,0,0
1/4/2009 16:40,213,0.1,0.1,42,91,29.1,0,58488,0,0
1/4/2009 16:50,213,0.1,0.1,41.9,91,29.1,0,58488,0,0
1/4/2009 17:00,213,0.1,0.1,41.7,92,29.1,0,58488,0,0
1/4/2009 17:10,213,0.1,0.1,41.3,92,29.1,0,58488,0,0
1/4/2009 17:20,213,0.1,0.1,41,92,29.1,0,58488,0,0
1/4/2009 17:30,213,0.1,0.1,39.5,92,29.1,0,58488,0,0
1/4/2009 17:40,213,0.1,0.1,38.1,92,29.1,0,58488,0,0
1/4/2009 17:50,213,0.1,0.1,37.4,92,29.1,0,58488,0,0
1/4/2009 18:00,213,0.1,0.1,36.6,92,29.1,0,58488,0,0
1/4/2009 18:10,213,0.1,0.1,36.1,93,29.1,0,58488,0,0
1/4/2009 18:20,213,0.1,0.1,35.6,93,29.1,0,58488,0,0
1/4/2009 18:30,213,0.1,0.1,35,93,29.1,0,58488,0,0
1/4/2009 18:40,213,0.1,0.1,34.7,93,29.1,0,58488,0,0
1/4/2009 18:50,213,0.1,0.1,34.5,93,29.1,0,58488,0,0
1/4/2009 19:00,213,0.1,0.1,34.3,94,29.1,0,58488,0,0
1/4/2009 19:10,213,0.1,0.1,34.1,94,29.1,0,58488,0,0
1/4/2009 19:20,213,0.1,0.1,34.1,94,29.1,0,58488,0,0
1/4/2009 19:30,213,0.1,0.1,33.9,94,29.2,0,58488,0,0
1/4/2009 19:40,213,0.1,0.1,33.8,94,29.2,0,58488,0,0
1/4/2009 19:50,213,0.1,0.1,33.8,94,29.2,0,58488,0,0
1/4/2009 20:00,213,0.1,0.1,33.8,94,29.2,0,58488,0,0
1/4/2009 20:10,213,0.1,0.1,33.8,94,29.2,0,58488,0,0
1/4/2009 20:20,213,0.1,0.1,33.6,94,29.2,0,58488,0,0
1/4/2009 20:30,213,0.1,0.1,33.6,94,29.2,0,58488,0,0
1/4/2009 20:40,213,0.1,0.1,33.6,94,29.2,0,58488,0,0
1/4/2009 20:50,213,0.1,0.1,33.8,94,29.2,0,58488,0,0
1/4/2009 21:00,213,0.1,0.1,33.8,94,29.2,0,58488,0,0
1/4/2009 21:10,213,0.1,0.1,33.8,94,29.2,0,58488,0,0
1/4/2009 21:20,213,0.1,0.1,33.8,94,29.2,0,58488,0,0
1/4/2009 21:30,213,0.1,0.1,33.8,94,29.2,0,58488,0,0
1/4/2009 21:40,213,0.1,0.1,33.8,94,29.2,0,58488,0,0
1/4/2009 21:50,213,0.1,0.1,33.8,93,29.2,0,58488,0,0
1/4/2009 22:00,213,0.1,0.1,33.9,93,29.2,0,58488,0,0
1/4/2009 22:10,213,0.1,0.1,33.9,93,29.2,0,58488,0,0
1/4/2009 22:20,213,0.1,0.1,34.1,92,29.2,0,58488,0,0
1/4/2009 22:30,213,0.1,0.1,34.1,92,29.2,0,58488,0,0
1/4/2009 22:40,213,0.1,0.1,34.1,91,29.2,0,58488,0,0
1/4/2009 22:50,213,0.1,0.1,34.3,91,29.2,0,58488,0,0
1/4/2009 23:00,213,0.1,0.1,34.1,91,29.2,0,58488,0,0
1/4/2009 23:10,213,0.1,0.1,34.3,92,29.2,0,58488,0,0
1/4/2009 23:20,213,0.1,0.1,34.1,92,29.2,0,58488,0,0
1/4/2009 23:30,213,0.1,0.1,34.1,93,29.2,0,58488,0,0
1/4/2009 23:40,213,0.1,0.1,33.9,93,29.2,0,58488,0,0
1/4/2009 23:50,213,0.1,0.1,33.9,93,29.2,0,58488,0,0
1/5/2009 0:00,213,0.1,0.1,33.8,93,29.2,0,58488,0,0
1/5/2009 0:10,213,0.1,0.1,33.8,93,29.2,0,58488,0,0
1/5/2009 0:20,213,0.1,0.1,33.8,93,29.2,0,58488,0,0
1/5/2009 0:30,213,0.1,0.1,33.9,92,29.2,0,58488,0,0
1/5/2009 0:40,213,0.1,0.1,33.8,91,29.2,0,58488,0,0
1/5/2009 0:50,213,0.1,0.1,33.9,89,29.2,0,58488,0,0
1/5/2009 1:00,213,0.1,0.1,34.1,88,29.2,0,58488,0,0
1/5/2009 1:10,213,0.1,0.1,33.9,89,29.2,0,58488,0,0
1/5/2009 1:20,213,0.1,0.1,33.8,89,29.2,0,58488,0,0
1/5/2009 1:30,213,0.1,0.1,33.6,86,29.2,0,58488,0,0
1/5/2009 1:40,213,0.1,0.1,33.6,85,29.2,0,58488,0,0
1/5/2009 1:50,213,0.1,0.1,33.4,84,29.2,0,58488,0,0
1/5/2009 2:00,213,0.1,0.1,33.4,81,29.2,0,58488,0,0
1/5/2009 2:10,213,0.1,0.1,33.4,81,29.2,0,58488,0,0
1/5/2009 2:20,213,0.1,0.1,33.2,80,29.2,0,58488,0,0
1/5/2009 2:30,213,0.1,0.1,32.9,81,29.2,0,58488,0,0
1/5/2009 2:40,213,0.1,0.1,32.7,83,29.2,0,58488,0,0
1/5/2009 2:50,213,0.1,0.1,32.5,82,29.2,0,58488,0,0
1/5/2009 3:00,213,0.1,0.1,32.3,84,29.2,0,58488,0,0
1/5/2009 3:10,213,0.1,0.1,32.3,81,29.2,0,58488,0,0
1/5/2009 3:20,213,0.1,0.1,32,78,29.2,0,58488,0,0
1/5/2009 3:30,213,0.1,0.1,32,78,29.2,0,58488,0,0
1/5/2009 3:40,213,0.1,0.1,31.7,77,29.2,0,58488,0,0
1/5/2009 3:50,213,0.1,0.1,31.5,74,29.2,0,58488,0,0
1/5/2009 4:00,213,0.1,0.1,31.3,75,29.2,0,58488,0,0
1/5/2009 4:10,213,0.1,0.1,31,76,29.2,0,58488,0,0
1/5/2009 4:20,213,0.1,0.1,30.8,75,29.2,0,58488,0,0
1/5/2009 4:30,213,0.1,0.1,30.4,73,29.2,0,58488,0,0
1/5/2009 4:40,213,0.1,0.1,30.2,72,29.2,0,58488,0,0
1/5/2009 4:50,213,0.1,0.1,30.1,70,29.2,0,58488,0,0
1/5/2009 5:00,213,0.1,0.1,30.1,72,29.2,0,58488,0,0
1/5/2009 5:10,213,0.1,0.1,29.9,73,29.3,0,58488,0,0
1/5/2009 5:20,213,0.1,0.1,29.9,73,29.3,0,58488,0,0
1/5/2009 5:30,213,0.1,0.1,29.7,70,29.3,0,58488,0,0
1/5/2009 5:40,213,0.1,0.1,29.5,69,29.3,0,58488,0,0
1/5/2009 5:50,213,0.1,0.1,29.5,68,29.3,0,58488,0,0
1/5/2009 6:00,213,0.1,0.1,29.7,66,29.3,0,58488,0,0
1/5/2009 6:10,213,0.1,0.1,29.5,72,29.3,0,58488,0,0
1/5/2009 6:20,213,0.1,0.1,29.3,68,29.3,0,58488,0,0
1/5/2009 6:30,213,0.1,0.1,29.3,66,29.3,0,58488,0,0
1/5/2009 6:40,213,0.1,0.1,29.3,66,29.3,0,58488,0,0
1/5/2009 6:50,213,0.1,0.1,29.2,63,29.3,0,58488,0,0
1/5/2009 7:00,213,0.1,0.1,29.2,62,29.3,0,58488,0,0
1/5/2009 7:10,213,0.1,0.1,29.3,64,29.3,0,58488,0,0
1/5/2009 7:20,213,0.1,0.1,29,62,29.3,0,58488,0,0
1/5/2009 7:30,213,0.1,0.1,28.8,59,29.3,0,58488,0,0
1/5/2009 7:40,213,0.1,0.1,28.8,57,29.3,0,58488,0,0
1/5/2009 7:50,213,0.1,0.1,29.2,63,29.3,0,58488,0,0
1/5/2009 8:00,213,0.1,0.1,29.2,63,29.3,0,58488,0,0
1/5/2009 8:10,213,0.1,0.1,28.8,62,29.3,0,58488,0,0
1/5/2009 8:20,213,0.1,0.1,28.8,56,29.3,0,58488,0,0
1/5/2009 8:30,213,0.1,0.1,28.6,59,29.3,0,58488,0,0
1/5/2009 8:40,213,0.1,0.1,28.8,58,29.3,0,58488,0,0
1/5/2009 8:50,213,0.1,0.1,28.6,58,29.3,0,58488,0,0
1/5/2009 9:00,213,0.1,0.1,29,58,29.3,0,58488,0,0
1/5/2009 9:10,213,0.1,0.1,28.8,57,29.3,0,58488,0,0
1/5/2009 9:20,213,0.1,0.1,28.4,53,29.3,0,58488,0,0
1/5/2009 9:30,213,0.1,0.1,28.4,57,29.3,0,58488,0,0
1/5/2009 9:40,213,0.1,0.1,28.6,55,29.3,0,58488,0,0
1/5/2009 9:50,213,0.1,0.1,28.8,54,29.3,0,58488,0,0
1/5/2009 10:00,213,0.1,0.1,28.6,59,29.3,0,58488,0,0
1/5/2009 10:10,213,0.1,0.1,28.8,59,29.3,0,58488,0,0
1/5/2009 10:20,213,0.1,0.1,28.8,57,29.3,0,58488,0,0
1/5/2009 10:30,213,0.1,0.1,28.6,59,29.3,0,58488,0,0
1/5/2009 10:40,213,0.1,0.1,28.4,56,29.3,0,58488,0,0
1/5/2009 10:50,213,0.1,0.1,28.3,57,29.2,0,58488,0,0
1/5/2009 11:00,213,0.1,0.1,28.6,55,29.2,0,58488,0,0
1/5/2009 11:10,213,0.1,0.1,28.4,59,29.2,0,58488,0,0
1/5/2009 11:20,213,0.1,0.1,28.3,59,29.2,0,58488,0,0
1/5/2009 11:30,213,0.1,0.1,28.3,59,29.2,0,58488,0,0
1/5/2009 11:40,213,0.1,0.1,28.3,62,29.2,0,58488,0,0
1/5/2009 11:50,213,0.1,0.1,28.3,60,29.2,0,58488,0,0
1/5/2009 12:00,213,0.1,0.1,28.1,60,29.2,0,58488,0,0
1/5/2009 12:10,213,0.1,0.1,27.9,59,29.2,0,58488,0,0
1/5/2009 12:20,213,0.1,0.1,28.1,64,29.2,0,58488,0,0
1/5/2009 12:30,213,0.1,0.1,28.3,57,29.2,0,58488,0,0
1/5/2009 12:40,213,0.1,0.1,28.4,61,29.2,0,58488,0,0
1/5/2009 12:50,213,0.1,0.1,28.4,60,29.2,0,58488,0,0
1/5/2009 13:00,213,0.1,0.1,28.3,62,29.2,0,58488,0,0
1/5/2009 13:10,213,0.1,0.1,28.1,61,29.2,0,58488,0,0
1/5/2009 13:20,213,0.1,0.1,28.3,59,29.2,0,58488,0,0
1/5/2009 13:30,213,0.1,0.1,28.3,61,29.2,0,58488,0,0
1/5/2009 13:40,213,0.1,0.1,28.1,63,29.2,0,58488,0,0
1/5/2009 13:50,213,0.1,0.1,28.1,63,29.2,0,58488,0,0
1/5/2009 14:00,213,0.1,0.1,28.3,63,29.2,0,58488,0,0
1/5/2009 14:10,213,0.1,0.1,28.1,64,29.2,0,58488,0,0
1/5/2009 14:20,213,0.1,0.1,27.9,64,29.2,0,58488,0,0
1/5/2009 14:30,213,0.1,0.1,27.9,64,29.2,0,58488,0,0
1/5/2009 14:40,213,0.1,0.1,27.7,62,29.2,0,58488,0,0
1/5/2009 14:50,213,0.1,0.1,27.7,65,29.2,0,58488,0,0
1/5/2009 15:00,213,0.1,0.1,27.7,65,29.2,0,58488,0,0
1/5/2009 15:10,213,0.1,0.1,27.7,66,29.2,0,58488,0,0
1/5/2009 15:20,213,0.1,0.1,27.5,61,29.2,0,58488,0,0
1/5/2009 15:30,213,0.1,0.1,27.5,64,29.2,0,58488,0,0
1/5/2009 15:40,213,0.1,0.1,27.7,66,29.2,0,58488,0,0
1/5/2009 15:50,213,0.1,0.1,27.7,66,29.2,0,58488,0,0
1/5/2009 16:00,213,0.1,0.1,27.5,67,29.2,0,58488,0,0
1/5/2009 16:10,213,0.1,0.1,27.5,65,29.2,0,58488,0,0
1/5/2009 16:20,213,0.1,0.1,27.5,65,29.2,0,58488,0,0
1/5/2009 16:30,213,0.1,0.1,27.7,68,29.2,0,58488,0,0
1/5/2009 16:40,213,0.1,0.1,27.4,66,29.2,0,58488,0,0
1/5/2009 16:50,213,0.1,0.1,26.5,68,29.2,0,58488,0,0
1/5/2009 17:00,213,0.1,0.1,26.1,70,29.2,0,58488,0,0
1/5/2009 17:10,213,0.1,0.1,25.9,70,29.2,0,58488,0,0
1/5/2009 17:20,213,0.1,0.1,25.7,70,29.2,0,58488,0,0
1/5/2009 17:30,213,0.1,0.1,25.7,70,29.2,0,58488,0,0
1/5/2009 17:40,213,0.1,0.1,25.6,70,29.2,0,58488,0,0
1/5/2009 17:50,213,0.1,0.1,25.4,70,29.2,0,58488,0,0
1/5/2009 18:00,213,0.1,0.1,25.2,70,29.2,0,58488,0,0
1/5/2009 18:10,213,0.1,0.1,25.2,70,29.2,0,58488,0,0
1/5/2009 18:20,213,0.1,0.1,25.2,68,29.2,0,58488,0,0
1/5/2009 18:30,213,0.1,0.1,25.2,67,29.2,0,58488,0,0
1/5/2009 18:40,213,0.1,0.1,25.2,67,29.2,0,58488,0,0
1/5/2009 18:50,213,0.1,0.1,25,67,29.2,0,58488,0,0
1/5/2009 19:00,213,0.1,0.1,24.8,67,29.2,0,58488,0,0
1/5/2009 19:10,213,0.1,0.1,24.7,67,29.2,0,58488,0,0
1/5/2009 19:20,213,0.1,0.1,24.5,68,29.2,0,58488,0,0
1/5/2009 19:30,213,0.1,0.1,24.5,68,29.2,0,58488,0,0
1/5/2009 19:40,213,0.1,0.1,24.3,68,29.2,0,58488,0,0
1/5/2009 19:50,213,0.1,0.1,24.1,68,29.2,0,58488,0,0
1/5/2009 20:00,213,0.1,0.1,24.1,68,29.2,0,58488,0,0
1/5/2009 20:10,213,0.1,0.1,24.1,68,29.2,0,58488,0,0
1/5/2009 20:20,213,0.1,0.1,24.1,66,29.2,0,58488,0,0
1/5/2009 20:30,213,0.1,0.1,24.1,66,29.2,0,58488,0,0
1/5/2009 20:40,213,0.1,0.1,24.1,65,29.2,0,58488,0,0
1/5/2009 20:50,213,0.1,0.1,24.1,65,29.2,0,58488,0,0
1/5/2009 21:00,213,0.1,0.1,24.1,65,29.2,0,58488,0,0
1/5/2009 21:10,213,0.1,0.1,23.9,66,29.2,0,58488,0,0
1/5/2009 21:20,213,0.1,0.1,23.9,65,29.2,0,58488,0,0
1/5/2009 21:30,213,0.1,0.1,23.9,65,29.2,0,58488,0,0
1/5/2009 21:40,213,0.1,0.1,23.8,65,29.2,0,58488,0,0
1/5/2009 21:50,213,0.1,0.1,23.6,64,29.2,0,58488,0,0
1/5/2009 22:00,213,0.1,0.1,23.6,65,29.2,0,58488,0,0
1/5/2009 22:10,213,0.1,0.1,23.6,65,29.2,0,58488,0,0
1/5/2009 22:20,213,0.1,0.1,23.2,66,29.2,0,58488,0,0
1/5/2009 22:30,213,0.1,0.1,23,66,29.2,0,58488,0,0
1/5/2009 22:40,213,0.1,0.1,23,67,29.2,0,58488,0,0
1/5/2009 22:50,213,0.1,0.1,23,67,29.2,0,58488,0,0
1/5/2009 23:00,213,0.1,0.1,23,67,29.1,0,58488,0,0
1/5/2009 23:10,213,0.1,0.1,22.9,66,29.1,0,58488,0,0
1/5/2009 23:20,213,0.1,0.1,22.9,66,29.1,0,58488,0,0
1/5/2009 23:30,213,0.1,0.1,22.9,65,29.1,0,58488,0,0
1/5/2009 23:40,213,0.1,0.1,22.9,64,29.1,0,58488,0,0
1/5/2009 23:50,213,0.1,0.1,23,63,29.1,0,58488,0,0
1/6/2009 0:00,213,0.1,0.1,23,62,29.1,0,58488,0,0
1/6/2009 0:10,213,0.1,0.1,23.2,62,29.1,0,58488,0,0
1/6/2009 0:20,213,0.1,0.1,23.4,61,29.1,0,58488,0,0
1/6/2009 0:30,213,0.1,0.1,23.4,61,29.1,0,58488,0,0
1/6/2009 0:40,213,0.1,0.1,23.2,61,29.1,0,58488,0,0
1/6/2009 0:50,213,0.1,0.1,23.2,61,29.1,0,58488,0,0
1/6/2009 1:00,213,0.1,0.1,23.6,60,29.1,0,58488,0,0
1/6/2009 1:10,213,0.1,0.1,23.6,60,29.1,0,58488,0,0
1/6/2009 1:20,213,0.1,0.1,23.6,59,29.1,0,58488,0,0
1/6/2009 1:30,213,0.1,0.1,23.4,60,29.1,0,58488,0,0
1/6/2009 1:40,213,0.1,0.1,23.4,59,29.1,0,58488,0,0
1/6/2009 1:50,213,0.1,0.1,23.6,59,29.1,0,58488,0,0
1/6/2009 2:00,213,0.1,0.1,23.6,59,29.1,0,58488,0,0
1/6/2009 2:10,213,0.1,0.1,23.2,59,29.1,0,58488,0,0
1/6/2009 2:20,213,0.1,0.1,23.2,59,29.1,0,58488,0,0
1/6/2009 2:30,213,0.1,0.1,23,60,29.1,0,58488,0,0
1/6/2009 2:40,213,0.1,0.1,22.5,60,29.1,0,58488,0,0
1/6/2009 2:50,213,0.1,0.1,22.5,61,29.1,0,58488,0,0
1/6/2009 3:00,213,0.1,0.1,22,61,29.1,0,58488,0,0
1/6/2009 3:10,213,0.1,0.1,21.8,62,29.1,0,58488,0,0
1/6/2009 3:20,213,0.1,0.1,21.4,63,29.1,0,58488,0,0
1/6/2009 3:30,213,0.1,0.1,21.2,63,29.1,0,58488,0,0
1/6/2009 3:40,213,0.1,0.1,21.4,62,29.1,0,58488,0,0
1/6/2009 3:50,213,0.1,0.1,21.4,61,29.1,0,58488,0,0
1/6/2009 4:00,213,0.1,0.1,21.6,59,29.1,0,58488,0,0
1/6/2009 4:10,213,0.1,0.1,21.6,59,29.1,0,58488,0,0
1/6/2009 4:20,213,0.1,0.1,21.8,58,29.1,0,58488,0,0
1/6/2009 4:30,213,0.1,0.1,21.6,58,29.1,0,58488,0,0
1/6/2009 4:40,213,0.1,0.1,21.6,59,29.1,0,58488,0,0
1/6/2009 4:50,213,0.1,0.1,21.6,59,29.1,0,58488,0,0
1/6/2009 5:00,213,0.1,0.1,21.8,59,29.1,0,58488,0,0
1/6/2009 5:10,213,0.1,0.1,21.8,59,29.1,0,58488,0,0
1/6/2009 5:20,213,0.1,0.1,21.8,59,29.1,0,58488,0,0
1/6/2009 5:30,213,0.1,0.1,22.1,58,29.1,0,58488,0,0
1/6/2009 5:40,213,0.1,0.1,22.1,57,29.1,0,58488,0,0
1/6/2009 5:50,213,0.1,0.1,22.1,57,29.1,0,58488,0,0
1/6/2009 6:00,213,0.1,0.1,22.1,56,29.1,0,58488,0,0
1/6/2009 6:10,213,0.1,0.1,22.3,56,29.1,0,58488,0,0
1/6/2009 6:20,213,0.1,0.1,22,57,29.1,0,58488,0,0
1/6/2009 6:30,213,0.1,0.1,22.3,57,29.1,0,58488,0,0
1/6/2009 6:40,213,0.1,0.1,22.9,57,29.1,0,58488,0,0
1/6/2009 6:50,213,0.1,0.1,23.8,55,29.1,0,58488,0,0
1/6/2009 7:00,213,0.1,0.1,24.3,55,29.1,0,58488,0,0
1/6/2009 7:10,213,0.1,0.1,24.8,53,29.1,0,58488,0,0
1/6/2009 7:20,213,0.1,0.1,25.4,53,29.1,0,58488,0,0
1/6/2009 7:30,213,0.1,0.1,25.4,52,29.1,0,58488,0,0
1/6/2009 7:40,213,0.1,0.1,25.7,52,29.1,0,58488,0,0
1/6/2009 7:50,213,0.1,0.1,26.1,51,29.1,0,58488,0,0
1/6/2009 8:00,213,0.1,0.1,26.5,51,29.1,0,58488,0,0
1/6/2009 8:10,213,0.1,0.1,26.8,48,29.1,0,58488,0,0
1/6/2009 8:20,213,0.1,0.1,26.1,50,29.1,0,58488,0,0
1/6/2009 8:30,213,0.1,0.1,26.5,49,29.1,0,58488,0,0
1/6/2009 8:40,213,0.1,0.1,26.8,49,29.1,0,58488,0,0
1/6/2009 8:50,213,0.1,0.1,26.8,50,29.1,0,58488,0,0
1/6/2009 9:00,213,0.1,0.1,27.4,48,29.1,0,58488,0,0
1/6/2009 9:10,213,0.1,0.1,27.7,45,29.1,0,58488,0,0
1/6/2009 9:20,213,0.1,0.1,28.1,44,29.1,0,58488,0,0
1/6/2009 9:30,213,0.1,0.1,28.1,44,29,0,58488,0,0
1/6/2009 9:40,213,0.1,0.1,28.4,42,29,0,58488,0,0
1/6/2009 9:50,213,0.1,0.1,29,39,29,0,58488,0,0
1/6/2009 10:00,213,0.1,0.1,29,40,29,0,58488,0,0
1/6/2009 10:10,213,0.1,0.1,29.2,41,29,0,58488,0,0
1/6/2009 10:20,213,0.1,0.1,29.3,40,29,0,58488,0,0
1/6/2009 10:30,213,0.1,0.1,29.5,42,29,0,58488,0,0
1/6/2009 10:40,213,0.1,0.1,29.3,45,29,0,58488,0,0
1/6/2009 10:50,213,0.1,0.1,29.3,48,29,0,58488,0,0
1/6/2009 11:00,213,0.1,0.1,29.5,47,29,0,58488,0,0
1/6/2009 11:10,213,0.1,0.1,29.9,48,28.9,0,58488,0,0
1/6/2009 11:20,213,0.1,0.1,30.4,42,29,0,58488,0,0
1/6/2009 11:30,213,0.1,0.1,30.8,38,28.9,0,58488,0,0
1/6/2009 11:40,213,0.1,0.1,31,40,28.9,0,58608,0,0
1/6/2009 11:50,213,0.1,0.1,31,42,28.9,0,58648,0,0
1/6/2009 12:00,213,0.1,0.1,31,47,28.9,0,58658,0,0
1/6/2009 12:10,213,0.1,0.1,30.8,53,28.9,0,58658,0,0
1/6/2009 12:20,213,0.1,0.1,30.6,56,28.9,0,58658,0,0
1/6/2009 12:30,213,0.1,0.1,30.4,56,28.9,0,58768,0,0
1/6/2009 12:40,213,0.1,0.1,30.4,56,28.9,0,58768,0,0
1/6/2009 12:50,213,0.1,0.1,29.9,57,28.9,0,58768,0,0
1/6/2009 13:00,213,0.1,0.1,29.7,59,28.9,0,58768,0,0
1/6/2009 13:10,213,0.1,0.1,29.9,59,28.9,0,58768,0,0
1/6/2009 13:20,213,0.1,0.1,30.1,58,28.9,0,58768,0,0
1/6/2009 13:30,213,0.1,0.1,29.9,61,28.9,0,58768,0,0
1/6/2009 13:40,213,0.1,0.1,29.3,64,28.9,0,58768,0,0
1/6/2009 13:50,213,0.1,0.1,29.2,66,28.9,0,58768,0,0
1/6/2009 14:00,213,0.1,0.1,28.8,69,28.9,0,58768,0,0
1/6/2009 14:10,213,0.1,0.1,27.9,77,28.9,0,58968,0,0
1/6/2009 14:20,213,0.1,0.1,27.5,81,28.9,0,58978,0,0
1/6/2009 14:30,213,0.1,0.1,27.5,80,28.9,0,59008,0,0
1/6/2009 14:40,213,0.1,0.1,27.7,81,28.9,0,59028,0,0
1/6/2009 14:50,213,0.1,0.1,27.7,81,28.8,0,59028,0,0
1/6/2009 15:00,213,0.1,0.1,27.9,80,28.8,0,59028,0,0
1/6/2009 15:10,213,0.1,0.1,28.3,77,28.8,0,59028,0,0
1/6/2009 15:20,213,0.1,0.1,28.8,74,28.9,0,59028,0,0
1/6/2009 15:30,213,0.1,0.1,29.2,73,28.9,0,59028,0,0
1/6/2009 15:40,213,0.1,0.1,29.5,71,28.8,0,59028,0,0
1/6/2009 15:50,213,0.1,0.1,29.7,71,28.8,0,59028,0,0
1/6/2009 16:00,213,0.1,0.1,29.9,71,28.8,0,59028,0,0
1/6/2009 16:10,213,0.1,0.1,29.9,71,28.8,0,59028,0,0
1/6/2009 16:20,213,0.1,0.1,30.1,71,28.8,0,59028,0,0
1/6/2009 16:30,213,0.1,0.1,30.1,72,28.8,0,59028,0,0
1/6/2009 16:40,213,0.1,0.1,30.2,72,28.8,0,59028,0,0
1/6/2009 16:50,213,0.1,0.1,30.4,73,28.8,0,59028,0,0
1/6/2009 17:00,213,0.1,0.1,30.4,74,28.8,0,59038,0,0
1/6/2009 17:10,213,0.1,0.1,30.2,76,28.8,0,59118,0,0
1/6/2009 17:20,213,0.1,0.1,30.2,78,28.8,0,59368,0,0
1/6/2009 17:30,213,0.1,0.1,30.2,80,28.8,0,59598,0,0
1/6/2009 17:40,213,0.1,0.1,30.2,82,28.8,0,59978,0,0
1/6/2009 17:50,213,0.1,0.1,30.2,82,28.7,0,60498,0.03,0.03
1/6/2009 18:00,213,0.1,0.1,30.4,83,28.8,0,60978,0,0
1/6/2009 18:10,213,0.1,0.1,30.6,83,28.7,0,61058,0,0
1/6/2009 18:20,213,0.1,0.1,30.8,83,28.7,0,61068,0,0
1/6/2009 18:30,213,0.1,0.1,31.1,83,28.7,0,61078,0,0
1/6/2009 18:40,213,0.1,0.1,31.3,83,28.7,0,61338,0.03,0.03
1/6/2009 18:50,213,0.1,0.1,31.3,84,28.7,0,61738,0,0
1/6/2009 19:00,213,0.1,0.1,31.7,85,28.7,0,62238,0.05,0.05
1/6/2009 19:10,213,0.1,0.1,31.9,86,28.7,0,62828,0.01,0.01
1/6/2009 19:20,213,0.1,0.1,31.7,87,28.7,0,63398,0,0
1/6/2009 19:30,213,0.1,0.1,31.9,89,28.7,0,63768,0,0
1/6/2009 19:40,213,0.1,0.1,31.9,89,28.7,0,63808,0,0
1/6/2009 19:50,213,0.1,0.1,32,89,28.7,0,63868,0,0
1/6/2009 20:00,213,0.1,0.1,32,89,28.7,0,64368,0.03,0.03
1/6/2009 20:10,213,0.1,0.1,31.3,90,28.7,0,64968,0.09,0.09
1/6/2009 20:20,213,0.1,0.1,31.7,92,28.7,0,32,0.12,0.12
1/6/2009 20:30,213,0.1,0.1,31.3,92,28.7,0,612,0.04,0.04
1/6/2009 20:40,213,0.1,0.1,31.5,92,28.7,0,1212,0.03,0.03
1/6/2009 20:50,213,0.1,0.1,31.5,93,28.7,0,1802,0.01,0.01
1/6/2009 21:00,213,0.1,0.1,31.5,93,28.7,0,2332,0.01,0.01
1/6/2009 21:10,213,0.1,0.1,31.7,93,28.7,0,2782,0,0
1/6/2009 21:20,213,0.1,0.1,31.7,93,28.7,0,3332,0.05,0.05
1/6/2009 21:30,213,0.1,0.1,31.7,93,28.6,0,3932,0.05,0.05
1/6/2009 21:40,213,0.1,0.1,31.9,93,28.6,0,4522,0.03,0.03
1/6/2009 21:50,213,0.1,0.1,32,93,28.6,0,5102,0.07,0.07
1/6/2009 22:00,213,0.1,0.1,32,94,28.6,0,5702,0.05,0.05
1/6/2009 22:10,213,0.1,0.1,32,94,28.6,0,6282,0.02,0.02
1/6/2009 22:20,213,0.1,0.1,32.1,94,28.6,0,6442,0,0
1/6/2009 22:30,213,0.1,0.1,32,94,28.6,0,6662,0,0
1/6/2009 22:40,213,0.1,0.1,32.1,94,28.6,0,7012,0,0
1/6/2009 22:50,213,0.1,0.1,32.1,94,28.6,0,7382,0.02,0.02
1/6/2009 23:00,213,0.1,0.1,32.3,94,28.6,0,7632,0,0
1/6/2009 23:10,213,0.1,0.1,32.5,94,28.6,0,7642,0,0
1/6/2009 23:20,213,0.1,0.1,32.5,94,28.6,0,7672,0,0
1/6/2009 23:30,213,0.1,0.1,32.9,94,28.6,0,7672,0,0
1/6/2009 23:40,213,0.1,0.1,33.4,93,28.6,0,7672,0,0
1/6/2009 23:50,213,0.1,0.1,33.4,93,28.6,0,7692,0,0
1/7/2009 0:00,213,0.1,0.1,33.6,93,28.5,0,8232,0.02,0.02
1/7/2009 0:10,213,0.1,0.1,33.4,93,28.5,0,8812,0.02,0.02
1/7/2009 0:20,213,0.1,0.1,33.4,93,28.5,0,9082,0,0
1/7/2009 0:30,213,0.1,0.1,34.1,93,28.6,0,9082,0,0
1/7/2009 0:40,213,0.1,0.1,34.5,92,28.5,0,9082,0,0
1/7/2009 0:50,213,0.1,0.1,33.9,91,28.5,0,9092,0,0
1/7/2009 1:00,213,0.1,0.1,33.8,92,28.5,0,9092,0,0
1/7/2009 1:10,213,0.1,0.1,34.7,92,28.5,0,9112,0,0
1/7/2009 1:20,213,0.1,0.1,34.8,92,28.5,0,9112,0,0
1/7/2009 1:30,213,0.1,0.1,34.7,92,28.5,0,9182,0.01,0.01
1/7/2009 1:40,213,0.1,0.1,34.5,92,28.5,0,9242,0,0
1/7/2009 1:50,213,0.1,0.1,33.4,93,28.5,0,9242,0,0
1/7/2009 2:00,213,0.1,0.1,34.1,93,28.5,0,9242,0,0
1/7/2009 2:10,213,0.1,0.1,33.9,94,28.5,0,9382,0.01,0.01
1/7/2009 2:20,213,0.1,0.1,34.5,94,28.5,0,9762,0,0
1/7/2009 2:30,213,0.1,0.1,33.2,94,28.4,0,9762,0,0
1/7/2009 2:40,213,0.1,0.1,33.4,94,28.4,0,9762,0,0
1/7/2009 2:50,213,0.1,0.1,34.1,94,28.4,0,9762,0,0
1/7/2009 3:00,213,0.1,0.1,35,94,28.5,0,9762,0,0
1/7/2009 3:10,213,0.1,0.1,35.4,94,28.4,0,9782,0,0
1/7/2009 3:20,213,0.1,0.1,35.2,94,28.4,0,10052,0,0
1/7/2009 3:30,213,0.1,0.1,35.6,93,28.4,0,10212,0,0
1/7/2009 3:40,213,0.1,0.1,35.7,93,28.4,0,10232,0,0
1/7/2009 3:50,213,0.1,0.1,36.5,92,28.4,0,10282,0.01,0.01
1/7/2009 4:00,213,0.1,0.1,36.5,91,28.4,0,10572,0,0
1/7/2009 4:10,213,0.1,0.1,36.5,91,28.4,0,10602,0,0
1/7/2009 4:20,213,0.1,0.1,36.6,90,28.4,0,10892,0.01,0.01
1/7/2009 4:30,213,0.1,0.1,36.8,89,28.4,0,10952,0,0
1/7/2009 4:40,213,0.1,0.1,36.6,89,28.4,0,11242,0,0
1/7/2009 4:50,213,0.1,0.1,36.6,90,28.4,0,11712,0,0
1/7/2009 5:00,213,0.1,0.1,36.8,90,28.4,0,11992,0.01,0.01
1/7/2009 5:10,213,0.1,0.1,36.8,89,28.4,0,12272,0,0
1/7/2009 5:20,213,0.1,0.1,36.8,89,28.4,0,12822,0.08,0.08
1/7/2009 5:30,213,0.1,0.1,36.6,90,28.4,0,13362,0.06,0.06
1/7/2009 5:40,213,0.1,0.1,36.3,91,28.4,0,13972,0.05,0.05
1/7/2009 5:50,213,0.1,0.1,35.4,92,28.4,0,14552,0.02,0.02
1/7/2009 6:00,213,0.1,0.1,35.6,92,28.4,0,15152,0.03,0.03
1/7/2009 6:10,213,0.1,0.1,35.9,93,28.4,0,15582,0.03,0.03
1/7/2009 6:20,213,0.1,0.1,36.1,92,28.4,0,16152,0,0
1/7/2009 6:30,213,0.1,0.1,36.3,91,28.3,0,16482,0,0
1/7/2009 6:40,213,0.1,0.1,36.8,90,28.4,0,16742,0.01,0.01
1/7/2009 6:50,213,0.1,0.1,37,89,28.3,0,16962,0,0
1/7/2009 7:00,213,0.1,0.1,37,89,28.3,0,17132,0,0
1/7/2009 7:10,213,0.1,0.1,36.6,89,28.3,0,17132,0,0
1/7/2009 7:20,213,0.1,0.1,36.3,90,28.3,0,17132,0,0
1/7/2009 7:30,213,0.1,0.1,35.7,90,28.3,0,17132,0,0
1/7/2009 7:40,213,0.1,0.1,35.2,91,28.3,0,17132,0,0
1/7/2009 7:50,213,0.1,0.1,35.2,92,28.3,0,17132,0,0
1/7/2009 8:00,213,0.1,0.1,35.6,92,28.3,0,17132,0,0
1/7/2009 8:10,213,0.1,0.1,35.7,92,28.3,0,17132,0,0
1/7/2009 8:20,213,0.1,0.1,35.6,92,28.3,0,17132,0,0
1/7/2009 8:30,213,0.1,0.1,35.6,92,28.3,0,17132,0,0
1/7/2009 8:40,213,0.1,0.1,35.4,91,28.3,0,17132,0,0
1/7/2009 8:50,213,0.1,0.1,35,91,28.3,0,17132,0,0
1/7/2009 9:00,213,0.1,0.1,33.8,92,28.3,0,17132,0,0
1/7/2009 9:10,213,0.1,0.1,33.2,92,28.3,0,17132,0,0
1/7/2009 9:20,213,0.1,0.1,32.9,93,28.3,0,17132,0,0
1/7/2009 9:30,213,0.1,0.1,32.9,93,28.3,0,17132,0,0
1/7/2009 9:40,213,0.1,0.1,32.9,93,28.3,0,17132,0,0
1/7/2009 9:50,213,0.1,0.1,32.5,93,28.3,0,17132,0,0
1/7/2009 10:00,213,0.1,0.1,32.5,93,28.3,0,17132,0,0
1/7/2009 10:10,213,0.1,0.1,32.5,94,28.3,0,17132,0,0
1/7/2009 10:20,213,0.1,0.1,33,94,28.3,0,17132,0,0
1/7/2009 10:30,213,0.1,0.1,33.6,92,28.3,0,17132,0,0
1/7/2009 10:40,213,0.1,0.1,33.4,90,28.3,0,17142,0,0
1/7/2009 10:50,213,0.1,0.1,33.2,91,28.3,0,17142,0,0
1/7/2009 11:00,213,0.1,0.1,32.7,91,28.3,0,17142,0,0
1/7/2009 11:10,213,0.1,0.1,32.5,91,28.3,0,17142,0,0
1/7/2009 11:20,213,0.1,0.1,32.3,90,28.3,0,17142,0,0
1/7/2009 11:30,213,0.1,0.1,32.1,90,28.3,0,17142,0,0
1/7/2009 11:40,213,0.1,0.1,32.1,89,28.3,0,17142,0,0
1/7/2009 11:50,213,0.1,0.1,32.1,89,28.3,0,17142,0,0
1/7/2009 12:00,213,0.1,0.1,33.2,82,28.3,0,17182,0,0
1/7/2009 12:10,213,0.1,0.1,33.4,80,28.3,0,17192,0,0
1/7/2009 12:20,213,0.1,0.1,32.7,86,28.3,0,17192,0,0
1/7/2009 12:30,213,0.1,0.1,32.3,89,28.3,0,17202,0,0
1/7/2009 12:40,213,0.1,0.1,31.9,91,28.3,0,17202,0,0
1/7/2009 12:50,213,0.1,0.1,31.7,92,28.3,0,17202,0,0
1/7/2009 13:00,213,0.1,0.1,31.5,93,28.3,0,17202,0,0
1/7/2009 13:10,213,0.1,0.1,31.5,93,28.3,0,17272,0,0
1/7/2009 13:20,213,0.1,0.1,31.5,94,28.3,0,17272,0,0
1/7/2009 13:30,213,0.1,0.1,31.5,94,28.3,0,17272,0,0
1/7/2009 13:40,213,0.1,0.1,31.7,94,28.3,0,17272,0,0
1/7/2009 13:50,213,0.1,0.1,31.7,94,28.3,0,17282,0,0
1/7/2009 14:00,213,0.1,0.1,31.1,94,28.3,0,17372,0,0
1/7/2009 14:10,213,0.1,0.1,30.8,94,28.3,0,17372,0,0
1/7/2009 14:20,213,0.1,0.1,31,94,28.3,0,17372,0,0
1/7/2009 14:30,213,0.1,0.1,31.1,94,28.3,0,17372,0,0
1/7/2009 14:40,213,0.1,0.1,31,94,28.3,0,17372,0,0
1/7/2009 14:50,213,0.1,0.1,31.1,94,28.3,0,17372,0,0
1/7/2009 15:00,213,0.1,0.1,31.1,94,28.3,0,17372,0,0
1/7/2009 15:10,213,0.1,0.1,30.6,94,28.3,0,17442,0,0
1/7/2009 15:20,213,0.1,0.1,30.4,94,28.3,0,17512,0,0
1/7/2009 15:30,213,0.1,0.1,30.6,94,28.3,0,17532,0,0
1/7/2009 15:40,213,0.1,0.1,30.8,93,28.3,0,17532,0,0
1/7/2009 15:50,213,0.1,0.1,31,93,28.3,0,17532,0,0
1/7/2009 16:00,213,0.1,0.1,30.6,92,28.3,0,17562,0,0
1/7/2009 16:10,213,0.1,0.1,30.6,92,28.3,0,17562,0,0
1/7/2009 16:20,213,0.1,0.1,30.4,91,28.3,0,17582,0,0
1/7/2009 16:30,213,0.1,0.1,30.4,90,28.3,0,17582,0,0
1/7/2009 16:40,213,0.1,0.1,30.4,90,28.3,0,17582,0,0
1/7/2009 16:50,213,0.1,0.1,30.4,90,28.3,0,17582,0,0
1/7/2009 17:00,213,0.1,0.1,30.2,90,28.4,0,17652,0,0
1/7/2009 17:10,213,0.1,0.1,30.2,90,28.3,0,17712,0,0
1/7/2009 17:20,213,0.1,0.1,30.2,91,28.4,0,17832,0,0
1/7/2009 17:30,213,0.1,0.1,30.4,90,28.4,0,17842,0,0
1/7/2009 17:40,213,0.1,0.1,30.4,89,28.3,0,17852,0,0
1/7/2009 17:50,213,0.1,0.1,30.4,88,28.4,0,17862,0,0
1/7/2009 18:00,213,0.1,0.1,30.8,86,28.4,0,17872,0,0
1/7/2009 18:10,213,0.1,0.1,30.8,86,28.4,0,17892,0,0
1/7/2009 18:20,213,0.1,0.1,30.6,87,28.4,0,17972,0,0
1/7/2009 18:30,213,0.1,0.1,30.6,87,28.3,0,18012,0,0
1/7/2009 18:40,213,0.1,0.1,30.6,87,28.4,0,18102,0,0
1/7/2009 18:50,213,0.1,0.1,31,84,28.4,0,18232,0,0
1/7/2009 19:00,213,0.1,0.1,30.8,85,28.4,0,18312,0,0
1/7/2009 19:10,213,0.1,0.1,30.4,88,28.4,0,18442,0,0
1/7/2009 19:20,213,0.1,0.1,30.2,89,28.4,0,18572,0,0
1/7/2009 19:30,213,0.1,0.1,30.6,86,28.4,0,18762,0,0
1/7/2009 19:40,213,0.1,0.1,30.6,86,28.4,0,19082,0,0
1/7/2009 19:50,213,0.1,0.1,30.6,84,28.4,0,19392,0.01,0.01
1/7/2009 20:00,213,0.1,0.1,30.2,86,28.4,0,19672,0,0
1/7/2009 20:10,213,0.1,0.1,30.1,87,28.4,0,19922,0,0
1/7/2009 20:20,213,0.1,0.1,30.2,87,28.4,0,20202,0.04,0.04
1/7/2009 20:30,213,0.1,0.1,30.6,88,28.4,0,20422,0,0
1/7/2009 20:40,213,0.1,0.1,30.4,88,28.4,0,20772,0,0
1/7/2009 20:50,213,0.1,0.1,30.6,87,28.4,0,21022,0,0
1/7/2009 21:00,213,0.1,0.1,30.8,87,28.4,0,21162,0,0
1/7/2009 21:10,213,0.1,0.1,30.6,85,28.4,0,21482,0.02,0.02
1/7/2009 21:20,213,0.1,0.1,30.8,85,28.4,0,21832,0,0
1/7/2009 21:30,213,0.1,0.1,30.8,86,28.4,0,22042,0,0
1/7/2009 21:40,213,0.1,0.1,30.6,86,28.4,0,22312,0,0
1/7/2009 21:50,213,0.1,0.1,30.8,84,28.4,0,22532,0,0
1/7/2009 22:00,213,0.1,0.1,30.8,84,28.4,0,22772,0,0
1/7/2009 22:10,213,0.1,0.1,30.8,84,28.4,0,23032,0,0
1/7/2009 22:20,213,0.1,0.1,30.1,85,28.4,0,23302,0.01,0.01
1/7/2009 22:30,213,0.1,0.1,30.1,84,28.4,0,23702,0,0
1/7/2009 22:40,213,0.1,0.1,29.7,84,28.4,0,23972,0.03,0.03
1/7/2009 22:50,213,0.1,0.1,29.5,84,28.4,0,24532,0.01,0.01
1/7/2009 23:00,213,0.1,0.1,29.2,84,28.4,0,24872,0.01,0.01
1/7/2009 23:10,213,0.1,0.1,29,83,28.4,0,25172,0,0
1/7/2009 23:20,213,0.1,0.1,28.8,83,28.4,0,25542,0,0
1/7/2009 23:30,213,0.1,0.1,28.4,82,28.4,0,25722,0,0
1/7/2009 23:40,213,0.1,0.1,28.3,81,28.4,0,25822,0,0
1/7/2009 23:50,213,0.1,0.1,28.1,81,28.5,0,25982,0,0
1/8/2009 0:00,213,0.1,0.1,28.1,81,28.5,0,26082,0,0
1/8/2009 0:10,213,0.1,0.1,27.9,80,28.5,0,26172,0,0
1/8/2009 0:20,213,0.1,0.1,27.7,81,28.5,0,26292,0,0
1/8/2009 0:30,213,0.1,0.1,27.7,81,28.5,0,26362,0,0
1/8/2009 0:40,213,0.1,0.1,27.4,82,28.5,0,26362,0,0
1/8/2009 0:50,213,0.1,0.1,27,82,28.5,0,26392,0,0
1/8/2009 1:00,213,0.1,0.1,27,81,28.5,0,26452,0,0
1/8/2009 1:10,213,0.1,0.1,26.6,81,28.5,0,26532,0,0
1/8/2009 1:20,213,0.1,0.1,26.6,80,28.5,0,26582,0,0
1/8/2009 1:30,213,0.1,0.1,26.5,81,28.5,0,26642,0,0
1/8/2009 1:40,213,0.1,0.1,26.3,80,28.5,0,26712,0,0
1/8/2009 1:50,213,0.1,0.1,25.9,80,28.5,0,26732,0,0
1/8/2009 2:00,213,0.1,0.1,25.7,81,28.5,0,26762,0,0
1/8/2009 2:10,213,0.1,0.1,25.6,81,28.5,0,26802,0,0
1/8/2009 2:20,213,0.1,0.1,25.2,82,28.5,0,26872,0,0
1/8/2009 2:30,213,0.1,0.1,25,82,28.5,0,26902,0,0
1/8/2009 2:40,213,0.1,0.1,24.8,82,28.5,0,26902,0,0
1/8/2009 2:50,213,0.1,0.1,24.7,83,28.5,0,26912,0,0
1/8/2009 3:00,213,0.1,0.1,24.5,83,28.5,0,26952,0,0
1/8/2009 3:10,213,0.1,0.1,24.3,83,28.5,0,26952,0,0
1/8/2009 3:20,213,0.1,0.1,24.1,84,28.5,0,26952,0,0
1/8/2009 3:30,213,0.1,0.1,23.8,84,28.5,0,26952,0,0
1/8/2009 3:40,213,0.1,0.1,23.8,84,28.5,0,26962,0,0
1/8/2009 3:50,213,0.1,0.1,23.6,85,28.5,0,26962,0,0
1/8/2009 4:00,213,0.1,0.1,23.6,86,28.5,0,26972,0,0
1/8/2009 4:10,213,0.1,0.1,23.6,86,28.5,0,26982,0,0
1/8/2009 4:20,213,0.1,0.1,23.4,87,28.5,0,26992,0,0
1/8/2009 4:30,213,0.1,0.1,23.6,88,28.6,0,27022,0,0
1/8/2009 4:40,213,0.1,0.1,23.6,88,28.6,0,27062,0,0
1/8/2009 4:50,213,0.1,0.1,23.8,88,28.6,0,27122,0,0
1/8/2009 5:00,213,0.1,0.1,24.3,87,28.5,0,27132,0,0
1/8/2009 5:10,213,0.1,0.1,24.5,86,28.6,0,27152,0,0
1/8/2009 5:20,213,0.1,0.1,24.5,86,28.6,0,27172,0,0
1/8/2009 5:30,213,0.1,0.1,24.3,87,28.6,0,27212,0,0
1/8/2009 5:40,213,0.1,0.1,24.1,88,28.6,0,27212,0,0
1/8/2009 5:50,213,0.1,0.1,23.9,89,28.6,0,27212,0,0
1/8/2009 6:00,213,0.1,0.1,23.9,89,28.6,0,27222,0,0
1/8/2009 6:10,213,0.1,0.1,25.4,90,28.6,0,27392,0.12,0.12
1/8/2009 6:20,213,0.1,0.1,26.6,86,28.6,0,27752,0.01,0.01
1/8/2009 6:30,213,0.1,0.1,25.7,87,28.6,0,28182,0.02,0.02
1/8/2009 6:40,213,0.1,0.1,25.7,89,28.6,0,28692,0.02,0.02
1/8/2009 6:50,213,0.1,0.1,25.7,91,28.6,0,29102,0,0
1/8/2009 7:00,213,0.1,0.1,24.8,88,28.6,0,29562,0,0
1/8/2009 7:10,213,0.1,0.1,25.6,87,28.6,0,29812,0,0
1/8/2009 7:20,213,0.1,0.1,25.7,83,28.6,0,29942,0,0
1/8/2009 7:30,213,0.1,0.1,26.3,80,28.7,0,30092,0,0
1/8/2009 7:40,213,0.1,0.1,26.1,78,28.7,0,30392,0,0
1/8/2009 7:50,213,0.1,0.1,25.7,80,28.7,0,30592,0,0
1/8/2009 8:00,213,0.1,0.1,25.6,80,28.7,0,30612,0,0
1/8/2009 8:10,213,0.1,0.1,25.7,80,28.7,0,30682,0,0
1/8/2009 8:20,213,0.1,0.1,25.6,80,28.7,0,30762,0,0
1/8/2009 8:30,213,0.1,0.1,25.4,83,28.7,0,30822,0,0
1/8/2009 8:40,213,0.1,0.1,25.6,80,28.7,0,30902,0,0
1/8/2009 8:50,213,0.1,0.1,25.7,81,28.7,0,30932,0,0
1/8/2009 9:00,213,0.1,0.1,25.9,75,28.7,0,30962,0,0
1/8/2009 9:10,213,0.1,0.1,26.1,78,28.7,0,30972,0,0
1/8/2009 9:20,213,0.1,0.1,26.1,75,28.7,0,30972,0,0
1/8/2009 9:30,213,0.1,0.1,26.3,77,28.7,0,30972,0,0
1/8/2009 9:40,213,0.1,0.1,26.3,77,28.7,0,31002,0,0
1/8/2009 9:50,213,0.1,0.1,25.7,78,28.7,0,31002,0,0
1/8/2009 10:00,213,0.1,0.1,25.6,80,28.7,0,31042,0,0
1/8/2009 10:10,213,0.1,0.1,25.6,81,28.7,0,31052,0,0
1/8/2009 10:20,213,0.1,0.1,25.6,78,28.7,0,31052,0,0
1/8/2009 10:30,213,0.1,0.1,25.4,81,28.7,0,31072,0,0
1/8/2009 10:40,213,0.1,0.1,25.4,82,28.7,0,31082,0,0
1/8/2009 10:50,213,0.1,0.1,25.4,84,28.7,0,31102,0,0
1/8/2009 11:00,213,0.1,0.1,25.4,84,28.7,0,31102,0,0
1/8/2009 11:10,213,0.1,0.1,25.6,83,28.7,0,31122,0,0
1/8/2009 11:20,213,0.1,0.1,25.4,82,28.7,0,31162,0,0
1/8/2009 11:30,213,0.1,0.1,25.9,81,28.7,0,31172,0,0
1/8/2009 11:40,213,0.1,0.1,25.9,80,28.7,0,31202,0,0
1/8/2009 11:50,213,0.1,0.1,25.9,82,28.7,0,31202,0,0
1/8/2009 12:00,213,0.1,0.1,25.7,80,28.8,0,31252,0,0
1/8/2009 12:10,213,0.1,0.1,26.1,79,28.8,0,31252,0,0
1/8/2009 12:20,213,0.1,0.1,26.3,79,28.8,0,31262,0,0
1/8/2009 12:30,213,0.1,0.1,26.3,77,28.8,0,31272,0,0
1/8/2009 12:40,213,0.1,0.1,26.3,76,28.8,0,31272,0,0
1/8/2009 12:50,213,0.1,0.1,26.3,78,28.8,0,31272,0,0
1/8/2009 13:00,213,0.1,0.1,26.3,79,28.8,0,31272,0,0
1/8/2009 13:10,213,0.1,0.1,26.6,77,28.8,0,31292,0,0
1/8/2009 13:20,213,0.1,0.1,26.8,77,28.8,0,31292,0,0
1/8/2009 13:30,213,0.1,0.1,26.8,74,28.8,0,31292,0,0
1/8/2009 13:40,213,0.1,0.1,27,76,28.8,0,31292,0,0
1/8/2009 13:50,213,0.1,0.1,27.2,75,28.8,0,31302,0,0
1/8/2009 14:00,213,0.1,0.1,27.2,74,28.8,0,31312,0,0
1/8/2009 14:10,213,0.1,0.1,27.2,71,28.8,0,31322,0,0
1/8/2009 14:20,213,0.1,0.1,27,72,28.8,0,31322,0,0
1/8/2009 14:30,213,0.1,0.1,27.2,75,28.8,0,31322,0,0
1/8/2009 14:40,213,0.1,0.1,27.2,73,28.9,0,31332,0,0
1/8/2009 14:50,213,0.1,0.1,27.2,70,28.9,0,31332,0,0
1/8/2009 15:00,213,0.1,0.1,27.2,73,28.9,0,31332,0,0
1/8/2009 15:10,213,0.1,0.1,27.4,69,28.9,0,31332,0,0
1/8/2009 15:20,213,0.1,0.1,27.5,69,28.9,0,31342,0,0
1/8/2009 15:30,213,0.1,0.1,27.4,68,28.9,0,31342,0,0
1/8/2009 15:40,213,0.1,0.1,27.4,68,28.9,0,31342,0,0
1/8/2009 15:50,213,0.1,0.1,27.2,68,28.9,0,31342,0,0
1/8/2009 16:00,213,0.1,0.1,27.2,64,28.9,0,31342,0,0
1/8/2009 16:10,213,0.1,0.1,27.2,62,28.9,0,31342,0,0
1/8/2009 16:20,213,0.1,0.1,27.4,63,28.9,0,31352,0,0
1/8/2009 16:30,213,0.1,0.1,27.4,57,28.9,0,31382,0,0
1/8/2009 16:40,213,0.1,0.1,27.4,55,28.9,0,31412,0,0
1/8/2009 16:50,213,0.1,0.1,27.4,54,28.9,0,31422,0,0
1/8/2009 17:00,213,0.1,0.1,27.5,53,28.9,0,31422,0,0
1/8/2009 17:10,213,0.1,0.1,27.7,52,28.9,0,31422,0,0
1/8/2009 17:20,213,0.1,0.1,27.9,52,28.9,0,31442,0,0
1/8/2009 17:30,213,0.1,0.1,28.1,50,28.9,0,31462,0,0
1/8/2009 17:40,213,0.1,0.1,28.3,55,29,0,31462,0,0
1/8/2009 17:50,213,0.1,0.1,28.3,52,29,0,31502,0,0
1/8/2009 18:00,213,0.1,0.1,28.1,52,29,0,31532,0,0
1/8/2009 18:10,213,0.1,0.1,28.1,55,29,0,31552,0,0
1/8/2009 18:20,213,0.1,0.1,27.9,53,29,0,31592,0,0
1/8/2009 18:30,213,0.1,0.1,27.5,50,29,0,31592,0,0
1/8/2009 18:40,213,0.1,0.1,27.4,54,29,0,31592,0,0
1/8/2009 18:50,213,0.1,0.1,27.5,60,29,0,31592,0,0
1/8/2009 19:00,213,0.1,0.1,27.7,64,29,0,31592,0,0
1/8/2009 19:10,213,0.1,0.1,27.7,64,29,0,31592,0,0
1/8/2009 19:20,213,0.1,0.1,27.7,64,29,0,31592,0,0
1/8/2009 19:30,213,0.1,0.1,27.9,66,29,0,31592,0,0
1/8/2009 19:40,213,0.1,0.1,27.9,66,29,0,31592,0,0
1/8/2009 19:50,213,0.1,0.1,28.1,68,29,0,31592,0,0
1/8/2009 20:00,213,0.1,0.1,28.3,67,29,0,31592,0,0
1/8/2009 20:10,213,0.1,0.1,28.3,66,29,0,31592,0,0
1/8/2009 20:20,213,0.1,0.1,28.4,69,29,0,31592,0,0
1/8/2009 20:30,213,0.1,0.1,29,66,29,0,31592,0,0
1/8/2009 20:40,213,0.1,0.1,28.8,69,29,0,31592,0,0
1/8/2009 20:50,213,0.1,0.1,28.6,69,29,0,31592,0,0
1/8/2009 21:00,213,0.1,0.1,28.4,74,29,0,31592,0,0
1/8/2009 21:10,213,0.1,0.1,28.6,76,29,0,31592,0,0
1/8/2009 21:20,213,0.1,0.1,28.6,75,29,0,31592,0,0
1/8/2009 21:30,213,0.1,0.1,27.4,87,29,0,31592,0,0
1/8/2009 21:40,213,0.1,0.1,26.3,89,29,0,31612,0,0
1/8/2009 21:50,213,0.1,0.1,25.7,90,29,0,31662,0,0
1/8/2009 22:00,213,0.1,0.1,25.7,91,29,0,31662,0,0
1/8/2009 22:10,213,0.1,0.1,25.7,91,29,0,31892,0,0
1/8/2009 22:20,213,0.1,0.1,25.7,92,29,0,31972,0.01,0.01
1/8/2009 22:30,213,0.1,0.1,26.5,92,29,0,32072,0.01,0.01
1/8/2009 22:40,213,0.1,0.1,27,92,29,0,32112,0,0
1/8/2009 22:50,213,0.1,0.1,26.5,92,29,0,32142,0,0
1/8/2009 23:00,213,0.1,0.1,26.6,92,29,0,32192,0,0
1/8/2009 23:10,213,0.1,0.1,26.3,92,29,0,32192,0,0
1/8/2009 23:20,213,0.1,0.1,25.9,91,29,0,32192,0,0
1/8/2009 23:30,213,0.1,0.1,25.9,91,29,0,32192,0,0
1/8/2009 23:40,213,0.1,0.1,25.9,91,29,0,32192,0,0
1/8/2009 23:50,213,0.1,0.1,25.7,91,29,0,32252,0,0
1/9/2009 0:00,213,0.1,0.1,25.7,91,29,0,32352,0,0
1/9/2009 0:10,213,0.1,0.1,26.5,92,29,0,32352,0,0
1/9/2009 0:20,213,0.1,0.1,27.4,87,29,0,32352,0,0
1/9/2009 0:30,213,0.1,0.1,27.7,82,29,0,32412,0,0
1/9/2009 0:40,213,0.1,0.1,26.1,88,29,0,32512,0,0
1/9/2009 0:50,213,0.1,0.1,25.6,90,29.1,0,32562,0,0
1/9/2009 1:00,213,0.1,0.1,25.4,89,29.1,0,32562,0,0
1/9/2009 1:10,213,0.1,0.1,25.6,90,29.1,0,32582,0,0
1/9/2009 1:20,213,0.1,0.1,24.8,90,29.1,0,32632,0,0
1/9/2009 1:30,213,0.1,0.1,24.1,90,29.1,0,32812,0,0
1/9/2009 1:40,213,0.1,0.1,24.1,91,29.1,0,33042,0,0
1/9/2009 1:50,213,0.1,0.1,24.1,90,29.1,0,33042,0,0
1/9/2009 2:00,213,0.1,0.1,23.9,91,29.1,0,33042,0,0
1/9/2009 2:10,213,0.1,0.1,23.8,91,29.1,0,33042,0,0
1/9/2009 2:20,213,0.1,0.1,23.9,90,29.1,0,33042,0,0
1/9/2009 2:30,213,0.1,0.1,23.9,90,29.1,0,33052,0,0
1/9/2009 2:40,213,0.1,0.1,24.5,90,29.1,0,33052,0,0
1/9/2009 2:50,213,0.1,0.1,23.9,90,29.1,0,33082,0,0
1/9/2009 3:00,213,0.1,0.1,25.4,92,29.1,0,33162,0,0
1/9/2009 3:10,213,0.1,0.1,25.7,91,29.1,0,33242,0,0
1/9/2009 3:20,213,0.1,0.1,25.9,87,29.1,0,33292,0,0
1/9/2009 3:30,213,0.1,0.1,25.9,83,29.1,0,33342,0,0
1/9/2009 3:40,213,0.1,0.1,25.9,85,29.1,0,33352,0,0
1/9/2009 3:50,213,0.1,0.1,25.7,85,29.1,0,33352,0,0
1/9/2009 4:00,213,0.1,0.1,24.5,86,29.1,0,33352,0,0
1/9/2009 4:10,213,0.1,0.1,23.6,86,29.1,0,33352,0,0
1/9/2009 4:20,213,0.1,0.1,23.4,86,29.1,0,33352,0,0
1/9/2009 4:30,213,0.1,0.1,23.8,86,29.1,0,33352,0,0
1/9/2009 4:40,213,0.1,0.1,23.8,85,29.2,0,33352,0,0
1/9/2009 4:50,213,0.1,0.1,23.4,86,29.2,0,33352,0,0
1/9/2009 5:00,213,0.1,0.1,23.6,87,29.2,0,33352,0,0
1/9/2009 5:10,213,0.1,0.1,23.6,87,29.2,0,33352,0,0
1/9/2009 5:20,213,0.1,0.1,23.2,86,29.2,0,33352,0,0
1/9/2009 5:30,213,0.1,0.1,23,86,29.2,0,33352,0,0
1/9/2009 5:40,213,0.1,0.1,22.9,87,29.2,0,33352,0,0
1/9/2009 5:50,213,0.1,0.1,22.9,87,29.2,0,33352,0,0
1/9/2009 6:00,213,0.1,0.1,22.7,88,29.2,0,33352,0,0
1/9/2009 6:10,213,0.1,0.1,22.7,88,29.2,0,33352,0,0
1/9/2009 6:20,213,0.1,0.1,22.7,88,29.2,0,33352,0,0
1/9/2009 6:30,213,0.1,0.1,22.5,88,29.2,0,33352,0,0
1/9/2009 6:40,213,0.1,0.1,22.5,87,29.2,0,33352,0,0
1/9/2009 6:50,213,0.1,0.1,22.5,87,29.2,0,33362,0,0
1/9/2009 7:00,213,0.1,0.1,22.3,88,29.2,0,33362,0,0
1/9/2009 7:10,213,0.1,0.1,22.3,87,29.2,0,33362,0,0
1/9/2009 7:20,213,0.1,0.1,22.1,87,29.2,0,33362,0,0
1/9/2009 7:30,213,0.1,0.1,22,88,29.2,0,33362,0,0
1/9/2009 7:40,213,0.1,0.1,21.8,88,29.2,0,33362,0,0
1/9/2009 7:50,213,0.1,0.1,21.8,88,29.2,0,33362,0,0
1/9/2009 8:00,213,0.1,0.1,21.8,88,29.2,0,33362,0,0
1/9/2009 8:10,213,0.1,0.1,21.8,88,29.3,0,33362,0,0
1/9/2009 8:20,213,0.1,0.1,22,88,29.2,0,33362,0,0
1/9/2009 8:30,213,0.1,0.1,22,88,29.3,0,33362,0,0
1/9/2009 8:40,213,0.1,0.1,21.8,89,29.3,0,33362,0,0
1/9/2009 8:50,213,0.1,0.1,21.8,89,29.3,0,33362,0,0
1/9/2009 9:00,213,0.1,0.1,21.8,90,29.3,0,33362,0,0
1/9/2009 9:10,213,0.1,0.1,22,90,29.3,0,33362,0,0
1/9/2009 9:20,213,0.1,0.1,22,90,29.3,0,33372,0,0
1/9/2009 9:30,213,0.1,0.1,22.3,89,29.3,0,33372,0,0
1/9/2009 9:40,213,0.1,0.1,22.5,87,29.3,0,33372,0,0
1/9/2009 9:50,213,0.1,0.1,22.7,87,29.3,0,33372,0,0
1/9/2009 10:00,213,0.1,0.1,22.9,87,29.3,0,33372,0,0
1/9/2009 10:10,213,0.1,0.1,23,86,29.2,0,33372,0,0
1/9/2009 10:20,213,0.1,0.1,22.9,87,29.2,0,33372,0,0
1/9/2009 10:30,213,0.1,0.1,22.9,87,29.2,0,33372,0,0
1/9/2009 10:40,213,0.1,0.1,22.9,87,29.2,0,33372,0,0
1/9/2009 10:50,213,0.1,0.1,23.2,88,29.2,0,33372,0,0
1/9/2009 11:00,213,0.1,0.1,23.2,88,29.2,0,33372,0,0
1/9/2009 11:10,213,0.1,0.1,23.4,89,29.2,0,33372,0,0
1/9/2009 11:20,213,0.1,0.1,23.6,88,29.2,0,33372,0,0
1/9/2009 11:30,213,0.1,0.1,23.8,87,29.2,0,33372,0,0
1/9/2009 11:40,213,0.1,0.1,23.8,87,29.3,0,33372,0,0
1/9/2009 11:50,213,0.1,0.1,23.6,86,29.3,0,33372,0,0
1/9/2009 12:00,213,0.1,0.1,23.6,86,29.3,0,33372,0,0
1/9/2009 12:10,213,0.1,0.1,23.4,86,29.3,0,33372,0,0
1/9/2009 12:20,213,0.1,0.1,23.4,86,29.3,0,33372,0,0
1/9/2009 12:30,213,0.1,0.1,23.4,86,29.3,0,33372,0,0
1/9/2009 12:40,213,0.1,0.1,23.6,85,29.3,0,33372,0,0
1/9/2009 12:50,213,0.1,0.1,23.8,84,29.3,0,33372,0,0
1/9/2009 13:00,213,0.1,0.1,23.9,84,29.3,0,33372,0,0
1/9/2009 13:10,213,0.1,0.1,24.3,82,29.3,0,33372,0,0
1/9/2009 13:20,213,0.1,0.1,24.5,81,29.3,0,33372,0,0
1/9/2009 13:30,213,0.1,0.1,24.5,80,29.3,0,33372,0,0
1/9/2009 13:40,213,0.1,0.1,24.3,81,29.3,0,33372,0,0
1/9/2009 13:50,213,0.1,0.1,24.1,81,29.3,0,33372,0,0
1/9/2009 14:00,213,0.1,0.1,24.1,80,29.3,0,33372,0,0
1/9/2009 14:10,213,0.1,0.1,24.1,80,29.3,0,33372,0,0
1/9/2009 14:20,213,0.1,0.1,24.3,79,29.3,0,33372,0,0
1/9/2009 14:30,213,0.1,0.1,24.5,77,29.3,0,33372,0,0
1/9/2009 14:40,213,0.1,0.1,24.7,76,29.3,0,33372,0,0
1/9/2009 14:50,213,0.1,0.1,24.7,74,29.3,0,33372,0,0
1/9/2009 15:00,213,0.1,0.1,24.8,73,29.3,0,33372,0,0
1/9/2009 15:10,213,0.1,0.1,24.7,74,29.3,0,33372,0,0
1/9/2009 15:20,213,0.1,0.1,24.3,77,29.3,0,33372,0,0
1/9/2009 15:30,213,0.1,0.1,23.9,80,29.3,0,33372,0,0
1/9/2009 15:40,213,0.1,0.1,23.9,80,29.3,0,33372,0,0
1/9/2009 15:50,213,0.1,0.1,23.9,81,29.3,0,33372,0,0
1/9/2009 16:00,213,0.1,0.1,24.1,81,29.3,0,33372,0,0
1/9/2009 16:10,213,0.1,0.1,23.9,81,29.3,0,33372,0,0
1/9/2009 16:20,213,0.1,0.1,23.9,82,29.3,0,33372,0,0
1/9/2009 16:30,213,0.1,0.1,23.9,82,29.3,0,33372,0,0
1/9/2009 16:40,213,0.1,0.1,24.1,82,29.3,0,33372,0,0
1/9/2009 16:50,213,0.1,0.1,24.1,83,29.3,0,33372,0,0
1/9/2009 17:00,213,0.1,0.1,24.1,83,29.3,0,33372,0,0
1/9/2009 17:10,213,0.1,0.1,24.3,83,29.3,0,33372,0,0
1/9/2009 17:20,213,0.1,0.1,24.3,83,29.3,0,33372,0,0
1/9/2009 17:30,213,0.1,0.1,24.3,82,29.3,0,33372,0,0
1/9/2009 17:40,213,0.1,0.1,24.3,82,29.3,0,33372,0,0
1/9/2009 17:50,213,0.1,0.1,24.3,82,29.3,0,33372,0,0
1/9/2009 18:00,213,0.1,0.1,24.3,82,29.3,0,33372,0,0
1/9/2009 18:10,213,0.1,0.1,24.3,81,29.3,0,33372,0,0
1/9/2009 18:20,213,0.1,0.1,24.3,81,29.3,0,33372,0,0
1/9/2009 18:30,213,0.1,0.1,24.3,81,29.3,0,33372,0,0
1/9/2009 18:40,213,0.1,0.1,24.3,81,29.3,0,33372,0,0
1/9/2009 18:50,213,0.1,0.1,24.1,81,29.3,0,33372,0,0
1/9/2009 19:00,213,0.1,0.1,24.1,80,29.3,0,33372,0,0
1/9/2009 19:10,213,0.1,0.1,24.1,80,29.3,0,33372,0,0
1/9/2009 19:20,213,0.1,0.1,24.3,79,29.3,0,33372,0,0
1/9/2009 19:30,213,0.1,0.1,24.3,79,29.3,0,33372,0,0
1/9/2009 19:40,213,0.1,0.1,24.1,78,29.3,0,33372,0,0
1/9/2009 19:50,213,0.1,0.1,24.3,78,29.3,0,33372,0,0
1/9/2009 20:00,213,0.1,0.1,24.3,79,29.3,0,33372,0,0
1/9/2009 20:10,213,0.1,0.1,24.3,79,29.3,0,33372,0,0
1/9/2009 20:20,213,0.1,0.1,24.3,79,29.3,0,33372,0,0
1/9/2009 20:30,213,0.1,0.1,24.5,80,29.3,0,33372,0,0
1/9/2009 20:40,213,0.1,0.1,24.7,79,29.3,0,33372,0,0
1/9/2009 20:50,213,0.1,0.1,24.5,79,29.3,0,33372,0,0
1/9/2009 21:00,213,0.1,0.1,24.3,79,29.3,0,33372,0,0
1/9/2009 21:10,213,0.1,0.1,24.1,79,29.3,0,33372,0,0
1/9/2009 21:20,213,0.1,0.1,23.8,80,29.3,0,33372,0,0
1/9/2009 21:30,213,0.1,0.1,23.4,81,29.3,0,33372,0,0
1/9/2009 21:40,213,0.1,0.1,23.4,81,29.3,0,33372,0,0
1/9/2009 21:50,213,0.1,0.1,23.2,81,29.3,0,33372,0,0
1/9/2009 22:00,213,0.1,0.1,23,81,29.3,0,33372,0,0
1/9/2009 22:10,213,0.1,0.1,23,82,29.3,0,33372,0,0
1/9/2009 22:20,213,0.1,0.1,22.9,82,29.3,0,33372,0,0
1/9/2009 22:30,213,0.1,0.1,22.7,82,29.3,0,33372,0,0
1/9/2009 22:40,213,0.1,0.1,22.5,82,29.3,0,33372,0,0
1/9/2009 22:50,213,0.1,0.1,22.5,82,29.3,0,33372,0,0
1/9/2009 23:00,213,0.1,0.1,22.3,81,29.3,0,33372,0,0
1/9/2009 23:10,213,0.1,0.1,22.3,82,29.3,0,33372,0,0
1/9/2009 23:20,213,0.1,0.1,22.3,82,29.3,0,33372,0,0
1/9/2009 23:30,213,0.1,0.1,22.5,82,29.3,0,33372,0,0
1/9/2009 23:40,213,0.1,0.1,22.5,82,29.3,0,33372,0,0
1/9/2009 23:50,213,0.1,0.1,22.5,81,29.3,0,33372,0,0
1/10/2009 0:00,213,0.1,0.1,22.9,81,29.3,0,33372,0,0
1/10/2009 0:10,213,0.1,0.1,23.2,80,29.3,0,33372,0,0
1/10/2009 0:20,213,0.1,0.1,23.2,80,29.3,0,33372,0,0
1/10/2009 0:30,213,0.1,0.1,23.2,80,29.3,0,33372,0,0
1/10/2009 0:40,213,0.1,0.1,23,81,29.3,0,33372,0,0
1/10/2009 0:50,213,0.1,0.1,23.2,80,29.3,0,33372,0,0
1/10/2009 1:00,213,0.1,0.1,23.4,80,29.3,0,33372,0,0
1/10/2009 1:10,213,0.1,0.1,23.4,79,29.3,0,33372,0,0
1/10/2009 1:20,213,0.1,0.1,23.4,79,29.3,0,33372,0,0
1/10/2009 1:30,213,0.1,0.1,23.6,79,29.3,0,33372,0,0
1/10/2009 1:40,213,0.1,0.1,23.8,78,29.3,0,33372,0,0
1/10/2009 1:50,213,0.1,0.1,23.8,78,29.3,0,33372,0,0
1/10/2009 2:00,213,0.1,0.1,23.9,77,29.3,0,33372,0,0
1/10/2009 2:10,213,0.1,0.1,24.1,76,29.3,0,33372,0,0
1/10/2009 2:20,213,0.1,0.1,24.1,77,29.3,0,33372,0,0
1/10/2009 2:30,213,0.1,0.1,23.9,78,29.3,0,33372,0,0
1/10/2009 2:40,213,0.1,0.1,23.8,79,29.3,0,33372,0,0
1/10/2009 2:50,213,0.1,0.1,23.8,81,29.3,0,33372,0,0
1/10/2009 3:00,213,0.1,0.1,23.8,82,29.3,0,33372,0,0
1/10/2009 3:10,213,0.1,0.1,23.6,83,29.3,0,33372,0,0
1/10/2009 3:20,213,0.1,0.1,23.4,84,29.3,0,33372,0,0
1/10/2009 3:30,213,0.1,0.1,23.2,86,29.3,0,33372,0,0
1/10/2009 3:40,213,0.1,0.1,23.2,86,29.3,0,33372,0,0
1/10/2009 3:50,213,0.1,0.1,23,86,29.3,0,33372,0,0
1/10/2009 4:00,213,0.1,0.1,23,87,29.3,0,33372,0,0
1/10/2009 4:10,213,0.1,0.1,23.2,87,29.3,0,33372,0,0
1/10/2009 4:20,213,0.1,0.1,23.2,86,29.3,0,33372,0,0
1/10/2009 4:30,213,0.1,0.1,23.2,86,29.3,0,33372,0,0
1/10/2009 4:40,213,0.1,0.1,23.2,86,29.3,0,33372,0,0
1/10/2009 4:50,213,0.1,0.1,23.2,87,29.3,0,33372,0,0
1/10/2009 5:00,213,0.1,0.1,23.2,86,29.3,0,33372,0,0
1/10/2009 5:10,213,0.1,0.1,23.2,86,29.3,0,33372,0,0
1/10/2009 5:20,213,0.1,0.1,23.4,87,29.3,0,33372,0,0
1/10/2009 5:30,213,0.1,0.1,23.4,87,29.3,0,33372,0,0
1/10/2009 5:40,213,0.1,0.1,23.4,87,29.3,0,33372,0,0
1/10/2009 5:50,213,0.1,0.1,23.4,87,29.3,0,33372,0,0
1/10/2009 6:00,213,0.1,0.1,23.6,88,29.3,0,33372,0,0
1/10/2009 6:10,213,0.1,0.1,23.6,87,29.3,0,33372,0,0
1/10/2009 6:20,213,0.1,0.1,23.6,87,29.3,0,33372,0,0
1/10/2009 6:30,213,0.1,0.1,23.8,87,29.3,0,33372,0,0
1/10/2009 6:40,213,0.1,0.1,23.8,87,29.2,0,33372,0,0
1/10/2009 6:50,213,0.1,0.1,23.9,86,29.3,0,33372,0,0
1/10/2009 7:00,213,0.1,0.1,23.9,86,29.2,0,33372,0,0
1/10/2009 7:10,213,0.1,0.1,23.9,87,29.2,0,33372,0,0
1/10/2009 7:20,213,0.1,0.1,23.9,87,29.2,0,33372,0,0
1/10/2009 7:30,213,0.1,0.1,24.1,87,29.2,0,33372,0,0
1/10/2009 7:40,213,0.1,0.1,24.1,87,29.2,0,33372,0,0
1/10/2009 7:50,213,0.1,0.1,24.1,87,29.2,0,33372,0,0
1/10/2009 8:00,213,0.1,0.1,24.5,87,29.2,0,33372,0,0
1/10/2009 8:10,213,0.1,0.1,24.5,87,29.2,0,33372,0,0
1/10/2009 8:20,213,0.1,0.1,24.5,87,29.2,0,33372,0,0
1/10/2009 8:30,213,0.1,0.1,24.7,88,29.2,0,33372,0,0
1/10/2009 8:40,213,0.1,0.1,24.8,89,29.2,0,33372,0,0
1/10/2009 8:50,213,0.1,0.1,24.8,89,29.2,0,33372,0,0
1/10/2009 9:00,213,0.1,0.1,24.7,89,29.2,0,33372,0,0
1/10/2009 9:10,213,0.1,0.1,24.8,90,29.2,0,33372,0,0
1/10/2009 9:20,213,0.1,0.1,24.8,90,29.2,0,33372,0,0
1/10/2009 9:30,213,0.1,0.1,24.8,90,29.2,0,33372,0,0
1/10/2009 9:40,213,0.1,0.1,24.8,90,29.2,0,33372,0,0
1/10/2009 9:50,213,0.1,0.1,25,91,29.2,0,33372,0,0
1/10/2009 10:00,213,0.1,0.1,25,90,29.2,0,33372,0,0
1/10/2009 10:10,213,0.1,0.1,25,90,29.1,0,33372,0,0
1/10/2009 10:20,213,0.1,0.1,25,90,29.1,0,33372,0,0
1/10/2009 10:30,213,0.1,0.1,25,91,29.1,0,33372,0,0
1/10/2009 10:40,213,0.1,0.1,25.2,90,29.1,0,33372,0,0
1/10/2009 10:50,213,0.1,0.1,25.4,91,29.1,0,33372,0,0
1/10/2009 11:00,213,0.1,0.1,25.4,91,29.1,0,33372,0,0
1/10/2009 11:10,213,0.1,0.1,25.2,91,29.1,0,33372,0,0
1/10/2009 11:20,213,0.1,0.1,25.4,91,29.1,0,33372,0,0
1/10/2009 11:30,213,0.1,0.1,25.4,91,29.1,0,33372,0,0
1/10/2009 11:40,213,0.1,0.1,25.2,92,29.1,0,33372,0,0
1/10/2009 11:50,213,0.1,0.1,25.4,92,29.1,0,33372,0,0
1/10/2009 12:00,213,0.1,0.1,25.6,92,29.1,0,33372,0,0
1/10/2009 12:10,213,0.1,0.1,25.6,93,29.1,0,33372,0,0
1/10/2009 12:20,213,0.1,0.1,25.7,93,29.1,0,33372,0,0
1/10/2009 12:30,213,0.1,0.1,25.7,93,29.1,0,33372,0,0
1/10/2009 12:40,213,0.1,0.1,25.7,93,29.1,0,33372,0,0
1/10/2009 12:50,213,0.1,0.1,25.7,93,29.1,0,33452,0,0
1/10/2009 13:00,213,0.1,0.1,25.7,93,29,0,33462,0,0
1/10/2009 13:10,213,0.1,0.1,25.9,93,29,0,33552,0.01,0.01
1/10/2009 13:20,213,0.1,0.1,25.9,93,29,0,33722,0,0
1/10/2009 13:30,213,0.1,0.1,26.1,92,29,0,33722,0,0
1/10/2009 13:40,213,0.1,0.1,26.1,92,29,0,33722,0,0
1/10/2009 13:50,213,0.1,0.1,26.3,92,29,0,33722,0,0
1/10/2009 14:00,213,0.1,0.1,26.1,92,29,0,33722,0,0
1/10/2009 14:10,213,0.1,0.1,26.1,91,29,0,33722,0,0
1/10/2009 14:20,213,0.1,0.1,26.3,91,29,0,33762,0,0
1/10/2009 14:30,213,0.1,0.1,26.3,91,29,0,33762,0,0
1/10/2009 14:40,213,0.1,0.1,26.1,91,29,0,33762,0,0
1/10/2009 14:50,213,0.1,0.1,25.9,90,29,0,33762,0,0
1/10/2009 15:00,213,0.1,0.1,25.9,91,29,0,33762,0,0
1/10/2009 15:10,213,0.1,0.1,26.1,91,29,0,33762,0,0
1/10/2009 15:20,213,0.1,0.1,25.9,90,29,0,33772,0,0
1/10/2009 15:30,213,0.1,0.1,25.7,90,29,0,33782,0,0
1/10/2009 15:40,213,0.1,0.1,25.7,90,29,0,33782,0,0
1/10/2009 15:50,213,0.1,0.1,25.7,90,29,0,33872,0,0
1/10/2009 16:00,213,0.1,0.1,25.7,91,29,0,33872,0,0
1/10/2009 16:10,213,0.1,0.1,25.7,91,29,0,33872,0,0
1/10/2009 16:20,213,0.1,0.1,25.7,92,29,0,34032,0,0
1/10/2009 16:30,213,0.1,0.1,25.9,92,29,0,34052,0,0
1/10/2009 16:40,213,0.1,0.1,25.9,93,29,0,34062,0,0
1/10/2009 16:50,213,0.1,0.1,25.9,93,29,0,34062,0,0
1/10/2009 17:00,213,0.1,0.1,25.9,92,29,0,34062,0,0
1/10/2009 17:10,213,0.1,0.1,25.9,92,29,0,34062,0,0
1/10/2009 17:20,213,0.1,0.1,25.7,91,29,0,34062,0,0
1/10/2009 17:30,213,0.1,0.1,25.7,91,29,0,34062,0,0
1/10/2009 17:40,213,0.1,0.1,25.7,91,29,0,34062,0,0
1/10/2009 17:50,213,0.1,0.1,25.7,91,29,0,34062,0,0
1/10/2009 18:00,213,0.1,0.1,25.7,91,28.9,0,34062,0,0
1/10/2009 18:10,213,0.1,0.1,25.9,90,29,0,34062,0,0
1/10/2009 18:20,213,0.1,0.1,25.9,89,29,0,34062,0,0
1/10/2009 18:30,213,0.1,0.1,25.9,89,29,0,34072,0,0
1/10/2009 18:40,213,0.1,0.1,26.1,89,29,0,34182,0,0
1/10/2009 18:50,213,0.1,0.1,26.1,90,29,0,34282,0,0
1/10/2009 19:00,213,0.1,0.1,25.9,90,29,0,34432,0.03,0.03
1/10/2009 19:10,213,0.1,0.1,25.7,91,29,0,34912,0,0
1/10/2009 19:20,213,0.1,0.1,25.7,92,29,0,34962,0,0
1/10/2009 19:30,213,0.1,0.1,25.6,93,29,0,34962,0,0
1/10/2009 19:40,213,0.1,0.1,25.6,93,29,0,35352,0.01,0.01
1/10/2009 19:50,213,0.1,0.1,25.4,93,29,0,35712,0,0
1/10/2009 20:00,213,0.1,0.1,25.4,93,29,0,35722,0,0
1/10/2009 20:10,213,0.1,0.1,25.6,93,29,0,35722,0,0
1/10/2009 20:20,213,0.1,0.1,25.6,93,29,0,35722,0,0
1/10/2009 20:30,213,0.1,0.1,25.7,93,29,0,35722,0,0
1/10/2009 20:40,213,0.1,0.1,25.7,93,29,0,35722,0,0
1/10/2009 20:50,213,0.1,0.1,25.7,93,29,0,35722,0,0
1/10/2009 21:00,213,0.1,0.1,25.7,92,29,0,35722,0,0
1/10/2009 21:10,213,0.1,0.1,25.6,91,29,0,35722,0,0
1/10/2009 21:20,213,0.1,0.1,25.4,90,29,0,35722,0,0
1/10/2009 21:30,213,0.1,0.1,25.2,90,29,0,35722,0,0
1/10/2009 21:40,213,0.1,0.1,25,90,29,0,35722,0,0
1/10/2009 21:50,213,0.1,0.1,25,89,29,0,35722,0,0
1/10/2009 22:00,213,0.1,0.1,25,89,29,0,35722,0,0
1/10/2009 22:10,213,0.1,0.1,25,88,29,0,35722,0,0
1/10/2009 22:20,213,0.1,0.1,24.8,86,29,0,35722,0,0
1/10/2009 22:30,213,0.1,0.1,24.8,86,29,0,35722,0,0
1/10/2009 22:40,213,0.1,0.1,24.7,85,29,0,35722,0,0
1/10/2009 22:50,213,0.1,0.1,24.3,89,29,0,35722,0,0
1/10/2009 23:00,213,0.1,0.1,23.6,90,29,0,35742,0,0
1/10/2009 23:10,213,0.1,0.1,23.8,90,29,0,35762,0,0
1/10/2009 23:20,213,0.1,0.1,23.2,89,29,0,35772,0,0
1/10/2009 23:30,213,0.1,0.1,23.2,89,29,0,35802,0,0
1/10/2009 23:40,213,0.1,0.1,22.3,89,29,0,35862,0,0
1/10/2009 23:50,213,0.1,0.1,22.1,89,29.1,0,35912,0,0
1/11/2009 0:00,213,0.1,0.1,21.8,89,29.1,0,36032,0,0
1/11/2009 0:10,213,0.1,0.1,21.8,89,29.1,0,36082,0,0
1/11/2009 0:20,213,0.1,0.1,21.6,89,29.1,0,36142,0,0
1/11/2009 0:30,213,0.1,0.1,21.1,89,29.1,0,36162,0,0
1/11/2009 0:40,213,0.1,0.1,20.9,88,29.1,0,36162,0,0
1/11/2009 0:50,213,0.1,0.1,20.9,88,29.1,0,36162,0,0
1/11/2009 1:00,213,0.1,0.1,21.1,88,29.1,0,36162,0,0
1/11/2009 1:10,213,0.1,0.1,21.1,88,29.1,0,36162,0,0
1/11/2009 1:20,213,0.1,0.1,21.2,88,29.1,0,36162,0,0
1/11/2009 1:30,213,0.1,0.1,21.1,87,29.1,0,36162,0,0
1/11/2009 1:40,213,0.1,0.1,21.2,87,29.1,0,36162,0,0
1/11/2009 1:50,213,0.1,0.1,21.1,86,29.1,0,36162,0,0
1/11/2009 2:00,213,0.1,0.1,21.4,86,29.1,0,36162,0,0
1/11/2009 2:10,213,0.1,0.1,21.4,86,29.1,0,36162,0,0
1/11/2009 2:20,213,0.1,0.1,21.4,86,29.1,0,36162,0,0
1/11/2009 2:30,213,0.1,0.1,21.4,85,29.2,0,36162,0,0
1/11/2009 2:40,213,0.1,0.1,21.6,86,29.2,0,36162,0,0
1/11/2009 2:50,213,0.1,0.1,21.8,85,29.2,0,36162,0,0
1/11/2009 3:00,213,0.1,0.1,21.8,85,29.2,0,36162,0,0
1/11/2009 7:50,213,0.1,0.1,21.8,75,29.2,0,36162,0,0
1/11/2009 8:00,213,0.1,0.1,22.1,74,29.2,0,36162,0,0
1/11/2009 8:10,213,0.1,0.1,22.7,71,29.2,0,36162,0,0
1/11/2009 8:20,213,0.1,0.1,22.9,70,29.2,0,36162,0,0
1/11/2009 8:30,213,0.1,0.1,22.3,72,29.2,0,36162,0,0
1/11/2009 8:40,213,0.1,0.1,22.9,71,29.2,0,36162,0,0
1/11/2009 8:50,213,0.1,0.1,22.7,70,29.2,0,36162,0,0
1/11/2009 9:00,213,0.1,0.1,23,69,29.2,0,36162,0,0
1/11/2009 9:10,213,0.1,0.1,23,69,29.2,0,36162,0,0
1/11/2009 9:20,213,0.1,0.1,22.7,69,29.2,0,36162,0,0
1/11/2009 9:30,213,0.1,0.1,22.7,67,29.2,0,36162,0,0
1/11/2009 9:40,213,0.1,0.1,23,68,29.2,0,36162,0,0
1/11/2009 9:50,213,0.1,0.1,22.9,70,29.2,0,36162,0,0
1/11/2009 10:00,213,0.1,0.1,23,72,29.2,0,36162,0,0
1/11/2009 10:10,213,0.1,0.1,23.4,70,29.2,0,36162,0,0
1/11/2009 10:20,213,0.1,0.1,23,68,29.2,0,36162,0,0
1/11/2009 10:30,213,0.1,0.1,23,68,29.2,0,36162,0,0
1/11/2009 10:40,213,0.1,0.1,23.6,67,29.2,0,36162,0,0
1/11/2009 10:50,213,0.1,0.1,24.1,66,29.2,0,36162,0,0
1/11/2009 11:00,213,0.1,0.1,23.9,64,29.2,0,36162,0,0
1/11/2009 11:10,213,0.1,0.1,23.9,64,29.2,0,36162,0,0
1/11/2009 11:20,213,0.1,0.1,23.4,64,29.2,0,36162,0,0
1/11/2009 11:30,213,0.1,0.1,23.4,64,29.2,0,36162,0,0
1/11/2009 11:40,213,0.1,0.1,23.8,65,29.2,0,36162,0,0
1/11/2009 11:50,213,0.1,0.1,23.6,64,29.2,0,36162,0,0
1/11/2009 12:00,213,0.1,0.1,23.6,64,29.2,0,36162,0,0
1/11/2009 12:10,213,0.1,0.1,24.3,64,29.2,0,36162,0,0
1/11/2009 12:20,213,0.1,0.1,23.9,63,29.2,0,36162,0,0
1/11/2009 12:30,213,0.1,0.1,24.1,62,29.2,0,36162,0,0
1/11/2009 12:40,213,0.1,0.1,23.8,61,29.2,0,36162,0,0
1/11/2009 12:50,213,0.1,0.1,23.8,61,29.2,0,36162,0,0
1/11/2009 13:00,213,0.1,0.1,23.6,63,29.2,0,36162,0,0
1/11/2009 13:10,213,0.1,0.1,23.4,61,29.2,0,36162,0,0
1/11/2009 13:20,213,0.1,0.1,23.4,60,29.2,0,36162,0,0
1/11/2009 13:30,213,0.1,0.1,23.4,63,29.2,0,36162,0,0
1/11/2009 13:40,213,0.1,0.1,23.4,63,29.2,0,36162,0,0
1/11/2009 13:50,213,0.1,0.1,23.4,63,29.2,0,36162,0,0
1/11/2009 14:00,213,0.1,0.1,23.6,65,29.2,0,36162,0,0
1/11/2009 14:10,213,0.1,0.1,23.6,64,29.2,0,36162,0,0
1/11/2009 14:20,213,0.1,0.1,23.6,65,29.2,0,36162,0,0
1/11/2009 14:30,213,0.1,0.1,23.4,63,29.2,0,36162,0,0
1/11/2009 14:40,213,0.1,0.1,23.6,65,29.2,0,36162,0,0
1/11/2009 14:50,213,0.1,0.1,23.4,65,29.2,0,36162,0,0
1/11/2009 15:00,213,0.1,0.1,23.4,64,29.2,0,36162,0,0
1/11/2009 15:10,213,0.1,0.1,23.6,65,29.2,0,36162,0,0
1/11/2009 15:20,213,0.1,0.1,23.6,65,29.2,0,36162,0,0
1/11/2009 15:30,213,0.1,0.1,23.6,67,29.2,0,36162,0,0
1/11/2009 15:40,213,0.1,0.1,23.8,67,29.2,0,36162,0,0
1/11/2009 15:50,213,0.1,0.1,23.8,67,29.2,0,36162,0,0
1/11/2009 16:00,213,0.1,0.1,23.8,67,29.2,0,36162,0,0
1/11/2009 16:10,213,0.1,0.1,23.8,68,29.2,0,36162,0,0
1/11/2009 16:20,213,0.1,0.1,23.8,67,29.2,0,36162,0,0
1/11/2009 16:30,213,0.1,0.1,23.8,66,29.2,0,36162,0,0
1/11/2009 16:40,213,0.1,0.1,23.9,69,29.2,0,36162,0,0
1/11/2009 16:50,213,0.1,0.1,23.8,70,29.2,0,36162,0,0
1/11/2009 17:00,213,0.1,0.1,23.8,68,29.2,0,36162,0,0
1/11/2009 17:10,213,0.1,0.1,23.6,68,29.2,0,36162,0,0
1/11/2009 17:20,213,0.1,0.1,23.6,69,29.2,0,36162,0,0
1/11/2009 17:30,213,0.1,0.1,23.6,69,29.2,0,36162,0,0
1/11/2009 17:40,213,0.1,0.1,23.4,69,29.2,0,36162,0,0
1/11/2009 17:50,213,0.1,0.1,23.4,68,29.2,0,36162,0,0
1/11/2009 18:00,213,0.1,0.1,23,69,29.2,0,36162,0,0
1/11/2009 18:10,213,0.1,0.1,23,69,29.2,0,36162,0,0
1/11/2009 18:20,213,0.1,0.1,23,70,29.2,0,36162,0,0
1/11/2009 18:30,213,0.1,0.1,22.9,70,29.2,0,36162,0,0
1/11/2009 18:40,213,0.1,0.1,22.7,70,29.2,0,36162,0,0
1/11/2009 18:50,213,0.1,0.1,22.9,70,29.2,0,36162,0,0
1/11/2009 19:00,213,0.1,0.1,22.7,71,29.2,0,36162,0,0
1/11/2009 19:10,213,0.1,0.1,22.5,71,29.2,0,36162,0,0
1/11/2009 19:20,213,0.1,0.1,22.5,72,29.2,0,36162,0,0
1/11/2009 19:30,213,0.1,0.1,22.5,72,29.2,0,36162,0,0
1/11/2009 19:40,213,0.1,0.1,22.5,72,29.2,0,36162,0,0
1/11/2009 19:50,213,0.1,0.1,22.7,72,29.2,0,36162,0,0
1/11/2009 20:00,213,0.1,0.1,22.5,72,29.2,0,36162,0,0
1/11/2009 20:10,213,0.1,0.1,22.5,73,29.2,0,36162,0,0
1/11/2009 20:20,213,0.1,0.1,22.3,75,29.2,0,36162,0,0
1/11/2009 20:30,213,0.1,0.1,22.5,76,29.2,0,36162,0,0
1/11/2009 20:40,213,0.1,0.1,22.3,77,29.2,0,36162,0,0
1/11/2009 20:50,213,0.1,0.1,22.3,78,29.2,0,36162,0,0
1/11/2009 21:00,213,0.1,0.1,22.3,78,29.2,0,36162,0,0
1/11/2009 21:10,213,0.1,0.1,22.3,79,29.2,0,36162,0,0
1/11/2009 21:20,213,0.1,0.1,22.5,79,29.2,0,36162,0,0
1/11/2009 21:30,213,0.1,0.1,22.5,79,29.2,0,36162,0,0
1/11/2009 21:40,213,0.1,0.1,22.5,79,29.2,0,36162,0,0
1/11/2009 21:50,213,0.1,0.1,22.3,80,29.2,0,36162,0,0
1/11/2009 22:00,213,0.1,0.1,22.5,80,29.2,0,36162,0,0
1/11/2009 22:10,213,0.1,0.1,22.5,81,29.2,0,36162,0,0
1/11/2009 22:20,213,0.1,0.1,22.1,82,29.2,0,36162,0,0
1/11/2009 22:30,213,0.1,0.1,22,83,29.2,0,36162,0,0
1/11/2009 22:40,213,0.1,0.1,21.8,85,29.2,0,36162,0,0
1/11/2009 22:50,213,0.1,0.1,21.6,85,29.2,0,36162,0,0
1/11/2009 23:00,213,0.1,0.1,21.8,85,29.2,0,36162,0,0
1/11/2009 23:10,213,0.1,0.1,21.4,85,29.2,0,36162,0,0
1/11/2009 23:20,213,0.1,0.1,21.4,85,29.2,0,36162,0,0
1/11/2009 23:30,213,0.1,0.1,21.4,85,29.2,0,36162,0,0
1/11/2009 23:40,213,0.1,0.1,21.4,86,29.2,0,36162,0,0
1/11/2009 23:50,213,0.1,0.1,21.4,86,29.2,0,36162,0,0
1/12/2009 0:00,213,0.1,0.1,21.4,85,29.2,0,36162,0,0
1/12/2009 0:10,213,0.1,0.1,21.4,85,29.2,0,36162,0,0
1/12/2009 0:20,213,0.1,0.1,21.6,85,29.2,0,36162,0,0
1/12/2009 0:30,213,0.1,0.1,21.8,85,29.2,0,36162,0,0
1/12/2009 0:40,213,0.1,0.1,21.6,86,29.2,0,36162,0,0
1/12/2009 0:50,213,0.1,0.1,21.6,87,29.2,0,36162,0,0
1/12/2009 1:00,213,0.1,0.1,21.8,87,29.2,0,36162,0,0
1/12/2009 1:10,213,0.1,0.1,21.8,87,29.2,0,36162,0,0
1/12/2009 1:20,213,0.1,0.1,21.8,87,29.2,0,36162,0,0
1/12/2009 1:30,213,0.1,0.1,21.8,87,29.2,0,36162,0,0
1/12/2009 1:40,213,0.1,0.1,21.8,87,29.2,0,36162,0,0
1/12/2009 1:50,213,0.1,0.1,22,87,29.2,0,36162,0,0
1/12/2009 2:00,213,0.1,0.1,22,87,29.2,0,36162,0,0
1/12/2009 2:10,213,0.1,0.1,22,87,29.2,0,36162,0,0
1/12/2009 2:20,213,0.1,0.1,22.1,87,29.2,0,36162,0,0
1/12/2009 2:30,213,0.1,0.1,22.1,87,29.2,0,36162,0,0
1/12/2009 2:40,213,0.1,0.1,22.1,88,29.2,0,36162,0,0
1/12/2009 2:50,213,0.1,0.1,22.1,88,29.2,0,36162,0,0
1/12/2009 3:00,213,0.1,0.1,22.5,88,29.2,0,36162,0,0
1/12/2009 3:10,213,0.1,0.1,22.7,87,29.2,0,36162,0,0
1/12/2009 3:20,213,0.1,0.1,22.9,87,29.2,0,36162,0,0
1/12/2009 3:30,213,0.1,0.1,23.2,86,29.2,0,36162,0,0
1/12/2009 3:40,213,0.1,0.1,23.6,86,29.2,0,36162,0,0
1/12/2009 3:50,213,0.1,0.1,23.6,85,29.2,0,36162,0,0
1/12/2009 4:00,213,0.1,0.1,24.3,82,29.2,0,36162,0,0
1/12/2009 4:10,213,0.1,0.1,24.5,81,29.3,0,36162,0,0
1/12/2009 4:20,213,0.1,0.1,24.5,80,29.3,0,36162,0,0
1/12/2009 4:30,213,0.1,0.1,24.5,80,29.3,0,36162,0,0
1/12/2009 4:40,213,0.1,0.1,24.7,80,29.3,0,36162,0,0
1/12/2009 4:50,213,0.1,0.1,24.5,81,29.3,0,36162,0,0
1/12/2009 5:00,213,0.1,0.1,24.3,83,29.3,0,36162,0,0
1/12/2009 5:10,213,0.1,0.1,24.3,83,29.3,0,36162,0,0
1/12/2009 5:20,213,0.1,0.1,24.3,81,29.3,0,36162,0,0
1/12/2009 5:30,213,0.1,0.1,24.1,82,29.3,0,36162,0,0
1/12/2009 5:40,213,0.1,0.1,24.1,82,29.3,0,36162,0,0
1/12/2009 5:50,213,0.1,0.1,24.3,81,29.3,0,36162,0,0
1/12/2009 6:00,213,0.1,0.1,24.5,81,29.3,0,36162,0,0
1/12/2009 6:10,213,0.1,0.1,24.1,82,29.3,0,36162,0,0
1/12/2009 6:20,213,0.1,0.1,23.6,84,29.3,0,36162,0,0
1/12/2009 6:30,213,0.1,0.1,23.6,85,29.3,0,36162,0,0
1/12/2009 6:40,213,0.1,0.1,23.4,86,29.3,0,36162,0,0
1/12/2009 6:50,213,0.1,0.1,23.6,86,29.3,0,36162,0,0
1/12/2009 7:00,213,0.1,0.1,23.4,86,29.3,0,36162,0,0
1/12/2009 7:10,213,0.1,0.1,23.4,87,29.3,0,36162,0,0
1/12/2009 7:20,213,0.1,0.1,23.2,87,29.3,0,36162,0,0
1/12/2009 7:30,213,0.1,0.1,23.2,87,29.3,0,36162,0,0
1/12/2009 7:40,213,0.1,0.1,23.2,87,29.3,0,36162,0,0
1/12/2009 7:50,213,0.1,0.1,23.2,86,29.3,0,36162,0,0
1/12/2009 8:00,213,0.1,0.1,23.2,86,29.3,0,36162,0,0
1/12/2009 8:10,213,0.1,0.1,23.2,86,29.3,0,36162,0,0
1/12/2009 8:20,213,0.1,0.1,23.2,86,29.3,0,36162,0,0
1/12/2009 8:30,213,0.1,0.1,23.4,86,29.3,0,36162,0,0
1/12/2009 8:40,213,0.1,0.1,23.6,86,29.3,0,36162,0,0
1/12/2009 8:50,213,0.1,0.1,23.9,86,29.4,0,36162,0,0
1/12/2009 9:00,213,0.1,0.1,24.1,84,29.4,0,36162,0,0
1/12/2009 9:10,213,0.1,0.1,24.5,82,29.4,0,36162,0,0
1/12/2009 9:20,213,0.1,0.1,25.7,80,29.4,0,36162,0,0
1/12/2009 9:30,213,0.1,0.1,25.9,75,29.3,0,36162,0,0
1/12/2009 9:40,213,0.1,0.1,26.5,73,29.3,0,36162,0,0
1/12/2009 9:50,213,0.1,0.1,26.1,73,29.3,0,36162,0,0
1/12/2009 10:00,213,0.1,0.1,26.5,71,29.3,0,36162,0,0
1/12/2009 10:10,213,0.1,0.1,26.1,71,29.3,0,36162,0,0
1/12/2009 10:20,213,0.1,0.1,26.3,69,29.3,0,36162,0,0
1/12/2009 10:30,213,0.1,0.1,26.5,69,29.3,0,36162,0,0
1/12/2009 10:40,213,0.1,0.1,25.9,71,29.3,0,36162,0,0
1/12/2009 10:50,213,0.1,0.1,26.1,70,29.3,0,36162,0,0
1/12/2009 11:00,213,0.1,0.1,26.1,69,29.3,0,36162,0,0
1/12/2009 11:10,213,0.1,0.1,27,69,29.3,0,36162,0,0
1/12/2009 11:20,213,0.1,0.1,26.1,69,29.3,0,36162,0,0
1/12/2009 11:30,213,0.1,0.1,26.1,69,29.3,0,36162,0,0
1/12/2009 11:40,213,0.1,0.1,25.7,68,29.3,0,36162,0,0
1/12/2009 11:50,213,0.1,0.1,26.1,69,29.3,0,36162,0,0
1/12/2009 12:00,213,0.1,0.1,25.9,72,29.3,0,36162,0,0
1/12/2009 12:10,213,0.1,0.1,25.9,72,29.3,0,36162,0,0
1/12/2009 12:20,213,0.1,0.1,25.7,73,29.3,0,36162,0,0
1/12/2009 12:30,213,0.1,0.1,25.6,74,29.3,0,36162,0,0
1/12/2009 12:40,213,0.1,0.1,25.7,74,29.3,0,36162,0,0
1/12/2009 12:50,213,0.1,0.1,25.7,74,29.3,0,36162,0,0
1/12/2009 13:00,213,0.1,0.1,25.9,73,29.3,0,36162,0,0
1/12/2009 13:10,213,0.1,0.1,25.9,73,29.3,0,36162,0,0
1/12/2009 13:20,213,0.1,0.1,25.9,72,29.3,0,36162,0,0
1/12/2009 13:30,213,0.1,0.1,26.5,71,29.3,0,36162,0,0
1/12/2009 13:40,213,0.1,0.1,26.6,62,29.3,0,36162,0,0
1/12/2009 13:50,213,0.1,0.1,27,61,29.3,0,36162,0,0
1/12/2009 14:00,213,0.1,0.1,26.5,59,29.3,0,36162,0,0
1/12/2009 14:10,213,0.1,0.1,26.6,59,29.3,0,36162,0,0
1/12/2009 14:20,213,0.1,0.1,26.3,60,29.3,0,36162,0,0
1/12/2009 14:30,213,0.1,0.1,26.1,60,29.3,0,36162,0,0
1/12/2009 14:40,213,0.1,0.1,25.9,60,29.3,0,36162,0,0
1/12/2009 14:50,213,0.1,0.1,26.1,61,29.3,0,36162,0,0
1/12/2009 15:00,213,0.1,0.1,25.7,63,29.3,0,36162,0,0
1/12/2009 15:10,213,0.1,0.1,25.4,63,29.3,0,36162,0,0
1/12/2009 15:20,213,0.1,0.1,25.2,64,29.3,0,36162,0,0
1/12/2009 15:30,213,0.1,0.1,25.2,64,29.3,0,36162,0,0
1/12/2009 15:40,213,0.1,0.1,25.2,65,29.3,0,36162,0,0
1/12/2009 15:50,213,0.1,0.1,25.2,65,29.3,0,36162,0,0
1/12/2009 16:00,213,0.1,0.1,25.2,65,29.3,0,36162,0,0
1/12/2009 16:10,213,0.1,0.1,25.2,65,29.3,0,36162,0,0
1/12/2009 16:20,213,0.1,0.1,25,66,29.3,0,36162,0,0
1/12/2009 16:30,213,0.1,0.1,24.8,67,29.3,0,36162,0,0
1/12/2009 16:40,213,0.1,0.1,24.8,67,29.3,0,36162,0,0
1/12/2009 16:50,213,0.1,0.1,24.7,68,29.3,0,36162,0,0
1/12/2009 17:00,213,0.1,0.1,24.5,69,29.3,0,36162,0,0
1/12/2009 17:10,213,0.1,0.1,24.7,70,29.3,0,36162,0,0
1/12/2009 17:20,213,0.1,0.1,24.8,72,29.3,0,36162,0,0
1/12/2009 17:30,213,0.1,0.1,25,72,29.3,0,36162,0,0
1/12/2009 17:40,213,0.1,0.1,25.2,73,29.3,0,36162,0,0
1/12/2009 17:50,213,0.1,0.1,25.4,73,29.3,0,36162,0,0
1/12/2009 18:00,213,0.1,0.1,25.6,73,29.3,0,36162,0,0
1/12/2009 18:10,213,0.1,0.1,25.6,74,29.3,0,36162,0,0
1/12/2009 18:20,213,0.1,0.1,25.7,74,29.3,0,36162,0,0
1/12/2009 18:30,213,0.1,0.1,25.7,74,29.3,0,36162,0,0
1/12/2009 18:40,213,0.1,0.1,25.9,74,29.3,0,36162,0,0
1/12/2009 18:50,213,0.1,0.1,26.1,75,29.3,0,36162,0,0
1/12/2009 19:00,213,0.1,0.1,26.3,75,29.3,0,36162,0,0
1/12/2009 19:10,213,0.1,0.1,26.5,75,29.3,0,36162,0,0
1/12/2009 19:20,213,0.1,0.1,26.6,75,29.3,0,36162,0,0
1/12/2009 19:30,213,0.1,0.1,26.8,75,29.3,0,36162,0,0
1/12/2009 19:40,213,0.1,0.1,26.8,76,29.3,0,36162,0,0
1/12/2009 19:50,213,0.1,0.1,27,76,29.3,0,36162,0,0
1/12/2009 20:00,213,0.1,0.1,27.2,75,29.2,0,36162,0,0
1/12/2009 20:10,213,0.1,0.1,27.2,76,29.2,0,36162,0,0
1/12/2009 20:20,213,0.1,0.1,27.2,76,29.2,0,36162,0,0
1/12/2009 20:30,213,0.1,0.1,27.4,77,29.2,0,36162,0,0
1/12/2009 20:40,213,0.1,0.1,27.5,77,29.2,0,36162,0,0
1/12/2009 20:50,213,0.1,0.1,27.7,77,29.2,0,36162,0,0
1/12/2009 21:00,213,0.1,0.1,27.9,77,29.2,0,36162,0,0
1/12/2009 21:10,213,0.1,0.1,28.1,77,29.2,0,36162,0,0
1/12/2009 21:20,213,0.1,0.1,28.1,77,29.2,0,36162,0,0
1/12/2009 21:30,213,0.1,0.1,28.3,78,29.2,0,36162,0,0
1/12/2009 21:40,213,0.1,0.1,28.4,78,29.2,0,36162,0,0
1/12/2009 21:50,213,0.1,0.1,28.6,78,29.2,0,36162,0,0
1/12/2009 22:00,213,0.1,0.1,28.8,78,29.2,0,36162,0,0
1/12/2009 22:10,213,0.1,0.1,29,78,29.2,0,36162,0,0
1/12/2009 22:20,213,0.1,0.1,29,78,29.2,0,36162,0,0
1/12/2009 22:30,213,0.1,0.1,29.2,78,29.2,0,36162,0,0
1/12/2009 22:40,213,0.1,0.1,29.2,78,29.2,0,36162,0,0
1/12/2009 22:50,213,0.1,0.1,29.3,78,29.2,0,36162,0,0
1/12/2009 23:00,213,0.1,0.1,29.5,78,29.2,0,36162,0,0
1/12/2009 23:10,213,0.1,0.1,29.5,78,29.1,0,36162,0,0
1/12/2009 23:20,213,0.1,0.1,29.7,78,29.1,0,36162,0,0
1/12/2009 23:30,213,0.1,0.1,30.1,77,29.1,0,36162,0,0
1/12/2009 23:40,213,0.1,0.1,30.4,76,29.1,0,36162,0,0
1/12/2009 23:50,213,0.1,0.1,30.6,76,29.1,0,36162,0,0
1/13/2009 0:00,213,0.1,0.1,31.3,74,29.1,0,36162,0,0
1/13/2009 0:10,213,0.1,0.1,31.5,74,29.1,0,36162,0,0
1/13/2009 0:20,213,0.1,0.1,31.7,74,29.1,0,36162,0,0
1/13/2009 0:30,213,0.1,0.1,31.7,74,29.1,0,36162,0,0
1/13/2009 0:40,213,0.1,0.1,31.5,75,29.1,0,36162,0,0
1/13/2009 0:50,213,0.1,0.1,31.3,75,29.1,0,36162,0,0
1/13/2009 1:00,213,0.1,0.1,31.5,75,29.1,0,36162,0,0
1/13/2009 1:10,213,0.1,0.1,31.7,75,29.1,0,36162,0,0
1/13/2009 1:20,213,0.1,0.1,31.9,74,29.1,0,36162,0,0
1/13/2009 1:30,213,0.1,0.1,32,74,29.1,0,36162,0,0
1/13/2009 1:40,213,0.1,0.1,32,73,29.1,0,36162,0,0
1/13/2009 1:50,213,0.1,0.1,32.1,73,29.1,0,36162,0,0
1/13/2009 2:00,213,0.1,0.1,32.3,72,29.1,0,36162,0,0
1/13/2009 2:10,213,0.1,0.1,32.3,73,29,0,36162,0,0
1/13/2009 2:20,213,0.1,0.1,32,75,29.1,0,36162,0,0
1/13/2009 2:30,213,0.1,0.1,32,78,29,0,36162,0,0
1/13/2009 2:40,213,0.1,0.1,32,78,29,0,36162,0,0
1/13/2009 2:50,213,0.1,0.1,32,80,29,0,36162,0,0
1/13/2009 3:00,213,0.1,0.1,32,79,29,0,36162,0,0
1/13/2009 3:10,213,0.1,0.1,32.3,77,29,0,36162,0,0
1/13/2009 3:20,213,0.1,0.1,32.3,77,29,0,36162,0,0
1/13/2009 3:30,213,0.1,0.1,32.3,78,29,0,36162,0,0
1/13/2009 3:40,213,0.1,0.1,32.1,79,29,0,36182,0,0
1/13/2009 3:50,213,0.1,0.1,32,80,29,0,36202,0,0
1/13/2009 4:00,213,0.1,0.1,32,83,29,0,36212,0,0
1/13/2009 4:10,213,0.1,0.1,31.9,84,29,0,36222,0,0
1/13/2009 4:20,213,0.1,0.1,32,82,28.9,0,36232,0,0
1/13/2009 4:30,213,0.1,0.1,32.3,81,28.9,0,36462,0,0
1/13/2009 4:40,213,0.1,0.1,32.7,80,28.9,0,36502,0,0
1/13/2009 4:50,213,0.1,0.1,32.9,78,28.9,0,36512,0,0
1/13/2009 5:00,213,0.1,0.1,32.9,77,28.9,0,36512,0,0
1/13/2009 5:10,213,0.1,0.1,33,76,28.9,0,36512,0,0
1/13/2009 5:20,213,0.1,0.1,33,75,28.9,0,36512,0,0
1/13/2009 5:30,213,0.1,0.1,33,76,28.9,0,36512,0,0
1/13/2009 5:40,213,0.1,0.1,33,77,28.9,0,36522,0,0
1/13/2009 5:50,213,0.1,0.1,32.9,78,28.9,0,36522,0,0
1/13/2009 6:00,213,0.1,0.1,33.6,78,28.9,0,36622,0,0
1/13/2009 6:10,213,0.1,0.1,33.2,81,28.9,0,36642,0,0
1/13/2009 6:20,213,0.1,0.1,33.6,79,28.9,0,36662,0,0
1/13/2009 6:30,213,0.1,0.1,33.6,77,28.9,0,36672,0,0
1/13/2009 6:40,213,0.1,0.1,33.8,77,28.9,0,36672,0,0
1/13/2009 6:50,213,0.1,0.1,33.8,77,28.9,0,36672,0,0
1/13/2009 7:00,213,0.1,0.1,33.4,79,28.9,0,36672,0,0
1/13/2009 7:10,213,0.1,0.1,33.2,81,28.9,0,36692,0,0
1/13/2009 7:20,213,0.1,0.1,32.9,84,28.9,0,36702,0,0
1/13/2009 7:30,213,0.1,0.1,33,83,28.9,0,36702,0,0
1/13/2009 7:40,213,0.1,0.1,32.9,84,28.9,0,36702,0,0
1/13/2009 7:50,213,0.1,0.1,32.9,84,28.9,0,36712,0,0
1/13/2009 8:00,213,0.1,0.1,33,84,28.9,0,36712,0,0
1/13/2009 8:10,213,0.1,0.1,33,84,28.9,0,36712,0,0
1/13/2009 8:20,213,0.1,0.1,32.9,86,28.9,0,36712,0,0
1/13/2009 8:30,213,0.1,0.1,32.9,86,28.9,0,36712,0,0
1/13/2009 8:40,213,0.1,0.1,33.2,84,28.9,0,36712,0,0
1/13/2009 8:50,213,0.1,0.1,33.8,82,28.9,0,36712,0,0
1/13/2009 9:00,213,0.1,0.1,33.9,81,28.9,0,36712,0,0
1/13/2009 9:10,213,0.1,0.1,34.1,81,28.9,0,36722,0,0
1/13/2009 9:20,213,0.1,0.1,33.9,83,28.9,0,36722,0,0
1/13/2009 9:30,213,0.1,0.1,33.6,85,28.9,0,36722,0,0
1/13/2009 9:40,213,0.1,0.1,33.6,86,28.9,0,36722,0,0
1/13/2009 9:50,213,0.1,0.1,33.8,86,28.9,0,36722,0,0
1/13/2009 10:00,213,0.1,0.1,33.9,85,28.9,0,36722,0,0
1/13/2009 10:10,213,0.1,0.1,34.1,84,28.9,0,36792,0,0
1/13/2009 10:20,213,0.1,0.1,34.1,84,28.9,0,36872,0,0
1/13/2009 10:30,213,0.1,0.1,34.1,84,28.9,0,36872,0,0
1/13/2009 10:40,213,0.1,0.1,34.3,84,28.9,0,36872,0,0
1/13/2009 10:50,213,0.1,0.1,34.1,85,28.9,0,36872,0,0
1/13/2009 11:00,213,0.1,0.1,33.2,88,28.9,0,37012,0.01,0.01
1/13/2009 11:10,213,0.1,0.1,32.3,91,28.9,0,37402,0.04,0.04
1/13/2009 11:20,213,0.1,0.1,32,92,28.9,0,37872,0,0
1/13/2009 11:30,213,0.1,0.1,32.1,90,28.9,0,37972,0,0
1/13/2009 11:40,213,0.1,0.1,32,89,28.9,0,37982,0,0
1/13/2009 11:50,213,0.1,0.1,30.1,90,28.9,0,38142,0,0
1/13/2009 12:00,213,0.1,0.1,28.6,90,28.9,0,38342,0,0
1/13/2009 12:10,213,0.1,0.1,28.1,90,28.9,0,38502,0.01,0.01
1/13/2009 12:20,213,0.1,0.1,27.7,90,28.9,0,38672,0,0
1/13/2009 12:30,213,0.1,0.1,27.2,89,28.9,0,38872,0.02,0.02
1/13/2009 12:40,213,0.1,0.1,26.8,87,28.9,0,38992,0,0
1/13/2009 12:50,213,0.1,0.1,26.8,88,28.9,0,39032,0.01,0.01
1/13/2009 13:00,213,0.1,0.1,26.1,84,28.9,0,39342,0,0
1/13/2009 13:10,213,0.1,0.1,26.3,88,28.9,0,39482,0,0
1/13/2009 13:20,213,0.1,0.1,25.9,85,28.9,0,39552,0,0
1/13/2009 13:30,213,0.1,0.1,25.6,84,29,0,39602,0,0
1/13/2009 13:40,213,0.1,0.1,25.4,83,29,0,39632,0,0
1/13/2009 13:50,213,0.1,0.1,25.2,80,29,0,39672,0.01,0.01
1/13/2009 14:00,213,0.1,0.1,24.8,83,29,0,39782,0,0
1/13/2009 14:10,213,0.1,0.1,24.8,83,29,0,39862,0,0
1/13/2009 14:20,213,0.1,0.1,24.1,82,29,0,39992,0,0
1/13/2009 14:30,213,0.1,0.1,23.8,82,29,0,40102,0,0
1/13/2009 14:40,213,0.1,0.1,23.6,81,29,0,40282,0,0
1/13/2009 14:50,213,0.1,0.1,23.4,79,29,0,40322,0,0
1/13/2009 15:00,213,0.1,0.1,23.4,78,29,0,40352,0,0
1/13/2009 15:10,213,0.1,0.1,22.9,80,29,0,40392,0,0
1/13/2009 15:20,213,0.1,0.1,22.9,75,29,0,40492,0,0
1/13/2009 15:30,213,0.1,0.1,22.7,76,29.1,0,40562,0,0
1/13/2009 15:40,213,0.1,0.1,22.3,74,29.1,0,40892,0.01,0.01
1/13/2009 15:50,213,0.1,0.1,22,75,29.1,0,41232,0.02,0.02
1/13/2009 16:00,213,0.1,0.1,21.4,74,29.1,0,41372,0,0
1/13/2009 16:10,213,0.1,0.1,21.6,72,29.1,0,41452,0,0
1/13/2009 16:20,213,0.1,0.1,21.2,70,29.1,0,41522,0,0
1/13/2009 16:30,213,0.1,0.1,20.9,71,29.1,0,41612,0,0
1/13/2009 16:40,213,0.1,0.1,20.7,71,29.1,0,41732,0,0
1/13/2009 16:50,213,0.1,0.1,20.3,75,29.1,0,41872,0.04,0.04
1/13/2009 17:00,213,0.1,0.1,20,70,29.1,0,42222,0.01,0.01
1/13/2009 17:10,213,0.1,0.1,19.3,69,29.1,0,42482,0,0
1/13/2009 17:20,213,0.1,0.1,19.1,68,29.1,0,42762,0,0
1/13/2009 17:30,213,0.1,0.1,18.9,63,29.1,0,43062,0,0
1/13/2009 17:40,213,0.1,0.1,18.5,62,29.2,0,43242,0,0
1/13/2009 17:50,213,0.1,0.1,18,61,29.2,0,43432,0,0
1/13/2009 18:00,213,0.1,0.1,17.8,57,29.2,0,43562,0,0
1/13/2009 18:10,213,0.1,0.1,18,57,29.2,0,43682,0,0
1/13/2009 18:20,213,0.1,0.1,17.6,57,29.2,0,43702,0,0
1/13/2009 18:30,213,0.1,0.1,17.6,60,29.2,0,43742,0,0
1/13/2009 18:40,213,0.1,0.1,17.3,59,29.2,0,43752,0,0
1/13/2009 18:50,213,0.1,0.1,17.3,57,29.2,0,43752,0,0
1/13/2009 19:00,213,0.1,0.1,17.5,58,29.2,0,43752,0,0
1/13/2009 19:10,213,0.1,0.1,17.3,58,29.2,0,43792,0,0
1/13/2009 19:20,213,0.1,0.1,17.1,57,29.2,0,43832,0,0
1/13/2009 19:30,213,0.1,0.1,17.3,62,29.2,0,43842,0,0
1/13/2009 19:40,213,0.1,0.1,16.9,61,29.2,0,43862,0,0
1/13/2009 19:50,213,0.1,0.1,16.7,57,29.2,0,43862,0,0
1/13/2009 20:00,213,0.1,0.1,16.6,56,29.2,0,43862,0,0
1/13/2009 20:10,213,0.1,0.1,16.7,58,29.2,0,43862,0,0
1/13/2009 20:20,213,0.1,0.1,16.7,59,29.2,0,43862,0,0
1/13/2009 20:30,213,0.1,0.1,16.6,59,29.2,0,43862,0,0
1/13/2009 20:40,213,0.1,0.1,16.2,55,29.2,0,43862,0,0
1/13/2009 20:50,213,0.1,0.1,16.2,55,29.2,0,43862,0,0
1/13/2009 21:00,213,0.1,0.1,16.2,56,29.2,0,43882,0,0
1/13/2009 21:10,213,0.1,0.1,16.2,59,29.2,0,43882,0,0
1/13/2009 21:20,213,0.1,0.1,16.2,57,29.2,0,43882,0,0
1/13/2009 21:30,213,0.1,0.1,16,55,29.2,0,43882,0,0
1/13/2009 21:40,213,0.1,0.1,16,60,29.2,0,43882,0,0
1/13/2009 21:50,213,0.1,0.1,16.4,63,29.2,0,43882,0,0
1/13/2009 22:00,213,0.1,0.1,15.8,58,29.2,0,43882,0,0
1/13/2009 22:10,213,0.1,0.1,16,59,29.2,0,43882,0,0
1/13/2009 22:20,213,0.1,0.1,15.8,60,29.2,0,43882,0,0
1/13/2009 22:30,213,0.1,0.1,15.8,61,29.2,0,43882,0,0
1/13/2009 22:40,213,0.1,0.1,15.7,56,29.2,0,43882,0,0
1/13/2009 22:50,213,0.1,0.1,15.7,57,29.2,0,43882,0,0
1/13/2009 23:00,213,0.1,0.1,15.7,59,29.2,0,43882,0,0
1/13/2009 23:10,213,0.1,0.1,15.5,58,29.2,0,43882,0,0
1/13/2009 23:20,213,0.1,0.1,15.3,59,29.2,0,43882,0,0
1/13/2009 23:30,213,0.1,0.1,15.3,61,29.2,0,43882,0,0
1/13/2009 23:40,213,0.1,0.1,15.3,60,29.2,0,43882,0,0
1/13/2009 23:50,213,0.1,0.1,15.1,59,29.2,0,43882,0,0
1/14/2009 0:00,213,0.1,0.1,15.3,58,29.2,0,43882,0,0
1/14/2009 0:10,213,0.1,0.1,14.9,56,29.2,0,43882,0,0
1/14/2009 0:20,213,0.1,0.1,15.3,60,29.2,0,43882,0,0
1/14/2009 0:30,213,0.1,0.1,15.1,57,29.2,0,43882,0,0
1/14/2009 0:40,213,0.1,0.1,15.1,58,29.2,0,43882,0,0
1/14/2009 0:50,213,0.1,0.1,14.9,60,29.2,0,43882,0,0
1/14/2009 1:00,213,0.1,0.1,14.9,59,29.2,0,43882,0,0
1/14/2009 1:10,213,0.1,0.1,15.1,60,29.2,0,43882,0,0
1/14/2009 1:20,213,0.1,0.1,15.1,60,29.2,0,43882,0,0
1/14/2009 1:30,213,0.1,0.1,14.9,60,29.2,0,43882,0,0
1/14/2009 1:40,213,0.1,0.1,14.9,61,29.2,0,43882,0,0
1/14/2009 1:50,213,0.1,0.1,14.9,59,29.2,0,43882,0,0
1/14/2009 2:00,213,0.1,0.1,14.8,61,29.2,0,43882,0,0
1/14/2009 2:10,213,0.1,0.1,14.8,55,29.2,0,43882,0,0
1/14/2009 2:20,213,0.1,0.1,14.8,60,29.2,0,43882,0,0
1/14/2009 2:30,213,0.1,0.1,14.8,58,29.2,0,43882,0,0
1/14/2009 2:40,213,0.1,0.1,14.6,59,29.2,0,43882,0,0
1/14/2009 2:50,213,0.1,0.1,14.6,57,29.2,0,43882,0,0
1/14/2009 3:00,213,0.1,0.1,14.6,61,29.2,0,43882,0,0
1/14/2009 3:10,213,0.1,0.1,14.8,61,29.2,0,43882,0,0
1/14/2009 3:20,213,0.1,0.1,14.8,57,29.2,0,43882,0,0
1/14/2009 3:30,213,0.1,0.1,14.6,61,29.2,0,43882,0,0
1/14/2009 3:40,213,0.1,0.1,14.2,61,29.2,0,43882,0,0
1/14/2009 3:50,213,0.1,0.1,13.1,62,29.3,0,43882,0,0
1/14/2009 4:00,213,0.1,0.1,12.6,64,29.2,0,43882,0,0
1/14/2009 4:10,213,0.1,0.1,12.4,64,29.3,0,43882,0,0
1/14/2009 4:20,213,0.1,0.1,12.4,64,29.3,0,43882,0,0
1/14/2009 4:30,213,0.1,0.1,12.1,64,29.3,0,43882,0,0
1/14/2009 4:40,213,0.1,0.1,12.1,63,29.3,0,43882,0,0
1/14/2009 4:50,213,0.1,0.1,12.2,64,29.3,0,43882,0,0
1/14/2009 5:00,213,0.1,0.1,12.2,63,29.3,0,43882,0,0
1/14/2009 5:10,213,0.1,0.1,12.2,63,29.3,0,43882,0,0
1/14/2009 5:20,213,0.1,0.1,11.7,63,29.3,0,43882,0,0
1/14/2009 5:30,213,0.1,0.1,11.3,61,29.3,0,43882,0,0
1/14/2009 5:40,213,0.1,0.1,11.2,62,29.2,0,43942,0,0
1/14/2009 5:50,213,0.1,0.1,11.2,59,29.2,0,43942,0,0
1/14/2009 6:00,213,0.1,0.1,10.8,61,29.2,0,43942,0,0
1/14/2009 6:10,213,0.1,0.1,10.4,60,29.2,0,43942,0,0
1/14/2009 6:20,213,0.1,0.1,10.4,61,29.2,0,43942,0,0
1/14/2009 6:30,213,0.1,0.1,10.3,62,29.2,0,43942,0,0
1/14/2009 6:40,213,0.1,0.1,10.3,61,29.2,0,43942,0,0
1/14/2009 6:50,213,0.1,0.1,10.1,61,29.2,0,43942,0,0
1/14/2009 7:00,213,0.1,0.1,10.3,60,29.2,0,43942,0,0
1/14/2009 7:10,213,0.1,0.1,10.6,60,29.2,0,43942,0,0
1/14/2009 7:20,213,0.1,0.1,11,60,29.3,0,43942,0,0
1/14/2009 7:30,213,0.1,0.1,11.7,60,29.3,0,43942,0,0
1/14/2009 7:40,213,0.1,0.1,12.2,58,29.3,0,43942,0,0
1/14/2009 7:50,213,0.1,0.1,13,57,29.3,0,43942,0,0
1/14/2009 8:00,213,0.1,0.1,13,57,29.3,0,43942,0,0
1/14/2009 8:10,213,0.1,0.1,12.8,57,29.2,0,43942,0,0
1/14/2009 8:20,213,0.1,0.1,12.8,58,29.3,0,43942,0,0
1/14/2009 8:30,213,0.1,0.1,13,57,29.3,0,43942,0,0
1/14/2009 8:40,213,0.1,0.1,13,57,29.3,0,43942,0,0
1/14/2009 8:50,213,0.1,0.1,13.1,56,29.3,0,43942,0,0
1/14/2009 9:00,213,0.1,0.1,13.1,57,29.3,0,43942,0,0
1/14/2009 9:10,213,0.1,0.1,13.3,57,29.3,0,43942,0,0
1/14/2009 9:20,213,0.1,0.1,13.3,55,29.3,0,43942,0,0
1/14/2009 9:30,213,0.1,0.1,13.7,54,29.3,0,43942,0,0
1/14/2009 9:40,213,0.1,0.1,13.9,55,29.3,0,43942,0,0
1/14/2009 9:50,213,0.1,0.1,14,53,29.3,0,43942,0,0
1/14/2009 10:00,213,0.1,0.1,14,55,29.2,0,43942,0,0
1/14/2009 10:10,213,0.1,0.1,14,54,29.2,0,43942,0,0
1/14/2009 10:20,213,0.1,0.1,13.9,55,29.2,0,43942,0,0
1/14/2009 10:30,213,0.1,0.1,14.4,56,29.2,0,43942,0,0
1/14/2009 10:40,213,0.1,0.1,14.2,56,29.2,0,43942,0,0
1/14/2009 10:50,213,0.1,0.1,14.2,57,29.2,0,43942,0,0
1/14/2009 11:00,213,0.1,0.1,14.2,56,29.2,0,43942,0,0
1/14/2009 11:10,213,0.1,0.1,14.9,54,29.2,0,43942,0,0
1/14/2009 11:20,213,0.1,0.1,15.1,54,29.2,0,43942,0,0
1/14/2009 11:30,213,0.1,0.1,14.4,54,29.2,0,43942,0,0
1/14/2009 11:40,213,0.1,0.1,14.4,56,29.2,0,43942,0,0
1/14/2009 11:50,213,0.1,0.1,14.2,60,29.2,0,43942,0,0
1/14/2009 12:00,213,0.1,0.1,14.2,63,29.2,0,43942,0,0
1/14/2009 12:10,213,0.1,0.1,13.9,64,29.2,0,43942,0,0
1/14/2009 12:20,213,0.1,0.1,13.5,68,29.2,0,43942,0,0
1/14/2009 12:30,213,0.1,0.1,13.5,70,29.2,0,43942,0,0
1/14/2009 12:40,213,0.1,0.1,13.5,73,29.2,0,43942,0,0
1/14/2009 12:50,213,0.1,0.1,13.5,74,29.2,0,43942,0,0
1/14/2009 13:00,213,0.1,0.1,14,76,29.2,0,43942,0,0
1/14/2009 13:10,213,0.1,0.1,13.7,77,29.2,0,43942,0,0
1/14/2009 13:20,213,0.1,0.1,13.9,77,29.2,0,43942,0,0
1/14/2009 13:30,213,0.1,0.1,13.5,75,29.2,0,43942,0,0
1/14/2009 13:40,213,0.1,0.1,13.3,77,29.2,0,43942,0,0
1/14/2009 13:50,213,0.1,0.1,13.5,76,29.2,0,43942,0,0
1/14/2009 14:00,213,0.1,0.1,13.7,75,29.2,0,43942,0,0
1/14/2009 14:10,213,0.1,0.1,13.9,74,29.2,0,43942,0,0
1/14/2009 14:20,213,0.1,0.1,13.9,73,29.2,0,43942,0,0
1/14/2009 14:30,213,0.1,0.1,14.4,73,29.2,0,43942,0,0
1/14/2009 14:40,213,0.1,0.1,13.9,73,29.2,0,43942,0,0
1/14/2009 14:50,213,0.1,0.1,13.9,74,29.2,0,43942,0,0
1/14/2009 15:00,213,0.1,0.1,13.5,74,29.2,0,43942,0,0
1/14/2009 15:10,213,0.1,0.1,13.9,74,29.2,0,43942,0,0
1/14/2009 15:20,213,0.1,0.1,14,76,29.2,0,43942,0,0
1/14/2009 15:30,213,0.1,0.1,14.2,76,29.2,0,43942,0,0
1/14/2009 15:40,213,0.1,0.1,13.9,75,29.2,0,43942,0,0
1/14/2009 15:50,213,0.1,0.1,13.7,77,29.2,0,43942,0,0
1/14/2009 16:00,213,0.1,0.1,13.5,78,29.2,0,43942,0,0
1/14/2009 16:10,213,0.1,0.1,14.4,78,29.2,0,43942,0,0
1/14/2009 16:20,213,0.1,0.1,13.5,78,29.2,0,43942,0,0
1/14/2009 16:30,213,0.1,0.1,13.3,79,29.2,0,43942,0,0
1/14/2009 16:40,213,0.1,0.1,13.3,80,29.2,0,43942,0,0
1/14/2009 16:50,213,0.1,0.1,13.1,81,29.2,0,43942,0,0
1/14/2009 17:00,213,0.1,0.1,13.1,82,29.2,0,43942,0,0
1/14/2009 17:10,213,0.1,0.1,13.1,82,29.2,0,43942,0,0
1/14/2009 17:20,213,0.1,0.1,13.3,81,29.2,0,43942,0,0
1/14/2009 17:30,213,0.1,0.1,13.1,82,29.2,0,43942,0,0
1/14/2009 17:40,213,0.1,0.1,13.1,81,29.2,0,43942,0,0
1/14/2009 17:50,213,0.1,0.1,13.3,82,29.2,0,43942,0,0
1/14/2009 18:00,213,0.1,0.1,14.6,81,29.2,0,43942,0,0
1/14/2009 18:10,213,0.1,0.1,13.5,82,29.2,0,43942,0,0
1/14/2009 18:20,213,0.1,0.1,13.3,82,29.2,0,43942,0,0
1/14/2009 18:30,213,0.1,0.1,13.3,84,29.2,0,43942,0,0
1/14/2009 18:40,213,0.1,0.1,13.3,84,29.2,0,43942,0,0
1/14/2009 18:50,213,0.1,0.1,14.9,81,29.2,0,43942,0,0
1/14/2009 19:00,213,0.1,0.1,14.9,81,29.2,0,43942,0,0
1/14/2009 19:10,213,0.1,0.1,14.9,79,29.2,0,43942,0,0
1/14/2009 19:20,213,0.1,0.1,14.9,80,29.2,0,43942,0,0
1/14/2009 19:30,213,0.1,0.1,15.1,80,29.2,0,43942,0,0
1/14/2009 19:40,213,0.1,0.1,15.3,80,29.2,0,43942,0,0
1/14/2009 19:50,213,0.1,0.1,14.9,80,29.2,0,43942,0,0
1/14/2009 20:00,213,0.1,0.1,14.8,81,29.2,0,43942,0,0
1/14/2009 20:10,213,0.1,0.1,14.6,82,29.2,0,43942,0,0
1/14/2009 20:20,213,0.1,0.1,14.8,80,29.2,0,43942,0,0
1/14/2009 20:30,213,0.1,0.1,14.8,82,29.2,0,43942,0,0
1/14/2009 20:40,213,0.1,0.1,14.4,81,29.2,0,43942,0,0
1/14/2009 20:50,213,0.1,0.1,13.3,85,29.2,0,43942,0,0
1/14/2009 21:00,213,0.1,0.1,13.5,87,29.2,0,43942,0,0
1/14/2009 21:10,213,0.1,0.1,13.9,87,29.2,0,43942,0,0
1/14/2009 21:20,213,0.1,0.1,14,87,29.2,0,43942,0,0
1/14/2009 21:30,213,0.1,0.1,14.2,84,29.2,0,43942,0,0
1/14/2009 21:40,213,0.1,0.1,14.2,83,29.2,0,43942,0,0
1/14/2009 21:50,213,0.1,0.1,14.2,82,29.2,0,43942,0,0
1/14/2009 22:00,213,0.1,0.1,14,82,29.2,0,43942,0,0
1/14/2009 22:10,213,0.1,0.1,14,81,29.2,0,43942,0,0
1/14/2009 22:20,213,0.1,0.1,13.9,83,29.2,0,43942,0,0
1/14/2009 22:30,213,0.1,0.1,13.9,79,29.2,0,43942,0,0
1/14/2009 22:40,213,0.1,0.1,13.9,78,29.2,0,43942,0,0
1/14/2009 22:50,213,0.1,0.1,13.7,80,29.2,0,43942,0,0
1/14/2009 23:00,213,0.1,0.1,13.7,79,29.2,0,43942,0,0
1/14/2009 23:10,213,0.1,0.1,13.7,79,29.2,0,43942,0,0
1/14/2009 23:20,213,0.1,0.1,13.7,79,29.2,0,43942,0,0
1/14/2009 23:30,213,0.1,0.1,13.5,76,29.2,0,43942,0,0
1/14/2009 23:40,213,0.1,0.1,13.5,74,29.2,0,43942,0,0
1/14/2009 23:50,213,0.1,0.1,13.5,75,29.3,0,43942,0,0
1/15/2009 0:00,213,0.1,0.1,13.5,74,29.3,0,43942,0,0
1/15/2009 0:10,213,0.1,0.1,13.5,72,29.3,0,43942,0,0
1/15/2009 0:20,213,0.1,0.1,13.5,73,29.3,0,43942,0,0
1/15/2009 0:30,213,0.1,0.1,13.1,72,29.3,0,43942,0,0
1/15/2009 0:40,213,0.1,0.1,13.1,72,29.3,0,43942,0,0
1/15/2009 0:50,213,0.1,0.1,13.3,73,29.3,0,43942,0,0
1/15/2009 1:00,213,0.1,0.1,13,74,29.3,0,43942,0,0
1/15/2009 1:10,213,0.1,0.1,13,75,29.3,0,43942,0,0
1/15/2009 1:20,213,0.1,0.1,12.8,76,29.3,0,43942,0,0
1/15/2009 1:30,213,0.1,0.1,12.8,76,29.3,0,43942,0,0
1/15/2009 1:40,213,0.1,0.1,12.6,75,29.3,0,43942,0,0
1/15/2009 1:50,213,0.1,0.1,12.6,75,29.3,0,43942,0,0
1/15/2009 2:00,213,0.1,0.1,12.6,74,29.3,0,43942,0,0
1/15/2009 2:10,213,0.1,0.1,12.6,73,29.3,0,43942,0,0
1/15/2009 2:20,213,0.1,0.1,12.6,73,29.3,0,43942,0,0
1/15/2009 2:30,213,0.1,0.1,12.6,74,29.3,0,43942,0,0
1/15/2009 2:40,213,0.1,0.1,12.6,77,29.3,0,43942,0,0
1/15/2009 2:50,213,0.1,0.1,12.4,82,29.3,0,43942,0,0
1/15/2009 3:00,213,0.1,0.1,13,76,29.3,0,43942,0,0
1/15/2009 3:10,213,0.1,0.1,13.1,70,29.3,0,43942,0,0
1/15/2009 3:20,213,0.1,0.1,13.3,68,29.3,0,43942,0,0
1/15/2009 3:30,213,0.1,0.1,13.1,66,29.3,0,43942,0,0
1/15/2009 3:40,213,0.1,0.1,13.3,65,29.3,0,43942,0,0
1/15/2009 3:50,213,0.1,0.1,13.3,66,29.3,0,43942,0,0
1/15/2009 4:00,-Invalid-,-Invalid-,-Invalid-,-Invalid-,-Invalid-,-Invalid-,-Invalid-,-Invalid-,-Invalid-,-Invalid-
1/15/2009 4:10,213,0.1,0.1,13.3,64,29.3,0,43942,0,0
1/15/2009 4:20,213,0.1,0.1,13.3,69,29.3,0,43942,0,0
1/15/2009 4:30,213,0.1,0.1,13.3,69,29.4,0,43942,0,0
1/15/2009 4:40,213,0.1,0.1,13,68,29.4,0,43942,0,0
1/15/2009 4:50,213,0.1,0.1,12.4,72,29.4,0,43942,0,0
1/15/2009 5:00,213,0.1,0.1,12.2,75,29.4,0,43942,0,0
1/15/2009 5:10,213,0.1,0.1,12.4,75,29.4,0,43942,0,0
1/15/2009 5:20,213,0.1,0.1,12.6,75,29.4,0,43942,0,0
1/15/2009 5:30,213,0.1,0.1,12.2,77,29.4,0,43942,0,0
1/15/2009 5:40,213,0.1,0.1,12.1,78,29.4,0,43942,0,0
1/15/2009 5:50,213,0.1,0.1,11.9,80,29.4,0,43942,0,0
1/15/2009 6:00,213,0.1,0.1,13,82,29.4,0,43942,0,0
1/15/2009 6:10,213,0.1,0.1,13.1,78,29.4,0,43942,0,0
1/15/2009 6:20,213,0.1,0.1,13.1,79,29.4,0,43942,0,0
1/15/2009 6:30,213,0.1,0.1,12.8,78,29.4,0,43942,0,0
1/15/2009 6:40,213,0.1,0.1,13,78,29.4,0,43942,0,0
1/15/2009 6:50,213,0.1,0.1,12.6,79,29.4,0,43942,0,0
1/15/2009 7:00,213,0.1,0.1,12.8,79,29.4,0,43942,0,0
1/15/2009 7:10,213,0.1,0.1,12.1,80,29.4,0,43952,0,0
1/15/2009 7:20,213,0.1,0.1,11.9,79,29.4,0,43952,0,0
1/15/2009 7:30,213,0.1,0.1,12.2,81,29.4,0,43972,0,0
1/15/2009 7:40,213,0.1,0.1,11.5,78,29.4,0,43972,0,0
1/15/2009 7:50,213,0.1,0.1,11.9,79,29.4,0,43972,0,0
1/15/2009 8:00,213,0.1,0.1,11.9,79,29.4,0,43972,0,0
1/15/2009 8:10,213,0.1,0.1,12.2,79,29.4,0,43972,0,0
1/15/2009 8:20,213,0.1,0.1,12.8,78,29.4,0,43972,0,0
1/15/2009 8:30,213,0.1,0.1,13.1,76,29.4,0,43972,0,0
1/15/2009 8:40,213,0.1,0.1,12.6,80,29.4,0,43972,0,0
1/15/2009 8:50,213,0.1,0.1,12.8,78,29.4,0,43972,0,0
1/15/2009 9:00,213,0.1,0.1,12.8,76,29.5,0,43972,0,0
1/15/2009 9:10,213,0.1,0.1,13,75,29.5,0,43982,0,0
1/15/2009 9:20,213,0.1,0.1,12.8,75,29.5,0,43982,0,0
1/15/2009 9:30,213,0.1,0.1,12.8,71,29.5,0,43982,0,0
1/15/2009 9:40,213,0.1,0.1,12.6,68,29.5,0,43982,0,0
1/15/2009 9:50,213,0.1,0.1,12.6,68,29.5,0,43982,0,0
1/15/2009 10:00,213,0.1,0.1,12.8,69,29.5,0,43982,0,0
1/15/2009 10:10,213,0.1,0.1,12.6,66,29.5,0,43982,0,0
1/15/2009 10:20,213,0.1,0.1,12.6,68,29.5,0,43982,0,0
1/15/2009 10:30,213,0.1,0.1,11.2,76,29.5,0,44032,0,0
1/15/2009 10:40,213,0.1,0.1,11.2,77,29.5,0,44092,0,0
1/15/2009 10:50,213,0.1,0.1,11.5,78,29.4,0,44172,0,0
1/15/2009 11:00,213,0.1,0.1,11,82,29.5,0,44222,0,0
1/15/2009 11:10,213,0.1,0.1,10.4,83,29.5,0,44302,0,0
1/15/2009 11:20,213,0.1,0.1,10.4,84,29.4,0,44342,0,0
1/15/2009 11:30,213,0.1,0.1,11.3,83,29.5,0,44432,0,0
1/15/2009 11:40,213,0.1,0.1,11.2,81,29.5,0,44502,0,0
1/15/2009 11:50,213,0.1,0.1,10.6,80,29.5,0,44582,0,0
1/15/2009 12:00,213,0.1,0.1,10.8,83,29.5,0,44602,0,0
1/15/2009 12:10,213,0.1,0.1,10.6,82,29.5,0,44632,0,0
1/15/2009 12:20,213,0.1,0.1,10.6,80,29.5,0,44712,0,0
1/15/2009 12:30,213,0.1,0.1,10.8,77,29.5,0,44782,0,0
1/15/2009 12:40,213,0.1,0.1,10.6,80,29.5,0,44822,0,0
1/15/2009 12:50,213,0.1,0.1,10.4,81,29.5,0,44912,0,0
1/15/2009 13:00,213,0.1,0.1,10.4,80,29.5,0,44942,0,0
1/15/2009 13:10,213,0.1,0.1,10.4,77,29.5,0,45012,0,0
1/15/2009 13:20,213,0.1,0.1,10.4,76,29.5,0,45042,0,0
1/15/2009 13:30,213,0.1,0.1,10.4,75,29.5,0,45092,0,0
1/15/2009 13:40,213,0.1,0.1,11,70,29.5,0,45112,0,0
1/15/2009 13:50,213,0.1,0.1,10.8,65,29.5,0,45202,0,0
1/15/2009 14:00,213,0.1,0.1,10.6,64,29.5,0,45222,0,0
1/15/2009 14:10,213,0.1,0.1,10.4,65,29.5,0,45232,0,0
1/15/2009 14:20,213,0.1,0.1,10.1,65,29.5,0,45312,0,0
1/15/2009 14:30,213,0.1,0.1,10.1,66,29.5,0,45352,0,0
1/15/2009 14:40,213,0.1,0.1,9.9,68,29.5,0,45392,0,0
1/15/2009 14:50,213,0.1,0.1,9.7,71,29.5,0,45392,0,0
1/15/2009 15:00,213,0.1,0.1,9.9,70,29.5,0,45402,0,0
1/15/2009 15:10,213,0.1,0.1,9.7,69,29.5,0,45412,0,0
1/15/2009 15:20,213,0.1,0.1,9.5,66,29.5,0,45422,0,0
1/15/2009 15:30,213,0.1,0.1,9.4,64,29.5,0,45422,0,0
1/15/2009 15:40,213,0.1,0.1,9.4,62,29.5,0,45422,0,0
1/15/2009 15:50,213,0.1,0.1,9.2,62,29.5,0,45432,0,0
1/15/2009 16:00,213,0.1,0.1,8.8,63,29.5,0,45432,0,0
1/15/2009 16:10,213,0.1,0.1,9,63,29.5,0,45442,0,0
1/15/2009 16:20,213,0.1,0.1,8.8,63,29.5,0,45442,0,0
1/15/2009 16:30,213,0.1,0.1,8.6,62,29.5,0,45452,0,0
1/15/2009 16:40,213,0.1,0.1,8.5,64,29.5,0,45462,0,0
1/15/2009 16:50,213,0.1,0.1,8.5,65,29.5,0,45462,0,0
1/15/2009 17:00,213,0.1,0.1,8.5,69,29.5,0,45462,0,0
1/15/2009 17:10,213,0.1,0.1,8.3,75,29.5,0,45462,0,0
1/15/2009 17:20,213,0.1,0.1,8.1,77,29.5,0,45462,0,0
1/15/2009 17:30,213,0.1,0.1,7.9,79,29.5,0,45462,0,0
1/15/2009 17:40,213,0.1,0.1,7.9,82,29.5,0,45462,0,0
1/15/2009 17:50,213,0.1,0.1,8.1,82,29.5,0,45462,0,0
1/15/2009 18:00,213,0.1,0.1,7.9,82,29.5,0,45462,0,0
1/15/2009 18:10,213,0.1,0.1,7.9,83,29.5,0,45462,0,0
1/15/2009 18:20,213,0.1,0.1,7.9,81,29.5,0,45462,0,0
1/15/2009 18:30,213,0.1,0.1,7.7,82,29.5,0,45462,0,0
1/15/2009 18:40,213,0.1,0.1,7.7,83,29.5,0,45462,0,0
1/15/2009 18:50,213,0.1,0.1,7.9,81,29.5,0,45462,0,0
1/15/2009 19:00,213,0.1,0.1,8.1,78,29.5,0,45462,0,0
1/15/2009 19:10,213,0.1,0.1,7.9,77,29.5,0,45462,0,0
1/15/2009 19:20,213,0.1,0.1,7.6,77,29.5,0,45472,0,0
1/15/2009 19:30,213,0.1,0.1,7.4,77,29.5,0,45472,0,0
1/15/2009 19:40,213,0.1,0.1,7.2,79,29.5,0,45472,0,0
1/15/2009 19:50,213,0.1,0.1,7.2,79,29.5,0,45472,0,0
1/15/2009 20:00,213,0.1,0.1,7,77,29.5,0,45472,0,0
1/15/2009 20:10,213,0.1,0.1,6.8,77,29.5,0,45472,0,0
1/15/2009 20:20,213,0.1,0.1,6.8,77,29.5,0,45472,0,0
1/15/2009 20:30,213,0.1,0.1,6.3,77,29.5,0,45472,0,0
1/15/2009 20:40,213,0.1,0.1,5.9,78,29.5,0,45472,0,0
1/15/2009 20:50,213,0.1,0.1,5.8,78,29.5,0,45472,0,0
1/15/2009 21:00,213,0.1,0.1,5.8,78,29.5,0,45482,0,0
1/15/2009 21:10,213,0.1,0.1,5.4,77,29.5,0,45482,0,0
1/15/2009 21:20,213,0.1,0.1,5,77,29.5,0,45492,0,0
1/15/2009 21:30,213,0.1,0.1,4.7,77,29.5,0,45492,0,0
1/15/2009 21:40,213,0.1,0.1,4.1,76,29.5,0,45512,0,0
1/15/2009 21:50,213,0.1,0.1,3.8,76,29.5,0,45522,0,0
1/15/2009 22:00,213,0.1,0.1,3.4,75,29.5,0,45522,0,0
1/15/2009 22:10,213,0.1,0.1,3.2,75,29.5,0,45532,0,0
1/15/2009 22:20,213,0.1,0.1,3.1,75,29.5,0,45542,0,0
1/15/2009 22:30,213,0.1,0.1,2.9,76,29.5,0,45542,0,0
1/15/2009 22:40,213,0.1,0.1,2.9,76,29.5,0,45542,0,0
1/15/2009 22:50,213,0.1,0.1,2.5,76,29.5,0,45542,0,0
1/15/2009 23:00,213,0.1,0.1,2.2,76,29.5,0,45542,0,0
1/15/2009 23:10,213,0.1,0.1,1.8,76,29.5,0,45542,0,0
1/15/2009 23:20,213,0.1,0.1,1.6,76,29.5,0,45542,0,0
1/15/2009 23:30,213,0.1,0.1,1.4,76,29.5,0,45542,0,0
1/15/2009 23:40,213,0.1,0.1,1.4,77,29.5,0,45552,0,0
1/15/2009 23:50,213,0.1,0.1,1.1,76,29.5,0,45552,0,0
1/16/2009 0:00,213,0.1,0.1,0.9,76,29.5,0,45552,0,0
1/16/2009 0:10,213,0.1,0.1,0.7,76,29.5,0,45552,0,0
1/16/2009 0:20,213,0.1,0.1,0.5,76,29.6,0,45552,0,0
1/16/2009 0:30,213,0.1,0.1,0.4,76,29.6,0,45552,0,0
1/16/2009 0:40,213,0.1,0.1,0,76,29.6,0,45552,0,0
1/16/2009 0:50,213,0.1,0.1,0,76,29.6,0,45552,0,0
1/16/2009 1:00,213,0.1,0.1,-0.4,77,29.6,0,45552,0,0
1/16/2009 1:10,213,0.1,0.1,-0.5,76,29.6,0,45562,0,0
1/16/2009 1:20,213,0.1,0.1,-0.7,77,29.6,0,45572,0,0
1/16/2009 1:30,213,0.1,0.1,-0.9,77,29.6,0,45572,0,0
1/16/2009 1:40,213,0.1,0.1,-1.3,76,29.6,0,45572,0,0
1/16/2009 1:50,213,0.1,0.1,-1.4,76,29.6,0,45572,0,0
1/16/2009 2:00,213,0.1,0.1,-1.6,76,29.6,0,45572,0,0
1/16/2009 2:10,213,0.1,0.1,-1.8,76,29.6,0,45572,0,0
1/16/2009 2:20,213,0.1,0.1,-2,76,29.6,0,45572,0,0
1/16/2009 2:30,213,0.1,0.1,-2.2,76,29.6,0,45582,0,0
1/16/2009 2:40,213,0.1,0.1,-2.5,76,29.6,0,45582,0,0
1/16/2009 2:50,213,0.1,0.1,-2.9,76,29.6,0,45602,0,0
1/16/2009 3:00,213,0.1,0.1,-3.2,76,29.6,0,45612,0,0
1/16/2009 3:10,213,0.1,0.1,-3.6,76,29.6,0,45612,0,0
1/16/2009 3:20,213,0.1,0.1,-3.8,76,29.6,0,45612,0,0
1/16/2009 3:30,213,0.1,0.1,-3.8,76,29.6,0,45612,0,0
1/16/2009 3:40,213,0.1,0.1,-3.8,76,29.6,0,45622,0,0
1/16/2009 3:50,213,0.1,0.1,-3.8,76,29.6,0,45632,0,0
1/16/2009 4:00,213,0.1,0.1,-4,75,29.6,0,45642,0,0
1/16/2009 4:10,213,0.1,0.1,-4.3,75,29.6,0,45642,0,0
1/16/2009 4:20,213,0.1,0.1,-4.5,75,29.6,0,45642,0,0
1/16/2009 4:30,213,0.1,0.1,-4.7,75,29.6,0,45642,0,0
1/16/2009 4:40,213,0.1,0.1,-4.9,75,29.6,0,45642,0,0
1/16/2009 4:50,213,0.1,0.1,-5,75,29.6,0,45642,0,0
1/16/2009 5:00,213,0.1,0.1,-5,75,29.6,0,45642,0,0
1/16/2009 5:10,213,0.1,0.1,-4.9,75,29.6,0,45642,0,0
1/16/2009 5:20,213,0.1,0.1,-5.2,75,29.6,0,45642,0,0
1/16/2009 5:30,213,0.1,0.1,-5,75,29.6,0,45642,0,0
1/16/2009 5:40,213,0.1,0.1,-5.2,75,29.6,0,45642,0,0
1/16/2009 5:50,213,0.1,0.1,-5.4,76,29.7,0,45642,0,0
1/16/2009 6:00,213,0.1,0.1,-5.4,76,29.7,0,45642,0,0
1/16/2009 6:10,213,0.1,0.1,-5.4,75,29.7,0,45642,0,0
1/16/2009 6:20,213,0.1,0.1,-5,76,29.7,0,45642,0,0
1/16/2009 6:30,213,0.1,0.1,-4.5,75,29.7,0,45642,0,0
1/16/2009 6:40,213,0.1,0.1,-4.5,75,29.7,0,45642,0,0
1/16/2009 6:50,213,0.1,0.1,-4.3,75,29.7,0,45642,0,0
1/16/2009 7:00,213,0.1,0.1,-4.3,74,29.7,0,45642,0,0
1/16/2009 7:10,213,0.1,0.1,-4.1,74,29.7,0,45642,0,0
1/16/2009 7:20,213,0.1,0.1,-4.3,73,29.7,0,45642,0,0
1/16/2009 7:30,213,0.1,0.1,-3.8,72,29.7,0,45642,0,0
1/16/2009 7:40,213,0.1,0.1,-3.6,72,29.7,0,45662,0,0
1/16/2009 7:50,213,0.1,0.1,-3.2,71,29.7,0,45682,0,0
1/16/2009 8:00,213,0.1,0.1,-3.4,71,29.7,0,45722,0,0
1/16/2009 8:10,213,0.1,0.1,-3.2,71,29.7,0,45722,0,0
1/16/2009 8:20,213,0.1,0.1,-3.1,70,29.7,0,45722,0,0
1/16/2009 8:30,213,0.1,0.1,-2.5,71,29.7,0,45722,0,0
1/16/2009 8:40,213,0.1,0.1,-2,69,29.7,0,45722,0,0
1/16/2009 8:50,213,0.1,0.1,-1.8,69,29.7,0,45732,0,0
1/16/2009 9:00,213,0.1,0.1,-1.8,68,29.7,0,45732,0,0
1/16/2009 9:10,213,0.1,0.1,-0.9,68,29.7,0,45732,0,0
1/16/2009 9:20,213,0.1,0.1,-0.7,67,29.7,0,45732,0,0
1/16/2009 9:30,213,0.1,0.1,-0.4,67,29.7,0,45732,0,0
1/16/2009 9:40,213,0.1,0.1,0.2,66,29.7,0,45742,0,0
1/16/2009 9:50,213,0.1,0.1,1.3,64,29.7,0,45742,0,0
1/16/2009 10:00,213,0.1,0.1,1.4,64,29.7,0,45762,0,0
1/16/2009 10:10,213,0.1,0.1,2.5,63,29.7,0,45762,0,0
1/16/2009 10:20,213,0.1,0.1,2.9,63,29.7,0,45762,0,0
1/16/2009 10:30,213,0.1,0.1,3.2,62,29.7,0,45762,0,0
1/16/2009 10:40,213,0.1,0.1,3.8,61,29.7,0,45762,0,0
1/16/2009 10:50,213,0.1,0.1,3.8,61,29.7,0,45762,0,0
1/16/2009 11:00,213,0.1,0.1,4.3,61,29.7,0,45762,0,0
1/16/2009 11:10,213,0.1,0.1,4.5,62,29.7,0,45762,0,0
1/16/2009 11:20,213,0.1,0.1,5.2,61,29.7,0,45772,0,0
1/16/2009 11:30,213,0.1,0.1,5.6,62,29.7,0,45772,0,0
1/16/2009 11:40,213,0.1,0.1,5.4,63,29.7,0,45772,0,0
1/16/2009 11:50,213,0.1,0.1,5.9,66,29.7,0,45772,0,0
1/16/2009 12:00,213,0.1,0.1,5.9,72,29.7,0,45772,0,0
1/16/2009 12:10,213,0.1,0.1,5.8,72,29.7,0,45772,0,0
1/16/2009 12:20,213,0.1,0.1,5.9,74,29.7,0,45772,0,0
1/16/2009 12:30,213,0.1,0.1,5.9,75,29.7,0,45772,0,0
1/16/2009 12:40,213,0.1,0.1,5.8,74,29.7,0,45772,0,0
1/16/2009 12:50,213,0.1,0.1,6.3,76,29.7,0,45772,0,0
1/16/2009 13:00,213,0.1,0.1,6.7,73,29.7,0,45772,0,0
1/16/2009 13:10,213,0.1,0.1,6.5,73,29.7,0,45772,0,0
1/16/2009 13:20,213,0.1,0.1,6.8,73,29.7,0,45772,0,0
1/16/2009 13:30,213,0.1,0.1,6.8,74,29.7,0,45772,0,0
1/16/2009 13:40,213,0.1,0.1,6.8,73,29.7,0,45772,0,0
1/16/2009 13:50,213,0.1,0.1,6.8,72,29.7,0,45772,0,0
1/16/2009 14:00,213,0.1,0.1,7,73,29.7,0,45772,0,0
1/16/2009 14:10,213,0.1,0.1,7,74,29.7,0,45772,0,0
1/16/2009 14:20,213,0.1,0.1,7.2,71,29.7,0,45772,0,0
1/16/2009 14:30,213,0.1,0.1,7.4,69,29.7,0,45772,0,0
1/16/2009 14:40,213,0.1,0.1,7.4,71,29.7,0,45772,0,0
1/16/2009 14:50,213,0.1,0.1,7.4,71,29.7,0,45772,0,0
1/16/2009 15:00,213,0.1,0.1,7.6,70,29.7,0,45772,0,0
1/16/2009 15:10,213,0.1,0.1,7.7,71,29.7,0,45772,0,0
1/16/2009 15:20,213,0.1,0.1,7.6,70,29.7,0,45772,0,0
1/16/2009 15:30,213,0.1,0.1,7.4,65,29.7,0,45772,0,0
1/16/2009 15:40,213,0.1,0.1,7.4,63,29.7,0,45772,0,0
1/16/2009 15:50,213,0.1,0.1,7.4,62,29.7,0,45772,0,0
1/16/2009 16:00,213,0.1,0.1,7.6,61,29.7,0,45772,0,0
1/16/2009 16:10,213,0.1,0.1,7.4,62,29.7,0,45772,0,0
1/16/2009 16:20,213,0.1,0.1,7.2,63,29.7,0,45792,0,0
1/16/2009 16:30,213,0.1,0.1,7.2,64,29.7,0,45792,0,0
1/16/2009 16:40,213,0.1,0.1,7.2,65,29.7,0,45792,0,0
1/16/2009 16:50,213,0.1,0.1,7,64,29.7,0,45792,0,0
1/16/2009 17:00,213,0.1,0.1,7,65,29.6,0,45792,0,0
1/16/2009 17:10,213,0.1,0.1,7,68,29.6,0,45792,0,0
1/16/2009 17:20,213,0.1,0.1,7,68,29.6,0,45792,0,0
1/16/2009 17:30,213,0.1,0.1,7,70,29.6,0,45792,0,0
1/16/2009 17:40,213,0.1,0.1,6.8,72,29.6,0,45792,0,0
1/16/2009 17:50,213,0.1,0.1,6.7,74,29.6,0,45792,0,0
1/16/2009 18:00,213,0.1,0.1,6.3,76,29.6,0,45792,0,0
1/16/2009 18:10,213,0.1,0.1,6.1,75,29.6,0,45792,0,0
1/16/2009 18:20,213,0.1,0.1,5.8,74,29.6,0,45792,0,0
1/16/2009 18:30,213,0.1,0.1,5.6,74,29.6,0,45812,0,0
1/16/2009 18:40,213,0.1,0.1,5.2,73,29.6,0,45832,0,0
1/16/2009 18:50,213,0.1,0.1,5,73,29.6,0,45872,0,0
1/16/2009 19:00,213,0.1,0.1,4.9,73,29.6,0,45892,0,0
1/16/2009 19:10,213,0.1,0.1,4.7,73,29.6,0,45902,0,0
1/16/2009 19:20,213,0.1,0.1,4.5,74,29.6,0,45922,0,0
1/16/2009 19:30,213,0.1,0.1,4.5,74,29.6,0,45922,0,0
1/16/2009 19:40,213,0.1,0.1,4.5,74,29.6,0,45922,0,0
1/16/2009 19:50,213,0.1,0.1,4.3,74,29.6,0,45922,0,0
1/16/2009 20:00,213,0.1,0.1,4.1,73,29.6,0,45922,0,0
1/16/2009 20:10,213,0.1,0.1,4,73,29.6,0,45922,0,0
1/16/2009 20:20,213,0.1,0.1,3.8,73,29.6,0,45922,0,0
1/16/2009 20:30,213,0.1,0.1,3.6,73,29.6,0,45922,0,0
1/16/2009 20:40,213,0.1,0.1,3.4,72,29.6,0,45922,0,0
1/16/2009 20:50,213,0.1,0.1,3.2,72,29.6,0,45922,0,0
1/16/2009 21:00,213,0.1,0.1,3.1,72,29.6,0,45932,0,0
1/16/2009 21:10,213,0.1,0.1,3.2,71,29.6,0,45932,0,0
1/16/2009 21:20,213,0.1,0.1,2.9,72,29.6,0,45932,0,0
1/16/2009 21:30,213,0.1,0.1,2.5,72,29.6,0,45932,0,0
1/16/2009 21:40,213,0.1,0.1,2.2,73,29.6,0,45932,0,0
1/16/2009 21:50,213,0.1,0.1,2,73,29.6,0,45932,0,0
1/16/2009 22:00,213,0.1,0.1,1.6,73,29.6,0,45932,0,0
1/16/2009 22:10,213,0.1,0.1,1.6,73,29.6,0,45932,0,0
1/16/2009 22:20,213,0.1,0.1,1.4,72,29.6,0,45932,0,0
1/16/2009 22:30,213,0.1,0.1,1.3,72,29.6,0,45932,0,0
1/16/2009 22:40,213,0.1,0.1,1.1,71,29.6,0,45932,0,0
1/16/2009 22:50,213,0.1,0.1,1.1,71,29.6,0,45932,0,0
1/16/2009 23:00,213,0.1,0.1,0.9,71,29.6,0,45932,0,0
1/16/2009 23:10,213,0.1,0.1,0.5,71,29.6,0,45932,0,0
1/16/2009 23:20,213,0.1,0.1,0.5,70,29.6,0,45932,0,0
1/16/2009 23:30,213,0.1,0.1,0.5,70,29.6,0,45932,0,0
1/16/2009 23:40,213,0.1,0.1,0.5,69,29.6,0,45932,0,0
1/16/2009 23:50,213,0.1,0.1,0.7,68,29.6,0,45932,0,0
1/17/2009 0:00,213,0.1,0.1,0.7,66,29.6,0,45932,0,0
1/17/2009 0:10,213,0.1,0.1,0.7,65,29.6,0,45932,0,0
1/17/2009 0:20,213,0.1,0.1,0.5,64,29.6,0,45932,0,0
1/17/2009 0:30,213,0.1,0.1,0.5,64,29.6,0,45932,0,0
1/17/2009 0:40,213,0.1,0.1,0.4,63,29.6,0,45932,0,0
1/17/2009 0:50,213,0.1,0.1,0,63,29.6,0,45932,0,0
1/17/2009 1:00,213,0.1,0.1,0.2,62,29.6,0,45932,0,0
1/17/2009 1:10,213,0.1,0.1,0.4,61,29.6,0,45932,0,0
1/17/2009 1:20,213,0.1,0.1,0.5,61,29.6,0,45932,0,0
1/17/2009 1:30,213,0.1,0.1,0,61,29.6,0,45932,0,0
1/17/2009 1:40,213,0.1,0.1,-0.2,62,29.6,0,45932,0,0
1/17/2009 1:50,213,0.1,0.1,-0.4,62,29.6,0,45932,0,0
1/17/2009 2:00,213,0.1,0.1,-0.5,61,29.6,0,45932,0,0
1/17/2009 2:10,213,0.1,0.1,-0.7,61,29.6,0,45932,0,0
1/17/2009 2:20,213,0.1,0.1,-0.7,60,29.6,0,45932,0,0
1/17/2009 2:30,213,0.1,0.1,-0.9,60,29.6,0,45932,0,0
1/17/2009 2:40,213,0.1,0.1,-0.7,59,29.6,0,45932,0,0
1/17/2009 2:50,213,0.1,0.1,-0.9,59,29.6,0,45932,0,0
1/17/2009 3:00,213,0.1,0.1,-1.1,58,29.6,0,45932,0,0
1/17/2009 3:10,213,0.1,0.1,-0.9,57,29.6,0,45932,0,0
1/17/2009 3:20,213,0.1,0.1,-0.9,57,29.6,0,45932,0,0
1/17/2009 3:30,213,0.1,0.1,-1.1,56,29.6,0,45932,0,0
1/17/2009 3:40,213,0.1,0.1,-1.1,56,29.6,0,45932,0,0
1/17/2009 3:50,213,0.1,0.1,-1.1,56,29.6,0,45932,0,0
1/17/2009 4:00,213,0.1,0.1,-1.1,55,29.6,0,45932,0,0
1/17/2009 4:10,213,0.1,0.1,-1.1,55,29.6,0,45932,0,0
1/17/2009 4:20,213,0.1,0.1,-1.1,55,29.5,0,45932,0,0
1/17/2009 4:30,213,0.1,0.1,-1.3,55,29.5,0,45932,0,0
1/17/2009 4:40,213,0.1,0.1,-1.1,53,29.5,0,45932,0,0
1/17/2009 4:50,213,0.1,0.1,-0.9,52,29.5,0,45962,0,0
1/17/2009 5:00,213,0.1,0.1,-0.5,51,29.5,0,45962,0,0
1/17/2009 5:10,213,0.1,0.1,-0.2,50,29.5,0,45992,0,0
1/17/2009 5:20,213,0.1,0.1,0.2,48,29.5,0,46002,0,0
1/17/2009 5:30,213,0.1,0.1,0.5,48,29.5,0,46082,0,0
1/17/2009 5:40,213,0.1,0.1,0.9,47,29.5,0,46112,0,0
1/17/2009 5:50,213,0.1,0.1,1.3,46,29.5,0,46192,0,0
1/17/2009 6:00,213,0.1,0.1,1.3,45,29.5,0,46262,0,0
1/17/2009 6:10,213,0.1,0.1,1.8,45,29.5,0,46322,0,0
1/17/2009 6:20,213,0.1,0.1,1.8,47,29.5,0,46322,0,0
1/17/2009 6:30,213,0.1,0.1,2,49,29.5,0,46322,0,0
1/17/2009 6:40,213,0.1,0.1,2.3,50,29.5,0,46322,0,0
1/17/2009 6:50,213,0.1,0.1,2.9,51,29.5,0,46342,0,0
1/17/2009 7:00,213,0.1,0.1,3.2,51,29.5,0,46342,0,0
1/17/2009 7:10,213,0.1,0.1,4.1,51,29.5,0,46342,0,0
1/17/2009 7:20,-Invalid-,-Invalid-,-Invalid-,-Invalid-,-Invalid-,-Invalid-,-Invalid-,-Invalid-,-Invalid-,-Invalid-
1/17/2009 7:30,213,0.1,0.1,5.8,50,29.5,0,46342,0,0
1/17/2009 7:40,213,0.1,0.1,5.8,48,29.4,0,46352,0,0
1/17/2009 7:50,213,0.1,0.1,5.9,47,29.4,0,46352,0,0
1/17/2009 8:00,213,0.1,0.1,5.8,45,29.4,0,46352,0,0
1/17/2009 8:10,213,0.1,0.1,5.6,44,29.4,0,46352,0,0
1/17/2009 8:20,213,0.1,0.1,5.8,45,29.4,0,46352,0,0
1/17/2009 8:30,213,0.1,0.1,5.8,44,29.4,0,46352,0,0
1/17/2009 8:40,213,0.1,0.1,6.1,44,29.4,0,46352,0,0
1/17/2009 8:50,213,0.1,0.1,6.5,44,29.4,0,46352,0,0
1/17/2009 9:00,213,0.1,0.1,7,44,29.4,0,46352,0,0
1/17/2009 9:10,213,0.1,0.1,6.8,44,29.4,0,46352,0,0
1/17/2009 9:20,213,0.1,0.1,7.4,45,29.4,0,46352,0,0
1/17/2009 9:30,213,0.1,0.1,7.6,45,29.4,0,46352,0,0
1/17/2009 9:40,213,0.1,0.1,8.1,44,29.4,0,46352,0,0
1/17/2009 9:50,213,0.1,0.1,8.6,45,29.4,0,46352,0,0
1/17/2009 10:00,213,0.1,0.1,9,45,29.3,0,46352,0,0
1/17/2009 10:10,213,0.1,0.1,9.4,44,29.3,0,46362,0,0
1/17/2009 10:20,213,0.1,0.1,10.1,44,29.3,0,46362,0,0
1/17/2009 10:30,213,0.1,0.1,10.6,42,29.3,0,46362,0,0
1/17/2009 10:40,213,0.1,0.1,11,41,29.3,0,46362,0,0
1/17/2009 10:50,213,0.1,0.1,11.2,41,29.3,0,46362,0,0
1/17/2009 11:00,213,0.1,0.1,11.5,39,29.3,0,46362,0,0
1/17/2009 11:10,213,0.1,0.1,11.7,39,29.3,0,46362,0,0
1/17/2009 11:20,213,0.1,0.1,12.2,38,29.3,0,46362,0,0
1/17/2009 11:30,213,0.1,0.1,12.4,38,29.3,0,46362,0,0
1/17/2009 11:40,213,0.1,0.1,12.8,36,29.2,0,46362,0,0
1/17/2009 11:50,213,0.1,0.1,13.5,36,29.2,0,46362,0,0
1/17/2009 12:00,213,0.1,0.1,13.7,37,29.2,0,46362,0,0
1/17/2009 12:10,213,0.1,0.1,13.5,44,29.2,0,46362,0,0
1/17/2009 12:20,213,0.1,0.1,13.1,53,29.2,0,46362,0,0
1/17/2009 12:30,213,0.1,0.1,12.8,60,29.2,0,46362,0,0
1/17/2009 12:40,213,0.1,0.1,12.8,65,29.2,0,46362,0,0
1/17/2009 12:50,213,0.1,0.1,12.4,67,29.2,0,46362,0,0
1/17/2009 13:00,213,0.1,0.1,12.6,71,29.2,0,46362,0,0
1/17/2009 13:10,213,0.1,0.1,12.1,73,29.2,0,46362,0,0
1/17/2009 13:20,213,0.1,0.1,11.9,74,29.2,0,46382,0,0
1/17/2009 13:30,213,0.1,0.1,11.9,74,29.2,0,46382,0,0
1/17/2009 13:40,213,0.1,0.1,11.9,75,29.2,0,46382,0,0
1/17/2009 13:50,213,0.1,0.1,12.2,74,29.1,0,46392,0,0
1/17/2009 14:00,213,0.1,0.1,12.6,74,29.1,0,46432,0,0
1/17/2009 14:10,213,0.1,0.1,12.6,73,29.1,0,46492,0,0
1/17/2009 14:20,213,0.1,0.1,13,74,29.1,0,46532,0,0
1/17/2009 14:30,213,0.1,0.1,12.8,75,29.1,0,46662,0,0
1/17/2009 14:40,213,0.1,0.1,13.1,75,29.1,0,46752,0,0
1/17/2009 14:50,213,0.1,0.1,13.3,74,29.1,0,46942,0,0
1/17/2009 15:00,213,0.1,0.1,13.7,73,29.1,0,47062,0,0
1/17/2009 15:10,213,0.1,0.1,13.9,73,29.1,0,47322,0,0
1/17/2009 15:20,213,0.1,0.1,14.2,72,29.1,0,47542,0,0
1/17/2009 15:30,213,0.1,0.1,14.8,71,29,0,47702,0,0
1/17/2009 15:40,213,0.1,0.1,15.1,70,29,0,47932,0.01,0.01
1/17/2009 15:50,213,0.1,0.1,15.5,70,29,0,48092,0,0
1/17/2009 16:00,213,0.1,0.1,15.7,70,29,0,48242,0,0
1/17/2009 16:10,213,0.1,0.1,16,68,29,0,48362,0,0
1/17/2009 16:20,213,0.1,0.1,16.6,66,29.1,0,48472,0,0
1/17/2009 16:30,213,0.1,0.1,16.9,65,29,0,48502,0,0
1/17/2009 16:40,213,0.1,0.1,17.3,65,29,0,48652,0,0
1/17/2009 16:50,213,0.1,0.1,17.5,66,29,0,48762,0,0
1/17/2009 17:00,213,0.1,0.1,17.8,65,29,0,48892,0,0
1/17/2009 17:10,213,0.1,0.1,18.2,65,29,0,48912,0,0
1/17/2009 17:20,213,0.1,0.1,18.5,65,29.1,0,49002,0,0
1/17/2009 17:30,213,0.1,0.1,18.5,65,29,0,49142,0,0
1/17/2009 17:40,213,0.1,0.1,18.7,67,29,0,49322,0,0
1/17/2009 17:50,213,0.1,0.1,18.5,70,29,0,49712,0.01,0.01
1/17/2009 18:00,213,0.1,0.1,18.4,72,29,0,49932,0,0
1/17/2009 18:10,213,0.1,0.1,18.5,75,29,0,50152,0,0
1/17/2009 18:20,213,0.1,0.1,18,79,29,0,50252,0,0
1/17/2009 18:30,213,0.1,0.1,17.8,82,29,0,50282,0,0
1/17/2009 18:40,213,0.1,0.1,17.8,83,29,0,50392,0,0
1/17/2009 18:50,213,0.1,0.1,17.5,84,29,0,50582,0,0
1/17/2009 19:00,213,0.1,0.1,17.3,84,29,0,50702,0.04,0.04
1/17/2009 19:10,213,0.1,0.1,17.3,84,29,0,50822,0,0
1/17/2009 19:20,213,0.1,0.1,17.1,83,29,0,51122,0.02,0.02
1/17/2009 19:30,213,0.1,0.1,17.1,85,29,0,51202,0,0
1/17/2009 19:40,213,0.1,0.1,17.3,84,29,0,51432,0,0
1/17/2009 19:50,213,0.1,0.1,17.5,83,29,0,51742,0,0
1/17/2009 20:00,213,0.1,0.1,17.6,84,29,0,51832,0,0
1/17/2009 20:10,213,0.1,0.1,18,83,29,0,52032,0,0
1/17/2009 20:20,213,0.1,0.1,18.4,83,29,0,52222,0,0
1/17/2009 20:30,213,0.1,0.1,18.2,84,29,0,52432,0,0
1/17/2009 20:40,213,0.1,0.1,18,85,29,0,52612,0,0
1/17/2009 20:50,213,0.1,0.1,17.8,86,28.9,0,52752,0,0
1/17/2009 21:00,213,0.1,0.1,17.8,85,29,0,52862,0,0
1/17/2009 21:10,213,0.1,0.1,18.2,84,28.9,0,52902,0,0
1/17/2009 21:20,213,0.1,0.1,18.2,83,28.9,0,52932,0,0
1/17/2009 21:30,213,0.1,0.1,18.7,83,28.9,0,52972,0,0
1/17/2009 21:40,213,0.1,0.1,19.1,82,28.9,0,53032,0,0
1/17/2009 21:50,213,0.1,0.1,19.3,82,28.9,0,53042,0,0
1/17/2009 22:00,213,0.1,0.1,19.3,82,28.9,0,53072,0,0
1/17/2009 22:10,213,0.1,0.1,19.4,81,28.9,0,53152,0,0
1/17/2009 22:20,213,0.1,0.1,19.8,80,28.9,0,53252,0,0
1/17/2009 22:30,213,0.1,0.1,20,80,28.9,0,53322,0,0
1/17/2009 22:40,213,0.1,0.1,20.2,80,28.9,0,53412,0,0
1/17/2009 22:50,213,0.1,0.1,20.3,81,28.9,0,53502,0,0
1/17/2009 23:00,213,0.1,0.1,20.9,81,28.9,0,53532,0,0
1/17/2009 23:10,213,0.1,0.1,21.1,81,28.9,0,53572,0,0
1/17/2009 23:20,213,0.1,0.1,21.8,80,28.9,0,53642,0,0
1/17/2009 23:30,213,0.1,0.1,22.1,79,28.9,0,53682,0,0
1/17/2009 23:40,213,0.1,0.1,22.3,81,28.9,0,53782,0,0
1/17/2009 23:50,213,0.1,0.1,22.3,82,28.9,0,53842,0,0
1/18/2009 0:00,213,0.1,0.1,23,81,28.9,0,53932,0,0
1/18/2009 0:10,213,0.1,0.1,23.4,81,28.9,0,54062,0,0
1/18/2009 0:20,213,0.1,0.1,23,84,28.9,0,54092,0,0
1/18/2009 0:30,213,0.1,0.1,23.2,84,28.9,0,54112,0,0
1/18/2009 0:40,213,0.1,0.1,23.2,82,28.9,0,54112,0,0
1/18/2009 0:50,213,0.1,0.1,23.4,81,28.9,0,54122,0,0
1/18/2009 1:00,213,0.1,0.1,24.5,80,28.9,0,54122,0,0
1/18/2009 1:10,213,0.1,0.1,25.6,77,28.9,0,54122,0,0
1/18/2009 1:20,213,0.1,0.1,25.6,77,28.9,0,54142,0,0
1/18/2009 1:30,213,0.1,0.1,25.4,78,28.9,0,54142,0,0
1/18/2009 1:40,213,0.1,0.1,25.6,79,28.9,0,54142,0,0
1/18/2009 1:50,213,0.1,0.1,25.6,80,28.8,0,54142,0,0
1/18/2009 2:00,213,0.1,0.1,25.7,80,28.8,0,54142,0,0
1/18/2009 2:10,213,0.1,0.1,26.1,79,28.8,0,54142,0,0
1/18/2009 2:20,213,0.1,0.1,26.5,79,28.8,0,54142,0,0
1/18/2009 2:30,213,0.1,0.1,26.8,79,28.8,0,54142,0,0
1/18/2009 2:40,213,0.1,0.1,26.8,79,28.8,0,54142,0,0
1/18/2009 2:50,213,0.1,0.1,27.2,79,28.8,0,54142,0,0
1/18/2009 3:00,213,0.1,0.1,27.7,79,28.8,0,54192,0,0
1/18/2009 3:10,213,0.1,0.1,27.7,81,28.8,0,54192,0,0
1/18/2009 3:20,213,0.1,0.1,27.9,81,28.8,0,54192,0,0
1/18/2009 3:30,213,0.1,0.1,28.1,81,28.8,0,54192,0,0
1/18/2009 3:40,213,0.1,0.1,28.1,82,28.8,0,54192,0,0
1/18/2009 3:50,213,0.1,0.1,28.3,83,28.8,0,54192,0,0
1/18/2009 4:00,213,0.1,0.1,28.3,83,28.8,0,54192,0,0
1/18/2009 4:10,213,0.1,0.1,28.3,84,28.8,0,54192,0,0
1/18/2009 4:20,213,0.1,0.1,26.3,85,28.8,0,54262,0,0
1/18/2009 4:30,213,0.1,0.1,25.6,89,28.8,0,54272,0,0
1/18/2009 4:40,213,0.1,0.1,25.4,89,28.8,0,54272,0,0
1/18/2009 4:50,213,0.1,0.1,25.6,89,28.8,0,54272,0,0
1/18/2009 5:00,213,0.1,0.1,25.2,86,28.8,0,54272,0,0
1/18/2009 5:10,213,0.1,0.1,25.2,88,28.9,0,54272,0,0
1/18/2009 5:20,213,0.1,0.1,25.4,90,28.9,0,54272,0,0
1/18/2009 5:30,213,0.1,0.1,25.2,88,28.9,0,54272,0,0
1/18/2009 5:40,213,0.1,0.1,25.4,87,28.9,0,54272,0,0
1/18/2009 5:50,213,0.1,0.1,25.2,86,28.9,0,54272,0,0
1/18/2009 6:00,213,0.1,0.1,25.2,85,28.9,0,54272,0,0
1/18/2009 6:10,213,0.1,0.1,25.2,84,28.9,0,54272,0,0
1/18/2009 6:20,213,0.1,0.1,25.2,83,28.9,0,54272,0,0
1/18/2009 6:30,213,0.1,0.1,25.2,83,28.9,0,54272,0,0
1/18/2009 6:40,213,0.1,0.1,25.2,82,28.9,0,54272,0,0
1/18/2009 6:50,213,0.1,0.1,25.4,82,28.9,0,54272,0,0
1/18/2009 7:00,213,0.1,0.1,25.6,81,28.9,0,54272,0,0
1/18/2009 7:10,213,0.1,0.1,25.9,79,28.9,0,54272,0,0
1/18/2009 7:20,213,0.1,0.1,26.5,78,28.9,0,54272,0,0
1/18/2009 7:30,213,0.1,0.1,26.6,77,28.9,0,54272,0,0
1/18/2009 7:40,213,0.1,0.1,27,77,28.9,0,54272,0,0
1/18/2009 7:50,213,0.1,0.1,27.2,77,28.9,0,54272,0,0
1/18/2009 8:00,213,0.1,0.1,27.2,78,28.9,0,54272,0,0
1/18/2009 8:10,213,0.1,0.1,27.5,77,28.8,0,54272,0,0
1/18/2009 8:20,213,0.1,0.1,27.7,76,28.8,0,54272,0,0
1/18/2009 8:30,213,0.1,0.1,28.3,74,28.8,0,54272,0,0
1/18/2009 8:40,213,0.1,0.1,28.4,73,28.8,0,54272,0,0
1/18/2009 8:50,213,0.1,0.1,28.8,72,28.8,0,54272,0,0
1/18/2009 9:00,213,0.1,0.1,29,71,28.8,0,54272,0,0
1/18/2009 9:10,213,0.1,0.1,29.2,70,28.8,0,54272,0,0
1/18/2009 9:20,213,0.1,0.1,29.3,71,28.8,0,54272,0,0
1/18/2009 9:30,213,0.1,0.1,27.5,81,28.8,0,54272,0,0
1/18/2009 9:40,213,0.1,0.1,26.5,85,28.8,0,54272,0,0
1/18/2009 9:50,213,0.1,0.1,26.5,86,28.8,0,54272,0,0
1/18/2009 10:00,213,0.1,0.1,26.1,84,28.8,0,54272,0,0
1/18/2009 10:10,213,0.1,0.1,26.1,86,28.8,0,54272,0,0
1/18/2009 10:20,213,0.1,0.1,24.8,87,28.8,0,54272,0,0
1/18/2009 10:30,213,0.1,0.1,23.4,88,28.8,0,54272,0,0
1/18/2009 10:40,213,0.1,0.1,22.3,87,28.8,0,54272,0,0
1/18/2009 10:50,213,0.1,0.1,22.1,87,28.8,0,54272,0,0
1/18/2009 11:00,213,0.1,0.1,22,86,28.8,0,54272,0,0
1/18/2009 11:10,213,0.1,0.1,22.1,85,28.8,0,54272,0,0
1/18/2009 11:20,213,0.1,0.1,21.4,86,28.8,0,54272,0,0
1/18/2009 11:30,213,0.1,0.1,21.1,87,28.8,0,54272,0,0
1/18/2009 11:40,213,0.1,0.1,20.9,86,28.8,0,54272,0,0
1/18/2009 11:50,213,0.1,0.1,20.7,85,28.8,0,54272,0,0
1/18/2009 12:00,213,0.1,0.1,20.3,86,28.8,0,54272,0,0
1/18/2009 12:10,213,0.1,0.1,20.5,87,28.8,0,54272,0,0
1/18/2009 12:20,213,0.1,0.1,20.3,84,28.8,0,54272,0,0
1/18/2009 12:30,213,0.1,0.1,20.2,83,28.8,0,54272,0,0
1/18/2009 12:40,213,0.1,0.1,20,83,28.8,0,54272,0,0
1/18/2009 12:50,213,0.1,0.1,20.2,83,28.8,0,54272,0,0
1/18/2009 13:00,213,0.1,0.1,20.2,83,28.8,0,54272,0,0
1/18/2009 13:10,213,0.1,0.1,20.3,82,28.8,0,54272,0,0
1/18/2009 13:20,213,0.1,0.1,20.5,81,28.8,0,54272,0,0
1/18/2009 13:30,213,0.1,0.1,20.5,80,28.8,0,54272,0,0
1/18/2009 13:40,213,0.1,0.1,20.3,79,28.8,0,54272,0,0
1/18/2009 13:50,213,0.1,0.1,20.3,82,28.9,0,54272,0,0
1/18/2009 14:00,213,0.1,0.1,20.3,83,28.9,0,54272,0,0
1/18/2009 14:10,213,0.1,0.1,20.5,79,28.8,0,54272,0,0
1/18/2009 14:20,213,0.1,0.1,20.5,77,28.9,0,54272,0,0
1/18/2009 14:30,213,0.1,0.1,20.5,77,28.9,0,54272,0,0
1/18/2009 14:40,213,0.1,0.1,20.7,78,28.9,0,54272,0,0
1/18/2009 14:50,213,0.1,0.1,20.7,81,28.9,0,54272,0,0
1/18/2009 15:00,213,0.1,0.1,20.7,81,28.9,0,54272,0,0
1/18/2009 15:10,213,0.1,0.1,20.5,82,28.9,0,54272,0,0
1/18/2009 15:20,213,0.1,0.1,20.3,83,28.9,0,54272,0,0
1/18/2009 15:30,213,0.1,0.1,20,83,28.9,0,54272,0,0
1/18/2009 15:40,213,0.1,0.1,19.8,86,28.9,0,54272,0,0
1/18/2009 15:50,213,0.1,0.1,20,86,28.9,0,54272,0,0
1/18/2009 16:00,213,0.1,0.1,20.3,85,28.9,0,54272,0,0
1/18/2009 16:10,213,0.1,0.1,20.2,83,28.9,0,54272,0,0
1/18/2009 16:20,213,0.1,0.1,20,84,28.9,0,54272,0,0
1/18/2009 16:30,213,0.1,0.1,20,86,28.9,0,54272,0,0
1/18/2009 16:40,213,0.1,0.1,19.6,87,28.9,0,54272,0,0
1/18/2009 16:50,213,0.1,0.1,19.6,89,28.9,0,54272,0,0
1/18/2009 17:00,213,0.1,0.1,19.6,88,28.9,0,54272,0,0
1/18/2009 17:10,213,0.1,0.1,19.6,85,28.9,0,54272,0,0
1/18/2009 17:20,213,0.1,0.1,19.6,85,28.9,0,54272,0,0
1/18/2009 17:30,213,0.1,0.1,19.6,86,28.9,0,54272,0,0
1/18/2009 17:40,213,0.1,0.1,19.6,86,28.9,0,54272,0,0
1/18/2009 17:50,213,0.1,0.1,19.4,85,28.9,0,54272,0,0
1/18/2009 18:00,213,0.1,0.1,19.3,87,28.9,0,54272,0,0
1/18/2009 18:10,213,0.1,0.1,18.9,88,28.9,0,54272,0,0
1/18/2009 18:20,213,0.1,0.1,18.9,88,28.9,0,54272,0,0
1/18/2009 18:30,213,0.1,0.1,18.9,89,28.9,0,54272,0,0
1/18/2009 18:40,213,0.1,0.1,18.5,89,28.9,0,54272,0,0
1/18/2009 18:50,213,0.1,0.1,18.9,89,28.9,0,54272,0,0
1/18/2009 19:00,213,0.1,0.1,18.9,89,28.9,0,54272,0,0
1/18/2009 19:10,213,0.1,0.1,18.7,87,28.9,0,54272,0,0
1/18/2009 19:20,213,0.1,0.1,18.5,85,28.9,0,54272,0,0
1/18/2009 19:30,213,0.1,0.1,18.4,84,28.9,0,54272,0,0
1/18/2009 19:40,213,0.1,0.1,18.4,84,28.9,0,54272,0,0
1/18/2009 19:50,213,0.1,0.1,18.4,84,28.9,0,54272,0,0
1/18/2009 20:00,213,0.1,0.1,18.4,84,28.9,0,54272,0,0
1/18/2009 20:10,213,0.1,0.1,18.4,84,28.9,0,54272,0,0
1/18/2009 20:20,213,0.1,0.1,18.2,82,28.9,0,54272,0,0
1/18/2009 20:30,213,0.1,0.1,18.2,81,28.9,0,54272,0,0
1/18/2009 20:40,213,0.1,0.1,18.2,81,28.9,0,54272,0,0
1/18/2009 20:50,213,0.1,0.1,18,80,28.9,0,54272,0,0
1/18/2009 21:00,213,0.1,0.1,17.8,80,28.9,0,54272,0,0
1/18/2009 21:10,213,0.1,0.1,17.6,78,28.9,0,54272,0,0
1/18/2009 21:20,213,0.1,0.1,17.5,77,28.9,0,54272,0,0
1/18/2009 21:30,213,0.1,0.1,17.3,78,28.9,0,54272,0,0
1/18/2009 21:40,213,0.1,0.1,16.9,78,28.9,0,54272,0,0
1/18/2009 21:50,213,0.1,0.1,16.7,79,28.9,0,54272,0,0
1/18/2009 22:00,213,0.1,0.1,16.6,78,28.9,0,54272,0,0
1/18/2009 22:10,213,0.1,0.1,16.4,79,28.9,0,54272,0,0
1/18/2009 22:20,213,0.1,0.1,16.2,79,28.9,0,54272,0,0
1/18/2009 22:30,213,0.1,0.1,16.2,79,28.9,0,54272,0,0
1/18/2009 22:40,213,0.1,0.1,15.8,79,28.9,0,54272,0,0
1/18/2009 22:50,213,0.1,0.1,15.7,79,28.9,0,54272,0,0
1/18/2009 23:00,213,0.1,0.1,15.7,79,28.8,0,54272,0,0
1/18/2009 23:10,213,0.1,0.1,15.5,78,28.8,0,54272,0,0
1/18/2009 23:20,213,0.1,0.1,15.7,78,28.8,0,54272,0,0
1/18/2009 23:30,213,0.1,0.1,15.5,77,28.8,0,54272,0,0
1/18/2009 23:40,213,0.1,0.1,15.1,77,28.8,0,54272,0,0
1/18/2009 23:50,213,0.1,0.1,14.9,77,28.8,0,54272,0,0
1/19/2009 0:00,213,0.1,0.1,14.8,77,28.8,0,54272,0,0
1/19/2009 0:10,213,0.1,0.1,14.6,77,28.8,0,54272,0,0
1/19/2009 0:20,213,0.1,0.1,14.4,77,28.8,0,54272,0,0
1/19/2009 0:30,213,0.1,0.1,14.2,77,28.8,0,54272,0,0
1/19/2009 0:40,213,0.1,0.1,14.4,77,28.8,0,54272,0,0
1/19/2009 0:50,213,0.1,0.1,14.6,77,28.8,0,54272,0,0
1/19/2009 1:00,213,0.1,0.1,14.6,77,28.8,0,54272,0,0
1/19/2009 1:10,213,0.1,0.1,14.6,78,28.8,0,54272,0,0
1/19/2009 1:20,213,0.1,0.1,14.8,78,28.8,0,54272,0,0
1/19/2009 1:30,213,0.1,0.1,14.9,78,28.8,0,54272,0,0
1/19/2009 1:40,213,0.1,0.1,15.1,78,28.8,0,54272,0,0
1/19/2009 1:50,213,0.1,0.1,15.1,78,28.8,0,54272,0,0
1/19/2009 2:00,213,0.1,0.1,15.1,78,28.8,0,54272,0,0
1/19/2009 2:10,213,0.1,0.1,14.9,78,28.8,0,54272,0,0
1/19/2009 2:20,213,0.1,0.1,15.1,79,28.8,0,54272,0,0
1/19/2009 2:30,213,0.1,0.1,14.9,79,28.8,0,54272,0,0
1/19/2009 2:40,213,0.1,0.1,14.9,80,28.8,0,54272,0,0
1/19/2009 2:50,213,0.1,0.1,14.6,80,28.8,0,54272,0,0
1/19/2009 3:00,213,0.1,0.1,14.4,80,28.8,0,54272,0,0
1/19/2009 3:10,213,0.1,0.1,14.4,81,28.8,0,54272,0,0
1/19/2009 3:20,213,0.1,0.1,14.2,82,28.8,0,54272,0,0
1/19/2009 3:30,213,0.1,0.1,14.2,82,28.8,0,54272,0,0
1/19/2009 3:40,213,0.1,0.1,13.9,82,28.8,0,54272,0,0
1/19/2009 3:50,213,0.1,0.1,13.7,83,28.8,0,54272,0,0
1/19/2009 4:00,213,0.1,0.1,13.7,82,28.8,0,54272,0,0
1/19/2009 4:10,213,0.1,0.1,13.5,82,28.8,0,54272,0,0
1/19/2009 4:20,213,0.1,0.1,13.5,83,28.8,0,54272,0,0
1/19/2009 4:30,213,0.1,0.1,13.3,83,28.8,0,54272,0,0
1/19/2009 4:40,213,0.1,0.1,13.5,83,28.8,0,54272,0,0
1/19/2009 4:50,213,0.1,0.1,13.5,83,28.8,0,54272,0,0
1/19/2009 5:00,213,0.1,0.1,13.5,83,28.8,0,54272,0,0
1/19/2009 5:10,213,0.1,0.1,13.1,83,28.8,0,54272,0,0
1/19/2009 5:20,213,0.1,0.1,13,83,28.8,0,54272,0,0
1/19/2009 5:30,213,0.1,0.1,13,83,28.8,0,54272,0,0
1/19/2009 5:40,213,0.1,0.1,13,82,28.8,0,54272,0,0
1/19/2009 5:50,213,0.1,0.1,13,82,28.8,0,54272,0,0
1/19/2009 6:00,213,0.1,0.1,13,82,28.8,0,54272,0,0
1/19/2009 6:10,213,0.1,0.1,13.3,82,28.8,0,54272,0,0
1/19/2009 6:20,213,0.1,0.1,13.5,82,28.8,0,54272,0,0
1/19/2009 6:30,213,0.1,0.1,13.9,81,28.8,0,54272,0,0
1/19/2009 6:40,213,0.1,0.1,13.9,81,28.8,0,54272,0,0
1/19/2009 6:50,213,0.1,0.1,14,81,28.8,0,54272,0,0
1/19/2009 7:00,213,0.1,0.1,14.6,80,28.8,0,54272,0,0
1/19/2009 7:10,213,0.1,0.1,14.6,79,28.8,0,54272,0,0
1/19/2009 7:20,213,0.1,0.1,14.9,79,28.8,0,54272,0,0
1/19/2009 7:30,213,0.1,0.1,15.3,78,28.8,0,54272,0,0
1/19/2009 7:40,213,0.1,0.1,15.5,78,28.8,0,54272,0,0
1/19/2009 7:50,213,0.1,0.1,15.7,78,28.8,0,54272,0,0
1/19/2009 8:00,213,0.1,0.1,15.7,77,28.8,0,54272,0,0
1/19/2009 8:10,213,0.1,0.1,16,76,28.8,0,54272,0,0
1/19/2009 8:20,213,0.1,0.1,15.8,76,28.8,0,54272,0,0
1/19/2009 8:30,213,0.1,0.1,16.2,76,28.8,0,54272,0,0
1/19/2009 8:40,213,0.1,0.1,16.4,76,28.8,0,54272,0,0
1/19/2009 8:50,213,0.1,0.1,16.4,76,28.8,0,54272,0,0
1/19/2009 9:00,213,0.1,0.1,16.6,76,28.8,0,54272,0,0
1/19/2009 9:10,213,0.1,0.1,16.6,77,28.8,0,54272,0,0
1/19/2009 9:20,213,0.1,0.1,16.7,77,28.8,0,54272,0,0
1/19/2009 9:30,213,0.1,0.1,16.7,78,28.8,0,54272,0,0
1/19/2009 9:40,213,0.1,0.1,17.1,77,28.8,0,54272,0,0
1/19/2009 9:50,213,0.1,0.1,17.5,78,28.8,0,54272,0,0
1/19/2009 10:00,213,0.1,0.1,18,77,28.8,0,54272,0,0
1/19/2009 10:10,213,0.1,0.1,18,76,28.8,0,54272,0,0
1/19/2009 10:20,213,0.1,0.1,18,77,28.8,0,54272,0,0
1/19/2009 10:30,213,0.1,0.1,18.2,78,28.8,0,54272,0,0
1/19/2009 10:40,213,0.1,0.1,18.2,78,28.8,0,54272,0,0
1/19/2009 10:50,213,0.1,0.1,18.4,80,28.8,0,54272,0,0
1/19/2009 11:00,213,0.1,0.1,18.5,83,28.8,0,54272,0,0
1/19/2009 11:10,213,0.1,0.1,18.4,82,28.8,0,54272,0,0
1/19/2009 11:20,213,0.1,0.1,18.4,82,28.8,0,54272,0,0
1/19/2009 11:30,213,0.1,0.1,18.4,83,28.8,0,54272,0,0
1/19/2009 11:40,213,0.1,0.1,18.2,83,28.8,0,54272,0,0
1/19/2009 11:50,213,0.1,0.1,18.4,84,28.8,0,54272,0,0
1/19/2009 12:00,213,0.1,0.1,18.7,84,28.8,0,54272,0,0
1/19/2009 12:10,213,0.1,0.1,18.9,84,28.8,0,54272,0,0
1/19/2009 12:20,213,0.1,0.1,18.9,86,28.8,0,54272,0,0
1/19/2009 12:30,213,0.1,0.1,19.4,87,28.8,0,54272,0,0
1/19/2009 12:40,213,0.1,0.1,19.6,87,28.8,0,54272,0,0
1/19/2009 12:50,213,0.1,0.1,19.4,85,28.8,0,54272,0,0
1/19/2009 13:00,213,0.1,0.1,19.4,85,28.8,0,54282,0,0
1/19/2009 13:10,213,0.1,0.1,19.6,86,28.8,0,54282,0,0
1/19/2009 13:20,213,0.1,0.1,19.6,88,28.8,0,54282,0,0
1/19/2009 13:30,213,0.1,0.1,19.6,87,28.8,0,54282,0,0
1/19/2009 13:40,213,0.1,0.1,19.6,88,28.8,0,54282,0,0
1/19/2009 13:50,213,0.1,0.1,19.6,88,28.8,0,54282,0,0
1/19/2009 14:00,213,0.1,0.1,19.6,88,28.8,0,54282,0,0
1/19/2009 14:10,213,0.1,0.1,19.6,86,28.8,0,54282,0,0
1/19/2009 14:20,213,0.1,0.1,19.8,86,28.8,0,54282,0,0
1/19/2009 14:30,213,0.1,0.1,20,85,28.8,0,54282,0,0
1/19/2009 14:40,213,0.1,0.1,20,85,28.8,0,54282,0,0
1/19/2009 14:50,213,0.1,0.1,19.8,86,28.8,0,54282,0,0
1/19/2009 15:00,213,0.1,0.1,19.8,85,28.8,0,54282,0,0
1/19/2009 15:10,213,0.1,0.1,19.8,85,28.8,0,54282,0,0
1/19/2009 15:20,213,0.1,0.1,20,85,28.8,0,54282,0,0
1/19/2009 15:30,213,0.1,0.1,20,85,28.8,0,54282,0,0
1/19/2009 15:40,213,0.1,0.1,20,86,28.8,0,54282,0,0
1/19/2009 15:50,213,0.1,0.1,20,85,28.8,0,54282,0,0
1/19/2009 16:00,213,0.1,0.1,20,85,28.8,0,54282,0,0
1/19/2009 16:10,213,0.1,0.1,20,85,28.8,0,54282,0,0
1/19/2009 16:20,213,0.1,0.1,20,85,28.8,0,54282,0,0
1/19/2009 16:30,213,0.1,0.1,20.2,86,28.8,0,54282,0,0
1/19/2009 16:40,213,0.1,0.1,20.2,86,28.8,0,54282,0,0
1/19/2009 16:50,213,0.1,0.1,20.2,87,28.8,0,54282,0,0
1/19/2009 17:00,213,0.1,0.1,20.7,89,28.8,0,54302,0,0
1/19/2009 17:10,213,0.1,0.1,21.1,88,28.8,0,54322,0,0
1/19/2009 17:20,213,0.1,0.1,21.1,88,28.9,0,54322,0,0
1/19/2009 17:30,213,0.1,0.1,21.1,88,28.8,0,54322,0,0
1/19/2009 17:40,213,0.1,0.1,21.1,89,28.9,0,54322,0,0
1/19/2009 17:50,213,0.1,0.1,20.9,89,28.9,0,54322,0,0
1/19/2009 18:00,213,0.1,0.1,21.1,88,28.9,0,54322,0,0
1/19/2009 18:10,213,0.1,0.1,21.1,88,28.9,0,54322,0,0
1/19/2009 18:20,213,0.1,0.1,20.9,87,28.9,0,54322,0,0
1/19/2009 18:30,213,0.1,0.1,20.9,87,28.8,0,54332,0,0
1/19/2009 18:40,213,0.1,0.1,20.7,87,28.9,0,54352,0,0
1/19/2009 18:50,213,0.1,0.1,20.5,86,28.9,0,54352,0,0
1/19/2009 19:00,213,0.1,0.1,20.5,87,28.9,0,54352,0,0
1/19/2009 19:10,213,0.1,0.1,20.5,86,28.9,0,54352,0,0
1/19/2009 19:20,213,0.1,0.1,20.7,86,28.9,0,54352,0,0
1/19/2009 19:30,213,0.1,0.1,20.7,85,28.9,0,54352,0,0
1/19/2009 19:40,213,0.1,0.1,20.7,85,28.9,0,54352,0,0
1/19/2009 19:50,213,0.1,0.1,20.7,85,28.9,0,54352,0,0
1/19/2009 20:00,213,0.1,0.1,20.7,85,28.9,0,54352,0,0
1/19/2009 20:10,213,0.1,0.1,20.5,86,28.9,0,54352,0,0
1/19/2009 20:20,213,0.1,0.1,20.5,85,28.9,0,54352,0,0
1/19/2009 20:30,213,0.1,0.1,20.7,83,28.9,0,54352,0,0
1/19/2009 20:40,213,0.1,0.1,20.5,83,28.9,0,54352,0,0
1/19/2009 20:50,213,0.1,0.1,20.5,84,28.9,0,54352,0,0
1/19/2009 21:00,213,0.1,0.1,20.5,86,28.9,0,54352,0,0
1/19/2009 21:10,213,0.1,0.1,20.3,85,28.9,0,54352,0,0
1/19/2009 21:20,213,0.1,0.1,20.3,83,28.9,0,54352,0,0
1/19/2009 21:30,213,0.1,0.1,20.2,84,28.9,0,54352,0,0
1/19/2009 21:40,213,0.1,0.1,20.2,83,28.9,0,54352,0,0
1/19/2009 21:50,213,0.1,0.1,20,83,28.9,0,54352,0,0
1/19/2009 22:00,213,0.1,0.1,20.2,84,28.9,0,54352,0,0
1/19/2009 22:10,213,0.1,0.1,20,83,28.9,0,54352,0,0
1/19/2009 22:20,213,0.1,0.1,19.6,83,28.9,0,54352,0,0
1/19/2009 22:30,213,0.1,0.1,19.4,83,28.9,0,54352,0,0
1/19/2009 22:40,213,0.1,0.1,19.1,83,28.9,0,54352,0,0
1/19/2009 22:50,213,0.1,0.1,19.1,84,28.9,0,54352,0,0
1/19/2009 23:00,213,0.1,0.1,18.9,85,28.9,0,54352,0,0
1/19/2009 23:10,213,0.1,0.1,18.7,85,28.9,0,54352,0,0
1/19/2009 23:20,213,0.1,0.1,18.5,85,28.9,0,54352,0,0
1/19/2009 23:30,213,0.1,0.1,18.5,86,28.9,0,54352,0,0
1/19/2009 23:40,213,0.1,0.1,18.4,85,28.9,0,54352,0,0
1/19/2009 23:50,213,0.1,0.1,18.4,85,28.9,0,54352,0,0
1/20/2009 0:00,213,0.1,0.1,18.4,85,28.9,0,54352,0,0
1/20/2009 0:10,213,0.1,0.1,18.2,85,28.9,0,54352,0,0
1/20/2009 0:20,213,0.1,0.1,18.2,86,28.9,0,54352,0,0
1/20/2009 0:30,213,0.1,0.1,18.2,86,28.9,0,54352,0,0
1/20/2009 0:40,213,0.1,0.1,18.2,86,28.9,0,54352,0,0
1/20/2009 0:50,213,0.1,0.1,18.2,86,28.9,0,54352,0,0
1/20/2009 1:00,213,0.1,0.1,18.2,86,28.9,0,54352,0,0
1/20/2009 1:10,213,0.1,0.1,18.2,86,28.9,0,54352,0,0
1/20/2009 1:20,213,0.1,0.1,18.2,86,28.9,0,54352,0,0
1/20/2009 1:30,213,0.1,0.1,18.2,86,28.9,0,54352,0,0
1/20/2009 1:40,213,0.1,0.1,18.2,87,28.9,0,54352,0,0
1/20/2009 1:50,213,0.1,0.1,18.2,87,28.9,0,54352,0,0
1/20/2009 2:00,213,0.1,0.1,18.4,87,28.9,0,54352,0,0
1/20/2009 2:10,213,0.1,0.1,18.4,88,28.9,0,54352,0,0
1/20/2009 2:20,213,0.1,0.1,18.5,86,28.9,0,54352,0,0
1/20/2009 2:30,213,0.1,0.1,18.5,83,28.9,0,54352,0,0
1/20/2009 2:40,213,0.1,0.1,18.5,83,28.9,0,54352,0,0
1/20/2009 2:50,213,0.1,0.1,18.5,83,28.9,0,54352,0,0
1/20/2009 3:00,213,0.1,0.1,18.7,81,28.9,0,54352,0,0
1/20/2009 3:10,213,0.1,0.1,18.7,80,28.9,0,54352,0,0
1/20/2009 3:20,213,0.1,0.1,18.5,81,28.9,0,54352,0,0
1/20/2009 3:30,213,0.1,0.1,18.5,81,28.9,0,54352,0,0
1/20/2009 3:40,213,0.1,0.1,18.5,80,28.9,0,54352,0,0
1/20/2009 3:50,213,0.1,0.1,18.5,78,28.9,0,54352,0,0
1/20/2009 4:00,213,0.1,0.1,18.5,78,28.9,0,54352,0,0
1/20/2009 4:10,213,0.1,0.1,18.5,79,28.9,0,54352,0,0
1/20/2009 4:20,213,0.1,0.1,18.5,79,28.9,0,54352,0,0
1/20/2009 4:30,213,0.1,0.1,18.5,79,28.9,0,54352,0,0
1/20/2009 4:40,213,0.1,0.1,18.4,83,28.9,0,54352,0,0
1/20/2009 4:50,213,0.1,0.1,18.2,82,29,0,54352,0,0
1/20/2009 5:00,213,0.1,0.1,18.2,81,29,0,54352,0,0
1/20/2009 5:10,213,0.1,0.1,18,82,29,0,54352,0,0
1/20/2009 5:20,213,0.1,0.1,17.8,82,29,0,54352,0,0
1/20/2009 5:30,213,0.1,0.1,17.8,81,29,0,54352,0,0
1/20/2009 5:40,213,0.1,0.1,17.8,82,29,0,54352,0,0
1/20/2009 5:50,213,0.1,0.1,17.8,82,29,0,54352,0,0
1/20/2009 6:00,213,0.1,0.1,17.8,81,29,0,54352,0,0
1/20/2009 6:10,213,0.1,0.1,17.6,82,29,0,54352,0,0
1/20/2009 6:20,213,0.1,0.1,17.5,85,29,0,54352,0,0
1/20/2009 6:30,213,0.1,0.1,17.5,85,29,0,54352,0,0
1/20/2009 6:40,213,0.1,0.1,17.3,85,29,0,54352,0,0
1/20/2009 6:50,213,0.1,0.1,17.3,85,29,0,54352,0,0
1/20/2009 7:00,213,0.1,0.1,17.3,85,29,0,54352,0,0
1/20/2009 7:10,213,0.1,0.1,17.5,85,29,0,54352,0,0
1/20/2009 7:20,213,0.1,0.1,17.6,84,29,0,54352,0,0
1/20/2009 7:30,213,0.1,0.1,17.5,83,29,0,54352,0,0
1/20/2009 7:40,213,0.1,0.1,17.5,81,29,0,54352,0,0
1/20/2009 7:50,213,0.1,0.1,17.6,81,29,0,54352,0,0
1/20/2009 8:00,213,0.1,0.1,18,80,29,0,54352,0,0
1/20/2009 8:10,213,0.1,0.1,17.8,80,29,0,54352,0,0
1/20/2009 8:20,213,0.1,0.1,17.8,81,29,0,54352,0,0
1/20/2009 8:30,213,0.1,0.1,17.5,82,29,0,54352,0,0
1/20/2009 8:40,213,0.1,0.1,17.3,83,29,0,54352,0,0
1/20/2009 8:50,213,0.1,0.1,17.1,82,29,0,54352,0,0
1/20/2009 9:00,213,0.1,0.1,17.1,81,29,0,54352,0,0
1/20/2009 9:10,213,0.1,0.1,17.5,79,29,0,54352,0,0
1/20/2009 9:20,213,0.1,0.1,17.5,78,29,0,54352,0,0
1/20/2009 9:30,213,0.1,0.1,16.6,79,29,0,54352,0,0
1/20/2009 9:40,213,0.1,0.1,16.4,80,29,0,54352,0,0
1/20/2009 9:50,213,0.1,0.1,16.6,78,29,0,54352,0,0
1/20/2009 10:00,213,0.1,0.1,16.6,76,29,0,54352,0,0
1/20/2009 10:10,213,0.1,0.1,16.4,77,29,0,54352,0,0
1/20/2009 10:20,213,0.1,0.1,16.4,76,29,0,54352,0,0
1/20/2009 10:30,213,0.1,0.1,16.7,75,29,0,54352,0,0
1/20/2009 10:40,213,0.1,0.1,16.4,76,29,0,54352,0,0
1/20/2009 10:50,213,0.1,0.1,16.4,73,29,0,54352,0,0
1/20/2009 11:00,213,0.1,0.1,16,74,29,0,54352,0,0
1/20/2009 11:10,213,0.1,0.1,16.4,75,29,0,54352,0,0
1/20/2009 11:20,213,0.1,0.1,16.2,74,29,0,54352,0,0
1/20/2009 11:30,213,0.1,0.1,16.6,73,29,0,54352,0,0
1/20/2009 11:40,213,0.1,0.1,16.2,74,29,0,54352,0,0
1/20/2009 11:50,213,0.1,0.1,16.4,73,29,0,54352,0,0
1/20/2009 12:00,213,0.1,0.1,16.4,74,29,0,54352,0,0
1/20/2009 12:10,213,0.1,0.1,16.4,74,29,0,54352,0,0
1/20/2009 12:20,213,0.1,0.1,16,75,29,0,54352,0,0
1/20/2009 12:30,213,0.1,0.1,16,78,29,0,54352,0,0
1/20/2009 12:40,213,0.1,0.1,15.8,79,29,0,54352,0,0
1/20/2009 12:50,213,0.1,0.1,15.8,80,29,0,54352,0,0
1/20/2009 13:00,213,0.1,0.1,15.8,79,29,0,54352,0,0
1/20/2009 13:10,213,0.1,0.1,15.7,78,29,0,54352,0,0
1/20/2009 13:20,213,0.1,0.1,15.5,84,29,0,54352,0,0
1/20/2009 13:30,213,0.1,0.1,15.3,83,29,0,54352,0,0
1/20/2009 13:40,213,0.1,0.1,15.1,81,29,0,54352,0,0
1/20/2009 13:50,213,0.1,0.1,14.9,79,29,0,54352,0,0
1/20/2009 14:00,213,0.1,0.1,14.2,79,29,0,54352,0,0
1/20/2009 14:10,213,0.1,0.1,14.4,81,29,0,54352,0,0
1/20/2009 14:20,213,0.1,0.1,14,77,29.1,0,54352,0,0
1/20/2009 14:30,213,0.1,0.1,14,77,29.1,0,54352,0,0
1/20/2009 14:40,213,0.1,0.1,14.2,79,29.1,0,54352,0,0
1/20/2009 14:50,213,0.1,0.1,14,78,29.1,0,54352,0,0
1/20/2009 15:00,213,0.1,0.1,13.7,76,29.1,0,54352,0,0
1/20/2009 15:10,213,0.1,0.1,13,78,29.1,0,54352,0,0
1/20/2009 15:20,213,0.1,0.1,12.6,78,29.1,0,54352,0,0
1/20/2009 15:30,213,0.1,0.1,12.4,79,29.1,0,54352,0,0
1/20/2009 15:40,213,0.1,0.1,12.8,78,29.1,0,54352,0,0
1/20/2009 15:50,213,0.1,0.1,12.8,78,29.1,0,54352,0,0
1/20/2009 16:00,213,0.1,0.1,12.4,78,29.1,0,54352,0,0
1/20/2009 16:10,213,0.1,0.1,12.2,79,29.1,0,54352,0,0
1/20/2009 16:20,213,0.1,0.1,12.2,78,29.1,0,54352,0,0
1/20/2009 16:30,213,0.1,0.1,12.1,78,29.1,0,54352,0,0
1/20/2009 16:40,213,0.1,0.1,11.9,78,29.1,0,54352,0,0
1/20/2009 16:50,213,0.1,0.1,11.9,78,29.1,0,54352,0,0
1/20/2009 17:00,213,0.1,0.1,11.9,76,29.1,0,54352,0,0
1/20/2009 17:10,213,0.1,0.1,11.5,77,29.1,0,54352,0,0
1/20/2009 17:20,213,0.1,0.1,11.3,77,29.1,0,54352,0,0
1/20/2009 17:30,213,0.1,0.1,10.8,78,29.1,0,54352,0,0
1/20/2009 17:40,213,0.1,0.1,10.4,78,29.1,0,54352,0,0
1/20/2009 17:50,213,0.1,0.1,10.3,79,29.1,0,54352,0,0
1/20/2009 18:00,213,0.1,0.1,10.3,79,29.1,0,54352,0,0
1/20/2009 18:10,213,0.1,0.1,10.1,79,29.1,0,54352,0,0
1/20/2009 18:20,213,0.1,0.1,10.3,78,29.1,0,54352,0,0
1/20/2009 18:30,213,0.1,0.1,10.4,77,29.1,0,54352,0,0
1/20/2009 18:40,213,0.1,0.1,10.6,75,29.1,0,54352,0,0
1/20/2009 18:50,213,0.1,0.1,10.6,75,29.1,0,54352,0,0
1/20/2009 19:00,213,0.1,0.1,10.4,75,29.1,0,54352,0,0
1/20/2009 19:10,213,0.1,0.1,10.4,77,29.1,0,54352,0,0
1/20/2009 19:20,213,0.1,0.1,10.3,78,29.1,0,54352,0,0
1/20/2009 19:30,213,0.1,0.1,10.3,79,29.1,0,54352,0,0
1/20/2009 19:40,213,0.1,0.1,10.4,79,29.1,0,54352,0,0
1/20/2009 19:50,213,0.1,0.1,10.6,79,29.1,0,54352,0,0
1/20/2009 20:00,213,0.1,0.1,10.6,78,29.1,0,54352,0,0
1/20/2009 20:10,213,0.1,0.1,10.4,80,29.1,0,54352,0,0
1/20/2009 20:20,213,0.1,0.1,10.3,80,29.1,0,54352,0,0
1/20/2009 20:30,213,0.1,0.1,10.4,81,29.1,0,54352,0,0
1/20/2009 20:40,213,0.1,0.1,10.3,81,29.1,0,54352,0,0
1/20/2009 20:50,213,0.1,0.1,10.1,81,29.1,0,54352,0,0
1/20/2009 21:00,213,0.1,0.1,9.7,81,29.1,0,54352,0,0
1/20/2009 21:10,213,0.1,0.1,9.7,81,29.1,0,54352,0,0
1/20/2009 21:20,213,0.1,0.1,9.7,81,29.1,0,54352,0,0
1/20/2009 21:30,213,0.1,0.1,9.4,82,29.1,0,54352,0,0
1/20/2009 21:40,213,0.1,0.1,9,84,29.1,0,54352,0,0
1/20/2009 21:50,213,0.1,0.1,9,85,29.1,0,54352,0,0
1/20/2009 22:00,213,0.1,0.1,8.6,86,29.1,0,54352,0,0
1/20/2009 22:10,213,0.1,0.1,8.1,87,29.1,0,54352,0,0
1/20/2009 22:20,213,0.1,0.1,8.3,88,29.1,0,54352,0,0
1/20/2009 22:30,213,0.1,0.1,8.6,88,29.1,0,54352,0,0
1/20/2009 22:40,213,0.1,0.1,9,89,29.1,0,54352,0,0
1/20/2009 22:50,213,0.1,0.1,9.5,90,29.1,0,54352,0,0
1/20/2009 23:00,213,0.1,0.1,9.9,89,29.1,0,54352,0,0
1/20/2009 23:10,213,0.1,0.1,9.9,89,29.1,0,54352,0,0
1/20/2009 23:20,213,0.1,0.1,10.1,88,29.1,0,54352,0,0
1/20/2009 23:30,213,0.1,0.1,9.5,88,29.1,0,54352,0,0
1/20/2009 23:40,213,0.1,0.1,9.7,89,29.1,0,54352,0,0
1/20/2009 23:50,213,0.1,0.1,9.7,89,29.1,0,54352,0,0
1/21/2009 0:00,213,0.1,0.1,9.9,89,29.1,0,54352,0,0
1/21/2009 0:10,213,0.1,0.1,9.5,89,29.1,0,54352,0,0
1/21/2009 0:20,213,0.1,0.1,9.5,89,29.1,0,54352,0,0
1/21/2009 0:30,213,0.1,0.1,9.9,89,29.1,0,54352,0,0
1/21/2009 0:40,213,0.1,0.1,9.9,88,29.1,0,54352,0,0
1/21/2009 0:50,213,0.1,0.1,9.9,88,29.1,0,54352,0,0
1/21/2009 1:00,213,0.1,0.1,9.7,88,29.1,0,54352,0,0
1/21/2009 1:10,213,0.1,0.1,9.9,88,29.1,0,54352,0,0
1/21/2009 1:20,213,0.1,0.1,9.9,87,29.1,0,54352,0,0
1/21/2009 1:30,213,0.1,0.1,9.7,87,29.1,0,54352,0,0
1/21/2009 1:40,213,0.1,0.1,9.9,88,29.1,0,54352,0,0
1/21/2009 1:50,213,0.1,0.1,9.7,87,29.1,0,54352,0,0
1/21/2009 2:00,213,0.1,0.1,9.5,87,29.1,0,54352,0,0
1/21/2009 2:10,213,0.1,0.1,9.7,87,29.1,0,54352,0,0
1/21/2009 2:20,213,0.1,0.1,9.7,87,29.1,0,54352,0,0
1/21/2009 2:30,213,0.1,0.1,9.5,87,29.1,0,54352,0,0
1/21/2009 2:40,213,0.1,0.1,9.2,87,29.1,0,54352,0,0
1/21/2009 2:50,213,0.1,0.1,9,87,29.1,0,54352,0,0
1/21/2009 3:00,213,0.1,0.1,9,87,29.1,0,54352,0,0
1/21/2009 3:10,213,0.1,0.1,9,86,29.1,0,54352,0,0
1/21/2009 3:20,213,0.1,0.1,9,86,29.1,0,54352,0,0
1/21/2009 3:30,213,0.1,0.1,9.2,86,29.1,0,54352,0,0
1/21/2009 3:40,213,0.1,0.1,9.4,85,29.1,0,54352,0,0
1/21/2009 3:50,213,0.1,0.1,9.2,85,29.1,0,54352,0,0
1/21/2009 4:00,213,0.1,0.1,9.2,84,29.1,0,54352,0,0
1/21/2009 4:10,213,0.1,0.1,9.4,83,29.1,0,54352,0,0
1/21/2009 4:20,213,0.1,0.1,9.5,83,29.1,0,54352,0,0
1/21/2009 4:30,213,0.1,0.1,10.1,82,29.1,0,54352,0,0
1/21/2009 4:40,213,0.1,0.1,10.1,83,29.1,0,54352,0,0
1/21/2009 4:50,213,0.1,0.1,10.1,84,29.1,0,54352,0,0
1/21/2009 5:00,213,0.1,0.1,10.3,84,29.1,0,54352,0,0
1/21/2009 5:10,213,0.1,0.1,10.3,84,29.1,0,54352,0,0
1/21/2009 5:20,213,0.1,0.1,10.4,84,29.1,0,54352,0,0
1/21/2009 5:30,213,0.1,0.1,10.6,83,29.1,0,54352,0,0
1/21/2009 5:40,213,0.1,0.1,10.6,83,29.2,0,54352,0,0
1/21/2009 5:50,213,0.1,0.1,10.6,82,29.2,0,54352,0,0
1/21/2009 6:00,213,0.1,0.1,10.4,81,29.2,0,54352,0,0
1/21/2009 6:10,213,0.1,0.1,10.4,79,29.1,0,54352,0,0
1/21/2009 6:20,213,0.1,0.1,10.3,78,29.1,0,54352,0,0
1/21/2009 6:30,213,0.1,0.1,10.3,77,29.1,0,54352,0,0
1/21/2009 6:40,213,0.1,0.1,10.6,76,29.1,0,54352,0,0
1/21/2009 6:50,213,0.1,0.1,10.4,75,29.1,0,54352,0,0
1/21/2009 7:00,213,0.1,0.1,10.6,74,29.2,0,54352,0,0
1/21/2009 7:10,213,0.1,0.1,11.2,71,29.1,0,54352,0,0
1/21/2009 7:20,213,0.1,0.1,11.5,71,29.2,0,54352,0,0
1/21/2009 7:30,213,0.1,0.1,12.1,69,29.2,0,54352,0,0
1/21/2009 7:40,213,0.1,0.1,12.8,67,29.2,0,54352,0,0
1/21/2009 7:50,213,0.1,0.1,12.8,65,29.1,0,54352,0,0
1/21/2009 8:00,213,0.1,0.1,13.3,63,29.1,0,54352,0,0
1/21/2009 8:10,213,0.1,0.1,14,61,29.1,0,54352,0,0
1/21/2009 8:20,213,0.1,0.1,14.4,60,29.1,0,54352,0,0
1/21/2009 8:30,213,0.1,0.1,15.3,61,29.2,0,54352,0,0
1/21/2009 8:40,213,0.1,0.1,15.8,61,29.1,0,54352,0,0
1/21/2009 8:50,213,0.1,0.1,16.2,63,29.1,0,54352,0,0
1/21/2009 9:00,213,0.1,0.1,16.2,63,29.1,0,54352,0,0
1/21/2009 9:10,213,0.1,0.1,16.6,63,29.1,0,54352,0,0
1/21/2009 9:20,213,0.1,0.1,17.1,62,29.1,0,54352,0,0
1/21/2009 9:30,213,0.1,0.1,17.5,61,29.1,0,54352,0,0
1/21/2009 9:40,213,0.1,0.1,18.2,60,29.1,0,54352,0,0
1/21/2009 9:50,213,0.1,0.1,18.7,60,29.1,0,54352,0,0
1/21/2009 10:00,213,0.1,0.1,19.4,61,29.1,0,54352,0,0
1/21/2009 10:10,213,0.1,0.1,19.4,62,29.1,0,54352,0,0
1/21/2009 10:20,213,0.1,0.1,19.8,62,29.1,0,54352,0,0
1/21/2009 10:30,213,0.1,0.1,20.2,62,29.1,0,54352,0,0
1/21/2009 10:40,213,0.1,0.1,20.3,63,29.1,0,54352,0,0
1/21/2009 10:50,213,0.1,0.1,20.3,62,29.1,0,54352,0,0
1/21/2009 11:00,213,0.1,0.1,20.5,62,29.1,0,54352,0,0
1/21/2009 11:10,213,0.1,0.1,21.1,61,29.1,0,54352,0,0
1/21/2009 11:20,213,0.1,0.1,21.4,61,29.1,0,54352,0,0
1/21/2009 11:30,213,0.1,0.1,21.6,59,29.1,0,54352,0,0
1/21/2009 11:40,213,0.1,0.1,21.8,60,29.1,0,54352,0,0
1/21/2009 11:50,213,0.1,0.1,21.6,60,29.1,0,54352,0,0
1/21/2009 12:00,213,0.1,0.1,21.6,60,29.1,0,54352,0,0
1/21/2009 12:10,213,0.1,0.1,22.3,59,29.1,0,54352,0,0
1/21/2009 12:20,213,0.1,0.1,22,58,29.1,0,54352,0,0
1/21/2009 12:30,213,0.1,0.1,22.3,59,29.1,0,54352,0,0
1/21/2009 12:40,213,0.1,0.1,22.7,58,29.1,0,54352,0,0
1/21/2009 12:50,213,0.1,0.1,22.5,57,29.1,0,54352,0,0
1/21/2009 13:00,213,0.1,0.1,22.9,57,29.1,0,54352,0,0
1/21/2009 13:10,213,0.1,0.1,23,56,29.1,0,54352,0,0
1/21/2009 13:20,213,0.1,0.1,23.4,56,29.1,0,54352,0,0
1/21/2009 13:30,213,0.1,0.1,23.9,55,29.1,0,54352,0,0
1/21/2009 13:40,213,0.1,0.1,24.1,53,29.1,0,54352,0,0
1/21/2009 13:50,213,0.1,0.1,24.1,54,29.1,0,54352,0,0
1/21/2009 14:00,213,0.1,0.1,24.1,54,29.1,0,54352,0,0
1/21/2009 14:10,213,0.1,0.1,23.9,55,29.1,0,54352,0,0
1/21/2009 14:20,213,0.1,0.1,23.9,56,29.1,0,54352,0,0
1/21/2009 14:30,213,0.1,0.1,23.9,56,29.1,0,54352,0,0
1/21/2009 14:40,213,0.1,0.1,23.9,55,29.1,0,54352,0,0
1/21/2009 14:50,213,0.1,0.1,24.1,55,29.1,0,54352,0,0
1/21/2009 15:00,213,0.1,0.1,23.9,55,29.1,0,54352,0,0
1/21/2009 15:10,213,0.1,0.1,23.6,56,29.1,0,54352,0,0
1/21/2009 15:20,213,0.1,0.1,23.2,56,29.1,0,54352,0,0
1/21/2009 15:30,213,0.1,0.1,23,56,29.1,0,54352,0,0
1/21/2009 15:40,213,0.1,0.1,22.5,57,29.1,0,54352,0,0
1/21/2009 15:50,213,0.1,0.1,22.3,57,29.1,0,54352,0,0
1/21/2009 16:00,213,0.1,0.1,22,58,29.1,0,54352,0,0
1/21/2009 16:10,213,0.1,0.1,21.6,59,29.1,0,54352,0,0
1/21/2009 16:20,213,0.1,0.1,21.4,59,29.1,0,54352,0,0
1/21/2009 16:30,213,0.1,0.1,21.2,60,29.1,0,54352,0,0
1/21/2009 16:40,213,0.1,0.1,20.9,60,29.1,0,54352,0,0
1/21/2009 16:50,213,0.1,0.1,20.5,62,29.1,0,54352,0,0
1/21/2009 17:00,213,0.1,0.1,20.3,63,29.1,0,54352,0,0
1/21/2009 17:10,213,0.1,0.1,20.3,63,29.1,0,54352,0,0
1/21/2009 17:20,213,0.1,0.1,20.2,63,29.1,0,54352,0,0
1/21/2009 17:30,213,0.1,0.1,20.2,64,29.1,0,54352,0,0
1/21/2009 17:40,213,0.1,0.1,20,64,29.1,0,54352,0,0
1/21/2009 17:50,213,0.1,0.1,20,65,29.1,0,54352,0,0
1/21/2009 18:00,213,0.1,0.1,20,65,29.1,0,54352,0,0
1/21/2009 18:10,213,0.1,0.1,20,65,29.1,0,54352,0,0
1/21/2009 18:20,213,0.1,0.1,20.3,65,29.1,0,54352,0,0
1/21/2009 18:30,213,0.1,0.1,20.3,65,29.1,0,54352,0,0
1/21/2009 18:40,213,0.1,0.1,20.3,65,29.1,0,54352,0,0
1/21/2009 18:50,213,0.1,0.1,20.2,66,29.1,0,54352,0,0
1/21/2009 19:00,213,0.1,0.1,20.5,65,29.1,0,54352,0,0
1/21/2009 19:10,213,0.1,0.1,20.3,66,29.1,0,54352,0,0
1/21/2009 19:20,213,0.1,0.1,20.3,66,29.1,0,54352,0,0
1/21/2009 19:30,213,0.1,0.1,20.3,67,29.1,0,54352,0,0
1/21/2009 19:40,213,0.1,0.1,20.3,67,29.1,0,54352,0,0
1/21/2009 19:50,213,0.1,0.1,20.7,67,29.1,0,54352,0,0
1/21/2009 20:00,213,0.1,0.1,20.7,67,29.1,0,54352,0,0
1/21/2009 20:10,213,0.1,0.1,21.1,67,29.1,0,54352,0,0
1/21/2009 20:20,213,0.1,0.1,21.8,66,29.1,0,54352,0,0
1/21/2009 20:30,213,0.1,0.1,22,66,29.1,0,54352,0,0
1/21/2009 20:40,213,0.1,0.1,22.1,66,29.1,0,54352,0,0
1/21/2009 20:50,213,0.1,0.1,22,66,29.1,0,54352,0,0
1/21/2009 21:00,213,0.1,0.1,22.3,66,29.1,0,54352,0,0
1/21/2009 21:10,213,0.1,0.1,22.3,66,29.1,0,54352,0,0
1/21/2009 21:20,213,0.1,0.1,22.3,66,29.1,0,54352,0,0
1/21/2009 21:30,213,0.1,0.1,22.1,67,29.1,0,54352,0,0
1/21/2009 21:40,213,0.1,0.1,22.3,67,29.1,0,54352,0,0
1/21/2009 21:50,213,0.1,0.1,22.3,67,29.1,0,54352,0,0
1/21/2009 22:00,213,0.1,0.1,22.3,67,29.1,0,54352,0,0
1/21/2009 22:10,213,0.1,0.1,22.7,67,29.1,0,54352,0,0
1/21/2009 22:20,213,0.1,0.1,22.9,67,29.1,0,54352,0,0
1/21/2009 22:30,213,0.1,0.1,23.2,67,29.1,0,54352,0,0
1/21/2009 22:40,213,0.1,0.1,23.8,66,29.1,0,54352,0,0
1/21/2009 22:50,213,0.1,0.1,24.3,65,29.1,0,54352,0,0
1/21/2009 23:00,213,0.1,0.1,24.5,65,29.1,0,54352,0,0
1/21/2009 23:10,213,0.1,0.1,24.7,64,29.1,0,54352,0,0
1/21/2009 23:20,213,0.1,0.1,24.8,64,29.1,0,54352,0,0
1/21/2009 23:30,213,0.1,0.1,24.8,64,29.1,0,54352,0,0
1/21/2009 23:40,213,0.1,0.1,25,64,29.1,0,54352,0,0
1/21/2009 23:50,213,0.1,0.1,25,64,29.1,0,54352,0,0
1/22/2009 0:00,213,0.1,0.1,24.8,64,29.1,0,54352,0,0
1/22/2009 0:10,213,0.1,0.1,24.8,65,29.1,0,54352,0,0
1/22/2009 0:20,213,0.1,0.1,24.7,65,29.1,0,54352,0,0
1/22/2009 0:30,213,0.1,0.1,24.5,65,29.1,0,54352,0,0
1/22/2009 0:40,213,0.1,0.1,24.5,66,29.1,0,54352,0,0
1/22/2009 0:50,213,0.1,0.1,24.3,66,29.1,0,54352,0,0
1/22/2009 1:00,213,0.1,0.1,24.5,66,29.1,0,54352,0,0
1/22/2009 1:10,213,0.1,0.1,24.5,66,29.1,0,54352,0,0
1/22/2009 1:20,213,0.1,0.1,24.5,66,29.1,0,54352,0,0
1/22/2009 1:30,213,0.1,0.1,24.7,66,29,0,54352,0,0
1/22/2009 1:40,213,0.1,0.1,24.5,66,29.1,0,54352,0,0
1/22/2009 1:50,213,0.1,0.1,24.7,67,29.1,0,54352,0,0
1/22/2009 2:00,213,0.1,0.1,24.8,66,29.1,0,54352,0,0
1/22/2009 2:10,213,0.1,0.1,25,66,29,0,54352,0,0
1/22/2009 2:20,213,0.1,0.1,25,66,29,0,54352,0,0
1/22/2009 2:30,213,0.1,0.1,25.2,66,29,0,54352,0,0
1/22/2009 2:40,213,0.1,0.1,25.2,66,29,0,54352,0,0
1/22/2009 2:50,213,0.1,0.1,25.2,67,29,0,54352,0,0
1/22/2009 3:00,213,0.1,0.1,25.6,67,29,0,54352,0,0
1/22/2009 3:10,213,0.1,0.1,25.6,67,29,0,54352,0,0
1/22/2009 3:20,213,0.1,0.1,25.6,67,29,0,54352,0,0
1/22/2009 3:30,213,0.1,0.1,25.9,67,29,0,54352,0,0
1/22/2009 3:40,213,0.1,0.1,25.9,67,29.1,0,54352,0,0
1/22/2009 3:50,213,0.1,0.1,26.1,67,29.1,0,54352,0,0
1/22/2009 4:00,213,0.1,0.1,26.1,67,29.1,0,54352,0,0
1/22/2009 4:10,213,0.1,0.1,26.1,67,29.1,0,54352,0,0
1/22/2009 4:20,213,0.1,0.1,26.3,67,29.1,0,54352,0,0
1/22/2009 4:30,213,0.1,0.1,26.3,67,29.1,0,54352,0,0
1/22/2009 4:40,213,0.1,0.1,26.3,67,29.1,0,54352,0,0
1/22/2009 4:50,213,0.1,0.1,26.1,67,29.1,0,54352,0,0
1/22/2009 5:00,213,0.1,0.1,26.3,67,29.1,0,54352,0,0
1/22/2009 5:10,213,0.1,0.1,26.3,67,29.1,0,54352,0,0
1/22/2009 5:20,213,0.1,0.1,26.3,67,29.1,0,54352,0,0
1/22/2009 5:30,213,0.1,0.1,26.3,66,29.1,0,54352,0,0
1/22/2009 5:40,213,0.1,0.1,26.5,66,29.1,0,54352,0,0
1/22/2009 5:50,213,0.1,0.1,26.5,66,29.1,0,54352,0,0
1/22/2009 6:00,213,0.1,0.1,26.6,66,29.1,0,54352,0,0
1/22/2009 6:10,213,0.1,0.1,26.6,66,29.1,0,54352,0,0
1/22/2009 6:20,213,0.1,0.1,26.6,66,29.1,0,54352,0,0
1/22/2009 6:30,213,0.1,0.1,26.8,66,29.1,0,54352,0,0
1/22/2009 6:40,213,0.1,0.1,26.5,66,29.1,0,54352,0,0
1/22/2009 6:50,213,0.1,0.1,26.3,66,29.1,0,54352,0,0
1/22/2009 7:00,213,0.1,0.1,26.5,66,29.1,0,54352,0,0
1/22/2009 7:10,213,0.1,0.1,26.5,66,29.1,0,54352,0,0
1/22/2009 7:20,213,0.1,0.1,26.5,66,29.1,0,54352,0,0
1/22/2009 7:30,213,0.1,0.1,26.6,66,29.1,0,54352,0,0
1/22/2009 7:40,213,0.1,0.1,26.8,66,29.1,0,54352,0,0
1/22/2009 7:50,213,0.1,0.1,26.8,66,29.1,0,54352,0,0
1/22/2009 8:00,213,0.1,0.1,27,65,29.1,0,54352,0,0
1/22/2009 8:10,213,0.1,0.1,27,65,29.1,0,54352,0,0
1/22/2009 8:20,213,0.1,0.1,27.2,65,29.1,0,54352,0,0
1/22/2009 8:30,213,0.1,0.1,27.5,65,29.1,0,54352,0,0
1/22/2009 8:40,213,0.1,0.1,27.5,65,29.1,0,54352,0,0
1/22/2009 8:50,213,0.1,0.1,27.5,64,29.1,0,54352,0,0
1/22/2009 9:00,213,0.1,0.1,27.9,65,29.1,0,54352,0,0
1/22/2009 9:10,213,0.1,0.1,27.9,64,29.1,0,54352,0,0
1/22/2009 9:20,213,0.1,0.1,28.1,65,29.1,0,54352,0,0
1/22/2009 9:30,213,0.1,0.1,28.4,64,29.1,0,54352,0,0
1/22/2009 9:40,213,0.1,0.1,28.6,64,29.1,0,54352,0,0
1/22/2009 9:50,213,0.1,0.1,28.8,64,29.1,0,54352,0,0
1/22/2009 10:00,213,0.1,0.1,29,64,29.1,0,54352,0,0
1/22/2009 10:10,213,0.1,0.1,29.2,64,29.1,0,54352,0,0
1/22/2009 10:20,213,0.1,0.1,29.5,64,29.1,0,54352,0,0
1/22/2009 10:30,213,0.1,0.1,29.3,63,29.1,0,54352,0,0
1/22/2009 10:40,213,0.1,0.1,29.5,63,29.1,0,54352,0,0
1/22/2009 10:50,213,0.1,0.1,29.9,63,29.1,0,54352,0,0
1/22/2009 11:00,213,0.1,0.1,29.7,62,29.1,0,54352,0,0
1/22/2009 11:10,213,0.1,0.1,29.9,62,29.1,0,54352,0,0
1/22/2009 11:20,213,0.1,0.1,29.9,63,29.1,0,54352,0,0
1/22/2009 11:30,213,0.1,0.1,29.9,63,29.1,0,54352,0,0
1/22/2009 11:40,213,0.1,0.1,30.1,63,29.1,0,54352,0,0
1/22/2009 11:50,213,0.1,0.1,30.1,65,29.1,0,54352,0,0
1/22/2009 12:00,213,0.1,0.1,30.2,65,29.1,0,54352,0,0
1/22/2009 12:10,213,0.1,0.1,30.4,73,29.1,0,54352,0,0
1/22/2009 12:20,213,0.1,0.1,30.2,74,29.1,0,54352,0,0
1/22/2009 12:30,213,0.1,0.1,30.1,74,29.1,0,54352,0,0
1/22/2009 12:40,213,0.1,0.1,29.9,74,29.1,0,54352,0,0
1/22/2009 12:50,213,0.1,0.1,29.9,75,29.1,0,54352,0,0
1/22/2009 13:00,213,0.1,0.1,29.9,75,29.1,0,54352,0,0
1/22/2009 13:10,213,0.1,0.1,30.1,75,29.1,0,54352,0,0
1/22/2009 13:20,213,0.1,0.1,30.1,75,29.1,0,54352,0,0
1/22/2009 13:30,213,0.1,0.1,30.1,76,29.1,0,54352,0,0
1/22/2009 13:40,213,0.1,0.1,30.1,76,29.1,0,54352,0,0
1/22/2009 13:50,213,0.1,0.1,30.1,77,29.1,0,54352,0,0
1/22/2009 14:00,213,0.1,0.1,29.9,78,29.1,0,54352,0,0
1/22/2009 14:10,213,0.1,0.1,29.3,80,29.1,0,54352,0,0
1/22/2009 14:20,213,0.1,0.1,29.2,82,29.1,0,54352,0,0
1/22/2009 14:30,213,0.1,0.1,29,82,29.1,0,54352,0,0
1/22/2009 14:40,213,0.1,0.1,29,81,29.1,0,54352,0,0
1/22/2009 14:50,213,0.1,0.1,28.8,81,29.1,0,54352,0,0
1/22/2009 15:00,213,0.1,0.1,28.6,81,29.1,0,54352,0,0
1/22/2009 15:10,213,0.1,0.1,28.6,82,29.1,0,54352,0,0
1/22/2009 15:20,213,0.1,0.1,28.4,82,29.1,0,54352,0,0
1/22/2009 15:30,213,0.1,0.1,28.4,81,29.1,0,54352,0,0
1/22/2009 15:40,213,0.1,0.1,28.3,81,29.1,0,54352,0,0
1/22/2009 15:50,213,0.1,0.1,28.3,81,29.1,0,54352,0,0
1/22/2009 16:00,213,0.1,0.1,28.4,81,29.1,0,54352,0,0
1/22/2009 16:10,213,0.1,0.1,28.4,81,29.1,0,54352,0,0
1/22/2009 16:20,213,0.1,0.1,28.6,81,29.1,0,54352,0,0
1/22/2009 16:30,213,0.1,0.1,28.6,81,29.1,0,54352,0,0
1/22/2009 16:40,213,0.1,0.1,28.6,81,29.1,0,54352,0,0
1/22/2009 16:50,213,0.1,0.1,28.6,81,29.1,0,54352,0,0
1/22/2009 17:00,213,0.1,0.1,28.8,81,29.1,0,54352,0,0
1/22/2009 17:10,213,0.1,0.1,29,81,29.1,0,54352,0,0
1/22/2009 17:20,213,0.1,0.1,29,81,29.1,0,54352,0,0
1/22/2009 17:30,213,0.1,0.1,29,81,29.1,0,54352,0,0
1/22/2009 17:40,213,0.1,0.1,29,81,29.1,0,54352,0,0
1/22/2009 17:50,213,0.1,0.1,29,81,29.1,0,54352,0,0
1/22/2009 18:00,213,0.1,0.1,29,81,29.1,0,54352,0,0
1/22/2009 18:10,213,0.1,0.1,29.2,80,29.1,0,54352,0,0
1/22/2009 18:20,213,0.1,0.1,29.2,80,29.1,0,54352,0,0
1/22/2009 18:30,213,0.1,0.1,29,80,29.1,0,54352,0,0
1/22/2009 18:40,213,0.1,0.1,29,80,29.1,0,54352,0,0
1/22/2009 18:50,213,0.1,0.1,29,80,29.1,0,54352,0,0
1/22/2009 19:00,213,0.1,0.1,29.2,80,29.1,0,54352,0,0
1/22/2009 19:10,213,0.1,0.1,29,80,29.1,0,54352,0,0
1/22/2009 19:20,213,0.1,0.1,29.3,79,29.1,0,54352,0,0
1/22/2009 19:30,213,0.1,0.1,29.3,77,29.1,0,54352,0,0
1/22/2009 19:40,213,0.1,0.1,30.6,73,29.1,0,54352,0,0
1/22/2009 19:50,213,0.1,0.1,31.7,69,29.1,0,54352,0,0
1/22/2009 20:00,213,0.1,0.1,32.3,67,29.1,0,54352,0,0
1/22/2009 20:10,213,0.1,0.1,33,65,29.1,0,54352,0,0
1/22/2009 20:20,213,0.1,0.1,33.4,65,29.1,0,54352,0,0
1/22/2009 20:30,213,0.1,0.1,33.6,64,29.1,0,54352,0,0
1/22/2009 20:40,213,0.1,0.1,33.9,64,29.1,0,54352,0,0
1/22/2009 20:50,213,0.1,0.1,33.9,64,29.1,0,54352,0,0
1/22/2009 21:00,213,0.1,0.1,34.1,65,29.1,0,54352,0,0
1/22/2009 21:10,213,0.1,0.1,34.1,65,29.1,0,54352,0,0
1/22/2009 21:20,213,0.1,0.1,33.9,65,29.1,0,54352,0,0
1/22/2009 21:30,213,0.1,0.1,34.1,65,29.1,0,54352,0,0
1/22/2009 21:40,213,0.1,0.1,34.3,65,29.1,0,54352,0,0
1/22/2009 21:50,213,0.1,0.1,34.3,65,29.1,0,54352,0,0
1/22/2009 22:00,213,0.1,0.1,34.5,64,29.1,0,54352,0,0
1/22/2009 22:10,213,0.1,0.1,34.7,64,29.1,0,54352,0,0
1/22/2009 22:20,213,0.1,0.1,34.8,64,29.1,0,54352,0,0
1/22/2009 22:30,213,0.1,0.1,35,64,29.1,0,54352,0,0
1/22/2009 22:40,213,0.1,0.1,35,64,29.1,0,54352,0,0
1/22/2009 22:50,213,0.1,0.1,34.8,64,29.1,0,54352,0,0
1/22/2009 23:00,213,0.1,0.1,34.7,64,29.1,0,54352,0,0
1/22/2009 23:10,213,0.1,0.1,34.3,64,29.1,0,54352,0,0
1/22/2009 23:20,213,0.1,0.1,34.1,65,29.1,0,54352,0,0
1/22/2009 23:30,213,0.1,0.1,33.9,65,29.1,0,54352,0,0
1/22/2009 23:40,213,0.1,0.1,33.8,66,29.1,0,54352,0,0
1/22/2009 23:50,213,0.1,0.1,33.8,66,29.1,0,54352,0,0
1/23/2009 0:00,213,0.1,0.1,33.6,66,29.1,0,54352,0,0
1/23/2009 0:10,213,0.1,0.1,33.6,67,29.1,0,54352,0,0
1/23/2009 0:20,213,0.1,0.1,33.4,67,29.1,0,54352,0,0
1/23/2009 0:30,213,0.1,0.1,33.4,67,29.1,0,54352,0,0
1/23/2009 0:40,213,0.1,0.1,33.4,67,29.1,0,54352,0,0
1/23/2009 0:50,213,0.1,0.1,33.2,66,29.1,0,54352,0,0
1/23/2009 1:00,213,0.1,0.1,33.2,66,29.1,0,54352,0,0
1/23/2009 1:10,213,0.1,0.1,33.2,65,29.1,0,54352,0,0
1/23/2009 1:20,213,0.1,0.1,33.2,65,29.1,0,54352,0,0
1/23/2009 1:30,213,0.1,0.1,33,66,29.1,0,54352,0,0
1/23/2009 1:40,213,0.1,0.1,33.2,65,29.1,0,54352,0,0
1/23/2009 1:50,213,0.1,0.1,33.4,65,29,0,54352,0,0
1/23/2009 2:00,213,0.1,0.1,33.4,65,29,0,54352,0,0
1/23/2009 2:10,213,0.1,0.1,33.6,65,29,0,54352,0,0
1/23/2009 2:20,213,0.1,0.1,33.8,65,29,0,54352,0,0
1/23/2009 2:30,213,0.1,0.1,33.9,65,29,0,54352,0,0
1/23/2009 2:40,213,0.1,0.1,34.3,65,29,0,54352,0,0
1/23/2009 2:50,213,0.1,0.1,34.3,65,29,0,54352,0,0
1/23/2009 3:00,213,0.1,0.1,34.3,65,29,0,54352,0,0
1/23/2009 3:10,213,0.1,0.1,34.3,65,29,0,54352,0,0
1/23/2009 3:20,213,0.1,0.1,34.5,65,29,0,54352,0,0
1/23/2009 3:30,213,0.1,0.1,34.5,65,29,0,54352,0,0
1/23/2009 3:40,213,0.1,0.1,34.3,65,29,0,54352,0,0
1/23/2009 3:50,213,0.1,0.1,34.5,66,29,0,54352,0,0
1/23/2009 4:00,213,0.1,0.1,34.8,65,29,0,54352,0,0
1/23/2009 4:10,213,0.1,0.1,34.7,65,29,0,54352,0,0
1/23/2009 4:20,213,0.1,0.1,34.8,65,29,0,54352,0,0
1/23/2009 4:30,213,0.1,0.1,34.7,65,29,0,54352,0,0
1/23/2009 4:40,213,0.1,0.1,34.5,65,29,0,54352,0,0
1/23/2009 4:50,213,0.1,0.1,34.5,65,29,0,54352,0,0
1/23/2009 5:00,213,0.1,0.1,34.7,65,29,0,54352,0,0
1/23/2009 5:10,213,0.1,0.1,35,65,29,0,54352,0,0
1/23/2009 5:20,213,0.1,0.1,34.8,65,29,0,54352,0,0
1/23/2009 5:30,213,0.1,0.1,34.8,65,29,0,54352,0,0
1/23/2009 5:40,213,0.1,0.1,35.2,64,28.9,0,54352,0,0
1/23/2009 5:50,213,0.1,0.1,35.2,64,28.9,0,54352,0,0
1/23/2009 6:00,213,0.1,0.1,35.2,64,29,0,54352,0,0
1/23/2009 6:10,213,0.1,0.1,35.4,64,29,0,54352,0,0
1/23/2009 6:20,213,0.1,0.1,35.6,63,28.9,0,54352,0,0
1/23/2009 6:30,213,0.1,0.1,35.6,63,28.9,0,54352,0,0
1/23/2009 6:40,213,0.1,0.1,35.9,63,28.9,0,54352,0,0
1/23/2009 6:50,213,0.1,0.1,36.5,62,28.9,0,54352,0,0
1/23/2009 7:00,213,0.1,0.1,37,62,28.9,0,54352,0,0
1/23/2009 7:10,213,0.1,0.1,37.4,61,28.9,0,54352,0,0
1/23/2009 7:20,213,0.1,0.1,37.9,61,28.9,0,54352,0,0
1/23/2009 7:30,213,0.1,0.1,38.4,60,28.9,0,54352,0,0
1/23/2009 7:40,213,0.1,0.1,38.6,60,28.9,0,54352,0,0
1/23/2009 7:50,213,0.1,0.1,38.8,61,28.9,0,54352,0,0
1/23/2009 8:00,213,0.1,0.1,39,60,28.9,0,54352,0,0
1/23/2009 8:10,213,0.1,0.1,39.3,60,28.9,0,54352,0,0
1/23/2009 8:20,213,0.1,0.1,39.5,60,28.9,0,54352,0,0
1/23/2009 8:30,213,0.1,0.1,39.7,60,28.9,0,54352,0,0
1/23/2009 8:40,213,0.1,0.1,39.9,60,28.9,0,54352,0,0
1/23/2009 8:50,213,0.1,0.1,40.2,60,28.9,0,54352,0,0
1/23/2009 9:00,213,0.1,0.1,40.4,60,28.9,0,54352,0,0
1/23/2009 9:10,213,0.1,0.1,40.4,60,28.9,0,54352,0,0
1/23/2009 9:20,213,0.1,0.1,40.4,60,28.9,0,54352,0,0
1/23/2009 9:30,213,0.1,0.1,40.6,60,28.9,0,54352,0,0
1/23/2009 9:40,213,0.1,0.1,41,59,28.9,0,54352,0,0
1/23/2009 9:50,213,0.1,0.1,41.1,59,28.9,0,54352,0,0
1/23/2009 10:00,213,0.1,0.1,41.3,59,28.9,0,54352,0,0
1/23/2009 10:10,213,0.1,0.1,41.7,58,28.9,0,54352,0,0
1/23/2009 10:20,213,0.1,0.1,42,58,28.9,0,54352,0,0
1/23/2009 10:30,213,0.1,0.1,42.4,58,28.9,0,54352,0,0
1/23/2009 10:40,213,0.1,0.1,42.6,57,28.9,0,54352,0,0
1/23/2009 10:50,213,0.1,0.1,42.9,57,28.9,0,54352,0,0
1/23/2009 11:00,213,0.1,0.1,43.1,57,28.8,0,54352,0,0
1/23/2009 11:10,213,0.1,0.1,43.3,57,28.8,0,54352,0,0
1/23/2009 11:20,213,0.1,0.1,43.5,57,28.8,0,54352,0,0
1/23/2009 11:30,213,0.1,0.1,43.7,56,28.8,0,54352,0,0
1/23/2009 11:40,213,0.1,0.1,43.8,56,28.8,0,54352,0,0
1/23/2009 11:50,213,0.1,0.1,44,56,28.8,0,54352,0,0
1/23/2009 12:00,213,0.1,0.1,44,57,28.8,0,54352,0,0
1/23/2009 12:10,213,0.1,0.1,44,57,28.8,0,54352,0,0
1/23/2009 12:20,213,0.1,0.1,44.2,57,28.8,0,54352,0,0
1/23/2009 12:30,213,0.1,0.1,44.2,57,28.8,0,54352,0,0
1/23/2009 12:40,213,0.1,0.1,44.2,57,28.8,0,54352,0,0
1/23/2009 12:50,213,0.1,0.1,44.4,57,28.8,0,54352,0,0
1/23/2009 13:00,213,0.1,0.1,44.4,57,28.9,0,54352,0,0
1/23/2009 13:10,213,0.1,0.1,44.6,57,28.9,0,54352,0,0
1/23/2009 13:20,213,0.1,0.1,44.6,56,28.9,0,54352,0,0
1/23/2009 13:30,213,0.1,0.1,44.6,57,28.9,0,54352,0,0
1/23/2009 13:40,213,0.1,0.1,44.4,57,28.9,0,54352,0,0
1/23/2009 13:50,213,0.1,0.1,38.6,69,28.9,0,54352,0,0
1/23/2009 14:00,213,0.1,0.1,38.1,73,28.9,0,54352,0,0
1/23/2009 14:10,213,0.1,0.1,37.5,74,28.9,0,54352,0,0
1/23/2009 14:20,213,0.1,0.1,37.4,75,28.9,0,54352,0,0
1/23/2009 14:30,213,0.1,0.1,37,76,28.9,0,54352,0,0
1/23/2009 14:40,213,0.1,0.1,36.6,77,28.9,0,54352,0,0
1/23/2009 14:50,213,0.1,0.1,36.3,78,28.9,0,54352,0,0
1/23/2009 15:00,213,0.1,0.1,35.9,79,28.9,0,54352,0,0
1/23/2009 15:10,213,0.1,0.1,35.2,81,28.9,0,54352,0,0
1/23/2009 15:20,213,0.1,0.1,35.2,82,28.9,0,54352,0,0
1/23/2009 15:30,213,0.1,0.1,34.8,83,28.9,0,54352,0,0
1/23/2009 15:40,213,0.1,0.1,34.7,84,28.9,0,54352,0,0
1/23/2009 15:50,213,0.1,0.1,34.5,84,29,0,54352,0,0
1/23/2009 16:00,213,0.1,0.1,34.5,83,29,0,54352,0,0
1/23/2009 16:10,213,0.1,0.1,34.3,84,29,0,54352,0,0
1/23/2009 16:20,213,0.1,0.1,34.1,84,29,0,54352,0,0
1/23/2009 16:30,213,0.1,0.1,33.9,85,29,0,54352,0,0
1/23/2009 16:40,213,0.1,0.1,33.6,86,29,0,54352,0,0
1/23/2009 16:50,213,0.1,0.1,33.2,87,29,0,54352,0,0
1/23/2009 17:00,213,0.1,0.1,33.6,85,29,0,54352,0,0
1/23/2009 17:10,213,0.1,0.1,33.6,85,29,0,54352,0,0
1/23/2009 17:20,213,0.1,0.1,33.8,83,29,0,54352,0,0
1/23/2009 17:30,213,0.1,0.1,33.9,81,29,0,54372,0,0
1/23/2009 17:40,213,0.1,0.1,33.6,83,29,0,54372,0,0
1/23/2009 17:50,213,0.1,0.1,32.3,82,29,0,54412,0,0
1/23/2009 18:00,213,0.1,0.1,32,83,29,0,54412,0,0
1/23/2009 18:10,213,0.1,0.1,32,84,29,0,54412,0,0
1/23/2009 18:20,213,0.1,0.1,32,85,29,0,54412,0,0
1/23/2009 18:30,213,0.1,0.1,31.9,85,29,0,54412,0,0
1/23/2009 18:40,213,0.1,0.1,31.3,83,29,0,54412,0,0
1/23/2009 18:50,213,0.1,0.1,30.4,79,29,0,54492,0.01,0.01
1/23/2009 19:00,213,0.1,0.1,30.6,77,29.1,0,54712,0,0
1/23/2009 19:10,213,0.1,0.1,30.4,77,29.1,0,54712,0,0
1/23/2009 19:20,213,0.1,0.1,30.6,76,29.1,0,54712,0,0
1/23/2009 19:30,213,0.1,0.1,30.6,76,29.1,0,54712,0,0
1/23/2009 19:40,213,0.1,0.1,30.8,74,29.1,0,54712,0,0
1/23/2009 19:50,213,0.1,0.1,30.8,75,29.1,0,54712,0,0
1/23/2009 20:00,213,0.1,0.1,30.8,75,29.1,0,54732,0,0
1/23/2009 20:10,213,0.1,0.1,31,74,29.1,0,54742,0,0
1/23/2009 20:20,213,0.1,0.1,30.4,78,29.1,0,54742,0,0
1/23/2009 20:30,213,0.1,0.1,30.2,79,29.1,0,54742,0,0
1/23/2009 20:40,213,0.1,0.1,30.2,79,29.1,0,54742,0,0
1/23/2009 20:50,213,0.1,0.1,30.2,78,29.1,0,54742,0,0
1/23/2009 21:00,213,0.1,0.1,30.2,79,29.1,0,54742,0,0
1/23/2009 21:10,213,0.1,0.1,30.1,79,29.1,0,54742,0,0
1/23/2009 21:20,213,0.1,0.1,30.1,79,29.1,0,54742,0,0
1/23/2009 21:30,213,0.1,0.1,30.1,80,29.1,0,54742,0,0
1/23/2009 21:40,213,0.1,0.1,30.1,80,29.1,0,54742,0,0
1/23/2009 21:50,213,0.1,0.1,28.8,80,29.1,0,54762,0,0
1/23/2009 22:00,213,0.1,0.1,27.7,84,29.1,0,54992,0,0
1/23/2009 22:10,213,0.1,0.1,27.7,83,29.1,0,55002,0,0
1/23/2009 22:20,213,0.1,0.1,27.9,81,29.2,0,55012,0,0
1/23/2009 22:30,213,0.1,0.1,27.9,78,29.2,0,55022,0,0
1/23/2009 22:40,213,0.1,0.1,27.7,74,29.2,0,55022,0,0
1/23/2009 22:50,213,0.1,0.1,27.4,76,29.2,0,55022,0,0
1/23/2009 23:00,213,0.1,0.1,26.8,73,29.2,0,55032,0,0
1/23/2009 23:10,213,0.1,0.1,26.5,74,29.2,0,55032,0,0
1/23/2009 23:20,213,0.1,0.1,26.3,75,29.2,0,55032,0,0
1/23/2009 23:30,213,0.1,0.1,25.6,78,29.2,0,55032,0,0
1/23/2009 23:40,213,0.1,0.1,24.5,73,29.2,0,55032,0,0
1/23/2009 23:50,213,0.1,0.1,24.5,76,29.2,0,55032,0,0
1/24/2009 0:00,213,0.1,0.1,24.1,75,29.2,0,55032,0,0
1/24/2009 0:10,213,0.1,0.1,23.9,74,29.2,0,55032,0,0
1/24/2009 0:20,213,0.1,0.1,23.8,73,29.2,0,55032,0,0
1/24/2009 0:30,213,0.1,0.1,23.2,73,29.2,0,55032,0,0
1/24/2009 0:40,213,0.1,0.1,22.9,73,29.2,0,55032,0,0
1/24/2009 0:50,213,0.1,0.1,22.5,71,29.2,0,55032,0,0
1/24/2009 1:00,213,0.1,0.1,22.3,72,29.2,0,55032,0,0
1/24/2009 1:10,213,0.1,0.1,21.8,71,29.3,0,55032,0,0
1/24/2009 1:20,213,0.1,0.1,21.4,71,29.3,0,55032,0,0
1/24/2009 1:30,213,0.1,0.1,21.1,74,29.3,0,55032,0,0
1/24/2009 1:40,213,0.1,0.1,21.1,76,29.3,0,55032,0,0
1/24/2009 1:50,213,0.1,0.1,20.9,73,29.3,0,55032,0,0
1/24/2009 2:00,213,0.1,0.1,20.7,68,29.3,0,55032,0,0
1/24/2009 2:10,213,0.1,0.1,20.3,72,29.3,0,55032,0,0
1/24/2009 2:20,213,0.1,0.1,20.3,72,29.3,0,55032,0,0
1/24/2009 2:30,213,0.1,0.1,20.2,71,29.3,0,55032,0,0
1/24/2009 2:40,213,0.1,0.1,20,70,29.3,0,55032,0,0
1/24/2009 2:50,213,0.1,0.1,20,68,29.3,0,55032,0,0
1/24/2009 3:00,213,0.1,0.1,19.8,68,29.3,0,55032,0,0
1/24/2009 3:10,213,0.1,0.1,19.4,71,29.3,0,55032,0,0
1/24/2009 3:20,213,0.1,0.1,19.1,71,29.3,0,55032,0,0
1/24/2009 3:30,213,0.1,0.1,18.7,75,29.3,0,55032,0,0
1/24/2009 3:40,213,0.1,0.1,18.5,74,29.3,0,55032,0,0
1/24/2009 3:50,213,0.1,0.1,18.4,74,29.3,0,55032,0,0
1/24/2009 4:00,213,0.1,0.1,18.2,73,29.3,0,55032,0,0
1/24/2009 4:10,213,0.1,0.1,17.8,72,29.3,0,55032,0,0
1/24/2009 4:20,213,0.1,0.1,17.8,72,29.3,0,55032,0,0
1/24/2009 4:30,213,0.1,0.1,17.6,71,29.3,0,55032,0,0
1/24/2009 4:40,213,0.1,0.1,17.6,71,29.3,0,55032,0,0
1/24/2009 4:50,213,0.1,0.1,17.5,74,29.3,0,55032,0,0
1/24/2009 5:00,213,0.1,0.1,17.3,70,29.3,0,55032,0,0
1/24/2009 5:10,213,0.1,0.1,17.3,72,29.3,0,55032,0,0
1/24/2009 5:20,213,0.1,0.1,17.1,72,29.3,0,55032,0,0
1/24/2009 5:30,213,0.1,0.1,17.1,70,29.3,0,55032,0,0
1/24/2009 5:40,213,0.1,0.1,17.3,71,29.4,0,55032,0,0
1/24/2009 5:50,213,0.1,0.1,17.1,69,29.4,0,55032,0,0
1/24/2009 6:00,213,0.1,0.1,17.3,69,29.4,0,55032,0,0
1/24/2009 6:10,213,0.1,0.1,17.1,67,29.4,0,55032,0,0
1/24/2009 6:20,213,0.1,0.1,17.1,69,29.4,0,55032,0,0
1/24/2009 6:30,213,0.1,0.1,17.1,66,29.4,0,55032,0,0
1/24/2009 6:40,213,0.1,0.1,17.3,67,29.4,0,55032,0,0
1/24/2009 6:50,213,0.1,0.1,17.1,67,29.4,0,55032,0,0
1/24/2009 7:00,213,0.1,0.1,16.9,68,29.4,0,55032,0,0
1/24/2009 7:10,213,0.1,0.1,17.1,70,29.4,0,55032,0,0
1/24/2009 7:20,213,0.1,0.1,17.1,71,29.4,0,55032,0,0
1/24/2009 7:30,213,0.1,0.1,16.7,69,29.4,0,55032,0,0
1/24/2009 7:40,213,0.1,0.1,16.6,70,29.4,0,55032,0,0
1/24/2009 7:50,213,0.1,0.1,16.2,74,29.4,0,55032,0,0
1/24/2009 8:00,213,0.1,0.1,16,79,29.4,0,55032,0,0
1/24/2009 8:10,213,0.1,0.1,15.7,79,29.4,0,55042,0,0
1/24/2009 8:20,213,0.1,0.1,15.7,75,29.4,0,55042,0,0
1/24/2009 8:30,213,0.1,0.1,15.7,75,29.4,0,55042,0,0
1/24/2009 8:40,213,0.1,0.1,15.7,76,29.4,0,55042,0,0
1/24/2009 8:50,213,0.1,0.1,15.8,72,29.4,0,55042,0,0
1/24/2009 9:00,213,0.1,0.1,15.5,74,29.4,0,55042,0,0
1/24/2009 9:10,213,0.1,0.1,15.8,73,29.4,0,55042,0,0
1/24/2009 9:20,213,0.1,0.1,15.8,73,29.4,0,55042,0,0
1/24/2009 9:30,213,0.1,0.1,15.7,73,29.4,0,55042,0,0
1/24/2009 9:40,213,0.1,0.1,15.8,74,29.4,0,55042,0,0
1/24/2009 9:50,213,0.1,0.1,15.8,71,29.4,0,55042,0,0
1/24/2009 10:00,213,0.1,0.1,16,70,29.4,0,55042,0,0
1/24/2009 10:10,213,0.1,0.1,16,71,29.4,0,55042,0,0
1/24/2009 10:20,213,0.1,0.1,16,71,29.4,0,55042,0,0
1/24/2009 10:30,213,0.1,0.1,16,73,29.4,0,55042,0,0
1/24/2009 10:40,213,0.1,0.1,16,68,29.4,0,55042,0,0
1/24/2009 10:50,213,0.1,0.1,16.2,69,29.4,0,55042,0,0
1/24/2009 11:00,213,0.1,0.1,16.2,69,29.4,0,55042,0,0
1/24/2009 11:10,213,0.1,0.1,16,67,29.4,0,55042,0,0
1/24/2009 11:20,213,0.1,0.1,16.4,68,29.4,0,55042,0,0
1/24/2009 11:30,213,0.1,0.1,16.2,64,29.4,0,55042,0,0
1/24/2009 11:40,213,0.1,0.1,15.8,66,29.4,0,55042,0,0
1/24/2009 11:50,213,0.1,0.1,16,66,29.4,0,55042,0,0
1/24/2009 12:00,213,0.1,0.1,16.6,65,29.4,0,55042,0,0
1/24/2009 12:10,213,0.1,0.1,16.2,64,29.4,0,55042,0,0
1/24/2009 12:20,213,0.1,0.1,16,66,29.4,0,55042,0,0
1/24/2009 12:30,213,0.1,0.1,15.8,74,29.4,0,55042,0,0
1/24/2009 12:40,213,0.1,0.1,15.7,71,29.4,0,55042,0,0
1/24/2009 12:50,213,0.1,0.1,15.7,71,29.4,0,55042,0,0
1/24/2009 13:00,213,0.1,0.1,16,66,29.4,0,55042,0,0
1/24/2009 13:10,213,0.1,0.1,16.2,64,29.4,0,55042,0,0
1/24/2009 13:20,213,0.1,0.1,16.2,62,29.5,0,55042,0,0
1/24/2009 13:30,213,0.1,0.1,16.2,72,29.5,0,55042,0,0
1/24/2009 13:40,213,0.1,0.1,15.7,74,29.5,0,55042,0,0
1/24/2009 13:50,213,0.1,0.1,15.5,73,29.5,0,55042,0,0
1/24/2009 14:00,213,0.1,0.1,15.5,75,29.5,0,55042,0,0
1/24/2009 14:10,213,0.1,0.1,15.7,73,29.5,0,55042,0,0
1/24/2009 14:20,213,0.1,0.1,15.8,64,29.5,0,55042,0,0
1/24/2009 14:30,213,0.1,0.1,15.8,64,29.5,0,55042,0,0
1/24/2009 14:40,213,0.1,0.1,16,65,29.5,0,55042,0,0
1/24/2009 14:50,213,0.1,0.1,15.8,60,29.5,0,55042,0,0
1/24/2009 15:00,213,0.1,0.1,15.8,61,29.5,0,55042,0,0
1/24/2009 15:10,213,0.1,0.1,15.7,65,29.5,0,55042,0,0
1/24/2009 15:20,213,0.1,0.1,15.7,68,29.5,0,55042,0,0
1/24/2009 15:30,213,0.1,0.1,15.3,71,29.5,0,55042,0,0
1/24/2009 15:40,213,0.1,0.1,15.1,68,29.5,0,55042,0,0
1/24/2009 15:50,213,0.1,0.1,15.3,65,29.5,0,55042,0,0
1/24/2009 16:00,213,0.1,0.1,15.1,67,29.5,0,55042,0,0
1/24/2009 16:10,213,0.1,0.1,14.8,69,29.5,0,55042,0,0
1/24/2009 16:20,213,0.1,0.1,14.9,65,29.5,0,55042,0,0
1/24/2009 16:30,213,0.1,0.1,15.1,66,29.5,0,55042,0,0
1/24/2009 16:40,213,0.1,0.1,14.8,64,29.5,0,55042,0,0
1/24/2009 16:50,213,0.1,0.1,14.6,63,29.5,0,55042,0,0
1/24/2009 17:00,213,0.1,0.1,14.4,63,29.5,0,55042,0,0
1/24/2009 17:10,213,0.1,0.1,14.4,63,29.5,0,55042,0,0
1/24/2009 17:20,213,0.1,0.1,13.9,63,29.5,0,55042,0,0
1/24/2009 17:30,213,0.1,0.1,13.7,63,29.5,0,55042,0,0
1/24/2009 17:40,213,0.1,0.1,13.3,64,29.5,0,55042,0,0
1/24/2009 17:50,213,0.1,0.1,13,64,29.5,0,55042,0,0
1/24/2009 18:00,213,0.1,0.1,12.8,64,29.5,0,55042,0,0
1/24/2009 18:10,213,0.1,0.1,12.6,65,29.5,0,55042,0,0
1/24/2009 18:20,213,0.1,0.1,12.2,65,29.5,0,55042,0,0
1/24/2009 18:30,213,0.1,0.1,12.2,66,29.5,0,55042,0,0
1/24/2009 18:40,213,0.1,0.1,12.1,66,29.5,0,55042,0,0
1/24/2009 18:50,213,0.1,0.1,12.1,66,29.4,0,55042,0,0
1/24/2009 19:00,213,0.1,0.1,11.9,66,29.4,0,55042,0,0
1/24/2009 19:10,213,0.1,0.1,11.7,67,29.4,0,55042,0,0
1/24/2009 19:20,213,0.1,0.1,11.3,67,29.4,0,55042,0,0
1/24/2009 19:30,213,0.1,0.1,11,67,29.4,0,55042,0,0
1/24/2009 19:40,213,0.1,0.1,11,67,29.4,0,55042,0,0
1/24/2009 19:50,213,0.1,0.1,10.8,67,29.4,0,55042,0,0
1/24/2009 20:00,213,0.1,0.1,10.8,68,29.4,0,55042,0,0
1/24/2009 20:10,213,0.1,0.1,10.6,68,29.4,0,55042,0,0
1/24/2009 20:20,213,0.1,0.1,10.4,68,29.4,0,55042,0,0
1/24/2009 20:30,213,0.1,0.1,10.4,68,29.4,0,55042,0,0
1/24/2009 20:40,213,0.1,0.1,10.6,68,29.4,0,55042,0,0
1/24/2009 20:50,213,0.1,0.1,11,68,29.4,0,55042,0,0
1/24/2009 21:00,213,0.1,0.1,11.5,67,29.4,0,55042,0,0
1/24/2009 21:10,213,0.1,0.1,11.9,67,29.4,0,55042,0,0
1/24/2009 21:20,213,0.1,0.1,12.1,67,29.4,0,55042,0,0
1/24/2009 21:30,213,0.1,0.1,12.4,68,29.4,0,55042,0,0
1/24/2009 21:40,213,0.1,0.1,12.4,68,29.4,0,55042,0,0
1/24/2009 21:50,213,0.1,0.1,12.2,68,29.4,0,55042,0,0
1/24/2009 22:00,213,0.1,0.1,11.9,68,29.4,0,55042,0,0
1/24/2009 22:10,213,0.1,0.1,11.9,69,29.4,0,55042,0,0
1/24/2009 22:20,213,0.1,0.1,11.9,69,29.4,0,55042,0,0
1/24/2009 22:30,213,0.1,0.1,12.1,69,29.4,0,55042,0,0
1/24/2009 22:40,213,0.1,0.1,12.1,69,29.4,0,55042,0,0
1/24/2009 22:50,213,0.1,0.1,11.7,69,29.4,0,55042,0,0
1/24/2009 23:00,213,0.1,0.1,11.9,69,29.4,0,55042,0,0
1/24/2009 23:10,213,0.1,0.1,11.9,69,29.4,0,55042,0,0
1/24/2009 23:20,213,0.1,0.1,12.2,69,29.4,0,55042,0,0
1/24/2009 23:30,213,0.1,0.1,12.4,69,29.4,0,55042,0,0
1/24/2009 23:40,213,0.1,0.1,12.4,69,29.4,0,55042,0,0
1/24/2009 23:50,213,0.1,0.1,12.4,69,29.4,0,55042,0,0
1/25/2009 0:00,213,0.1,0.1,12.6,68,29.4,0,55042,0,0
1/25/2009 0:10,213,0.1,0.1,12.8,68,29.4,0,55042,0,0
1/25/2009 0:20,213,0.1,0.1,13,68,29.4,0,55042,0,0
1/25/2009 0:30,213,0.1,0.1,13.1,68,29.4,0,55042,0,0
1/25/2009 0:40,213,0.1,0.1,13.5,68,29.4,0,55042,0,0
1/25/2009 0:50,213,0.1,0.1,13.9,69,29.4,0,55042,0,0
1/25/2009 1:00,213,0.1,0.1,13.7,69,29.4,0,55042,0,0
1/25/2009 1:10,213,0.1,0.1,13.5,70,29.4,0,55042,0,0
1/25/2009 1:20,213,0.1,0.1,13.5,70,29.4,0,55042,0,0
1/25/2009 1:30,213,0.1,0.1,13.3,70,29.4,0,55042,0,0
1/25/2009 1:40,213,0.1,0.1,13,70,29.4,0,55042,0,0
1/25/2009 1:50,213,0.1,0.1,12.6,70,29.4,0,55042,0,0
1/25/2009 2:00,213,0.1,0.1,12.6,71,29.4,0,55042,0,0
1/25/2009 2:10,213,0.1,0.1,12.4,71,29.4,0,55042,0,0
1/25/2009 2:20,213,0.1,0.1,12.4,72,29.4,0,55042,0,0
1/25/2009 2:30,213,0.1,0.1,12.4,72,29.4,0,55042,0,0
1/25/2009 2:40,213,0.1,0.1,12.4,72,29.4,0,55042,0,0
1/25/2009 2:50,213,0.1,0.1,12.2,72,29.4,0,55042,0,0
1/25/2009 3:00,213,0.1,0.1,12.1,73,29.4,0,55042,0,0
1/25/2009 3:10,213,0.1,0.1,11.9,73,29.4,0,55042,0,0
1/25/2009 3:20,213,0.1,0.1,11.5,73,29.4,0,55042,0,0
1/25/2009 3:30,213,0.1,0.1,11.2,73,29.4,0,55042,0,0
1/25/2009 3:40,213,0.1,0.1,11,74,29.4,0,55042,0,0
1/25/2009 3:50,213,0.1,0.1,10.8,74,29.4,0,55042,0,0
1/25/2009 4:00,213,0.1,0.1,10.8,75,29.4,0,55042,0,0
1/25/2009 4:10,213,0.1,0.1,10.6,75,29.4,0,55042,0,0
1/25/2009 4:20,213,0.1,0.1,10.6,75,29.4,0,55042,0,0
1/25/2009 4:30,213,0.1,0.1,10.4,76,29.4,0,55042,0,0
1/25/2009 4:40,213,0.1,0.1,10.3,76,29.4,0,55042,0,0
1/25/2009 4:50,213,0.1,0.1,10.1,76,29.4,0,55042,0,0
1/25/2009 5:00,213,0.1,0.1,9.9,77,29.4,0,55042,0,0
1/25/2009 5:10,213,0.1,0.1,10.1,77,29.4,0,55042,0,0
1/25/2009 5:20,213,0.1,0.1,9.9,77,29.4,0,55042,0,0
1/25/2009 5:30,213,0.1,0.1,10.1,77,29.4,0,55042,0,0
1/25/2009 5:40,213,0.1,0.1,10.3,77,29.4,0,55042,0,0
1/25/2009 5:50,213,0.1,0.1,10.3,76,29.4,0,55042,0,0
1/25/2009 6:00,213,0.1,0.1,10.4,76,29.4,0,55042,0,0
1/25/2009 6:10,213,0.1,0.1,10.6,76,29.4,0,55042,0,0
1/25/2009 6:20,213,0.1,0.1,11,76,29.4,0,55042,0,0
1/25/2009 6:30,213,0.1,0.1,11.2,75,29.4,0,55042,0,0
1/25/2009 6:40,213,0.1,0.1,11.3,75,29.4,0,55042,0,0
1/25/2009 6:50,213,0.1,0.1,11.5,75,29.4,0,55042,0,0
1/25/2009 7:00,213,0.1,0.1,12.1,74,29.4,0,55042,0,0
1/25/2009 7:10,213,0.1,0.1,12.4,73,29.4,0,55042,0,0
1/25/2009 7:20,213,0.1,0.1,13,72,29.4,0,55042,0,0
1/25/2009 7:30,213,0.1,0.1,13.3,71,29.4,0,55042,0,0
1/25/2009 7:40,213,0.1,0.1,13.9,71,29.4,0,55042,0,0
1/25/2009 7:50,213,0.1,0.1,14.4,69,29.4,0,55042,0,0
1/25/2009 8:00,213,0.1,0.1,14.6,69,29.4,0,55042,0,0
1/25/2009 8:10,213,0.1,0.1,14.9,69,29.4,0,55042,0,0
1/25/2009 8:20,213,0.1,0.1,15.7,68,29.4,0,55042,0,0
1/25/2009 8:30,213,0.1,0.1,15.5,69,29.4,0,55042,0,0
1/25/2009 8:40,213,0.1,0.1,16,69,29.4,0,55042,0,0
1/25/2009 8:50,213,0.1,0.1,15.7,70,29.4,0,55042,0,0
1/25/2009 9:00,213,0.1,0.1,15.7,70,29.4,0,55042,0,0
1/25/2009 9:10,213,0.1,0.1,15.8,70,29.4,0,55042,0,0
1/25/2009 9:20,213,0.1,0.1,15.7,70,29.4,0,55042,0,0
1/25/2009 9:30,213,0.1,0.1,16,69,29.4,0,55042,0,0
1/25/2009 9:40,213,0.1,0.1,16,69,29.4,0,55042,0,0
1/25/2009 9:50,213,0.1,0.1,16,68,29.4,0,55042,0,0
1/25/2009 10:00,213,0.1,0.1,16.2,68,29.4,0,55042,0,0
1/25/2009 10:10,213,0.1,0.1,16.6,68,29.4,0,55042,0,0
1/25/2009 10:20,213,0.1,0.1,16.6,65,29.4,0,55042,0,0
1/25/2009 10:30,213,0.1,0.1,16.4,66,29.4,0,55042,0,0
1/25/2009 10:40,213,0.1,0.1,16.7,66,29.4,0,55042,0,0
1/25/2009 10:50,213,0.1,0.1,16.7,65,29.4,0,55042,0,0
1/25/2009 11:00,213,0.1,0.1,16.7,66,29.4,0,55042,0,0
1/25/2009 11:10,213,0.1,0.1,16.7,66,29.4,0,55042,0,0
1/25/2009 11:20,213,0.1,0.1,17.1,66,29.4,0,55042,0,0
1/25/2009 11:30,213,0.1,0.1,16.9,65,29.4,0,55042,0,0
1/25/2009 11:40,213,0.1,0.1,17.1,66,29.4,0,55042,0,0
1/25/2009 11:50,213,0.1,0.1,16.9,67,29.4,0,55042,0,0
1/25/2009 12:00,213,0.1,0.1,17.1,68,29.4,0,55042,0,0
1/25/2009 12:10,213,0.1,0.1,17.1,70,29.4,0,55042,0,0
1/25/2009 12:20,213,0.1,0.1,16.9,68,29.4,0,55042,0,0
1/25/2009 12:30,213,0.1,0.1,16.9,67,29.4,0,55042,0,0
1/25/2009 12:40,213,0.1,0.1,16.9,67,29.4,0,55042,0,0
1/25/2009 12:50,213,0.1,0.1,17.1,67,29.4,0,55042,0,0
1/25/2009 13:00,213,0.1,0.1,16.9,65,29.4,0,55042,0,0
1/25/2009 13:10,213,0.1,0.1,16.9,63,29.4,0,55042,0,0
1/25/2009 13:20,213,0.1,0.1,16.9,66,29.4,0,55042,0,0
1/25/2009 13:30,213,0.1,0.1,16.9,64,29.4,0,55042,0,0
1/25/2009 13:40,213,0.1,0.1,16.7,62,29.4,0,55042,0,0
1/25/2009 13:50,213,0.1,0.1,16.7,66,29.4,0,55042,0,0
1/25/2009 14:00,213,0.1,0.1,16.6,65,29.4,0,55042,0,0
1/25/2009 14:10,213,0.1,0.1,16.7,64,29.4,0,55042,0,0
1/25/2009 14:20,213,0.1,0.1,16.7,65,29.4,0,55042,0,0
1/25/2009 14:30,213,0.1,0.1,16.6,65,29.4,0,55042,0,0
1/25/2009 14:40,213,0.1,0.1,16.4,66,29.4,0,55042,0,0
1/25/2009 14:50,213,0.1,0.1,16.2,66,29.4,0,55042,0,0
1/25/2009 15:00,213,0.1,0.1,16.2,67,29.5,0,55042,0,0
1/25/2009 15:10,213,0.1,0.1,16,68,29.4,0,55042,0,0
1/25/2009 15:20,213,0.1,0.1,15.8,69,29.4,0,55042,0,0
1/25/2009 15:30,213,0.1,0.1,15.8,70,29.5,0,55042,0,0
1/25/2009 15:40,213,0.1,0.1,15.5,70,29.4,0,55042,0,0
1/25/2009 15:50,213,0.1,0.1,15.3,70,29.4,0,55042,0,0
1/25/2009 16:00,213,0.1,0.1,15.3,71,29.5,0,55042,0,0
1/25/2009 16:10,213,0.1,0.1,15.3,71,29.5,0,55042,0,0
1/25/2009 16:20,213,0.1,0.1,15.1,72,29.5,0,55042,0,0
1/25/2009 16:30,213,0.1,0.1,15.1,72,29.5,0,55042,0,0
1/25/2009 16:40,213,0.1,0.1,15.1,72,29.5,0,55042,0,0
1/25/2009 16:50,213,0.1,0.1,14.9,73,29.5,0,55042,0,0
1/25/2009 17:00,213,0.1,0.1,14.9,74,29.5,0,55042,0,0
1/25/2009 17:10,213,0.1,0.1,14.9,74,29.5,0,55042,0,0
1/25/2009 17:20,213,0.1,0.1,14.9,72,29.5,0,55042,0,0
1/25/2009 17:30,213,0.1,0.1,14.8,72,29.5,0,55042,0,0
1/25/2009 17:40,213,0.1,0.1,14.6,71,29.5,0,55042,0,0
1/25/2009 17:50,213,0.1,0.1,14.4,70,29.5,0,55042,0,0
1/25/2009 18:00,213,0.1,0.1,14.4,69,29.5,0,55042,0,0
1/25/2009 18:10,213,0.1,0.1,14.4,69,29.5,0,55042,0,0
1/25/2009 18:20,213,0.1,0.1,14.4,68,29.5,0,55042,0,0
1/25/2009 18:30,213,0.1,0.1,14.4,68,29.5,0,55042,0,0
1/25/2009 18:40,213,0.1,0.1,14.4,68,29.5,0,55042,0,0
1/25/2009 18:50,213,0.1,0.1,14.2,69,29.5,0,55042,0,0
1/25/2009 19:00,213,0.1,0.1,14.2,69,29.5,0,55042,0,0
1/25/2009 19:10,213,0.1,0.1,14.2,69,29.5,0,55042,0,0
1/25/2009 19:20,213,0.1,0.1,14,69,29.5,0,55042,0,0
1/25/2009 19:30,213,0.1,0.1,13.5,70,29.5,0,55042,0,0
1/25/2009 19:40,213,0.1,0.1,13.5,70,29.5,0,55042,0,0
1/25/2009 19:50,213,0.1,0.1,13.1,70,29.5,0,55042,0,0
1/25/2009 20:00,213,0.1,0.1,13,71,29.5,0,55042,0,0
1/25/2009 20:10,213,0.1,0.1,13,71,29.5,0,55042,0,0
1/25/2009 20:20,213,0.1,0.1,12.8,72,29.5,0,55042,0,0
1/25/2009 20:30,213,0.1,0.1,12.8,72,29.5,0,55042,0,0
1/25/2009 20:40,213,0.1,0.1,13,72,29.5,0,55042,0,0
1/25/2009 20:50,213,0.1,0.1,13,72,29.5,0,55042,0,0
1/25/2009 21:00,213,0.1,0.1,12.8,72,29.5,0,55042,0,0
1/25/2009 21:10,213,0.1,0.1,12.6,72,29.5,0,55042,0,0
1/25/2009 21:20,213,0.1,0.1,12.6,73,29.5,0,55042,0,0
1/25/2009 21:30,213,0.1,0.1,12.2,73,29.5,0,55042,0,0
1/25/2009 21:40,213,0.1,0.1,12.2,73,29.5,0,55042,0,0
1/25/2009 21:50,213,0.1,0.1,12.4,73,29.5,0,55042,0,0
1/25/2009 22:00,213,0.1,0.1,12.2,74,29.5,0,55042,0,0
1/25/2009 22:10,213,0.1,0.1,12.2,73,29.5,0,55042,0,0
1/25/2009 22:20,213,0.1,0.1,12.4,73,29.5,0,55042,0,0
1/25/2009 22:30,213,0.1,0.1,12.4,74,29.5,0,55042,0,0
1/25/2009 22:40,213,0.1,0.1,12.4,74,29.5,0,55042,0,0
1/25/2009 22:50,213,0.1,0.1,12.2,75,29.5,0,55042,0,0
1/25/2009 23:00,213,0.1,0.1,12.1,75,29.5,0,55042,0,0
1/25/2009 23:10,213,0.1,0.1,11.9,76,29.5,0,55042,0,0
1/25/2009 23:20,213,0.1,0.1,11.9,76,29.5,0,55042,0,0
1/25/2009 23:30,213,0.1,0.1,11.7,76,29.5,0,55042,0,0
1/25/2009 23:40,213,0.1,0.1,11.5,77,29.5,0,55042,0,0
1/25/2009 23:50,213,0.1,0.1,11.3,77,29.5,0,55042,0,0
1/26/2009 0:00,213,0.1,0.1,11.3,77,29.5,0,55042,0,0
1/26/2009 0:10,213,0.1,0.1,11.3,77,29.5,0,55042,0,0
1/26/2009 0:20,213,0.1,0.1,11.5,77,29.5,0,55042,0,0
1/26/2009 0:30,213,0.1,0.1,11.3,78,29.5,0,55042,0,0
1/26/2009 0:40,213,0.1,0.1,11.7,77,29.5,0,55042,0,0
1/26/2009 0:50,213,0.1,0.1,11.9,78,29.5,0,55042,0,0
1/26/2009 1:00,213,0.1,0.1,11.9,77,29.5,0,55042,0,0
1/26/2009 1:10,213,0.1,0.1,11.9,77,29.5,0,55042,0,0
1/26/2009 1:20,213,0.1,0.1,11.9,77,29.5,0,55042,0,0
1/26/2009 1:30,213,0.1,0.1,12.1,77,29.5,0,55042,0,0
1/26/2009 1:40,213,0.1,0.1,12.1,77,29.5,0,55042,0,0
1/26/2009 1:50,213,0.1,0.1,12.1,77,29.5,0,55042,0,0
1/26/2009 2:00,213,0.1,0.1,12.1,78,29.5,0,55042,0,0
1/26/2009 2:10,213,0.1,0.1,12.2,77,29.5,0,55042,0,0
1/26/2009 2:20,213,0.1,0.1,12.2,77,29.5,0,55042,0,0
1/26/2009 2:30,213,0.1,0.1,12.8,76,29.5,0,55042,0,0
1/26/2009 2:40,213,0.1,0.1,12.8,76,29.5,0,55042,0,0
1/26/2009 2:50,213,0.1,0.1,12.8,76,29.5,0,55042,0,0
1/26/2009 3:00,213,0.1,0.1,12.8,76,29.5,0,55042,0,0
1/26/2009 3:10,213,0.1,0.1,12.6,76,29.5,0,55042,0,0
1/26/2009 3:20,213,0.1,0.1,12.8,77,29.5,0,55042,0,0
1/26/2009 3:30,213,0.1,0.1,12.6,77,29.5,0,55042,0,0
1/26/2009 3:40,213,0.1,0.1,12.8,77,29.5,0,55042,0,0
1/26/2009 3:50,213,0.1,0.1,12.8,77,29.5,0,55042,0,0
1/26/2009 4:00,213,0.1,0.1,12.8,77,29.5,0,55042,0,0
1/26/2009 4:10,213,0.1,0.1,13,77,29.5,0,55042,0,0
1/26/2009 4:20,213,0.1,0.1,13,77,29.5,0,55042,0,0
1/26/2009 4:30,213,0.1,0.1,13.1,76,29.5,0,55042,0,0
1/26/2009 4:40,213,0.1,0.1,13.1,76,29.5,0,55042,0,0
1/26/2009 4:50,213,0.1,0.1,13.3,76,29.5,0,55042,0,0
1/26/2009 5:00,213,0.1,0.1,13.3,76,29.5,0,55042,0,0
1/26/2009 5:10,213,0.1,0.1,13.1,76,29.5,0,55042,0,0
1/26/2009 5:20,213,0.1,0.1,13.1,77,29.5,0,55042,0,0
1/26/2009 5:30,213,0.1,0.1,13.1,77,29.5,0,55042,0,0
1/26/2009 5:40,213,0.1,0.1,13,77,29.5,0,55042,0,0
1/26/2009 5:50,213,0.1,0.1,13,78,29.5,0,55042,0,0
1/26/2009 6:00,213,0.1,0.1,12.8,78,29.5,0,55042,0,0
1/26/2009 6:10,213,0.1,0.1,12.8,78,29.5,0,55042,0,0
1/26/2009 6:20,213,0.1,0.1,13.1,78,29.5,0,55042,0,0
1/26/2009 6:30,213,0.1,0.1,13.1,78,29.5,0,55042,0,0
1/26/2009 6:40,213,0.1,0.1,13.3,78,29.6,0,55042,0,0
1/26/2009 6:50,213,0.1,0.1,13.7,78,29.6,0,55042,0,0
1/26/2009 7:00,213,0.1,0.1,13.9,77,29.6,0,55042,0,0
1/26/2009 7:10,213,0.1,0.1,14,76,29.6,0,55042,0,0
1/26/2009 7:20,213,0.1,0.1,14.8,75,29.6,0,55042,0,0
1/26/2009 7:30,213,0.1,0.1,14.8,74,29.6,0,55042,0,0
1/26/2009 7:40,213,0.1,0.1,15.3,73,29.6,0,55042,0,0
1/26/2009 7:50,213,0.1,0.1,15.7,73,29.6,0,55042,0,0
1/26/2009 8:00,213,0.1,0.1,15.7,71,29.6,0,55042,0,0
1/26/2009 8:10,213,0.1,0.1,15.7,70,29.6,0,55042,0,0
1/26/2009 8:20,213,0.1,0.1,15.5,72,29.6,0,55042,0,0
1/26/2009 8:30,213,0.1,0.1,15.3,73,29.6,0,55042,0,0
1/26/2009 8:40,213,0.1,0.1,15.5,72,29.6,0,55042,0,0
1/26/2009 8:50,213,0.1,0.1,16.2,69,29.6,0,55042,0,0
1/26/2009 9:00,213,0.1,0.1,16.6,68,29.6,0,55042,0,0
1/26/2009 9:10,213,0.1,0.1,16.7,67,29.6,0,55042,0,0
1/26/2009 9:20,213,0.1,0.1,17.1,66,29.6,0,55042,0,0
1/26/2009 9:30,213,0.1,0.1,17.3,64,29.6,0,55042,0,0
1/26/2009 9:40,213,0.1,0.1,17.3,64,29.6,0,55042,0,0
1/26/2009 9:50,213,0.1,0.1,17.1,66,29.6,0,55042,0,0
1/26/2009 10:00,213,0.1,0.1,17.5,66,29.6,0,55042,0,0
1/26/2009 10:10,213,0.1,0.1,17.5,66,29.6,0,55042,0,0
1/26/2009 10:20,213,0.1,0.1,17.5,69,29.6,0,55042,0,0
1/26/2009 10:30,213,0.1,0.1,17.5,69,29.5,0,55042,0,0
1/26/2009 10:40,213,0.1,0.1,18,69,29.5,0,55042,0,0
1/26/2009 10:50,213,0.1,0.1,18,68,29.5,0,55042,0,0
1/26/2009 11:00,213,0.1,0.1,18,65,29.5,0,55042,0,0
1/26/2009 11:10,213,0.1,0.1,18.2,68,29.5,0,55042,0,0
1/26/2009 11:20,213,0.1,0.1,18.2,69,29.5,0,55042,0,0
1/26/2009 11:30,213,0.1,0.1,18.2,70,29.5,0,55042,0,0
1/26/2009 11:40,213,0.1,0.1,18.2,62,29.5,0,55042,0,0
1/26/2009 11:50,213,0.1,0.1,17.8,67,29.5,0,55042,0,0
1/26/2009 12:00,213,0.1,0.1,18,68,29.5,0,55042,0,0
1/26/2009 12:10,213,0.1,0.1,18,65,29.5,0,55042,0,0
1/26/2009 12:20,213,0.1,0.1,18.5,67,29.5,0,55042,0,0
1/26/2009 12:30,213,0.1,0.1,18.4,66,29.5,0,55042,0,0
1/26/2009 12:40,213,0.1,0.1,18.7,64,29.5,0,55042,0,0
1/26/2009 12:50,213,0.1,0.1,18,67,29.5,0,55042,0,0
1/26/2009 13:00,213,0.1,0.1,18,69,29.5,0,55042,0,0
1/26/2009 13:10,213,0.1,0.1,17.8,71,29.5,0,55042,0,0
1/26/2009 13:20,213,0.1,0.1,18,72,29.5,0,55042,0,0
1/26/2009 13:30,213,0.1,0.1,18,72,29.5,0,55042,0,0
1/26/2009 13:40,213,0.1,0.1,18,72,29.5,0,55042,0,0
1/26/2009 13:50,213,0.1,0.1,18.2,71,29.5,0,55042,0,0
1/26/2009 14:00,213,0.1,0.1,18,71,29.5,0,55042,0,0
1/26/2009 14:10,213,0.1,0.1,18,71,29.5,0,55042,0,0
1/26/2009 14:20,213,0.1,0.1,18.2,71,29.6,0,55042,0,0
1/26/2009 14:30,213,0.1,0.1,18.2,70,29.6,0,55042,0,0
1/26/2009 14:40,213,0.1,0.1,18.4,72,29.6,0,55042,0,0
1/26/2009 14:50,213,0.1,0.1,18.2,71,29.6,0,55042,0,0
1/26/2009 15:00,213,0.1,0.1,18.2,71,29.5,0,55042,0,0
1/26/2009 15:10,213,0.1,0.1,18.2,71,29.5,0,55042,0,0
1/26/2009 15:20,213,0.1,0.1,18.2,72,29.5,0,55042,0,0
1/26/2009 15:30,213,0.1,0.1,18.4,73,29.5,0,55042,0,0
1/26/2009 15:40,213,0.1,0.1,18.4,73,29.5,0,55042,0,0
1/26/2009 15:50,213,0.1,0.1,18.4,74,29.5,0,55042,0,0
1/26/2009 16:00,213,0.1,0.1,18.4,74,29.5,0,55042,0,0
1/26/2009 16:10,213,0.1,0.1,18.4,73,29.5,0,55042,0,0
1/26/2009 16:20,213,0.1,0.1,18.4,72,29.5,0,55042,0,0
1/26/2009 16:30,213,0.1,0.1,18.5,74,29.5,0,55042,0,0
1/26/2009 16:40,213,0.1,0.1,18.5,73,29.5,0,55042,0,0
1/26/2009 16:50,213,0.1,0.1,18.7,73,29.5,0,55042,0,0
1/26/2009 17:00,213,0.1,0.1,18.5,73,29.5,0,55042,0,0
1/26/2009 17:10,213,0.1,0.1,18.5,73,29.5,0,55042,0,0
1/26/2009 17:20,213,0.1,0.1,18.7,73,29.5,0,55042,0,0
1/26/2009 17:30,213,0.1,0.1,18.7,73,29.5,0,55042,0,0
1/26/2009 17:40,213,0.1,0.1,19.1,73,29.5,0,55042,0,0
1/26/2009 17:50,213,0.1,0.1,18.9,72,29.5,0,55042,0,0
1/26/2009 18:00,213,0.1,0.1,18.7,73,29.6,0,55042,0,0
1/26/2009 18:10,213,0.1,0.1,18.7,73,29.6,0,55042,0,0
1/26/2009 18:20,213,0.1,0.1,18.7,73,29.6,0,55042,0,0
1/26/2009 18:30,213,0.1,0.1,18.7,73,29.6,0,55042,0,0
1/26/2009 18:40,213,0.1,0.1,18.7,73,29.6,0,55042,0,0
1/26/2009 18:50,213,0.1,0.1,18.9,73,29.6,0,55042,0,0
1/26/2009 19:00,213,0.1,0.1,18.9,73,29.6,0,55042,0,0
1/26/2009 19:10,213,0.1,0.1,18.7,73,29.6,0,55042,0,0
1/26/2009 19:20,213,0.1,0.1,18.7,74,29.6,0,55042,0,0
1/26/2009 19:30,213,0.1,0.1,18.9,74,29.5,0,55042,0,0
1/26/2009 19:40,213,0.1,0.1,18.7,75,29.5,0,55042,0,0
1/26/2009 19:50,213,0.1,0.1,18.5,76,29.6,0,55042,0,0
1/26/2009 20:00,213,0.1,0.1,18.5,77,29.5,0,55042,0,0
1/26/2009 20:10,213,0.1,0.1,18.4,80,29.5,0,55042,0,0
1/26/2009 20:20,213,0.1,0.1,18.4,81,29.5,0,55042,0,0
1/26/2009 20:30,213,0.1,0.1,18,83,29.5,0,55042,0,0
1/26/2009 20:40,213,0.1,0.1,18,84,29.6,0,55042,0,0
1/26/2009 20:50,213,0.1,0.1,18,85,29.6,0,55042,0,0
1/26/2009 21:00,213,0.1,0.1,17.8,84,29.6,0,55042,0,0
1/26/2009 21:10,213,0.1,0.1,17.8,85,29.6,0,55042,0,0
1/26/2009 21:20,213,0.1,0.1,17.6,85,29.6,0,55042,0,0
1/26/2009 21:30,213,0.1,0.1,17.8,85,29.6,0,55042,0,0
1/26/2009 21:40,213,0.1,0.1,17.8,86,29.6,0,55042,0,0
1/26/2009 21:50,213,0.1,0.1,18,85,29.6,0,55042,0,0
1/26/2009 22:00,213,0.1,0.1,18.2,85,29.6,0,55042,0,0
1/26/2009 22:10,213,0.1,0.1,18,84,29.6,0,55042,0,0
1/26/2009 22:20,213,0.1,0.1,18.2,84,29.6,0,55042,0,0
1/26/2009 22:30,213,0.1,0.1,17.8,84,29.6,0,55042,0,0
1/26/2009 22:40,213,0.1,0.1,17.8,85,29.6,0,55042,0,0
1/26/2009 22:50,213,0.1,0.1,18,85,29.6,0,55042,0,0
1/26/2009 23:00,213,0.1,0.1,18.4,85,29.6,0,55042,0,0
1/26/2009 23:10,213,0.1,0.1,17.8,84,29.6,0,55042,0,0
1/26/2009 23:20,213,0.1,0.1,17.6,84,29.6,0,55042,0,0
1/26/2009 23:30,213,0.1,0.1,17.6,84,29.6,0,55042,0,0
1/26/2009 23:40,213,0.1,0.1,17.6,84,29.6,0,55042,0,0
1/26/2009 23:50,213,0.1,0.1,17.6,84,29.6,0,55042,0,0
1/27/2009 0:00,213,0.1,0.1,17.6,84,29.6,0,55042,0,0
1/27/2009 0:10,213,0.1,0.1,17.6,84,29.6,0,55042,0,0
1/27/2009 0:20,213,0.1,0.1,17.6,83,29.6,0,55042,0,0
1/27/2009 0:30,213,0.1,0.1,17.6,83,29.6,0,55042,0,0
1/27/2009 0:40,213,0.1,0.1,17.8,83,29.6,0,55042,0,0
1/27/2009 0:50,213,0.1,0.1,17.8,83,29.6,0,55042,0,0
1/27/2009 1:00,213,0.1,0.1,18,83,29.6,0,55042,0,0
1/27/2009 1:10,213,0.1,0.1,17.6,83,29.6,0,55042,0,0
1/27/2009 1:20,213,0.1,0.1,17.6,83,29.6,0,55042,0,0
1/27/2009 1:30,213,0.1,0.1,17.6,84,29.6,0,55042,0,0
1/27/2009 1:40,213,0.1,0.1,17.6,84,29.6,0,55042,0,0
1/27/2009 1:50,213,0.1,0.1,17.6,84,29.6,0,55042,0,0
1/27/2009 2:00,213,0.1,0.1,17.6,85,29.6,0,55042,0,0
1/27/2009 2:10,213,0.1,0.1,17.6,85,29.6,0,55042,0,0
1/27/2009 2:20,213,0.1,0.1,17.5,85,29.6,0,55042,0,0
1/27/2009 2:30,213,0.1,0.1,17.5,85,29.6,0,55042,0,0
1/27/2009 2:40,213,0.1,0.1,17.5,85,29.6,0,55042,0,0
1/27/2009 2:50,213,0.1,0.1,17.3,86,29.6,0,55042,0,0
1/27/2009 3:00,213,0.1,0.1,17.5,86,29.6,0,55042,0,0
1/27/2009 3:10,213,0.1,0.1,17.5,86,29.6,0,55042,0,0
1/27/2009 3:20,213,0.1,0.1,17.5,86,29.6,0,55042,0,0
1/27/2009 3:30,213,0.1,0.1,17.5,86,29.6,0,55042,0,0
1/27/2009 3:40,213,0.1,0.1,17.3,87,29.6,0,55042,0,0
1/27/2009 3:50,213,0.1,0.1,17.3,87,29.6,0,55042,0,0
1/27/2009 4:00,213,0.1,0.1,17.3,88,29.6,0,55042,0,0
1/27/2009 4:10,213,0.1,0.1,17.6,87,29.6,0,55042,0,0
1/27/2009 4:20,213,0.1,0.1,17.5,86,29.6,0,55042,0,0
1/27/2009 4:30,213,0.1,0.1,17.3,87,29.6,0,55042,0,0
1/27/2009 4:40,213,0.1,0.1,17.1,87,29.6,0,55042,0,0
1/27/2009 4:50,213,0.1,0.1,17.5,87,29.6,0,55042,0,0
1/27/2009 5:00,213,0.1,0.1,17.8,85,29.6,0,55042,0,0
1/27/2009 5:10,213,0.1,0.1,17.5,86,29.6,0,55042,0,0
1/27/2009 5:20,213,0.1,0.1,17.5,86,29.6,0,55042,0,0
1/27/2009 5:30,213,0.1,0.1,17.6,85,29.6,0,55342,0.02,0.02
1/27/2009 5:40,213,0.1,0.1,18,85,29.6,0,55342,0,0
1/27/2009 5:50,213,0.1,0.1,18.2,84,29.6,0,55342,0,0
1/27/2009 6:00,213,0.1,0.1,18.2,84,29.6,0,55342,0,0
1/27/2009 6:10,213,0.1,0.1,18.5,84,29.6,0,55342,0,0
1/27/2009 6:20,213,0.1,0.1,18.9,83,29.6,0,55342,0,0
1/27/2009 6:30,213,0.1,0.1,18.9,83,29.6,0,55342,0,0
1/27/2009 6:40,213,0.1,0.1,18.7,83,29.6,0,55342,0,0
1/27/2009 6:50,213,0.1,0.1,18.9,83,29.6,0,55342,0,0
1/27/2009 7:00,213,0.1,0.1,19.3,83,29.6,0,55342,0,0
1/27/2009 7:10,213,0.1,0.1,19.6,81,29.6,0,55342,0,0
1/27/2009 7:20,213,0.1,0.1,19.3,81,29.6,0,55342,0,0
1/27/2009 7:30,213,0.1,0.1,19.3,81,29.6,0,55342,0,0
1/27/2009 7:40,213,0.1,0.1,19.3,79,29.6,0,55342,0,0
1/27/2009 7:50,213,0.1,0.1,19.1,78,29.6,0,55342,0,0
1/27/2009 8:00,213,0.1,0.1,19.6,77,29.6,0,55342,0,0
1/27/2009 8:10,213,0.1,0.1,19.4,76,29.6,0,55342,0,0
1/27/2009 8:20,213,0.1,0.1,20.5,73,29.6,0,55342,0,0
1/27/2009 8:30,213,0.1,0.1,19.4,75,29.6,0,55342,0,0
1/27/2009 8:40,213,0.1,0.1,19.8,75,29.6,0,55342,0,0
1/27/2009 8:50,213,0.1,0.1,20.2,73,29.6,0,55342,0,0
1/27/2009 9:00,213,0.1,0.1,20.2,74,29.6,0,55342,0,0
1/27/2009 9:10,213,0.1,0.1,20.5,72,29.6,0,55342,0,0
1/27/2009 9:20,213,0.1,0.1,21.6,68,29.6,0,55342,0,0
1/27/2009 9:30,213,0.1,0.1,21.8,67,29.6,0,55342,0,0
1/27/2009 9:40,213,0.1,0.1,22.5,63,29.6,0,55342,0,0
1/27/2009 9:50,213,0.1,0.1,22,63,29.6,0,55342,0,0
1/27/2009 10:00,213,0.1,0.1,22.9,61,29.6,0,55342,0,0
1/27/2009 10:10,213,0.1,0.1,24.5,60,29.6,0,55342,0,0
1/27/2009 10:20,213,0.1,0.1,24.5,56,29.5,0,55342,0,0
1/27/2009 10:30,213,0.1,0.1,25.9,56,29.5,0,55342,0,0
1/27/2009 10:40,213,0.1,0.1,22,68,29.5,0,55342,0,0
1/27/2009 10:50,213,0.1,0.1,21.6,73,29.5,0,55342,0,0
1/27/2009 11:00,213,0.1,0.1,21.1,74,29.5,0,55342,0,0
1/27/2009 11:10,213,0.1,0.1,20.3,75,29.5,0,55342,0,0
1/27/2009 11:20,213,0.1,0.1,20.3,77,29.5,0,55342,0,0
1/27/2009 11:30,213,0.1,0.1,20.9,75,29.5,0,55342,0,0
1/27/2009 11:40,213,0.1,0.1,20.3,75,29.5,0,55342,0,0
1/27/2009 11:50,213,0.1,0.1,20.2,76,29.5,0,55342,0,0
1/27/2009 12:00,213,0.1,0.1,20,76,29.5,0,55342,0,0
1/27/2009 12:10,213,0.1,0.1,20.3,75,29.5,0,55342,0,0
1/27/2009 12:20,213,0.1,0.1,20.5,75,29.5,0,55342,0,0
1/27/2009 12:30,213,0.1,0.1,20.2,75,29.5,0,55342,0,0
1/27/2009 12:40,213,0.1,0.1,20.3,75,29.5,0,55342,0,0
1/27/2009 12:50,213,0.1,0.1,20.2,75,29.5,0,55342,0,0
1/27/2009 13:00,213,0.1,0.1,19.8,74,29.5,0,55342,0,0
1/27/2009 13:10,213,0.1,0.1,19.6,77,29.5,0,55342,0,0
1/27/2009 13:20,-Invalid-,-Invalid-,-Invalid-,-Invalid-,-Invalid-,-Invalid-,-Invalid-,-Invalid-,-Invalid-,-Invalid-
1/27/2009 13:30,213,0.1,0.1,19.4,79,29.5,0,55342,0,0
1/27/2009 13:40,213,0.1,0.1,19.6,79,29.5,0,55342,0,0
1/27/2009 13:50,213,0.1,0.1,19.4,80,29.5,0,55342,0,0
1/27/2009 14:00,213,0.1,0.1,19.4,81,29.5,0,55342,0,0
1/27/2009 14:10,213,0.1,0.1,19.6,81,29.5,0,55342,0,0
1/27/2009 14:20,213,0.1,0.1,19.6,82,29.5,0,55342,0,0
1/27/2009 14:30,213,0.1,0.1,19.6,81,29.5,0,55342,0,0
1/27/2009 14:40,213,0.1,0.1,19.6,82,29.5,0,55342,0,0
1/27/2009 14:50,213,0.1,0.1,19.6,82,29.5,0,55342,0,0
1/27/2009 15:00,213,0.1,0.1,19.6,83,29.5,0,55342,0,0
1/27/2009 15:10,213,0.1,0.1,19.6,84,29.5,0,55342,0,0
1/27/2009 15:20,213,0.1,0.1,19.4,84,29.5,0,55342,0,0
1/27/2009 15:30,213,0.1,0.1,19.4,83,29.5,0,55342,0,0
1/27/2009 15:40,213,0.1,0.1,19.6,84,29.4,0,55342,0,0
1/27/2009 15:50,213,0.1,0.1,19.6,85,29.4,0,55342,0,0
1/27/2009 16:00,213,0.1,0.1,19.6,85,29.4,0,55342,0,0
1/27/2009 16:10,213,0.1,0.1,19.8,86,29.4,0,55342,0,0
1/27/2009 16:20,213,0.1,0.1,19.8,85,29.4,0,55342,0,0
1/27/2009 16:30,213,0.1,0.1,19.8,85,29.4,0,55342,0,0
1/27/2009 16:40,213,0.1,0.1,20,85,29.4,0,55342,0,0
1/27/2009 16:50,213,0.1,0.1,20,85,29.4,0,55342,0,0
1/27/2009 17:00,213,0.1,0.1,20,85,29.4,0,55342,0,0
1/27/2009 17:10,213,0.1,0.1,20,84,29.4,0,55342,0,0
1/27/2009 17:20,213,0.1,0.1,20.2,84,29.4,0,55342,0,0
1/27/2009 17:30,213,0.1,0.1,20.2,84,29.4,0,55342,0,0
1/27/2009 17:40,213,0.1,0.1,20.3,83,29.4,0,55342,0,0
1/27/2009 17:50,213,0.1,0.1,20.5,82,29.4,0,55342,0,0
1/27/2009 18:00,213,0.1,0.1,20.7,81,29.4,0,55342,0,0
1/27/2009 18:10,213,0.1,0.1,20.7,81,29.4,0,55342,0,0
1/27/2009 18:20,213,0.1,0.1,20.7,81,29.4,0,55342,0,0
1/27/2009 18:30,213,0.1,0.1,20.5,83,29.4,0,55342,0,0
1/27/2009 18:40,213,0.1,0.1,20.3,85,29.4,0,55342,0,0
1/27/2009 18:50,213,0.1,0.1,20.2,86,29.3,0,55342,0,0
1/27/2009 19:00,213,0.1,0.1,20.2,87,29.3,0,55342,0,0
1/27/2009 19:10,213,0.1,0.1,20,88,29.3,0,55342,0,0
1/27/2009 19:20,213,0.1,0.1,20,89,29.3,0,55342,0,0
1/27/2009 19:30,213,0.1,0.1,19.8,89,29.3,0,55342,0,0
1/27/2009 19:40,213,0.1,0.1,19.8,90,29.3,0,55342,0,0
1/27/2009 19:50,213,0.1,0.1,19.6,90,29.3,0,55342,0,0
1/27/2009 20:00,213,0.1,0.1,19.6,90,29.3,0,55342,0,0
1/27/2009 20:10,213,0.1,0.1,19.8,90,29.3,0,55342,0,0
1/27/2009 20:20,213,0.1,0.1,20,90,29.3,0,55342,0,0
1/27/2009 20:30,213,0.1,0.1,20,89,29.3,0,55342,0,0
1/27/2009 20:40,213,0.1,0.1,20.2,90,29.3,0,55342,0,0
1/27/2009 20:50,213,0.1,0.1,20.2,90,29.2,0,55342,0,0
1/27/2009 21:00,213,0.1,0.1,20.2,90,29.2,0,55342,0,0
1/27/2009 21:10,213,0.1,0.1,20,91,29.2,0,55342,0,0
1/27/2009 21:20,213,0.1,0.1,20,91,29.2,0,55342,0,0
1/27/2009 21:30,213,0.1,0.1,20.2,91,29.2,0,55342,0,0
1/27/2009 21:40,213,0.1,0.1,20.5,91,29.2,0,55342,0,0
1/27/2009 21:50,213,0.1,0.1,20.7,91,29.2,0,55342,0,0
1/27/2009 22:00,213,0.1,0.1,20.9,91,29.2,0,55342,0,0
1/27/2009 22:10,213,0.1,0.1,21.2,91,29.2,0,55342,0,0
1/27/2009 22:20,213,0.1,0.1,21.6,92,29.2,0,55342,0,0
1/27/2009 22:30,213,0.1,0.1,21.8,92,29.2,0,55342,0,0
1/27/2009 22:40,213,0.1,0.1,21.8,92,29.2,0,55342,0,0
1/27/2009 22:50,213,0.1,0.1,22,92,29.2,0,55342,0,0
1/27/2009 23:00,213,0.1,0.1,22.1,92,29.2,0,55342,0,0
1/27/2009 23:10,213,0.1,0.1,22.3,92,29.2,0,55342,0,0
1/27/2009 23:20,213,0.1,0.1,22.3,92,29.2,0,55342,0,0
1/27/2009 23:30,213,0.1,0.1,22.3,92,29.2,0,55342,0,0
1/27/2009 23:40,213,0.1,0.1,22.5,92,29.2,0,55342,0,0
1/27/2009 23:50,213,0.1,0.1,22.5,92,29.1,0,55342,0,0
1/28/2009 0:00,213,0.1,0.1,22.7,92,29.1,0,55342,0,0
1/28/2009 0:10,213,0.1,0.1,22.7,92,29.1,0,55342,0,0
1/28/2009 0:20,213,0.1,0.1,22.7,92,29.1,0,55342,0,0
1/28/2009 0:30,213,0.1,0.1,22.9,92,29.1,0,55342,0,0
1/28/2009 0:40,213,0.1,0.1,22.9,92,29.1,0,55342,0,0
1/28/2009 0:50,213,0.1,0.1,22.9,92,29.1,0,55342,0,0
1/28/2009 1:00,213,0.1,0.1,23,92,29.1,0,55342,0,0
1/28/2009 1:10,213,0.1,0.1,23,92,29.1,0,55342,0,0
1/28/2009 1:20,213,0.1,0.1,23,92,29.1,0,55342,0,0
1/28/2009 1:30,213,0.1,0.1,23,92,29.1,0,55342,0,0
1/28/2009 1:40,213,0.1,0.1,23,92,29.1,0,55342,0,0
1/28/2009 1:50,213,0.1,0.1,23.2,92,29.1,0,55342,0,0
1/28/2009 2:00,213,0.1,0.1,23.2,92,29.1,0,55342,0,0
1/28/2009 2:10,213,0.1,0.1,23.2,92,29.1,0,55342,0,0
1/28/2009 2:20,213,0.1,0.1,23.2,92,29,0,55342,0,0
1/28/2009 2:30,213,0.1,0.1,23.4,92,29,0,55342,0,0
1/28/2009 2:40,213,0.1,0.1,23.4,92,29,0,55342,0,0
1/28/2009 2:50,213,0.1,0.1,23.4,92,29,0,55342,0,0
1/28/2009 3:00,213,0.1,0.1,23.4,92,29,0,55342,0,0
1/28/2009 3:10,213,0.1,0.1,23.4,92,29,0,55342,0,0
1/28/2009 3:20,213,0.1,0.1,23.4,92,29,0,55342,0,0
1/28/2009 3:30,213,0.1,0.1,23.6,92,29,0,55342,0,0
1/28/2009 3:40,213,0.1,0.1,23.6,92,29,0,55342,0,0
1/28/2009 3:50,213,0.1,0.1,23.8,92,29,0,55342,0,0
1/28/2009 4:00,213,0.1,0.1,23.8,92,28.9,0,55342,0,0
1/28/2009 4:10,213,0.1,0.1,23.8,93,28.9,0,55342,0,0
1/28/2009 4:20,213,0.1,0.1,23.8,93,28.9,0,55342,0,0
1/28/2009 4:30,213,0.1,0.1,23.9,93,28.9,0,55342,0,0
1/28/2009 4:40,213,0.1,0.1,23.9,93,28.9,0,55342,0,0
1/28/2009 4:50,213,0.1,0.1,23.9,93,28.9,0,55342,0,0
1/28/2009 5:00,213,0.1,0.1,23.9,93,28.9,0,55342,0,0
1/28/2009 5:10,213,0.1,0.1,23.9,93,28.9,0,55342,0,0
1/28/2009 5:20,213,0.1,0.1,24.1,93,28.9,0,55342,0,0
1/28/2009 5:30,213,0.1,0.1,24.1,93,28.9,0,55342,0,0
1/28/2009 5:40,213,0.1,0.1,24.3,93,28.9,0,55342,0,0
1/28/2009 5:50,213,0.1,0.1,24.5,93,28.9,0,55342,0,0
1/28/2009 6:00,213,0.1,0.1,24.5,93,28.9,0,55342,0,0
1/28/2009 6:10,213,0.1,0.1,24.8,93,28.9,0,55362,0,0
1/28/2009 6:20,213,0.1,0.1,24.8,93,28.9,0,55372,0,0
1/28/2009 6:30,213,0.1,0.1,24.8,93,28.9,0,55372,0,0
1/28/2009 6:40,213,0.1,0.1,24.7,93,28.8,0,55382,0,0
1/28/2009 6:50,213,0.1,0.1,24.8,93,28.9,0,55382,0,0
1/28/2009 7:00,213,0.1,0.1,24.8,93,28.8,0,55382,0,0
1/28/2009 7:10,213,0.1,0.1,24.8,93,28.9,0,55382,0,0
1/28/2009 7:20,213,0.1,0.1,25,93,28.8,0,55382,0,0
1/28/2009 7:30,213,0.1,0.1,24.8,93,28.8,0,55382,0,0
1/28/2009 7:40,213,0.1,0.1,24.8,93,28.8,0,55382,0,0
1/28/2009 7:50,213,0.1,0.1,24.8,93,28.8,0,55392,0,0
1/28/2009 8:00,213,0.1,0.1,24.8,93,28.8,0,55392,0,0
1/28/2009 8:10,213,0.1,0.1,24.8,93,28.8,0,55402,0,0
1/28/2009 8:20,213,0.1,0.1,25,93,28.8,0,55402,0,0
1/28/2009 8:30,213,0.1,0.1,25.2,93,28.8,0,55402,0,0
1/28/2009 8:40,213,0.1,0.1,25.2,93,28.8,0,55402,0,0
1/28/2009 8:50,213,0.1,0.1,25.2,93,28.8,0,55402,0,0
1/28/2009 9:00,213,0.1,0.1,25.4,93,28.8,0,55402,0,0
1/28/2009 9:10,213,0.1,0.1,25.6,93,28.8,0,55402,0,0
1/28/2009 9:20,213,0.1,0.1,25.4,93,28.8,0,55402,0,0
1/28/2009 9:30,213,0.1,0.1,25.4,93,28.7,0,55402,0,0
1/28/2009 9:40,213,0.1,0.1,25.6,93,28.7,0,55402,0,0
1/28/2009 9:50,213,0.1,0.1,25.6,93,28.7,0,55402,0,0
1/28/2009 10:00,213,0.1,0.1,25.6,93,28.7,0,55402,0,0
1/28/2009 10:10,213,0.1,0.1,25.6,93,28.7,0,55402,0,0
1/28/2009 10:20,213,0.1,0.1,25.7,93,28.7,0,55402,0,0
1/28/2009 10:30,213,0.1,0.1,25.6,92,28.7,0,55402,0,0
1/28/2009 10:40,213,0.1,0.1,25,92,28.7,0,55402,0,0
1/28/2009 10:50,213,0.1,0.1,24.7,92,28.7,0,55402,0,0
1/28/2009 11:00,213,0.1,0.1,24.3,92,28.7,0,55402,0,0
1/28/2009 11:10,213,0.1,0.1,24.1,92,28.7,0,55402,0,0
1/28/2009 11:20,213,0.1,0.1,24.1,92,28.7,0,55402,0,0
1/28/2009 11:30,213,0.1,0.1,23.9,92,28.7,0,55402,0,0
1/28/2009 11:40,213,0.1,0.1,23.8,92,28.7,0,55402,0,0
1/28/2009 11:50,213,0.1,0.1,23.4,92,28.7,0,55402,0,0
1/28/2009 12:00,213,0.1,0.1,22.9,91,28.7,0,55402,0,0
1/28/2009 12:10,213,0.1,0.1,22.9,91,28.7,0,55402,0,0
1/28/2009 12:20,213,0.1,0.1,22.9,92,28.8,0,55402,0,0
1/28/2009 12:30,213,0.1,0.1,22.7,91,28.8,0,55402,0,0
1/28/2009 12:40,213,0.1,0.1,22.5,91,28.8,0,55412,0,0
1/28/2009 12:50,213,0.1,0.1,22.5,91,28.8,0,55432,0,0
1/28/2009 13:00,213,0.1,0.1,22.3,91,28.8,0,55462,0,0
1/28/2009 13:10,213,0.1,0.1,22,91,28.8,0,55482,0,0
1/28/2009 13:20,213,0.1,0.1,21.8,91,28.8,0,55542,0,0
1/28/2009 13:30,213,0.1,0.1,21.6,91,28.8,0,55552,0,0
1/28/2009 13:40,213,0.1,0.1,21.6,91,28.8,0,55602,0,0
1/28/2009 13:50,213,0.1,0.1,21.6,91,28.9,0,55622,0,0
1/28/2009 14:00,213,0.1,0.1,21.6,91,28.9,0,55652,0,0
1/28/2009 14:10,213,0.1,0.1,21.8,91,28.9,0,55652,0,0
1/28/2009 14:20,213,0.1,0.1,22,91,28.9,0,55682,0,0
1/28/2009 14:30,213,0.1,0.1,21.8,91,28.9,0,55692,0,0
1/28/2009 14:40,213,0.1,0.1,21.6,91,28.9,0,55692,0,0
1/28/2009 14:50,213,0.1,0.1,21.4,91,28.9,0,55692,0,0
1/28/2009 15:00,213,0.1,0.1,21.1,91,28.9,0,55732,0,0
1/28/2009 15:10,213,0.1,0.1,20.7,91,28.9,0,55752,0,0
1/28/2009 15:20,213,0.1,0.1,20.7,91,29,0,55762,0,0
1/28/2009 15:30,213,0.1,0.1,20.7,91,29,0,55762,0,0
1/28/2009 15:40,213,0.1,0.1,20.7,91,29,0,55762,0,0
1/28/2009 15:50,213,0.1,0.1,20.9,91,29,0,55762,0,0
1/28/2009 16:00,213,0.1,0.1,20.5,91,29,0,55792,0,0
1/28/2009 16:10,213,0.1,0.1,20.2,91,29,0,55872,0,0
1/28/2009 16:20,213,0.1,0.1,20,91,29,0,55912,0,0
1/28/2009 16:30,213,0.1,0.1,20,91,29,0,55932,0,0
1/28/2009 16:40,213,0.1,0.1,20,91,29,0,55942,0,0
1/28/2009 16:50,213,0.1,0.1,20,91,29,0,55942,0,0
1/28/2009 17:00,213,0.1,0.1,19.8,91,29,0,55942,0,0
1/28/2009 17:10,213,0.1,0.1,19.8,90,29,0,55942,0,0
1/28/2009 17:20,213,0.1,0.1,19.6,90,29,0,55942,0,0
1/28/2009 17:30,213,0.1,0.1,19.6,89,29,0,55942,0,0
1/28/2009 17:40,213,0.1,0.1,19.6,89,29,0,55942,0,0
1/28/2009 17:50,213,0.1,0.1,19.4,89,29,0,55942,0,0
1/28/2009 18:00,213,0.1,0.1,19.1,88,29,0,55942,0,0
1/28/2009 18:10,213,0.1,0.1,18.5,88,29,0,55942,0,0
1/28/2009 18:20,213,0.1,0.1,18.2,87,29,0,55942,0,0
1/28/2009 18:30,213,0.1,0.1,18.2,86,29.1,0,55942,0,0
1/28/2009 18:40,213,0.1,0.1,18,86,29.1,0,55942,0,0
1/28/2009 18:50,213,0.1,0.1,18,85,29.1,0,55942,0,0
1/28/2009 19:00,213,0.1,0.1,18,85,29.1,0,55942,0,0
1/28/2009 19:10,213,0.1,0.1,18,86,29.1,0,55942,0,0
1/28/2009 19:20,213,0.1,0.1,18.4,86,29.1,0,55942,0,0
1/28/2009 19:30,213,0.1,0.1,18.5,86,29.1,0,55942,0,0
1/28/2009 19:40,213,0.1,0.1,18.5,85,29.1,0,55942,0,0
1/28/2009 19:50,213,0.1,0.1,18.7,85,29.1,0,55942,0,0
1/28/2009 20:00,213,0.1,0.1,18.5,84,29.1,0,55942,0,0
1/28/2009 20:10,213,0.1,0.1,18.4,83,29.1,0,55942,0,0
1/28/2009 20:20,213,0.1,0.1,18.2,82,29.1,0,55942,0,0
1/28/2009 20:30,213,0.1,0.1,18,82,29.1,0,55942,0,0
1/28/2009 20:40,213,0.1,0.1,18,81,29.1,0,55942,0,0
1/28/2009 20:50,213,0.1,0.1,18,81,29.1,0,55942,0,0
1/28/2009 21:00,213,0.1,0.1,18.2,81,29.1,0,55942,0,0
1/28/2009 21:10,213,0.1,0.1,18.5,80,29.1,0,55942,0,0
1/28/2009 21:20,213,0.1,0.1,19.3,78,29.1,0,55942,0,0
1/28/2009 21:30,213,0.1,0.1,18.7,78,29.1,0,55942,0,0
1/28/2009 21:40,213,0.1,0.1,18.5,79,29.1,0,55942,0,0
1/28/2009 21:50,213,0.1,0.1,18.4,80,29.1,0,55942,0,0
1/28/2009 22:00,213,0.1,0.1,18.4,79,29.1,0,55942,0,0
1/28/2009 22:10,213,0.1,0.1,18.4,79,29.1,0,55942,0,0
1/28/2009 22:20,213,0.1,0.1,18.4,79,29.1,0,55942,0,0
1/28/2009 22:30,213,0.1,0.1,18.4,79,29.1,0,55942,0,0
1/28/2009 22:40,213,0.1,0.1,18.4,80,29.1,0,55942,0,0
1/28/2009 22:50,213,0.1,0.1,18.5,79,29.1,0,55942,0,0
1/28/2009 23:00,213,0.1,0.1,18.5,79,29.1,0,55942,0,0
1/28/2009 23:10,213,0.1,0.1,18.7,80,29.1,0,55942,0,0
1/28/2009 23:20,213,0.1,0.1,18.7,80,29.1,0,55942,0,0
1/28/2009 23:30,213,0.1,0.1,18.7,81,29.1,0,55942,0,0
1/28/2009 23:40,213,0.1,0.1,18.7,81,29.1,0,55942,0,0
1/28/2009 23:50,213,0.1,0.1,18.7,81,29.1,0,55942,0,0
1/29/2009 0:00,213,0.1,0.1,18.7,81,29.1,0,55942,0,0
1/29/2009 0:10,213,0.1,0.1,18.7,81,29.1,0,55942,0,0
1/29/2009 0:20,213,0.1,0.1,18.7,81,29.1,0,55942,0,0
1/29/2009 0:30,213,0.1,0.1,18.5,82,29.1,0,55942,0,0
1/29/2009 0:40,213,0.1,0.1,18.4,82,29.1,0,55942,0,0
1/29/2009 0:50,213,0.1,0.1,18.4,82,29.1,0,55942,0,0
1/29/2009 1:00,213,0.1,0.1,18.2,82,29.1,0,55942,0,0
1/29/2009 1:10,213,0.1,0.1,18.2,81,29.1,0,55942,0,0
1/29/2009 1:20,213,0.1,0.1,18,81,29.1,0,55942,0,0
1/29/2009 1:30,213,0.1,0.1,17.8,81,29.1,0,55942,0,0
1/29/2009 1:40,213,0.1,0.1,17.8,81,29.1,0,55942,0,0
1/29/2009 1:50,213,0.1,0.1,17.8,81,29.1,0,55942,0,0
1/29/2009 2:00,213,0.1,0.1,17.8,81,29.1,0,55942,0,0
1/29/2009 2:10,213,0.1,0.1,17.6,81,29.1,0,55942,0,0
1/29/2009 2:20,213,0.1,0.1,17.6,81,29.1,0,55942,0,0
1/29/2009 2:30,213,0.1,0.1,17.6,81,29.1,0,55942,0,0
1/29/2009 2:40,213,0.1,0.1,17.6,80,29.1,0,55942,0,0
1/29/2009 2:50,213,0.1,0.1,17.5,80,29.1,0,55942,0,0
1/29/2009 3:00,213,0.1,0.1,17.1,80,29.1,0,55942,0,0
1/29/2009 3:10,213,0.1,0.1,17.1,80,29.1,0,55942,0,0
1/29/2009 3:20,213,0.1,0.1,17.1,80,29.1,0,55942,0,0
1/29/2009 3:30,213,0.1,0.1,17.3,79,29.1,0,55942,0,0
1/29/2009 3:40,213,0.1,0.1,17.3,79,29.1,0,55942,0,0
1/29/2009 3:50,213,0.1,0.1,17.1,79,29.1,0,55942,0,0
1/29/2009 4:00,213,0.1,0.1,17.3,78,29.1,0,55942,0,0
1/29/2009 4:10,213,0.1,0.1,17.3,78,29.1,0,55942,0,0
1/29/2009 4:20,213,0.1,0.1,17.3,78,29.1,0,55942,0,0
1/29/2009 4:30,213,0.1,0.1,17.3,78,29.1,0,55942,0,0
1/29/2009 4:40,213,0.1,0.1,17.1,78,29.1,0,55942,0,0
1/29/2009 4:50,213,0.1,0.1,17.1,78,29.1,0,55942,0,0
1/29/2009 5:00,213,0.1,0.1,16.7,78,29.1,0,55942,0,0
1/29/2009 5:10,213,0.1,0.1,16.6,78,29.1,0,55942,0,0
1/29/2009 5:20,213,0.1,0.1,16.6,78,29.1,0,55942,0,0
1/29/2009 5:30,213,0.1,0.1,16.4,78,29.1,0,55942,0,0
1/29/2009 5:40,213,0.1,0.1,16.4,78,29.1,0,55942,0,0
1/29/2009 5:50,213,0.1,0.1,16.4,79,29.1,0,55942,0,0
1/29/2009 6:00,213,0.1,0.1,16.6,78,29.1,0,55942,0,0
1/29/2009 6:10,213,0.1,0.1,16.9,77,29.1,0,55942,0,0
1/29/2009 6:20,213,0.1,0.1,17.1,77,29.1,0,55942,0,0
1/29/2009 6:30,213,0.1,0.1,17.6,76,29.1,0,55942,0,0
1/29/2009 6:40,213,0.1,0.1,18.2,74,29.1,0,55942,0,0
1/29/2009 6:50,213,0.1,0.1,18.4,74,29.1,0,55942,0,0
1/29/2009 7:00,213,0.1,0.1,18.5,74,29.1,0,55942,0,0
1/29/2009 7:10,213,0.1,0.1,18.7,73,29.1,0,55942,0,0
1/29/2009 7:20,213,0.1,0.1,19.1,73,29.1,0,55942,0,0
1/29/2009 7:30,213,0.1,0.1,19.4,73,29.1,0,55942,0,0
1/29/2009 7:40,213,0.1,0.1,19.6,73,29.1,0,55942,0,0
1/29/2009 7:50,213,0.1,0.1,20.3,71,29.1,0,55942,0,0
1/29/2009 8:00,213,0.1,0.1,21.1,70,29.1,0,55942,0,0
1/29/2009 8:10,213,0.1,0.1,21.2,70,29.1,0,55942,0,0
1/29/2009 8:20,213,0.1,0.1,21.6,69,29.1,0,55942,0,0
1/29/2009 8:30,213,0.1,0.1,22.3,68,29.1,0,55942,0,0
1/29/2009 8:40,213,0.1,0.1,22.5,68,29.1,0,55942,0,0
1/29/2009 8:50,213,0.1,0.1,22.5,67,29.1,0,55942,0,0
1/29/2009 9:00,213,0.1,0.1,22.5,68,29.1,0,55942,0,0
1/29/2009 9:10,213,0.1,0.1,22.9,68,29.1,0,55942,0,0
1/29/2009 9:20,213,0.1,0.1,23.4,67,29.1,0,55942,0,0
1/29/2009 9:30,213,0.1,0.1,23.4,67,29.1,0,55942,0,0
1/29/2009 9:40,213,0.1,0.1,23.4,68,29.1,0,55942,0,0
1/29/2009 9:50,213,0.1,0.1,23.6,67,29.1,0,55942,0,0
1/29/2009 10:00,213,0.1,0.1,23.8,67,29.1,0,55942,0,0
1/29/2009 10:10,213,0.1,0.1,23.8,68,29.1,0,55942,0,0
1/29/2009 10:20,213,0.1,0.1,23.9,68,29.1,0,55942,0,0
1/29/2009 10:30,213,0.1,0.1,23.9,68,29.1,0,55942,0,0
1/29/2009 10:40,213,0.1,0.1,24.1,67,29,0,55942,0,0
1/29/2009 10:50,213,0.1,0.1,24.3,67,29,0,55942,0,0
1/29/2009 11:00,213,0.1,0.1,24.3,68,29,0,55942,0,0
1/29/2009 11:10,213,0.1,0.1,24.5,68,29,0,55942,0,0
1/29/2009 11:20,213,0.1,0.1,24.3,68,29,0,55942,0,0
1/29/2009 11:30,213,0.1,0.1,24.5,69,29,0,55942,0,0
1/29/2009 11:40,213,0.1,0.1,24.7,69,29,0,55942,0,0
1/29/2009 11:50,213,0.1,0.1,24.8,69,29,0,55942,0,0
1/29/2009 12:00,213,0.1,0.1,24.5,69,29,0,55942,0,0
1/29/2009 12:10,213,0.1,0.1,24.7,69,29,0,55942,0,0
1/29/2009 12:20,213,0.1,0.1,24.7,69,29,0,55942,0,0
1/29/2009 12:30,213,0.1,0.1,24.5,70,29,0,55942,0,0
1/29/2009 12:40,213,0.1,0.1,24.7,70,29,0,55942,0,0
1/29/2009 12:50,213,0.1,0.1,24.5,71,29,0,55942,0,0
1/29/2009 13:00,213,0.1,0.1,24.5,73,29,0,55942,0,0
1/29/2009 13:10,213,0.1,0.1,24.5,73,29,0,55942,0,0
1/29/2009 13:20,213,0.1,0.1,24.7,73,29,0,55942,0,0
1/29/2009 13:30,213,0.1,0.1,24.5,73,29,0,55942,0,0
1/29/2009 13:40,213,0.1,0.1,24.7,72,29,0,55942,0,0
1/29/2009 13:50,213,0.1,0.1,24.7,72,29,0,55942,0,0
1/29/2009 14:00,213,0.1,0.1,24.7,72,29,0,55942,0,0
1/29/2009 14:10,213,0.1,0.1,24.8,71,29,0,55942,0,0
1/29/2009 14:20,213,0.1,0.1,24.8,71,29,0,55942,0,0
1/29/2009 14:30,213,0.1,0.1,25,71,29,0,55942,0,0
1/29/2009 14:40,213,0.1,0.1,25.2,71,29,0,55942,0,0
1/29/2009 14:50,213,0.1,0.1,25.2,72,29,0,55942,0,0
1/29/2009 15:00,213,0.1,0.1,25.4,72,29,0,55942,0,0
1/29/2009 15:10,213,0.1,0.1,25.6,73,29,0,55942,0,0
1/29/2009 15:20,213,0.1,0.1,25.6,73,29,0,55942,0,0
1/29/2009 15:30,213,0.1,0.1,25.4,73,29,0,55942,0,0
1/29/2009 15:40,213,0.1,0.1,25.4,73,29,0,55942,0,0
1/29/2009 15:50,213,0.1,0.1,25.4,73,29,0,55942,0,0
1/29/2009 16:00,213,0.1,0.1,25.4,73,29,0,55942,0,0
1/29/2009 16:10,213,0.1,0.1,25.4,73,29,0,55942,0,0
1/29/2009 16:20,213,0.1,0.1,25.4,73,29,0,55942,0,0
1/29/2009 16:30,213,0.1,0.1,25.4,73,29,0,55942,0,0
1/29/2009 16:40,213,0.1,0.1,25.2,74,29,0,55942,0,0
1/29/2009 16:50,213,0.1,0.1,25.2,73,29,0,55942,0,0
1/29/2009 17:00,213,0.1,0.1,25.2,74,29,0,55942,0,0
1/29/2009 17:10,213,0.1,0.1,25.2,74,29,0,55942,0,0
1/29/2009 17:20,213,0.1,0.1,25.2,74,29,0,55942,0,0
1/29/2009 17:30,213,0.1,0.1,25.2,74,29,0,55942,0,0
1/29/2009 17:40,213,0.1,0.1,25.2,75,29,0,55942,0,0
1/29/2009 17:50,213,0.1,0.1,25.2,75,29,0,55942,0,0
1/29/2009 18:00,213,0.1,0.1,25,75,29,0,55942,0,0
1/29/2009 18:10,213,0.1,0.1,25.2,76,29,0,55952,0,0
1/29/2009 18:20,213,0.1,0.1,25.2,77,29,0,55972,0,0
1/29/2009 18:30,213,0.1,0.1,25.2,77,29,0,56042,0,0
1/29/2009 18:40,213,0.1,0.1,25.4,77,29,0,56042,0,0
1/29/2009 18:50,213,0.1,0.1,25.6,76,29,0,56042,0,0
1/29/2009 19:00,213,0.1,0.1,25.6,77,29,0,56042,0,0
1/29/2009 19:10,213,0.1,0.1,25.9,77,29,0,56042,0,0
1/29/2009 19:20,213,0.1,0.1,25.9,76,29,0,56042,0,0
1/29/2009 19:30,213,0.1,0.1,26.1,76,29,0,56042,0,0
1/29/2009 19:40,213,0.1,0.1,26.1,76,29,0,56042,0,0
1/29/2009 19:50,213,0.1,0.1,26.1,76,29,0,56042,0,0
1/29/2009 20:00,213,0.1,0.1,26.1,76,29,0,56042,0,0
1/29/2009 20:10,213,0.1,0.1,26.1,77,29,0,56042,0,0
1/29/2009 20:20,213,0.1,0.1,26.1,77,29,0,56042,0,0
1/29/2009 20:30,213,0.1,0.1,26.1,76,29,0,56052,0,0
1/29/2009 20:40,213,0.1,0.1,26.3,76,29,0,56052,0,0
1/29/2009 20:50,213,0.1,0.1,26.3,76,29,0,56052,0,0
1/29/2009 21:00,213,0.1,0.1,26.3,76,29,0,56052,0,0
1/29/2009 21:10,213,0.1,0.1,26.1,77,29,0,56052,0,0
1/29/2009 21:20,213,0.1,0.1,26.1,77,29,0,56052,0,0
1/29/2009 21:30,213,0.1,0.1,26.3,77,29,0,56052,0,0
1/29/2009 21:40,213,0.1,0.1,26.3,77,29,0,56052,0,0
1/29/2009 21:50,213,0.1,0.1,26.3,77,29,0,56052,0,0
1/29/2009 22:00,213,0.1,0.1,26.3,76,29,0,56052,0,0
1/29/2009 22:10,213,0.1,0.1,26.3,76,29,0,56052,0,0
1/29/2009 22:20,213,0.1,0.1,26.3,76,29,0,56052,0,0
1/29/2009 22:30,213,0.1,0.1,26.3,77,29,0,56052,0,0
1/29/2009 22:40,213,0.1,0.1,26.3,77,29,0,56052,0,0
1/29/2009 22:50,213,0.1,0.1,26.3,77,29,0,56052,0,0
1/29/2009 23:00,213,0.1,0.1,26.3,77,29,0,56052,0,0
1/29/2009 23:10,213,0.1,0.1,26.3,78,29,0,56052,0,0
1/29/2009 23:20,213,0.1,0.1,26.3,78,29,0,56052,0,0
1/29/2009 23:30,213,0.1,0.1,26.3,78,29,0,56052,0,0
1/29/2009 23:40,213,0.1,0.1,26.5,78,29,0,56052,0,0
1/29/2009 23:50,213,0.1,0.1,26.5,78,29,0,56052,0,0
1/30/2009 0:00,213,0.1,0.1,26.5,78,29,0,56052,0,0
1/30/2009 0:10,213,0.1,0.1,26.5,78,29,0,56052,0,0
1/30/2009 0:20,213,0.1,0.1,26.5,78,29,0,56052,0,0
1/30/2009 0:30,213,0.1,0.1,26.5,78,29,0,56052,0,0
1/30/2009 0:40,213,0.1,0.1,26.5,79,29,0,56052,0,0
1/30/2009 0:50,213,0.1,0.1,26.5,79,29,0,56052,0,0
1/30/2009 1:00,213,0.1,0.1,26.5,80,29,0,56052,0,0
1/30/2009 1:10,213,0.1,0.1,26.3,82,29,0,56052,0,0
1/30/2009 1:20,213,0.1,0.1,26.1,82,29,0,56052,0,0
1/30/2009 1:30,213,0.1,0.1,26.3,81,29,0,56052,0,0
1/30/2009 1:40,213,0.1,0.1,26.5,81,29,0,56052,0,0
1/30/2009 1:50,213,0.1,0.1,26.5,81,29,0,56052,0,0
1/30/2009 2:00,213,0.1,0.1,26.5,82,29,0,56052,0,0
1/30/2009 2:10,213,0.1,0.1,26.1,84,29,0,56052,0,0
1/30/2009 2:20,213,0.1,0.1,25.7,87,29,0,56052,0,0
1/30/2009 2:30,213,0.1,0.1,25.7,88,29,0,56052,0,0
1/30/2009 2:40,213,0.1,0.1,25.7,88,29,0,56052,0,0
1/30/2009 2:50,213,0.1,0.1,25.6,89,29,0,56052,0,0
1/30/2009 3:00,213,0.1,0.1,25.4,90,29,0,56052,0,0
1/30/2009 3:10,213,0.1,0.1,25,89,29,0,56052,0,0
1/30/2009 3:20,213,0.1,0.1,24.7,86,29,0,56052,0,0
1/30/2009 3:30,213,0.1,0.1,24.5,83,29,0,56052,0,0
1/30/2009 3:40,213,0.1,0.1,24.3,86,29,0,56052,0,0
1/30/2009 3:50,213,0.1,0.1,24.1,85,29,0,56052,0,0
1/30/2009 4:00,213,0.1,0.1,23.6,85,29,0,56052,0,0
1/30/2009 4:10,213,0.1,0.1,23.2,86,29,0,56052,0,0
1/30/2009 4:20,213,0.1,0.1,23,86,29,0,56052,0,0
1/30/2009 4:30,213,0.1,0.1,22.5,86,29,0,56052,0,0
1/30/2009 4:40,213,0.1,0.1,22,83,29,0,56052,0,0
1/30/2009 4:50,213,0.1,0.1,21.6,81,29,0,56052,0,0
1/30/2009 5:00,213,0.1,0.1,21.6,80,29,0,56052,0,0
1/30/2009 5:10,213,0.1,0.1,21.6,79,29,0,56052,0,0
1/30/2009 5:20,213,0.1,0.1,21.8,76,29,0,56052,0,0
1/30/2009 5:30,213,0.1,0.1,22.1,72,29,0,56052,0,0
1/30/2009 5:40,213,0.1,0.1,22,72,29,0,56052,0,0
1/30/2009 5:50,213,0.1,0.1,21.8,72,29,0,56052,0,0
1/30/2009 6:00,213,0.1,0.1,21.8,71,29,0,56052,0,0
1/30/2009 6:10,213,0.1,0.1,21.2,75,29,0,56052,0,0
1/30/2009 6:20,213,0.1,0.1,21.4,73,29,0,56052,0,0
1/30/2009 6:30,213,0.1,0.1,21.4,74,29,0,56052,0,0
1/30/2009 6:40,213,0.1,0.1,21.4,75,29,0,56052,0,0
1/30/2009 6:50,213,0.1,0.1,21.2,75,29,0,56052,0,0
1/30/2009 7:00,213,0.1,0.1,21.4,73,29,0,56052,0,0
1/30/2009 7:10,213,0.1,0.1,21.8,67,29,0,56052,0,0
1/30/2009 7:20,213,0.1,0.1,21.6,68,29,0,56052,0,0
1/30/2009 7:30,213,0.1,0.1,21.1,75,29,0,56052,0,0
1/30/2009 7:40,213,0.1,0.1,20.7,79,29,0,56052,0,0
1/30/2009 7:50,213,0.1,0.1,20.3,78,29,0,56052,0,0
1/30/2009 8:00,213,0.1,0.1,20.3,77,29,0,56052,0,0
1/30/2009 8:10,213,0.1,0.1,20.2,78,29,0,56052,0,0
1/30/2009 8:20,213,0.1,0.1,20.3,81,29,0,56052,0,0
1/30/2009 8:30,213,0.1,0.1,19.8,83,29,0,56052,0,0
1/30/2009 8:40,213,0.1,0.1,19.6,83,29,0,56052,0,0
1/30/2009 8:50,213,0.1,0.1,19.6,82,29,0,56052,0,0
1/30/2009 9:00,213,0.1,0.1,19.8,84,29,0,56052,0,0
1/30/2009 9:10,213,0.1,0.1,19.8,83,29,0,56052,0,0
1/30/2009 9:20,213,0.1,0.1,19.8,81,29,0,56052,0,0
1/30/2009 9:30,213,0.1,0.1,19.6,82,29,0,56052,0,0
1/30/2009 9:40,213,0.1,0.1,19.4,84,29,0,56052,0,0
1/30/2009 9:50,213,0.1,0.1,19.3,83,29,0,56052,0,0
1/30/2009 10:00,213,0.1,0.1,18.9,85,29,0,56082,0,0
1/30/2009 10:10,213,0.1,0.1,19.1,86,29,0,56092,0,0
1/30/2009 10:20,213,0.1,0.1,19.3,88,29,0,56092,0,0
1/30/2009 10:30,213,0.1,0.1,19.1,87,29,0,56092,0,0
1/30/2009 10:40,213,0.1,0.1,18.9,86,29,0,56092,0,0
1/30/2009 10:50,213,0.1,0.1,18.9,86,29,0,56092,0,0
1/30/2009 11:00,213,0.1,0.1,18.9,87,29,0,56112,0,0
1/30/2009 11:10,213,0.1,0.1,19.1,88,29,0,56122,0,0
1/30/2009 11:20,213,0.1,0.1,19.3,88,29,0,56122,0,0
1/30/2009 11:30,213,0.1,0.1,19.4,89,29,0,56122,0,0
1/30/2009 11:40,213,0.1,0.1,19.4,89,29,0,56142,0,0
1/30/2009 11:50,213,0.1,0.1,19.3,87,29,0,56162,0,0
1/30/2009 12:00,213,0.1,0.1,19.6,86,29,0,56162,0,0
1/30/2009 12:10,213,0.1,0.1,19.8,86,29,0,56162,0,0
1/30/2009 12:20,213,0.1,0.1,19.8,87,29,0,56162,0,0
1/30/2009 12:30,213,0.1,0.1,20,88,29,0,56172,0,0
1/30/2009 12:40,213,0.1,0.1,20,88,29,0,56172,0,0
1/30/2009 12:50,213,0.1,0.1,20.2,88,29,0,56172,0,0
1/30/2009 13:00,213,0.1,0.1,20,87,29.1,0,56172,0,0
1/30/2009 13:10,213,0.1,0.1,20.3,87,29.1,0,56172,0,0
1/30/2009 13:20,213,0.1,0.1,20.2,86,29.1,0,56172,0,0
1/30/2009 13:30,213,0.1,0.1,20,89,29.1,0,56172,0,0
1/30/2009 13:40,213,0.1,0.1,19.6,88,29.1,0,56182,0,0
1/30/2009 13:50,213,0.1,0.1,19.8,87,29.1,0,56182,0,0
1/30/2009 14:00,213,0.1,0.1,19.8,87,29.1,0,56182,0,0
1/30/2009 14:10,213,0.1,0.1,19.6,86,29.1,0,56182,0,0
1/30/2009 14:20,213,0.1,0.1,19.6,87,29.1,0,56182,0,0
1/30/2009 14:30,213,0.1,0.1,19.4,86,29.1,0,56182,0,0
1/30/2009 14:40,213,0.1,0.1,19.3,85,29.1,0,56182,0,0
1/30/2009 14:50,213,0.1,0.1,19.3,86,29.1,0,56182,0,0
1/30/2009 15:00,213,0.1,0.1,19.3,86,29.1,0,56182,0,0
1/30/2009 15:10,213,0.1,0.1,19.1,87,29.1,0,56182,0,0
1/30/2009 15:20,213,0.1,0.1,19.3,88,29.1,0,56182,0,0
1/30/2009 15:30,213,0.1,0.1,18.9,89,29.1,0,56182,0,0
1/30/2009 15:40,213,0.1,0.1,18.9,89,29.1,0,56182,0,0
1/30/2009 15:50,213,0.1,0.1,18.7,87,29.1,0,56182,0,0
1/30/2009 16:00,213,0.1,0.1,18.7,87,29.1,0,56182,0,0
1/30/2009 16:10,213,0.1,0.1,18.5,87,29.1,0,56182,0,0
1/30/2009 16:20,213,0.1,0.1,18.5,87,29.1,0,56182,0,0
1/30/2009 16:30,213,0.1,0.1,18.5,87,29.1,0,56182,0,0
1/30/2009 16:40,213,0.1,0.1,18.5,87,29.1,0,56182,0,0
1/30/2009 16:50,213,0.1,0.1,18.5,86,29.1,0,56182,0,0
1/30/2009 17:00,213,0.1,0.1,18.4,87,29.1,0,56182,0,0
1/30/2009 17:10,213,0.1,0.1,18.2,87,29.1,0,56182,0,0
1/30/2009 17:20,213,0.1,0.1,18.2,87,29.1,0,56182,0,0
1/30/2009 17:30,213,0.1,0.1,18.2,88,29.1,0,56182,0,0
1/30/2009 17:40,213,0.1,0.1,18,87,29.1,0,56182,0,0
1/30/2009 17:50,213,0.1,0.1,17.8,86,29.1,0,56182,0,0
1/30/2009 18:00,213,0.1,0.1,17.6,85,29.1,0,56182,0,0
1/30/2009 18:10,213,0.1,0.1,17.6,84,29.1,0,56182,0,0
1/30/2009 18:20,213,0.1,0.1,17.8,83,29.1,0,56182,0,0
1/30/2009 18:30,213,0.1,0.1,17.6,83,29.1,0,56182,0,0
1/30/2009 18:40,213,0.1,0.1,17.5,82,29.1,0,56182,0,0
1/30/2009 18:50,213,0.1,0.1,17.5,83,29.1,0,56182,0,0
1/30/2009 19:00,213,0.1,0.1,17.3,82,29.1,0,56182,0,0
1/30/2009 19:10,213,0.1,0.1,17.1,83,29.1,0,56182,0,0
1/30/2009 19:20,213,0.1,0.1,16.9,83,29.1,0,56182,0,0
1/30/2009 19:30,213,0.1,0.1,16.9,83,29.1,0,56182,0,0
1/30/2009 19:40,213,0.1,0.1,16.9,84,29.1,0,56182,0,0
1/30/2009 19:50,213,0.1,0.1,16.7,85,29.1,0,56182,0,0
1/30/2009 20:00,213,0.1,0.1,16.7,85,29.1,0,56182,0,0
1/30/2009 20:10,213,0.1,0.1,16.6,86,29.1,0,56182,0,0
1/30/2009 20:20,213,0.1,0.1,16.4,88,29.1,0,56182,0,0
1/30/2009 20:30,213,0.1,0.1,16.4,89,29.1,0,56182,0,0
1/30/2009 20:40,213,0.1,0.1,16.2,89,29.1,0,56182,0,0
1/30/2009 20:50,213,0.1,0.1,16.4,88,29.1,0,56182,0,0
1/30/2009 21:00,213,0.1,0.1,16.7,89,29.1,0,56182,0,0
1/30/2009 21:10,213,0.1,0.1,16.7,88,29.1,0,56182,0,0
1/30/2009 21:20,213,0.1,0.1,16.7,88,29.1,0,56182,0,0
1/30/2009 21:30,213,0.1,0.1,16.9,89,29.1,0,56182,0,0
1/30/2009 21:40,213,0.1,0.1,17.1,89,29.1,0,56182,0,0
1/30/2009 21:50,213,0.1,0.1,16.9,89,29.1,0,56182,0,0
1/30/2009 22:00,213,0.1,0.1,16.9,88,29.1,0,56182,0,0
1/30/2009 22:10,213,0.1,0.1,16.6,85,29.1,0,56182,0,0
1/30/2009 22:20,213,0.1,0.1,16.4,85,29.1,0,56182,0,0
1/30/2009 22:30,213,0.1,0.1,16,86,29.1,0,56182,0,0
1/30/2009 22:40,213,0.1,0.1,16,84,29.1,0,56182,0,0
1/30/2009 22:50,213,0.1,0.1,16.2,82,29.1,0,56182,0,0
1/30/2009 23:00,213,0.1,0.1,16.2,83,29.1,0,56182,0,0
1/30/2009 23:10,213,0.1,0.1,16.4,80,29.1,0,56182,0,0
1/30/2009 23:20,213,0.1,0.1,16.2,81,29.1,0,56182,0,0
1/30/2009 23:30,213,0.1,0.1,16.4,81,29.1,0,56182,0,0
1/30/2009 23:40,213,0.1,0.1,16.2,80,29.1,0,56182,0,0
1/30/2009 23:50,213,0.1,0.1,16.4,78,29.1,0,56182,0,0
1/31/2009 0:00,213,0.1,0.1,16.4,75,29.1,0,56182,0,0
1/31/2009 0:10,213,0.1,0.1,16.2,73,29.1,0,56182,0,0
1/31/2009 0:20,213,0.1,0.1,16.2,72,29.1,0,56182,0,0
1/31/2009 0:30,213,0.1,0.1,16.2,73,29.1,0,56182,0,0
1/31/2009 0:40,213,0.1,0.1,16.2,74,29.1,0,56182,0,0
1/31/2009 0:50,213,0.1,0.1,16.2,72,29.1,0,56182,0,0
1/31/2009 1:00,213,0.1,0.1,16,73,29.1,0,56182,0,0
1/31/2009 1:10,213,0.1,0.1,15.8,75,29.2,0,56182,0,0
1/31/2009 1:20,213,0.1,0.1,16,74,29.2,0,56182,0,0
1/31/2009 1:30,213,0.1,0.1,15.8,74,29.2,0,56182,0,0
1/31/2009 1:40,213,0.1,0.1,15.7,74,29.2,0,56182,0,0
1/31/2009 1:50,213,0.1,0.1,15.5,75,29.2,0,56182,0,0
1/31/2009 2:00,213,0.1,0.1,15.3,76,29.2,0,56182,0,0
1/31/2009 2:10,213,0.1,0.1,15.1,77,29.2,0,56182,0,0
1/31/2009 2:20,213,0.1,0.1,15.1,77,29.2,0,56182,0,0
1/31/2009 2:30,213,0.1,0.1,14.9,77,29.2,0,56182,0,0
1/31/2009 2:40,213,0.1,0.1,14.8,77,29.2,0,56182,0,0
1/31/2009 2:50,-Invalid-,-Invalid-,-Invalid-,-Invalid-,-Invalid-,-Invalid-,-Invalid-,-Invalid-,-Invalid-,-Invalid-
1/31/2009 3:00,213,0.1,0.1,14.6,77,29.2,0,56182,0,0
1/31/2009 3:10,213,0.1,0.1,14.4,78,29.2,0,56182,0,0
1/31/2009 3:20,213,0.1,0.1,14.4,78,29.2,0,56182,0,0
1/31/2009 3:30,213,0.1,0.1,14.6,79,29.2,0,56182,0,0
1/31/2009 3:40,213,0.1,0.1,14.8,78,29.2,0,56182,0,0
1/31/2009 3:50,213,0.1,0.1,14.8,78,29.2,0,56182,0,0
1/31/2009 4:00,213,0.1,0.1,14.8,77,29.2,0,56182,0,0
1/31/2009 4:10,213,0.1,0.1,14.6,76,29.2,0,56182,0,0
1/31/2009 4:20,213,0.1,0.1,14.6,73,29.2,0,56182,0,0
1/31/2009 4:30,213,0.1,0.1,14.6,73,29.2,0,56182,0,0
1/31/2009 4:40,213,0.1,0.1,14.4,71,29.2,0,56182,0,0
1/31/2009 4:50,213,0.1,0.1,14.2,72,29.2,0,56182,0,0
1/31/2009 5:00,213,0.1,0.1,14.2,70,29.2,0,56182,0,0
1/31/2009 5:10,213,0.1,0.1,14.2,69,29.2,0,56182,0,0
1/31/2009 5:20,213,0.1,0.1,13.9,69,29.2,0,56182,0,0
1/31/2009 5:30,213,0.1,0.1,13.9,69,29.2,0,56182,0,0
1/31/2009 5:40,213,0.1,0.1,13.9,68,29.2,0,56182,0,0
1/31/2009 5:50,213,0.1,0.1,13.9,66,29.2,0,56182,0,0
1/31/2009 6:00,213,0.1,0.1,13.9,74,29.2,0,56182,0,0
1/31/2009 6:10,213,0.1,0.1,13.7,78,29.2,0,56182,0,0
1/31/2009 6:20,213,0.1,0.1,13.5,75,29.2,0,56182,0,0
1/31/2009 6:30,213,0.1,0.1,13.5,75,29.2,0,56182,0,0
1/31/2009 6:40,213,0.1,0.1,13.5,72,29.2,0,56182,0,0
1/31/2009 6:50,213,0.1,0.1,13.1,71,29.2,0,56182,0,0
1/31/2009 7:00,213,0.1,0.1,12.4,73,29.2,0,56182,0,0
1/31/2009 7:10,213,0.1,0.1,13,71,29.2,0,56182,0,0
1/31/2009 7:20,213,0.1,0.1,13.1,69,29.2,0,56182,0,0
1/31/2009 7:30,213,0.1,0.1,13.3,69,29.2,0,56182,0,0
1/31/2009 7:40,213,0.1,0.1,13.7,68,29.2,0,56182,0,0
1/31/2009 7:50,213,0.1,0.1,14.4,67,29.2,0,56182,0,0
1/31/2009 8:00,213,0.1,0.1,14.6,68,29.2,0,56182,0,0
1/31/2009 8:10,213,0.1,0.1,14.4,68,29.2,0,56182,0,0
1/31/2009 8:20,213,0.1,0.1,14.6,68,29.2,0,56182,0,0
1/31/2009 8:30,213,0.1,0.1,14.6,69,29.2,0,56182,0,0
1/31/2009 8:40,213,0.1,0.1,15.1,69,29.2,0,56182,0,0
1/31/2009 8:50,213,0.1,0.1,14.9,69,29.2,0,56182,0,0
1/31/2009 9:00,213,0.1,0.1,15.1,68,29.2,0,56182,0,0
1/31/2009 9:10,213,0.1,0.1,15.1,67,29.2,0,56182,0,0
1/31/2009 9:20,213,0.1,0.1,15.5,67,29.2,0,56182,0,0
1/31/2009 9:30,213,0.1,0.1,15.8,65,29.2,0,56182,0,0
1/31/2009 9:40,213,0.1,0.1,16,65,29.2,0,56182,0,0
1/31/2009 9:50,213,0.1,0.1,16.2,63,29.2,0,56182,0,0
1/31/2009 10:00,213,0.1,0.1,16,63,29.2,0,56182,0,0
1/31/2009 10:10,213,0.1,0.1,16,62,29.2,0,56182,0,0
1/31/2009 10:20,213,0.1,0.1,16.4,61,29.2,0,56182,0,0
1/31/2009 10:30,213,0.1,0.1,17.1,60,29.1,0,56182,0,0
1/31/2009 10:40,213,0.1,0.1,17.1,60,29.1,0,56182,0,0
1/31/2009 10:50,213,0.1,0.1,16.7,60,29.1,0,56182,0,0
1/31/2009 11:00,213,0.1,0.1,16.7,60,29.1,0,56182,0,0
1/31/2009 11:10,213,0.1,0.1,16.9,59,29.1,0,56182,0,0
1/31/2009 11:20,213,0.1,0.1,17.1,59,29.1,0,56182,0,0
1/31/2009 11:30,213,0.1,0.1,17.5,58,29.1,0,56182,0,0
1/31/2009 11:40,213,0.1,0.1,17.8,58,29.1,0,56182,0,0
1/31/2009 11:50,213,0.1,0.1,18.4,57,29.1,0,56182,0,0
1/31/2009 12:00,213,0.1,0.1,18.4,58,29.1,0,56182,0,0
1/31/2009 12:10,213,0.1,0.1,18.4,56,29.1,0,56182,0,0
1/31/2009 12:20,213,0.1,0.1,18.5,56,29.1,0,56182,0,0
1/31/2009 12:30,213,0.1,0.1,18.7,57,29.1,0,56182,0,0
1/31/2009 12:40,213,0.1,0.1,18.9,55,29.1,0,56182,0,0
1/31/2009 12:50,213,0.1,0.1,19.3,55,29.1,0,56182,0,0
1/31/2009 13:00,213,0.1,0.1,19.4,55,29.1,0,56182,0,0
1/31/2009 13:10,213,0.1,0.1,19.4,55,29.1,0,56182,0,0
1/31/2009 13:20,213,0.1,0.1,19.4,55,29.1,0,56182,0,0
1/31/2009 13:30,213,0.1,0.1,20,54,29.1,0,56182,0,0
1/31/2009 13:40,213,0.1,0.1,20.3,54,29.1,0,56182,0,0
1/31/2009 13:50,213,0.1,0.1,20.5,54,29.1,0,56182,0,0
1/31/2009 14:00,213,0.1,0.1,20.2,55,29.1,0,56182,0,0
1/31/2009 14:10,213,0.1,0.1,20,56,29.1,0,56182,0,0
1/31/2009 14:20,213,0.1,0.1,19.6,58,29.1,0,56182,0,0
1/31/2009 14:30,213,0.1,0.1,19.4,60,29.1,0,56182,0,0
1/31/2009 14:40,213,0.1,0.1,19.4,62,29.1,0,56182,0,0
1/31/2009 14:50,213,0.1,0.1,19.4,64,29.1,0,56182,0,0
1/31/2009 15:00,213,0.1,0.1,19.6,62,29.1,0,56182,0,0
1/31/2009 15:10,213,0.1,0.1,20.3,61,29,0,56182,0,0
1/31/2009 15:20,213,0.1,0.1,21.2,61,29,0,56182,0,0
1/31/2009 15:30,213,0.1,0.1,20.9,61,29,0,56182,0,0
1/31/2009 15:40,213,0.1,0.1,20.9,62,29,0,56192,0,0
1/31/2009 15:50,213,0.1,0.1,21.1,63,29,0,56192,0,0
1/31/2009 16:00,213,0.1,0.1,21.2,61,29,0,56202,0,0
1/31/2009 16:10,213,0.1,0.1,21.6,60,29,0,56202,0,0
1/31/2009 16:20,213,0.1,0.1,21.4,59,29,0,56212,0,0
1/31/2009 16:30,213,0.1,0.1,21.8,60,29,0,56212,0,0
1/31/2009 16:40,213,0.1,0.1,22.3,60,29,0,56212,0,0
1/31/2009 16:50,213,0.1,0.1,23.2,58,29,0,56232,0,0
1/31/2009 17:00,213,0.1,0.1,23.6,58,29,0,56262,0,0
1/31/2009 17:10,213,0.1,0.1,23.2,60,29,0,56272,0,0
1/31/2009 17:20,213,0.1,0.1,23.6,59,29,0,56282,0,0
1/31/2009 17:30,213,0.1,0.1,23.8,60,29,0,56282,0,0
1/31/2009 17:40,213,0.1,0.1,24.1,60,29,0,56382,0,0
1/31/2009 17:50,213,0.1,0.1,24.3,60,29,0,56412,0,0
1/31/2009 18:00,213,0.1,0.1,24.3,62,29,0,56412,0,0
1/31/2009 18:10,213,0.1,0.1,24.7,62,28.9,0,56442,0,0
1/31/2009 18:20,213,0.1,0.1,24.8,63,28.9,0,56472,0,0
1/31/2009 18:30,213,0.1,0.1,25,63,28.9,0,56522,0,0
1/31/2009 18:40,213,0.1,0.1,25.2,64,28.9,0,56522,0,0
1/31/2009 18:50,213,0.1,0.1,25.6,64,28.9,0,56552,0,0
1/31/2009 19:00,213,0.1,0.1,25.6,64,28.9,0,56672,0,0
1/31/2009 19:10,213,0.1,0.1,25.7,64,28.9,0,56722,0,0
1/31/2009 19:20,213,0.1,0.1,25.9,64,28.9,0,56822,0,0
1/31/2009 19:30,213,0.1,0.1,25.7,65,28.9,0,56872,0,0
1/31/2009 19:40,213,0.1,0.1,25.7,66,28.9,0,56952,0,0
1/31/2009 19:50,213,0.1,0.1,26.1,67,28.9,0,56972,0,0
1/31/2009 20:00,213,0.1,0.1,26.6,67,28.9,0,57042,0,0
1/31/2009 20:10,213,0.1,0.1,27.2,67,28.9,0,57062,0,0
1/31/2009 20:20,213,0.1,0.1,27.5,67,28.9,0,57122,0,0
1/31/2009 20:30,213,0.1,0.1,27.9,67,28.9,0,57152,0,0
1/31/2009 20:40,213,0.1,0.1,27.9,67,28.9,0,57182,0,0
1/31/2009 20:50,213,0.1,0.1,28.6,67,28.9,0,57192,0,0
1/31/2009 21:00,213,0.1,0.1,29.2,67,28.9,0,57202,0,0
1/31/2009 21:10,213,0.1,0.1,29.9,66,28.9,0,57272,0,0
1/31/2009 21:20,213,0.1,0.1,29.9,66,28.9,0,57322,0,0
1/31/2009 21:30,213,0.1,0.1,28.8,67,28.9,0,57332,0,0
1/31/2009 21:40,213,0.1,0.1,29,68,28.8,0,57332,0,0
1/31/2009 21:50,213,0.1,0.1,30.2,67,28.9,0,57342,0,0
1/31/2009 22:00,213,0.1,0.1,30.8,67,28.9,0,57362,0,0
1/31/2009 22:10,213,0.1,0.1,32,66,28.9,0,57382,0,0
1/31/2009 22:20,213,0.1,0.1,31.9,66,28.9,0,57482,0,0
1/31/2009 22:30,213,0.1,0.1,31.9,67,28.9,0,57502,0,0
1/31/2009 22:40,213,0.1,0.1,32.5,66,28.8,0,57522,0,0
1/31/2009 22:50,213,0.1,0.1,33,65,28.9,0,57612,0,0
1/31/2009 23:00,213,0.1,0.1,32.7,66,28.8,0,57622,0,0
1/31/2009 23:10,213,0.1,0.1,32.5,67,28.9,0,57622,0,0
1/31/2009 23:20,213,0.1,0.1,32.9,66,28.8,0,57712,0,0
1/31/2009 23:30,213,0.1,0.1,32.9,66,28.8,0,57752,0,0
1/31/2009 23:40,213,0.1,0.1,32.5,66,28.8,0,57802,0,0
1/31/2009 23:50,213,0.1,0.1,33.2,66,28.8,0,57802,0,0
2/1/2009 0:00,213,0.1,0.1,33.2,67,28.8,0,57822,0,0
2/1/2009 0:10,213,0.1,0.1,33.9,66,28.8,0,57872,0,0
2/1/2009 0:20,213,0.1,0.1,33.9,66,28.8,0,57922,0,0
2/1/2009 0:30,213,0.1,0.1,34.3,66,28.8,0,57952,0,0
2/1/2009 0:40,213,0.1,0.1,34.3,66,28.8,0,57952,0,0
2/1/2009 0:50,213,0.1,0.1,34.8,65,28.8,0,57982,0,0
2/1/2009 1:00,213,0.1,0.1,35.2,65,28.8,0,57982,0,0
2/1/2009 1:10,213,0.1,0.1,35.6,65,28.8,0,58032,0,0
2/1/2009 1:20,213,0.1,0.1,36.3,64,28.8,0,58072,0,0
2/1/2009 1:30,213,0.1,0.1,36.5,64,28.8,0,58142,0,0
2/1/2009 1:40,213,0.1,0.1,36.8,63,28.8,0,58162,0,0
2/1/2009 1:50,213,0.1,0.1,36.8,63,28.8,0,58262,0,0
2/1/2009 2:00,213,0.1,0.1,37,63,28.8,0,58312,0.01,0.01
2/1/2009 2:10,213,0.1,0.1,37.5,62,28.8,0,58382,0,0
2/1/2009 2:20,213,0.1,0.1,37.4,63,28.8,0,58382,0,0
2/1/2009 2:30,213,0.1,0.1,37.4,63,28.8,0,58382,0,0
2/1/2009 2:40,213,0.1,0.1,37.5,63,28.8,0,58402,0,0
2/1/2009 2:50,213,0.1,0.1,37.2,63,28.8,0,58402,0,0
2/1/2009 3:00,213,0.1,0.1,37,64,28.8,0,58402,0,0
2/1/2009 3:10,213,0.1,0.1,37.4,64,28.8,0,58402,0,0
2/1/2009 3:20,213,0.1,0.1,37.7,63,28.8,0,58412,0,0
2/1/2009 3:30,213,0.1,0.1,37.7,63,28.8,0,58422,0,0
2/1/2009 3:40,213,0.1,0.1,37.7,64,28.8,0,58422,0,0
2/1/2009 3:50,213,0.1,0.1,38.1,63,28.8,0,58422,0,0
2/1/2009 4:00,213,0.1,0.1,38.1,64,28.9,0,58422,0,0
2/1/2009 4:10,213,0.1,0.1,38.3,63,28.8,0,58442,0,0
2/1/2009 4:20,213,0.1,0.1,37.4,64,28.8,0,58442,0,0
2/1/2009 4:30,213,0.1,0.1,37,65,28.9,0,58442,0,0
2/1/2009 4:40,213,0.1,0.1,36.6,66,28.9,0,58442,0,0
2/1/2009 4:50,213,0.1,0.1,36.6,66,28.9,0,58442,0,0
2/1/2009 5:00,213,0.1,0.1,36.8,66,28.9,0,58442,0,0
2/1/2009 5:10,213,0.1,0.1,36.8,67,28.9,0,58442,0,0
2/1/2009 5:20,213,0.1,0.1,36.6,67,28.9,0,58442,0,0
2/1/2009 5:30,213,0.1,0.1,36.6,67,28.9,0,58442,0,0
2/1/2009 5:40,213,0.1,0.1,36.5,68,28.9,0,58442,0,0
2/1/2009 5:50,213,0.1,0.1,36.5,68,28.9,0,58442,0,0
2/1/2009 6:00,213,0.1,0.1,36.5,68,28.9,0,58442,0,0
2/1/2009 6:10,213,0.1,0.1,36.6,68,28.9,0,58442,0,0
2/1/2009 6:20,213,0.1,0.1,36.6,68,28.9,0,58442,0,0
2/1/2009 6:30,213,0.1,0.1,36.6,68,28.9,0,58442,0,0
2/1/2009 6:40,213,0.1,0.1,36.8,68,28.9,0,58442,0,0
2/1/2009 6:50,213,0.1,0.1,36.8,68,28.9,0,58442,0,0
2/1/2009 7:00,213,0.1,0.1,37.2,67,28.9,0,58442,0,0
2/1/2009 7:10,213,0.1,0.1,37.7,67,28.9,0,58442,0,0
2/1/2009 7:20,213,0.1,0.1,37.9,66,29,0,58442,0,0
2/1/2009 7:30,213,0.1,0.1,38.3,66,29,0,58442,0,0
2/1/2009 7:40,213,0.1,0.1,38.6,65,29,0,58442,0,0
2/1/2009 7:50,213,0.1,0.1,39,64,29,0,58442,0,0
2/1/2009 8:00,213,0.1,0.1,39.2,64,29,0,58442,0,0
2/1/2009 8:10,213,0.1,0.1,39.5,63,29,0,58442,0,0
2/1/2009 8:20,213,0.1,0.1,40.1,63,29,0,58442,0,0
2/1/2009 8:30,213,0.1,0.1,40.4,62,29,0,58442,0,0
2/1/2009 8:40,213,0.1,0.1,40.8,62,29,0,58442,0,0
2/1/2009 8:50,213,0.1,0.1,40.4,63,29,0,58442,0,0
2/1/2009 9:00,213,0.1,0.1,39.9,64,29,0,58442,0,0
2/1/2009 9:10,213,0.1,0.1,39.3,66,29,0,58442,0,0
2/1/2009 9:20,213,0.1,0.1,38.3,70,29,0,58442,0,0
2/1/2009 9:30,213,0.1,0.1,37.5,72,29,0,58442,0,0
2/1/2009 9:40,213,0.1,0.1,37.4,73,29,0,58442,0,0
2/1/2009 9:50,213,0.1,0.1,37,74,29,0,58442,0,0
2/1/2009 10:00,213,0.1,0.1,37,75,29,0,58442,0,0
2/1/2009 10:10,213,0.1,0.1,36.8,75,29,0,58442,0,0
2/1/2009 10:20,213,0.1,0.1,36.6,75,29,0,58442,0,0
2/1/2009 10:30,213,0.1,0.1,36.5,76,29,0,58442,0,0
2/1/2009 10:40,213,0.1,0.1,36.5,75,29,0,58442,0,0
2/1/2009 10:50,213,0.1,0.1,36.5,74,29,0,58442,0,0
2/1/2009 11:00,213,0.1,0.1,36.6,74,29,0,58442,0,0
2/1/2009 11:10,213,0.1,0.1,36.6,73,29,0,58442,0,0
2/1/2009 11:20,213,0.1,0.1,36.8,73,29,0,58442,0,0
2/1/2009 11:30,213,0.1,0.1,36.6,73,29,0,58442,0,0
2/1/2009 11:40,213,0.1,0.1,36.6,73,29,0,58442,0,0
2/1/2009 11:50,213,0.1,0.1,36.6,72,29,0,58442,0,0
2/1/2009 12:00,213,0.1,0.1,36.5,73,29,0,58442,0,0
2/1/2009 12:10,213,0.1,0.1,36.5,72,29,0,58442,0,0
2/1/2009 12:20,213,0.1,0.1,36.6,71,29,0,58442,0,0
2/1/2009 12:30,213,0.1,0.1,36.5,71,29,0,58442,0,0
2/1/2009 12:40,213,0.1,0.1,36.5,71,29,0,58442,0,0
2/1/2009 12:50,213,0.1,0.1,36.6,71,29,0,58442,0,0
2/1/2009 13:00,213,0.1,0.1,36.5,72,29,0,58442,0,0
2/1/2009 13:10,213,0.1,0.1,36.1,73,29,0,58442,0,0
2/1/2009 13:20,213,0.1,0.1,36.1,72,29,0,58442,0,0
2/1/2009 13:30,213,0.1,0.1,36.5,72,29,0,58442,0,0
2/1/2009 13:40,213,0.1,0.1,36.5,72,29,0,58442,0,0
2/1/2009 13:50,213,0.1,0.1,36.1,72,29,0,58442,0,0
2/1/2009 14:00,213,0.1,0.1,36.5,71,29,0,58442,0,0
2/1/2009 14:10,213,0.1,0.1,36.6,70,29,0,58442,0,0
2/1/2009 14:20,213,0.1,0.1,37.2,66,29,0,58442,0,0
2/1/2009 14:30,213,0.1,0.1,38.1,63,29,0,58442,0,0
2/1/2009 14:40,213,0.1,0.1,38.6,60,29,0,58442,0,0
2/1/2009 14:50,213,0.1,0.1,39,59,29,0,58442,0,0
2/1/2009 15:00,213,0.1,0.1,39,60,29,0,58442,0,0
2/1/2009 15:10,213,0.1,0.1,37.7,63,29,0,58442,0,0
2/1/2009 15:20,213,0.1,0.1,37.7,63,29,0,58442,0,0
2/1/2009 15:30,213,0.1,0.1,37.5,64,29,0,58442,0,0
2/1/2009 15:40,213,0.1,0.1,37,65,29,0,58442,0,0
2/1/2009 15:50,213,0.1,0.1,36.8,67,29,0,58442,0,0
2/1/2009 16:00,213,0.1,0.1,36.1,70,29,0,58442,0,0
2/1/2009 16:10,213,0.1,0.1,36.1,71,29,0,58442,0,0
2/1/2009 16:20,213,0.1,0.1,36.5,68,29,0,58442,0,0
2/1/2009 16:30,213,0.1,0.1,36.6,67,29.1,0,58442,0,0
2/1/2009 16:40,213,0.1,0.1,37,65,29.1,0,58442,0,0
2/1/2009 16:50,213,0.1,0.1,36.8,65,29.1,0,58442,0,0
2/1/2009 17:00,213,0.1,0.1,37,64,29.1,0,58442,0,0
2/1/2009 17:10,213,0.1,0.1,37.5,58,29.1,0,58442,0,0
2/1/2009 17:20,213,0.1,0.1,38.8,54,29.1,0,58442,0,0
2/1/2009 17:30,213,0.1,0.1,35.4,71,29.1,0,58442,0,0
2/1/2009 17:40,213,0.1,0.1,36.6,64,29.1,0,58442,0,0
2/1/2009 17:50,213,0.1,0.1,37.5,58,29.1,0,58442,0,0
2/1/2009 18:00,213,0.1,0.1,38.1,54,29.1,0,58442,0,0
2/1/2009 18:10,213,0.1,0.1,35.2,72,29.1,0,58442,0,0
2/1/2009 18:20,213,0.1,0.1,34.1,78,29.1,0,58442,0,0
2/1/2009 18:30,213,0.1,0.1,33.8,80,29.1,0,58442,0,0
2/1/2009 18:40,213,0.1,0.1,35.2,73,29.1,0,58442,0,0
2/1/2009 18:50,213,0.1,0.1,35.9,69,29.1,0,58442,0,0
2/1/2009 19:00,213,0.1,0.1,35.9,68,29.1,0,58442,0,0
2/1/2009 19:10,213,0.1,0.1,35.9,67,29.1,0,58442,0,0
2/1/2009 19:20,213,0.1,0.1,36.1,66,29.1,0,58442,0,0
2/1/2009 19:30,213,0.1,0.1,37,59,29.1,0,58442,0,0
2/1/2009 19:40,213,0.1,0.1,38.3,53,29.1,0,58442,0,0
2/1/2009 19:50,213,0.1,0.1,38.1,54,29.1,0,58442,0,0
2/1/2009 20:00,213,0.1,0.1,38.8,52,29.1,0,58442,0,0
2/1/2009 20:10,213,0.1,0.1,38.8,53,29.1,0,58442,0,0
2/1/2009 20:20,213,0.1,0.1,38.8,53,29.1,0,58442,0,0
2/1/2009 20:30,213,0.1,0.1,38.4,54,29.1,0,58442,0,0
2/1/2009 20:40,213,0.1,0.1,37.7,57,29.1,0,58442,0,0
2/1/2009 20:50,213,0.1,0.1,36.8,60,29.1,0,58442,0,0
2/1/2009 21:00,213,0.1,0.1,36.3,61,29.1,0,58442,0,0
2/1/2009 21:10,213,0.1,0.1,36.5,60,29.1,0,58442,0,0
2/1/2009 21:20,213,0.1,0.1,36.5,58,29.1,0,58442,0,0
2/1/2009 21:30,213,0.1,0.1,36.3,58,29.1,0,58442,0,0
2/1/2009 21:40,213,0.1,0.1,35.7,60,29.1,0,58442,0,0
2/1/2009 21:50,213,0.1,0.1,35.6,60,29.1,0,58442,0,0
2/1/2009 22:00,213,0.1,0.1,35.2,62,29.1,0,58442,0,0
2/1/2009 22:10,213,0.1,0.1,35.2,62,29.1,0,58442,0,0
2/1/2009 22:20,213,0.1,0.1,34.8,63,29.1,0,58442,0,0
2/1/2009 22:30,213,0.1,0.1,34.3,66,29.1,0,58442,0,0
2/1/2009 22:40,213,0.1,0.1,34.1,67,29.1,0,58442,0,0
2/1/2009 22:50,213,0.1,0.1,33.8,68,29.1,0,58442,0,0
2/1/2009 23:00,213,0.1,0.1,33.2,71,29.1,0,58442,0,0
2/1/2009 23:10,213,0.1,0.1,32.9,73,29.1,0,58442,0,0
2/1/2009 23:20,213,0.1,0.1,32.7,74,29.1,0,58442,0,0
2/1/2009 23:30,213,0.1,0.1,32.5,74,29.1,0,58442,0,0
2/1/2009 23:40,213,0.1,0.1,32.1,75,29.1,0,58442,0,0
2/1/2009 23:50,213,0.1,0.1,32.1,75,29.1,0,58442,0,0
2/2/2009 0:00,213,0.1,0.1,32,75,29.1,0,58442,0,0
2/2/2009 0:10,213,0.1,0.1,32,74,29.1,0,58442,0,0
2/2/2009 0:20,213,0.1,0.1,32,74,29.1,0,58442,0,0
2/2/2009 0:30,213,0.1,0.1,32.1,72,29.1,0,58442,0,0
2/2/2009 0:40,213,0.1,0.1,32,73,29.1,0,58442,0,0
2/2/2009 0:50,213,0.1,0.1,32,72,29.1,0,58442,0,0
2/2/2009 1:00,213,0.1,0.1,32.1,70,29.1,0,58442,0,0
2/2/2009 1:10,213,0.1,0.1,32.1,68,29.1,0,58442,0,0
2/2/2009 1:20,213,0.1,0.1,32.3,66,29.1,0,58442,0,0
2/2/2009 1:30,213,0.1,0.1,32.3,65,29.1,0,58442,0,0
2/2/2009 1:40,213,0.1,0.1,32.3,64,29.1,0,58442,0,0
2/2/2009 1:50,213,0.1,0.1,32.1,64,29.1,0,58442,0,0
2/2/2009 2:00,213,0.1,0.1,32.1,64,29.1,0,58442,0,0
2/2/2009 2:10,213,0.1,0.1,32.1,64,29.1,0,58442,0,0
2/2/2009 2:20,213,0.1,0.1,32,65,29.1,0,58442,0,0
2/2/2009 2:30,213,0.1,0.1,31.7,67,29.1,0,58442,0,0
2/2/2009 2:40,213,0.1,0.1,31.7,67,29.1,0,58442,0,0
2/2/2009 2:50,213,0.1,0.1,31.7,66,29.1,0,58442,0,0
2/2/2009 3:00,213,0.1,0.1,31.9,64,29.1,0,58442,0,0
2/2/2009 3:10,213,0.1,0.1,32,63,29.1,0,58442,0,0
2/2/2009 3:20,213,0.1,0.1,31.9,64,29.1,0,58442,0,0
2/2/2009 3:30,213,0.1,0.1,31.5,64,29.1,0,58442,0,0
2/2/2009 3:40,213,0.1,0.1,31.5,64,29.1,0,58442,0,0
2/2/2009 3:50,213,0.1,0.1,31.7,63,29.1,0,58442,0,0
2/2/2009 4:00,213,0.1,0.1,31.7,63,29.1,0,58442,0,0
2/2/2009 4:10,213,0.1,0.1,31.5,63,29.1,0,58442,0,0
2/2/2009 4:20,213,0.1,0.1,31.3,64,29.1,0,58442,0,0
2/2/2009 4:30,213,0.1,0.1,31.3,63,29.1,0,58442,0,0
2/2/2009 4:40,213,0.1,0.1,31.3,64,29.1,0,58442,0,0
2/2/2009 4:50,213,0.1,0.1,31.3,64,29.1,0,58442,0,0
2/2/2009 5:00,213,0.1,0.1,31.1,64,29.1,0,58442,0,0
2/2/2009 5:10,213,0.1,0.1,31,65,29.1,0,58442,0,0
2/2/2009 5:20,213,0.1,0.1,30.8,66,29.1,0,58452,0,0
2/2/2009 5:30,213,0.1,0.1,30.6,66,29.1,0,58452,0,0
2/2/2009 5:40,213,0.1,0.1,30.8,66,29.1,0,58452,0,0
2/2/2009 5:50,213,0.1,0.1,30.8,67,29.1,0,58452,0,0
2/2/2009 6:00,213,0.1,0.1,30.8,67,29.2,0,58452,0,0
2/2/2009 6:10,213,0.1,0.1,31,67,29.2,0,58452,0,0
2/2/2009 6:20,213,0.1,0.1,31.1,67,29.2,0,58452,0,0
2/2/2009 6:30,213,0.1,0.1,31.1,67,29.2,0,58452,0,0
2/2/2009 6:40,213,0.1,0.1,31.1,67,29.2,0,58452,0,0
2/2/2009 6:50,213,0.1,0.1,31.1,68,29.2,0,58452,0,0
2/2/2009 7:00,213,0.1,0.1,31.1,68,29.2,0,58452,0,0
2/2/2009 7:10,213,0.1,0.1,31,68,29.2,0,58452,0,0
2/2/2009 7:20,213,0.1,0.1,30.8,69,29.2,0,58452,0,0
2/2/2009 7:30,213,0.1,0.1,30.6,71,29.2,0,58452,0,0
2/2/2009 7:40,213,0.1,0.1,30.4,73,29.2,0,58452,0,0
2/2/2009 7:50,213,0.1,0.1,30.2,75,29.2,0,58452,0,0
2/2/2009 8:00,213,0.1,0.1,30.2,77,29.2,0,58452,0,0
2/2/2009 8:10,213,0.1,0.1,30.2,78,29.2,0,58452,0,0
2/2/2009 8:20,213,0.1,0.1,30.2,78,29.2,0,58452,0,0
2/2/2009 8:30,213,0.1,0.1,30.1,78,29.2,0,58452,0,0
2/2/2009 8:40,213,0.1,0.1,30.1,79,29.2,0,58452,0,0
2/2/2009 8:50,213,0.1,0.1,30.1,79,29.2,0,58452,0,0
2/2/2009 9:00,213,0.1,0.1,29.9,79,29.2,0,58452,0,0
2/2/2009 9:10,213,0.1,0.1,29.9,78,29.2,0,58452,0,0
2/2/2009 9:20,213,0.1,0.1,30.1,78,29.2,0,58452,0,0
2/2/2009 9:30,213,0.1,0.1,30.2,77,29.2,0,58452,0,0
2/2/2009 9:40,213,0.1,0.1,30.8,75,29.2,0,58452,0,0
2/2/2009 9:50,213,0.1,0.1,30.8,73,29.2,0,58452,0,0
2/2/2009 10:00,213,0.1,0.1,30.2,76,29.2,0,58452,0,0
2/2/2009 10:10,213,0.1,0.1,30.4,76,29.2,0,58452,0,0
2/2/2009 10:20,213,0.1,0.1,30.4,76,29.1,0,58452,0,0
2/2/2009 10:30,213,0.1,0.1,30.4,77,29.1,0,58452,0,0
2/2/2009 10:40,213,0.1,0.1,31,77,29.1,0,58452,0,0
2/2/2009 10:50,213,0.1,0.1,31.1,76,29.1,0,58452,0,0
2/2/2009 11:00,213,0.1,0.1,31,75,29.1,0,58452,0,0
2/2/2009 11:10,213,0.1,0.1,31,76,29.1,0,58452,0,0
2/2/2009 11:20,213,0.1,0.1,31.1,76,29.1,0,58452,0,0
2/2/2009 11:30,213,0.1,0.1,30.8,77,29.1,0,58452,0,0
2/2/2009 11:40,213,0.1,0.1,30.8,78,29.1,0,58452,0,0
2/2/2009 11:50,213,0.1,0.1,30.8,79,29.1,0,58452,0,0
2/2/2009 12:00,213,0.1,0.1,31,77,29.1,0,58452,0,0
2/2/2009 12:10,213,0.1,0.1,31.1,76,29.1,0,58452,0,0
2/2/2009 12:20,213,0.1,0.1,30.8,77,29.1,0,58452,0,0
2/2/2009 12:30,213,0.1,0.1,30.8,79,29.1,0,58452,0,0
2/2/2009 12:40,213,0.1,0.1,30.8,80,29.1,0,58452,0,0
2/2/2009 12:50,213,0.1,0.1,30.6,81,29.1,0,58452,0,0
2/2/2009 13:00,213,0.1,0.1,30.8,82,29.1,0,58452,0,0
2/2/2009 13:10,213,0.1,0.1,31.3,80,29.1,0,58452,0,0
2/2/2009 13:20,213,0.1,0.1,31,81,29.1,0,58452,0,0
2/2/2009 13:30,213,0.1,0.1,31,82,29.1,0,58452,0,0
2/2/2009 13:40,213,0.1,0.1,31.3,79,29.1,0,58452,0,0
2/2/2009 13:50,213,0.1,0.1,31.5,79,29.1,0,58452,0,0
2/2/2009 14:00,213,0.1,0.1,31.3,79,29.1,0,58452,0,0
2/2/2009 14:10,213,0.1,0.1,31.3,78,29.1,0,58452,0,0
2/2/2009 14:20,213,0.1,0.1,30.8,80,29.1,0,58452,0,0
2/2/2009 14:30,213,0.1,0.1,30.6,81,29.1,0,58452,0,0
2/2/2009 14:40,213,0.1,0.1,30.1,82,29.1,0,58452,0,0
2/2/2009 14:50,213,0.1,0.1,30.2,83,29.1,0,58452,0,0
2/2/2009 15:00,213,0.1,0.1,30.2,82,29.1,0,58452,0,0
2/2/2009 15:10,213,0.1,0.1,30.1,82,29.1,0,58452,0,0
2/2/2009 15:20,213,0.1,0.1,29.9,81,29.1,0,58452,0,0
2/2/2009 15:30,213,0.1,0.1,29.5,82,29.1,0,58452,0,0
2/2/2009 15:40,213,0.1,0.1,29.2,84,29.2,0,58452,0,0
2/2/2009 15:50,213,0.1,0.1,29,85,29.2,0,58452,0,0
2/2/2009 16:00,213,0.1,0.1,28.8,86,29.2,0,58452,0,0
2/2/2009 16:10,213,0.1,0.1,28.8,85,29.2,0,58452,0,0
2/2/2009 16:20,213,0.1,0.1,28.8,84,29.2,0,58452,0,0
2/2/2009 16:30,213,0.1,0.1,28.6,85,29.2,0,58452,0,0
2/2/2009 16:40,213,0.1,0.1,28.6,85,29.2,0,58452,0,0
2/2/2009 16:50,213,0.1,0.1,28.6,85,29.2,0,58452,0,0
2/2/2009 17:00,213,0.1,0.1,28.6,86,29.2,0,58452,0,0
2/2/2009 17:10,213,0.1,0.1,28.4,87,29.2,0,58452,0,0
2/2/2009 17:20,213,0.1,0.1,28.3,88,29.2,0,58452,0,0
2/2/2009 17:30,213,0.1,0.1,28.3,89,29.2,0,58452,0,0
2/2/2009 17:40,213,0.1,0.1,28.4,88,29.2,0,58452,0,0
2/2/2009 17:50,213,0.1,0.1,29,86,29.2,0,58452,0,0
2/2/2009 18:00,213,0.1,0.1,29,84,29.2,0,58452,0,0
2/2/2009 18:10,213,0.1,0.1,29.2,83,29.2,0,58452,0,0
2/2/2009 18:20,213,0.1,0.1,29.2,82,29.2,0,58452,0,0
2/2/2009 18:30,213,0.1,0.1,29.2,80,29.2,0,58452,0,0
2/2/2009 18:40,213,0.1,0.1,29,80,29.2,0,58452,0,0
2/2/2009 18:50,213,0.1,0.1,29.2,79,29.1,0,58452,0,0
2/2/2009 19:00,213,0.1,0.1,29,79,29.1,0,58452,0,0
2/2/2009 19:10,213,0.1,0.1,29,79,29.1,0,58452,0,0
2/2/2009 19:20,213,0.1,0.1,29.2,79,29.1,0,58452,0,0
2/2/2009 19:30,213,0.1,0.1,29,79,29.1,0,58452,0,0
2/2/2009 19:40,213,0.1,0.1,29.2,79,29.1,0,58452,0,0
2/2/2009 19:50,213,0.1,0.1,29,79,29.1,0,58452,0,0
2/2/2009 20:00,213,0.1,0.1,28.8,79,29.1,0,58452,0,0
2/2/2009 20:10,213,0.1,0.1,28.6,80,29.1,0,58452,0,0
2/2/2009 20:20,213,0.1,0.1,28.8,80,29.1,0,58452,0,0
2/2/2009 20:30,213,0.1,0.1,28.8,80,29.1,0,58452,0,0
2/2/2009 20:40,213,0.1,0.1,28.8,80,29.1,0,58452,0,0
2/2/2009 20:50,213,0.1,0.1,28.6,80,29.1,0,58452,0,0
2/2/2009 21:00,213,0.1,0.1,28.6,80,29.1,0,58452,0,0
2/2/2009 21:10,213,0.1,0.1,28.6,80,29.1,0,58452,0,0
2/2/2009 21:20,213,0.1,0.1,28.8,79,29.1,0,58452,0,0
2/2/2009 21:30,213,0.1,0.1,28.8,79,29.1,0,58452,0,0
2/2/2009 21:40,213,0.1,0.1,28.4,79,29.1,0,58452,0,0
2/2/2009 21:50,213,0.1,0.1,28.4,79,29.1,0,58452,0,0
2/2/2009 22:00,213,0.1,0.1,28.4,79,29.1,0,58452,0,0
2/2/2009 22:10,213,0.1,0.1,28.4,79,29.1,0,58452,0,0
2/2/2009 22:20,213,0.1,0.1,28.4,78,29.1,0,58452,0,0
2/2/2009 22:30,213,0.1,0.1,28.1,78,29.1,0,58452,0,0
2/2/2009 22:40,213,0.1,0.1,28.6,77,29.1,0,58452,0,0
2/2/2009 22:50,213,0.1,0.1,28.1,77,29.1,0,58452,0,0
2/2/2009 23:00,213,0.1,0.1,28.4,76,29.1,0,58452,0,0
2/2/2009 23:10,213,0.1,0.1,28.1,77,29.1,0,58452,0,0
2/2/2009 23:20,213,0.1,0.1,28.3,76,29.1,0,58452,0,0
2/2/2009 23:30,213,0.1,0.1,28.3,76,29.1,0,58452,0,0
2/2/2009 23:40,213,0.1,0.1,28.1,77,29.1,0,58452,0,0
2/2/2009 23:50,213,0.1,0.1,27.9,77,29.1,0,58452,0,0
2/3/2009 0:00,213,0.1,0.1,27.9,77,29.1,0,58452,0,0
2/3/2009 0:10,213,0.1,0.1,27.9,76,29.1,0,58452,0,0
2/3/2009 0:20,213,0.1,0.1,27.4,77,29.1,0,58452,0,0
2/3/2009 0:30,213,0.1,0.1,27,78,29.1,0,58452,0,0
2/3/2009 0:40,213,0.1,0.1,27,79,29.1,0,58452,0,0
2/3/2009 0:50,213,0.1,0.1,27,79,29.1,0,58452,0,0
2/3/2009 1:00,213,0.1,0.1,26.8,79,29.1,0,58452,0,0
2/3/2009 1:10,213,0.1,0.1,26.8,79,29.1,0,58452,0,0
2/3/2009 1:20,213,0.1,0.1,26.6,79,29.1,0,58452,0,0
2/3/2009 1:30,213,0.1,0.1,26.5,81,29.1,0,58452,0,0
2/3/2009 1:40,213,0.1,0.1,26.6,82,29.1,0,58452,0,0
2/3/2009 1:50,213,0.1,0.1,26.6,82,29.1,0,58452,0,0
2/3/2009 2:00,213,0.1,0.1,26.5,83,29.1,0,58452,0,0
2/3/2009 2:10,213,0.1,0.1,26.5,82,29.1,0,58452,0,0
2/3/2009 2:20,213,0.1,0.1,26.5,83,29.1,0,58452,0,0
2/3/2009 2:30,213,0.1,0.1,26.5,83,29.1,0,58452,0,0
2/3/2009 2:40,213,0.1,0.1,26.5,83,29.1,0,58452,0,0
2/3/2009 2:50,213,0.1,0.1,26.5,83,29.1,0,58452,0,0
2/3/2009 3:00,213,0.1,0.1,26.3,82,29.1,0,58452,0,0
2/3/2009 3:10,213,0.1,0.1,26.1,82,29.1,0,58452,0,0
2/3/2009 3:20,213,0.1,0.1,26.1,82,29.1,0,58452,0,0
2/3/2009 3:30,213,0.1,0.1,26.1,82,29.1,0,58452,0,0
2/3/2009 3:40,213,0.1,0.1,25.9,83,29.1,0,58452,0,0
2/3/2009 3:50,213,0.1,0.1,26.3,83,29.1,0,58452,0,0
2/3/2009 4:00,213,0.1,0.1,26.1,83,29.1,0,58452,0,0
2/3/2009 4:10,213,0.1,0.1,26.1,83,29.1,0,58452,0,0
2/3/2009 4:20,213,0.1,0.1,26.1,84,29.1,0,58452,0,0
2/3/2009 4:30,213,0.1,0.1,25.9,84,29.1,0,58452,0,0
2/3/2009 4:40,213,0.1,0.1,26.1,84,29.1,0,58452,0,0
2/3/2009 4:50,213,0.1,0.1,26.3,84,29.1,0,58452,0,0
2/3/2009 5:00,213,0.1,0.1,25.9,83,29.1,0,58452,0,0
2/3/2009 5:10,213,0.1,0.1,25.6,83,29.1,0,58452,0,0
2/3/2009 5:20,213,0.1,0.1,25.7,83,29.1,0,58452,0,0
2/3/2009 5:30,213,0.1,0.1,25.4,83,29.1,0,58452,0,0
2/3/2009 5:40,213,0.1,0.1,25.2,82,29.1,0,58452,0,0
2/3/2009 5:50,213,0.1,0.1,25.2,81,29.1,0,58452,0,0
2/3/2009 6:00,213,0.1,0.1,25.2,80,29.1,0,58452,0,0
2/3/2009 6:10,213,0.1,0.1,25.2,80,29.1,0,58452,0,0
2/3/2009 6:20,213,0.1,0.1,25.2,80,29.1,0,58452,0,0
2/3/2009 6:30,213,0.1,0.1,25.2,80,29.1,0,58452,0,0
2/3/2009 6:40,213,0.1,0.1,25.2,78,29.1,0,58452,0,0
2/3/2009 6:50,213,0.1,0.1,25.6,77,29.1,0,58452,0,0
2/3/2009 7:00,213,0.1,0.1,25.7,76,29.1,0,58452,0,0
2/3/2009 7:10,213,0.1,0.1,25.7,75,29.1,0,58452,0,0
2/3/2009 7:20,213,0.1,0.1,25.7,76,29.1,0,58452,0,0
2/3/2009 7:30,213,0.1,0.1,25.4,78,29.1,0,58452,0,0
2/3/2009 7:40,213,0.1,0.1,25.4,79,29.1,0,58452,0,0
2/3/2009 7:50,213,0.1,0.1,25.4,81,29.1,0,58452,0,0
2/3/2009 8:00,213,0.1,0.1,24.3,85,29.1,0,58452,0,0
2/3/2009 8:10,213,0.1,0.1,24.1,86,29.1,0,58452,0,0
2/3/2009 8:20,213,0.1,0.1,24.3,86,29.1,0,58452,0,0
2/3/2009 8:30,213,0.1,0.1,24.3,85,29.1,0,58452,0,0
2/3/2009 8:40,213,0.1,0.1,23.8,86,29.1,0,58452,0,0
2/3/2009 8:50,213,0.1,0.1,24.1,86,29.1,0,58452,0,0
2/3/2009 9:00,213,0.1,0.1,24.3,84,29.1,0,58452,0,0
2/3/2009 9:10,213,0.1,0.1,23.9,85,29.1,0,58452,0,0
2/3/2009 9:20,213,0.1,0.1,23.8,85,29.1,0,58452,0,0
2/3/2009 9:30,213,0.1,0.1,23.4,85,29.1,0,58452,0,0
2/3/2009 9:40,213,0.1,0.1,23.6,85,29.1,0,58452,0,0
2/3/2009 9:50,213,0.1,0.1,23.4,84,29.1,0,58452,0,0
2/3/2009 10:00,213,0.1,0.1,23.4,84,29.1,0,58452,0,0
2/3/2009 10:10,213,0.1,0.1,23.4,83,29.1,0,58452,0,0
2/3/2009 10:20,213,0.1,0.1,23.8,83,29.1,0,58452,0,0
2/3/2009 10:30,213,0.1,0.1,23.6,84,29.1,0,58452,0,0
2/3/2009 10:40,213,0.1,0.1,23.6,83,29.1,0,58452,0,0
2/3/2009 10:50,213,0.1,0.1,23.4,83,29.1,0,58452,0,0
2/3/2009 11:00,213,0.1,0.1,23.4,84,29,0,58452,0,0
2/3/2009 11:10,213,0.1,0.1,23.6,84,29,0,58452,0,0
2/3/2009 11:20,213,0.1,0.1,23.6,84,29,0,58452,0,0
2/3/2009 11:30,213,0.1,0.1,23.6,84,29,0,58452,0,0
2/3/2009 11:40,213,0.1,0.1,23.2,84,29,0,58452,0,0
2/3/2009 11:50,213,0.1,0.1,23,83,29,0,58452,0,0
2/3/2009 12:00,213,0.1,0.1,23,82,29,0,58452,0,0
2/3/2009 12:10,213,0.1,0.1,23,83,29,0,58452,0,0
2/3/2009 12:20,213,0.1,0.1,23,83,29,0,58452,0,0
2/3/2009 12:30,213,0.1,0.1,23.2,82,29,0,58452,0,0
2/3/2009 12:40,213,0.1,0.1,23.2,81,29,0,58452,0,0
2/3/2009 12:50,213,0.1,0.1,23,81,29.1,0,58452,0,0
2/3/2009 13:00,213,0.1,0.1,23,80,29.1,0,58452,0,0
2/3/2009 13:10,213,0.1,0.1,23.2,81,29.1,0,58452,0,0
2/3/2009 13:20,213,0.1,0.1,23.4,80,29.1,0,58452,0,0
2/3/2009 13:30,213,0.1,0.1,23.2,78,29.1,0,58452,0,0
2/3/2009 13:40,213,0.1,0.1,23.2,78,29.1,0,58452,0,0
2/3/2009 13:50,213,0.1,0.1,23.2,79,29.1,0,58452,0,0
2/3/2009 14:00,213,0.1,0.1,23.4,79,29.1,0,58452,0,0
2/3/2009 14:10,213,0.1,0.1,23.2,78,29.1,0,58452,0,0
2/3/2009 14:20,213,0.1,0.1,23,78,29.1,0,58452,0,0
2/3/2009 14:30,213,0.1,0.1,23,78,29.1,0,58452,0,0
2/3/2009 14:40,213,0.1,0.1,22.9,79,29.1,0,58452,0,0
2/3/2009 14:50,213,0.1,0.1,22.7,79,29.1,0,58452,0,0
2/3/2009 15:00,213,0.1,0.1,22.7,81,29.1,0,58452,0,0
2/3/2009 15:10,213,0.1,0.1,22.7,82,29.1,0,58452,0,0
2/3/2009 15:20,213,0.1,0.1,22.9,81,29.1,0,58452,0,0
2/3/2009 15:30,213,0.1,0.1,22.9,81,29.1,0,58452,0,0
2/3/2009 15:40,213,0.1,0.1,22.9,80,29.1,0,58452,0,0
2/3/2009 15:50,213,0.1,0.1,22.7,80,29.1,0,58452,0,0
2/3/2009 16:00,213,0.1,0.1,22.7,80,29.1,0,58452,0,0
2/3/2009 16:10,213,0.1,0.1,22.9,81,29.1,0,58452,0,0
2/3/2009 16:20,213,0.1,0.1,22.9,80,29.1,0,58452,0,0
2/3/2009 16:30,213,0.1,0.1,22.9,80,29.1,0,58452,0,0
2/3/2009 16:40,213,0.1,0.1,22.9,79,29.1,0,58452,0,0
2/3/2009 16:50,213,0.1,0.1,22.9,79,29.1,0,58452,0,0
2/3/2009 17:00,213,0.1,0.1,22.9,80,29.1,0,58452,0,0
2/3/2009 17:10,213,0.1,0.1,22.7,81,29.1,0,58452,0,0
2/3/2009 17:20,213,0.1,0.1,22.7,83,29.1,0,58452,0,0
2/3/2009 17:30,213,0.1,0.1,22.3,84,29.1,0,58452,0,0
2/3/2009 17:40,213,0.1,0.1,22.1,85,29.1,0,58452,0,0
2/3/2009 17:50,213,0.1,0.1,22.1,86,29.1,0,58452,0,0
2/3/2009 18:00,213,0.1,0.1,22,86,29.1,0,58452,0,0
2/3/2009 18:10,213,0.1,0.1,22,87,29.1,0,58452,0,0
2/3/2009 18:20,213,0.1,0.1,21.8,88,29.1,0,58452,0,0
2/3/2009 18:30,213,0.1,0.1,21.8,88,29.1,0,58452,0,0
2/3/2009 18:40,213,0.1,0.1,21.8,88,29.1,0,58452,0,0
2/3/2009 18:50,213,0.1,0.1,21.8,88,29.1,0,58452,0,0
2/3/2009 19:00,213,0.1,0.1,21.8,88,29.1,0,58452,0,0
2/3/2009 19:10,213,0.1,0.1,21.8,88,29.1,0,58452,0,0
2/3/2009 19:20,213,0.1,0.1,21.8,88,29.1,0,58452,0,0
2/3/2009 19:30,213,0.1,0.1,21.8,89,29.1,0,58452,0,0
2/3/2009 19:40,213,0.1,0.1,22,89,29.1,0,58452,0,0
2/3/2009 19:50,213,0.1,0.1,22,90,29.1,0,58452,0,0
2/3/2009 20:00,213,0.1,0.1,22,90,29.1,0,58452,0,0
2/3/2009 20:10,213,0.1,0.1,22,90,29.1,0,58452,0,0
2/3/2009 20:20,213,0.1,0.1,21.8,89,29.1,0,58452,0,0
2/3/2009 20:30,213,0.1,0.1,21.8,88,29.1,0,58452,0,0
2/3/2009 20:40,213,0.1,0.1,21.8,88,29.1,0,58452,0,0
2/3/2009 20:50,213,0.1,0.1,22,89,29.1,0,58452,0,0
2/3/2009 21:00,213,0.1,0.1,22,90,29.1,0,58452,0,0
2/3/2009 21:10,213,0.1,0.1,21.8,90,29.1,0,58452,0,0
2/3/2009 21:20,213,0.1,0.1,21.8,89,29.1,0,58452,0,0
2/3/2009 21:30,213,0.1,0.1,21.6,90,29.1,0,58452,0,0
2/3/2009 21:40,213,0.1,0.1,21.4,90,29.1,0,58452,0,0
2/3/2009 21:50,213,0.1,0.1,21.2,90,29.1,0,58452,0,0
2/3/2009 22:00,213,0.1,0.1,21.2,90,29.1,0,58452,0,0
2/3/2009 22:10,213,0.1,0.1,21.1,89,29.1,0,58452,0,0
2/3/2009 22:20,213,0.1,0.1,21.2,89,29.1,0,58452,0,0
2/3/2009 22:30,213,0.1,0.1,21.2,88,29.1,0,58452,0,0
2/3/2009 22:40,213,0.1,0.1,21.2,87,29.1,0,58452,0,0
2/3/2009 22:50,213,0.1,0.1,21.1,88,29.1,0,58452,0,0
2/3/2009 23:00,213,0.1,0.1,21.1,87,29.1,0,58452,0,0
2/3/2009 23:10,213,0.1,0.1,21.1,87,29.1,0,58452,0,0
2/3/2009 23:20,213,0.1,0.1,20.9,87,29.1,0,58452,0,0
2/3/2009 23:30,213,0.1,0.1,20.9,87,29.1,0,58452,0,0
2/3/2009 23:40,213,0.1,0.1,20.9,87,29.1,0,58452,0,0
2/3/2009 23:50,213,0.1,0.1,20.9,88,29.1,0,58452,0,0
2/4/2009 0:00,213,0.1,0.1,20.9,88,29.1,0,58452,0,0
2/4/2009 0:10,213,0.1,0.1,21.1,88,29.1,0,58452,0,0
2/4/2009 0:20,213,0.1,0.1,21.2,87,29.1,0,58452,0,0
2/4/2009 0:30,213,0.1,0.1,21.1,87,29.1,0,58452,0,0
2/4/2009 0:40,213,0.1,0.1,21.1,88,29.2,0,58452,0,0
2/4/2009 0:50,213,0.1,0.1,20.9,88,29.2,0,58452,0,0
2/4/2009 1:00,213,0.1,0.1,20.7,88,29.2,0,58452,0,0
2/4/2009 1:10,213,0.1,0.1,21.1,88,29.2,0,58452,0,0
2/4/2009 1:20,213,0.1,0.1,21.2,87,29.2,0,58452,0,0
2/4/2009 1:30,213,0.1,0.1,20.7,88,29.2,0,58452,0,0
2/4/2009 1:40,213,0.1,0.1,20.7,88,29.2,0,58452,0,0
2/4/2009 1:50,213,0.1,0.1,20.7,88,29.2,0,58452,0,0
2/4/2009 2:00,213,0.1,0.1,20.7,88,29.2,0,58452,0,0
2/4/2009 2:10,213,0.1,0.1,20.7,88,29.2,0,58452,0,0
2/4/2009 2:20,213,0.1,0.1,20.5,87,29.2,0,58452,0,0
2/4/2009 2:30,213,0.1,0.1,20.7,88,29.2,0,58452,0,0
2/4/2009 2:40,213,0.1,0.1,20.5,88,29.2,0,58452,0,0
2/4/2009 2:50,213,0.1,0.1,20.7,88,29.2,0,58452,0,0
2/4/2009 3:00,213,0.1,0.1,20.3,88,29.2,0,58452,0,0
2/4/2009 3:10,213,0.1,0.1,20.2,89,29.2,0,58452,0,0
2/4/2009 3:20,213,0.1,0.1,20.5,89,29.2,0,58452,0,0
2/4/2009 3:30,213,0.1,0.1,20.7,88,29.2,0,58452,0,0
2/4/2009 3:40,213,0.1,0.1,20.2,89,29.2,0,58452,0,0
2/4/2009 3:50,213,0.1,0.1,20.2,90,29.2,0,58452,0,0
2/4/2009 4:00,213,0.1,0.1,20.2,90,29.2,0,58452,0,0
2/4/2009 4:10,213,0.1,0.1,20,91,29.2,0,58452,0,0
2/4/2009 4:20,213,0.1,0.1,19.8,91,29.2,0,58452,0,0
2/4/2009 4:30,213,0.1,0.1,19.6,91,29.2,0,58452,0,0
2/4/2009 4:40,213,0.1,0.1,19.8,91,29.2,0,58452,0,0
2/4/2009 4:50,213,0.1,0.1,19.8,91,29.2,0,58452,0,0
2/4/2009 5:00,213,0.1,0.1,19.8,90,29.2,0,58452,0,0
2/4/2009 5:10,213,0.1,0.1,19.8,90,29.2,0,58452,0,0
2/4/2009 5:20,213,0.1,0.1,19.4,89,29.2,0,58452,0,0
2/4/2009 5:30,213,0.1,0.1,19.1,88,29.2,0,58492,0,0
2/4/2009 5:40,213,0.1,0.1,15.8,87,29.2,0,58492,0,0
2/4/2009 5:50,213,0.1,0.1,16,88,29.2,0,58492,0,0
2/4/2009 6:00,213,0.1,0.1,16,88,29.3,0,58492,0,0
2/4/2009 6:10,213,0.1,0.1,16.2,88,29.3,0,58492,0,0
2/4/2009 6:20,213,0.1,0.1,16.2,88,29.3,0,58492,0,0
2/4/2009 6:30,213,0.1,0.1,16.2,88,29.3,0,58492,0,0
2/4/2009 6:40,213,0.1,0.1,16,88,29.3,0,58492,0,0
2/4/2009 6:50,213,0.1,0.1,15.7,87,29.3,0,58492,0,0
2/4/2009 7:00,213,0.1,0.1,16,87,29.3,0,58492,0,0
2/4/2009 7:10,213,0.1,0.1,15.3,86,29.3,0,58492,0,0
2/4/2009 7:20,213,0.1,0.1,14.8,86,29.3,0,58492,0,0
2/4/2009 7:30,213,0.1,0.1,14.8,86,29.3,0,58492,0,0
2/4/2009 7:40,213,0.1,0.1,14.4,85,29.3,0,58492,0,0
2/4/2009 7:50,213,0.1,0.1,14.6,84,29.3,0,58492,0,0
2/4/2009 8:00,213,0.1,0.1,14.2,84,29.3,0,58492,0,0
2/4/2009 8:10,213,0.1,0.1,14,84,29.3,0,58492,0,0
2/4/2009 8:20,213,0.1,0.1,14,83,29.3,0,58492,0,0
2/4/2009 8:30,213,0.1,0.1,14.4,82,29.3,0,58492,0,0
2/4/2009 8:40,213,0.1,0.1,14.6,83,29.3,0,58492,0,0
2/4/2009 8:50,213,0.1,0.1,15.3,81,29.3,0,58492,0,0
2/4/2009 9:00,213,0.1,0.1,14.9,81,29.3,0,58492,0,0
2/4/2009 9:10,213,0.1,0.1,15.7,82,29.3,0,58492,0,0
2/4/2009 9:20,213,0.1,0.1,14.9,82,29.3,0,58492,0,0
2/4/2009 9:30,213,0.1,0.1,14.8,82,29.3,0,58492,0,0
2/4/2009 9:40,213,0.1,0.1,14.8,80,29.3,0,58492,0,0
2/4/2009 9:50,213,0.1,0.1,15.1,80,29.3,0,58492,0,0
2/4/2009 10:00,213,0.1,0.1,14.9,80,29.3,0,58492,0,0
2/4/2009 10:10,213,0.1,0.1,14.9,81,29.3,0,58492,0,0
2/4/2009 10:20,213,0.1,0.1,15.3,82,29.3,0,58492,0,0
2/4/2009 10:30,213,0.1,0.1,15.1,82,29.3,0,58492,0,0
2/4/2009 10:40,213,0.1,0.1,15.1,82,29.3,0,58492,0,0
2/4/2009 10:50,213,0.1,0.1,13.7,84,29.3,0,58492,0,0
2/4/2009 11:00,213,0.1,0.1,13.5,84,29.3,0,58492,0,0
2/4/2009 11:10,213,0.1,0.1,13.5,83,29.3,0,58492,0,0
2/4/2009 11:20,213,0.1,0.1,13.3,82,29.3,0,58492,0,0
2/4/2009 11:30,213,0.1,0.1,13,82,29.3,0,58492,0,0
2/4/2009 11:40,213,0.1,0.1,12.8,81,29.4,0,58492,0,0
2/4/2009 11:50,213,0.1,0.1,12.2,80,29.4,0,58492,0,0
2/4/2009 12:00,213,0.1,0.1,12.1,81,29.4,0,58492,0,0
2/4/2009 12:10,213,0.1,0.1,11.9,81,29.4,0,58492,0,0
2/4/2009 12:20,213,0.1,0.1,11.5,82,29.4,0,58492,0,0
2/4/2009 12:30,213,0.1,0.1,11.3,82,29.4,0,58492,0,0
2/4/2009 12:40,213,0.1,0.1,10.8,82,29.4,0,58492,0,0
2/4/2009 12:50,213,0.1,0.1,10.4,80,29.4,0,58492,0,0
2/4/2009 13:00,213,0.1,0.1,10.3,79,29.4,0,58492,0,0
2/4/2009 13:10,213,0.1,0.1,10.6,77,29.4,0,58492,0,0
2/4/2009 13:20,213,0.1,0.1,10.6,74,29.4,0,58492,0,0
2/4/2009 13:30,213,0.1,0.1,10.6,74,29.4,0,58492,0,0
2/4/2009 13:40,213,0.1,0.1,10.6,74,29.4,0,58492,0,0
2/4/2009 13:50,213,0.1,0.1,10.6,73,29.4,0,58492,0,0
2/4/2009 14:00,213,0.1,0.1,10.4,73,29.4,0,58492,0,0
2/4/2009 14:10,213,0.1,0.1,10.3,72,29.4,0,58492,0,0
2/4/2009 14:20,213,0.1,0.1,9.7,73,29.4,0,58492,0,0
2/4/2009 14:30,213,0.1,0.1,9.7,73,29.4,0,58492,0,0
2/4/2009 14:40,213,0.1,0.1,9.5,73,29.4,0,58492,0,0
2/4/2009 14:50,213,0.1,0.1,9.5,72,29.4,0,58492,0,0
2/4/2009 15:00,213,0.1,0.1,9.2,72,29.4,0,58492,0,0
2/4/2009 15:10,213,0.1,0.1,8.8,73,29.4,0,58492,0,0
2/4/2009 15:20,213,0.1,0.1,8.3,73,29.4,0,58492,0,0
2/4/2009 15:30,213,0.1,0.1,8.3,74,29.5,0,58492,0,0
2/4/2009 15:40,213,0.1,0.1,8.3,75,29.5,0,58492,0,0
2/4/2009 15:50,213,0.1,0.1,8.5,74,29.5,0,58492,0,0
2/4/2009 16:00,213,0.1,0.1,8.6,74,29.5,0,58492,0,0
2/4/2009 16:10,213,0.1,0.1,8.6,74,29.5,0,58492,0,0
2/4/2009 16:20,213,0.1,0.1,8.5,74,29.5,0,58492,0,0
2/4/2009 16:30,213,0.1,0.1,8.5,74,29.5,0,58492,0,0
2/4/2009 16:40,213,0.1,0.1,8.6,73,29.5,0,58492,0,0
2/4/2009 16:50,213,0.1,0.1,8.5,73,29.5,0,58492,0,0
2/4/2009 17:00,213,0.1,0.1,8.6,73,29.5,0,58492,0,0
2/4/2009 17:10,213,0.1,0.1,8.5,73,29.5,0,58492,0,0
2/4/2009 17:20,213,0.1,0.1,8.5,72,29.5,0,58492,0,0
2/4/2009 17:30,213,0.1,0.1,7.9,73,29.5,0,58492,0,0
2/4/2009 17:40,213,0.1,0.1,7.9,73,29.5,0,58492,0,0
2/4/2009 17:50,213,0.1,0.1,7.6,74,29.5,0,58492,0,0
2/4/2009 18:00,213,0.1,0.1,7.2,75,29.5,0,58492,0,0
2/4/2009 18:10,213,0.1,0.1,6.8,74,29.5,0,58492,0,0
2/4/2009 18:20,213,0.1,0.1,6.3,74,29.5,0,58492,0,0
2/4/2009 18:30,213,0.1,0.1,6.1,74,29.5,0,58492,0,0
2/4/2009 18:40,213,0.1,0.1,5.9,74,29.5,0,58492,0,0
2/4/2009 18:50,213,0.1,0.1,6.3,74,29.5,0,58492,0,0
2/4/2009 19:00,213,0.1,0.1,6.5,74,29.5,0,58492,0,0
2/4/2009 19:10,213,0.1,0.1,6.3,74,29.5,0,58492,0,0
2/4/2009 19:20,213,0.1,0.1,6.1,74,29.5,0,58492,0,0
2/4/2009 19:30,213,0.1,0.1,6.1,74,29.5,0,58492,0,0
2/4/2009 19:40,213,0.1,0.1,6.1,74,29.5,0,58492,0,0
2/4/2009 19:50,213,0.1,0.1,5.9,75,29.5,0,58492,0,0
2/4/2009 20:00,213,0.1,0.1,5.9,75,29.5,0,58492,0,0
2/4/2009 20:10,213,0.1,0.1,5.9,74,29.5,0,58492,0,0
2/4/2009 20:20,213,0.1,0.1,5.9,75,29.5,0,58492,0,0
2/4/2009 20:30,213,0.1,0.1,5.8,75,29.5,0,58492,0,0
2/4/2009 20:40,213,0.1,0.1,5.6,76,29.5,0,58492,0,0
2/4/2009 20:50,213,0.1,0.1,5.4,76,29.5,0,58492,0,0
2/4/2009 21:00,213,0.1,0.1,5,76,29.5,0,58492,0,0
2/4/2009 21:10,213,0.1,0.1,5,76,29.5,0,58492,0,0
2/4/2009 21:20,213,0.1,0.1,4.7,76,29.5,0,58492,0,0
2/4/2009 21:30,213,0.1,0.1,4.3,77,29.5,0,58492,0,0
2/4/2009 21:40,213,0.1,0.1,4,77,29.5,0,58492,0,0
2/4/2009 21:50,213,0.1,0.1,4.3,76,29.5,0,58492,0,0
2/4/2009 22:00,213,0.1,0.1,4.3,76,29.5,0,58492,0,0
2/4/2009 22:10,213,0.1,0.1,3.8,77,29.5,0,58492,0,0
2/4/2009 22:20,213,0.1,0.1,3.8,78,29.5,0,58492,0,0
2/4/2009 22:30,213,0.1,0.1,3.8,78,29.5,0,58492,0,0
2/4/2009 22:40,213,0.1,0.1,4.1,78,29.5,0,58492,0,0
2/4/2009 22:50,213,0.1,0.1,4.1,77,29.5,0,58492,0,0
2/4/2009 23:00,213,0.1,0.1,4.3,77,29.5,0,58492,0,0
2/4/2009 23:10,213,0.1,0.1,4.1,77,29.5,0,58492,0,0
2/4/2009 23:20,213,0.1,0.1,4.3,77,29.5,0,58492,0,0
2/4/2009 23:30,213,0.1,0.1,4.3,76,29.6,0,58492,0,0
2/4/2009 23:40,213,0.1,0.1,3.8,78,29.6,0,58492,0,0
2/4/2009 23:50,213,0.1,0.1,4.1,78,29.6,0,58492,0,0
2/5/2009 0:00,213,0.1,0.1,4.3,78,29.6,0,58492,0,0
2/5/2009 0:10,213,0.1,0.1,4.3,79,29.6,0,58492,0,0
2/5/2009 0:20,213,0.1,0.1,4.3,79,29.6,0,58492,0,0
2/5/2009 0:30,213,0.1,0.1,4.3,80,29.6,0,58492,0,0
2/5/2009 0:40,213,0.1,0.1,4.5,82,29.6,0,58492,0,0
2/5/2009 0:50,213,0.1,0.1,4.7,81,29.6,0,58492,0,0
2/5/2009 1:00,213,0.1,0.1,4.1,81,29.6,0,58492,0,0
2/5/2009 1:10,213,0.1,0.1,4.7,81,29.6,0,58492,0,0
2/5/2009 1:20,213,0.1,0.1,4.5,82,29.6,0,58492,0,0
2/5/2009 1:30,213,0.1,0.1,4.1,84,29.6,0,58492,0,0
2/5/2009 1:40,213,0.1,0.1,4.3,86,29.6,0,58492,0,0
2/5/2009 1:50,213,0.1,0.1,4.3,87,29.6,0,58492,0,0
2/5/2009 2:00,213,0.1,0.1,4.3,87,29.6,0,58492,0,0
2/5/2009 2:10,213,0.1,0.1,4.5,87,29.6,0,58492,0,0
2/5/2009 2:20,213,0.1,0.1,4.7,87,29.6,0,58492,0,0
2/5/2009 2:30,213,0.1,0.1,5,87,29.6,0,58492,0,0
2/5/2009 2:40,213,0.1,0.1,4.7,86,29.6,0,58492,0,0
2/5/2009 2:50,213,0.1,0.1,4.3,86,29.6,0,58492,0,0
2/5/2009 3:00,213,0.1,0.1,4.3,85,29.6,0,58492,0,0
2/5/2009 3:10,213,0.1,0.1,4.3,86,29.6,0,58492,0,0
2/5/2009 3:20,213,0.1,0.1,4.5,86,29.6,0,58492,0,0
2/5/2009 3:30,213,0.1,0.1,4.1,86,29.6,0,58492,0,0
2/5/2009 3:40,213,0.1,0.1,4.1,86,29.6,0,58492,0,0
2/5/2009 3:50,213,0.1,0.1,4.7,86,29.6,0,58492,0,0
2/5/2009 4:00,213,0.1,0.1,4.7,85,29.6,0,58492,0,0
2/5/2009 4:10,213,0.1,0.1,4.9,84,29.6,0,58492,0,0
2/5/2009 4:20,213,0.1,0.1,4,84,29.6,0,58492,0,0
2/5/2009 4:30,213,0.1,0.1,3.8,85,29.6,0,58492,0,0
2/5/2009 4:40,213,0.1,0.1,4,85,29.6,0,58492,0,0
2/5/2009 4:50,213,0.1,0.1,3.8,84,29.6,0,58492,0,0
2/5/2009 5:00,213,0.1,0.1,3.4,84,29.6,0,58492,0,0
2/5/2009 5:10,213,0.1,0.1,3.4,84,29.6,0,58492,0,0
2/5/2009 5:20,213,0.1,0.1,3.2,84,29.6,0,58492,0,0
2/5/2009 5:30,213,0.1,0.1,3.2,84,29.6,0,58492,0,0
2/5/2009 5:40,213,0.1,0.1,3.2,84,29.6,0,58492,0,0
2/5/2009 5:50,213,0.1,0.1,3.2,83,29.6,0,58492,0,0
2/5/2009 6:00,213,0.1,0.1,3.4,83,29.6,0,58492,0,0
2/5/2009 6:10,213,0.1,0.1,3.6,82,29.6,0,58492,0,0
2/5/2009 6:20,213,0.1,0.1,4,81,29.6,0,58492,0,0
2/5/2009 6:30,213,0.1,0.1,4.7,81,29.6,0,58492,0,0
2/5/2009 6:40,213,0.1,0.1,5,80,29.6,0,58492,0,0
2/5/2009 6:50,213,0.1,0.1,5.8,78,29.6,0,58492,0,0
2/5/2009 7:00,213,0.1,0.1,6.5,77,29.6,0,58492,0,0
2/5/2009 7:10,213,0.1,0.1,6.8,76,29.6,0,58492,0,0
2/5/2009 7:20,213,0.1,0.1,8.1,74,29.6,0,58492,0,0
2/5/2009 7:30,213,0.1,0.1,8.8,72,29.6,0,58492,0,0
2/5/2009 7:40,213,0.1,0.1,8.6,71,29.6,0,58492,0,0
2/5/2009 7:50,213,0.1,0.1,8.6,72,29.6,0,58492,0,0
2/5/2009 8:00,213,0.1,0.1,8.8,71,29.6,0,58492,0,0
2/5/2009 8:10,213,0.1,0.1,9.9,68,29.6,0,58492,0,0
2/5/2009 8:20,213,0.1,0.1,9.7,64,29.6,0,58492,0,0
2/5/2009 8:30,213,0.1,0.1,9.7,64,29.6,0,58492,0,0
2/5/2009 8:40,213,0.1,0.1,9.5,62,29.6,0,58492,0,0
2/5/2009 8:50,213,0.1,0.1,9.9,60,29.6,0,58492,0,0
2/5/2009 9:00,213,0.1,0.1,10.1,61,29.6,0,58492,0,0
2/5/2009 9:10,213,0.1,0.1,9.9,64,29.6,0,58492,0,0
2/5/2009 9:20,213,0.1,0.1,9.9,65,29.6,0,58492,0,0
2/5/2009 9:30,213,0.1,0.1,9.7,67,29.6,0,58492,0,0
2/5/2009 9:40,213,0.1,0.1,9.5,69,29.6,0,58492,0,0
2/5/2009 9:50,213,0.1,0.1,10.3,68,29.6,0,58492,0,0
2/5/2009 10:00,213,0.1,0.1,10.1,69,29.6,0,58492,0,0
2/5/2009 10:10,213,0.1,0.1,10.4,70,29.6,0,58492,0,0
2/5/2009 10:20,213,0.1,0.1,10.6,71,29.6,0,58492,0,0
2/5/2009 10:30,213,0.1,0.1,10.6,71,29.6,0,58492,0,0
2/5/2009 10:40,213,0.1,0.1,10.3,72,29.6,0,58492,0,0
2/5/2009 10:50,213,0.1,0.1,10.4,72,29.6,0,58492,0,0
2/5/2009 11:00,213,0.1,0.1,10.6,71,29.6,0,58492,0,0
2/5/2009 11:10,213,0.1,0.1,10.8,70,29.6,0,58492,0,0
2/5/2009 11:20,213,0.1,0.1,11,70,29.6,0,58492,0,0
2/5/2009 11:30,213,0.1,0.1,11.2,70,29.6,0,58492,0,0
2/5/2009 11:40,213,0.1,0.1,11.5,70,29.6,0,58492,0,0
2/5/2009 11:50,213,0.1,0.1,11.9,70,29.6,0,58492,0,0
2/5/2009 12:00,213,0.1,0.1,11.9,70,29.6,0,58492,0,0
2/5/2009 12:10,213,0.1,0.1,11.9,70,29.6,0,58492,0,0
2/5/2009 12:20,213,0.1,0.1,11.9,67,29.6,0,58492,0,0
2/5/2009 12:30,213,0.1,0.1,11.7,66,29.6,0,58492,0,0
2/5/2009 12:40,213,0.1,0.1,12.1,66,29.6,0,58492,0,0
2/5/2009 12:50,213,0.1,0.1,12.1,66,29.6,0,58492,0,0
2/5/2009 13:00,213,0.1,0.1,12.1,68,29.6,0,58492,0,0
2/5/2009 13:10,213,0.1,0.1,12.2,69,29.6,0,58492,0,0
2/5/2009 13:20,213,0.1,0.1,12.1,70,29.6,0,58492,0,0
2/5/2009 13:30,213,0.1,0.1,12.1,70,29.6,0,58492,0,0
2/5/2009 13:40,213,0.1,0.1,12.1,71,29.5,0,58492,0,0
2/5/2009 13:50,213,0.1,0.1,12.2,71,29.5,0,58492,0,0
2/5/2009 14:00,213,0.1,0.1,12.2,71,29.5,0,58492,0,0
2/5/2009 14:10,213,0.1,0.1,12.4,71,29.5,0,58492,0,0
2/5/2009 14:20,213,0.1,0.1,12.4,72,29.5,0,58492,0,0
2/5/2009 14:30,213,0.1,0.1,12.4,72,29.5,0,58492,0,0
2/5/2009 14:40,213,0.1,0.1,12.4,72,29.5,0,58492,0,0
2/5/2009 14:50,213,0.1,0.1,12.4,72,29.5,0,58492,0,0
2/5/2009 15:00,213,0.1,0.1,12.6,71,29.5,0,58492,0,0
2/5/2009 15:10,213,0.1,0.1,12.4,71,29.5,0,58492,0,0
2/5/2009 15:20,213,0.1,0.1,12.2,71,29.5,0,58492,0,0
2/5/2009 15:30,213,0.1,0.1,12.2,72,29.5,0,58492,0,0
2/5/2009 15:40,213,0.1,0.1,12.2,71,29.5,0,58492,0,0
2/5/2009 15:50,213,0.1,0.1,12.4,71,29.5,0,58492,0,0
2/5/2009 16:00,213,0.1,0.1,12.6,70,29.5,0,58492,0,0
2/5/2009 16:10,213,0.1,0.1,12.6,70,29.5,0,58492,0,0
2/5/2009 16:20,213,0.1,0.1,12.6,70,29.5,0,58492,0,0
2/5/2009 16:30,213,0.1,0.1,12.6,70,29.5,0,58492,0,0
2/5/2009 16:40,213,0.1,0.1,12.4,70,29.5,0,58492,0,0
2/5/2009 16:50,213,0.1,0.1,12.4,69,29.5,0,58492,0,0
2/5/2009 17:00,213,0.1,0.1,12.4,67,29.5,0,58492,0,0
2/5/2009 17:10,213,0.1,0.1,12.6,65,29.5,0,58492,0,0
2/5/2009 17:20,213,0.1,0.1,13.9,65,29.5,0,58492,0,0
2/5/2009 17:30,213,0.1,0.1,13.5,59,29.5,0,58492,0,0
2/5/2009 17:40,213,0.1,0.1,13.7,56,29.5,0,58492,0,0
2/5/2009 17:50,213,0.1,0.1,14.2,53,29.5,0,58492,0,0
2/5/2009 18:00,213,0.1,0.1,14.4,51,29.5,0,58492,0,0
2/5/2009 18:10,213,0.1,0.1,14.8,51,29.5,0,58492,0,0
2/5/2009 18:20,213,0.1,0.1,14.9,51,29.5,0,58492,0,0
2/5/2009 18:30,213,0.1,0.1,14.9,50,29.5,0,58492,0,0
2/5/2009 18:40,213,0.1,0.1,15.1,49,29.5,0,58492,0,0
2/5/2009 18:50,213,0.1,0.1,15.3,50,29.5,0,58492,0,0
2/5/2009 19:00,213,0.1,0.1,15.5,49,29.4,0,58492,0,0
2/5/2009 19:10,213,0.1,0.1,15.8,49,29.5,0,58492,0,0
2/5/2009 19:20,213,0.1,0.1,16.2,49,29.5,0,58492,0,0
2/5/2009 19:30,213,0.1,0.1,16.6,49,29.5,0,58492,0,0
2/5/2009 19:40,213,0.1,0.1,16.7,49,29.4,0,58492,0,0
2/5/2009 19:50,213,0.1,0.1,16.9,50,29.5,0,58492,0,0
2/5/2009 20:00,213,0.1,0.1,17.3,50,29.4,0,58492,0,0
2/5/2009 20:10,213,0.1,0.1,17.5,50,29.5,0,58492,0,0
2/5/2009 20:20,213,0.1,0.1,17.6,50,29.5,0,58492,0,0
2/5/2009 20:30,213,0.1,0.1,17.8,50,29.5,0,58492,0,0
2/5/2009 20:40,213,0.1,0.1,18,50,29.5,0,58492,0,0
2/5/2009 20:50,213,0.1,0.1,18.4,50,29.5,0,58492,0,0
2/5/2009 21:00,213,0.1,0.1,18.4,51,29.5,0,58492,0,0
2/5/2009 21:10,213,0.1,0.1,18.4,51,29.5,0,58492,0,0
2/5/2009 21:20,213,0.1,0.1,18.5,51,29.5,0,58492,0,0
2/5/2009 21:30,213,0.1,0.1,18.7,50,29.5,0,58492,0,0
2/5/2009 21:40,213,0.1,0.1,18.9,51,29.5,0,58492,0,0
2/5/2009 21:50,213,0.1,0.1,19.1,51,29.5,0,58492,0,0
2/5/2009 22:00,213,0.1,0.1,19.3,51,29.5,0,58492,0,0
2/5/2009 22:10,213,0.1,0.1,19.4,51,29.5,0,58492,0,0
2/5/2009 22:20,213,0.1,0.1,19.6,51,29.5,0,58492,0,0
2/5/2009 22:30,213,0.1,0.1,19.8,50,29.4,0,58492,0,0
2/5/2009 22:40,213,0.1,0.1,20,49,29.4,0,58492,0,0
2/5/2009 22:50,213,0.1,0.1,20.2,50,29.4,0,58492,0,0
2/5/2009 23:00,213,0.1,0.1,20.2,50,29.4,0,58492,0,0
2/5/2009 23:10,213,0.1,0.1,20,50,29.4,0,58492,0,0
2/5/2009 23:20,213,0.1,0.1,20,51,29.4,0,58492,0,0
2/5/2009 23:30,213,0.1,0.1,20.3,50,29.4,0,58492,0,0
2/5/2009 23:40,213,0.1,0.1,20.7,50,29.4,0,58492,0,0
2/5/2009 23:50,213,0.1,0.1,20.9,50,29.4,0,58492,0,0
2/6/2009 0:00,213,0.1,0.1,21.1,50,29.4,0,58492,0,0
2/6/2009 0:10,213,0.1,0.1,21.2,50,29.4,0,58492,0,0
2/6/2009 0:20,213,0.1,0.1,21.2,51,29.4,0,58492,0,0
2/6/2009 0:30,213,0.1,0.1,21.4,50,29.4,0,58492,0,0
2/6/2009 0:40,213,0.1,0.1,21.4,50,29.4,0,58492,0,0
2/6/2009 0:50,213,0.1,0.1,21.6,50,29.4,0,58492,0,0
2/6/2009 1:00,213,0.1,0.1,21.6,50,29.4,0,58492,0,0
2/6/2009 1:10,213,0.1,0.1,21.6,51,29.4,0,58492,0,0
2/6/2009 1:20,213,0.1,0.1,21.4,51,29.4,0,58492,0,0
2/6/2009 1:30,213,0.1,0.1,21.6,52,29.4,0,58492,0,0
2/6/2009 1:40,213,0.1,0.1,21.8,51,29.4,0,58492,0,0
2/6/2009 1:50,213,0.1,0.1,22,51,29.4,0,58492,0,0
2/6/2009 2:00,213,0.1,0.1,22,52,29.4,0,58492,0,0
2/6/2009 2:10,213,0.1,0.1,21.8,52,29.4,0,58492,0,0
2/6/2009 2:20,213,0.1,0.1,21.8,52,29.4,0,58492,0,0
2/6/2009 2:30,213,0.1,0.1,21.8,52,29.4,0,58492,0,0
2/6/2009 2:40,213,0.1,0.1,21.6,53,29.4,0,58492,0,0
2/6/2009 2:50,213,0.1,0.1,21.6,53,29.4,0,58492,0,0
2/6/2009 3:00,213,0.1,0.1,21.4,53,29.4,0,58492,0,0
2/6/2009 3:10,213,0.1,0.1,21.2,53,29.4,0,58492,0,0
2/6/2009 3:20,213,0.1,0.1,20.9,54,29.4,0,58492,0,0
2/6/2009 3:30,213,0.1,0.1,20.7,54,29.4,0,58492,0,0
2/6/2009 3:40,213,0.1,0.1,20.7,54,29.4,0,58492,0,0
2/6/2009 3:50,213,0.1,0.1,20.7,54,29.4,0,58492,0,0
2/6/2009 4:00,213,0.1,0.1,20.7,54,29.4,0,58492,0,0
2/6/2009 4:10,213,0.1,0.1,20.7,54,29.4,0,58492,0,0
2/6/2009 4:20,213,0.1,0.1,20.5,54,29.4,0,58492,0,0
2/6/2009 4:30,213,0.1,0.1,20.3,55,29.4,0,58492,0,0
2/6/2009 4:40,213,0.1,0.1,20.2,55,29.4,0,58492,0,0
2/6/2009 4:50,213,0.1,0.1,20,56,29.4,0,58492,0,0
2/6/2009 5:00,213,0.1,0.1,20.2,55,29.4,0,58492,0,0
2/6/2009 5:10,213,0.1,0.1,20.2,55,29.4,0,58492,0,0
2/6/2009 5:20,213,0.1,0.1,20,56,29.4,0,58492,0,0
2/6/2009 5:30,213,0.1,0.1,20,56,29.4,0,58492,0,0
2/6/2009 5:40,213,0.1,0.1,20.2,55,29.4,0,58492,0,0
2/6/2009 5:50,213,0.1,0.1,20.2,55,29.4,0,58492,0,0
2/6/2009 6:00,213,0.1,0.1,20.3,55,29.4,0,58492,0,0
2/6/2009 6:10,213,0.1,0.1,20.5,55,29.4,0,58492,0,0
2/6/2009 6:20,213,0.1,0.1,20.7,54,29.4,0,58492,0,0
2/6/2009 6:30,213,0.1,0.1,21.1,54,29.4,0,58492,0,0
2/6/2009 6:40,213,0.1,0.1,21.2,53,29.4,0,58492,0,0
2/6/2009 6:50,213,0.1,0.1,21.8,53,29.4,0,58492,0,0
2/6/2009 7:00,213,0.1,0.1,22,53,29.4,0,58492,0,0
2/6/2009 7:10,213,0.1,0.1,22.3,52,29.4,0,58492,0,0
2/6/2009 7:20,213,0.1,0.1,22.3,52,29.4,0,58492,0,0
2/6/2009 7:30,213,0.1,0.1,22.9,51,29.4,0,58492,0,0
2/6/2009 7:40,213,0.1,0.1,23.4,51,29.4,0,58492,0,0
2/6/2009 7:50,213,0.1,0.1,24.3,49,29.4,0,58492,0,0
2/6/2009 8:00,213,0.1,0.1,24.1,49,29.4,0,58492,0,0
2/6/2009 8:10,213,0.1,0.1,24.7,49,29.4,0,58492,0,0
2/6/2009 8:20,213,0.1,0.1,25.6,47,29.4,0,58492,0,0
2/6/2009 8:30,213,0.1,0.1,25.7,47,29.5,0,58492,0,0
2/6/2009 8:40,213,0.1,0.1,25.6,48,29.5,0,58492,0,0
2/6/2009 8:50,213,0.1,0.1,25.7,48,29.5,0,58492,0,0
2/6/2009 9:00,213,0.1,0.1,25.7,49,29.5,0,58492,0,0
2/6/2009 9:10,213,0.1,0.1,25.7,49,29.5,0,58492,0,0
2/6/2009 9:20,213,0.1,0.1,25.6,50,29.5,0,58492,0,0
2/6/2009 9:30,213,0.1,0.1,25.6,50,29.4,0,58492,0,0
2/6/2009 9:40,213,0.1,0.1,25.6,50,29.4,0,58492,0,0
2/6/2009 9:50,213,0.1,0.1,25.6,51,29.4,0,58492,0,0
2/6/2009 10:00,213,0.1,0.1,26.3,53,29.4,0,58492,0,0
2/6/2009 10:10,213,0.1,0.1,25.6,50,29.4,0,58492,0,0
2/6/2009 10:20,213,0.1,0.1,25.6,55,29.4,0,58492,0,0
2/6/2009 10:30,213,0.1,0.1,25.2,56,29.4,0,58492,0,0
2/6/2009 10:40,213,0.1,0.1,25.4,58,29.4,0,58492,0,0
2/6/2009 10:50,213,0.1,0.1,25.4,58,29.4,0,58492,0,0
2/6/2009 11:00,213,0.1,0.1,25.6,58,29.4,0,58492,0,0
2/6/2009 11:10,213,0.1,0.1,25.2,59,29.4,0,58492,0,0
2/6/2009 11:20,213,0.1,0.1,25.6,60,29.4,0,58492,0,0
2/6/2009 11:30,213,0.1,0.1,25.4,61,29.4,0,58492,0,0
2/6/2009 11:40,213,0.1,0.1,25.7,61,29.4,0,58492,0,0
2/6/2009 11:50,213,0.1,0.1,25.4,60,29.4,0,58492,0,0
2/6/2009 12:00,213,0.1,0.1,25.4,61,29.4,0,58492,0,0
2/6/2009 12:10,213,0.1,0.1,25.9,59,29.4,0,58492,0,0
2/6/2009 12:20,213,0.1,0.1,26.1,58,29.4,0,58492,0,0
2/6/2009 12:30,213,0.1,0.1,25.9,59,29.4,0,58492,0,0
2/6/2009 12:40,213,0.1,0.1,25.9,61,29.4,0,58492,0,0
2/6/2009 12:50,213,0.1,0.1,25.9,60,29.4,0,58492,0,0
2/6/2009 13:00,213,0.1,0.1,25.9,61,29.4,0,58492,0,0
2/6/2009 13:10,213,0.1,0.1,25.9,63,29.4,0,58492,0,0
2/6/2009 13:20,213,0.1,0.1,25.6,62,29.4,0,58492,0,0
2/6/2009 13:30,213,0.1,0.1,25.7,63,29.4,0,58492,0,0
2/6/2009 13:40,213,0.1,0.1,25.4,62,29.4,0,58492,0,0
2/6/2009 13:50,213,0.1,0.1,25.4,63,29.4,0,58492,0,0
2/6/2009 14:00,213,0.1,0.1,25.7,62,29.4,0,58492,0,0
2/6/2009 14:10,213,0.1,0.1,25.4,63,29.4,0,58492,0,0
2/6/2009 14:20,213,0.1,0.1,25.2,62,29.4,0,58492,0,0
2/6/2009 14:30,213,0.1,0.1,25.4,61,29.4,0,58492,0,0
2/6/2009 14:40,213,0.1,0.1,25.2,60,29.4,0,58492,0,0
2/6/2009 14:50,213,0.1,0.1,24.8,64,29.4,0,58492,0,0
2/6/2009 15:00,213,0.1,0.1,24.7,65,29.4,0,58492,0,0
2/6/2009 15:10,213,0.1,0.1,24.3,65,29.4,0,58492,0,0
2/6/2009 15:20,213,0.1,0.1,23.9,65,29.4,0,58492,0,0
2/6/2009 15:30,213,0.1,0.1,23.8,65,29.4,0,58492,0,0
2/6/2009 15:40,213,0.1,0.1,23.8,66,29.4,0,58492,0,0
2/6/2009 15:50,213,0.1,0.1,23.8,66,29.4,0,58492,0,0
2/6/2009 16:00,213,0.1,0.1,23.9,67,29.4,0,58492,0,0
2/6/2009 16:10,213,0.1,0.1,24.3,67,29.4,0,58492,0,0
2/6/2009 16:20,213,0.1,0.1,24.7,67,29.4,0,58492,0,0
2/6/2009 16:30,213,0.1,0.1,25.4,66,29.4,0,58492,0,0
2/6/2009 16:40,213,0.1,0.1,27,63,29.4,0,58492,0,0
2/6/2009 16:50,213,0.1,0.1,27.7,60,29.4,0,58492,0,0
2/6/2009 17:00,213,0.1,0.1,27.2,60,29.4,0,58492,0,0
2/6/2009 17:10,213,0.1,0.1,29.3,56,29.4,0,58492,0,0
2/6/2009 17:20,213,0.1,0.1,30.4,52,29.4,0,58492,0,0
2/6/2009 17:30,213,0.1,0.1,30.8,51,29.4,0,58492,0,0
2/6/2009 17:40,213,0.1,0.1,31.7,49,29.4,0,58492,0,0
2/6/2009 17:50,213,0.1,0.1,32,48,29.4,0,58492,0,0
2/6/2009 18:00,213,0.1,0.1,32.3,48,29.4,0,58492,0,0
2/6/2009 18:10,213,0.1,0.1,32.5,47,29.4,0,58492,0,0
2/6/2009 18:20,213,0.1,0.1,32.7,47,29.4,0,58492,0,0
2/6/2009 18:30,213,0.1,0.1,33,47,29.4,0,58492,0,0
2/6/2009 18:40,213,0.1,0.1,33.4,46,29.4,0,58492,0,0
2/6/2009 18:50,213,0.1,0.1,33.2,46,29.4,0,58492,0,0
2/6/2009 19:00,213,0.1,0.1,32.9,46,29.4,0,58492,0,0
2/6/2009 19:10,213,0.1,0.1,32.9,47,29.4,0,58492,0,0
2/6/2009 19:20,213,0.1,0.1,33.2,47,29.4,0,58492,0,0
2/6/2009 19:30,213,0.1,0.1,33.6,46,29.4,0,58492,0,0
2/6/2009 19:40,213,0.1,0.1,33.8,46,29.4,0,58492,0,0
2/6/2009 19:50,213,0.1,0.1,33.9,46,29.4,0,58492,0,0
2/6/2009 20:00,213,0.1,0.1,34.3,46,29.4,0,58492,0,0
2/6/2009 20:10,213,0.1,0.1,34.7,46,29.3,0,58492,0,0
2/6/2009 20:20,213,0.1,0.1,34.5,46,29.3,0,58492,0,0
2/6/2009 20:30,213,0.1,0.1,34.8,47,29.3,0,58492,0,0
2/6/2009 20:40,213,0.1,0.1,35,47,29.3,0,58492,0,0
2/6/2009 20:50,213,0.1,0.1,35.4,47,29.3,0,58492,0,0
2/6/2009 21:00,213,0.1,0.1,35.6,47,29.3,0,58492,0,0
2/6/2009 21:10,213,0.1,0.1,35.9,47,29.3,0,58492,0,0
2/6/2009 21:20,213,0.1,0.1,36.1,47,29.3,0,58492,0,0
2/6/2009 21:30,213,0.1,0.1,36.1,48,29.3,0,58492,0,0
2/6/2009 21:40,213,0.1,0.1,36.5,48,29.3,0,58492,0,0
2/6/2009 21:50,213,0.1,0.1,36.5,48,29.3,0,58492,0,0
2/6/2009 22:00,213,0.1,0.1,36.3,48,29.3,0,58492,0,0
2/6/2009 22:10,213,0.1,0.1,36.3,48,29.3,0,58492,0,0
2/6/2009 22:20,213,0.1,0.1,36.5,49,29.3,0,58492,0,0
2/6/2009 22:30,213,0.1,0.1,37,49,29.3,0,58492,0,0
2/6/2009 22:40,213,0.1,0.1,37.4,49,29.3,0,58492,0,0
2/6/2009 22:50,213,0.1,0.1,37.7,49,29.3,0,58492,0,0
2/6/2009 23:00,213,0.1,0.1,37.5,49,29.3,0,58492,0,0
2/6/2009 23:10,213,0.1,0.1,37.5,49,29.3,0,58492,0,0
2/6/2009 23:20,213,0.1,0.1,37.9,49,29.3,0,58492,0,0
2/6/2009 23:30,213,0.1,0.1,38.4,49,29.3,0,58492,0,0
2/6/2009 23:40,213,0.1,0.1,38.6,49,29.3,0,58492,0,0
2/6/2009 23:50,213,0.1,0.1,38.8,49,29.3,0,58492,0,0
2/7/2009 0:00,213,0.1,0.1,38.8,50,29.3,0,58492,0,0
2/7/2009 0:10,213,0.1,0.1,39.2,50,29.3,0,58492,0,0
2/7/2009 0:20,213,0.1,0.1,39.5,50,29.3,0,58492,0,0
2/7/2009 0:30,213,0.1,0.1,40.1,50,29.3,0,58492,0,0
2/7/2009 0:40,213,0.1,0.1,40.2,50,29.3,0,58492,0,0
2/7/2009 0:50,213,0.1,0.1,40.6,50,29.3,0,58492,0,0
2/7/2009 1:00,213,0.1,0.1,40.8,50,29.3,0,58492,0,0
2/7/2009 1:10,213,0.1,0.1,41.3,50,29.3,0,58492,0,0
2/7/2009 1:20,213,0.1,0.1,41.5,50,29.3,0,58492,0,0
2/7/2009 1:30,213,0.1,0.1,41.7,50,29.3,0,58492,0,0
2/7/2009 1:40,213,0.1,0.1,42,51,29.3,0,58492,0,0
2/7/2009 1:50,213,0.1,0.1,42.2,51,29.3,0,58492,0,0
2/7/2009 2:00,213,0.1,0.1,42.6,53,29.3,0,58492,0,0
2/7/2009 2:10,213,0.1,0.1,42.9,53,29.3,0,58492,0,0
2/7/2009 2:20,213,0.1,0.1,42.8,54,29.3,0,58492,0,0
2/7/2009 2:30,213,0.1,0.1,42.2,56,29.3,0,58492,0,0
2/7/2009 2:40,213,0.1,0.1,42.6,57,29.2,0,58492,0,0
2/7/2009 2:50,213,0.1,0.1,42.6,58,29.2,0,58492,0,0
2/7/2009 3:00,213,0.1,0.1,42.2,59,29.2,0,58492,0,0
2/7/2009 3:10,213,0.1,0.1,42.6,60,29.2,0,58492,0,0
2/7/2009 3:20,213,0.1,0.1,42.4,61,29.2,0,58492,0,0
2/7/2009 3:30,213,0.1,0.1,43.1,61,29.2,0,58522,0,0
2/7/2009 3:40,213,0.1,0.1,42.9,61,29.2,0,58522,0,0
2/7/2009 3:50,213,0.1,0.1,43.7,61,29.2,0,58522,0,0
2/7/2009 4:00,213,0.1,0.1,43.8,62,29.2,0,58522,0,0
2/7/2009 4:10,213,0.1,0.1,44.2,62,29.2,0,58542,0,0
2/7/2009 4:20,213,0.1,0.1,44.4,62,29.2,0,58552,0,0
2/7/2009 4:30,213,0.1,0.1,44.7,63,29.2,0,58552,0,0
2/7/2009 4:40,213,0.1,0.1,44.9,63,29.2,0,58552,0,0
2/7/2009 4:50,213,0.1,0.1,45.1,63,29.2,0,58552,0,0
2/7/2009 5:00,213,0.1,0.1,45.1,63,29.2,0,58552,0,0
2/7/2009 5:10,213,0.1,0.1,45.6,63,29.2,0,58552,0,0
2/7/2009 5:20,213,0.1,0.1,46.2,63,29.2,0,58552,0,0
2/7/2009 5:30,213,0.1,0.1,47.3,63,29.2,0,58552,0,0
2/7/2009 5:40,213,0.1,0.1,47.8,61,29.2,0,58552,0,0
2/7/2009 5:50,213,0.1,0.1,48.3,61,29.2,0,58562,0,0
2/7/2009 6:00,213,0.1,0.1,48,60,29.2,0,58582,0,0
2/7/2009 6:10,213,0.1,0.1,48,60,29.2,0,58612,0,0
2/7/2009 6:20,213,0.1,0.1,48.2,60,29.2,0,58642,0,0
2/7/2009 6:30,213,0.1,0.1,48.5,59,29.1,0,58652,0,0
2/7/2009 6:40,213,0.1,0.1,48.9,59,29.2,0,58722,0,0
2/7/2009 6:50,213,0.1,0.1,49.4,58,29.1,0,58802,0,0
2/7/2009 7:00,213,0.1,0.1,49.2,58,29.1,0,58832,0,0
2/7/2009 7:10,213,0.1,0.1,48.9,59,29.1,0,58872,0,0
2/7/2009 7:20,213,0.1,0.1,48.9,59,29.1,0,58882,0,0
2/7/2009 7:30,213,0.1,0.1,48.9,60,29.1,0,58882,0,0
2/7/2009 7:40,213,0.1,0.1,49.2,59,29.1,0,58882,0,0
2/7/2009 7:50,213,0.1,0.1,49.6,59,29.1,0,58992,0,0
2/7/2009 8:00,213,0.1,0.1,49.8,58,29.1,0,59032,0,0
2/7/2009 8:10,213,0.1,0.1,49.8,58,29.1,0,59052,0,0
2/7/2009 8:20,213,0.1,0.1,50,57,29.1,0,59052,0,0
2/7/2009 8:30,213,0.1,0.1,50.3,58,29.1,0,59072,0,0
2/7/2009 8:40,213,0.1,0.1,50.1,57,29.1,0,59082,0,0
2/7/2009 8:50,213,0.1,0.1,50.3,57,29.1,0,59122,0,0
2/7/2009 9:00,213,0.1,0.1,50.3,58,29.1,0,59132,0,0
2/7/2009 9:10,213,0.1,0.1,50.5,57,29.1,0,59142,0,0
2/7/2009 9:20,213,0.1,0.1,50.7,57,29.1,0,59152,0,0
2/7/2009 9:30,213,0.1,0.1,50.7,57,29.1,0,59152,0,0
2/7/2009 9:40,213,0.1,0.1,51,57,29.1,0,59152,0,0
2/7/2009 9:50,213,0.1,0.1,51.2,56,29.1,0,59152,0,0
2/7/2009 10:00,213,0.1,0.1,51.2,56,29.1,0,59162,0,0
2/7/2009 10:10,213,0.1,0.1,51.2,57,29.1,0,59162,0,0
2/7/2009 10:20,213,0.1,0.1,51.4,57,29.1,0,59162,0,0
2/7/2009 10:30,213,0.1,0.1,51.6,57,29.1,0,59162,0,0
2/7/2009 10:40,213,0.1,0.1,51.6,57,29.1,0,59162,0,0
2/7/2009 10:50,213,0.1,0.1,51.8,57,29.1,0,59162,0,0
2/7/2009 11:00,213,0.1,0.1,51.8,57,29.1,0,59162,0,0
2/7/2009 11:10,213,0.1,0.1,51.9,57,29.1,0,59162,0,0
2/7/2009 11:20,213,0.1,0.1,51.8,58,29.1,0,59162,0,0
2/7/2009 11:30,213,0.1,0.1,51.6,58,29.1,0,59172,0,0
2/7/2009 11:40,213,0.1,0.1,51.6,58,29.1,0,59172,0,0
2/7/2009 11:50,213,0.1,0.1,51.4,59,29.1,0,59172,0,0
2/7/2009 12:00,213,0.1,0.1,51.4,59,29.1,0,59172,0,0
2/7/2009 12:10,213,0.1,0.1,51.2,59,29.1,0,59172,0,0
2/7/2009 12:20,213,0.1,0.1,51.2,59,29.1,0,59172,0,0
2/7/2009 12:30,213,0.1,0.1,51.2,60,29.1,0,59172,0,0
2/7/2009 12:40,213,0.1,0.1,51.2,60,29.1,0,59172,0,0
2/7/2009 12:50,213,0.1,0.1,51,60,29.1,0,59172,0,0
2/7/2009 13:00,213,0.1,0.1,51.2,60,29.1,0,59172,0,0
2/7/2009 13:10,213,0.1,0.1,51.2,60,29.1,0,59172,0,0
2/7/2009 13:20,213,0.1,0.1,51.2,61,29.1,0,59172,0,0
2/7/2009 13:30,213,0.1,0.1,51.2,61,29.1,0,59172,0,0
2/7/2009 13:40,213,0.1,0.1,51.4,62,29.1,0,59172,0,0
2/7/2009 13:50,213,0.1,0.1,51.2,63,29.1,0,59172,0,0
2/7/2009 14:00,213,0.1,0.1,51,63,29.1,0,59172,0,0
2/7/2009 14:10,213,0.1,0.1,51,64,29.1,0,59182,0,0
2/7/2009 14:20,213,0.1,0.1,51,64,29.1,0,59182,0,0
2/7/2009 14:30,213,0.1,0.1,50.9,65,29.1,0,59182,0,0
2/7/2009 14:40,213,0.1,0.1,51,65,29.1,0,59182,0,0
2/7/2009 14:50,213,0.1,0.1,50.9,66,29.1,0,59182,0,0
2/7/2009 15:00,213,0.1,0.1,50.7,66,29.1,0,59182,0,0
2/7/2009 15:10,213,0.1,0.1,50.5,67,29.1,0,59182,0,0
2/7/2009 15:20,213,0.1,0.1,50.3,68,29.1,0,59192,0,0
2/7/2009 15:30,213,0.1,0.1,50.3,68,29.1,0,59202,0,0
2/7/2009 15:40,213,0.1,0.1,50.3,68,29.1,0,59202,0,0
2/7/2009 15:50,213,0.1,0.1,50.1,69,29.1,0,59202,0,0
2/7/2009 16:00,213,0.1,0.1,50.1,69,29.1,0,59202,0,0
2/7/2009 16:10,213,0.1,0.1,50,70,29.1,0,59202,0,0
2/7/2009 16:20,213,0.1,0.1,50,70,29.1,0,59202,0,0
2/7/2009 16:30,213,0.1,0.1,49.8,70,29.1,0,59202,0,0
2/7/2009 16:40,213,0.1,0.1,49.8,71,29.1,0,59202,0,0
2/7/2009 16:50,213,0.1,0.1,49.6,72,29.1,0,59202,0,0
2/7/2009 17:00,213,0.1,0.1,49.6,72,29.1,0,59202,0,0
2/7/2009 17:10,213,0.1,0.1,49.4,72,29.1,0,59202,0,0
2/7/2009 17:20,213,0.1,0.1,49.4,73,29.1,0,59212,0,0
2/7/2009 17:30,213,0.1,0.1,49.2,74,29.1,0,59212,0,0
2/7/2009 17:40,213,0.1,0.1,49.2,74,29.1,0,59212,0,0
2/7/2009 17:50,213,0.1,0.1,49.4,74,29.1,0,59212,0,0
2/7/2009 18:00,213,0.1,0.1,49.4,75,29.1,0,59222,0,0
2/7/2009 18:10,213,0.1,0.1,49.4,75,29.1,0,59232,0,0
2/7/2009 18:20,213,0.1,0.1,49.6,75,29.1,0,59232,0,0
2/7/2009 18:30,213,0.1,0.1,49.6,75,29.1,0,59252,0,0
2/7/2009 18:40,213,0.1,0.1,49.6,76,29.1,0,59262,0,0
2/7/2009 18:50,213,0.1,0.1,49.8,75,29.1,0,59262,0,0
2/7/2009 19:00,213,0.1,0.1,49.6,76,29.1,0,59262,0,0
2/7/2009 19:10,213,0.1,0.1,49.6,76,29.1,0,59262,0,0
2/7/2009 19:20,213,0.1,0.1,49.8,76,29.1,0,59262,0,0
2/7/2009 19:30,213,0.1,0.1,49.8,76,29.1,0,59262,0,0
2/7/2009 19:40,213,0.1,0.1,49.8,76,29.1,0,59262,0,0
2/7/2009 19:50,213,0.1,0.1,49.8,76,29.1,0,59262,0,0
2/7/2009 20:00,213,0.1,0.1,49.6,77,29.1,0,59262,0,0
2/7/2009 20:10,213,0.1,0.1,49.6,77,29.1,0,59262,0,0
2/7/2009 20:20,213,0.1,0.1,49.6,77,29.1,0,59262,0,0
2/7/2009 20:30,213,0.1,0.1,49.6,77,29.1,0,59262,0,0
2/7/2009 20:40,213,0.1,0.1,49.6,78,29.1,0,59262,0,0
2/7/2009 20:50,213,0.1,0.1,49.8,77,29.1,0,59262,0,0
2/7/2009 21:00,213,0.1,0.1,49.8,77,29.1,0,59262,0,0
2/7/2009 21:10,213,0.1,0.1,50.3,76,29.1,0,59262,0,0
2/7/2009 21:20,213,0.1,0.1,50.9,76,29.1,0,59262,0,0
2/7/2009 21:30,213,0.1,0.1,51.2,75,29.1,0,59262,0,0
2/7/2009 21:40,213,0.1,0.1,51.2,75,29.1,0,59272,0,0
2/7/2009 21:50,213,0.1,0.1,50.7,75,29.1,0,59272,0,0
2/7/2009 22:00,213,0.1,0.1,50,77,29.1,0,59302,0,0
2/7/2009 22:10,213,0.1,0.1,50.1,76,29.1,0,59322,0,0
2/7/2009 22:20,213,0.1,0.1,49.1,78,29.1,0,59332,0,0
2/7/2009 22:30,213,0.1,0.1,48.2,79,29.1,0,59342,0,0
2/7/2009 22:40,213,0.1,0.1,48,80,29.1,0,59342,0,0
2/7/2009 22:50,213,0.1,0.1,47.1,82,29.1,0,59342,0,0
2/7/2009 23:00,213,0.1,0.1,46.2,84,29.1,0,59352,0,0
2/7/2009 23:10,213,0.1,0.1,46.5,82,29.1,0,59352,0,0
2/7/2009 23:20,213,0.1,0.1,45.1,84,29.1,0,59402,0,0
2/7/2009 23:30,213,0.1,0.1,44.7,85,29.1,0,59412,0,0
2/7/2009 23:40,213,0.1,0.1,44.7,85,29.1,0,59422,0,0
2/7/2009 23:50,213,0.1,0.1,43.5,86,29.1,0,59432,0,0
2/8/2009 0:00,213,0.1,0.1,41,86,29.2,0,59432,0,0
2/8/2009 0:10,213,0.1,0.1,41.3,90,29.2,0,59432,0,0
2/8/2009 0:20,213,0.1,0.1,41,90,29.2,0,59432,0,0
2/8/2009 0:30,213,0.1,0.1,40.4,90,29.2,0,59432,0,0
2/8/2009 0:40,213,0.1,0.1,40.1,91,29.2,0,59432,0,0
2/8/2009 0:50,213,0.1,0.1,39.7,91,29.2,0,59432,0,0
2/8/2009 1:00,213,0.1,0.1,39.7,92,29.2,0,59432,0,0
2/8/2009 1:10,213,0.1,0.1,39,92,29.2,0,59432,0,0
2/8/2009 1:20,213,0.1,0.1,38.4,92,29.2,0,59432,0,0
2/8/2009 1:30,213,0.1,0.1,37.2,92,29.2,0,59432,0,0
2/8/2009 1:40,213,0.1,0.1,36.6,93,29.2,0,59432,0,0
2/8/2009 1:50,213,0.1,0.1,36.6,93,29.2,0,59432,0,0
2/8/2009 2:00,213,0.1,0.1,37.2,93,29.2,0,59432,0,0
2/8/2009 2:10,213,0.1,0.1,37,93,29.2,0,59432,0,0
2/8/2009 2:20,213,0.1,0.1,36.5,93,29.2,0,59432,0,0
2/8/2009 2:30,213,0.1,0.1,36.1,94,29.2,0,59432,0,0
2/8/2009 2:40,213,0.1,0.1,35.7,94,29.2,0,59432,0,0
2/8/2009 2:50,213,0.1,0.1,35.4,94,29.2,0,59432,0,0
2/8/2009 3:00,213,0.1,0.1,35,94,29.2,0,59432,0,0
2/8/2009 3:10,213,0.1,0.1,34.7,94,29.2,0,59432,0,0
2/8/2009 3:20,213,0.1,0.1,34.5,94,29.2,0,59432,0,0
2/8/2009 3:30,213,0.1,0.1,34.3,94,29.2,0,59432,0,0
2/8/2009 3:40,213,0.1,0.1,34.3,94,29.2,0,59432,0,0
2/8/2009 3:50,213,0.1,0.1,34.5,94,29.3,0,59432,0,0
2/8/2009 4:00,213,0.1,0.1,34.5,94,29.3,0,59432,0,0
2/8/2009 4:10,213,0.1,0.1,34.3,94,29.3,0,59432,0,0
2/8/2009 4:20,213,0.1,0.1,35,93,29.3,0,59432,0,0
2/8/2009 4:30,213,0.1,0.1,35,91,29.3,0,59432,0,0
2/8/2009 4:40,213,0.1,0.1,34.8,89,29.3,0,59432,0,0
2/8/2009 4:50,213,0.1,0.1,35,88,29.3,0,59432,0,0
2/8/2009 5:00,213,0.1,0.1,34.8,88,29.3,0,59432,0,0
2/8/2009 5:10,213,0.1,0.1,34.7,88,29.3,0,59502,0,0
2/8/2009 5:20,213,0.1,0.1,34.8,88,29.3,0,59542,0,0
2/8/2009 5:30,213,0.1,0.1,34.7,88,29.3,0,59542,0,0
2/8/2009 5:40,213,0.1,0.1,34.7,87,29.3,0,59542,0,0
2/8/2009 5:50,213,0.1,0.1,34.7,87,29.3,0,59542,0,0
2/8/2009 6:00,213,0.1,0.1,34.5,87,29.3,0,59542,0,0
2/8/2009 6:10,213,0.1,0.1,34.5,87,29.3,0,59542,0,0
2/8/2009 6:20,213,0.1,0.1,34.5,86,29.3,0,59542,0,0
2/8/2009 6:30,213,0.1,0.1,34.1,86,29.4,0,59542,0,0
2/8/2009 6:40,213,0.1,0.1,33.9,86,29.4,0,59542,0,0
2/8/2009 6:50,213,0.1,0.1,33.9,86,29.4,0,59542,0,0
2/8/2009 7:00,213,0.1,0.1,34.1,85,29.4,0,59542,0,0
2/8/2009 7:10,213,0.1,0.1,34.1,84,29.4,0,59542,0,0
2/8/2009 7:20,213,0.1,0.1,33.9,85,29.4,0,59542,0,0
2/8/2009 7:30,213,0.1,0.1,33.6,84,29.4,0,59542,0,0
2/8/2009 7:40,213,0.1,0.1,33.8,83,29.4,0,59542,0,0
2/8/2009 7:50,213,0.1,0.1,33.8,83,29.4,0,59542,0,0
2/8/2009 8:00,213,0.1,0.1,33.9,79,29.4,0,59542,0,0
2/8/2009 8:10,213,0.1,0.1,34.5,73,29.4,0,59542,0,0
2/8/2009 8:20,213,0.1,0.1,34.3,76,29.4,0,59542,0,0
2/8/2009 8:30,213,0.1,0.1,33.9,78,29.4,0,59542,0,0
2/8/2009 8:40,213,0.1,0.1,33.8,79,29.4,0,59542,0,0
2/8/2009 8:50,213,0.1,0.1,33.6,80,29.4,0,59542,0,0
2/8/2009 9:00,213,0.1,0.1,33.2,76,29.4,0,59542,0,0
2/8/2009 9:10,213,0.1,0.1,33,76,29.4,0,59542,0,0
2/8/2009 9:20,213,0.1,0.1,33.2,76,29.4,0,59542,0,0
2/8/2009 9:30,213,0.1,0.1,33,77,29.4,0,59542,0,0
2/8/2009 9:40,213,0.1,0.1,32.9,78,29.5,0,59542,0,0
2/8/2009 9:50,213,0.1,0.1,32.5,78,29.5,0,59542,0,0
2/8/2009 10:00,213,0.1,0.1,32.5,77,29.5,0,59542,0,0
2/8/2009 10:10,213,0.1,0.1,32.7,76,29.5,0,59542,0,0
2/8/2009 10:20,213,0.1,0.1,32.5,77,29.5,0,59542,0,0
2/8/2009 10:30,213,0.1,0.1,32.7,76,29.5,0,59542,0,0
2/8/2009 10:40,213,0.1,0.1,32.7,75,29.5,0,59542,0,0
2/8/2009 10:50,213,0.1,0.1,32.5,75,29.5,0,59542,0,0
2/8/2009 11:00,213,0.1,0.1,32.5,74,29.5,0,59542,0,0
2/8/2009 11:10,213,0.1,0.1,32.3,73,29.5,0,59542,0,0
2/8/2009 11:20,213,0.1,0.1,32.3,75,29.5,0,59542,0,0
2/8/2009 11:30,213,0.1,0.1,32.3,73,29.5,0,59542,0,0
2/8/2009 11:40,213,0.1,0.1,32.3,73,29.5,0,59542,0,0
2/8/2009 11:50,213,0.1,0.1,32.9,74,29.5,0,59542,0,0
2/8/2009 12:00,213,0.1,0.1,32.9,74,29.5,0,59542,0,0
2/8/2009 12:10,213,0.1,0.1,32.7,75,29.5,0,59542,0,0
2/8/2009 12:20,213,0.1,0.1,32.5,76,29.4,0,59542,0,0
2/8/2009 12:30,213,0.1,0.1,32.7,74,29.4,0,59542,0,0
2/8/2009 12:40,213,0.1,0.1,32.7,74,29.4,0,59542,0,0
2/8/2009 12:50,213,0.1,0.1,32.1,75,29.4,0,59542,0,0
2/8/2009 13:00,213,0.1,0.1,32.1,75,29.4,0,59542,0,0
2/8/2009 13:10,213,0.1,0.1,32,75,29.4,0,59542,0,0
2/8/2009 13:20,213,0.1,0.1,32,74,29.4,0,59542,0,0
2/8/2009 13:30,213,0.1,0.1,32,75,29.4,0,59542,0,0
2/8/2009 13:40,213,0.1,0.1,32,76,29.4,0,59542,0,0
2/8/2009 13:50,213,0.1,0.1,32,76,29.5,0,59542,0,0
2/8/2009 14:00,213,0.1,0.1,31.9,77,29.5,0,59542,0,0
2/8/2009 14:10,213,0.1,0.1,31.9,77,29.5,0,59542,0,0
2/8/2009 14:20,213,0.1,0.1,31.9,77,29.5,0,59542,0,0
2/8/2009 14:30,213,0.1,0.1,31.7,77,29.5,0,59542,0,0
2/8/2009 14:40,213,0.1,0.1,31.7,77,29.5,0,59542,0,0
2/8/2009 14:50,213,0.1,0.1,31.7,77,29.5,0,59542,0,0
2/8/2009 15:00,213,0.1,0.1,31.5,79,29.5,0,59542,0,0
2/8/2009 15:10,213,0.1,0.1,31.3,79,29.5,0,59542,0,0
2/8/2009 15:20,213,0.1,0.1,31.1,80,29.5,0,59542,0,0
2/8/2009 15:30,213,0.1,0.1,31,81,29.5,0,59542,0,0
2/8/2009 15:40,213,0.1,0.1,30.8,81,29.5,0,59542,0,0
2/8/2009 15:50,213,0.1,0.1,30.6,81,29.5,0,59542,0,0
2/8/2009 16:00,213,0.1,0.1,30.6,79,29.5,0,59542,0,0
2/8/2009 16:10,213,0.1,0.1,30.6,77,29.5,0,59542,0,0
2/8/2009 16:20,213,0.1,0.1,30.4,76,29.5,0,59542,0,0
2/8/2009 16:30,213,0.1,0.1,30.4,74,29.5,0,59542,0,0
2/8/2009 16:40,213,0.1,0.1,30.4,75,29.5,0,59542,0,0
2/8/2009 16:50,213,0.1,0.1,30.2,75,29.5,0,59542,0,0
2/8/2009 17:00,213,0.1,0.1,30.2,75,29.5,0,59542,0,0
2/8/2009 17:10,213,0.1,0.1,30.2,75,29.5,0,59542,0,0
2/8/2009 17:20,213,0.1,0.1,30.2,74,29.5,0,59542,0,0
2/8/2009 17:30,213,0.1,0.1,30.2,74,29.5,0,59542,0,0
2/8/2009 17:40,213,0.1,0.1,30.1,73,29.5,0,59542,0,0
2/8/2009 17:50,213,0.1,0.1,30.1,74,29.5,0,59542,0,0
2/8/2009 18:00,213,0.1,0.1,29.9,74,29.5,0,59542,0,0
2/8/2009 18:10,213,0.1,0.1,29.9,74,29.5,0,59542,0,0
2/8/2009 18:20,213,0.1,0.1,29.9,73,29.5,0,59542,0,0
2/8/2009 18:30,213,0.1,0.1,29.9,73,29.5,0,59542,0,0
2/8/2009 18:40,213,0.1,0.1,29.9,73,29.5,0,59542,0,0
2/8/2009 18:50,213,0.1,0.1,29.7,73,29.5,0,59542,0,0
2/8/2009 19:00,213,0.1,0.1,29.7,73,29.5,0,59542,0,0
2/8/2009 19:10,213,0.1,0.1,29.7,73,29.5,0,59542,0,0
2/8/2009 19:20,213,0.1,0.1,29.5,73,29.5,0,59542,0,0
2/8/2009 19:30,213,0.1,0.1,29.7,73,29.5,0,59542,0,0
2/8/2009 19:40,213,0.1,0.1,29.9,73,29.5,0,59542,0,0
2/8/2009 19:50,213,0.1,0.1,29.9,72,29.5,0,59542,0,0
2/8/2009 20:00,213,0.1,0.1,29.9,72,29.5,0,59542,0,0
2/8/2009 20:10,213,0.1,0.1,29.9,72,29.5,0,59542,0,0
2/8/2009 20:20,213,0.1,0.1,29.9,72,29.5,0,59542,0,0
2/8/2009 20:30,213,0.1,0.1,30.1,72,29.5,0,59542,0,0
2/8/2009 20:40,213,0.1,0.1,30.4,72,29.5,0,59542,0,0
2/8/2009 20:50,213,0.1,0.1,30.4,72,29.5,0,59542,0,0
2/8/2009 21:00,213,0.1,0.1,30.2,73,29.5,0,59542,0,0
2/8/2009 21:10,213,0.1,0.1,30.6,73,29.5,0,59542,0,0
2/8/2009 21:20,213,0.1,0.1,31,73,29.5,0,59542,0,0
2/8/2009 21:30,213,0.1,0.1,31,74,29.5,0,59542,0,0
2/8/2009 21:40,213,0.1,0.1,31.1,75,29.5,0,59542,0,0
2/8/2009 21:50,213,0.1,0.1,31.5,74,29.5,0,59542,0,0
2/8/2009 22:00,213,0.1,0.1,31.3,75,29.5,0,59542,0,0
2/8/2009 22:10,213,0.1,0.1,31.1,76,29.5,0,59542,0,0
2/8/2009 22:20,213,0.1,0.1,31.3,76,29.5,0,59542,0,0
2/8/2009 22:30,213,0.1,0.1,31.5,76,29.5,0,59542,0,0
2/8/2009 22:40,213,0.1,0.1,31.7,77,29.5,0,59542,0,0
2/8/2009 22:50,213,0.1,0.1,31.7,77,29.5,0,59542,0,0
2/8/2009 23:00,213,0.1,0.1,31.5,78,29.5,0,59542,0,0
2/8/2009 23:10,213,0.1,0.1,31.7,78,29.5,0,59542,0,0
2/8/2009 23:20,213,0.1,0.1,31.9,78,29.5,0,59542,0,0
2/8/2009 23:30,213,0.1,0.1,31.7,78,29.5,0,59542,0,0
2/8/2009 23:40,213,0.1,0.1,31.7,79,29.5,0,59542,0,0
2/8/2009 23:50,213,0.1,0.1,31.7,80,29.5,0,59542,0,0
2/9/2009 0:00,213,0.1,0.1,31.9,79,29.5,0,59542,0,0
2/9/2009 0:10,213,0.1,0.1,31.9,80,29.5,0,59542,0,0
2/9/2009 0:20,213,0.1,0.1,32,80,29.5,0,59542,0,0
2/9/2009 0:30,213,0.1,0.1,32.1,80,29.5,0,59542,0,0
2/9/2009 0:40,213,0.1,0.1,32.3,80,29.5,0,59542,0,0
2/9/2009 0:50,213,0.1,0.1,32,80,29.5,0,59542,0,0
2/9/2009 1:00,213,0.1,0.1,32,81,29.5,0,59542,0,0
2/9/2009 1:10,213,0.1,0.1,32,81,29.5,0,59542,0,0
2/9/2009 1:20,213,0.1,0.1,31.9,82,29.5,0,59542,0,0
2/9/2009 1:30,213,0.1,0.1,31.9,82,29.5,0,59542,0,0
2/9/2009 1:40,213,0.1,0.1,31.9,82,29.5,0,59542,0,0
2/9/2009 1:50,213,0.1,0.1,31.7,83,29.5,0,59542,0,0
2/9/2009 2:00,213,0.1,0.1,31.7,83,29.5,0,59542,0,0
2/9/2009 2:10,213,0.1,0.1,31.5,83,29.5,0,59542,0,0
2/9/2009 2:20,213,0.1,0.1,31.1,84,29.5,0,59542,0,0
2/9/2009 2:30,213,0.1,0.1,31.1,84,29.5,0,59542,0,0
2/9/2009 2:40,213,0.1,0.1,31.3,84,29.5,0,59542,0,0
2/9/2009 2:50,213,0.1,0.1,31.3,84,29.5,0,59542,0,0
2/9/2009 3:00,213,0.1,0.1,31.1,84,29.5,0,59542,0,0
2/9/2009 3:10,213,0.1,0.1,31.1,84,29.5,0,59542,0,0
2/9/2009 3:20,213,0.1,0.1,31,85,29.5,0,59542,0,0
2/9/2009 3:30,213,0.1,0.1,30.8,85,29.5,0,59542,0,0
2/9/2009 3:40,213,0.1,0.1,31,85,29.5,0,59542,0,0
2/9/2009 3:50,213,0.1,0.1,30.6,85,29.5,0,59542,0,0
2/9/2009 4:00,213,0.1,0.1,30.6,85,29.5,0,59542,0,0
2/9/2009 4:10,213,0.1,0.1,30.6,85,29.5,0,59542,0,0
2/9/2009 4:20,213,0.1,0.1,30.2,85,29.5,0,59542,0,0
2/9/2009 4:30,213,0.1,0.1,29.9,86,29.5,0,59542,0,0
2/9/2009 4:40,213,0.1,0.1,29.5,86,29.5,0,59542,0,0
2/9/2009 4:50,213,0.1,0.1,29.5,86,29.5,0,59542,0,0
2/9/2009 5:00,213,0.1,0.1,29.2,86,29.5,0,59542,0,0
2/9/2009 5:10,213,0.1,0.1,29,86,29.5,0,59542,0,0
2/9/2009 5:20,213,0.1,0.1,28.8,86,29.5,0,59542,0,0
2/9/2009 5:30,213,0.1,0.1,28.6,86,29.5,0,59542,0,0
2/9/2009 5:40,213,0.1,0.1,28.4,86,29.5,0,59542,0,0
2/9/2009 5:50,213,0.1,0.1,28.4,86,29.5,0,59542,0,0
2/9/2009 6:00,213,0.1,0.1,28.6,86,29.5,0,59542,0,0
2/9/2009 6:10,213,0.1,0.1,28.8,86,29.5,0,59542,0,0
2/9/2009 6:20,213,0.1,0.1,29.2,85,29.5,0,59542,0,0
2/9/2009 6:30,213,0.1,0.1,29.5,84,29.5,0,59542,0,0
2/9/2009 6:40,213,0.1,0.1,29.9,84,29.5,0,59542,0,0
2/9/2009 6:50,213,0.1,0.1,30.4,84,29.5,0,59542,0,0
2/9/2009 7:00,213,0.1,0.1,30.8,84,29.5,0,59542,0,0
2/9/2009 7:10,213,0.1,0.1,31.5,83,29.5,0,59542,0,0
2/9/2009 7:20,213,0.1,0.1,32,83,29.5,0,59542,0,0
2/9/2009 7:30,213,0.1,0.1,32.1,83,29.5,0,59542,0,0
2/9/2009 7:40,213,0.1,0.1,32.3,83,29.5,0,59542,0,0
2/9/2009 7:50,213,0.1,0.1,31.7,85,29.5,0,59542,0,0
2/9/2009 8:00,213,0.1,0.1,31.3,86,29.5,0,59542,0,0
2/9/2009 8:10,213,0.1,0.1,31.7,85,29.5,0,59542,0,0
2/9/2009 8:20,213,0.1,0.1,32,84,29.5,0,59542,0,0
2/9/2009 8:30,213,0.1,0.1,32,82,29.5,0,59542,0,0
2/9/2009 8:40,213,0.1,0.1,32.3,82,29.5,0,59542,0,0
2/9/2009 8:50,213,0.1,0.1,32.9,79,29.5,0,59542,0,0
2/9/2009 9:00,213,0.1,0.1,33,78,29.5,0,59542,0,0
2/9/2009 9:10,213,0.1,0.1,33.4,78,29.5,0,59542,0,0
2/9/2009 9:20,213,0.1,0.1,34.5,76,29.5,0,59542,0,0
2/9/2009 9:30,213,0.1,0.1,33.8,77,29.5,0,59542,0,0
2/9/2009 9:40,213,0.1,0.1,34.8,73,29.5,0,59542,0,0
2/9/2009 9:50,213,0.1,0.1,34.7,73,29.5,0,59542,0,0
2/9/2009 10:00,213,0.1,0.1,34.8,72,29.5,0,59542,0,0
2/9/2009 10:10,213,0.1,0.1,34.7,73,29.5,0,59542,0,0
2/9/2009 10:20,213,0.1,0.1,35.2,72,29.5,0,59542,0,0
2/9/2009 10:30,213,0.1,0.1,35.2,72,29.5,0,59542,0,0
2/9/2009 10:40,213,0.1,0.1,35.7,72,29.5,0,59542,0,0
2/9/2009 10:50,213,0.1,0.1,35.9,71,29.5,0,59542,0,0
2/9/2009 11:00,213,0.1,0.1,35.4,72,29.5,0,59542,0,0
2/9/2009 11:10,213,0.1,0.1,36.1,70,29.5,0,59542,0,0
2/9/2009 11:20,213,0.1,0.1,36.3,69,29.5,0,59542,0,0
2/9/2009 11:30,213,0.1,0.1,37,67,29.5,0,59542,0,0
2/9/2009 11:40,213,0.1,0.1,37,66,29.5,0,59542,0,0
2/9/2009 11:50,213,0.1,0.1,37.2,65,29.5,0,59542,0,0
2/9/2009 12:00,213,0.1,0.1,37.2,64,29.5,0,59542,0,0
2/9/2009 12:10,213,0.1,0.1,38.1,62,29.5,0,59542,0,0
2/9/2009 12:20,213,0.1,0.1,37.9,62,29.5,0,59542,0,0
2/9/2009 12:30,213,0.1,0.1,37.7,62,29.5,0,59542,0,0
2/9/2009 12:40,213,0.1,0.1,38.1,62,29.5,0,59542,0,0
2/9/2009 12:50,213,0.1,0.1,37.7,63,29.5,0,59542,0,0
2/9/2009 13:00,213,0.1,0.1,37.9,64,29.5,0,59542,0,0
2/9/2009 13:10,213,0.1,0.1,38.1,62,29.5,0,59542,0,0
2/9/2009 13:20,213,0.1,0.1,38.1,62,29.5,0,59542,0,0
2/9/2009 13:30,213,0.1,0.1,38.4,62,29.5,0,59542,0,0
2/9/2009 13:40,213,0.1,0.1,38.6,62,29.5,0,59542,0,0
2/9/2009 13:50,213,0.1,0.1,38.6,61,29.5,0,59542,0,0
2/9/2009 14:00,213,0.1,0.1,38.8,60,29.5,0,59542,0,0
2/9/2009 14:10,213,0.1,0.1,39,59,29.5,0,59542,0,0
2/9/2009 14:20,213,0.1,0.1,39.2,59,29.5,0,59542,0,0
2/9/2009 14:30,213,0.1,0.1,39,60,29.5,0,59542,0,0
2/9/2009 14:40,213,0.1,0.1,39,60,29.5,0,59542,0,0
2/9/2009 14:50,213,0.1,0.1,39,60,29.5,0,59542,0,0
2/9/2009 15:00,213,0.1,0.1,38.3,63,29.5,0,59542,0,0
2/9/2009 15:10,213,0.1,0.1,37.2,65,29.4,0,59542,0,0
2/9/2009 15:20,213,0.1,0.1,34.8,74,29.4,0,59542,0,0
2/9/2009 15:30,213,0.1,0.1,34.1,78,29.4,0,59542,0,0
2/9/2009 15:40,213,0.1,0.1,34.7,76,29.4,0,59542,0,0
2/9/2009 15:50,213,0.1,0.1,33.9,78,29.4,0,59542,0,0
2/9/2009 16:00,213,0.1,0.1,33.8,79,29.4,0,59542,0,0
2/9/2009 16:10,213,0.1,0.1,33.6,80,29.4,0,59542,0,0
2/9/2009 16:20,213,0.1,0.1,34.1,78,29.4,0,59542,0,0
2/9/2009 16:30,213,0.1,0.1,34.5,77,29.4,0,59542,0,0
2/9/2009 16:40,213,0.1,0.1,33.8,80,29.4,0,59542,0,0
2/9/2009 16:50,213,0.1,0.1,34.3,79,29.4,0,59542,0,0
2/9/2009 17:00,213,0.1,0.1,32.9,84,29.4,0,59542,0,0
2/9/2009 17:10,213,0.1,0.1,32.9,84,29.4,0,59542,0,0
2/9/2009 17:20,213,0.1,0.1,33.8,81,29.4,0,59542,0,0
2/9/2009 17:30,213,0.1,0.1,33,82,29.4,0,59542,0,0
2/9/2009 17:40,213,0.1,0.1,34.3,77,29.4,0,59542,0,0
2/9/2009 17:50,213,0.1,0.1,35.7,71,29.4,0,59542,0,0
2/9/2009 18:00,213,0.1,0.1,37.9,60,29.4,0,59542,0,0
2/9/2009 18:10,213,0.1,0.1,38.6,57,29.4,0,59542,0,0
2/9/2009 18:20,213,0.1,0.1,39.2,54,29.4,0,59542,0,0
2/9/2009 18:30,213,0.1,0.1,39.5,53,29.4,0,59542,0,0
2/9/2009 18:40,213,0.1,0.1,39.5,53,29.4,0,59542,0,0
2/9/2009 18:50,213,0.1,0.1,39.9,51,29.4,0,59542,0,0
2/9/2009 19:00,213,0.1,0.1,39.9,50,29.3,0,59542,0,0
2/9/2009 19:10,213,0.1,0.1,40.1,50,29.3,0,59542,0,0
2/9/2009 19:20,213,0.1,0.1,40.2,49,29.3,0,59542,0,0
2/9/2009 19:30,213,0.1,0.1,40.4,48,29.3,0,59542,0,0
2/9/2009 19:40,213,0.1,0.1,40.6,49,29.3,0,59542,0,0
2/9/2009 19:50,213,0.1,0.1,40.8,49,29.3,0,59542,0,0
2/9/2009 20:00,213,0.1,0.1,41.1,49,29.3,0,59542,0,0
2/9/2009 20:10,213,0.1,0.1,41.5,48,29.3,0,59542,0,0
2/9/2009 20:20,213,0.1,0.1,41.7,48,29.3,0,59542,0,0
2/9/2009 20:30,213,0.1,0.1,41.9,48,29.3,0,59542,0,0
2/9/2009 20:40,213,0.1,0.1,42.4,47,29.3,0,59542,0,0
2/9/2009 20:50,213,0.1,0.1,42.4,46,29.3,0,59542,0,0
2/9/2009 21:00,213,0.1,0.1,42,46,29.3,0,59542,0,0
2/9/2009 21:10,213,0.1,0.1,42,44,29.3,0,59542,0,0
2/9/2009 21:20,213,0.1,0.1,41.9,44,29.3,0,59542,0,0
2/9/2009 21:30,213,0.1,0.1,41.9,44,29.3,0,59542,0,0
2/9/2009 21:40,213,0.1,0.1,41.7,45,29.3,0,59542,0,0
2/9/2009 21:50,213,0.1,0.1,41.7,45,29.3,0,59542,0,0
2/9/2009 22:00,213,0.1,0.1,41.5,45,29.3,0,59542,0,0
2/9/2009 22:10,213,0.1,0.1,41.5,46,29.3,0,59542,0,0
2/9/2009 22:20,213,0.1,0.1,41.7,46,29.3,0,59542,0,0
2/9/2009 22:30,213,0.1,0.1,42,46,29.3,0,59542,0,0
2/9/2009 22:40,213,0.1,0.1,42.4,45,29.3,0,59542,0,0
2/9/2009 22:50,213,0.1,0.1,42.6,45,29.3,0,59542,0,0
2/9/2009 23:00,213,0.1,0.1,42.8,46,29.3,0,59542,0,0
2/9/2009 23:10,213,0.1,0.1,42.9,46,29.2,0,59542,0,0
2/9/2009 23:20,213,0.1,0.1,43.3,45,29.2,0,59542,0,0
2/9/2009 23:30,213,0.1,0.1,43.1,45,29.2,0,59542,0,0
2/9/2009 23:40,213,0.1,0.1,42.9,45,29.2,0,59542,0,0
2/9/2009 23:50,213,0.1,0.1,43.3,44,29.2,0,59542,0,0
2/10/2009 0:00,213,0.1,0.1,43.7,44,29.2,0,59542,0,0
2/10/2009 0:10,213,0.1,0.1,43.8,44,29.2,0,59542,0,0
2/10/2009 0:20,213,0.1,0.1,44,43,29.2,0,59542,0,0
2/10/2009 0:30,213,0.1,0.1,44.2,43,29.2,0,59542,0,0
2/10/2009 0:40,213,0.1,0.1,44.4,43,29.2,0,59542,0,0
2/10/2009 0:50,213,0.1,0.1,44.6,43,29.2,0,59542,0,0
2/10/2009 1:00,213,0.1,0.1,44.6,43,29.2,0,59542,0,0
2/10/2009 1:10,213,0.1,0.1,44.6,43,29.2,0,59542,0,0
2/10/2009 1:20,213,0.1,0.1,44.9,43,29.2,0,59542,0,0
2/10/2009 1:30,213,0.1,0.1,45.5,42,29.2,0,59542,0,0
2/10/2009 1:40,213,0.1,0.1,45.5,42,29.2,0,59552,0,0
2/10/2009 1:50,213,0.1,0.1,45.1,43,29.2,0,59572,0,0
2/10/2009 2:00,213,0.1,0.1,44.9,44,29.2,0,59572,0,0
2/10/2009 2:10,213,0.1,0.1,45.1,45,29.2,0,59572,0,0
2/10/2009 2:20,213,0.1,0.1,45.6,45,29.2,0,59592,0,0
2/10/2009 2:30,213,0.1,0.1,45.8,47,29.2,0,59602,0,0
2/10/2009 2:40,213,0.1,0.1,45.5,48,29.2,0,59602,0,0
2/10/2009 2:50,213,0.1,0.1,45.8,49,29.2,0,59602,0,0
2/10/2009 3:00,213,0.1,0.1,45.6,50,29.2,0,59602,0,0
2/10/2009 3:10,213,0.1,0.1,46.7,51,29.2,0,59602,0,0
2/10/2009 3:20,213,0.1,0.1,48,51,29.2,0,59602,0,0
2/10/2009 3:30,213,0.1,0.1,48.2,51,29.2,0,59602,0,0
2/10/2009 3:40,213,0.1,0.1,48.3,52,29.2,0,59602,0,0
2/10/2009 3:50,213,0.1,0.1,49.1,52,29.2,0,59602,0,0
2/10/2009 4:00,213,0.1,0.1,49.1,52,29.2,0,59602,0,0
2/10/2009 4:10,213,0.1,0.1,48.7,55,29.2,0,59792,0,0
2/10/2009 4:20,213,0.1,0.1,47.3,58,29.2,0,60102,0.03,0.03
2/10/2009 4:30,213,0.1,0.1,45.8,65,29.2,0,60692,0.06,0.06
2/10/2009 4:40,213,0.1,0.1,44.2,71,29.2,0,61282,0.09,0.09
2/10/2009 4:50,213,0.1,0.1,44.2,75,29.2,0,61892,0.05,0.05
2/10/2009 5:00,213,0.1,0.1,44.6,78,29.2,0,62472,0.01,0.01
2/10/2009 5:10,213,0.1,0.1,44.7,79,29.2,0,62632,0,0
2/10/2009 5:20,213,0.1,0.1,44.9,80,29.2,0,62762,0.02,0.02
2/10/2009 5:30,213,0.1,0.1,44.9,80,29.2,0,63062,0,0
2/10/2009 5:40,213,0.1,0.1,44.9,83,29.2,0,63422,0.06,0.06
2/10/2009 5:50,213,0.1,0.1,44.7,85,29.2,0,63922,0,0
2/10/2009 6:00,213,0.1,0.1,45.1,86,29.2,0,63932,0,0
2/10/2009 6:10,213,0.1,0.1,46,85,29.1,0,63932,0,0
2/10/2009 6:20,213,0.1,0.1,46.5,85,29.2,0,63932,0,0
2/10/2009 6:30,213,0.1,0.1,47.3,83,29.2,0,63932,0,0
2/10/2009 6:40,213,0.1,0.1,47.4,82,29.2,0,63932,0,0
2/10/2009 6:50,213,0.1,0.1,47.8,82,29.2,0,63932,0,0
2/10/2009 7:00,213,0.1,0.1,48.3,81,29.2,0,63932,0,0
2/10/2009 7:10,213,0.1,0.1,48.3,81,29.2,0,63932,0,0
2/10/2009 7:20,213,0.1,0.1,48.9,81,29.2,0,63932,0,0
2/10/2009 7:30,213,0.1,0.1,49.8,80,29.2,0,63932,0,0
2/10/2009 7:40,213,0.1,0.1,50.1,79,29.2,0,63942,0,0
2/10/2009 7:50,213,0.1,0.1,50.5,79,29.2,0,63942,0,0
2/10/2009 8:00,213,0.1,0.1,50.7,79,29.1,0,63942,0,0
2/10/2009 8:10,213,0.1,0.1,50.9,78,29.1,0,63942,0,0
2/10/2009 8:20,213,0.1,0.1,51.4,77,29.1,0,63942,0,0
2/10/2009 8:30,213,0.1,0.1,51.9,76,29.1,0,63942,0,0
2/10/2009 8:40,213,0.1,0.1,52.5,76,29.1,0,63942,0,0
2/10/2009 8:50,213,0.1,0.1,53,75,29.1,0,63942,0,0
2/10/2009 9:00,213,0.1,0.1,53.2,74,29.1,0,63942,0,0
2/10/2009 9:10,213,0.1,0.1,54.1,73,29.1,0,63942,0,0
2/10/2009 9:20,213,0.1,0.1,53.9,73,29.1,0,63952,0,0
2/10/2009 9:30,213,0.1,0.1,53.7,74,29.1,0,63962,0,0
2/10/2009 9:40,213,0.1,0.1,53.6,74,29.1,0,63972,0,0
2/10/2009 9:50,213,0.1,0.1,53.4,74,29.1,0,63972,0,0
2/10/2009 10:00,213,0.1,0.1,53.7,73,29.1,0,63982,0,0
2/10/2009 10:10,213,0.1,0.1,54.3,72,29.1,0,63982,0,0
2/10/2009 10:20,213,0.1,0.1,54.6,71,29.1,0,63982,0,0
2/10/2009 10:30,213,0.1,0.1,54.6,71,29.1,0,63982,0,0
2/10/2009 10:40,213,0.1,0.1,54.6,71,29.1,0,63992,0,0
2/10/2009 10:50,213,0.1,0.1,54.6,71,29.1,0,64002,0,0
2/10/2009 11:00,213,0.1,0.1,55,71,29.1,0,64002,0,0
2/10/2009 11:10,213,0.1,0.1,55.4,70,29.1,0,64002,0,0
2/10/2009 11:20,213,0.1,0.1,55.7,69,29.1,0,64002,0,0
2/10/2009 11:30,213,0.1,0.1,55.7,69,29.1,0,64002,0,0
2/10/2009 11:40,213,0.1,0.1,55.9,69,29.1,0,64002,0,0
2/10/2009 11:50,213,0.1,0.1,55.9,69,29.1,0,64002,0,0
2/10/2009 12:00,213,0.1,0.1,55.7,69,29.1,0,64002,0,0
2/10/2009 12:10,213,0.1,0.1,55.5,70,29.1,0,64002,0,0
2/10/2009 12:20,213,0.1,0.1,55.5,69,29.1,0,64002,0,0
2/10/2009 12:30,213,0.1,0.1,55.5,70,29.1,0,64002,0,0
2/10/2009 12:40,213,0.1,0.1,55.5,70,29.1,0,64002,0,0
2/10/2009 12:50,213,0.1,0.1,55.5,69,29.1,0,64002,0,0
2/10/2009 13:00,213,0.1,0.1,55.7,69,29.1,0,64002,0,0
2/10/2009 13:10,213,0.1,0.1,55.9,68,29.1,0,64002,0,0
2/10/2009 13:20,213,0.1,0.1,55.9,68,29.1,0,64002,0,0
2/10/2009 13:30,213,0.1,0.1,55.9,68,29.1,0,64002,0,0
2/10/2009 13:40,213,0.1,0.1,55.9,68,29.1,0,64002,0,0
2/10/2009 13:50,213,0.1,0.1,55.9,68,29.1,0,64002,0,0
2/10/2009 14:00,213,0.1,0.1,55.9,68,29.1,0,64002,0,0
2/10/2009 14:10,213,0.1,0.1,55.7,69,29.1,0,64002,0,0
2/10/2009 14:20,213,0.1,0.1,55.5,69,29.1,0,64002,0,0
2/10/2009 14:30,213,0.1,0.1,55.4,70,29.1,0,64002,0,0
2/10/2009 14:40,213,0.1,0.1,55.2,70,29.1,0,64002,0,0
2/10/2009 14:50,213,0.1,0.1,55,70,29.1,0,64002,0,0
2/10/2009 15:00,213,0.1,0.1,54.6,71,29.1,0,64002,0,0
2/10/2009 15:10,213,0.1,0.1,54.3,72,29.1,0,64002,0,0
2/10/2009 15:20,213,0.1,0.1,53.9,72,29.1,0,64002,0,0
2/10/2009 15:30,213,0.1,0.1,53.9,73,29.1,0,64002,0,0
2/10/2009 15:40,213,0.1,0.1,53.6,73,29.1,0,64002,0,0
2/10/2009 15:50,213,0.1,0.1,53.4,73,29.1,0,64002,0,0
2/10/2009 16:00,213,0.1,0.1,53.4,73,29.1,0,64002,0,0
2/10/2009 16:10,213,0.1,0.1,53.4,73,29.1,0,64002,0,0
2/10/2009 16:20,213,0.1,0.1,53.2,73,29.1,0,64002,0,0
2/10/2009 16:30,213,0.1,0.1,53.2,73,29.1,0,64002,0,0
2/10/2009 16:40,213,0.1,0.1,53.2,73,29.1,0,64002,0,0
2/10/2009 16:50,213,0.1,0.1,53,74,29.1,0,64002,0,0
2/10/2009 17:00,213,0.1,0.1,53,74,29.1,0,64002,0,0
2/10/2009 17:10,213,0.1,0.1,53,74,29.1,0,64002,0,0
2/10/2009 17:20,213,0.1,0.1,53,74,29.1,0,64002,0,0
2/10/2009 17:30,213,0.1,0.1,53,74,29.1,0,64002,0,0
2/10/2009 17:40,213,0.1,0.1,52.8,75,29.1,0,64012,0,0
2/10/2009 17:50,213,0.1,0.1,53,75,29.1,0,64012,0,0
2/10/2009 18:00,213,0.1,0.1,53,75,29.1,0,64012,0,0
2/10/2009 18:10,213,0.1,0.1,52.8,75,29.1,0,64012,0,0
2/10/2009 18:20,213,0.1,0.1,52.7,76,29.1,0,64012,0,0
2/10/2009 18:30,213,0.1,0.1,52.8,76,29.1,0,64012,0,0
2/10/2009 18:40,213,0.1,0.1,52.7,76,29.1,0,64012,0,0
2/10/2009 18:50,213,0.1,0.1,52.8,76,29.1,0,64012,0,0
2/10/2009 19:00,213,0.1,0.1,52.7,77,29.1,0,64012,0,0
2/10/2009 19:10,213,0.1,0.1,52.8,77,29.1,0,64012,0,0
2/10/2009 19:20,213,0.1,0.1,52.7,77,29.1,0,64012,0,0
2/10/2009 19:30,213,0.1,0.1,52.5,78,29.1,0,64012,0,0
2/10/2009 19:40,213,0.1,0.1,52.3,78,29.1,0,64012,0,0
2/10/2009 19:50,213,0.1,0.1,52.3,78,29.1,0,64012,0,0
2/10/2009 20:00,213,0.1,0.1,52.5,78,29.1,0,64012,0,0
2/10/2009 20:10,213,0.1,0.1,52.1,78,29.1,0,64012,0,0
2/10/2009 20:20,213,0.1,0.1,52.1,79,29.1,0,64012,0,0
2/10/2009 20:30,213,0.1,0.1,52.5,78,29.1,0,64012,0,0
2/10/2009 20:40,213,0.1,0.1,52.5,78,29.1,0,64012,0,0
2/10/2009 20:50,213,0.1,0.1,52.5,78,29.1,0,64012,0,0
2/10/2009 21:00,213,0.1,0.1,52.7,78,29.1,0,64012,0,0
2/10/2009 21:10,213,0.1,0.1,52.7,78,29.1,0,64012,0,0
2/10/2009 21:20,213,0.1,0.1,52.7,78,29.1,0,64012,0,0
2/10/2009 21:30,213,0.1,0.1,52.7,78,29.1,0,64012,0,0
2/10/2009 21:40,213,0.1,0.1,52.7,78,29.1,0,64012,0,0
2/10/2009 21:50,213,0.1,0.1,52.8,78,29.1,0,64012,0,0
2/10/2009 22:00,213,0.1,0.1,52.8,78,29.1,0,64012,0,0
2/10/2009 22:10,213,0.1,0.1,52.7,79,29.1,0,64012,0,0
2/10/2009 22:20,213,0.1,0.1,52.5,79,29.1,0,64012,0,0
2/10/2009 22:30,213,0.1,0.1,52.3,80,29.1,0,64012,0,0
2/10/2009 22:40,213,0.1,0.1,51.8,81,29.1,0,64012,0,0
2/10/2009 22:50,213,0.1,0.1,51.8,81,29.1,0,64012,0,0
2/10/2009 23:00,213,0.1,0.1,51.8,82,29.1,0,64012,0,0
2/10/2009 23:10,213,0.1,0.1,51.8,82,29.1,0,64012,0,0
2/10/2009 23:20,213,0.1,0.1,51.9,82,29.1,0,64012,0,0
2/10/2009 23:30,213,0.1,0.1,52.1,82,29.1,0,64012,0,0
2/10/2009 23:40,213,0.1,0.1,52.5,82,29.1,0,64012,0,0
2/10/2009 23:50,213,0.1,0.1,52.7,82,29.1,0,64012,0,0
2/11/2009 0:00,213,0.1,0.1,52.7,82,29.1,0,64012,0,0
2/11/2009 0:10,213,0.1,0.1,52.5,82,29.1,0,64012,0,0
2/11/2009 0:20,213,0.1,0.1,52.7,82,29.1,0,64012,0,0
2/11/2009 0:30,213,0.1,0.1,52.7,83,29.1,0,64012,0,0
2/11/2009 0:40,213,0.1,0.1,53,83,29.1,0,64012,0,0
2/11/2009 0:50,213,0.1,0.1,53,84,29.1,0,64012,0,0
2/11/2009 1:00,213,0.1,0.1,53,84,29.1,0,64012,0,0
2/11/2009 1:10,213,0.1,0.1,53,84,29.1,0,64012,0,0
2/11/2009 1:20,213,0.1,0.1,53,84,29.1,0,64012,0,0
2/11/2009 1:30,213,0.1,0.1,53,84,29.1,0,64012,0,0
2/11/2009 1:40,213,0.1,0.1,53.2,85,29.1,0,64012,0,0
2/11/2009 1:50,213,0.1,0.1,53.4,85,29.1,0,64012,0,0
2/11/2009 2:00,213,0.1,0.1,53.4,85,29.1,0,64012,0,0
2/11/2009 2:10,213,0.1,0.1,53.6,85,29.1,0,64012,0,0
2/11/2009 2:20,213,0.1,0.1,53.6,85,29.1,0,64012,0,0
2/11/2009 2:30,213,0.1,0.1,53.7,85,29.1,0,64012,0,0
2/11/2009 2:40,213,0.1,0.1,53.7,85,29.1,0,64012,0,0
2/11/2009 2:50,213,0.1,0.1,53.6,85,29.1,0,64012,0,0
2/11/2009 3:00,213,0.1,0.1,53.6,85,29.1,0,64012,0,0
2/11/2009 3:10,213,0.1,0.1,53.6,85,29.1,0,64012,0,0
2/11/2009 3:20,213,0.1,0.1,53.4,85,29.1,0,64012,0,0
2/11/2009 3:30,213,0.1,0.1,53.2,86,29,0,64012,0,0
2/11/2009 3:40,213,0.1,0.1,53,86,29,0,64012,0,0
2/11/2009 3:50,213,0.1,0.1,53,86,29,0,64012,0,0
2/11/2009 4:00,213,0.1,0.1,52.8,86,29,0,64012,0,0
2/11/2009 4:10,213,0.1,0.1,52.7,86,29,0,64012,0,0
2/11/2009 4:20,213,0.1,0.1,52.7,86,29,0,64012,0,0
2/11/2009 4:30,213,0.1,0.1,52.7,86,29,0,64012,0,0
2/11/2009 4:40,213,0.1,0.1,52.8,85,29,0,64012,0,0
2/11/2009 4:50,213,0.1,0.1,52.8,85,29,0,64012,0,0
2/11/2009 5:00,213,0.1,0.1,53.2,84,29,0,64012,0,0
2/11/2009 5:10,213,0.1,0.1,53.4,84,29,0,64152,0,0
2/11/2009 5:20,213,0.1,0.1,53.6,83,29,0,64152,0,0
2/11/2009 5:30,213,0.1,0.1,53.6,83,29,0,64152,0,0
2/11/2009 5:40,213,0.1,0.1,53.4,83,29,0,64152,0,0
2/11/2009 5:50,213,0.1,0.1,53.4,83,29,0,64152,0,0
2/11/2009 6:00,213,0.1,0.1,53.6,83,29,0,64152,0,0
2/11/2009 6:10,213,0.1,0.1,53.7,82,29,0,64152,0,0
2/11/2009 6:20,213,0.1,0.1,53.7,82,29,0,64152,0,0
2/11/2009 6:30,213,0.1,0.1,53.9,82,29,0,64192,0,0
2/11/2009 6:40,213,0.1,0.1,53.9,82,29,0,64312,0,0
2/11/2009 6:50,213,0.1,0.1,53.4,84,29,0,64662,0.01,0.01
2/11/2009 7:00,213,0.1,0.1,53.7,83,29,0,64722,0,0
2/11/2009 7:10,213,0.1,0.1,53.7,83,29,0,64932,0.22,0.22
2/11/2009 7:20,213,0.1,0.1,53,85,29,0,6,0.11,0.11
2/11/2009 7:30,213,0.1,0.1,52.7,86,29,0,596,0.05,0.05
2/11/2009 7:40,213,0.1,0.1,52.5,87,29,0,1196,0.14,0.14
2/11/2009 7:50,213,0.1,0.1,52.7,87,29,0,1806,0.02,0.02
2/11/2009 8:00,213,0.1,0.1,52.8,88,29,0,2386,0.03,0.03
2/11/2009 8:10,213,0.1,0.1,52.8,88,29,0,2986,0.07,0.07
2/11/2009 8:20,213,0.1,0.1,52.7,88,28.9,0,3596,0.1,0.1
2/11/2009 8:30,213,0.1,0.1,52.5,87,28.9,0,4196,0.08,0.08
2/11/2009 8:40,213,0.1,0.1,52.5,88,28.9,0,4786,0.19,0.19
2/11/2009 8:50,213,0.1,0.1,52.8,87,28.9,0,5396,0.12,0.12
2/11/2009 9:00,213,0.1,0.1,53.2,85,28.9,0,5846,0.01,0.01
2/11/2009 9:10,213,0.1,0.1,53.2,85,28.9,0,6316,0.01,0.01
2/11/2009 9:20,213,0.1,0.1,53.4,84,28.9,0,6836,0.01,0.01
2/11/2009 9:30,213,0.1,0.1,53.4,84,28.9,0,7386,0.05,0.05
2/11/2009 9:40,213,0.1,0.1,53.4,85,28.9,0,7976,0.03,0.03
2/11/2009 9:50,213,0.1,0.1,52.8,86,28.9,0,8576,0.03,0.03
2/11/2009 10:00,213,0.1,0.1,53,84,28.9,0,8786,0,0
2/11/2009 10:10,213,0.1,0.1,53.2,83,28.8,0,8786,0,0
2/11/2009 10:20,213,0.1,0.1,53.4,82,28.8,0,8786,0,0
2/11/2009 10:30,213,0.1,0.1,53.9,80,28.8,0,8786,0,0
2/11/2009 10:40,213,0.1,0.1,54.5,77,28.8,0,8786,0,0
2/11/2009 10:50,213,0.1,0.1,55.5,73,28.8,0,8886,0,0
2/11/2009 11:00,213,0.1,0.1,55.7,72,28.8,0,9266,0.01,0.01
2/11/2009 11:10,213,0.1,0.1,55.5,73,28.8,0,9486,0,0
2/11/2009 11:20,213,0.1,0.1,55.5,73,28.8,0,9506,0,0
2/11/2009 11:30,213,0.1,0.1,55.4,73,28.8,0,9506,0,0
2/11/2009 11:40,213,0.1,0.1,56.1,71,28.8,0,9506,0,0
2/11/2009 11:50,213,0.1,0.1,56.3,70,28.8,0,9506,0,0
2/11/2009 12:00,213,0.1,0.1,57,68,28.8,0,9506,0,0
2/11/2009 12:10,213,0.1,0.1,57.2,67,28.8,0,9506,0,0
2/11/2009 12:20,213,0.1,0.1,57.3,66,28.8,0,9506,0,0
2/11/2009 12:30,213,0.1,0.1,57.5,66,28.8,0,9506,0,0
2/11/2009 12:40,213,0.1,0.1,57.7,65,28.8,0,9506,0,0
2/11/2009 12:50,213,0.1,0.1,57.7,65,28.7,0,9506,0,0
2/11/2009 13:00,213,0.1,0.1,58.1,64,28.7,0,9506,0,0
2/11/2009 13:10,213,0.1,0.1,58.2,63,28.7,0,9506,0,0
2/11/2009 13:20,213,0.1,0.1,58.8,63,28.7,0,9506,0,0
2/11/2009 13:30,213,0.1,0.1,58.8,62,28.7,0,9506,0,0
2/11/2009 13:40,213,0.1,0.1,58.8,62,28.7,0,9506,0,0
2/11/2009 13:50,213,0.1,0.1,59.3,61,28.7,0,9506,0,0
2/11/2009 14:00,213,0.1,0.1,59.7,61,28.7,0,9506,0,0
2/11/2009 14:10,213,0.1,0.1,60,60,28.7,0,9506,0,0
2/11/2009 14:20,213,0.1,0.1,60.4,59,28.7,0,9506,0,0
2/11/2009 14:30,213,0.1,0.1,60.4,59,28.7,0,9506,0,0
2/11/2009 14:40,213,0.1,0.1,60.2,60,28.7,0,9506,0,0
2/11/2009 14:50,213,0.1,0.1,60,60,28.6,0,9506,0,0
2/11/2009 15:00,213,0.1,0.1,60,60,28.6,0,9506,0,0
2/11/2009 15:10,213,0.1,0.1,60.4,59,28.6,0,9506,0,0
2/11/2009 15:20,213,0.1,0.1,60.2,59,28.6,0,9506,0,0
2/11/2009 15:30,213,0.1,0.1,60,59,28.6,0,9506,0,0
2/11/2009 15:40,213,0.1,0.1,60,58,28.6,0,9506,0,0
2/11/2009 15:50,213,0.1,0.1,59.9,59,28.6,0,9506,0,0
2/11/2009 16:00,213,0.1,0.1,59.5,59,28.6,0,9506,0,0
2/11/2009 16:10,213,0.1,0.1,59.7,59,28.6,0,9506,0,0
2/11/2009 16:20,213,0.1,0.1,59.7,59,28.6,0,9736,0.05,0.05
2/11/2009 16:30,213,0.1,0.1,57.9,66,28.6,0,10256,0.01,0.01
2/11/2009 16:40,213,0.1,0.1,57,69,28.6,0,10856,0.09,0.09
2/11/2009 16:50,213,0.1,0.1,56.8,71,28.5,0,11456,0.27,0.27
2/11/2009 17:00,213,0.1,0.1,55.9,74,28.5,0,12026,0.02,0.02
2/11/2009 17:10,213,0.1,0.1,56.3,73,28.5,0,12256,0,0
2/11/2009 17:20,213,0.1,0.1,56.3,73,28.5,0,12766,0.34,0.34
2/11/2009 17:30,213,0.1,0.1,55.9,74,28.5,0,13346,0.07,0.07
2/11/2009 17:40,213,0.1,0.1,55.7,75,28.5,0,13926,0.02,0.02
2/11/2009 17:50,213,0.1,0.1,55.5,76,28.5,0,14456,0,0
2/11/2009 18:00,213,0.1,0.1,56.1,75,28.5,0,14906,0.04,0.04
2/11/2009 18:10,213,0.1,0.1,56.1,75,28.5,0,15466,0.11,0.11
2/11/2009 18:20,213,0.1,0.1,54.8,80,28.5,0,16076,0.09,0.09
2/11/2009 18:30,213,0.1,0.1,54.3,83,28.5,0,16666,0.28,0.28
2/11/2009 18:40,213,0.1,0.1,54.1,84,28.5,0,17276,0.19,0.19
2/11/2009 18:50,213,0.1,0.1,54.1,84,28.5,0,17866,0.07,0.07
2/11/2009 19:00,213,0.1,0.1,54.1,80,28.5,0,18036,0,0
2/11/2009 19:10,213,0.1,0.1,53.9,74,28.5,0,18076,0,0
2/11/2009 19:20,213,0.1,0.1,53.2,73,28.5,0,18076,0,0
2/11/2009 19:30,213,0.1,0.1,53.2,72,28.5,0,18076,0,0
2/11/2009 19:40,213,0.1,0.1,53,69,28.5,0,18096,0,0
2/11/2009 19:50,213,0.1,0.1,52.7,69,28.5,0,18116,0,0
2/11/2009 20:00,213,0.1,0.1,52.3,70,28.4,0,18126,0,0
2/11/2009 20:10,213,0.1,0.1,52.3,68,28.5,0,18156,0,0
2/11/2009 20:20,213,0.1,0.1,52.3,67,28.4,0,18176,0,0
2/11/2009 20:30,213,0.1,0.1,52.1,66,28.4,0,18176,0,0
2/11/2009 20:40,213,0.1,0.1,52.1,65,28.4,0,18176,0,0
2/11/2009 20:50,213,0.1,0.1,51.9,63,28.4,0,18176,0,0
2/11/2009 21:00,213,0.1,0.1,51.8,63,28.4,0,18176,0,0
2/11/2009 21:10,213,0.1,0.1,51.6,63,28.4,0,18176,0,0
2/11/2009 21:20,213,0.1,0.1,51.4,62,28.4,0,18176,0,0
2/11/2009 21:30,213,0.1,0.1,51.6,61,28.4,0,18176,0,0
2/11/2009 21:40,213,0.1,0.1,51.4,62,28.4,0,18176,0,0
2/11/2009 21:50,213,0.1,0.1,51.4,62,28.4,0,18176,0,0
2/11/2009 22:00,213,0.1,0.1,51.4,62,28.4,0,18176,0,0
2/11/2009 22:10,213,0.1,0.1,51.2,63,28.4,0,18186,0,0
2/11/2009 22:20,213,0.1,0.1,51,63,28.4,0,18186,0,0
2/11/2009 22:30,213,0.1,0.1,51,64,28.4,0,18346,0.03,0.03
2/11/2009 22:40,213,0.1,0.1,50.1,70,28.4,0,18676,0,0
2/11/2009 22:50,213,0.1,0.1,49.1,75,28.4,0,19086,0.05,0.05
2/11/2009 23:00,213,0.1,0.1,48.5,78,28.4,0,19636,0.02,0.02
2/11/2009 23:10,213,0.1,0.1,48,80,28.4,0,20236,0.02,0.02
2/11/2009 23:20,213,0.1,0.1,47.6,83,28.4,0,20796,0.04,0.04
2/11/2009 23:30,213,0.1,0.1,47.4,83,28.4,0,21396,0.1,0.1
2/11/2009 23:40,213,0.1,0.1,47.1,80,28.4,0,21976,0.1,0.1
2/11/2009 23:50,213,0.1,0.1,44.2,82,28.4,0,22586,0.19,0.19
2/12/2009 0:00,213,0.1,0.1,44.4,87,28.4,0,23176,0.15,0.15
2/12/2009 0:10,213,0.1,0.1,44.4,87,28.4,0,23786,0.49,0.49
2/12/2009 0:20,213,0.1,0.1,41.1,85,28.4,0,24366,0.51,0.51
2/12/2009 0:30,213,0.1,0.1,39.2,84,28.4,0,24936,0.07,0.07
2/12/2009 0:40,213,0.1,0.1,38.6,85,28.4,0,25496,0.13,0.13
2/12/2009 0:50,213,0.1,0.1,38.6,84,28.4,0,26096,0.54,0.54
2/12/2009 1:00,213,0.1,0.1,38.8,83,28.5,0,26686,0.16,0.16
2/12/2009 1:10,213,0.1,0.1,37.5,83,28.5,0,27296,0.66,0.66
2/12/2009 1:20,213,0.1,0.1,35.4,87,28.5,0,27886,0.54,0.54
2/12/2009 1:30,213,0.1,0.1,34.5,89,28.5,0,28496,0.78,0.78
2/12/2009 1:40,213,0.1,0.1,35,90,28.5,0,29086,0.77,0.77
2/12/2009 1:50,213,0.1,0.1,34.7,91,28.5,0,29696,0.29,0.29
2/12/2009 2:00,213,0.1,0.1,34.5,91,28.5,0,30296,0.42,0.42
2/12/2009 2:10,213,0.1,0.1,34.8,92,28.5,0,30896,0.45,0.45
2/12/2009 2:20,213,0.1,0.1,34.8,91,28.5,0,31486,0.32,0.32
2/12/2009 2:30,213,0.1,0.1,34.8,91,28.5,0,32096,0.44,0.44
2/12/2009 2:40,213,0.1,0.1,34.8,91,28.6,0,32686,0.27,0.27
2/12/2009 2:50,213,0.1,0.1,35,91,28.5,0,33296,0.69,0.69
2/12/2009 3:00,213,0.1,0.1,34.8,91,28.6,0,33896,0.49,0.49
2/12/2009 3:10,213,0.1,0.1,34.7,91,28.6,0,34496,0.2,0.2
2/12/2009 3:20,213,0.1,0.1,34.5,92,28.6,0,35076,0.05,0.05
2/12/2009 3:30,213,0.1,0.1,34.5,92,28.6,0,35676,0.12,0.12
2/12/2009 3:40,213,0.1,0.1,34.5,91,28.6,0,36276,0.12,0.12
2/12/2009 3:50,213,0.1,0.1,34.5,91,28.6,0,36876,0.29,0.29
2/12/2009 4:00,213,0.1,0.1,34.5,91,28.6,0,37476,0.36,0.36
2/12/2009 4:10,213,0.1,0.1,34.8,90,28.7,0,38066,0.23,0.23
2/12/2009 4:20,213,0.1,0.1,34.7,90,28.7,0,38646,0.28,0.28
2/12/2009 4:30,213,0.1,0.1,34.5,91,28.7,0,39226,0.21,0.21
2/12/2009 4:40,213,0.1,0.1,34.1,91,28.7,0,39806,0.21,0.21
2/12/2009 4:50,213,0.1,0.1,34.1,91,28.7,0,40406,0.04,0.04
2/12/2009 5:00,213,0.1,0.1,34.1,91,28.7,0,40996,0.06,0.06
2/12/2009 5:10,213,0.1,0.1,34.5,91,28.7,0,41576,0.11,0.11
2/12/2009 5:20,213,0.1,0.1,34.5,90,28.7,0,42156,0.06,0.06
2/12/2009 5:30,213,0.1,0.1,34.7,90,28.8,0,42646,0.07,0.07
2/12/2009 5:40,213,0.1,0.1,34.5,90,28.8,0,42956,0.02,0.02
2/12/2009 5:50,213,0.1,0.1,34.7,89,28.8,0,43426,0.07,0.07
2/12/2009 6:00,213,0.1,0.1,34.7,89,28.8,0,43836,0.01,0.01
2/12/2009 6:10,213,0.1,0.1,34.7,88,28.8,0,44206,0,0
2/12/2009 6:20,213,0.1,0.1,34.7,88,28.8,0,44616,0.04,0.04
2/12/2009 6:30,213,0.1,0.1,34.8,88,28.8,0,44926,0,0
2/12/2009 6:40,213,0.1,0.1,34.8,87,28.8,0,45216,0.01,0.01
2/12/2009 6:50,213,0.1,0.1,35,87,28.8,0,45616,0.02,0.02
2/12/2009 7:00,213,0.1,0.1,35,87,28.8,0,45986,0.04,0.04
2/12/2009 7:10,213,0.1,0.1,35,87,28.8,0,46366,0.01,0.01
2/12/2009 7:20,213,0.1,0.1,35,87,28.8,0,46746,0.01,0.01
2/12/2009 7:30,213,0.1,0.1,35,87,28.8,0,47056,0.04,0.04
2/12/2009 7:40,213,0.1,0.1,35,87,28.8,0,47296,0,0
2/12/2009 7:50,213,0.1,0.1,35,86,28.8,0,47566,0,0
2/12/2009 8:00,213,0.1,0.1,35.2,86,28.8,0,47886,0,0
2/12/2009 8:10,213,0.1,0.1,35,86,28.8,0,48106,0,0
2/12/2009 8:20,213,0.1,0.1,35,86,28.9,0,48266,0.01,0.01
2/12/2009 8:30,213,0.1,0.1,35.2,85,28.8,0,48576,0,0
2/12/2009 8:40,213,0.1,0.1,35,86,28.8,0,48806,0,0
2/12/2009 8:50,213,0.1,0.1,35,86,28.9,0,48886,0,0
2/12/2009 9:00,213,0.1,0.1,35,86,28.9,0,49086,0,0
2/12/2009 9:10,213,0.1,0.1,35,86,28.9,0,49246,0,0
2/12/2009 9:20,213,0.1,0.1,35,86,28.9,0,49436,0,0
2/12/2009 9:30,213,0.1,0.1,34.8,86,28.9,0,49506,0,0
2/12/2009 9:40,213,0.1,0.1,34.8,86,28.9,0,49536,0,0
2/12/2009 9:50,213,0.1,0.1,34.8,86,28.9,0,49616,0,0
2/12/2009 10:00,213,0.1,0.1,34.8,87,28.9,0,49776,0,0
2/12/2009 10:10,213,0.1,0.1,34.7,87,28.9,0,50026,0,0
2/12/2009 10:20,213,0.1,0.1,34.3,87,28.9,0,50196,0,0
2/12/2009 10:30,213,0.1,0.1,34.5,86,28.9,0,50346,0,0
2/12/2009 10:40,213,0.1,0.1,34.3,87,28.9,0,50396,0,0
2/12/2009 10:50,213,0.1,0.1,34.3,86,28.9,0,50456,0,0
2/12/2009 11:00,213,0.1,0.1,34.3,86,28.9,0,50506,0,0
2/12/2009 11:10,213,0.1,0.1,34.5,85,28.9,0,50536,0,0
2/12/2009 11:20,213,0.1,0.1,34.3,84,28.9,0,50726,0.01,0.01
2/12/2009 11:30,213,0.1,0.1,34.3,83,28.9,0,50836,0,0
2/12/2009 11:40,213,0.1,0.1,34.5,82,28.9,0,50956,0,0
2/12/2009 11:50,213,0.1,0.1,34.3,82,28.9,0,51046,0,0
2/12/2009 12:00,213,0.1,0.1,34.3,81,28.9,0,51156,0,0
2/12/2009 12:10,213,0.1,0.1,34.3,80,28.9,0,51216,0,0
2/12/2009 12:20,213,0.1,0.1,34.3,80,28.9,0,51356,0,0
2/12/2009 12:30,213,0.1,0.1,34.1,81,29,0,51416,0,0
2/12/2009 12:40,213,0.1,0.1,34.1,80,29,0,51426,0,0
2/12/2009 12:50,213,0.1,0.1,33.9,80,29,0,51636,0,0
2/12/2009 13:00,213,0.1,0.1,33.8,81,29,0,51746,0,0
2/12/2009 13:10,213,0.1,0.1,33.8,82,29,0,51896,0,0
2/12/2009 13:20,213,0.1,0.1,33.9,81,29,0,51946,0,0
2/12/2009 13:30,213,0.1,0.1,34.1,80,29,0,51976,0,0
2/12/2009 13:40,213,0.1,0.1,33.9,80,29,0,52006,0,0
2/12/2009 13:50,213,0.1,0.1,33.8,82,29,0,52056,0,0
2/12/2009 14:00,213,0.1,0.1,33.2,84,29,0,52136,0,0
2/12/2009 14:10,213,0.1,0.1,33.4,84,29,0,52156,0,0
2/12/2009 14:20,213,0.1,0.1,33.8,81,29,0,52196,0,0
2/12/2009 14:30,213,0.1,0.1,33.8,80,29,0,52236,0,0
2/12/2009 14:40,213,0.1,0.1,33.8,80,29,0,52256,0,0
2/12/2009 14:50,213,0.1,0.1,33.9,79,29,0,52256,0,0
2/12/2009 15:00,213,0.1,0.1,33.9,78,29,0,52296,0,0
2/12/2009 15:10,213,0.1,0.1,33.9,78,29,0,52326,0,0
2/12/2009 15:20,213,0.1,0.1,33.9,78,29,0,52356,0,0
2/12/2009 15:30,213,0.1,0.1,34.1,77,29,0,52386,0,0
2/12/2009 15:40,213,0.1,0.1,34.3,76,29,0,52406,0,0
2/12/2009 15:50,213,0.1,0.1,34.3,76,29,0,52486,0,0
2/12/2009 16:00,213,0.1,0.1,34.3,76,29,0,52496,0,0
2/12/2009 16:10,213,0.1,0.1,34.3,76,29,0,52506,0,0
2/12/2009 16:20,213,0.1,0.1,34.3,77,29,0,52506,0,0
2/12/2009 16:30,213,0.1,0.1,34.3,77,29.1,0,52536,0,0
2/12/2009 16:40,213,0.1,0.1,34.1,77,29.1,0,52546,0,0
2/12/2009 16:50,213,0.1,0.1,34.1,77,29.1,0,52546,0,0
2/12/2009 17:00,213,0.1,0.1,34.3,77,29.1,0,52556,0,0
2/12/2009 17:10,213,0.1,0.1,34.3,77,29.1,0,52586,0,0
2/12/2009 17:20,213,0.1,0.1,34.3,78,29.1,0,52596,0,0
2/12/2009 17:30,213,0.1,0.1,34.1,78,29.1,0,52606,0,0
2/12/2009 17:40,213,0.1,0.1,34.1,79,29.1,0,52616,0,0
2/12/2009 17:50,213,0.1,0.1,34.3,78,29.1,0,52626,0,0
2/12/2009 18:00,213,0.1,0.1,34.3,78,29.1,0,52626,0,0
2/12/2009 18:10,213,0.1,0.1,34.1,79,29.1,0,52636,0,0
2/12/2009 18:20,213,0.1,0.1,34.1,80,29.1,0,52636,0,0
2/12/2009 18:30,213,0.1,0.1,33.9,80,29.1,0,52646,0,0
2/12/2009 18:40,213,0.1,0.1,33.9,80,29.1,0,52656,0,0
2/12/2009 18:50,213,0.1,0.1,33.9,80,29.1,0,52656,0,0
2/12/2009 19:00,213,0.1,0.1,33.8,80,29.1,0,52656,0,0
2/12/2009 19:10,213,0.1,0.1,33.9,80,29.1,0,52656,0,0
2/12/2009 19:20,213,0.1,0.1,33.8,80,29.1,0,52656,0,0
2/12/2009 19:30,213,0.1,0.1,33.8,80,29.1,0,52656,0,0
2/12/2009 19:40,213,0.1,0.1,33.6,82,29.1,0,52656,0,0
2/12/2009 19:50,213,0.1,0.1,33.6,82,29.1,0,52656,0,0
2/12/2009 20:00,213,0.1,0.1,33.4,83,29.1,0,52656,0,0
2/12/2009 20:10,213,0.1,0.1,33.4,83,29.1,0,52656,0,0
2/12/2009 20:20,213,0.1,0.1,33.2,83,29.1,0,52656,0,0
2/12/2009 20:30,213,0.1,0.1,33.2,83,29.1,0,52656,0,0
2/12/2009 20:40,213,0.1,0.1,33.2,84,29.1,0,52656,0,0
2/12/2009 20:50,213,0.1,0.1,33,85,29.1,0,52656,0,0
2/12/2009 21:00,213,0.1,0.1,32.9,85,29.1,0,52656,0,0
2/12/2009 21:10,213,0.1,0.1,32.9,85,29.1,0,52656,0,0
2/12/2009 21:20,213,0.1,0.1,33,85,29.1,0,52656,0,0
2/12/2009 21:30,213,0.1,0.1,33,85,29.1,0,52656,0,0
2/12/2009 21:40,213,0.1,0.1,33,85,29.1,0,52656,0,0
2/12/2009 21:50,213,0.1,0.1,33.2,84,29.1,0,52656,0,0
2/12/2009 22:00,213,0.1,0.1,33.2,84,29.1,0,52656,0,0
2/12/2009 22:10,213,0.1,0.1,33.2,84,29.1,0,52656,0,0
2/12/2009 22:20,213,0.1,0.1,33.2,84,29.1,0,52656,0,0
2/12/2009 22:30,213,0.1,0.1,33.2,84,29.1,0,52656,0,0
2/12/2009 22:40,213,0.1,0.1,33.2,84,29.1,0,52656,0,0
2/12/2009 22:50,213,0.1,0.1,33,84,29.1,0,52656,0,0
2/12/2009 23:00,213,0.1,0.1,33,84,29.1,0,52656,0,0
2/12/2009 23:10,213,0.1,0.1,33,84,29.1,0,52656,0,0
2/12/2009 23:20,213,0.1,0.1,33,84,29.1,0,52656,0,0
2/12/2009 23:30,213,0.1,0.1,33,84,29.1,0,52656,0,0
2/12/2009 23:40,213,0.1,0.1,33,84,29.1,0,52656,0,0
2/12/2009 23:50,213,0.1,0.1,33,84,29.1,0,52656,0,0
2/13/2009 0:00,213,0.1,0.1,33,85,29.1,0,52686,0,0
2/13/2009 0:10,213,0.1,0.1,32.9,85,29.1,0,52696,0,0
2/13/2009 0:20,213,0.1,0.1,32.9,85,29.1,0,52696,0,0
2/13/2009 0:30,213,0.1,0.1,32.9,86,29.1,0,52716,0,0
2/13/2009 0:40,213,0.1,0.1,32.7,86,29.1,0,52736,0,0
2/13/2009 0:50,213,0.1,0.1,32.7,86,29.1,0,52786,0.01,0.01
2/13/2009 1:00,213,0.1,0.1,32.7,86,29.1,0,52856,0,0
2/13/2009 1:10,213,0.1,0.1,32.7,86,29.1,0,52946,0,0
2/13/2009 1:20,213,0.1,0.1,32.7,86,29.1,0,52976,0,0
2/13/2009 1:30,213,0.1,0.1,32.7,86,29.1,0,53066,0,0
2/13/2009 1:40,213,0.1,0.1,32.5,86,29.1,0,53076,0,0
2/13/2009 1:50,213,0.1,0.1,32.3,87,29.1,0,53116,0,0
2/13/2009 2:00,213,0.1,0.1,32.1,88,29.1,0,53156,0,0
2/13/2009 2:10,213,0.1,0.1,32.1,89,29.1,0,53296,0,0
2/13/2009 2:20,213,0.1,0.1,32,90,29.1,0,53366,0,0
2/13/2009 2:30,213,0.1,0.1,32,90,29.1,0,53566,0,0
2/13/2009 2:40,213,0.1,0.1,32,91,29.1,0,53676,0,0
2/13/2009 2:50,213,0.1,0.1,31.9,92,29.1,0,53706,0,0
2/13/2009 3:00,213,0.1,0.1,31.9,92,29.1,0,53706,0,0
2/13/2009 3:10,213,0.1,0.1,31.9,92,29.2,0,53756,0,0
2/13/2009 3:20,213,0.1,0.1,31.7,92,29.2,0,53776,0,0
2/13/2009 3:30,213,0.1,0.1,31.7,93,29.2,0,53806,0,0
2/13/2009 3:40,213,0.1,0.1,31.7,93,29.2,0,53816,0,0
2/13/2009 3:50,213,0.1,0.1,31.7,93,29.2,0,53816,0,0
2/13/2009 4:00,213,0.1,0.1,31.5,93,29.2,0,53826,0,0
2/13/2009 4:10,213,0.1,0.1,31.5,93,29.2,0,53826,0,0
2/13/2009 4:20,213,0.1,0.1,31.5,93,29.2,0,53826,0,0
2/13/2009 4:30,213,0.1,0.1,31.5,94,29.2,0,53826,0,0
2/13/2009 4:40,213,0.1,0.1,31.5,94,29.2,0,53826,0,0
2/13/2009 4:50,213,0.1,0.1,31.5,94,29.2,0,53826,0,0
2/13/2009 5:00,213,0.1,0.1,31.5,94,29.2,0,53826,0,0
2/13/2009 5:10,213,0.1,0.1,31.5,94,29.2,0,53826,0,0
2/13/2009 5:20,213,0.1,0.1,31.5,94,29.2,0,53826,0,0
2/13/2009 5:30,213,0.1,0.1,31.5,94,29.2,0,53826,0,0
2/13/2009 5:40,213,0.1,0.1,31.7,94,29.2,0,53826,0,0
2/13/2009 5:50,213,0.1,0.1,31.5,94,29.2,0,53826,0,0
2/13/2009 6:00,213,0.1,0.1,31.5,94,29.2,0,53826,0,0
2/13/2009 6:10,213,0.1,0.1,31.5,94,29.2,0,53826,0,0
2/13/2009 6:20,213,0.1,0.1,31.5,94,29.2,0,53826,0,0
2/13/2009 6:30,213,0.1,0.1,31.5,94,29.2,0,53826,0,0
2/13/2009 6:40,213,0.1,0.1,31.5,94,29.2,0,53826,0,0
2/13/2009 6:50,213,0.1,0.1,31.5,94,29.2,0,53826,0,0
2/13/2009 7:00,213,0.1,0.1,31.5,94,29.2,0,53826,0,0
2/13/2009 7:10,213,0.1,0.1,31.5,94,29.2,0,53826,0,0
2/13/2009 7:20,213,0.1,0.1,31.5,94,29.2,0,53826,0,0
2/13/2009 7:30,213,0.1,0.1,31.5,94,29.2,0,53826,0,0
2/13/2009 7:40,213,0.1,0.1,31.5,94,29.2,0,53826,0,0
2/13/2009 7:50,213,0.1,0.1,31.5,94,29.2,0,53826,0,0
2/13/2009 8:00,213,0.1,0.1,31.5,94,29.2,0,53826,0,0
2/13/2009 8:10,213,0.1,0.1,31.3,94,29.2,0,53826,0,0
2/13/2009 8:20,213,0.1,0.1,31.3,94,29.2,0,53856,0,0
2/13/2009 8:30,213,0.1,0.1,31.3,94,29.2,0,53856,0,0
2/13/2009 8:40,213,0.1,0.1,31.3,94,29.2,0,53856,0,0
2/13/2009 8:50,213,0.1,0.1,31.3,95,29.2,0,53856,0,0
2/13/2009 9:00,213,0.1,0.1,31.3,94,29.2,0,53856,0,0
2/13/2009 9:10,213,0.1,0.1,31.3,94,29.2,0,53856,0,0
2/13/2009 9:20,213,0.1,0.1,31.5,94,29.2,0,53856,0,0
2/13/2009 9:30,213,0.1,0.1,31.5,94,29.2,0,53856,0,0
2/13/2009 9:40,213,0.1,0.1,31.3,94,29.2,0,53856,0,0
2/13/2009 9:50,213,0.1,0.1,31.3,94,29.2,0,53856,0,0
2/13/2009 10:00,213,0.1,0.1,30.1,94,29.2,0,54076,0,0
2/13/2009 10:10,213,0.1,0.1,29.5,93,29.2,0,54136,0,0
2/13/2009 10:20,213,0.1,0.1,29,93,29.2,0,54136,0,0
2/13/2009 10:30,213,0.1,0.1,29,93,29.2,0,54136,0,0
2/13/2009 10:40,213,0.1,0.1,29,92,29.2,0,54136,0,0
2/13/2009 10:50,213,0.1,0.1,29.2,91,29.2,0,54136,0,0
2/13/2009 11:00,213,0.1,0.1,29.2,90,29.2,0,54136,0,0
2/13/2009 11:10,213,0.1,0.1,29.3,90,29.3,0,54136,0,0
2/13/2009 11:20,213,0.1,0.1,29.3,89,29.3,0,54136,0,0
2/13/2009 11:30,213,0.1,0.1,29,89,29.3,0,54136,0,0
2/13/2009 11:40,213,0.1,0.1,29.9,90,29.3,0,54136,0,0
2/13/2009 11:50,213,0.1,0.1,30.1,89,29.3,0,54136,0,0
2/13/2009 12:00,213,0.1,0.1,30.6,88,29.3,0,54136,0,0
2/13/2009 12:10,213,0.1,0.1,30.1,88,29.3,0,54136,0,0
2/13/2009 12:20,213,0.1,0.1,30.1,89,29.3,0,54136,0,0
2/13/2009 12:30,213,0.1,0.1,30.1,90,29.3,0,54136,0,0
2/13/2009 12:40,213,0.1,0.1,30.1,90,29.3,0,54136,0,0
2/13/2009 12:50,213,0.1,0.1,30.4,90,29.3,0,54136,0,0
2/13/2009 13:00,213,0.1,0.1,30.6,91,29.3,0,54136,0,0
2/13/2009 13:10,213,0.1,0.1,30.4,91,29.3,0,54136,0,0
2/13/2009 13:20,213,0.1,0.1,30.6,91,29.3,0,54136,0,0
2/13/2009 13:30,213,0.1,0.1,30.6,91,29.3,0,54136,0,0
2/13/2009 13:40,213,0.1,0.1,30.6,91,29.3,0,54136,0,0
2/13/2009 13:50,213,0.1,0.1,30.8,90,29.3,0,54136,0,0
2/13/2009 14:00,213,0.1,0.1,30.8,90,29.3,0,54136,0,0
2/13/2009 14:10,213,0.1,0.1,30.8,89,29.3,0,54136,0,0
2/13/2009 14:20,213,0.1,0.1,30.8,89,29.3,0,54136,0,0
2/13/2009 14:30,213,0.1,0.1,30.8,89,29.3,0,54136,0,0
2/13/2009 14:40,213,0.1,0.1,30.8,88,29.3,0,54136,0,0
2/13/2009 14:50,213,0.1,0.1,30.6,87,29.3,0,54136,0,0
2/13/2009 15:00,213,0.1,0.1,30.4,86,29.3,0,54136,0,0
2/13/2009 15:10,213,0.1,0.1,30.4,85,29.3,0,54136,0,0
2/13/2009 15:20,213,0.1,0.1,30.6,85,29.3,0,54136,0,0
2/13/2009 15:30,213,0.1,0.1,30.6,84,29.3,0,54136,0,0
2/13/2009 15:40,213,0.1,0.1,30.6,85,29.3,0,54136,0,0
2/13/2009 15:50,213,0.1,0.1,30.6,85,29.3,0,54136,0,0
2/13/2009 16:00,213,0.1,0.1,30.6,85,29.3,0,54136,0,0
2/13/2009 16:10,213,0.1,0.1,30.6,85,29.3,0,54136,0,0
2/13/2009 16:20,213,0.1,0.1,30.8,85,29.3,0,54136,0,0
2/13/2009 16:30,213,0.1,0.1,30.8,86,29.3,0,54136,0,0
2/13/2009 16:40,213,0.1,0.1,30.8,86,29.3,0,54136,0,0
2/13/2009 16:50,213,0.1,0.1,30.8,86,29.3,0,54136,0,0
2/13/2009 17:00,213,0.1,0.1,30.8,87,29.3,0,54136,0,0
2/13/2009 17:10,213,0.1,0.1,30.8,87,29.3,0,54136,0,0
2/13/2009 17:20,213,0.1,0.1,30.6,87,29.3,0,54136,0,0
2/13/2009 17:30,213,0.1,0.1,30.4,87,29.3,0,54136,0,0
2/13/2009 17:40,213,0.1,0.1,30.4,87,29.3,0,54136,0,0
2/13/2009 17:50,213,0.1,0.1,30.1,87,29.3,0,54136,0,0
2/13/2009 18:00,213,0.1,0.1,29.9,87,29.3,0,54136,0,0
2/13/2009 18:10,213,0.1,0.1,29.5,86,29.3,0,54136,0,0
2/13/2009 18:20,213,0.1,0.1,29.2,85,29.3,0,54136,0,0
2/13/2009 18:30,213,0.1,0.1,28.8,84,29.3,0,54136,0,0
2/13/2009 18:40,213,0.1,0.1,28.4,84,29.3,0,54136,0,0
2/13/2009 18:50,213,0.1,0.1,28.1,85,29.3,0,54136,0,0
2/13/2009 19:00,213,0.1,0.1,27.9,84,29.3,0,54136,0,0
2/13/2009 19:10,213,0.1,0.1,27.7,84,29.3,0,54136,0,0
2/13/2009 19:20,213,0.1,0.1,27.5,83,29.3,0,54136,0,0
2/13/2009 19:30,213,0.1,0.1,27.4,84,29.3,0,54136,0,0
2/13/2009 19:40,213,0.1,0.1,27.2,85,29.3,0,54136,0,0
2/13/2009 19:50,213,0.1,0.1,27.2,82,29.3,0,54136,0,0
2/13/2009 20:00,213,0.1,0.1,26.8,81,29.3,0,54136,0,0
2/13/2009 20:10,213,0.1,0.1,27.2,77,29.3,0,54136,0,0
2/13/2009 20:20,213,0.1,0.1,27.5,74,29.3,0,54136,0,0
2/13/2009 20:30,213,0.1,0.1,27.5,79,29.3,0,54136,0,0
2/13/2009 20:40,213,0.1,0.1,27.5,76,29.3,0,54136,0,0
2/13/2009 20:50,213,0.1,0.1,27.2,79,29.2,0,54136,0,0
2/13/2009 21:00,213,0.1,0.1,26.5,80,29.2,0,54136,0,0
2/13/2009 21:10,213,0.1,0.1,25.9,82,29.3,0,54136,0,0
2/13/2009 21:20,213,0.1,0.1,25.7,82,29.2,0,54136,0,0
2/13/2009 21:30,213,0.1,0.1,25.9,83,29.2,0,54136,0,0
2/13/2009 21:40,213,0.1,0.1,26.6,81,29.2,0,54136,0,0
2/13/2009 21:50,213,0.1,0.1,27.4,81,29.3,0,54136,0,0
2/13/2009 22:00,213,0.1,0.1,27.4,81,29.3,0,54136,0,0
2/13/2009 22:10,213,0.1,0.1,26.6,80,29.3,0,54136,0,0
2/13/2009 22:20,213,0.1,0.1,26.1,80,29.3,0,54136,0,0
2/13/2009 22:30,213,0.1,0.1,26.3,78,29.3,0,54136,0,0
2/13/2009 22:40,213,0.1,0.1,25.6,83,29.3,0,54136,0,0
2/13/2009 22:50,213,0.1,0.1,25.6,80,29.3,0,54136,0,0
2/13/2009 23:00,213,0.1,0.1,25.7,82,29.3,0,54136,0,0
2/13/2009 23:10,213,0.1,0.1,26.5,84,29.3,0,54136,0,0
2/13/2009 23:20,213,0.1,0.1,27,78,29.3,0,54136,0,0
2/13/2009 23:30,213,0.1,0.1,25.7,80,29.3,0,54136,0,0
2/13/2009 23:40,213,0.1,0.1,25.7,84,29.3,0,54136,0,0
2/13/2009 23:50,213,0.1,0.1,25.7,85,29.3,0,54136,0,0
2/14/2009 0:00,213,0.1,0.1,25.6,82,29.3,0,54136,0,0
2/14/2009 0:10,213,0.1,0.1,25.6,80,29.3,0,54136,0,0
2/14/2009 0:20,213,0.1,0.1,25.4,79,29.3,0,54136,0,0
2/14/2009 0:30,213,0.1,0.1,25.2,81,29.3,0,54136,0,0
2/14/2009 0:40,213,0.1,0.1,25,82,29.3,0,54136,0,0
2/14/2009 0:50,213,0.1,0.1,25,83,29.2,0,54136,0,0
2/14/2009 1:00,213,0.1,0.1,24.8,84,29.2,0,54136,0,0
2/14/2009 1:10,213,0.1,0.1,25,84,29.2,0,54136,0,0
2/14/2009 1:20,213,0.1,0.1,25.2,84,29.2,0,54136,0,0
2/14/2009 1:30,213,0.1,0.1,25.2,84,29.2,0,54136,0,0
2/14/2009 1:40,213,0.1,0.1,25.2,84,29.2,0,54136,0,0
2/14/2009 1:50,213,0.1,0.1,25.4,83,29.2,0,54136,0,0
2/14/2009 2:00,213,0.1,0.1,25.4,81,29.2,0,54136,0,0
2/14/2009 2:10,213,0.1,0.1,25.4,81,29.2,0,54136,0,0
2/14/2009 2:20,213,0.1,0.1,25.4,80,29.2,0,54136,0,0
2/14/2009 2:30,213,0.1,0.1,25.2,80,29.2,0,54136,0,0
2/14/2009 2:40,213,0.1,0.1,25,76,29.2,0,54136,0,0
2/14/2009 2:50,213,0.1,0.1,25,77,29.2,0,54136,0,0
2/14/2009 3:00,213,0.1,0.1,25,76,29.2,0,54136,0,0
2/14/2009 3:10,213,0.1,0.1,24.8,72,29.2,0,54136,0,0
2/14/2009 3:20,213,0.1,0.1,24.7,72,29.1,0,54136,0,0
2/14/2009 3:30,213,0.1,0.1,24.7,73,29.2,0,54136,0,0
2/14/2009 3:40,213,0.1,0.1,24.8,74,29.2,0,54136,0,0
2/14/2009 3:50,213,0.1,0.1,24.8,74,29.2,0,54136,0,0
2/14/2009 4:00,213,0.1,0.1,24.7,75,29.2,0,54136,0,0
2/14/2009 4:10,213,0.1,0.1,24.5,80,29.2,0,54136,0,0
2/14/2009 4:20,213,0.1,0.1,24.1,83,29.2,0,54136,0,0
2/14/2009 4:30,213,0.1,0.1,23.8,85,29.2,0,54136,0,0
2/14/2009 4:40,213,0.1,0.1,23.8,86,29.2,0,54136,0,0
2/14/2009 4:50,213,0.1,0.1,23.8,87,29.2,0,54136,0,0
2/14/2009 5:00,213,0.1,0.1,23.8,88,29.2,0,54136,0,0
2/14/2009 5:10,213,0.1,0.1,23.6,88,29.2,0,54136,0,0
2/14/2009 5:20,213,0.1,0.1,23.4,89,29.2,0,54136,0,0
2/14/2009 5:30,213,0.1,0.1,23.4,90,29.2,0,54136,0,0
2/14/2009 5:40,213,0.1,0.1,23.2,89,29.2,0,54136,0,0
2/14/2009 5:50,213,0.1,0.1,23.2,89,29.2,0,54136,0,0
2/14/2009 6:00,213,0.1,0.1,23,88,29.2,0,54136,0,0
2/14/2009 6:10,213,0.1,0.1,22.9,88,29.2,0,54136,0,0
2/14/2009 6:20,213,0.1,0.1,22.9,89,29.2,0,54136,0,0
2/14/2009 6:30,213,0.1,0.1,22.5,89,29.2,0,54136,0,0
2/14/2009 6:40,213,0.1,0.1,22.5,89,29.2,0,54136,0,0
2/14/2009 6:50,213,0.1,0.1,22.5,89,29.2,0,54136,0,0
2/14/2009 7:00,213,0.1,0.1,22.5,88,29.2,0,54136,0,0
2/14/2009 7:10,213,0.1,0.1,22.7,88,29.2,0,54136,0,0
2/14/2009 7:20,213,0.1,0.1,22.7,88,29.2,0,54136,0,0
2/14/2009 7:30,213,0.1,0.1,23,88,29.2,0,54136,0,0
2/14/2009 7:40,213,0.1,0.1,22.7,88,29.2,0,54136,0,0
2/14/2009 7:50,213,0.1,0.1,22.9,87,29.2,0,54136,0,0
2/14/2009 8:00,213,0.1,0.1,23,88,29.2,0,54136,0,0
2/14/2009 8:10,213,0.1,0.1,23.4,87,29.2,0,54136,0,0
2/14/2009 8:20,213,0.1,0.1,23.6,86,29.2,0,54136,0,0
2/14/2009 8:30,213,0.1,0.1,23.6,87,29.2,0,54136,0,0
2/14/2009 8:40,213,0.1,0.1,23.6,86,29.2,0,54136,0,0
2/14/2009 8:50,213,0.1,0.1,23.6,84,29.2,0,54136,0,0
2/14/2009 9:00,213,0.1,0.1,23.6,84,29.2,0,54136,0,0
2/14/2009 9:10,213,0.1,0.1,23.8,84,29.2,0,54136,0,0
2/14/2009 9:20,213,0.1,0.1,23.6,84,29.2,0,54136,0,0
2/14/2009 9:30,213,0.1,0.1,23.9,83,29.2,0,54136,0,0
2/14/2009 9:40,213,0.1,0.1,24.3,82,29.1,0,54136,0,0
2/14/2009 9:50,213,0.1,0.1,24.8,83,29.1,0,54136,0,0
2/14/2009 10:00,213,0.1,0.1,24.8,81,29.1,0,54136,0,0
2/14/2009 10:10,213,0.1,0.1,25,79,29.1,0,54136,0,0
2/14/2009 10:20,213,0.1,0.1,24.7,77,29.1,0,54136,0,0
2/14/2009 10:30,213,0.1,0.1,24.5,77,29.1,0,54136,0,0
2/14/2009 10:40,213,0.1,0.1,24.5,77,29.1,0,54136,0,0
2/14/2009 10:50,213,0.1,0.1,24.3,78,29.1,0,54136,0,0
2/14/2009 11:00,213,0.1,0.1,24.5,80,29.1,0,54136,0,0
2/14/2009 11:10,213,0.1,0.1,24.1,79,29.1,0,54136,0,0
2/14/2009 11:20,213,0.1,0.1,23.9,81,29.1,0,54136,0,0
2/14/2009 11:30,213,0.1,0.1,23.9,83,29.1,0,54136,0,0
2/14/2009 11:40,213,0.1,0.1,23.4,83,29.1,0,54136,0,0
2/14/2009 11:50,213,0.1,0.1,23.6,85,29.1,0,54136,0,0
2/14/2009 12:00,213,0.1,0.1,23,85,29.1,0,54136,0,0
2/14/2009 12:10,213,0.1,0.1,23.2,87,29.1,0,54136,0,0
2/14/2009 12:20,213,0.1,0.1,23,87,29.1,0,54136,0,0
2/14/2009 12:30,213,0.1,0.1,23,87,29.1,0,54136,0,0
2/14/2009 12:40,213,0.1,0.1,22.7,87,29.1,0,54136,0,0
2/14/2009 12:50,213,0.1,0.1,22.9,87,29.1,0,54136,0,0
2/14/2009 13:00,213,0.1,0.1,23.8,86,29.1,0,54136,0,0
2/14/2009 13:10,213,0.1,0.1,23.2,83,29.1,0,54136,0,0
2/14/2009 13:20,213,0.1,0.1,23.6,82,29.1,0,54136,0,0
2/14/2009 13:30,213,0.1,0.1,24.1,81,29.1,0,54136,0,0
2/14/2009 13:40,213,0.1,0.1,23.6,81,29.2,0,54136,0,0
2/14/2009 13:50,213,0.1,0.1,23.4,81,29.2,0,54136,0,0
2/14/2009 14:00,213,0.1,0.1,23.9,80,29.2,0,54136,0,0
2/14/2009 14:10,213,0.1,0.1,23.9,80,29.2,0,54136,0,0
2/14/2009 14:20,213,0.1,0.1,24.1,79,29.2,0,54136,0,0
2/14/2009 14:30,213,0.1,0.1,23.9,81,29.2,0,54136,0,0
2/14/2009 14:40,213,0.1,0.1,23.9,81,29.2,0,54136,0,0
2/14/2009 14:50,213,0.1,0.1,24.7,80,29.2,0,54136,0,0
2/14/2009 15:00,213,0.1,0.1,24.5,80,29.2,0,54136,0,0
2/14/2009 15:10,213,0.1,0.1,24.5,81,29.2,0,54136,0,0
2/14/2009 15:20,213,0.1,0.1,24.1,83,29.2,0,54136,0,0
2/14/2009 15:30,213,0.1,0.1,23.8,83,29.2,0,54136,0,0
2/14/2009 15:40,213,0.1,0.1,23,86,29.2,0,54136,0,0
2/14/2009 15:50,213,0.1,0.1,22,86,29.2,0,54136,0,0
2/14/2009 16:00,213,0.1,0.1,22,88,29.2,0,54136,0,0
2/14/2009 16:10,213,0.1,0.1,22,88,29.2,0,54136,0,0
2/14/2009 16:20,213,0.1,0.1,22.1,88,29.2,0,54136,0,0
2/14/2009 16:30,213,0.1,0.1,22.3,87,29.2,0,54136,0,0
2/14/2009 16:40,213,0.1,0.1,22.3,85,29.2,0,54136,0,0
2/14/2009 16:50,213,0.1,0.1,22.7,84,29.2,0,54136,0,0
2/14/2009 17:00,213,0.1,0.1,22.7,87,29.2,0,54136,0,0
2/14/2009 17:10,213,0.1,0.1,22.7,88,29.2,0,54136,0,0
2/14/2009 17:20,213,0.1,0.1,22.9,88,29.2,0,54136,0,0
2/14/2009 17:30,213,0.1,0.1,22.9,89,29.2,0,54136,0,0
2/14/2009 17:40,213,0.1,0.1,22.9,89,29.2,0,54136,0,0
2/14/2009 17:50,213,0.1,0.1,23,89,29.2,0,54136,0,0
2/14/2009 18:00,213,0.1,0.1,23,89,29.2,0,54136,0,0
2/14/2009 18:10,213,0.1,0.1,23.2,89,29.2,0,54136,0,0
2/14/2009 18:20,213,0.1,0.1,23.4,89,29.2,0,54136,0,0
2/14/2009 18:30,213,0.1,0.1,23.6,89,29.2,0,54136,0,0
2/14/2009 18:40,213,0.1,0.1,23.8,89,29.2,0,54136,0,0
2/14/2009 18:50,213,0.1,0.1,23.8,88,29.2,0,54136,0,0
2/14/2009 19:00,213,0.1,0.1,23.8,88,29.2,0,54136,0,0
2/14/2009 19:10,213,0.1,0.1,23.9,88,29.2,0,54136,0,0
2/14/2009 19:20,213,0.1,0.1,24.3,88,29.2,0,54136,0,0
2/14/2009 19:30,213,0.1,0.1,24.5,88,29.3,0,54136,0,0
2/14/2009 19:40,213,0.1,0.1,24.8,88,29.3,0,54136,0,0
2/14/2009 19:50,213,0.1,0.1,25,88,29.3,0,54136,0,0
2/14/2009 20:00,213,0.1,0.1,25,88,29.3,0,54136,0,0
2/14/2009 20:10,213,0.1,0.1,25.2,87,29.3,0,54136,0,0
2/14/2009 20:20,213,0.1,0.1,25.2,86,29.3,0,54136,0,0
2/14/2009 20:30,213,0.1,0.1,24.8,85,29.3,0,54136,0,0
2/14/2009 20:40,213,0.1,0.1,24.5,85,29.3,0,54136,0,0
2/14/2009 20:50,213,0.1,0.1,23.9,85,29.3,0,54136,0,0
2/14/2009 21:00,213,0.1,0.1,23.6,84,29.3,0,54136,0,0
2/14/2009 21:10,213,0.1,0.1,23,84,29.3,0,54136,0,0
2/14/2009 21:20,213,0.1,0.1,22.9,85,29.3,0,54136,0,0
2/14/2009 21:30,213,0.1,0.1,22.7,85,29.3,0,54136,0,0
2/14/2009 21:40,213,0.1,0.1,22.3,85,29.3,0,54136,0,0
2/14/2009 21:50,213,0.1,0.1,22,85,29.3,0,54136,0,0
2/14/2009 22:00,213,0.1,0.1,21.8,85,29.3,0,54136,0,0
2/14/2009 22:10,213,0.1,0.1,21.8,85,29.3,0,54136,0,0
2/14/2009 22:20,213,0.1,0.1,22,85,29.3,0,54136,0,0
2/14/2009 22:30,213,0.1,0.1,22,85,29.3,0,54136,0,0
2/14/2009 22:40,213,0.1,0.1,22.1,85,29.3,0,54136,0,0
2/14/2009 22:50,213,0.1,0.1,22,85,29.3,0,54136,0,0
2/14/2009 23:00,213,0.1,0.1,21.8,86,29.3,0,54136,0,0
2/14/2009 23:10,213,0.1,0.1,21.2,86,29.3,0,54136,0,0
2/14/2009 23:20,213,0.1,0.1,21.1,87,29.3,0,54136,0,0
2/14/2009 23:30,213,0.1,0.1,20.9,87,29.3,0,54136,0,0
2/14/2009 23:40,213,0.1,0.1,20.7,87,29.3,0,54136,0,0
2/14/2009 23:50,213,0.1,0.1,20.3,88,29.3,0,54136,0,0
2/15/2009 0:00,213,0.1,0.1,20.3,87,29.3,0,54136,0,0
2/15/2009 0:10,213,0.1,0.1,20.3,87,29.3,0,54136,0,0
2/15/2009 0:20,213,0.1,0.1,20.7,87,29.3,0,54136,0,0
2/15/2009 0:30,213,0.1,0.1,20.7,86,29.3,0,54136,0,0
2/15/2009 0:40,213,0.1,0.1,20.7,86,29.3,0,54136,0,0
2/15/2009 0:50,213,0.1,0.1,20.3,87,29.3,0,54136,0,0
2/15/2009 1:00,213,0.1,0.1,20.2,88,29.3,0,54136,0,0
2/15/2009 1:10,213,0.1,0.1,20,88,29.3,0,54136,0,0
2/15/2009 1:20,213,0.1,0.1,20,89,29.3,0,54136,0,0
2/15/2009 1:30,213,0.1,0.1,19.8,89,29.3,0,54136,0,0
2/15/2009 1:40,213,0.1,0.1,19.8,89,29.3,0,54136,0,0
2/15/2009 1:50,213,0.1,0.1,20,89,29.3,0,54136,0,0
2/15/2009 2:00,213,0.1,0.1,19.8,88,29.3,0,54136,0,0
2/15/2009 2:10,213,0.1,0.1,19.8,89,29.3,0,54136,0,0
2/15/2009 2:20,213,0.1,0.1,20,88,29.3,0,54136,0,0
2/15/2009 2:30,213,0.1,0.1,20,88,29.3,0,54136,0,0
2/15/2009 2:40,213,0.1,0.1,19.8,88,29.3,0,54136,0,0
2/15/2009 2:50,213,0.1,0.1,19.6,88,29.3,0,54136,0,0
2/15/2009 3:00,213,0.1,0.1,19.8,88,29.3,0,54136,0,0
2/15/2009 3:10,213,0.1,0.1,19.4,88,29.3,0,54136,0,0
2/15/2009 3:20,213,0.1,0.1,19.8,88,29.3,0,54136,0,0
2/15/2009 3:30,213,0.1,0.1,19.8,88,29.3,0,54136,0,0
2/15/2009 3:40,213,0.1,0.1,19.6,89,29.3,0,54136,0,0
2/15/2009 3:50,213,0.1,0.1,19.6,89,29.3,0,54136,0,0
2/15/2009 4:00,213,0.1,0.1,19.4,89,29.3,0,54136,0,0
2/15/2009 4:10,213,0.1,0.1,19.6,89,29.3,0,54136,0,0
2/15/2009 4:20,213,0.1,0.1,19.8,89,29.3,0,54136,0,0
2/15/2009 4:30,213,0.1,0.1,19.6,89,29.3,0,54136,0,0
2/15/2009 4:40,213,0.1,0.1,19.6,90,29.3,0,54136,0,0
2/15/2009 4:50,213,0.1,0.1,19.4,90,29.3,0,54136,0,0
2/15/2009 5:00,213,0.1,0.1,19.4,90,29.3,0,54136,0,0
2/15/2009 5:10,213,0.1,0.1,19.3,89,29.3,0,54136,0,0
2/15/2009 5:20,213,0.1,0.1,19.4,89,29.3,0,54136,0,0
2/15/2009 5:30,213,0.1,0.1,19.6,89,29.4,0,54136,0,0
2/15/2009 5:40,213,0.1,0.1,19.6,88,29.4,0,54136,0,0
2/15/2009 5:50,213,0.1,0.1,20,87,29.4,0,54136,0,0
2/15/2009 6:00,213,0.1,0.1,20.2,86,29.4,0,54136,0,0
2/15/2009 6:10,213,0.1,0.1,20.3,86,29.4,0,54136,0,0
2/15/2009 6:20,213,0.1,0.1,20.7,86,29.4,0,54136,0,0
2/15/2009 6:30,213,0.1,0.1,20.9,85,29.4,0,54136,0,0
2/15/2009 6:40,213,0.1,0.1,21.4,85,29.4,0,54136,0,0
2/15/2009 6:50,213,0.1,0.1,22.3,84,29.4,0,54136,0,0
2/15/2009 7:00,213,0.1,0.1,23.2,82,29.4,0,54136,0,0
2/15/2009 7:10,213,0.1,0.1,23.2,82,29.4,0,54136,0,0
2/15/2009 7:20,213,0.1,0.1,23.9,81,29.4,0,54136,0,0
2/15/2009 7:30,213,0.1,0.1,23.9,81,29.4,0,54136,0,0
2/15/2009 7:40,213,0.1,0.1,24.3,82,29.4,0,54136,0,0
2/15/2009 7:50,213,0.1,0.1,25.4,80,29.4,0,54136,0,0
2/15/2009 8:00,213,0.1,0.1,25.2,81,29.4,0,54136,0,0
2/15/2009 8:10,213,0.1,0.1,25.4,79,29.4,0,54136,0,0
2/15/2009 8:20,213,0.1,0.1,25.6,78,29.4,0,54136,0,0
2/15/2009 8:30,213,0.1,0.1,25.7,79,29.4,0,54136,0,0
2/15/2009 8:40,213,0.1,0.1,25.7,79,29.4,0,54136,0,0
2/15/2009 8:50,213,0.1,0.1,25.7,79,29.4,0,54136,0,0
2/15/2009 9:00,213,0.1,0.1,26.1,78,29.4,0,54136,0,0
2/15/2009 9:10,213,0.1,0.1,26.5,78,29.4,0,54136,0,0
2/15/2009 9:20,213,0.1,0.1,26.3,78,29.4,0,54136,0,0
2/15/2009 9:30,213,0.1,0.1,26.3,76,29.4,0,54136,0,0
2/15/2009 9:40,213,0.1,0.1,26.5,74,29.4,0,54136,0,0
2/15/2009 9:50,213,0.1,0.1,26.5,74,29.4,0,54136,0,0
2/15/2009 10:00,213,0.1,0.1,26.6,76,29.4,0,54136,0,0
2/15/2009 10:10,213,0.1,0.1,26.6,75,29.4,0,54136,0,0
2/15/2009 10:20,213,0.1,0.1,26.6,76,29.4,0,54136,0,0
2/15/2009 10:30,213,0.1,0.1,27,75,29.4,0,54136,0,0
2/15/2009 10:40,213,0.1,0.1,27.4,75,29.4,0,54136,0,0
2/15/2009 10:50,213,0.1,0.1,27,75,29.3,0,54136,0,0
2/15/2009 11:00,213,0.1,0.1,27.2,76,29.3,0,54136,0,0
2/15/2009 11:10,213,0.1,0.1,27.2,76,29.3,0,54136,0,0
2/15/2009 11:20,213,0.1,0.1,27.2,76,29.3,0,54136,0,0
2/15/2009 11:30,213,0.1,0.1,27.2,74,29.3,0,54136,0,0
2/15/2009 11:40,213,0.1,0.1,27.2,76,29.3,0,54136,0,0
2/15/2009 11:50,213,0.1,0.1,26.8,75,29.3,0,54136,0,0
2/15/2009 12:00,213,0.1,0.1,26.8,74,29.3,0,54136,0,0
2/15/2009 12:10,213,0.1,0.1,26.8,72,29.3,0,54136,0,0
2/15/2009 12:20,213,0.1,0.1,27,71,29.3,0,54136,0,0
2/15/2009 12:30,213,0.1,0.1,27.2,70,29.4,0,54136,0,0
2/15/2009 12:40,213,0.1,0.1,27.2,71,29.4,0,54136,0,0
2/15/2009 12:50,213,0.1,0.1,27.4,68,29.4,0,54136,0,0
2/15/2009 13:00,213,0.1,0.1,27.2,70,29.4,0,54136,0,0
2/15/2009 13:10,213,0.1,0.1,27.2,72,29.4,0,54136,0,0
2/15/2009 13:20,213,0.1,0.1,27.5,71,29.4,0,54136,0,0
2/15/2009 13:30,213,0.1,0.1,27.5,71,29.4,0,54136,0,0
2/15/2009 13:40,213,0.1,0.1,27.4,72,29.4,0,54136,0,0
2/15/2009 13:50,213,0.1,0.1,27.5,72,29.4,0,54136,0,0
2/15/2009 14:00,213,0.1,0.1,27.4,73,29.4,0,54136,0,0
2/15/2009 14:10,213,0.1,0.1,26.8,75,29.4,0,54136,0,0
2/15/2009 14:20,213,0.1,0.1,26.8,74,29.4,0,54136,0,0
2/15/2009 14:30,213,0.1,0.1,26.8,74,29.4,0,54136,0,0
2/15/2009 14:40,213,0.1,0.1,26.8,74,29.4,0,54136,0,0
2/15/2009 14:50,213,0.1,0.1,27,74,29.4,0,54136,0,0
2/15/2009 15:00,213,0.1,0.1,27,74,29.4,0,54136,0,0
2/15/2009 15:10,213,0.1,0.1,27,73,29.4,0,54136,0,0
2/15/2009 15:20,213,0.1,0.1,27,73,29.4,0,54136,0,0
2/15/2009 15:30,213,0.1,0.1,27,74,29.4,0,54136,0,0
2/15/2009 15:40,213,0.1,0.1,27,74,29.4,0,54136,0,0
2/15/2009 15:50,213,0.1,0.1,26.8,73,29.4,0,54136,0,0
2/15/2009 16:00,213,0.1,0.1,26.8,74,29.4,0,54136,0,0
2/15/2009 16:10,213,0.1,0.1,26.8,74,29.4,0,54136,0,0
2/15/2009 16:20,213,0.1,0.1,26.8,74,29.4,0,54136,0,0
2/15/2009 16:30,213,0.1,0.1,26.8,74,29.4,0,54136,0,0
2/15/2009 16:40,213,0.1,0.1,26.8,74,29.4,0,54136,0,0
2/15/2009 16:50,213,0.1,0.1,26.8,74,29.4,0,54136,0,0
2/15/2009 17:00,213,0.1,0.1,26.8,75,29.4,0,54136,0,0
2/15/2009 17:10,213,0.1,0.1,26.8,77,29.4,0,54136,0,0
2/15/2009 17:20,213,0.1,0.1,26.6,79,29.4,0,54136,0,0
2/15/2009 17:30,213,0.1,0.1,26.6,78,29.4,0,54136,0,0
2/15/2009 17:40,213,0.1,0.1,26.6,79,29.4,0,54136,0,0
2/15/2009 17:50,213,0.1,0.1,26.5,81,29.4,0,54136,0,0
2/15/2009 18:00,213,0.1,0.1,26.5,82,29.4,0,54136,0,0
2/15/2009 18:10,213,0.1,0.1,26.3,83,29.4,0,54136,0,0
2/15/2009 18:20,213,0.1,0.1,26.3,84,29.4,0,54136,0,0
2/15/2009 18:30,213,0.1,0.1,25.9,84,29.4,0,54136,0,0
2/15/2009 18:40,213,0.1,0.1,25.7,85,29.4,0,54136,0,0
2/15/2009 18:50,213,0.1,0.1,26.1,83,29.4,0,54136,0,0
2/15/2009 19:00,213,0.1,0.1,26.1,83,29.4,0,54136,0,0
2/15/2009 19:10,213,0.1,0.1,26.3,82,29.4,0,54136,0,0
2/15/2009 19:20,213,0.1,0.1,26.3,82,29.4,0,54136,0,0
2/15/2009 19:30,213,0.1,0.1,26.5,83,29.4,0,54136,0,0
2/15/2009 19:40,213,0.1,0.1,26.3,84,29.4,0,54136,0,0
2/15/2009 19:50,213,0.1,0.1,26.3,85,29.4,0,54136,0,0
2/15/2009 20:00,213,0.1,0.1,26.3,86,29.4,0,54136,0,0
2/15/2009 20:10,213,0.1,0.1,26.3,87,29.4,0,54136,0,0
2/15/2009 20:20,213,0.1,0.1,26.3,88,29.4,0,54136,0,0
2/15/2009 20:30,213,0.1,0.1,26.3,88,29.4,0,54136,0,0
2/15/2009 20:40,213,0.1,0.1,26.3,89,29.4,0,54136,0,0
2/15/2009 20:50,213,0.1,0.1,26.3,89,29.4,0,54136,0,0
2/15/2009 21:00,213,0.1,0.1,26.3,89,29.4,0,54136,0,0
2/15/2009 21:10,213,0.1,0.1,26.3,89,29.4,0,54136,0,0
2/15/2009 21:20,213,0.1,0.1,26.3,90,29.4,0,54136,0,0
2/15/2009 21:30,213,0.1,0.1,26.1,90,29.4,0,54136,0,0
2/15/2009 21:40,213,0.1,0.1,26.1,91,29.4,0,54136,0,0
2/15/2009 21:50,213,0.1,0.1,26.1,91,29.4,0,54136,0,0
2/15/2009 22:00,213,0.1,0.1,26.1,91,29.4,0,54136,0,0
2/15/2009 22:10,213,0.1,0.1,25.9,91,29.4,0,54136,0,0
2/15/2009 22:20,213,0.1,0.1,25.9,91,29.4,0,54136,0,0
2/15/2009 22:30,213,0.1,0.1,25.9,90,29.4,0,54136,0,0
2/15/2009 22:40,213,0.1,0.1,25.9,90,29.4,0,54136,0,0
2/15/2009 22:50,213,0.1,0.1,25.7,89,29.4,0,54136,0,0
2/15/2009 23:00,213,0.1,0.1,25.7,88,29.4,0,54136,0,0
2/15/2009 23:10,213,0.1,0.1,25.6,88,29.4,0,54136,0,0
2/15/2009 23:20,213,0.1,0.1,25.6,87,29.4,0,54136,0,0
2/15/2009 23:30,213,0.1,0.1,25.6,86,29.4,0,54136,0,0
2/15/2009 23:40,213,0.1,0.1,25.6,86,29.4,0,54136,0,0
2/15/2009 23:50,213,0.1,0.1,25.6,86,29.4,0,54136,0,0
2/16/2009 0:00,213,0.1,0.1,25.4,85,29.4,0,54136,0,0
2/16/2009 0:10,213,0.1,0.1,25.4,85,29.4,0,54136,0,0
2/16/2009 0:20,213,0.1,0.1,25.2,86,29.4,0,54136,0,0
2/16/2009 0:30,213,0.1,0.1,25.2,87,29.4,0,54136,0,0
2/16/2009 0:40,213,0.1,0.1,25,87,29.4,0,54136,0,0
2/16/2009 0:50,213,0.1,0.1,24.8,88,29.4,0,54136,0,0
2/16/2009 1:00,213,0.1,0.1,24.7,90,29.4,0,54136,0,0
2/16/2009 1:10,213,0.1,0.1,24.7,91,29.4,0,54136,0,0
2/16/2009 1:20,213,0.1,0.1,24.7,91,29.4,0,54136,0,0
2/16/2009 1:30,213,0.1,0.1,24.7,92,29.4,0,54136,0,0
2/16/2009 1:40,213,0.1,0.1,24.8,92,29.4,0,54136,0,0
2/16/2009 1:50,213,0.1,0.1,24.8,91,29.4,0,54136,0,0
2/16/2009 2:00,213,0.1,0.1,24.8,90,29.4,0,54136,0,0
2/16/2009 2:10,213,0.1,0.1,25,88,29.4,0,54136,0,0
2/16/2009 2:20,213,0.1,0.1,25,84,29.4,0,54136,0,0
2/16/2009 2:30,213,0.1,0.1,25,83,29.4,0,54136,0,0
2/16/2009 2:40,213,0.1,0.1,25,81,29.4,0,54136,0,0
2/16/2009 2:50,213,0.1,0.1,24.8,80,29.4,0,54136,0,0
2/16/2009 3:00,213,0.1,0.1,24.8,80,29.4,0,54136,0,0
2/16/2009 3:10,213,0.1,0.1,24.8,80,29.4,0,54136,0,0
2/16/2009 3:20,213,0.1,0.1,24.8,80,29.4,0,54136,0,0
2/16/2009 3:30,213,0.1,0.1,24.8,79,29.4,0,54136,0,0
2/16/2009 3:40,213,0.1,0.1,24.8,76,29.4,0,54136,0,0
2/16/2009 3:50,213,0.1,0.1,24.7,76,29.4,0,54136,0,0
2/16/2009 4:00,213,0.1,0.1,24.7,76,29.4,0,54136,0,0
2/16/2009 4:10,213,0.1,0.1,24.7,75,29.4,0,54136,0,0
2/16/2009 4:20,213,0.1,0.1,24.7,75,29.4,0,54136,0,0
2/16/2009 4:30,213,0.1,0.1,24.5,76,29.4,0,54136,0,0
2/16/2009 4:40,213,0.1,0.1,23.9,77,29.4,0,54136,0,0
2/16/2009 4:50,213,0.1,0.1,23.8,79,29.4,0,54136,0,0
2/16/2009 5:00,213,0.1,0.1,23.6,81,29.4,0,54136,0,0
2/16/2009 5:10,213,0.1,0.1,23.4,81,29.4,0,54136,0,0
2/16/2009 5:20,213,0.1,0.1,23.6,80,29.4,0,54136,0,0
2/16/2009 5:30,213,0.1,0.1,23.8,79,29.4,0,54136,0,0
2/16/2009 5:40,213,0.1,0.1,23.9,78,29.4,0,54136,0,0
2/16/2009 5:50,213,0.1,0.1,23.9,80,29.4,0,54136,0,0
2/16/2009 6:00,213,0.1,0.1,24.1,80,29.4,0,54136,0,0
2/16/2009 6:10,213,0.1,0.1,23.9,82,29.4,0,54136,0,0
2/16/2009 6:20,213,0.1,0.1,23.8,82,29.4,0,54136,0,0
2/16/2009 6:30,213,0.1,0.1,23.4,83,29.4,0,54136,0,0
2/16/2009 6:40,213,0.1,0.1,23.2,83,29.4,0,54136,0,0
2/16/2009 6:50,213,0.1,0.1,22.5,83,29.4,0,54136,0,0
2/16/2009 7:00,213,0.1,0.1,22.5,82,29.4,0,54136,0,0
2/16/2009 7:10,213,0.1,0.1,22.9,80,29.4,0,54136,0,0
2/16/2009 7:20,213,0.1,0.1,22.3,80,29.4,0,54136,0,0
2/16/2009 7:30,213,0.1,0.1,22,79,29.4,0,54136,0,0
2/16/2009 7:40,213,0.1,0.1,22.1,79,29.4,0,54136,0,0
2/16/2009 7:50,213,0.1,0.1,22.5,78,29.5,0,54136,0,0
2/16/2009 8:00,213,0.1,0.1,22.7,77,29.5,0,54136,0,0
2/16/2009 8:10,213,0.1,0.1,22.9,77,29.5,0,54136,0,0
2/16/2009 8:20,213,0.1,0.1,23,77,29.5,0,54136,0,0
2/16/2009 8:30,213,0.1,0.1,24.5,75,29.5,0,54136,0,0
2/16/2009 8:40,213,0.1,0.1,24.5,73,29.5,0,54136,0,0
2/16/2009 8:50,213,0.1,0.1,24.7,74,29.5,0,54136,0,0
2/16/2009 9:00,213,0.1,0.1,24.1,75,29.5,0,54136,0,0
2/16/2009 9:10,213,0.1,0.1,24.1,75,29.5,0,54136,0,0
2/16/2009 9:20,213,0.1,0.1,24.5,75,29.5,0,54136,0,0
2/16/2009 9:30,213,0.1,0.1,24.3,75,29.5,0,54136,0,0
2/16/2009 9:40,213,0.1,0.1,23.9,77,29.5,0,54136,0,0
2/16/2009 9:50,213,0.1,0.1,24.3,76,29.5,0,54136,0,0
2/16/2009 10:00,213,0.1,0.1,24.3,77,29.5,0,54136,0,0
2/16/2009 10:10,213,0.1,0.1,24.3,78,29.5,0,54136,0,0
2/16/2009 10:20,213,0.1,0.1,24.1,77,29.5,0,54136,0,0
2/16/2009 10:30,213,0.1,0.1,24.3,78,29.5,0,54136,0,0
2/16/2009 10:40,213,0.1,0.1,23.9,79,29.5,0,54136,0,0
2/16/2009 10:50,213,0.1,0.1,24.7,78,29.5,0,54136,0,0
2/16/2009 11:00,213,0.1,0.1,24.7,78,29.5,0,54136,0,0
2/16/2009 11:10,213,0.1,0.1,24.7,78,29.5,0,54136,0,0
2/16/2009 11:20,213,0.1,0.1,24.8,79,29.5,0,54136,0,0
2/16/2009 11:30,213,0.1,0.1,25,77,29.5,0,54136,0,0
2/16/2009 11:40,213,0.1,0.1,25.2,77,29.5,0,54136,0,0
2/16/2009 11:50,213,0.1,0.1,25.4,76,29.5,0,54136,0,0
2/16/2009 12:00,213,0.1,0.1,25.6,76,29.5,0,54136,0,0
2/16/2009 12:10,213,0.1,0.1,24.8,77,29.5,0,54136,0,0
2/16/2009 12:20,213,0.1,0.1,24.5,79,29.5,0,54136,0,0
2/16/2009 12:30,213,0.1,0.1,24.3,79,29.5,0,54136,0,0
2/16/2009 12:40,213,0.1,0.1,24.5,79,29.5,0,54136,0,0
2/16/2009 12:50,213,0.1,0.1,24.5,79,29.5,0,54136,0,0
2/16/2009 13:00,213,0.1,0.1,24.7,78,29.5,0,54136,0,0
2/16/2009 13:10,213,0.1,0.1,24.8,79,29.5,0,54136,0,0
2/16/2009 13:20,213,0.1,0.1,24.7,80,29.5,0,54136,0,0
2/16/2009 13:30,213,0.1,0.1,24.8,81,29.5,0,54136,0,0
2/16/2009 13:40,213,0.1,0.1,24.8,80,29.5,0,54136,0,0
2/16/2009 13:50,213,0.1,0.1,25,78,29.5,0,54136,0,0
2/16/2009 14:00,213,0.1,0.1,25,80,29.5,0,54136,0,0
2/16/2009 14:10,213,0.1,0.1,25.2,77,29.5,0,54136,0,0
2/16/2009 14:20,213,0.1,0.1,25,76,29.5,0,54136,0,0
2/16/2009 14:30,213,0.1,0.1,25.2,73,29.5,0,54136,0,0
2/16/2009 14:40,213,0.1,0.1,25.6,72,29.5,0,54136,0,0
2/16/2009 14:50,213,0.1,0.1,25.6,70,29.5,0,54136,0,0
2/16/2009 15:00,213,0.1,0.1,25.7,68,29.5,0,54136,0,0
2/16/2009 15:10,213,0.1,0.1,25.7,68,29.5,0,54136,0,0
2/16/2009 15:20,213,0.1,0.1,25.6,70,29.5,0,54136,0,0
2/16/2009 15:30,213,0.1,0.1,25.6,70,29.5,0,54136,0,0
2/16/2009 15:40,213,0.1,0.1,25.6,69,29.5,0,54136,0,0
2/16/2009 15:50,213,0.1,0.1,25.6,67,29.5,0,54136,0,0
2/16/2009 16:00,213,0.1,0.1,25.4,67,29.5,0,54136,0,0
2/16/2009 16:10,213,0.1,0.1,25.2,69,29.5,0,54136,0,0
2/16/2009 16:20,213,0.1,0.1,25.2,69,29.5,0,54136,0,0
2/16/2009 16:30,213,0.1,0.1,25.2,70,29.5,0,54136,0,0
2/16/2009 16:40,213,0.1,0.1,25.2,71,29.5,0,54136,0,0
2/16/2009 16:50,213,0.1,0.1,25.2,72,29.5,0,54136,0,0
2/16/2009 17:00,213,0.1,0.1,25.2,73,29.5,0,54136,0,0
2/16/2009 17:10,213,0.1,0.1,25.2,74,29.5,0,54136,0,0
2/16/2009 17:20,213,0.1,0.1,25,76,29.5,0,54136,0,0
2/16/2009 17:30,213,0.1,0.1,25,77,29.5,0,54136,0,0
2/16/2009 17:40,213,0.1,0.1,25,77,29.5,0,54136,0,0
2/16/2009 17:50,213,0.1,0.1,25,78,29.5,0,54136,0,0
2/16/2009 18:00,213,0.1,0.1,24.8,79,29.5,0,54136,0,0
2/16/2009 18:10,213,0.1,0.1,24.7,79,29.5,0,54136,0,0
2/16/2009 18:20,213,0.1,0.1,24.8,80,29.5,0,54136,0,0
2/16/2009 18:30,213,0.1,0.1,25,81,29.5,0,54136,0,0
2/16/2009 18:40,213,0.1,0.1,24.8,80,29.5,0,54136,0,0
2/16/2009 18:50,213,0.1,0.1,24.8,81,29.5,0,54136,0,0
2/16/2009 19:00,213,0.1,0.1,24.7,81,29.5,0,54136,0,0
2/16/2009 19:10,213,0.1,0.1,24.7,83,29.5,0,54136,0,0
2/16/2009 19:20,213,0.1,0.1,24.7,83,29.5,0,54136,0,0
2/16/2009 19:30,213,0.1,0.1,24.5,83,29.5,0,54136,0,0
2/16/2009 19:40,213,0.1,0.1,24.3,83,29.5,0,54136,0,0
2/16/2009 19:50,213,0.1,0.1,24.1,83,29.5,0,54136,0,0
2/16/2009 20:00,213,0.1,0.1,23.9,82,29.5,0,54136,0,0
2/16/2009 20:10,213,0.1,0.1,23.6,82,29.5,0,54136,0,0
2/16/2009 20:20,213,0.1,0.1,23.4,83,29.5,0,54136,0,0
2/16/2009 20:30,213,0.1,0.1,23,83,29.5,0,54136,0,0
2/16/2009 20:40,213,0.1,0.1,22.9,83,29.5,0,54136,0,0
2/16/2009 20:50,213,0.1,0.1,22.9,83,29.5,0,54136,0,0
2/16/2009 21:00,213,0.1,0.1,23,84,29.5,0,54136,0,0
2/16/2009 21:10,213,0.1,0.1,22.9,84,29.5,0,54136,0,0
2/16/2009 21:20,213,0.1,0.1,22.7,84,29.5,0,54136,0,0
2/16/2009 21:30,213,0.1,0.1,22.5,84,29.5,0,54136,0,0
2/16/2009 21:40,213,0.1,0.1,22.7,83,29.5,0,54136,0,0
2/16/2009 21:50,213,0.1,0.1,22.3,84,29.5,0,54136,0,0
2/16/2009 22:00,213,0.1,0.1,22.3,84,29.5,0,54136,0,0
2/16/2009 22:10,213,0.1,0.1,22.1,84,29.5,0,54136,0,0
2/16/2009 22:20,213,0.1,0.1,22.3,83,29.5,0,54136,0,0
2/16/2009 22:30,213,0.1,0.1,22.1,83,29.5,0,54136,0,0
2/16/2009 22:40,213,0.1,0.1,22,83,29.5,0,54136,0,0
2/16/2009 22:50,213,0.1,0.1,22.3,82,29.5,0,54136,0,0
2/16/2009 23:00,213,0.1,0.1,22.1,82,29.5,0,54136,0,0
2/16/2009 23:10,213,0.1,0.1,22.3,82,29.5,0,54136,0,0
2/16/2009 23:20,213,0.1,0.1,22.1,82,29.5,0,54136,0,0
2/16/2009 23:30,213,0.1,0.1,22.3,81,29.5,0,54136,0,0
2/16/2009 23:40,213,0.1,0.1,22,81,29.5,0,54136,0,0
2/16/2009 23:50,213,0.1,0.1,22.1,81,29.5,0,54136,0,0
2/17/2009 0:00,213,0.1,0.1,22,80,29.5,0,54136,0,0
2/17/2009 0:10,213,0.1,0.1,21.8,80,29.5,0,54136,0,0
2/17/2009 0:20,213,0.1,0.1,22,79,29.4,0,54136,0,0
2/17/2009 0:30,213,0.1,0.1,21.8,78,29.4,0,54136,0,0
2/17/2009 0:40,213,0.1,0.1,21.6,77,29.4,0,54136,0,0
2/17/2009 0:50,213,0.1,0.1,21.4,77,29.4,0,54136,0,0
2/17/2009 1:00,213,0.1,0.1,21.4,76,29.4,0,54136,0,0
2/17/2009 1:10,213,0.1,0.1,21.4,76,29.4,0,54136,0,0
2/17/2009 1:20,213,0.1,0.1,21.4,76,29.4,0,54136,0,0
2/17/2009 1:30,213,0.1,0.1,21.4,76,29.4,0,54136,0,0
2/17/2009 1:40,213,0.1,0.1,21.4,75,29.4,0,54136,0,0
2/17/2009 1:50,213,0.1,0.1,21.4,76,29.4,0,54136,0,0
2/17/2009 2:00,213,0.1,0.1,21.4,76,29.4,0,54136,0,0
2/17/2009 2:10,213,0.1,0.1,21.4,76,29.4,0,54136,0,0
2/17/2009 2:20,213,0.1,0.1,21.6,75,29.4,0,54136,0,0
2/17/2009 2:30,213,0.1,0.1,21.6,75,29.4,0,54136,0,0
2/17/2009 2:40,213,0.1,0.1,21.8,74,29.4,0,54136,0,0
2/17/2009 2:50,213,0.1,0.1,22,74,29.4,0,54136,0,0
2/17/2009 3:00,213,0.1,0.1,22.1,73,29.4,0,54136,0,0
2/17/2009 3:10,213,0.1,0.1,22.3,72,29.4,0,54136,0,0
2/17/2009 3:20,213,0.1,0.1,22.3,72,29.4,0,54136,0,0
2/17/2009 3:30,213,0.1,0.1,22.3,71,29.4,0,54136,0,0
2/17/2009 3:40,213,0.1,0.1,22.5,71,29.4,0,54136,0,0
2/17/2009 3:50,213,0.1,0.1,22.1,71,29.4,0,54136,0,0
2/17/2009 4:00,213,0.1,0.1,22,71,29.4,0,54136,0,0
2/17/2009 4:10,213,0.1,0.1,21.6,71,29.4,0,54136,0,0
2/17/2009 4:20,213,0.1,0.1,21.4,72,29.4,0,54136,0,0
2/17/2009 4:30,213,0.1,0.1,21.1,72,29.4,0,54136,0,0
2/17/2009 4:40,213,0.1,0.1,20.9,72,29.4,0,54136,0,0
2/17/2009 4:50,213,0.1,0.1,20.9,72,29.4,0,54136,0,0
2/17/2009 5:00,213,0.1,0.1,20.7,72,29.4,0,54136,0,0
2/17/2009 5:10,213,0.1,0.1,20.7,72,29.4,0,54136,0,0
2/17/2009 5:20,213,0.1,0.1,20.9,71,29.4,0,54136,0,0
2/17/2009 5:30,213,0.1,0.1,21.1,71,29.4,0,54136,0,0
2/17/2009 5:40,213,0.1,0.1,21.2,70,29.4,0,54136,0,0
2/17/2009 5:50,213,0.1,0.1,21.6,70,29.4,0,54136,0,0
2/17/2009 6:00,213,0.1,0.1,21.8,70,29.4,0,54136,0,0
2/17/2009 6:10,213,0.1,0.1,22.5,68,29.4,0,54136,0,0
2/17/2009 6:20,213,0.1,0.1,23,67,29.4,0,54136,0,0
2/17/2009 6:30,213,0.1,0.1,23.6,66,29.4,0,54136,0,0
2/17/2009 6:40,213,0.1,0.1,23.9,65,29.4,0,54136,0,0
2/17/2009 6:50,213,0.1,0.1,24.7,64,29.4,0,54136,0,0
2/17/2009 7:00,213,0.1,0.1,25.2,63,29.4,0,54136,0,0
2/17/2009 7:10,213,0.1,0.1,25.9,62,29.4,0,54136,0,0
2/17/2009 7:20,213,0.1,0.1,26.1,62,29.4,0,54136,0,0
2/17/2009 7:30,213,0.1,0.1,26.1,62,29.4,0,54136,0,0
2/17/2009 7:40,213,0.1,0.1,26.6,61,29.4,0,54136,0,0
2/17/2009 7:50,213,0.1,0.1,26.8,61,29.4,0,54136,0,0
2/17/2009 8:00,213,0.1,0.1,27.5,60,29.4,0,54136,0,0
2/17/2009 8:10,213,0.1,0.1,28.4,59,29.4,0,54136,0,0
2/17/2009 8:20,213,0.1,0.1,28.8,58,29.4,0,54136,0,0
2/17/2009 8:30,213,0.1,0.1,29.3,57,29.4,0,54136,0,0
2/17/2009 8:40,213,0.1,0.1,29.3,57,29.4,0,54136,0,0
2/17/2009 8:50,213,0.1,0.1,29.9,55,29.4,0,54136,0,0
2/17/2009 9:00,213,0.1,0.1,30.6,53,29.4,0,54136,0,0
2/17/2009 9:10,213,0.1,0.1,30.2,54,29.4,0,54136,0,0
2/17/2009 9:20,213,0.1,0.1,31,53,29.4,0,54136,0,0
2/17/2009 9:30,213,0.1,0.1,30.8,53,29.4,0,54136,0,0
2/17/2009 9:40,213,0.1,0.1,31.1,53,29.4,0,54136,0,0
2/17/2009 9:50,213,0.1,0.1,31.3,51,29.4,0,54136,0,0
2/17/2009 10:00,213,0.1,0.1,31.7,51,29.4,0,54136,0,0
2/17/2009 10:10,213,0.1,0.1,31.9,50,29.4,0,54136,0,0
2/17/2009 10:20,213,0.1,0.1,32,50,29.4,0,54136,0,0
2/17/2009 10:30,213,0.1,0.1,33,49,29.4,0,54136,0,0
2/17/2009 10:40,213,0.1,0.1,32,49,29.4,0,54136,0,0
2/17/2009 10:50,213,0.1,0.1,32.7,50,29.3,0,54136,0,0
2/17/2009 11:00,213,0.1,0.1,33.4,47,29.3,0,54136,0,0
2/17/2009 11:10,213,0.1,0.1,33.6,47,29.3,0,54136,0,0
2/17/2009 11:20,213,0.1,0.1,34.1,47,29.3,0,54136,0,0
2/17/2009 11:30,213,0.1,0.1,33.4,48,29.3,0,54136,0,0
2/17/2009 11:40,213,0.1,0.1,33.9,46,29.3,0,54136,0,0
2/17/2009 11:50,213,0.1,0.1,33.2,47,29.3,0,54136,0,0
2/17/2009 12:00,213,0.1,0.1,34.1,47,29.3,0,54136,0,0
2/17/2009 12:10,213,0.1,0.1,34.3,46,29.3,0,54136,0,0
2/17/2009 12:20,213,0.1,0.1,34.7,46,29.3,0,54136,0,0
2/17/2009 12:30,213,0.1,0.1,34.7,46,29.3,0,54136,0,0
2/17/2009 12:40,213,0.1,0.1,35,45,29.3,0,54136,0,0
2/17/2009 12:50,213,0.1,0.1,35,45,29.3,0,54136,0,0
2/17/2009 13:00,213,0.1,0.1,35,46,29.3,0,54136,0,0
2/17/2009 13:10,213,0.1,0.1,35,45,29.2,0,54136,0,0
2/17/2009 13:20,213,0.1,0.1,35.2,45,29.2,0,54136,0,0
2/17/2009 13:30,213,0.1,0.1,35,45,29.2,0,54136,0,0
2/17/2009 13:40,213,0.1,0.1,35.2,44,29.2,0,54136,0,0
2/17/2009 13:50,213,0.1,0.1,35.2,45,29.2,0,54136,0,0
2/17/2009 14:00,213,0.1,0.1,35.2,44,29.2,0,54136,0,0
2/17/2009 14:10,213,0.1,0.1,35.2,43,29.2,0,54136,0,0
2/17/2009 14:20,213,0.1,0.1,35.7,43,29.2,0,54136,0,0
2/17/2009 14:30,213,0.1,0.1,35.9,43,29.2,0,54136,0,0
2/17/2009 14:40,213,0.1,0.1,35.9,43,29.2,0,54136,0,0
2/17/2009 14:50,213,0.1,0.1,36.3,43,29.2,0,54136,0,0
2/17/2009 15:00,213,0.1,0.1,35.7,42,29.2,0,54136,0,0
2/17/2009 15:10,213,0.1,0.1,35.7,43,29.2,0,54136,0,0
2/17/2009 15:20,213,0.1,0.1,35.4,44,29.2,0,54136,0,0
2/17/2009 15:30,213,0.1,0.1,35,44,29.2,0,54136,0,0
2/17/2009 15:40,213,0.1,0.1,34.8,45,29.2,0,54136,0,0
2/17/2009 15:50,213,0.1,0.1,34.7,45,29.2,0,54136,0,0
2/17/2009 16:00,213,0.1,0.1,34.7,46,29.2,0,54136,0,0
2/17/2009 16:10,213,0.1,0.1,34.3,46,29.2,0,54136,0,0
2/17/2009 16:20,213,0.1,0.1,34.3,46,29.2,0,54136,0,0
2/17/2009 16:30,213,0.1,0.1,33.9,46,29.2,0,54136,0,0
2/17/2009 16:40,213,0.1,0.1,33.9,46,29.2,0,54136,0,0
2/17/2009 16:50,213,0.1,0.1,33.9,46,29.2,0,54136,0,0
2/17/2009 17:00,213,0.1,0.1,33.6,47,29.2,0,54136,0,0
2/17/2009 17:10,213,0.1,0.1,33.6,47,29.2,0,54136,0,0
2/17/2009 17:20,213,0.1,0.1,33.4,47,29.2,0,54136,0,0
2/17/2009 17:30,213,0.1,0.1,33.4,47,29.2,0,54136,0,0
2/17/2009 17:40,213,0.1,0.1,33.4,47,29.2,0,54136,0,0
2/17/2009 17:50,213,0.1,0.1,33.4,46,29.2,0,54136,0,0
2/17/2009 18:00,213,0.1,0.1,33.4,46,29.2,0,54136,0,0
2/17/2009 18:10,213,0.1,0.1,33.8,45,29.2,0,54136,0,0
2/17/2009 18:20,213,0.1,0.1,33.9,44,29.1,0,54136,0,0
2/17/2009 18:30,213,0.1,0.1,34.1,44,29.1,0,54136,0,0
2/17/2009 18:40,213,0.1,0.1,33.9,43,29.1,0,54136,0,0
2/17/2009 18:50,213,0.1,0.1,33.9,43,29.1,0,54136,0,0
2/17/2009 19:00,213,0.1,0.1,34.1,43,29.1,0,54136,0,0
2/17/2009 19:10,213,0.1,0.1,33.9,44,29.1,0,54136,0,0
2/17/2009 19:20,213,0.1,0.1,33.9,43,29.1,0,54136,0,0
2/17/2009 19:30,213,0.1,0.1,33.9,43,29.1,0,54136,0,0
2/17/2009 19:40,213,0.1,0.1,34.1,43,29.1,0,54136,0,0
2/17/2009 19:50,213,0.1,0.1,34.1,43,29.1,0,54136,0,0
2/17/2009 20:00,213,0.1,0.1,34.3,43,29.1,0,54136,0,0
2/17/2009 20:10,213,0.1,0.1,34.3,43,29.1,0,54136,0,0
2/17/2009 20:20,213,0.1,0.1,34.3,43,29.1,0,54136,0,0
2/17/2009 20:30,213,0.1,0.1,34.5,43,29.1,0,54136,0,0
2/17/2009 20:40,213,0.1,0.1,34.5,42,29.1,0,54136,0,0
2/17/2009 20:50,213,0.1,0.1,34.7,42,29.1,0,54136,0,0
2/17/2009 21:00,213,0.1,0.1,34.8,42,29.1,0,54136,0,0
2/17/2009 21:10,213,0.1,0.1,35,41,29.1,0,54136,0,0
2/17/2009 21:20,213,0.1,0.1,35.2,41,29.1,0,54136,0,0
2/17/2009 21:30,213,0.1,0.1,35.6,41,29.1,0,54136,0,0
2/17/2009 21:40,213,0.1,0.1,35.4,41,29,0,54136,0,0
2/17/2009 21:50,213,0.1,0.1,35.4,41,29,0,54136,0,0
2/17/2009 22:00,213,0.1,0.1,35.4,41,29,0,54136,0,0
2/17/2009 22:10,213,0.1,0.1,35.4,41,29,0,54136,0,0
2/17/2009 22:20,213,0.1,0.1,35.6,41,29,0,54136,0,0
2/17/2009 22:30,213,0.1,0.1,35.2,41,29,0,54136,0,0
2/17/2009 22:40,213,0.1,0.1,34.8,42,29,0,54136,0,0
2/17/2009 22:50,213,0.1,0.1,34.8,42,29,0,54136,0,0
2/17/2009 23:00,213,0.1,0.1,34.8,41,29,0,54136,0,0
2/17/2009 23:10,213,0.1,0.1,34.8,41,29,0,54136,0,0
2/17/2009 23:20,213,0.1,0.1,35.2,40,29,0,54136,0,0
2/17/2009 23:30,213,0.1,0.1,35.2,40,29,0,54136,0,0
2/17/2009 23:40,213,0.1,0.1,35.4,40,29,0,54136,0,0
2/17/2009 23:50,213,0.1,0.1,35.4,40,29,0,54136,0,0
2/18/2009 0:00,213,0.1,0.1,35.4,40,29,0,54136,0,0
2/18/2009 0:10,213,0.1,0.1,35.2,40,29,0,54136,0,0
2/18/2009 0:20,213,0.1,0.1,35.2,41,29,0,54136,0,0
2/18/2009 0:30,213,0.1,0.1,35.2,41,29,0,54136,0,0
2/18/2009 0:40,213,0.1,0.1,35,41,28.9,0,54136,0,0
2/18/2009 0:50,213,0.1,0.1,34.8,42,28.9,0,54136,0,0
2/18/2009 1:00,213,0.1,0.1,35,42,28.9,0,54136,0,0
2/18/2009 1:10,213,0.1,0.1,35,42,28.9,0,54136,0,0
2/18/2009 1:20,213,0.1,0.1,35,43,28.9,0,54136,0,0
2/18/2009 1:30,213,0.1,0.1,34.8,44,28.9,0,54136,0,0
2/18/2009 1:40,213,0.1,0.1,34.8,44,28.9,0,54136,0,0
2/18/2009 1:50,213,0.1,0.1,34.8,44,28.9,0,54136,0,0
2/18/2009 2:00,213,0.1,0.1,34.8,45,28.9,0,54136,0,0
2/18/2009 2:10,213,0.1,0.1,35.2,45,28.9,0,54136,0,0
2/18/2009 2:20,213,0.1,0.1,35.4,44,28.9,0,54136,0,0
2/18/2009 2:30,213,0.1,0.1,35.7,43,28.9,0,54136,0,0
2/18/2009 2:40,213,0.1,0.1,35.7,43,28.9,0,54136,0,0
2/18/2009 2:50,213,0.1,0.1,35.7,43,28.8,0,54136,0,0
2/18/2009 3:00,213,0.1,0.1,35.7,43,28.8,0,54136,0,0
2/18/2009 3:10,213,0.1,0.1,35.6,43,28.8,0,54136,0,0
2/18/2009 3:20,213,0.1,0.1,35.6,43,28.8,0,54136,0,0
2/18/2009 3:30,213,0.1,0.1,36.1,42,28.8,0,54136,0,0
2/18/2009 3:40,213,0.1,0.1,36.1,41,28.8,0,54136,0,0
2/18/2009 3:50,213,0.1,0.1,36.1,41,28.8,0,54136,0,0
2/18/2009 4:00,213,0.1,0.1,36.3,42,28.8,0,54136,0,0
2/18/2009 4:10,213,0.1,0.1,36.5,42,28.8,0,54146,0,0
2/18/2009 4:20,213,0.1,0.1,36.5,42,28.8,0,54156,0,0
2/18/2009 4:30,213,0.1,0.1,36.6,42,28.8,0,54156,0,0
2/18/2009 4:40,213,0.1,0.1,37,44,28.8,0,54166,0,0
2/18/2009 4:50,213,0.1,0.1,36.6,47,28.8,0,54196,0.01,0.01
2/18/2009 5:00,213,0.1,0.1,36.6,50,28.8,0,54246,0,0
2/18/2009 5:10,213,0.1,0.1,36.1,53,28.8,0,54296,0,0
2/18/2009 5:20,213,0.1,0.1,36.3,57,28.8,0,54466,0.01,0.01
2/18/2009 5:30,213,0.1,0.1,35.9,60,28.7,0,54486,0,0
2/18/2009 5:40,213,0.1,0.1,35.7,64,28.7,0,54536,0,0
2/18/2009 5:50,213,0.1,0.1,35.2,71,28.7,0,54646,0,0
2/18/2009 6:00,213,0.1,0.1,35,74,28.7,0,54646,0,0
2/18/2009 6:10,213,0.1,0.1,35,76,28.7,0,54936,0.05,0.05
2/18/2009 6:20,213,0.1,0.1,35,79,28.7,0,55436,0.04,0.04
2/18/2009 6:30,213,0.1,0.1,35,82,28.7,0,55676,0,0
2/18/2009 6:40,213,0.1,0.1,35.4,81,28.7,0,55706,0,0
2/18/2009 6:50,213,0.1,0.1,35.7,80,28.7,0,55726,0,0
2/18/2009 7:00,213,0.1,0.1,35.6,80,28.7,0,55816,0,0
2/18/2009 7:10,213,0.1,0.1,35.9,80,28.7,0,55916,0,0
2/18/2009 7:20,213,0.1,0.1,36.1,79,28.7,0,55956,0.01,0.01
2/18/2009 7:30,213,0.1,0.1,36.1,80,28.7,0,56046,0,0
2/18/2009 7:40,213,0.1,0.1,36.3,81,28.7,0,56116,0,0
2/18/2009 7:50,213,0.1,0.1,36.6,80,28.7,0,56136,0,0
2/18/2009 8:00,213,0.1,0.1,37,79,28.7,0,56136,0,0
2/18/2009 8:10,213,0.1,0.1,37.2,79,28.7,0,56136,0,0
2/18/2009 8:20,213,0.1,0.1,37.4,78,28.6,0,56136,0,0
2/18/2009 8:30,213,0.1,0.1,37.9,78,28.6,0,56136,0,0
2/18/2009 8:40,213,0.1,0.1,38.1,77,28.6,0,56136,0,0
2/18/2009 8:50,213,0.1,0.1,38.3,78,28.6,0,56136,0,0
2/18/2009 9:00,213,0.1,0.1,38.3,79,28.6,0,56136,0,0
2/18/2009 9:10,213,0.1,0.1,38.4,78,28.6,0,56146,0,0
2/18/2009 9:20,213,0.1,0.1,38.8,78,28.6,0,56166,0,0
2/18/2009 9:30,213,0.1,0.1,38.8,78,28.6,0,56166,0,0
2/18/2009 9:40,213,0.1,0.1,39.3,78,28.6,0,56166,0,0
2/18/2009 9:50,213,0.1,0.1,39.5,77,28.6,0,56176,0,0
2/18/2009 10:00,213,0.1,0.1,40.2,77,28.6,0,56176,0,0
2/18/2009 10:10,213,0.1,0.1,41,75,28.6,0,56176,0,0
2/18/2009 10:20,213,0.1,0.1,40.4,77,28.6,0,56176,0,0
2/18/2009 10:30,213,0.1,0.1,40.1,78,28.5,0,56186,0,0
2/18/2009 10:40,213,0.1,0.1,39.9,78,28.5,0,56186,0,0
2/18/2009 10:50,213,0.1,0.1,39.5,81,28.5,0,56226,0,0
2/18/2009 11:00,213,0.1,0.1,39.2,83,28.5,0,56496,0.01,0.01
2/18/2009 11:10,213,0.1,0.1,39,84,28.5,0,56856,0.04,0.04
2/18/2009 11:20,213,0.1,0.1,38.8,87,28.5,0,57456,0.37,0.37
2/18/2009 11:30,213,0.1,0.1,39.2,87,28.5,0,58006,0.02,0.02
2/18/2009 11:40,213,0.1,0.1,39.2,86,28.5,0,58436,0.02,0.02
2/18/2009 11:50,213,0.1,0.1,39.5,85,28.5,0,58466,0,0
2/18/2009 12:00,213,0.1,0.1,39.5,85,28.5,0,58466,0,0
2/18/2009 12:10,213,0.1,0.1,39.5,85,28.5,0,58486,0,0
2/18/2009 12:20,213,0.1,0.1,39.5,86,28.5,0,58606,0,0
2/18/2009 12:30,213,0.1,0.1,39.2,86,28.5,0,58706,0,0
2/18/2009 12:40,213,0.1,0.1,39.2,86,28.5,0,58716,0,0
2/18/2009 12:50,213,0.1,0.1,39,87,28.5,0,58716,0,0
2/18/2009 13:00,213,0.1,0.1,39,87,28.5,0,59036,0.02,0.02
2/18/2009 13:10,213,0.1,0.1,39,89,28.5,0,59566,0.18,0.18
2/18/2009 13:20,213,0.1,0.1,39.3,88,28.5,0,60146,0.55,0.55
2/18/2009 13:30,213,0.1,0.1,40.1,87,28.5,0,60746,0.41,0.41
2/18/2009 13:40,213,0.1,0.1,39.9,87,28.4,0,61316,0.02,0.02
2/18/2009 13:50,213,0.1,0.1,40.2,86,28.4,0,61556,0,0
2/18/2009 14:00,213,0.1,0.1,40.6,84,28.4,0,61556,0,0
2/18/2009 14:10,213,0.1,0.1,40.8,84,28.5,0,61556,0,0
2/18/2009 14:20,213,0.1,0.1,41.1,84,28.5,0,61556,0,0
2/18/2009 14:30,213,0.1,0.1,41.1,84,28.4,0,61556,0,0
2/18/2009 14:40,213,0.1,0.1,41.5,84,28.4,0,61556,0,0
2/18/2009 14:50,213,0.1,0.1,41.7,83,28.4,0,61586,0,0
2/18/2009 15:00,213,0.1,0.1,42,83,28.4,0,61586,0,0
2/18/2009 15:10,213,0.1,0.1,42,84,28.4,0,61586,0,0
2/18/2009 15:20,213,0.1,0.1,42,84,28.4,0,61586,0,0
2/18/2009 15:30,213,0.1,0.1,41.7,86,28.4,0,61606,0,0
2/18/2009 15:40,213,0.1,0.1,41.5,87,28.4,0,61626,0,0
2/18/2009 15:50,213,0.1,0.1,41.3,87,28.4,0,61626,0,0
2/18/2009 16:00,213,0.1,0.1,41.3,88,28.4,0,61636,0,0
2/18/2009 16:10,213,0.1,0.1,41.5,88,28.4,0,61946,0,0
2/18/2009 16:20,213,0.1,0.1,41.1,89,28.4,0,62246,0.01,0.01
2/18/2009 16:30,213,0.1,0.1,41,90,28.4,0,62836,0.03,0.03
2/18/2009 16:40,213,0.1,0.1,41,89,28.4,0,63416,0.02,0.02
2/18/2009 16:50,213,0.1,0.1,41.1,89,28.4,0,63646,0,0
2/18/2009 17:00,213,0.1,0.1,42,89,28.5,0,63886,0.04,0.04
2/18/2009 17:10,213,0.1,0.1,42.2,90,28.5,0,64156,0.01,0.01
2/18/2009 17:20,213,0.1,0.1,42.4,90,28.5,0,64196,0,0
2/18/2009 17:30,213,0.1,0.1,38.4,90,28.5,0,64236,0,0
2/18/2009 17:40,213,0.1,0.1,37.2,92,28.5,0,64236,0,0
2/18/2009 17:50,213,0.1,0.1,37.4,93,28.5,0,64236,0,0
2/18/2009 18:00,213,0.1,0.1,37,93,28.5,0,64236,0,0
2/18/2009 18:10,213,0.1,0.1,37.4,93,28.5,0,64236,0,0
2/18/2009 18:20,213,0.1,0.1,36.6,93,28.5,0,64236,0,0
2/18/2009 18:30,213,0.1,0.1,36.1,93,28.5,0,64236,0,0
2/18/2009 18:40,213,0.1,0.1,35.7,93,28.5,0,64236,0,0
2/18/2009 18:50,213,0.1,0.1,35.6,94,28.5,0,64246,0,0
2/18/2009 19:00,213,0.1,0.1,35.4,94,28.5,0,64246,0,0
2/18/2009 19:10,213,0.1,0.1,35.2,94,28.5,0,64246,0,0
2/18/2009 19:20,213,0.1,0.1,35.4,94,28.5,0,64246,0,0
2/18/2009 19:30,213,0.1,0.1,35,94,28.5,0,64246,0,0
2/18/2009 19:40,213,0.1,0.1,34.7,94,28.5,0,64276,0,0
2/18/2009 19:50,213,0.1,0.1,34.8,94,28.5,0,64436,0,0
2/18/2009 20:00,213,0.1,0.1,34.8,94,28.5,0,64656,0.01,0.01
2/18/2009 20:10,213,0.1,0.1,34.8,94,28.5,0,64946,0.01,0.01
2/18/2009 20:20,213,0.1,0.1,34.8,94,28.5,0,65016,0,0
2/18/2009 20:30,213,0.1,0.1,34.8,94,28.6,0,65016,0,0
2/18/2009 20:40,213,0.1,0.1,34.8,94,28.6,0,65016,0,0
2/18/2009 20:50,213,0.1,0.1,34.8,93,28.6,0,65016,0,0
2/18/2009 21:00,213,0.1,0.1,34.8,93,28.6,0,65056,0,0
2/18/2009 21:10,213,0.1,0.1,34.7,94,28.6,0,65286,0,0
2/18/2009 21:20,213,0.1,0.1,34.5,94,28.6,0,20,0,0
2/18/2009 21:30,213,0.1,0.1,34.5,94,28.6,0,300,0,0
2/18/2009 21:40,213,0.1,0.1,34.5,94,28.6,0,390,0,0
2/18/2009 21:50,213,0.1,0.1,34.5,94,28.6,0,590,0,0
2/18/2009 22:00,213,0.1,0.1,34.1,94,28.6,0,690,0,0
2/18/2009 22:10,213,0.1,0.1,33.9,93,28.6,0,750,0,0
2/18/2009 22:20,213,0.1,0.1,33.8,93,28.6,0,810,0,0
2/18/2009 22:30,213,0.1,0.1,33.8,93,28.6,0,830,0,0
2/18/2009 22:40,213,0.1,0.1,33.6,92,28.6,0,860,0,0
2/18/2009 22:50,213,0.1,0.1,33.6,92,28.6,0,860,0,0
2/18/2009 23:00,213,0.1,0.1,33.4,92,28.6,0,870,0,0
2/18/2009 23:10,213,0.1,0.1,33.2,93,28.6,0,900,0,0
2/18/2009 23:20,213,0.1,0.1,33,93,28.6,0,920,0,0
2/18/2009 23:30,213,0.1,0.1,33,93,28.6,0,970,0,0
2/18/2009 23:40,213,0.1,0.1,32.9,93,28.6,0,1080,0,0
2/18/2009 23:50,213,0.1,0.1,32.7,93,28.6,0,1200,0,0
2/19/2009 0:00,213,0.1,0.1,32.9,94,28.6,0,1200,0,0
2/19/2009 0:10,213,0.1,0.1,32.7,94,28.6,0,1210,0,0
2/19/2009 0:20,213,0.1,0.1,32.7,94,28.6,0,1300,0.01,0.01
2/19/2009 0:30,213,0.1,0.1,32.7,94,28.6,0,1440,0,0
2/19/2009 0:40,213,0.1,0.1,32.5,94,28.6,0,1720,0.01,0.01
2/19/2009 0:50,213,0.1,0.1,32.3,94,28.6,0,2290,0.01,0.01
2/19/2009 1:00,213,0.1,0.1,32.1,94,28.6,0,2480,0,0
2/19/2009 1:10,213,0.1,0.1,32.1,94,28.6,0,2660,0.01,0.01
2/19/2009 1:20,213,0.1,0.1,32.1,94,28.6,0,2690,0,0
2/19/2009 1:30,213,0.1,0.1,32.1,94,28.6,0,2690,0,0
2/19/2009 1:40,213,0.1,0.1,32.1,94,28.6,0,2690,0,0
2/19/2009 1:50,213,0.1,0.1,32.1,94,28.6,0,2690,0,0
2/19/2009 2:00,213,0.1,0.1,32,94,28.6,0,2690,0,0
2/19/2009 2:10,213,0.1,0.1,32,94,28.6,0,2690,0,0
2/19/2009 2:20,213,0.1,0.1,32,94,28.6,0,2690,0,0
2/19/2009 2:30,213,0.1,0.1,31.9,95,28.6,0,2690,0,0
2/19/2009 2:40,213,0.1,0.1,31.9,95,28.6,0,2690,0,0
2/19/2009 2:50,213,0.1,0.1,31.9,95,28.6,0,2730,0,0
2/19/2009 3:00,213,0.1,0.1,31.7,95,28.6,0,2740,0,0
2/19/2009 3:10,213,0.1,0.1,28.1,94,28.6,0,2890,0.01,0.01
2/19/2009 3:20,213,0.1,0.1,27.2,95,28.6,0,3000,0,0
2/19/2009 3:30,213,0.1,0.1,26.8,95,28.6,0,3100,0,0
2/19/2009 3:40,213,0.1,0.1,26.1,94,28.6,0,3170,0,0
2/19/2009 3:50,213,0.1,0.1,25.7,94,28.6,0,3310,0,0
2/19/2009 4:00,213,0.1,0.1,24.8,93,28.6,0,3400,0,0
2/19/2009 4:10,213,0.1,0.1,24.8,92,28.6,0,3420,0,0
2/19/2009 4:20,213,0.1,0.1,24.5,90,28.6,0,3470,0,0
2/19/2009 4:30,213,0.1,0.1,24.7,89,28.6,0,3500,0,0
2/19/2009 4:40,213,0.1,0.1,24.5,86,28.6,0,3510,0,0
2/19/2009 4:50,213,0.1,0.1,24.5,85,28.7,0,3510,0,0
2/19/2009 5:00,213,0.1,0.1,24.3,85,28.7,0,3510,0,0
2/19/2009 5:10,213,0.1,0.1,23.8,84,28.7,0,3510,0,0
2/19/2009 5:20,213,0.1,0.1,23,84,28.7,0,3530,0,0
2/19/2009 5:30,213,0.1,0.1,23,82,28.7,0,3540,0,0
2/19/2009 5:40,213,0.1,0.1,23,82,28.7,0,3540,0,0
2/19/2009 5:50,213,0.1,0.1,22.9,82,28.7,0,3550,0,0
2/19/2009 6:00,213,0.1,0.1,22.5,83,28.7,0,3550,0,0
2/19/2009 6:10,213,0.1,0.1,22.5,86,28.7,0,3550,0,0
2/19/2009 6:20,213,0.1,0.1,22.3,86,28.7,0,3550,0,0
2/19/2009 6:30,213,0.1,0.1,22,88,28.7,0,3550,0,0
2/19/2009 6:40,213,0.1,0.1,22,90,28.7,0,3550,0,0
2/19/2009 6:50,213,0.1,0.1,22.1,88,28.7,0,3560,0,0
2/19/2009 7:00,213,0.1,0.1,21.4,88,28.7,0,3710,0.04,0.04
2/19/2009 7:10,213,0.1,0.1,21.4,89,28.7,0,3780,0,0
2/19/2009 7:20,213,0.1,0.1,21.2,86,28.7,0,3920,0,0
2/19/2009 7:30,213,0.1,0.1,21.2,84,28.7,0,3990,0,0
2/19/2009 7:40,213,0.1,0.1,21.4,84,28.7,0,4100,0,0
2/19/2009 7:50,213,0.1,0.1,21.2,85,28.7,0,4150,0,0
2/19/2009 8:00,213,0.1,0.1,21.1,86,28.7,0,4310,0,0
2/19/2009 8:10,213,0.1,0.1,20.2,87,28.7,0,4550,0.01,0.01
2/19/2009 8:20,213,0.1,0.1,19.6,88,28.7,0,4850,0,0
2/19/2009 8:30,213,0.1,0.1,19.6,89,28.7,0,4960,0,0
2/19/2009 8:40,213,0.1,0.1,19.3,87,28.8,0,5060,0,0
2/19/2009 8:50,213,0.1,0.1,19.4,82,28.8,0,5150,0,0
2/19/2009 9:00,213,0.1,0.1,19.6,85,28.8,0,5240,0,0
2/19/2009 9:10,213,0.1,0.1,19.1,85,28.8,0,5360,0,0
2/19/2009 9:20,213,0.1,0.1,19.3,84,28.8,0,5380,0,0
2/19/2009 9:30,213,0.1,0.1,18,87,28.8,0,5530,0,0
2/19/2009 9:40,213,0.1,0.1,18.5,87,28.8,0,5530,0,0
2/19/2009 9:50,213,0.1,0.1,19.1,81,28.8,0,5530,0,0
2/19/2009 10:00,213,0.1,0.1,19.4,79,28.8,0,5560,0,0
2/19/2009 10:10,213,0.1,0.1,19.4,83,28.8,0,5560,0,0
2/19/2009 10:20,213,0.1,0.1,19.1,79,28.8,0,5590,0,0
2/19/2009 10:30,213,0.1,0.1,19.4,79,28.8,0,5630,0,0
2/19/2009 10:40,213,0.1,0.1,18.9,81,28.8,0,5750,0,0
2/19/2009 10:50,213,0.1,0.1,19.8,76,28.8,0,5750,0,0
2/19/2009 11:00,213,0.1,0.1,19.1,82,28.8,0,5850,0,0
2/19/2009 11:10,213,0.1,0.1,19.4,79,28.8,0,5900,0,0
2/19/2009 11:20,213,0.1,0.1,18.9,88,28.8,0,6120,0,0
2/19/2009 11:30,213,0.1,0.1,18.4,87,28.8,0,6250,0,0
2/19/2009 11:40,213,0.1,0.1,18.7,81,28.8,0,6370,0,0
2/19/2009 11:50,213,0.1,0.1,19.1,80,28.8,0,6450,0,0
2/19/2009 12:00,213,0.1,0.1,20.3,71,28.8,0,6570,0,0
2/19/2009 12:10,213,0.1,0.1,20.7,75,28.8,0,6640,0,0
2/19/2009 12:20,213,0.1,0.1,19.8,86,28.8,0,6730,0,0
2/19/2009 12:30,213,0.1,0.1,20,79,28.8,0,6960,0.02,0.02
2/19/2009 12:40,213,0.1,0.1,18.9,86,28.8,0,7490,0.03,0.03
2/19/2009 12:50,213,0.1,0.1,17.8,88,28.8,0,7900,0.01,0.01
2/19/2009 13:00,213,0.1,0.1,17.3,89,28.8,0,8160,0,0
2/19/2009 13:10,213,0.1,0.1,17.8,90,28.8,0,8220,0,0
2/19/2009 13:20,213,0.1,0.1,17.5,90,28.8,0,8370,0,0
2/19/2009 13:30,213,0.1,0.1,17.5,90,28.8,0,8480,0,0
2/19/2009 13:40,213,0.1,0.1,17.5,90,28.8,0,8480,0,0
2/19/2009 13:50,213,0.1,0.1,17.3,90,28.8,0,8490,0,0
2/19/2009 14:00,213,0.1,0.1,17.8,90,28.8,0,8490,0,0
2/19/2009 14:10,213,0.1,0.1,17.5,88,28.8,0,8790,0.05,0.05
2/19/2009 14:20,213,0.1,0.1,18,87,28.9,0,8990,0,0
2/19/2009 14:30,213,0.1,0.1,18.4,86,28.9,0,8990,0,0
2/19/2009 14:40,213,0.1,0.1,18.5,86,28.9,0,9000,0,0
2/19/2009 14:50,213,0.1,0.1,18.4,87,28.9,0,9120,0,0
2/19/2009 15:00,213,0.1,0.1,18.5,88,28.9,0,9130,0,0
2/19/2009 15:10,213,0.1,0.1,17.8,87,28.9,0,9250,0,0
2/19/2009 15:20,213,0.1,0.1,18.2,85,28.9,0,9250,0,0
2/19/2009 15:30,213,0.1,0.1,18.5,86,28.9,0,9270,0,0
2/19/2009 15:40,213,0.1,0.1,18.4,86,28.9,0,9350,0,0
2/19/2009 15:50,213,0.1,0.1,18.7,85,28.9,0,9350,0,0
2/19/2009 16:00,213,0.1,0.1,19.1,83,28.9,0,9440,0,0
2/19/2009 16:10,213,0.1,0.1,19.1,84,28.9,0,9520,0,0
2/19/2009 16:20,213,0.1,0.1,19.1,85,28.9,0,9560,0,0
2/19/2009 16:30,213,0.1,0.1,19.1,84,28.9,0,9610,0,0
2/19/2009 16:40,213,0.1,0.1,19.4,80,28.9,0,9630,0,0
2/19/2009 16:50,213,0.1,0.1,19.6,79,28.9,0,9640,0,0
2/19/2009 17:00,213,0.1,0.1,19.8,81,28.9,0,9640,0,0
2/19/2009 17:10,213,0.1,0.1,19.8,81,28.9,0,9640,0,0
2/19/2009 17:20,213,0.1,0.1,19.3,87,28.9,0,9700,0,0
2/19/2009 17:30,213,0.1,0.1,19.4,88,28.9,0,9710,0,0
2/19/2009 17:40,213,0.1,0.1,19.8,84,28.9,0,9890,0.01,0.01
2/19/2009 17:50,213,0.1,0.1,19.3,87,28.9,0,10340,0.01,0.01
2/19/2009 18:00,213,0.1,0.1,19.6,84,28.9,0,10430,0,0
2/19/2009 18:10,213,0.1,0.1,20.3,79,28.9,0,10510,0,0
2/19/2009 18:20,213,0.1,0.1,20.3,76,28.9,0,10710,0,0
2/19/2009 18:30,213,0.1,0.1,20.2,76,28.9,0,10870,0,0
2/19/2009 18:40,213,0.1,0.1,20.3,73,28.9,0,10890,0,0
2/19/2009 18:50,213,0.1,0.1,20.2,73,28.9,0,11140,0,0
2/19/2009 19:00,213,0.1,0.1,19.8,75,28.9,0,11430,0,0
2/19/2009 19:10,213,0.1,0.1,19.6,77,28.9,0,11740,0,0
2/19/2009 19:20,213,0.1,0.1,19.3,77,29,0,11840,0,0
2/19/2009 19:30,213,0.1,0.1,18.7,80,28.9,0,11910,0.02,0.02
2/19/2009 19:40,213,0.1,0.1,18,82,29,0,12120,0,0
2/19/2009 19:50,213,0.1,0.1,18.7,80,29,0,12150,0,0
2/19/2009 20:00,213,0.1,0.1,17.8,80,29,0,12650,0.01,0.01
2/19/2009 20:10,213,0.1,0.1,18.2,78,29,0,12850,0,0
2/19/2009 20:20,213,0.1,0.1,17.8,80,29,0,13090,0.13,0.13
2/19/2009 20:30,213,0.1,0.1,17.1,79,29,0,13270,0,0
2/19/2009 20:40,213,0.1,0.1,17.3,79,29,0,13400,0,0
2/19/2009 20:50,213,0.1,0.1,17.3,78,29,0,13630,0,0
2/19/2009 21:00,213,0.1,0.1,17.1,76,29,0,13650,0,0
2/19/2009 21:10,213,0.1,0.1,17.1,76,29,0,13670,0,0
2/19/2009 21:20,213,0.1,0.1,17.1,74,29,0,13700,0,0
2/19/2009 21:30,213,0.1,0.1,16.7,74,29,0,13740,0,0
2/19/2009 21:40,213,0.1,0.1,16.7,73,29,0,13780,0,0
2/19/2009 21:50,213,0.1,0.1,16.9,73,29,0,13810,0,0
2/19/2009 22:00,213,0.1,0.1,16.9,72,29,0,13840,0,0
2/19/2009 22:10,213,0.1,0.1,16.7,70,29,0,13880,0,0
2/19/2009 22:20,213,0.1,0.1,16.7,69,29,0,13930,0,0
2/19/2009 22:30,213,0.1,0.1,16.7,69,29,0,14000,0,0
2/19/2009 22:40,213,0.1,0.1,16.9,68,29,0,14100,0,0
2/19/2009 22:50,213,0.1,0.1,17.1,68,29,0,14210,0,0
2/19/2009 23:00,213,0.1,0.1,17.1,67,29,0,14380,0,0
2/19/2009 23:10,213,0.1,0.1,16.9,67,29,0,14540,0,0
2/19/2009 23:20,213,0.1,0.1,16.7,68,29,0,14730,0,0
2/19/2009 23:30,213,0.1,0.1,17.1,70,29,0,14760,0,0
2/19/2009 23:40,213,0.1,0.1,17.1,67,29,0,14880,0,0
2/19/2009 23:50,213,0.1,0.1,17.1,67,29,0,15030,0,0
2/20/2009 0:00,213,0.1,0.1,17.1,66,29,0,15210,0,0
2/20/2009 0:10,213,0.1,0.1,16.7,68,29,0,15310,0,0
2/20/2009 0:20,213,0.1,0.1,16.9,68,29,0,15410,0,0
2/20/2009 0:30,213,0.1,0.1,17.1,68,29,0,15470,0,0
2/20/2009 0:40,213,0.1,0.1,16.9,67,29,0,15600,0,0
2/20/2009 0:50,213,0.1,0.1,16.9,67,29,0,15730,0,0
2/20/2009 1:00,213,0.1,0.1,17.1,68,29,0,15880,0,0
2/20/2009 1:10,213,0.1,0.1,17.3,67,29,0,15910,0,0
2/20/2009 1:20,213,0.1,0.1,17.3,66,29,0,16120,0,0
2/20/2009 1:30,213,0.1,0.1,17.3,67,29,0,16380,0,0
2/20/2009 1:40,213,0.1,0.1,17.5,68,29,0,16550,0,0
2/20/2009 1:50,213,0.1,0.1,17.6,68,29,0,16750,0,0
2/20/2009 2:00,213,0.1,0.1,17.5,69,29,0,16940,0,0
2/20/2009 2:10,213,0.1,0.1,17.5,66,29,0,17200,0,0
2/20/2009 2:20,213,0.1,0.1,17.5,66,29,0,17480,0,0
2/20/2009 2:30,213,0.1,0.1,17.3,67,29,0,17880,0,0
2/20/2009 2:40,213,0.1,0.1,17.3,67,29,0,18120,0,0
2/20/2009 2:50,213,0.1,0.1,17.3,69,29,0,18400,0,0
2/20/2009 3:00,213,0.1,0.1,17.3,70,29,0,18640,0,0
2/20/2009 3:10,213,0.1,0.1,17.3,70,29,0,18910,0,0
2/20/2009 3:20,213,0.1,0.1,16.9,72,29,0,19160,0,0
2/20/2009 3:30,213,0.1,0.1,16.9,75,29,0,19380,0,0
2/20/2009 3:40,213,0.1,0.1,17.3,72,29,0,19590,0,0
2/20/2009 3:50,213,0.1,0.1,16.9,76,29,0,19790,0,0
2/20/2009 4:00,213,0.1,0.1,16.7,75,29,0,20040,0,0
2/20/2009 4:10,213,0.1,0.1,17.1,72,29,0,20210,0,0
2/20/2009 4:20,213,0.1,0.1,16.9,72,29,0,20420,0,0
2/20/2009 4:30,213,0.1,0.1,16.9,71,29,0,20580,0,0
2/20/2009 4:40,213,0.1,0.1,16.9,71,29,0,20790,0,0
2/20/2009 4:50,213,0.1,0.1,16.9,71,29,0,20980,0,0
2/20/2009 5:00,213,0.1,0.1,16.9,70,29,0,21170,0,0
2/20/2009 5:10,213,0.1,0.1,16.9,69,29,0,21390,0.01,0.01
2/20/2009 5:20,213,0.1,0.1,16.9,70,29,0,21560,0,0
2/20/2009 5:30,213,0.1,0.1,16.9,70,29,0,21680,0,0
2/20/2009 5:40,213,0.1,0.1,17.1,68,29,0,21800,0,0
2/20/2009 5:50,213,0.1,0.1,17.1,68,29,0,21890,0,0
2/20/2009 6:00,213,0.1,0.1,17.1,70,29,0,21910,0,0
2/20/2009 6:10,213,0.1,0.1,17.3,70,29,0,21910,0,0
2/20/2009 6:20,213,0.1,0.1,17.5,70,29,0,21910,0,0
2/20/2009 6:30,213,0.1,0.1,18,70,29,0,21910,0,0
2/20/2009 6:40,213,0.1,0.1,18.2,72,29,0,22020,0,0
2/20/2009 6:50,213,0.1,0.1,18.2,73,29,0,22110,0,0
2/20/2009 7:00,213,0.1,0.1,18.5,74,29,0,22150,0,0
2/20/2009 7:10,213,0.1,0.1,18.7,74,29.1,0,22160,0,0
2/20/2009 7:20,213,0.1,0.1,18.7,73,29.1,0,22180,0,0
2/20/2009 7:30,213,0.1,0.1,18.7,73,29.1,0,22230,0,0
2/20/2009 7:40,213,0.1,0.1,18.9,73,29.1,0,22230,0,0
2/20/2009 7:50,213,0.1,0.1,18.9,73,29.1,0,22250,0,0
2/20/2009 8:00,213,0.1,0.1,19.1,74,29.1,0,22260,0,0
2/20/2009 8:10,213,0.1,0.1,19.3,72,29.1,0,22280,0,0
2/20/2009 8:20,213,0.1,0.1,19.4,73,29.1,0,22280,0,0
2/20/2009 8:30,213,0.1,0.1,19.3,72,29.1,0,22290,0,0
2/20/2009 8:40,213,0.1,0.1,19.6,71,29.1,0,22290,0,0
2/20/2009 8:50,213,0.1,0.1,19.8,71,29.1,0,22310,0,0
2/20/2009 9:00,213,0.1,0.1,20.3,72,29.1,0,22320,0,0
2/20/2009 9:10,213,0.1,0.1,20.3,71,29.1,0,22320,0,0
2/20/2009 9:20,213,0.1,0.1,20.3,70,29.1,0,22330,0,0
2/20/2009 9:30,213,0.1,0.1,20.5,70,29.1,0,22340,0,0
2/20/2009 9:40,213,0.1,0.1,21.1,70,29.1,0,22340,0,0
2/20/2009 9:50,213,0.1,0.1,20.9,72,29.1,0,22340,0,0
2/20/2009 10:00,213,0.1,0.1,21.2,71,29.1,0,22340,0,0
2/20/2009 10:10,213,0.1,0.1,21.1,70,29.1,0,22350,0,0
2/20/2009 10:20,213,0.1,0.1,20.9,70,29.1,0,22370,0,0
2/20/2009 10:30,213,0.1,0.1,20.9,71,29.1,0,22370,0,0
2/20/2009 10:40,213,0.1,0.1,20.9,70,29.1,0,22380,0,0
2/20/2009 10:50,213,0.1,0.1,21.1,71,29.1,0,22420,0,0
2/20/2009 11:00,213,0.1,0.1,21.4,73,29.1,0,22420,0,0
2/20/2009 11:10,213,0.1,0.1,21.2,72,29.1,0,22440,0,0
2/20/2009 11:20,213,0.1,0.1,21.6,72,29.1,0,22470,0,0
2/20/2009 11:30,213,0.1,0.1,21.8,72,29.1,0,22480,0,0
2/20/2009 11:40,213,0.1,0.1,22.3,72,29.1,0,22480,0,0
2/20/2009 11:50,213,0.1,0.1,22.3,70,29.1,0,22520,0,0
2/20/2009 12:00,213,0.1,0.1,22.5,72,29.1,0,22540,0,0
2/20/2009 12:10,213,0.1,0.1,22.7,72,29.1,0,22550,0,0
2/20/2009 12:20,213,0.1,0.1,23,73,29.1,0,22550,0,0
2/20/2009 12:30,213,0.1,0.1,22.7,78,29.1,0,22550,0,0
2/20/2009 12:40,213,0.1,0.1,22.7,79,29.1,0,22560,0,0
2/20/2009 12:50,213,0.1,0.1,22.9,80,29.1,0,22580,0,0
2/20/2009 13:00,213,0.1,0.1,23,78,29.1,0,22580,0,0
2/20/2009 13:10,213,0.1,0.1,23,79,29.1,0,22590,0,0
2/20/2009 13:20,213,0.1,0.1,23,80,29.1,0,22600,0,0
2/20/2009 13:30,213,0.1,0.1,23.2,77,29.1,0,22610,0,0
2/20/2009 13:40,213,0.1,0.1,23.2,77,29.1,0,22640,0,0
2/20/2009 13:50,213,0.1,0.1,23.2,79,29.1,0,22640,0,0
2/20/2009 14:00,213,0.1,0.1,23.4,78,29.1,0,22660,0,0
2/20/2009 14:10,213,0.1,0.1,23.6,79,29.1,0,22700,0,0
2/20/2009 14:20,213,0.1,0.1,23.6,78,29.1,0,22770,0,0
2/20/2009 14:30,213,0.1,0.1,23.6,82,29.1,0,22810,0,0
2/20/2009 14:40,213,0.1,0.1,23.4,84,29.1,0,22820,0,0
2/20/2009 14:50,213,0.1,0.1,23.6,81,29.2,0,22860,0,0
2/20/2009 15:00,213,0.1,0.1,23.8,81,29.2,0,22880,0,0
2/20/2009 15:10,213,0.1,0.1,23.8,82,29.2,0,22910,0,0
2/20/2009 15:20,213,0.1,0.1,23.9,83,29.2,0,22920,0,0
2/20/2009 15:30,213,0.1,0.1,23.8,84,29.2,0,22950,0,0
2/20/2009 15:40,213,0.1,0.1,23.9,84,29.2,0,22950,0,0
2/20/2009 15:50,213,0.1,0.1,23.8,85,29.2,0,22970,0,0
2/20/2009 16:00,213,0.1,0.1,23.9,86,29.2,0,22990,0,0
2/20/2009 16:10,213,0.1,0.1,23.9,86,29.2,0,23010,0,0
2/20/2009 16:20,213,0.1,0.1,23.9,86,29.2,0,23030,0,0
2/20/2009 16:30,213,0.1,0.1,24.1,86,29.2,0,23040,0,0
2/20/2009 16:40,213,0.1,0.1,24.3,86,29.2,0,23080,0,0
2/20/2009 16:50,213,0.1,0.1,24.3,85,29.2,0,23120,0,0
2/20/2009 17:00,213,0.1,0.1,24.5,85,29.2,0,23170,0,0
2/20/2009 17:10,213,0.1,0.1,24.5,85,29.2,0,23250,0,0
2/20/2009 17:20,213,0.1,0.1,24.5,84,29.2,0,23310,0,0
2/20/2009 17:30,213,0.1,0.1,24.3,85,29.2,0,23340,0,0
2/20/2009 17:40,213,0.1,0.1,24.1,86,29.2,0,23370,0,0
2/20/2009 17:50,213,0.1,0.1,24.3,86,29.2,0,23370,0,0
2/20/2009 18:00,213,0.1,0.1,24.3,86,29.2,0,23380,0,0
2/20/2009 18:10,213,0.1,0.1,24.3,86,29.2,0,23380,0,0
2/20/2009 18:20,213,0.1,0.1,24.3,85,29.2,0,23380,0,0
2/20/2009 18:30,213,0.1,0.1,24.3,85,29.2,0,23380,0,0
2/20/2009 18:40,213,0.1,0.1,24.3,85,29.2,0,23380,0,0
2/20/2009 18:50,213,0.1,0.1,24.5,83,29.2,0,23380,0,0
2/20/2009 19:00,213,0.1,0.1,24.5,81,29.2,0,23380,0,0
2/20/2009 19:10,213,0.1,0.1,24.7,79,29.2,0,23380,0,0
2/20/2009 19:20,213,0.1,0.1,24.7,77,29.2,0,23380,0,0
2/20/2009 19:30,213,0.1,0.1,24.7,75,29.2,0,23380,0,0
2/20/2009 19:40,213,0.1,0.1,24.5,74,29.2,0,23380,0,0
2/20/2009 19:50,213,0.1,0.1,24.1,74,29.2,0,23380,0,0
2/20/2009 20:00,213,0.1,0.1,24.1,75,29.2,0,23380,0,0
2/20/2009 20:10,213,0.1,0.1,23.9,75,29.2,0,23380,0,0
2/20/2009 20:20,213,0.1,0.1,23.8,75,29.2,0,23380,0,0
2/20/2009 20:30,213,0.1,0.1,23.9,74,29.2,0,23380,0,0
2/20/2009 20:40,213,0.1,0.1,23.8,75,29.2,0,23380,0,0
2/20/2009 20:50,213,0.1,0.1,23.9,74,29.2,0,23380,0,0
2/20/2009 21:00,213,0.1,0.1,23.8,74,29.2,0,23380,0,0
2/20/2009 21:10,213,0.1,0.1,24.1,73,29.2,0,23380,0,0
2/20/2009 21:20,213,0.1,0.1,23.9,74,29.3,0,23380,0,0
2/20/2009 21:30,213,0.1,0.1,24.1,74,29.2,0,23380,0,0
2/20/2009 21:40,213,0.1,0.1,24.1,74,29.2,0,23380,0,0
2/20/2009 21:50,213,0.1,0.1,23.9,74,29.3,0,23380,0,0
2/20/2009 22:00,213,0.1,0.1,23.9,74,29.3,0,23380,0,0
2/20/2009 22:10,213,0.1,0.1,23.8,75,29.3,0,23380,0,0
2/20/2009 22:20,213,0.1,0.1,23.8,76,29.3,0,23380,0,0
2/20/2009 22:30,213,0.1,0.1,23.8,76,29.3,0,23380,0,0
2/20/2009 22:40,213,0.1,0.1,23.6,77,29.3,0,23380,0,0
2/20/2009 22:50,213,0.1,0.1,23.4,77,29.3,0,23380,0,0
2/20/2009 23:00,213,0.1,0.1,23.2,78,29.3,0,23380,0,0
2/20/2009 23:10,213,0.1,0.1,23.2,78,29.3,0,23380,0,0
2/20/2009 23:20,213,0.1,0.1,23.2,78,29.3,0,23380,0,0
2/20/2009 23:30,213,0.1,0.1,23.2,78,29.3,0,23380,0,0
2/20/2009 23:40,213,0.1,0.1,23,79,29.3,0,23380,0,0
2/20/2009 23:50,213,0.1,0.1,22.9,79,29.3,0,23380,0,0
2/21/2009 0:00,213,0.1,0.1,23.2,77,29.3,0,23380,0,0
2/21/2009 0:10,213,0.1,0.1,23.2,77,29.3,0,23380,0,0
2/21/2009 0:20,213,0.1,0.1,23,77,29.3,0,23380,0,0
2/21/2009 0:30,213,0.1,0.1,23.6,74,29.3,0,23380,0,0
2/21/2009 0:40,213,0.1,0.1,23.6,73,29.3,0,23380,0,0
2/21/2009 0:50,213,0.1,0.1,23.6,73,29.3,0,23380,0,0
2/21/2009 1:00,213,0.1,0.1,23.6,74,29.3,0,23380,0,0
2/21/2009 1:10,213,0.1,0.1,22.7,77,29.3,0,23380,0,0
2/21/2009 1:20,213,0.1,0.1,22.3,79,29.3,0,23380,0,0
2/21/2009 1:30,213,0.1,0.1,22.1,80,29.3,0,23380,0,0
2/21/2009 1:40,213,0.1,0.1,22.1,80,29.3,0,23380,0,0
2/21/2009 1:50,213,0.1,0.1,22.1,80,29.3,0,23380,0,0
2/21/2009 2:00,213,0.1,0.1,22.3,80,29.3,0,23380,0,0
2/21/2009 2:10,213,0.1,0.1,22.5,80,29.3,0,23380,0,0
2/21/2009 2:20,213,0.1,0.1,22.7,81,29.3,0,23380,0,0
2/21/2009 2:30,213,0.1,0.1,23,81,29.3,0,23380,0,0
2/21/2009 2:40,213,0.1,0.1,23.2,81,29.3,0,23380,0,0
2/21/2009 2:50,213,0.1,0.1,23.4,80,29.3,0,23380,0,0
2/21/2009 3:00,213,0.1,0.1,23.6,80,29.3,0,23380,0,0
2/21/2009 3:10,213,0.1,0.1,23.8,80,29.3,0,23380,0,0
2/21/2009 3:20,213,0.1,0.1,23.8,80,29.3,0,23380,0,0
2/21/2009 3:30,213,0.1,0.1,23.8,80,29.3,0,23380,0,0
2/21/2009 3:40,213,0.1,0.1,23.8,80,29.3,0,23380,0,0
2/21/2009 3:50,213,0.1,0.1,23.9,79,29.3,0,23380,0,0
2/21/2009 4:00,213,0.1,0.1,23.8,79,29.3,0,23380,0,0
2/21/2009 4:10,213,0.1,0.1,23.8,79,29.3,0,23380,0,0
2/21/2009 4:20,213,0.1,0.1,23.4,79,29.3,0,23380,0,0
2/21/2009 4:30,213,0.1,0.1,23.4,79,29.3,0,23380,0,0
2/21/2009 4:40,213,0.1,0.1,23.4,79,29.3,0,23380,0,0
2/21/2009 4:50,213,0.1,0.1,23.4,78,29.3,0,23380,0,0
2/21/2009 5:00,213,0.1,0.1,23.2,78,29.3,0,23380,0,0
2/21/2009 5:10,213,0.1,0.1,23.2,78,29.3,0,23380,0,0
2/21/2009 5:20,213,0.1,0.1,23.4,77,29.3,0,23380,0,0
2/21/2009 5:30,213,0.1,0.1,23.4,76,29.3,0,23380,0,0
2/21/2009 5:40,213,0.1,0.1,23.6,75,29.3,0,23380,0,0
2/21/2009 5:50,213,0.1,0.1,23.8,74,29.3,0,23380,0,0
2/21/2009 6:00,213,0.1,0.1,24.1,73,29.3,0,23380,0,0
2/21/2009 6:10,213,0.1,0.1,24.5,71,29.3,0,23380,0,0
2/21/2009 6:20,213,0.1,0.1,24.3,70,29.3,0,23380,0,0
2/21/2009 6:30,213,0.1,0.1,24.5,70,29.3,0,23380,0,0
2/21/2009 6:40,213,0.1,0.1,24.7,68,29.3,0,23380,0,0
2/21/2009 6:50,213,0.1,0.1,24.8,67,29.3,0,23380,0,0
2/21/2009 7:00,213,0.1,0.1,25,66,29.3,0,23380,0,0
2/21/2009 7:10,213,0.1,0.1,25.7,65,29.3,0,23380,0,0
2/21/2009 7:20,213,0.1,0.1,26.5,63,29.3,0,23380,0,0
2/21/2009 7:30,213,0.1,0.1,26.5,61,29.3,0,23380,0,0
2/21/2009 7:40,213,0.1,0.1,26.5,60,29.3,0,23380,0,0
2/21/2009 7:50,213,0.1,0.1,27,59,29.3,0,23380,0,0
2/21/2009 8:00,213,0.1,0.1,27,57,29.3,0,23380,0,0
2/21/2009 8:10,213,0.1,0.1,27.2,57,29.3,0,23380,0,0
2/21/2009 8:20,213,0.1,0.1,27.4,57,29.3,0,23380,0,0
2/21/2009 8:30,213,0.1,0.1,27.5,55,29.3,0,23380,0,0
2/21/2009 8:40,213,0.1,0.1,28.1,55,29.3,0,23380,0,0
2/21/2009 8:50,213,0.1,0.1,27.9,54,29.3,0,23380,0,0
2/21/2009 9:00,213,0.1,0.1,28.6,53,29.3,0,23380,0,0
2/21/2009 9:10,213,0.1,0.1,28.6,51,29.3,0,23380,0,0
2/21/2009 9:20,213,0.1,0.1,29.2,52,29.3,0,23380,0,0
2/21/2009 9:30,213,0.1,0.1,29.7,50,29.2,0,23380,0,0
2/21/2009 9:40,213,0.1,0.1,29.7,47,29.2,0,23380,0,0
2/21/2009 9:50,213,0.1,0.1,30.4,46,29.2,0,23380,0,0
2/21/2009 10:00,213,0.1,0.1,30.6,49,29.2,0,23380,0,0
2/21/2009 10:10,213,0.1,0.1,30.2,48,29.2,0,23380,0,0
2/21/2009 10:20,213,0.1,0.1,30.6,47,29.2,0,23380,0,0
2/21/2009 10:30,213,0.1,0.1,31,47,29.2,0,23380,0,0
2/21/2009 10:40,213,0.1,0.1,31.3,47,29.2,0,23380,0,0
2/21/2009 10:50,213,0.1,0.1,31.3,47,29.2,0,23380,0,0
2/21/2009 11:00,213,0.1,0.1,31.9,47,29.2,0,23380,0,0
2/21/2009 11:10,213,0.1,0.1,31.9,46,29.2,0,23380,0,0
2/21/2009 11:20,213,0.1,0.1,31.7,47,29.2,0,23380,0,0
2/21/2009 11:30,213,0.1,0.1,31.9,46,29.2,0,23380,0,0
2/21/2009 11:40,213,0.1,0.1,31.9,47,29.2,0,23380,0,0
2/21/2009 11:50,213,0.1,0.1,31.7,48,29.2,0,23380,0,0
2/21/2009 12:00,213,0.1,0.1,31.7,49,29.2,0,23380,0,0
2/21/2009 12:10,213,0.1,0.1,31.5,50,29.1,0,23380,0,0
2/21/2009 12:20,213,0.1,0.1,31.9,48,29.1,0,23380,0,0
2/21/2009 12:30,213,0.1,0.1,32,48,29.1,0,23380,0,0
2/21/2009 12:40,213,0.1,0.1,32.1,47,29.1,0,23380,0,0
2/21/2009 12:50,213,0.1,0.1,32.5,46,29.1,0,23380,0,0
2/21/2009 13:00,213,0.1,0.1,32.7,48,29.1,0,23380,0,0
2/21/2009 13:10,213,0.1,0.1,32.9,47,29.1,0,23380,0,0
2/21/2009 13:20,213,0.1,0.1,33.2,47,29,0,23380,0,0
2/21/2009 13:30,213,0.1,0.1,33.4,46,29,0,23380,0,0
2/21/2009 13:40,213,0.1,0.1,33.6,47,29,0,23380,0,0
2/21/2009 13:50,213,0.1,0.1,33.8,47,29,0,23380,0,0
2/21/2009 14:00,213,0.1,0.1,34.3,46,29,0,23380,0,0
2/21/2009 14:10,213,0.1,0.1,34.5,46,29,0,23380,0,0
2/21/2009 14:20,213,0.1,0.1,34.7,46,29.1,0,23380,0,0
2/21/2009 14:30,213,0.1,0.1,34.8,45,29.1,0,23380,0,0
2/21/2009 14:40,213,0.1,0.1,35,45,29,0,23380,0,0
2/21/2009 14:50,213,0.1,0.1,35.4,44,29,0,23380,0,0
2/21/2009 15:00,213,0.1,0.1,35.4,45,29,0,23380,0,0
2/21/2009 15:10,213,0.1,0.1,35.7,45,29,0,23380,0,0
2/21/2009 15:20,213,0.1,0.1,35.9,45,29,0,23380,0,0
2/21/2009 15:30,213,0.1,0.1,36.1,45,29,0,23380,0,0
2/21/2009 15:40,213,0.1,0.1,36.3,44,29,0,23380,0,0
2/21/2009 15:50,213,0.1,0.1,36.5,44,29,0,23380,0,0
2/21/2009 16:00,213,0.1,0.1,36.8,44,29,0,23380,0,0
2/21/2009 16:10,213,0.1,0.1,37,44,29,0,23380,0,0
2/21/2009 16:20,213,0.1,0.1,37.2,44,29,0,23380,0,0
2/21/2009 16:30,213,0.1,0.1,37.4,44,29,0,23380,0,0
2/21/2009 16:40,213,0.1,0.1,37.5,44,29,0,23380,0,0
2/21/2009 16:50,213,0.1,0.1,37.4,44,29,0,23380,0,0
2/21/2009 17:00,213,0.1,0.1,37.5,44,29,0,23380,0,0
2/21/2009 17:10,213,0.1,0.1,37.4,44,29,0,23380,0,0
2/21/2009 17:20,213,0.1,0.1,37.5,44,29,0,23380,0,0
2/21/2009 17:30,213,0.1,0.1,37.4,45,29,0,23380,0,0
2/21/2009 17:40,213,0.1,0.1,37.4,45,29,0,23380,0,0
2/21/2009 17:50,213,0.1,0.1,37.4,45,29,0,23380,0,0
2/21/2009 18:00,213,0.1,0.1,37.5,46,29,0,23380,0,0
2/21/2009 18:10,213,0.1,0.1,37.5,46,29,0,23380,0,0
2/21/2009 18:20,213,0.1,0.1,37.5,47,29,0,23380,0,0
2/21/2009 18:30,213,0.1,0.1,37.5,48,29,0,23380,0,0
2/21/2009 18:40,213,0.1,0.1,36.6,64,29,0,23380,0,0
2/21/2009 18:50,213,0.1,0.1,34.8,76,29,0,23380,0,0
2/21/2009 19:00,213,0.1,0.1,33.6,84,29,0,23380,0,0
2/21/2009 19:10,213,0.1,0.1,33,88,29,0,23380,0,0
2/21/2009 19:20,213,0.1,0.1,32.1,90,29,0,23380,0,0
2/21/2009 19:30,213,0.1,0.1,32.1,91,29,0,23380,0,0
2/21/2009 19:40,213,0.1,0.1,32.3,92,29,0,23380,0,0
2/21/2009 19:50,213,0.1,0.1,32.1,92,29.1,0,23380,0,0
2/21/2009 20:00,213,0.1,0.1,31.5,93,29,0,23550,0,0
2/21/2009 20:10,213,0.1,0.1,31,93,29,0,23670,0,0
2/21/2009 20:20,213,0.1,0.1,30.8,93,29,0,23740,0.02,0.02
2/21/2009 20:30,213,0.1,0.1,28.6,93,29.1,0,23890,0,0
2/21/2009 20:40,213,0.1,0.1,28.3,93,29.1,0,23890,0,0
2/21/2009 20:50,213,0.1,0.1,27.7,93,29.1,0,23900,0,0
2/21/2009 21:00,213,0.1,0.1,26.8,93,29.1,0,23910,0,0
2/21/2009 21:10,213,0.1,0.1,26.8,92,29.1,0,23910,0,0
2/21/2009 21:20,213,0.1,0.1,26.8,92,29.1,0,23910,0,0
2/21/2009 21:30,213,0.1,0.1,26.5,92,29.1,0,23910,0,0
2/21/2009 21:40,213,0.1,0.1,26.5,91,29.1,0,23910,0,0
2/21/2009 21:50,213,0.1,0.1,26.6,91,29.1,0,23910,0,0
2/21/2009 22:00,213,0.1,0.1,26.8,90,29.1,0,23910,0,0
2/21/2009 22:10,213,0.1,0.1,26.6,89,29.1,0,23910,0,0
2/21/2009 22:20,213,0.1,0.1,26.6,88,29.1,0,23910,0,0
2/21/2009 22:30,213,0.1,0.1,26.6,87,29.1,0,23910,0,0
2/21/2009 22:40,213,0.1,0.1,26.3,87,29.1,0,23910,0,0
2/21/2009 22:50,213,0.1,0.1,25.7,86,29.1,0,23910,0,0
2/21/2009 23:00,213,0.1,0.1,25.9,86,29.1,0,23910,0,0
2/21/2009 23:10,213,0.1,0.1,25.9,84,29.1,0,23910,0,0
2/21/2009 23:20,213,0.1,0.1,25.9,82,29.1,0,23910,0,0
2/21/2009 23:30,213,0.1,0.1,25.9,82,29.1,0,23910,0,0
2/21/2009 23:40,213,0.1,0.1,25.9,82,29.1,0,23910,0,0
2/21/2009 23:50,213,0.1,0.1,25.7,81,29.1,0,23910,0,0
2/22/2009 0:00,213,0.1,0.1,25.9,80,29.1,0,23910,0,0
2/22/2009 0:10,213,0.1,0.1,25.9,78,29.1,0,23910,0,0
2/22/2009 0:20,213,0.1,0.1,25.9,78,29.1,0,23910,0,0
2/22/2009 0:30,213,0.1,0.1,25.7,76,29.1,0,23910,0,0
2/22/2009 0:40,213,0.1,0.1,25.4,75,29.1,0,23910,0,0
2/22/2009 0:50,213,0.1,0.1,25.4,73,29.1,0,23910,0,0
2/22/2009 1:00,213,0.1,0.1,25.2,72,29.1,0,23910,0,0
2/22/2009 1:10,213,0.1,0.1,25.2,72,29.1,0,23910,0,0
2/22/2009 1:20,213,0.1,0.1,25,71,29.1,0,23910,0,0
2/22/2009 1:30,213,0.1,0.1,25,72,29.1,0,23910,0,0
2/22/2009 1:40,213,0.1,0.1,24.8,73,29.1,0,23910,0,0
2/22/2009 1:50,213,0.1,0.1,25,74,29.1,0,23910,0,0
2/22/2009 2:00,213,0.1,0.1,25,73,29.1,0,23910,0,0
2/22/2009 2:10,213,0.1,0.1,24.8,72,29.1,0,23910,0,0
2/22/2009 2:20,213,0.1,0.1,24.7,70,29.1,0,23910,0,0
2/22/2009 2:30,213,0.1,0.1,24.5,70,29.1,0,23910,0,0
2/22/2009 2:40,213,0.1,0.1,24.5,71,29.1,0,23910,0,0
2/22/2009 2:50,213,0.1,0.1,24.5,72,29.1,0,23910,0,0
2/22/2009 3:00,213,0.1,0.1,24.5,73,29.1,0,23910,0,0
2/22/2009 3:10,213,0.1,0.1,24.7,73,29.1,0,23910,0,0
2/22/2009 3:20,213,0.1,0.1,24.5,71,29.1,0,23910,0,0
2/22/2009 3:30,213,0.1,0.1,24.5,70,29.1,0,23910,0,0
2/22/2009 3:40,213,0.1,0.1,24.5,70,29.1,0,23910,0,0
2/22/2009 3:50,213,0.1,0.1,24.5,69,29.1,0,23910,0,0
2/22/2009 4:00,213,0.1,0.1,24.3,70,29.1,0,23910,0,0
2/22/2009 4:10,213,0.1,0.1,24.3,71,29.1,0,23910,0,0
2/22/2009 4:20,213,0.1,0.1,24.3,71,29.1,0,23910,0,0
2/22/2009 4:30,213,0.1,0.1,24.3,71,29.1,0,23910,0,0
2/22/2009 4:40,213,0.1,0.1,24.1,72,29.1,0,23910,0,0
2/22/2009 4:50,213,0.1,0.1,24.1,73,29.1,0,23910,0,0
2/22/2009 5:00,213,0.1,0.1,24.1,74,29.1,0,23910,0,0
2/22/2009 5:10,213,0.1,0.1,23.9,76,29.1,0,23910,0,0
2/22/2009 5:20,213,0.1,0.1,24.1,76,29.1,0,23910,0,0
2/22/2009 5:30,213,0.1,0.1,24.1,75,29.1,0,23910,0,0
2/22/2009 5:40,213,0.1,0.1,24.1,76,29.1,0,23910,0,0
2/22/2009 5:50,213,0.1,0.1,24.1,75,29.1,0,23910,0,0
2/22/2009 6:00,213,0.1,0.1,24.3,76,29.1,0,23910,0,0
2/22/2009 6:10,213,0.1,0.1,24.1,76,29.1,0,23910,0,0
2/22/2009 6:20,213,0.1,0.1,24.1,77,29.1,0,23910,0,0
2/22/2009 6:30,213,0.1,0.1,24.3,77,29.1,0,23910,0,0
2/22/2009 6:40,213,0.1,0.1,24.5,76,29.1,0,23910,0,0
2/22/2009 6:50,213,0.1,0.1,24.7,75,29.1,0,23910,0,0
2/22/2009 7:00,213,0.1,0.1,24.7,75,29.1,0,23910,0,0
2/22/2009 7:10,213,0.1,0.1,24.8,76,29.1,0,23910,0,0
2/22/2009 7:20,213,0.1,0.1,24.7,77,29.1,0,23910,0,0
2/22/2009 7:30,213,0.1,0.1,24.8,76,29.1,0,23910,0,0
2/22/2009 7:40,213,0.1,0.1,25,77,29.1,0,23910,0,0
2/22/2009 7:50,213,0.1,0.1,25,78,29.1,0,23910,0,0
2/22/2009 8:00,213,0.1,0.1,24.8,79,29.1,0,23910,0,0
2/22/2009 8:10,213,0.1,0.1,25,80,29.1,0,23910,0,0
2/22/2009 8:20,213,0.1,0.1,25,81,29.1,0,23910,0,0
2/22/2009 8:30,213,0.1,0.1,25,82,29.1,0,23910,0,0
2/22/2009 8:40,213,0.1,0.1,25.2,82,29.1,0,23910,0,0
2/22/2009 8:50,213,0.1,0.1,25.4,83,29.1,0,23910,0,0
2/22/2009 9:00,213,0.1,0.1,25.4,82,29.1,0,23910,0,0
2/22/2009 9:10,213,0.1,0.1,25.9,81,29.1,0,23910,0,0
2/22/2009 9:20,213,0.1,0.1,25.9,81,29.1,0,23910,0,0
2/22/2009 9:30,213,0.1,0.1,23.8,87,29.1,0,24150,0.07,0.07
2/22/2009 9:40,213,0.1,0.1,23.6,89,29.2,0,24280,0,0
2/22/2009 9:50,213,0.1,0.1,23.8,88,29.1,0,24280,0,0
2/22/2009 10:00,213,0.1,0.1,23.9,83,29.2,0,24280,0,0
2/22/2009 10:10,213,0.1,0.1,23.8,81,29.2,0,24280,0,0
2/22/2009 10:20,213,0.1,0.1,23.4,79,29.2,0,24280,0,0
2/22/2009 10:30,213,0.1,0.1,23.4,77,29.2,0,24290,0,0
2/22/2009 10:40,213,0.1,0.1,23.4,78,29.2,0,24290,0,0
2/22/2009 10:50,213,0.1,0.1,23.6,78,29.2,0,24290,0,0
2/22/2009 11:00,213,0.1,0.1,23.6,79,29.2,0,24290,0,0
2/22/2009 11:10,213,0.1,0.1,23.4,78,29.2,0,24290,0,0
2/22/2009 11:20,213,0.1,0.1,23.4,79,29.2,0,24290,0,0
2/22/2009 11:30,213,0.1,0.1,23,80,29.2,0,24290,0,0
2/22/2009 11:40,213,0.1,0.1,23.2,79,29.2,0,24290,0,0
2/22/2009 11:50,213,0.1,0.1,23.4,77,29.2,0,24290,0,0
2/22/2009 12:00,213,0.1,0.1,23.4,76,29.2,0,24290,0,0
2/22/2009 12:10,213,0.1,0.1,23.6,76,29.2,0,24290,0,0
2/22/2009 12:20,213,0.1,0.1,23.4,75,29.2,0,24290,0,0
2/22/2009 12:30,213,0.1,0.1,23.8,78,29.2,0,24290,0,0
2/22/2009 12:40,213,0.1,0.1,23.8,76,29.2,0,24290,0,0
2/22/2009 12:50,213,0.1,0.1,23.9,76,29.2,0,24290,0,0
2/22/2009 13:00,213,0.1,0.1,23.8,75,29.2,0,24290,0,0
2/22/2009 13:10,213,0.1,0.1,23.9,76,29.2,0,24290,0,0
2/22/2009 13:20,213,0.1,0.1,23.9,77,29.2,0,24290,0,0
2/22/2009 13:30,213,0.1,0.1,23.8,78,29.2,0,24290,0,0
2/22/2009 13:40,213,0.1,0.1,23.4,83,29.2,0,24290,0,0
2/22/2009 13:50,213,0.1,0.1,23.4,83,29.2,0,24290,0,0
2/22/2009 14:00,213,0.1,0.1,23.4,84,29.2,0,24290,0,0
2/22/2009 14:10,213,0.1,0.1,23.4,85,29.2,0,24290,0,0
2/22/2009 14:20,213,0.1,0.1,23.4,86,29.2,0,24290,0,0
2/22/2009 14:30,213,0.1,0.1,23.9,82,29.2,0,24290,0,0
2/22/2009 14:40,213,0.1,0.1,23.8,83,29.2,0,24290,0,0
2/22/2009 14:50,213,0.1,0.1,23.9,80,29.2,0,24290,0,0
2/22/2009 15:00,213,0.1,0.1,23.9,78,29.3,0,24290,0,0
2/22/2009 15:10,213,0.1,0.1,23.8,78,29.3,0,24290,0,0
2/22/2009 15:20,213,0.1,0.1,23.9,78,29.3,0,24290,0,0
2/22/2009 15:30,213,0.1,0.1,24.3,76,29.3,0,24290,0,0
2/22/2009 15:40,213,0.1,0.1,24.3,76,29.3,0,24290,0,0
2/22/2009 15:50,213,0.1,0.1,24.3,76,29.3,0,24290,0,0
2/22/2009 16:00,213,0.1,0.1,24.5,77,29.3,0,24290,0,0
2/22/2009 16:10,213,0.1,0.1,24.7,74,29.3,0,24290,0,0
2/22/2009 16:20,213,0.1,0.1,24.7,75,29.3,0,24290,0,0
2/22/2009 16:30,213,0.1,0.1,24.1,81,29.3,0,24290,0,0
2/22/2009 16:40,213,0.1,0.1,23.9,83,29.3,0,24290,0,0
2/22/2009 16:50,213,0.1,0.1,23.9,83,29.3,0,24290,0,0
2/22/2009 17:00,213,0.1,0.1,24.1,84,29.3,0,24290,0,0
2/22/2009 17:10,213,0.1,0.1,23.8,83,29.3,0,24290,0,0
2/22/2009 17:20,213,0.1,0.1,24.1,80,29.3,0,24290,0,0
2/22/2009 17:30,213,0.1,0.1,24.1,79,29.3,0,24290,0,0
2/22/2009 17:40,213,0.1,0.1,24.1,80,29.3,0,24290,0,0
2/22/2009 17:50,213,0.1,0.1,24.1,81,29.3,0,24290,0,0
2/22/2009 18:00,213,0.1,0.1,24.1,82,29.3,0,24290,0,0
2/22/2009 18:10,213,0.1,0.1,24.1,81,29.3,0,24290,0,0
2/22/2009 18:20,213,0.1,0.1,24.5,78,29.3,0,24290,0,0
2/22/2009 18:30,213,0.1,0.1,24.7,76,29.3,0,24290,0,0
2/22/2009 18:40,213,0.1,0.1,24.8,75,29.3,0,24290,0,0
2/22/2009 18:50,213,0.1,0.1,24.8,74,29.3,0,24290,0,0
2/22/2009 19:00,213,0.1,0.1,24.5,75,29.3,0,24290,0,0
2/22/2009 19:10,213,0.1,0.1,24.5,75,29.3,0,24290,0,0
2/22/2009 19:20,213,0.1,0.1,24.5,74,29.3,0,24290,0,0
2/22/2009 19:30,213,0.1,0.1,24.1,73,29.3,0,24300,0,0
2/22/2009 19:40,213,0.1,0.1,23.9,73,29.4,0,24300,0,0
2/22/2009 19:50,213,0.1,0.1,23.6,73,29.3,0,24320,0,0
2/22/2009 20:00,213,0.1,0.1,23.8,72,29.3,0,24320,0,0
2/22/2009 20:10,213,0.1,0.1,23.6,72,29.3,0,24330,0,0
2/22/2009 20:20,213,0.1,0.1,23.2,72,29.4,0,24370,0,0
2/22/2009 20:30,213,0.1,0.1,23,74,29.4,0,24420,0,0
2/22/2009 20:40,213,0.1,0.1,22.9,74,29.4,0,24420,0,0
2/22/2009 20:50,213,0.1,0.1,22.9,74,29.4,0,24420,0,0
2/22/2009 21:00,213,0.1,0.1,22.7,75,29.4,0,24430,0,0
2/22/2009 21:10,213,0.1,0.1,22.7,75,29.4,0,24460,0,0
2/22/2009 21:20,213,0.1,0.1,22.5,75,29.4,0,24510,0,0
2/22/2009 21:30,213,0.1,0.1,22.1,76,29.4,0,24530,0,0
2/22/2009 21:40,213,0.1,0.1,21.8,76,29.4,0,24530,0,0
2/22/2009 21:50,213,0.1,0.1,21.6,76,29.4,0,24530,0,0
2/22/2009 22:00,213,0.1,0.1,21.6,76,29.4,0,24530,0,0
2/22/2009 22:10,213,0.1,0.1,21.6,76,29.4,0,24530,0,0
2/22/2009 22:20,213,0.1,0.1,21.8,76,29.4,0,24530,0,0
2/22/2009 22:30,213,0.1,0.1,21.6,76,29.4,0,24530,0,0
2/22/2009 22:40,213,0.1,0.1,21.2,76,29.4,0,24530,0,0
2/22/2009 22:50,213,0.1,0.1,21.2,77,29.4,0,24530,0,0
2/22/2009 23:00,213,0.1,0.1,21.1,77,29.4,0,24530,0,0
2/22/2009 23:10,213,0.1,0.1,20.7,77,29.4,0,24530,0,0
2/22/2009 23:20,213,0.1,0.1,20.3,78,29.4,0,24530,0,0
2/22/2009 23:30,213,0.1,0.1,20.2,79,29.4,0,24530,0,0
2/22/2009 23:40,213,0.1,0.1,20.2,78,29.4,0,24530,0,0
2/22/2009 23:50,213,0.1,0.1,20,78,29.4,0,24530,0,0
2/23/2009 0:00,213,0.1,0.1,20.2,77,29.4,0,24530,0,0
2/23/2009 0:10,213,0.1,0.1,20.5,77,29.4,0,24530,0,0
2/23/2009 0:20,213,0.1,0.1,20.7,77,29.4,0,24530,0,0
2/23/2009 0:30,213,0.1,0.1,20.9,77,29.4,0,24530,0,0
2/23/2009 0:40,213,0.1,0.1,21.1,76,29.4,0,24530,0,0
2/23/2009 0:50,213,0.1,0.1,21.1,76,29.4,0,24560,0,0
2/23/2009 1:00,213,0.1,0.1,21.1,76,29.4,0,24570,0,0
2/23/2009 1:10,213,0.1,0.1,21.1,75,29.4,0,24710,0,0
2/23/2009 1:20,213,0.1,0.1,21.1,75,29.4,0,24880,0,0
2/23/2009 1:30,213,0.1,0.1,21.1,75,29.4,0,25060,0,0
2/23/2009 1:40,213,0.1,0.1,20.9,75,29.4,0,25260,0,0
2/23/2009 1:50,213,0.1,0.1,20.7,76,29.4,0,25340,0,0
2/23/2009 2:00,213,0.1,0.1,20.5,76,29.4,0,25500,0,0
2/23/2009 2:10,213,0.1,0.1,20.5,76,29.4,0,25620,0,0
2/23/2009 2:20,213,0.1,0.1,20.3,77,29.4,0,25640,0,0
2/23/2009 2:30,213,0.1,0.1,19.8,77,29.4,0,25650,0,0
2/23/2009 2:40,213,0.1,0.1,19.6,78,29.4,0,25670,0,0
2/23/2009 2:50,213,0.1,0.1,19.4,78,29.4,0,25800,0,0
2/23/2009 3:00,213,0.1,0.1,19.3,78,29.4,0,25810,0,0
2/23/2009 3:10,213,0.1,0.1,19.1,79,29.4,0,25820,0,0
2/23/2009 3:20,213,0.1,0.1,18.9,80,29.4,0,25820,0,0
2/23/2009 3:30,213,0.1,0.1,19.1,81,29.4,0,25820,0,0
2/23/2009 3:40,213,0.1,0.1,19.1,82,29.4,0,25820,0,0
2/23/2009 3:50,213,0.1,0.1,19.3,82,29.4,0,25830,0,0
2/23/2009 4:00,213,0.1,0.1,19.3,83,29.4,0,25830,0,0
2/23/2009 4:10,213,0.1,0.1,19.1,83,29.4,0,25830,0,0
2/23/2009 4:20,213,0.1,0.1,19.1,84,29.4,0,25830,0,0
2/23/2009 4:30,213,0.1,0.1,18.9,84,29.4,0,25830,0,0
2/23/2009 4:40,213,0.1,0.1,18.9,85,29.5,0,25830,0,0
2/23/2009 4:50,213,0.1,0.1,18.9,84,29.5,0,25830,0,0
2/23/2009 5:00,213,0.1,0.1,18.7,84,29.5,0,25830,0,0
2/23/2009 5:10,213,0.1,0.1,18.5,84,29.5,0,25830,0,0
2/23/2009 5:20,213,0.1,0.1,18.4,84,29.5,0,25830,0,0
2/23/2009 5:30,213,0.1,0.1,18.4,85,29.5,0,25830,0,0
2/23/2009 5:40,213,0.1,0.1,18.4,85,29.5,0,25830,0,0
2/23/2009 5:50,213,0.1,0.1,18.4,84,29.5,0,25830,0,0
2/23/2009 6:00,213,0.1,0.1,18.4,84,29.5,0,25830,0,0
2/23/2009 6:10,213,0.1,0.1,18.4,84,29.5,0,25830,0,0
2/23/2009 6:20,213,0.1,0.1,18.5,84,29.5,0,25830,0,0
2/23/2009 6:30,213,0.1,0.1,18.7,84,29.5,0,25830,0,0
2/23/2009 6:40,213,0.1,0.1,18.9,84,29.5,0,25830,0,0
2/23/2009 6:50,213,0.1,0.1,18.7,84,29.5,0,25830,0,0
2/23/2009 7:00,213,0.1,0.1,18.9,84,29.5,0,25830,0,0
2/23/2009 7:10,213,0.1,0.1,18.9,84,29.5,0,25830,0,0
2/23/2009 7:20,213,0.1,0.1,19.1,84,29.5,0,25830,0,0
2/23/2009 7:30,213,0.1,0.1,19.8,82,29.5,0,25830,0,0
2/23/2009 7:40,213,0.1,0.1,20,80,29.5,0,25830,0,0
2/23/2009 7:50,213,0.1,0.1,20,79,29.5,0,25830,0,0
2/23/2009 8:00,213,0.1,0.1,20,78,29.5,0,25850,0,0
2/23/2009 8:10,213,0.1,0.1,20,75,29.5,0,25870,0,0
2/23/2009 8:20,213,0.1,0.1,20,72,29.5,0,25930,0,0
2/23/2009 8:30,213,0.1,0.1,20,69,29.5,0,25980,0,0
2/23/2009 8:40,213,0.1,0.1,19.4,72,29.5,0,26020,0,0
2/23/2009 8:50,213,0.1,0.1,20,73,29.5,0,26020,0,0
2/23/2009 9:00,213,0.1,0.1,20.2,74,29.5,0,26020,0,0
2/23/2009 9:10,213,0.1,0.1,20.5,70,29.5,0,26020,0,0
2/23/2009 9:20,213,0.1,0.1,20.3,70,29.5,0,26020,0,0
2/23/2009 9:30,213,0.1,0.1,20.3,67,29.5,0,26030,0,0
2/23/2009 9:40,213,0.1,0.1,20.2,66,29.5,0,26100,0,0
2/23/2009 9:50,213,0.1,0.1,20.3,66,29.5,0,26110,0,0
2/23/2009 10:00,213,0.1,0.1,20.3,64,29.5,0,26150,0,0
2/23/2009 10:10,213,0.1,0.1,20.3,67,29.5,0,26160,0,0
2/23/2009 10:20,213,0.1,0.1,20.2,66,29.5,0,26180,0,0
2/23/2009 10:30,213,0.1,0.1,20,65,29.5,0,26210,0,0
2/23/2009 10:40,213,0.1,0.1,20.3,64,29.5,0,26210,0,0
2/23/2009 10:50,213,0.1,0.1,20,62,29.5,0,26250,0,0
2/23/2009 11:00,213,0.1,0.1,20,64,29.5,0,26250,0,0
2/23/2009 11:10,213,0.1,0.1,20,61,29.5,0,26250,0,0
2/23/2009 11:20,213,0.1,0.1,20.2,63,29.5,0,26250,0,0
2/23/2009 11:30,213,0.1,0.1,20.2,61,29.5,0,26250,0,0
2/23/2009 11:40,213,0.1,0.1,20.2,61,29.5,0,26250,0,0
2/23/2009 11:50,213,0.1,0.1,20.3,62,29.5,0,26250,0,0
2/23/2009 12:00,213,0.1,0.1,20.3,63,29.5,0,26250,0,0
2/23/2009 12:10,213,0.1,0.1,20.3,63,29.5,0,26250,0,0
2/23/2009 12:20,213,0.1,0.1,20.3,62,29.5,0,26250,0,0
2/23/2009 12:30,213,0.1,0.1,20.3,63,29.5,0,26250,0,0
2/23/2009 12:40,213,0.1,0.1,20.3,64,29.6,0,26250,0,0
2/23/2009 12:50,213,0.1,0.1,20.3,64,29.5,0,26250,0,0
2/23/2009 13:00,213,0.1,0.1,20.3,65,29.6,0,26250,0,0
2/23/2009 13:10,213,0.1,0.1,20.3,67,29.6,0,26250,0,0
2/23/2009 13:20,213,0.1,0.1,20.3,69,29.6,0,26250,0,0
2/23/2009 13:30,213,0.1,0.1,20.2,70,29.6,0,26250,0,0
2/23/2009 13:40,213,0.1,0.1,20.3,68,29.6,0,26250,0,0
2/23/2009 13:50,213,0.1,0.1,20.3,68,29.6,0,26250,0,0
2/23/2009 14:00,213,0.1,0.1,20.3,67,29.6,0,26340,0,0
2/23/2009 14:10,213,0.1,0.1,20.9,66,29.6,0,26350,0,0
2/23/2009 14:20,213,0.1,0.1,20.9,68,29.6,0,26350,0,0
2/23/2009 14:30,213,0.1,0.1,20.7,69,29.6,0,26350,0,0
2/23/2009 14:40,213,0.1,0.1,20.5,69,29.6,0,26380,0,0
2/23/2009 14:50,213,0.1,0.1,20.5,69,29.6,0,26390,0,0
2/23/2009 15:00,213,0.1,0.1,20.2,69,29.6,0,26390,0,0
2/23/2009 15:10,213,0.1,0.1,20,70,29.6,0,26390,0,0
2/23/2009 15:20,213,0.1,0.1,19.8,70,29.6,0,26430,0,0
2/23/2009 15:30,213,0.1,0.1,19.6,70,29.6,0,26430,0,0
2/23/2009 15:40,213,0.1,0.1,19.4,71,29.6,0,26430,0,0
2/23/2009 15:50,213,0.1,0.1,18.9,73,29.6,0,26430,0,0
2/23/2009 16:00,213,0.1,0.1,18.7,74,29.6,0,26430,0,0
2/23/2009 16:10,213,0.1,0.1,18.5,74,29.6,0,26430,0,0
2/23/2009 16:20,213,0.1,0.1,18.2,75,29.6,0,26430,0,0
2/23/2009 16:30,213,0.1,0.1,18,76,29.6,0,26430,0,0
2/23/2009 16:40,213,0.1,0.1,17.6,76,29.6,0,26430,0,0
2/23/2009 16:50,213,0.1,0.1,17.6,76,29.6,0,26430,0,0
2/23/2009 17:00,213,0.1,0.1,17.5,75,29.6,0,26430,0,0
2/23/2009 17:10,213,0.1,0.1,17.1,77,29.6,0,26430,0,0
2/23/2009 17:20,213,0.1,0.1,16.6,78,29.6,0,26430,0,0
2/23/2009 17:30,213,0.1,0.1,16.6,77,29.6,0,26430,0,0
2/23/2009 17:40,213,0.1,0.1,16.6,75,29.6,0,26430,0,0
2/23/2009 17:50,213,0.1,0.1,16.4,76,29.6,0,26430,0,0
2/23/2009 18:00,213,0.1,0.1,16,77,29.6,0,26430,0,0
2/23/2009 18:10,213,0.1,0.1,15.8,77,29.6,0,26430,0,0
2/23/2009 18:20,213,0.1,0.1,15.7,78,29.6,0,26430,0,0
2/23/2009 18:30,213,0.1,0.1,15.7,77,29.6,0,26430,0,0
2/23/2009 18:40,213,0.1,0.1,15.3,78,29.6,0,26430,0,0
2/23/2009 18:50,213,0.1,0.1,15.1,78,29.6,0,26430,0,0
2/23/2009 19:00,213,0.1,0.1,15.1,79,29.6,0,26430,0,0
2/23/2009 19:10,213,0.1,0.1,14.9,79,29.6,0,26430,0,0
2/23/2009 19:20,213,0.1,0.1,14.8,80,29.6,0,26430,0,0
2/23/2009 19:30,213,0.1,0.1,14.8,80,29.6,0,26430,0,0
2/23/2009 19:40,213,0.1,0.1,14.8,80,29.6,0,26430,0,0
2/23/2009 19:50,213,0.1,0.1,14.9,79,29.6,0,26430,0,0
2/23/2009 20:00,213,0.1,0.1,15.5,78,29.6,0,26430,0,0
2/23/2009 20:10,213,0.1,0.1,15.3,78,29.6,0,26430,0,0
2/23/2009 20:20,213,0.1,0.1,15.1,80,29.6,0,26430,0,0
2/23/2009 20:30,213,0.1,0.1,15.1,80,29.6,0,26430,0,0
2/23/2009 20:40,213,0.1,0.1,15.5,80,29.6,0,26430,0,0
2/23/2009 20:50,213,0.1,0.1,15.5,81,29.6,0,26430,0,0
2/23/2009 21:00,213,0.1,0.1,15.7,81,29.6,0,26430,0,0
2/23/2009 21:10,213,0.1,0.1,15.7,82,29.6,0,26430,0,0
2/23/2009 21:20,213,0.1,0.1,16,82,29.6,0,26430,0,0
2/23/2009 21:30,213,0.1,0.1,16.2,83,29.6,0,26430,0,0
2/23/2009 21:40,213,0.1,0.1,16.4,82,29.6,0,26430,0,0
2/23/2009 21:50,213,0.1,0.1,16.6,83,29.6,0,26430,0,0
2/23/2009 22:00,213,0.1,0.1,16.6,84,29.6,0,26430,0,0
2/23/2009 22:10,213,0.1,0.1,16.9,84,29.6,0,26430,0,0
2/23/2009 22:20,213,0.1,0.1,17.1,84,29.6,0,26430,0,0
2/23/2009 22:30,213,0.1,0.1,17.3,84,29.6,0,26430,0,0
2/23/2009 22:40,213,0.1,0.1,17.5,84,29.6,0,26430,0,0
2/23/2009 22:50,213,0.1,0.1,17.5,83,29.6,0,26430,0,0
2/23/2009 23:00,213,0.1,0.1,17.5,83,29.6,0,26430,0,0
2/23/2009 23:10,213,0.1,0.1,17.6,82,29.6,0,26430,0,0
2/23/2009 23:20,213,0.1,0.1,17.8,82,29.6,0,26430,0,0
2/23/2009 23:30,213,0.1,0.1,17.8,82,29.6,0,26430,0,0
2/23/2009 23:40,213,0.1,0.1,18,81,29.6,0,26430,0,0
2/23/2009 23:50,213,0.1,0.1,17.8,81,29.6,0,26430,0,0
2/24/2009 0:00,213,0.1,0.1,17.8,80,29.6,0,26430,0,0
2/24/2009 0:10,213,0.1,0.1,17.8,79,29.6,0,26430,0,0
2/24/2009 0:20,213,0.1,0.1,17.6,78,29.6,0,26430,0,0
2/24/2009 0:30,213,0.1,0.1,17.6,79,29.6,0,26430,0,0
2/24/2009 0:40,213,0.1,0.1,17.5,80,29.6,0,26430,0,0
2/24/2009 0:50,213,0.1,0.1,17.1,81,29.6,0,26430,0,0
2/24/2009 1:00,213,0.1,0.1,16.9,81,29.6,0,26430,0,0
2/24/2009 1:10,213,0.1,0.1,16.7,81,29.6,0,26430,0,0
2/24/2009 1:20,213,0.1,0.1,16.4,81,29.6,0,26430,0,0
2/24/2009 1:30,213,0.1,0.1,16,82,29.6,0,26430,0,0
2/24/2009 1:40,213,0.1,0.1,16,82,29.6,0,26430,0,0
2/24/2009 1:50,213,0.1,0.1,15.8,83,29.6,0,26430,0,0
2/24/2009 2:00,213,0.1,0.1,16,83,29.6,0,26430,0,0
2/24/2009 2:10,213,0.1,0.1,16,83,29.6,0,26430,0,0
2/24/2009 2:20,213,0.1,0.1,15.8,83,29.6,0,26430,0,0
2/24/2009 2:30,213,0.1,0.1,15.7,84,29.6,0,26430,0,0
2/24/2009 2:40,213,0.1,0.1,15.5,85,29.6,0,26430,0,0
2/24/2009 2:50,213,0.1,0.1,15.5,85,29.6,0,26430,0,0
2/24/2009 3:00,213,0.1,0.1,15.7,85,29.6,0,26430,0,0
2/24/2009 3:10,213,0.1,0.1,15.8,84,29.6,0,26430,0,0
2/24/2009 3:20,213,0.1,0.1,15.8,84,29.6,0,26430,0,0
2/24/2009 3:30,213,0.1,0.1,15.5,85,29.6,0,26430,0,0
2/24/2009 3:40,213,0.1,0.1,15.5,85,29.6,0,26430,0,0
2/24/2009 3:50,213,0.1,0.1,15.5,86,29.6,0,26430,0,0
2/24/2009 4:00,213,0.1,0.1,15.7,86,29.6,0,26430,0,0
2/24/2009 4:10,213,0.1,0.1,15.8,85,29.6,0,26430,0,0
2/24/2009 4:20,213,0.1,0.1,16,85,29.6,0,26430,0,0
2/24/2009 4:30,213,0.1,0.1,15.8,85,29.6,0,26430,0,0
2/24/2009 4:40,213,0.1,0.1,15.7,85,29.6,0,26430,0,0
2/24/2009 4:50,213,0.1,0.1,15.7,86,29.6,0,26430,0,0
2/24/2009 5:00,213,0.1,0.1,15.7,86,29.6,0,26430,0,0
2/24/2009 5:10,213,0.1,0.1,15.7,86,29.6,0,26430,0,0
2/24/2009 5:20,213,0.1,0.1,15.8,84,29.6,0,26430,0,0
2/24/2009 5:30,213,0.1,0.1,16.2,85,29.6,0,26430,0,0
2/24/2009 5:40,213,0.1,0.1,16.4,82,29.6,0,26430,0,0
2/24/2009 5:50,213,0.1,0.1,16.6,81,29.6,0,26430,0,0
2/24/2009 6:00,213,0.1,0.1,16.7,80,29.6,0,26430,0,0
2/24/2009 6:10,213,0.1,0.1,16.9,78,29.6,0,26430,0,0
2/24/2009 6:20,213,0.1,0.1,16.9,80,29.6,0,26430,0,0
2/24/2009 6:30,213,0.1,0.1,16.9,78,29.6,0,26430,0,0
2/24/2009 6:40,213,0.1,0.1,17.5,78,29.6,0,26430,0,0
2/24/2009 6:50,213,0.1,0.1,17.6,78,29.6,0,26430,0,0
2/24/2009 7:00,213,0.1,0.1,17.6,77,29.6,0,26430,0,0
2/24/2009 7:10,213,0.1,0.1,18.2,76,29.6,0,26430,0,0
2/24/2009 7:20,213,0.1,0.1,18.7,74,29.6,0,26430,0,0
2/24/2009 7:30,213,0.1,0.1,18.5,74,29.6,0,26430,0,0
2/24/2009 7:40,213,0.1,0.1,18.9,73,29.6,0,26430,0,0
2/24/2009 7:50,213,0.1,0.1,19.3,72,29.6,0,26430,0,0
2/24/2009 8:00,213,0.1,0.1,19.4,71,29.6,0,26430,0,0
2/24/2009 8:10,213,0.1,0.1,19.3,71,29.6,0,26430,0,0
2/24/2009 8:20,213,0.1,0.1,19.6,72,29.6,0,26430,0,0
2/24/2009 8:30,213,0.1,0.1,20.5,68,29.6,0,26430,0,0
2/24/2009 8:40,213,0.1,0.1,20.9,65,29.6,0,26430,0,0
2/24/2009 8:50,213,0.1,0.1,21.4,62,29.6,0,26430,0,0
2/24/2009 9:00,213,0.1,0.1,21.8,60,29.6,0,26430,0,0
2/24/2009 9:10,213,0.1,0.1,22,60,29.6,0,26430,0,0
2/24/2009 9:20,213,0.1,0.1,21.8,60,29.6,0,26430,0,0
2/24/2009 9:30,213,0.1,0.1,22.1,57,29.6,0,26430,0,0
2/24/2009 9:40,213,0.1,0.1,21.8,58,29.6,0,26430,0,0
2/24/2009 9:50,213,0.1,0.1,22.1,60,29.6,0,26430,0,0
2/24/2009 10:00,213,0.1,0.1,22.1,59,29.6,0,26430,0,0
2/24/2009 10:10,213,0.1,0.1,22.3,59,29.6,0,26430,0,0
2/24/2009 10:20,213,0.1,0.1,21.8,61,29.6,0,26430,0,0
2/24/2009 10:30,213,0.1,0.1,22,60,29.6,0,26430,0,0
2/24/2009 10:40,213,0.1,0.1,22.1,59,29.6,0,26430,0,0
2/24/2009 10:50,213,0.1,0.1,22.1,58,29.6,0,26430,0,0
2/24/2009 11:00,213,0.1,0.1,22.1,59,29.6,0,26430,0,0
2/24/2009 11:10,213,0.1,0.1,22.7,59,29.6,0,26430,0,0
2/24/2009 11:20,213,0.1,0.1,22.9,55,29.6,0,26430,0,0
2/24/2009 11:30,213,0.1,0.1,22.9,58,29.6,0,26430,0,0
2/24/2009 11:40,213,0.1,0.1,22.9,60,29.6,0,26430,0,0
2/24/2009 11:50,213,0.1,0.1,22.3,60,29.6,0,26430,0,0
2/24/2009 12:00,213,0.1,0.1,22.9,58,29.6,0,26430,0,0
2/24/2009 12:10,213,0.1,0.1,22.9,59,29.6,0,26430,0,0
2/24/2009 12:20,213,0.1,0.1,22.7,59,29.6,0,26430,0,0
2/24/2009 12:30,213,0.1,0.1,22.9,60,29.6,0,26430,0,0
2/24/2009 12:40,213,0.1,0.1,23,61,29.6,0,26430,0,0
2/24/2009 12:50,213,0.1,0.1,22.3,61,29.6,0,26430,0,0
2/24/2009 13:00,213,0.1,0.1,22.5,61,29.6,0,26430,0,0
2/24/2009 13:10,213,0.1,0.1,22.5,62,29.6,0,26430,0,0
2/24/2009 13:20,213,0.1,0.1,22.3,63,29.6,0,26430,0,0
2/24/2009 13:30,213,0.1,0.1,22.1,62,29.6,0,26430,0,0
2/24/2009 13:40,213,0.1,0.1,22.3,65,29.6,0,26430,0,0
2/24/2009 13:50,213,0.1,0.1,22.3,64,29.6,0,26430,0,0
2/24/2009 14:00,213,0.1,0.1,22.7,64,29.6,0,26430,0,0
2/24/2009 14:10,213,0.1,0.1,22.7,62,29.6,0,26430,0,0
2/24/2009 14:20,213,0.1,0.1,22.7,62,29.6,0,26430,0,0
2/24/2009 14:30,213,0.1,0.1,22.7,57,29.6,0,26430,0,0
2/24/2009 14:40,213,0.1,0.1,22.9,57,29.6,0,26430,0,0
2/24/2009 14:50,213,0.1,0.1,22.7,56,29.6,0,26430,0,0
2/24/2009 15:00,213,0.1,0.1,22.7,57,29.6,0,26430,0,0
2/24/2009 15:10,213,0.1,0.1,22.7,57,29.5,0,26430,0,0
2/24/2009 15:20,213,0.1,0.1,22.5,58,29.5,0,26430,0,0
2/24/2009 15:30,213,0.1,0.1,22.3,60,29.5,0,26430,0,0
2/24/2009 15:40,213,0.1,0.1,22,61,29.5,0,26430,0,0
2/24/2009 15:50,213,0.1,0.1,21.4,64,29.5,0,26430,0,0
2/24/2009 16:00,213,0.1,0.1,21.4,63,29.5,0,26430,0,0
2/24/2009 16:10,213,0.1,0.1,21.4,60,29.5,0,26430,0,0
2/24/2009 16:20,213,0.1,0.1,21.4,58,29.5,0,26430,0,0
2/24/2009 16:30,213,0.1,0.1,21.6,58,29.5,0,26430,0,0
2/24/2009 16:40,213,0.1,0.1,21.4,58,29.5,0,26430,0,0
2/24/2009 16:50,213,0.1,0.1,21.4,59,29.5,0,26430,0,0
2/24/2009 17:00,213,0.1,0.1,21.4,59,29.5,0,26430,0,0
2/24/2009 17:10,213,0.1,0.1,21.8,57,29.5,0,26430,0,0
2/24/2009 17:20,213,0.1,0.1,22,55,29.5,0,26430,0,0
2/24/2009 17:30,213,0.1,0.1,22.1,55,29.5,0,26430,0,0
2/24/2009 17:40,213,0.1,0.1,22,55,29.5,0,26430,0,0
2/24/2009 17:50,213,0.1,0.1,22,55,29.5,0,26430,0,0
2/24/2009 18:00,213,0.1,0.1,22,55,29.5,0,26430,0,0
2/24/2009 18:10,213,0.1,0.1,22.1,56,29.5,0,26430,0,0
2/24/2009 18:20,213,0.1,0.1,22.3,56,29.5,0,26430,0,0
2/24/2009 18:30,213,0.1,0.1,22.3,56,29.5,0,26430,0,0
2/24/2009 18:40,213,0.1,0.1,22.3,57,29.5,0,26430,0,0
2/24/2009 18:50,213,0.1,0.1,22.5,58,29.5,0,26430,0,0
2/24/2009 19:00,213,0.1,0.1,22.9,58,29.5,0,26430,0,0
2/24/2009 19:10,213,0.1,0.1,23.4,57,29.5,0,26430,0,0
2/24/2009 19:20,213,0.1,0.1,23.8,57,29.5,0,26430,0,0
2/24/2009 19:30,213,0.1,0.1,23.6,57,29.5,0,26430,0,0
2/24/2009 19:40,213,0.1,0.1,23,57,29.5,0,26430,0,0
2/24/2009 19:50,213,0.1,0.1,22.9,57,29.5,0,26430,0,0
2/24/2009 20:00,213,0.1,0.1,23.2,58,29.5,0,26430,0,0
2/24/2009 20:10,213,0.1,0.1,23.4,56,29.5,0,26430,0,0
2/24/2009 20:20,213,0.1,0.1,23.9,55,29.5,0,26430,0,0
2/24/2009 20:30,213,0.1,0.1,24.1,55,29.5,0,26430,0,0
2/24/2009 20:40,213,0.1,0.1,24.3,54,29.5,0,26430,0,0
2/24/2009 20:50,213,0.1,0.1,24.7,53,29.5,0,26430,0,0
2/24/2009 21:00,213,0.1,0.1,25,52,29.5,0,26430,0,0
2/24/2009 21:10,213,0.1,0.1,25.2,51,29.5,0,26430,0,0
2/24/2009 21:20,213,0.1,0.1,25.2,52,29.5,0,26430,0,0
2/24/2009 21:30,213,0.1,0.1,25.2,51,29.5,0,26430,0,0
2/24/2009 21:40,213,0.1,0.1,25.2,52,29.5,0,26430,0,0
2/24/2009 21:50,213,0.1,0.1,25,52,29.5,0,26430,0,0
2/24/2009 22:00,213,0.1,0.1,25.4,51,29.5,0,26430,0,0
2/24/2009 22:10,213,0.1,0.1,25.7,51,29.5,0,26430,0,0
2/24/2009 22:20,213,0.1,0.1,25.4,52,29.5,0,26430,0,0
2/24/2009 22:30,213,0.1,0.1,25,52,29.5,0,26430,0,0
2/24/2009 22:40,213,0.1,0.1,25.2,52,29.5,0,26430,0,0
2/24/2009 22:50,213,0.1,0.1,25.4,52,29.5,0,26430,0,0
2/24/2009 23:00,213,0.1,0.1,25.6,51,29.5,0,26430,0,0
2/24/2009 23:10,213,0.1,0.1,25.6,51,29.5,0,26430,0,0
2/24/2009 23:20,213,0.1,0.1,25.9,51,29.5,0,26430,0,0
2/24/2009 23:30,213,0.1,0.1,25.9,50,29.5,0,26430,0,0
2/24/2009 23:40,213,0.1,0.1,25.9,50,29.5,0,26430,0,0
2/24/2009 23:50,213,0.1,0.1,25.9,50,29.5,0,26430,0,0
2/25/2009 0:00,213,0.1,0.1,25.7,51,29.5,0,26430,0,0
2/25/2009 0:10,213,0.1,0.1,25.7,50,29.5,0,26430,0,0
2/25/2009 0:20,213,0.1,0.1,25.6,51,29.5,0,26430,0,0
2/25/2009 0:30,213,0.1,0.1,25.7,50,29.5,0,26430,0,0
2/25/2009 0:40,213,0.1,0.1,25.6,50,29.5,0,26430,0,0
2/25/2009 0:50,213,0.1,0.1,25.7,50,29.5,0,26430,0,0
2/25/2009 1:00,213,0.1,0.1,25.6,50,29.5,0,26430,0,0
2/25/2009 1:10,213,0.1,0.1,25.6,50,29.5,0,26430,0,0
2/25/2009 1:20,213,0.1,0.1,25.7,51,29.5,0,26430,0,0
2/25/2009 1:30,213,0.1,0.1,25.9,50,29.5,0,26430,0,0
2/25/2009 1:40,213,0.1,0.1,26.1,50,29.5,0,26430,0,0
2/25/2009 1:50,213,0.1,0.1,26.3,50,29.5,0,26430,0,0
2/25/2009 2:00,213,0.1,0.1,26.3,50,29.5,0,26430,0,0
2/25/2009 2:10,213,0.1,0.1,26.3,50,29.5,0,26430,0,0
2/25/2009 2:20,213,0.1,0.1,26.3,49,29.5,0,26430,0,0
2/25/2009 2:30,213,0.1,0.1,26.3,49,29.5,0,26430,0,0
2/25/2009 2:40,213,0.1,0.1,25.9,50,29.5,0,26430,0,0
2/25/2009 2:50,213,0.1,0.1,25.7,50,29.5,0,26430,0,0
2/25/2009 3:00,213,0.1,0.1,25.7,50,29.5,0,26430,0,0
2/25/2009 3:10,213,0.1,0.1,25.7,50,29.5,0,26430,0,0
2/25/2009 3:20,213,0.1,0.1,25.6,50,29.5,0,26430,0,0
2/25/2009 3:30,213,0.1,0.1,25.7,50,29.5,0,26430,0,0
2/25/2009 3:40,213,0.1,0.1,25.7,50,29.5,0,26430,0,0
2/25/2009 3:50,213,0.1,0.1,25.7,50,29.5,0,26430,0,0
2/25/2009 4:00,213,0.1,0.1,25.7,51,29.5,0,26430,0,0
2/25/2009 4:10,213,0.1,0.1,25.9,51,29.5,0,26430,0,0
2/25/2009 4:20,213,0.1,0.1,25.9,51,29.5,0,26430,0,0
2/25/2009 4:30,213,0.1,0.1,26.1,51,29.5,0,26430,0,0
2/25/2009 4:40,213,0.1,0.1,26.3,50,29.5,0,26430,0,0
2/25/2009 4:50,213,0.1,0.1,26.6,50,29.5,0,26430,0,0
2/25/2009 5:00,213,0.1,0.1,26.6,49,29.5,0,26430,0,0
2/25/2009 5:10,213,0.1,0.1,27,49,29.5,0,26430,0,0
2/25/2009 5:20,213,0.1,0.1,27.2,49,29.5,0,26430,0,0
2/25/2009 5:30,213,0.1,0.1,27.4,49,29.5,0,26430,0,0
2/25/2009 5:40,213,0.1,0.1,27.2,49,29.5,0,26430,0,0
2/25/2009 5:50,213,0.1,0.1,27.4,49,29.5,0,26430,0,0
2/25/2009 6:00,213,0.1,0.1,27.7,48,29.5,0,26430,0,0
2/25/2009 6:10,213,0.1,0.1,28.1,48,29.5,0,26430,0,0
2/25/2009 6:20,213,0.1,0.1,28.4,47,29.5,0,26430,0,0
2/25/2009 6:30,213,0.1,0.1,29,46,29.5,0,26430,0,0
2/25/2009 6:40,213,0.1,0.1,29.5,45,29.5,0,26430,0,0
2/25/2009 6:50,213,0.1,0.1,30.4,44,29.5,0,26430,0,0
2/25/2009 7:00,213,0.1,0.1,30.8,43,29.5,0,26430,0,0
2/25/2009 7:10,213,0.1,0.1,31.1,42,29.5,0,26430,0,0
2/25/2009 7:20,213,0.1,0.1,31.3,42,29.5,0,26430,0,0
2/25/2009 7:30,213,0.1,0.1,31.9,41,29.5,0,26430,0,0
2/25/2009 7:40,213,0.1,0.1,32,40,29.5,0,26430,0,0
2/25/2009 7:50,213,0.1,0.1,32.9,38,29.5,0,26430,0,0
2/25/2009 8:00,213,0.1,0.1,33.2,39,29.4,0,26430,0,0
2/25/2009 8:10,213,0.1,0.1,33.4,38,29.4,0,26430,0,0
2/25/2009 8:20,213,0.1,0.1,34.1,37,29.4,0,26430,0,0
2/25/2009 8:30,213,0.1,0.1,34.8,36,29.4,0,26430,0,0
2/25/2009 8:40,213,0.1,0.1,35,35,29.4,0,26430,0,0
2/25/2009 8:50,213,0.1,0.1,36.1,35,29.4,0,26430,0,0
2/25/2009 9:00,213,0.1,0.1,36.1,34,29.4,0,26430,0,0
2/25/2009 9:10,213,0.1,0.1,36.6,34,29.4,0,26430,0,0
2/25/2009 9:20,213,0.1,0.1,37.7,32,29.4,0,26430,0,0
2/25/2009 9:30,213,0.1,0.1,38.6,31,29.4,0,26430,0,0
2/25/2009 9:40,213,0.1,0.1,38.6,30,29.4,0,26430,0,0
2/25/2009 9:50,213,0.1,0.1,39,28,29.4,0,26430,0,0
2/25/2009 10:00,213,0.1,0.1,39.9,27,29.4,0,26430,0,0
2/25/2009 10:10,213,0.1,0.1,40.4,26,29.4,0,26430,0,0
2/25/2009 10:20,213,0.1,0.1,40.8,27,29.4,0,26430,0,0
2/25/2009 10:30,213,0.1,0.1,41.1,26,29.4,0,26430,0,0
2/25/2009 10:40,213,0.1,0.1,41.7,24,29.4,0,26430,0,0
2/25/2009 10:50,213,0.1,0.1,42.2,25,29.4,0,26430,0,0
2/25/2009 11:00,213,0.1,0.1,43.1,25,29.4,0,26430,0,0
2/25/2009 11:10,213,0.1,0.1,42.9,25,29.4,0,26430,0,0
2/25/2009 11:20,213,0.1,0.1,43.1,24,29.4,0,26430,0,0
2/25/2009 11:30,213,0.1,0.1,44,25,29.4,0,26430,0,0
2/25/2009 11:40,213,0.1,0.1,44.7,23,29.4,0,26430,0,0
2/25/2009 11:50,213,0.1,0.1,44.7,23,29.4,0,26430,0,0
2/25/2009 12:00,213,0.1,0.1,45.3,21,29.4,0,26430,0,0
2/25/2009 12:10,213,0.1,0.1,45.5,21,29.4,0,26430,0,0
2/25/2009 12:20,213,0.1,0.1,46.4,20,29.3,0,26430,0,0
2/25/2009 12:30,213,0.1,0.1,46.5,20,29.3,0,26430,0,0
2/25/2009 12:40,213,0.1,0.1,46.4,19,29.3,0,26430,0,0
2/25/2009 12:50,213,0.1,0.1,46.5,18,29.3,0,26430,0,0
2/25/2009 13:00,213,0.1,0.1,46.5,18,29.3,0,26430,0,0
2/25/2009 13:10,213,0.1,0.1,46.7,19,29.3,0,26430,0,0
2/25/2009 13:20,213,0.1,0.1,46.9,19,29.3,0,26430,0,0
2/25/2009 13:30,213,0.1,0.1,46.9,18,29.3,0,26430,0,0
2/25/2009 13:40,213,0.1,0.1,46.9,18,29.3,0,26430,0,0
2/25/2009 13:50,213,0.1,0.1,46.9,18,29.3,0,26430,0,0
2/25/2009 14:00,213,0.1,0.1,46.7,19,29.3,0,26430,0,0
2/25/2009 14:10,213,0.1,0.1,46.7,19,29.3,0,26430,0,0
2/25/2009 14:20,213,0.1,0.1,46.9,19,29.3,0,26430,0,0
2/25/2009 14:30,213,0.1,0.1,46.9,20,29.3,0,26430,0,0
2/25/2009 14:40,213,0.1,0.1,47.1,19,29.3,0,26430,0,0
2/25/2009 14:50,213,0.1,0.1,46.9,20,29.3,0,26430,0,0
2/25/2009 15:00,213,0.1,0.1,46.7,20,29.3,0,26430,0,0
2/25/2009 15:10,213,0.1,0.1,46.5,20,29.3,0,26430,0,0
2/25/2009 15:20,213,0.1,0.1,46.5,21,29.3,0,26430,0,0
2/25/2009 15:30,213,0.1,0.1,46.4,22,29.3,0,26430,0,0
2/25/2009 15:40,213,0.1,0.1,46.4,22,29.3,0,26430,0,0
2/25/2009 15:50,213,0.1,0.1,46.4,22,29.3,0,26430,0,0
2/25/2009 16:00,213,0.1,0.1,46.2,23,29.3,0,26430,0,0
2/25/2009 16:10,213,0.1,0.1,46.2,23,29.3,0,26430,0,0
2/25/2009 16:20,213,0.1,0.1,46.2,23,29.3,0,26430,0,0
2/25/2009 16:30,213,0.1,0.1,46.2,23,29.3,0,26430,0,0
2/25/2009 16:40,213,0.1,0.1,46,24,29.3,0,26430,0,0
2/25/2009 16:50,213,0.1,0.1,46.2,25,29.3,0,26430,0,0
2/25/2009 17:00,213,0.1,0.1,46.4,25,29.3,0,26430,0,0
2/25/2009 17:10,213,0.1,0.1,46.4,26,29.3,0,26430,0,0
2/25/2009 17:20,213,0.1,0.1,46.5,26,29.3,0,26430,0,0
2/25/2009 17:30,213,0.1,0.1,46.9,26,29.3,0,26430,0,0
2/25/2009 17:40,213,0.1,0.1,46.9,26,29.3,0,26430,0,0
2/25/2009 17:50,213,0.1,0.1,47.3,26,29.3,0,26450,0,0
2/25/2009 18:00,213,0.1,0.1,47.1,28,29.3,0,26550,0,0
2/25/2009 18:10,213,0.1,0.1,47.3,35,29.3,0,26600,0.01,0.01
2/25/2009 18:20,213,0.1,0.1,47.6,42,29.3,0,26710,0,0
2/25/2009 18:30,213,0.1,0.1,46.9,46,29.3,0,26960,0,0
2/25/2009 18:40,213,0.1,0.1,46.7,47,29.3,0,27150,0,0
2/25/2009 18:50,213,0.1,0.1,46.7,47,29.3,0,27380,0,0
2/25/2009 19:00,213,0.1,0.1,47.4,46,29.3,0,27390,0,0
2/25/2009 19:10,213,0.1,0.1,47.1,49,29.3,0,27390,0,0
2/25/2009 19:20,213,0.1,0.1,46.5,51,29.3,0,27460,0.02,0.02
2/25/2009 19:30,213,0.1,0.1,46.2,53,29.3,0,27550,0,0
2/25/2009 19:40,213,0.1,0.1,46.2,52,29.3,0,27560,0,0
2/25/2009 19:50,213,0.1,0.1,46.5,50,29.3,0,27560,0,0
2/25/2009 20:00,213,0.1,0.1,46.9,48,29.3,0,27560,0,0
2/25/2009 20:10,213,0.1,0.1,47.1,47,29.2,0,27580,0,0
2/25/2009 20:20,213,0.1,0.1,47.6,45,29.2,0,27580,0,0
2/25/2009 20:30,213,0.1,0.1,47.8,43,29.2,0,27580,0,0
2/25/2009 20:40,213,0.1,0.1,48,42,29.2,0,27580,0,0
2/25/2009 20:50,213,0.1,0.1,48.3,41,29.3,0,27580,0,0
2/25/2009 21:00,213,0.1,0.1,48.3,41,29.2,0,27580,0,0
2/25/2009 21:10,213,0.1,0.1,48.5,40,29.2,0,27580,0,0
2/25/2009 21:20,213,0.1,0.1,48.9,40,29.2,0,27580,0,0
2/25/2009 21:30,213,0.1,0.1,49.4,41,29.2,0,27580,0,0
2/25/2009 21:40,213,0.1,0.1,49.4,42,29.2,0,27610,0,0
2/25/2009 21:50,213,0.1,0.1,49.4,42,29.2,0,27610,0,0
2/25/2009 22:00,213,0.1,0.1,48.9,44,29.2,0,27610,0,0
2/25/2009 22:10,213,0.1,0.1,49.1,44,29.2,0,27610,0,0
2/25/2009 22:20,213,0.1,0.1,48.9,44,29.2,0,27610,0,0
2/25/2009 22:30,213,0.1,0.1,49.1,44,29.2,0,27610,0,0
2/25/2009 22:40,213,0.1,0.1,48.9,44,29.2,0,27610,0,0
2/25/2009 22:50,213,0.1,0.1,48.7,44,29.2,0,27620,0,0
2/25/2009 23:00,213,0.1,0.1,48.9,44,29.2,0,27620,0,0
2/25/2009 23:10,213,0.1,0.1,49.1,44,29.2,0,27620,0,0
2/25/2009 23:20,213,0.1,0.1,49.6,44,29.2,0,27620,0,0
2/25/2009 23:30,213,0.1,0.1,49.4,44,29.2,0,27620,0,0
2/25/2009 23:40,213,0.1,0.1,49.1,45,29.2,0,27620,0,0
2/25/2009 23:50,213,0.1,0.1,49.1,46,29.2,0,27620,0,0
2/26/2009 0:00,213,0.1,0.1,48.9,47,29.2,0,27620,0,0
2/26/2009 0:10,213,0.1,0.1,49.1,48,29.2,0,27620,0,0
2/26/2009 0:20,213,0.1,0.1,48.9,48,29.2,0,27620,0,0
2/26/2009 0:30,213,0.1,0.1,48.7,49,29.2,0,27620,0,0
2/26/2009 0:40,213,0.1,0.1,48.5,50,29.3,0,27620,0,0
2/26/2009 0:50,213,0.1,0.1,48.5,51,29.3,0,27620,0,0
2/26/2009 1:00,213,0.1,0.1,48.3,51,29.3,0,27620,0,0
2/26/2009 1:10,213,0.1,0.1,48.3,52,29.3,0,27620,0,0
2/26/2009 1:20,213,0.1,0.1,48.5,53,29.3,0,27620,0,0
2/26/2009 1:30,213,0.1,0.1,48.5,54,29.3,0,27620,0,0
2/26/2009 1:40,213,0.1,0.1,48.7,55,29.3,0,27620,0,0
2/26/2009 1:50,213,0.1,0.1,48.5,57,29.3,0,27620,0,0
2/26/2009 2:00,213,0.1,0.1,46.9,58,29.3,0,27620,0,0
2/26/2009 2:10,213,0.1,0.1,45.3,65,29.3,0,27620,0,0
2/26/2009 2:20,213,0.1,0.1,44.4,68,29.3,0,27620,0,0
2/26/2009 2:30,213,0.1,0.1,43.1,71,29.3,0,27620,0,0
2/26/2009 2:40,213,0.1,0.1,42.2,74,29.3,0,27620,0,0
2/26/2009 2:50,213,0.1,0.1,41.7,76,29.3,0,27620,0,0
2/26/2009 3:00,213,0.1,0.1,41.1,77,29.3,0,27620,0,0
2/26/2009 3:10,213,0.1,0.1,41.1,78,29.3,0,27620,0,0
2/26/2009 3:20,213,0.1,0.1,40.6,79,29.3,0,27620,0,0
2/26/2009 3:30,213,0.1,0.1,40.4,80,29.3,0,27620,0,0
2/26/2009 3:40,213,0.1,0.1,40.4,80,29.3,0,27620,0,0
2/26/2009 3:50,213,0.1,0.1,40.2,80,29.3,0,27620,0,0
2/26/2009 4:00,213,0.1,0.1,40.2,80,29.3,0,27620,0,0
2/26/2009 4:10,213,0.1,0.1,40.2,79,29.3,0,27620,0,0
2/26/2009 4:20,213,0.1,0.1,40.2,78,29.3,0,27620,0,0
2/26/2009 4:30,213,0.1,0.1,39.7,79,29.3,0,27620,0,0
2/26/2009 4:40,213,0.1,0.1,39.5,79,29.3,0,27620,0,0
2/26/2009 4:50,213,0.1,0.1,39.3,79,29.3,0,27620,0,0
2/26/2009 5:00,213,0.1,0.1,39.2,80,29.3,0,27620,0,0
2/26/2009 5:10,213,0.1,0.1,38.8,80,29.3,0,27620,0,0
2/26/2009 5:20,213,0.1,0.1,38.6,80,29.3,0,27620,0,0
2/26/2009 5:30,213,0.1,0.1,38.4,81,29.4,0,27620,0,0
2/26/2009 5:40,213,0.1,0.1,38.3,81,29.4,0,27620,0,0
2/26/2009 5:50,213,0.1,0.1,38.1,81,29.4,0,27620,0,0
2/26/2009 6:00,213,0.1,0.1,38.1,81,29.4,0,27620,0,0
2/26/2009 6:10,213,0.1,0.1,38.1,81,29.4,0,27620,0,0
2/26/2009 6:20,213,0.1,0.1,38.1,81,29.4,0,27620,0,0
2/26/2009 6:30,213,0.1,0.1,38.4,81,29.4,0,27620,0,0
2/26/2009 6:40,213,0.1,0.1,38.8,80,29.4,0,27620,0,0
2/26/2009 6:50,213,0.1,0.1,39.3,78,29.4,0,27620,0,0
2/26/2009 7:00,213,0.1,0.1,39.5,78,29.4,0,27620,0,0
2/26/2009 7:10,213,0.1,0.1,39.3,77,29.4,0,27620,0,0
2/26/2009 7:20,213,0.1,0.1,39,79,29.4,0,27620,0,0
2/26/2009 7:30,213,0.1,0.1,38.8,79,29.4,0,27620,0,0
2/26/2009 7:40,213,0.1,0.1,38.6,79,29.4,0,27620,0,0
2/26/2009 7:50,213,0.1,0.1,37.9,81,29.4,0,27620,0,0
2/26/2009 8:00,213,0.1,0.1,37.5,82,29.4,0,27620,0,0
2/26/2009 8:10,213,0.1,0.1,37.9,81,29.4,0,27620,0,0
2/26/2009 8:20,213,0.1,0.1,39,79,29.4,0,27620,0,0
2/26/2009 8:30,213,0.1,0.1,39,78,29.4,0,27620,0,0
2/26/2009 8:40,213,0.1,0.1,38.8,78,29.4,0,27620,0,0
2/26/2009 8:50,213,0.1,0.1,39.5,77,29.4,0,27620,0,0
2/26/2009 9:00,213,0.1,0.1,41,73,29.4,0,27620,0,0
2/26/2009 9:10,213,0.1,0.1,39.5,76,29.4,0,27620,0,0
2/26/2009 9:20,213,0.1,0.1,39.7,75,29.4,0,27620,0,0
2/26/2009 9:30,213,0.1,0.1,39.2,77,29.4,0,27620,0,0
2/26/2009 9:40,213,0.1,0.1,38.6,78,29.4,0,27620,0,0
2/26/2009 9:50,213,0.1,0.1,38.3,79,29.4,0,27620,0,0
2/26/2009 10:00,213,0.1,0.1,39,77,29.4,0,27620,0,0
2/26/2009 10:10,213,0.1,0.1,38.8,76,29.4,0,27620,0,0
2/26/2009 10:20,213,0.1,0.1,37.9,78,29.4,0,27620,0,0
2/26/2009 10:30,213,0.1,0.1,38.1,79,29.4,0,27620,0,0
2/26/2009 10:40,213,0.1,0.1,38.4,79,29.3,0,27620,0,0
2/26/2009 10:50,213,0.1,0.1,39.2,78,29.4,0,27620,0,0
2/26/2009 11:00,213,0.1,0.1,39.2,78,29.3,0,27620,0,0
2/26/2009 11:10,213,0.1,0.1,39.7,76,29.3,0,27620,0,0
2/26/2009 11:20,213,0.1,0.1,40.6,74,29.3,0,27620,0,0
2/26/2009 11:30,213,0.1,0.1,40.6,74,29.3,0,27620,0,0
2/26/2009 11:40,213,0.1,0.1,41,73,29.3,0,27620,0,0
2/26/2009 11:50,213,0.1,0.1,41.3,73,29.3,0,27620,0,0
2/26/2009 12:00,213,0.1,0.1,41.9,73,29.3,0,27620,0,0
2/26/2009 12:10,213,0.1,0.1,42.4,71,29.3,0,27620,0,0
2/26/2009 12:20,213,0.1,0.1,42.8,71,29.3,0,27620,0,0
2/26/2009 12:30,213,0.1,0.1,44.7,69,29.3,0,27620,0,0
2/26/2009 12:40,213,0.1,0.1,45.5,66,29.3,0,27620,0,0
2/26/2009 12:50,213,0.1,0.1,45.6,69,29.3,0,27620,0,0
2/26/2009 13:00,213,0.1,0.1,45.8,70,29.3,0,27620,0,0
2/26/2009 13:10,213,0.1,0.1,46.5,67,29.3,0,27620,0,0
2/26/2009 13:20,213,0.1,0.1,45.1,69,29.3,0,27620,0,0
2/26/2009 13:30,213,0.1,0.1,44.4,69,29.3,0,27620,0,0
2/26/2009 13:40,213,0.1,0.1,46.4,68,29.3,0,27620,0,0
2/26/2009 13:50,213,0.1,0.1,46.5,67,29.3,0,27620,0,0
2/26/2009 14:00,213,0.1,0.1,47.4,68,29.3,0,27620,0,0
2/26/2009 14:10,213,0.1,0.1,46,68,29.3,0,27620,0,0
2/26/2009 14:20,213,0.1,0.1,45.6,70,29.3,0,27620,0,0
2/26/2009 14:30,213,0.1,0.1,46,69,29.3,0,27620,0,0
2/26/2009 14:40,213,0.1,0.1,45.8,70,29.3,0,27620,0,0
2/26/2009 14:50,213,0.1,0.1,44.9,71,29.3,0,27620,0,0
2/26/2009 15:00,213,0.1,0.1,44.4,71,29.3,0,27620,0,0
2/26/2009 15:10,213,0.1,0.1,44.9,71,29.3,0,27620,0,0
2/26/2009 15:20,213,0.1,0.1,45.5,70,29.3,0,27620,0,0
2/26/2009 15:30,213,0.1,0.1,47.3,67,29.2,0,27620,0,0
2/26/2009 15:40,213,0.1,0.1,46.2,68,29.2,0,27620,0,0
2/26/2009 15:50,213,0.1,0.1,45.5,70,29.2,0,27620,0,0
2/26/2009 16:00,213,0.1,0.1,45.3,71,29.2,0,27620,0,0
2/26/2009 16:10,213,0.1,0.1,46.7,70,29.2,0,27620,0,0
2/26/2009 16:20,213,0.1,0.1,47.8,68,29.2,0,27620,0,0
2/26/2009 16:30,213,0.1,0.1,48.2,67,29.2,0,27620,0,0
2/26/2009 16:40,213,0.1,0.1,48.2,67,29.2,0,27620,0,0
2/26/2009 16:50,213,0.1,0.1,48.2,66,29.2,0,27620,0,0
2/26/2009 17:00,213,0.1,0.1,48.5,65,29.2,0,27620,0,0
2/26/2009 17:10,213,0.1,0.1,48.7,64,29.2,0,27620,0,0
2/26/2009 17:20,213,0.1,0.1,48.9,63,29.2,0,27620,0,0
2/26/2009 17:30,213,0.1,0.1,49.1,63,29.2,0,27620,0,0
2/26/2009 17:40,213,0.1,0.1,48.9,63,29.2,0,27620,0,0
2/26/2009 17:50,213,0.1,0.1,48.9,63,29.2,0,27620,0,0
2/26/2009 18:00,213,0.1,0.1,49.2,62,29.2,0,27620,0,0
2/26/2009 18:10,213,0.1,0.1,49.4,62,29.1,0,27620,0,0
2/26/2009 18:20,213,0.1,0.1,49.6,62,29.1,0,27620,0,0
2/26/2009 18:30,213,0.1,0.1,49.4,62,29.1,0,27620,0,0
2/26/2009 18:40,213,0.1,0.1,49.4,62,29.1,0,27620,0,0
2/26/2009 18:50,213,0.1,0.1,49.8,62,29.1,0,27650,0,0
2/26/2009 19:00,213,0.1,0.1,49.8,62,29.1,0,27650,0,0
2/26/2009 19:10,213,0.1,0.1,49.6,63,29.1,0,27680,0,0
2/26/2009 19:20,213,0.1,0.1,49.4,65,29.1,0,27730,0,0
2/26/2009 19:30,213,0.1,0.1,49.6,65,29.1,0,27750,0,0
2/26/2009 19:40,213,0.1,0.1,49.8,67,29.1,0,27850,0,0
2/26/2009 19:50,213,0.1,0.1,50.1,66,29.1,0,27850,0,0
2/26/2009 20:00,213,0.1,0.1,50.1,67,29.1,0,27850,0,0
2/26/2009 20:10,213,0.1,0.1,50.3,68,29.1,0,27850,0,0
2/26/2009 20:20,213,0.1,0.1,50.3,68,29,0,27850,0,0
2/26/2009 20:30,213,0.1,0.1,50.9,68,29,0,27850,0,0
2/26/2009 20:40,213,0.1,0.1,50.9,68,29,0,27850,0,0
2/26/2009 20:50,213,0.1,0.1,50.9,68,29,0,27860,0,0
2/26/2009 21:00,213,0.1,0.1,51.2,67,29,0,27880,0,0
2/26/2009 21:10,213,0.1,0.1,51.4,67,29,0,27900,0,0
2/26/2009 21:20,213,0.1,0.1,51.6,67,29,0,27900,0,0
2/26/2009 21:30,213,0.1,0.1,51.8,66,29,0,27920,0,0
2/26/2009 21:40,213,0.1,0.1,51.9,66,29,0,27940,0,0
2/26/2009 21:50,213,0.1,0.1,52.1,66,29,0,27980,0.03,0.03
2/26/2009 22:00,213,0.1,0.1,52.5,65,29,0,28060,0,0
2/26/2009 22:10,213,0.1,0.1,52.8,64,29,0,28070,0,0
2/26/2009 22:20,213,0.1,0.1,53,62,29,0,28070,0,0
2/26/2009 22:30,213,0.1,0.1,53,61,29,0,28070,0,0
2/26/2009 22:40,213,0.1,0.1,53.2,60,28.9,0,28080,0,0
2/26/2009 22:50,213,0.1,0.1,53.6,58,28.9,0,28080,0,0
2/26/2009 23:00,213,0.1,0.1,53.9,57,28.9,0,28120,0,0
2/26/2009 23:10,213,0.1,0.1,53.9,56,28.9,0,28140,0,0
2/26/2009 23:20,213,0.1,0.1,54.6,55,28.9,0,28210,0,0
2/26/2009 23:30,213,0.1,0.1,55,54,28.9,0,28290,0,0
2/26/2009 23:40,213,0.1,0.1,55.2,53,28.9,0,28500,0,0
2/26/2009 23:50,213,0.1,0.1,54.8,53,28.9,0,28560,0,0
2/27/2009 0:00,213,0.1,0.1,54.8,53,28.9,0,28610,0,0
2/27/2009 0:10,213,0.1,0.1,54.8,53,28.9,0,28650,0,0
2/27/2009 0:20,213,0.1,0.1,55,53,28.9,0,28700,0,0
2/27/2009 0:30,213,0.1,0.1,55.2,53,28.9,0,28720,0,0
2/27/2009 0:40,213,0.1,0.1,55.7,53,28.8,0,28800,0,0
2/27/2009 0:50,213,0.1,0.1,56.1,53,28.8,0,28930,0,0
2/27/2009 1:00,213,0.1,0.1,56.3,52,28.8,0,28980,0,0
2/27/2009 1:10,213,0.1,0.1,56.3,53,28.8,0,29060,0,0
2/27/2009 1:20,213,0.1,0.1,56.3,53,28.8,0,29230,0,0
2/27/2009 1:30,213,0.1,0.1,56.1,53,28.8,0,29320,0,0
2/27/2009 1:40,213,0.1,0.1,55.9,54,28.8,0,29430,0,0
2/27/2009 1:50,213,0.1,0.1,55.7,55,28.8,0,29430,0,0
2/27/2009 2:00,213,0.1,0.1,56.3,55,28.8,0,29480,0,0
2/27/2009 2:10,213,0.1,0.1,56.3,55,28.8,0,29540,0,0
2/27/2009 2:20,213,0.1,0.1,56.3,57,28.8,0,29980,0.11,0.11
2/27/2009 2:30,213,0.1,0.1,56.3,58,28.8,0,30130,0,0
2/27/2009 2:40,213,0.1,0.1,55.9,62,28.8,0,30600,0.25,0.25
2/27/2009 2:50,213,0.1,0.1,54.8,65,28.7,0,31130,0,0
2/27/2009 3:00,213,0.1,0.1,54.8,66,28.7,0,31520,0.16,0.16
2/27/2009 3:10,213,0.1,0.1,54.5,67,28.8,0,31750,0,0
2/27/2009 3:20,213,0.1,0.1,54.5,69,28.8,0,32020,0.27,0.27
2/27/2009 3:30,213,0.1,0.1,53.6,74,28.8,0,32620,0.3,0.3
2/27/2009 3:40,213,0.1,0.1,52.7,78,28.8,0,33230,0.32,0.32
2/27/2009 3:50,213,0.1,0.1,53,77,28.8,0,33650,0,0
2/27/2009 4:00,213,0.1,0.1,53.4,76,28.8,0,33840,0,0
2/27/2009 4:10,213,0.1,0.1,53.7,74,28.7,0,34060,0,0
2/27/2009 4:20,213,0.1,0.1,54.1,73,28.8,0,34120,0,0
2/27/2009 4:30,213,0.1,0.1,54.3,73,28.8,0,34150,0,0
2/27/2009 4:40,213,0.1,0.1,54.3,73,28.7,0,34180,0,0
2/27/2009 4:50,213,0.1,0.1,54.6,73,28.7,0,34220,0,0
2/27/2009 5:00,213,0.1,0.1,54.6,73,28.7,0,34330,0,0
2/27/2009 5:10,213,0.1,0.1,54.6,73,28.7,0,34370,0,0
2/27/2009 5:20,213,0.1,0.1,54.8,73,28.7,0,34440,0,0
2/27/2009 5:30,213,0.1,0.1,54.8,73,28.7,0,34540,0,0
2/27/2009 5:40,213,0.1,0.1,54.8,73,28.7,0,34600,0,0
2/27/2009 5:50,213,0.1,0.1,55,73,28.7,0,34700,0,0
2/27/2009 6:00,213,0.1,0.1,55.2,73,28.7,0,34760,0,0
2/27/2009 6:10,213,0.1,0.1,55.2,73,28.7,0,34770,0,0
2/27/2009 6:20,213,0.1,0.1,55.4,72,28.7,0,34870,0,0
2/27/2009 6:30,213,0.1,0.1,55.4,73,28.7,0,34920,0,0
2/27/2009 6:40,213,0.1,0.1,55.5,72,28.7,0,34960,0,0
2/27/2009 6:50,213,0.1,0.1,55.5,73,28.7,0,34980,0,0
2/27/2009 7:00,213,0.1,0.1,55.5,74,28.7,0,35060,0.77,0.77
2/27/2009 7:10,213,0.1,0.1,54.8,77,28.8,0,35590,0.03,0.03
2/27/2009 7:20,213,0.1,0.1,54.1,81,28.8,0,36180,0.15,0.15
2/27/2009 7:30,213,0.1,0.1,53.7,82,28.8,0,36780,0.09,0.09
2/27/2009 7:40,213,0.1,0.1,53.6,83,28.8,0,37330,0.05,0.05
2/27/2009 7:50,213,0.1,0.1,53.9,82,28.8,0,37550,0,0
2/27/2009 8:00,213,0.1,0.1,53.7,82,28.8,0,38000,0.1,0.1
2/27/2009 8:10,213,0.1,0.1,53.6,83,28.8,0,38340,0,0
2/27/2009 8:20,213,0.1,0.1,53.6,83,28.8,0,38590,0,0
2/27/2009 8:30,213,0.1,0.1,53.6,83,28.8,0,38660,0,0
2/27/2009 8:40,213,0.1,0.1,53.2,84,28.8,0,39210,0.02,0.02
2/27/2009 8:50,213,0.1,0.1,53.7,82,28.8,0,39230,0,0
2/27/2009 9:00,213,0.1,0.1,54.1,80,28.8,0,39320,0,0
2/27/2009 9:10,213,0.1,0.1,54.1,81,28.8,0,39710,0,0
2/27/2009 9:20,213,0.1,0.1,54.3,80,28.8,0,39730,0,0
2/27/2009 9:30,213,0.1,0.1,53.9,82,28.8,0,39850,0,0
2/27/2009 9:40,213,0.1,0.1,41.5,82,28.8,0,40050,0,0
2/27/2009 9:50,213,0.1,0.1,37.5,88,28.8,0,40160,0,0
2/27/2009 10:00,213,0.1,0.1,35.6,90,28.8,0,40230,0.09,0.09
2/27/2009 10:10,213,0.1,0.1,34.8,91,28.9,0,40830,0.17,0.17
2/27/2009 10:20,213,0.1,0.1,34.7,92,28.9,0,41060,0.01,0.01
2/27/2009 10:30,213,0.1,0.1,34.3,92,28.9,0,41400,0.06,0.06
2/27/2009 10:40,213,0.1,0.1,33.9,92,28.9,0,41560,0.01,0.01
2/27/2009 10:50,213,0.1,0.1,33.8,92,28.9,0,41900,0,0
2/27/2009 11:00,213,0.1,0.1,33.8,92,28.9,0,41910,0,0
2/27/2009 11:10,213,0.1,0.1,33.4,92,28.9,0,41910,0,0
2/27/2009 11:20,213,0.1,0.1,33.2,91,28.9,0,41910,0,0
2/27/2009 11:30,213,0.1,0.1,33,90,28.9,0,41910,0,0
2/27/2009 11:40,213,0.1,0.1,32.9,90,29,0,41910,0,0
2/27/2009 11:50,213,0.1,0.1,32,89,29,0,41910,0,0
2/27/2009 12:00,213,0.1,0.1,31.7,90,29,0,41910,0,0
2/27/2009 12:10,213,0.1,0.1,31.1,91,29,0,41910,0,0
2/27/2009 12:20,213,0.1,0.1,30.8,89,29,0,41910,0,0
2/27/2009 12:30,213,0.1,0.1,30.8,87,29,0,41910,0,0
2/27/2009 12:40,213,0.1,0.1,30.2,86,29,0,41910,0,0
2/27/2009 12:50,213,0.1,0.1,29.9,86,29,0,41910,0,0
2/27/2009 13:00,213,0.1,0.1,29.5,85,29,0,41910,0,0
2/27/2009 13:10,213,0.1,0.1,29.2,85,29,0,41910,0,0
2/27/2009 13:20,213,0.1,0.1,29,84,29.1,0,41910,0,0
2/27/2009 13:30,213,0.1,0.1,28.8,84,29.1,0,41910,0,0
2/27/2009 13:40,213,0.1,0.1,28.4,84,29.1,0,41910,0,0
2/27/2009 13:50,213,0.1,0.1,28.1,83,29.1,0,41910,0,0
2/27/2009 14:00,213,0.1,0.1,27.9,84,29.1,0,41910,0,0
2/27/2009 14:10,213,0.1,0.1,27.4,85,29.1,0,41910,0,0
2/27/2009 14:20,213,0.1,0.1,27,88,29.1,0,42100,0,0
2/27/2009 14:30,213,0.1,0.1,26.6,89,29.1,0,42110,0,0
2/27/2009 14:40,213,0.1,0.1,26.5,89,29.1,0,42130,0,0
2/27/2009 14:50,213,0.1,0.1,26.3,89,29.1,0,42150,0,0
2/27/2009 15:00,213,0.1,0.1,25.9,89,29.1,0,42150,0,0
2/27/2009 15:10,213,0.1,0.1,25.9,89,29.1,0,42150,0,0
2/27/2009 15:20,213,0.1,0.1,25.7,88,29.2,0,42150,0,0
2/27/2009 15:30,213,0.1,0.1,25.6,87,29.2,0,42190,0,0
2/27/2009 15:40,213,0.1,0.1,25.7,87,29.2,0,42190,0,0
2/27/2009 15:50,213,0.1,0.1,25.7,84,29.2,0,42200,0,0
2/27/2009 16:00,213,0.1,0.1,25.6,83,29.2,0,42200,0,0
2/27/2009 16:10,213,0.1,0.1,25.6,83,29.2,0,42200,0,0
2/27/2009 16:20,213,0.1,0.1,25.4,81,29.2,0,42200,0,0
2/27/2009 16:30,213,0.1,0.1,25.2,82,29.2,0,42200,0,0
2/27/2009 16:40,213,0.1,0.1,25.2,81,29.2,0,42200,0,0
2/27/2009 16:50,213,0.1,0.1,25.2,82,29.2,0,42200,0,0
2/27/2009 17:00,213,0.1,0.1,25.4,81,29.2,0,42200,0,0
2/27/2009 17:10,213,0.1,0.1,25,81,29.3,0,42200,0,0
2/27/2009 17:20,213,0.1,0.1,25,81,29.3,0,42200,0,0
2/27/2009 17:30,213,0.1,0.1,24.8,80,29.3,0,42200,0,0
2/27/2009 17:40,213,0.1,0.1,24.5,79,29.3,0,42200,0,0
2/27/2009 17:50,213,0.1,0.1,24.3,77,29.3,0,42200,0,0
2/27/2009 18:00,213,0.1,0.1,24.1,78,29.3,0,42200,0,0
2/27/2009 18:10,213,0.1,0.1,23.9,79,29.3,0,42200,0,0
2/27/2009 18:20,213,0.1,0.1,23.9,77,29.3,0,42200,0,0
2/27/2009 18:30,213,0.1,0.1,23.6,74,29.3,0,42200,0,0
2/27/2009 18:40,213,0.1,0.1,23,74,29.3,0,42200,0,0
2/27/2009 18:50,213,0.1,0.1,22.9,75,29.3,0,42200,0,0
2/27/2009 19:00,213,0.1,0.1,22.5,76,29.3,0,42200,0,0
2/27/2009 19:10,213,0.1,0.1,22.5,74,29.3,0,42200,0,0
2/27/2009 19:20,213,0.1,0.1,22.3,74,29.3,0,42200,0,0
2/27/2009 19:30,213,0.1,0.1,22.1,73,29.4,0,42200,0,0
2/27/2009 19:40,213,0.1,0.1,22,74,29.4,0,42200,0,0
2/27/2009 19:50,213,0.1,0.1,21.8,72,29.4,0,42200,0,0
2/27/2009 20:00,213,0.1,0.1,21.8,71,29.4,0,42200,0,0
2/27/2009 20:10,213,0.1,0.1,21.8,71,29.4,0,42200,0,0
2/27/2009 20:20,213,0.1,0.1,21.6,73,29.4,0,42200,0,0
2/27/2009 20:30,213,0.1,0.1,21.4,73,29.4,0,42200,0,0
2/27/2009 20:40,213,0.1,0.1,21.2,76,29.4,0,42200,0,0
2/27/2009 20:50,213,0.1,0.1,21.1,78,29.4,0,42200,0,0
2/27/2009 21:00,213,0.1,0.1,20.9,75,29.4,0,42200,0,0
2/27/2009 21:10,213,0.1,0.1,20.7,75,29.4,0,42200,0,0
2/27/2009 21:20,213,0.1,0.1,20.5,76,29.4,0,42200,0,0
2/27/2009 21:30,213,0.1,0.1,20.7,78,29.4,0,42200,0,0
2/27/2009 21:40,213,0.1,0.1,20.3,77,29.4,0,42200,0,0
2/27/2009 21:50,213,0.1,0.1,20.3,76,29.4,0,42200,0,0
2/27/2009 22:00,213,0.1,0.1,20,79,29.4,0,42200,0,0
2/27/2009 22:10,213,0.1,0.1,19.8,80,29.4,0,42200,0,0
2/27/2009 22:20,213,0.1,0.1,19.8,79,29.4,0,42200,0,0
2/27/2009 22:30,213,0.1,0.1,19.8,78,29.4,0,42200,0,0
2/27/2009 22:40,213,0.1,0.1,19.6,78,29.4,0,42200,0,0
2/27/2009 22:50,213,0.1,0.1,19.4,78,29.4,0,42200,0,0
2/27/2009 23:00,213,0.1,0.1,19.6,77,29.4,0,42200,0,0
2/27/2009 23:10,213,0.1,0.1,19.4,77,29.5,0,42200,0,0
2/27/2009 23:20,213,0.1,0.1,19.3,79,29.5,0,42200,0,0
2/27/2009 23:30,213,0.1,0.1,19.1,79,29.5,0,42200,0,0
2/27/2009 23:40,213,0.1,0.1,19.3,80,29.5,0,42200,0,0
2/27/2009 23:50,213,0.1,0.1,19.3,79,29.5,0,42200,0,0
2/28/2009 0:00,213,0.1,0.1,19.1,80,29.5,0,42200,0,0
2/28/2009 0:10,213,0.1,0.1,19.1,80,29.4,0,42200,0,0
2/28/2009 0:20,213,0.1,0.1,19.1,80,29.4,0,42200,0,0
2/28/2009 0:30,213,0.1,0.1,19.1,80,29.4,0,42200,0,0
2/28/2009 0:40,213,0.1,0.1,19.3,79,29.4,0,42200,0,0
2/28/2009 0:50,213,0.1,0.1,19.1,77,29.4,0,42200,0,0
2/28/2009 1:00,213,0.1,0.1,18.9,79,29.4,0,42200,0,0
2/28/2009 1:10,213,0.1,0.1,18.9,81,29.4,0,42200,0,0
2/28/2009 1:20,213,0.1,0.1,18.7,81,29.4,0,42200,0,0
2/28/2009 1:30,213,0.1,0.1,18.9,78,29.4,0,42200,0,0
2/28/2009 1:40,213,0.1,0.1,18.9,77,29.4,0,42200,0,0
2/28/2009 1:50,213,0.1,0.1,18.9,77,29.4,0,42200,0,0
2/28/2009 2:00,213,0.1,0.1,19.1,75,29.4,0,42200,0,0
2/28/2009 2:10,213,0.1,0.1,19.3,73,29.4,0,42200,0,0
2/28/2009 2:20,213,0.1,0.1,19.3,74,29.4,0,42200,0,0
2/28/2009 2:30,213,0.1,0.1,19.1,80,29.5,0,42200,0,0
2/28/2009 2:40,213,0.1,0.1,18.4,82,29.5,0,42200,0,0
2/28/2009 2:50,213,0.1,0.1,18,81,29.5,0,42200,0,0
2/28/2009 3:00,213,0.1,0.1,18,81,29.5,0,42200,0,0
2/28/2009 3:10,213,0.1,0.1,17.8,80,29.5,0,42200,0,0
2/28/2009 3:20,213,0.1,0.1,17.5,79,29.5,0,42200,0,0
2/28/2009 3:30,213,0.1,0.1,17.3,80,29.5,0,42200,0,0
2/28/2009 3:40,213,0.1,0.1,17.1,81,29.5,0,42200,0,0
2/28/2009 3:50,213,0.1,0.1,16.9,80,29.5,0,42200,0,0
2/28/2009 4:00,213,0.1,0.1,16.7,80,29.5,0,42200,0,0
2/28/2009 4:10,213,0.1,0.1,16.4,80,29.5,0,42200,0,0
2/28/2009 4:20,213,0.1,0.1,16.4,80,29.5,0,42200,0,0
2/28/2009 4:30,213,0.1,0.1,16.2,78,29.5,0,42200,0,0
2/28/2009 4:40,213,0.1,0.1,16.2,80,29.5,0,42200,0,0
2/28/2009 4:50,213,0.1,0.1,16,80,29.5,0,42200,0,0
2/28/2009 5:00,213,0.1,0.1,16,81,29.5,0,42200,0,0
2/28/2009 5:10,213,0.1,0.1,16.2,81,29.5,0,42200,0,0
2/28/2009 5:20,213,0.1,0.1,16,81,29.5,0,42200,0,0
2/28/2009 5:30,213,0.1,0.1,15.7,81,29.5,0,42200,0,0
2/28/2009 5:40,213,0.1,0.1,15.5,80,29.5,0,42200,0,0
2/28/2009 5:50,213,0.1,0.1,15.7,81,29.5,0,42200,0,0
2/28/2009 6:00,213,0.1,0.1,15.5,81,29.5,0,42200,0,0
2/28/2009 6:10,213,0.1,0.1,15.5,81,29.5,0,42200,0,0
2/28/2009 6:20,213,0.1,0.1,15.3,80,29.5,0,42200,0,0
2/28/2009 6:30,213,0.1,0.1,14.9,81,29.5,0,42200,0,0
2/28/2009 6:40,213,0.1,0.1,15.5,83,29.5,0,42200,0,0
2/28/2009 6:50,213,0.1,0.1,15.5,80,29.5,0,42200,0,0
2/28/2009 7:00,213,0.1,0.1,14.9,78,29.5,0,42200,0,0
2/28/2009 7:10,213,0.1,0.1,16,78,29.5,0,42200,0,0
2/28/2009 7:20,213,0.1,0.1,14.8,77,29.5,0,42200,0,0
2/28/2009 7:30,213,0.1,0.1,15.1,77,29.5,0,42200,0,0
2/28/2009 7:40,213,0.1,0.1,14.9,76,29.5,0,42200,0,0
2/28/2009 7:50,213,0.1,0.1,14.9,77,29.5,0,42200,0,0
2/28/2009 8:00,213,0.1,0.1,14.6,76,29.5,0,42200,0,0
2/28/2009 8:10,213,0.1,0.1,14.8,75,29.5,0,42200,0,0
2/28/2009 8:20,213,0.1,0.1,14.8,76,29.5,0,42200,0,0
2/28/2009 8:30,213,0.1,0.1,15.3,77,29.5,0,42200,0,0
2/28/2009 8:40,213,0.1,0.1,15.7,77,29.5,0,42200,0,0
2/28/2009 8:50,213,0.1,0.1,15.1,75,29.5,0,42200,0,0
2/28/2009 9:00,213,0.1,0.1,15.5,76,29.5,0,42200,0,0
2/28/2009 9:10,213,0.1,0.1,15.5,77,29.5,0,42200,0,0
2/28/2009 9:20,213,0.1,0.1,15.3,76,29.5,0,42200,0,0
2/28/2009 9:30,213,0.1,0.1,16.2,77,29.5,0,42200,0,0
2/28/2009 9:40,213,0.1,0.1,16.4,73,29.5,0,42200,0,0
2/28/2009 9:50,213,0.1,0.1,16.6,72,29.5,0,42200,0,0
2/28/2009 10:00,213,0.1,0.1,16.9,72,29.5,0,42200,0,0
2/28/2009 10:10,213,0.1,0.1,16.6,73,29.5,0,42200,0,0
2/28/2009 10:20,213,0.1,0.1,16.7,72,29.5,0,42200,0,0
2/28/2009 10:30,213,0.1,0.1,16.6,72,29.5,0,42200,0,0
2/28/2009 10:40,213,0.1,0.1,16.7,73,29.5,0,42200,0,0
2/28/2009 10:50,213,0.1,0.1,16.7,73,29.5,0,42200,0,0
2/28/2009 11:00,213,0.1,0.1,16.2,74,29.5,0,42200,0,0
2/28/2009 11:10,213,0.1,0.1,16.7,75,29.5,0,42200,0,0
2/28/2009 11:20,213,0.1,0.1,17.3,74,29.5,0,42200,0,0
2/28/2009 11:30,213,0.1,0.1,17.5,73,29.5,0,42200,0,0
2/28/2009 11:40,213,0.1,0.1,17.1,72,29.5,0,42200,0,0
2/28/2009 11:50,213,0.1,0.1,16.9,73,29.5,0,42200,0,0
2/28/2009 12:00,213,0.1,0.1,17.5,74,29.5,0,42200,0,0
2/28/2009 12:10,213,0.1,0.1,17.3,74,29.5,0,42200,0,0
2/28/2009 12:20,213,0.1,0.1,17.3,75,29.4,0,42200,0,0
2/28/2009 12:30,213,0.1,0.1,17.5,74,29.4,0,42200,0,0
2/28/2009 12:40,213,0.1,0.1,17.5,75,29.4,0,42200,0,0
2/28/2009 12:50,213,0.1,0.1,17.5,74,29.4,0,42200,0,0
2/28/2009 13:00,213,0.1,0.1,18.2,76,29.4,0,42200,0,0
2/28/2009 13:10,213,0.1,0.1,18,75,29.4,0,42200,0,0
2/28/2009 13:20,213,0.1,0.1,18.2,76,29.4,0,42200,0,0
2/28/2009 13:30,213,0.1,0.1,18.4,76,29.4,0,42200,0,0
2/28/2009 13:40,213,0.1,0.1,18.7,75,29.4,0,42200,0,0
2/28/2009 13:50,213,0.1,0.1,18.5,76,29.4,0,42200,0,0
2/28/2009 14:00,213,0.1,0.1,18.9,76,29.4,0,42200,0,0
2/28/2009 14:10,213,0.1,0.1,18.9,75,29.4,0,42200,0,0
2/28/2009 14:20,213,0.1,0.1,19.1,76,29.4,0,42200,0,0
2/28/2009 14:30,213,0.1,0.1,19.1,76,29.4,0,42200,0,0
2/28/2009 14:40,213,0.1,0.1,19.3,76,29.4,0,42200,0,0
2/28/2009 14:50,213,0.1,0.1,19.1,76,29.4,0,42200,0,0
2/28/2009 15:00,213,0.1,0.1,19.3,78,29.4,0,42200,0,0
2/28/2009 15:10,213,0.1,0.1,19.3,76,29.4,0,42200,0,0
2/28/2009 15:20,213,0.1,0.1,19.3,77,29.4,0,42200,0,0
2/28/2009 15:30,213,0.1,0.1,19.4,78,29.4,0,42200,0,0
2/28/2009 15:40,213,0.1,0.1,19.3,78,29.4,0,42200,0,0
2/28/2009 15:50,213,0.1,0.1,19.3,77,29.4,0,42200,0,0
2/28/2009 16:00,213,0.1,0.1,19.4,78,29.4,0,42200,0,0
2/28/2009 16:10,213,0.1,0.1,19.4,78,29.4,0,42200,0,0
2/28/2009 16:20,213,0.1,0.1,19.4,78,29.4,0,42200,0,0
2/28/2009 16:30,213,0.1,0.1,19.4,79,29.4,0,42200,0,0
2/28/2009 16:40,213,0.1,0.1,19.4,78,29.4,0,42200,0,0
2/28/2009 16:50,213,0.1,0.1,19.6,78,29.4,0,42200,0,0
2/28/2009 17:00,213,0.1,0.1,19.6,77,29.4,0,42200,0,0
2/28/2009 17:10,213,0.1,0.1,19.8,78,29.4,0,42200,0,0
2/28/2009 17:20,213,0.1,0.1,19.6,76,29.4,0,42200,0,0
2/28/2009 17:30,213,0.1,0.1,19.6,77,29.4,0,42200,0,0
2/28/2009 17:40,213,0.1,0.1,19.8,78,29.4,0,42200,0,0
2/28/2009 17:50,213,0.1,0.1,19.8,76,29.4,0,42200,0,0
2/28/2009 18:00,213,0.1,0.1,19.8,77,29.4,0,42200,0,0
2/28/2009 18:10,213,0.1,0.1,19.8,77,29.4,0,42200,0,0
2/28/2009 18:20,213,0.1,0.1,19.4,78,29.4,0,42200,0,0
2/28/2009 18:30,213,0.1,0.1,19.1,81,29.4,0,42200,0,0
2/28/2009 18:40,213,0.1,0.1,18.7,81,29.4,0,42200,0,0
2/28/2009 18:50,213,0.1,0.1,18.9,82,29.4,0,42200,0,0
2/28/2009 19:00,213,0.1,0.1,18.7,82,29.4,0,42200,0,0
2/28/2009 19:10,213,0.1,0.1,18.4,82,29.4,0,42200,0,0
2/28/2009 19:20,213,0.1,0.1,18.2,82,29.4,0,42200,0,0
2/28/2009 19:30,213,0.1,0.1,18,83,29.4,0,42200,0,0
2/28/2009 19:40,213,0.1,0.1,18,83,29.4,0,42200,0,0
2/28/2009 19:50,213,0.1,0.1,18,84,29.4,0,42200,0,0
2/28/2009 20:00,213,0.1,0.1,17.8,84,29.4,0,42200,0,0
2/28/2009 20:10,213,0.1,0.1,18,84,29.4,0,42200,0,0
2/28/2009 20:20,213,0.1,0.1,17.8,82,29.4,0,42200,0,0
2/28/2009 20:30,213,0.1,0.1,18,82,29.4,0,42200,0,0
2/28/2009 20:40,213,0.1,0.1,18,83,29.4,0,42200,0,0
2/28/2009 20:50,213,0.1,0.1,17.8,83,29.4,0,42200,0,0
2/28/2009 21:00,213,0.1,0.1,17.6,83,29.4,0,42200,0,0
2/28/2009 21:10,213,0.1,0.1,17.6,82,29.4,0,42200,0,0
2/28/2009 21:20,213,0.1,0.1,17.6,82,29.4,0,42200,0,0
2/28/2009 21:30,213,0.1,0.1,17.6,82,29.4,0,42200,0,0
2/28/2009 21:40,213,0.1,0.1,17.6,82,29.4,0,42200,0,0
2/28/2009 21:50,213,0.1,0.1,17.6,82,29.4,0,42200,0,0
2/28/2009 22:00,213,0.1,0.1,17.6,82,29.4,0,42200,0,0
2/28/2009 22:10,213,0.1,0.1,17.6,82,29.4,0,42200,0,0
2/28/2009 22:20,213,0.1,0.1,17.5,82,29.4,0,42200,0,0
2/28/2009 22:30,213,0.1,0.1,17.5,82,29.4,0,42200,0,0
2/28/2009 22:40,213,0.1,0.1,17.3,83,29.4,0,42200,0,0
2/28/2009 22:50,213,0.1,0.1,17.3,83,29.4,0,42200,0,0
2/28/2009 23:00,213,0.1,0.1,17.1,83,29.4,0,42200,0,0
2/28/2009 23:10,213,0.1,0.1,17.1,84,29.4,0,42200,0,0
2/28/2009 23:20,213,0.1,0.1,17.1,84,29.4,0,42200,0,0
2/28/2009 23:30,213,0.1,0.1,16.9,84,29.4,0,42200,0,0
2/28/2009 23:40,213,0.1,0.1,16.9,84,29.4,0,42200,0,0
2/28/2009 23:50,213,0.1,0.1,16.9,84,29.4,0,42200,0,0
3/1/2009 0:00,213,0.1,0.1,17.1,84,29.4,0,42200,0,0
3/1/2009 0:10,213,0.1,0.1,17.1,84,29.4,0,42200,0,0
3/1/2009 0:20,213,0.1,0.1,17.1,84,29.4,0,42200,0,0
3/1/2009 0:30,213,0.1,0.1,16.7,84,29.4,0,42200,0,0
3/1/2009 0:40,213,0.1,0.1,16.7,84,29.3,0,42200,0,0
3/1/2009 0:50,213,0.1,0.1,16.6,84,29.3,0,42200,0,0
3/1/2009 1:00,213,0.1,0.1,16.6,85,29.3,0,42200,0,0
3/1/2009 1:10,213,0.1,0.1,16.7,85,29.3,0,42200,0,0
3/1/2009 1:20,213,0.1,0.1,16.6,85,29.3,0,42200,0,0
3/1/2009 1:30,213,0.1,0.1,16.4,85,29.3,0,42200,0,0
3/1/2009 1:40,213,0.1,0.1,16.2,85,29.3,0,42200,0,0
3/1/2009 1:50,213,0.1,0.1,16,85,29.3,0,42200,0,0
3/1/2009 2:00,213,0.1,0.1,16,86,29.3,0,42200,0,0
3/1/2009 2:10,213,0.1,0.1,16.2,86,29.3,0,42200,0,0
3/1/2009 2:20,213,0.1,0.1,16.2,86,29.3,0,42200,0,0
3/1/2009 2:30,213,0.1,0.1,16,86,29.3,0,42200,0,0
3/1/2009 2:40,213,0.1,0.1,16,86,29.3,0,42200,0,0
3/1/2009 2:50,213,0.1,0.1,16,86,29.3,0,42200,0,0
3/1/2009 3:00,213,0.1,0.1,15.8,86,29.3,0,42200,0,0
3/1/2009 3:10,213,0.1,0.1,15.8,87,29.3,0,42200,0,0
3/1/2009 3:20,213,0.1,0.1,15.8,87,29.3,0,42200,0,0
3/1/2009 3:30,213,0.1,0.1,15.7,87,29.3,0,42200,0,0
3/1/2009 3:40,213,0.1,0.1,15.5,87,29.3,0,42200,0,0
3/1/2009 3:50,213,0.1,0.1,15.3,87,29.3,0,42200,0,0
3/1/2009 4:00,213,0.1,0.1,15.3,87,29.3,0,42200,0,0
3/1/2009 4:10,213,0.1,0.1,15.3,87,29.3,0,42200,0,0
3/1/2009 4:20,213,0.1,0.1,15.3,87,29.3,0,42200,0,0
3/1/2009 4:30,213,0.1,0.1,14.9,87,29.3,0,42200,0,0
3/1/2009 4:40,213,0.1,0.1,14.9,87,29.3,0,42200,0,0
3/1/2009 4:50,213,0.1,0.1,14.8,87,29.3,0,42220,0,0
3/1/2009 5:00,213,0.1,0.1,14.6,86,29.3,0,42220,0,0
3/1/2009 5:10,213,0.1,0.1,14.6,86,29.3,0,42220,0,0
3/1/2009 5:20,213,0.1,0.1,14.6,86,29.3,0,42220,0,0
3/1/2009 5:30,213,0.1,0.1,14.9,86,29.3,0,42220,0,0
3/1/2009 5:40,213,0.1,0.1,15.1,84,29.3,0,42220,0,0
3/1/2009 5:50,213,0.1,0.1,15.7,82,29.4,0,42220,0,0
3/1/2009 6:00,213,0.1,0.1,16,80,29.4,0,42220,0,0
3/1/2009 6:10,213,0.1,0.1,16,80,29.4,0,42220,0,0
3/1/2009 6:20,213,0.1,0.1,16.2,81,29.4,0,42220,0,0
3/1/2009 6:30,213,0.1,0.1,16.7,81,29.4,0,42220,0,0
3/1/2009 6:40,213,0.1,0.1,16.7,80,29.4,0,42220,0,0
3/1/2009 6:50,213,0.1,0.1,17.1,81,29.4,0,42220,0,0
3/1/2009 7:00,213,0.1,0.1,17.3,81,29.4,0,42220,0,0
3/1/2009 7:10,213,0.1,0.1,17.1,80,29.4,0,42220,0,0
3/1/2009 7:20,213,0.1,0.1,17.1,81,29.4,0,42220,0,0
3/1/2009 7:30,213,0.1,0.1,17.3,81,29.4,0,42220,0,0
3/1/2009 7:40,213,0.1,0.1,17.6,82,29.4,0,42220,0,0
3/1/2009 7:50,213,0.1,0.1,17.5,81,29.4,0,42220,0,0
3/1/2009 8:00,213,0.1,0.1,17.6,80,29.4,0,42220,0,0
3/1/2009 8:10,213,0.1,0.1,17.8,81,29.4,0,42220,0,0
3/1/2009 8:20,213,0.1,0.1,17.8,81,29.4,0,42220,0,0
3/1/2009 8:30,213,0.1,0.1,18.4,79,29.4,0,42220,0,0
3/1/2009 8:40,213,0.1,0.1,19.3,79,29.4,0,42220,0,0
3/1/2009 8:50,213,0.1,0.1,18.9,79,29.4,0,42220,0,0
3/1/2009 9:00,213,0.1,0.1,18.5,79,29.4,0,42220,0,0
3/1/2009 9:10,213,0.1,0.1,18.7,81,29.4,0,42220,0,0
3/1/2009 9:20,213,0.1,0.1,19.3,80,29.4,0,42220,0,0
3/1/2009 9:30,213,0.1,0.1,19.4,80,29.4,0,42220,0,0
3/1/2009 9:40,213,0.1,0.1,19.4,80,29.4,0,42220,0,0
3/1/2009 9:50,213,0.1,0.1,19.1,81,29.4,0,42220,0,0
3/1/2009 10:00,213,0.1,0.1,19.1,81,29.4,0,42220,0,0
3/1/2009 10:10,213,0.1,0.1,19.8,80,29.4,0,42220,0,0
3/1/2009 10:20,213,0.1,0.1,19.6,81,29.4,0,42220,0,0
3/1/2009 10:30,213,0.1,0.1,19.8,80,29.4,0,42220,0,0
3/1/2009 10:40,213,0.1,0.1,20.3,77,29.4,0,42220,0,0
3/1/2009 10:50,213,0.1,0.1,20.2,76,29.4,0,42220,0,0
3/1/2009 11:00,213,0.1,0.1,20.2,75,29.4,0,42220,0,0
3/1/2009 11:10,213,0.1,0.1,20.7,76,29.4,0,42220,0,0
3/1/2009 11:20,213,0.1,0.1,20.9,75,29.4,0,42220,0,0
3/1/2009 11:30,213,0.1,0.1,21.1,77,29.4,0,42220,0,0
3/1/2009 11:40,213,0.1,0.1,21.2,75,29.4,0,42220,0,0
3/1/2009 11:50,213,0.1,0.1,21.2,78,29.4,0,42220,0,0
3/1/2009 12:00,213,0.1,0.1,21.4,74,29.4,0,42220,0,0
3/1/2009 12:10,213,0.1,0.1,21.6,74,29.4,0,42220,0,0
3/1/2009 12:20,213,0.1,0.1,21.8,74,29.4,0,42220,0,0
3/1/2009 12:30,213,0.1,0.1,22,72,29.4,0,42220,0,0
3/1/2009 12:40,213,0.1,0.1,22.5,69,29.4,0,42220,0,0
3/1/2009 12:50,213,0.1,0.1,22.5,71,29.4,0,42220,0,0
3/1/2009 13:00,213,0.1,0.1,22.3,70,29.4,0,42220,0,0
3/1/2009 13:10,213,0.1,0.1,22,69,29.4,0,42220,0,0
3/1/2009 13:20,213,0.1,0.1,22.1,69,29.4,0,42220,0,0
3/1/2009 13:30,213,0.1,0.1,22.5,69,29.4,0,42220,0,0
3/1/2009 13:40,213,0.1,0.1,22.9,69,29.4,0,42220,0,0
3/1/2009 13:50,213,0.1,0.1,22.9,68,29.4,0,42220,0,0
3/1/2009 14:00,213,0.1,0.1,22.9,70,29.4,0,42220,0,0
3/1/2009 14:10,213,0.1,0.1,23.2,67,29.4,0,42220,0,0
3/1/2009 14:20,213,0.1,0.1,23,68,29.4,0,42220,0,0
3/1/2009 14:30,213,0.1,0.1,23.2,69,29.4,0,42220,0,0
3/1/2009 14:40,213,0.1,0.1,22.5,68,29.4,0,42220,0,0
3/1/2009 14:50,213,0.1,0.1,22.3,69,29.4,0,42220,0,0
3/1/2009 15:00,213,0.1,0.1,22.3,70,29.4,0,42220,0,0
3/1/2009 15:10,213,0.1,0.1,22.3,69,29.4,0,42220,0,0
3/1/2009 15:20,213,0.1,0.1,22.3,70,29.4,0,42220,0,0
3/1/2009 15:30,213,0.1,0.1,22.1,72,29.4,0,42220,0,0
3/1/2009 15:40,213,0.1,0.1,22.1,72,29.4,0,42220,0,0
3/1/2009 15:50,213,0.1,0.1,22.5,72,29.4,0,42220,0,0
3/1/2009 16:00,213,0.1,0.1,23,63,29.4,0,42220,0,0
3/1/2009 16:10,213,0.1,0.1,23.2,58,29.4,0,42220,0,0
3/1/2009 16:20,213,0.1,0.1,22.9,62,29.4,0,42220,0,0
3/1/2009 16:30,213,0.1,0.1,22.5,61,29.4,0,42220,0,0
3/1/2009 16:40,213,0.1,0.1,22.3,62,29.4,0,42220,0,0
3/1/2009 16:50,213,0.1,0.1,22,64,29.4,0,42220,0,0
3/1/2009 17:00,213,0.1,0.1,21.8,66,29.4,0,42220,0,0
3/1/2009 17:10,213,0.1,0.1,21.6,63,29.4,0,42220,0,0
3/1/2009 17:20,213,0.1,0.1,21.4,64,29.4,0,42220,0,0
3/1/2009 17:30,213,0.1,0.1,21.4,63,29.4,0,42220,0,0
3/1/2009 17:40,213,0.1,0.1,21.2,64,29.4,0,42220,0,0
3/1/2009 17:50,213,0.1,0.1,21.1,68,29.4,0,42220,0,0
3/1/2009 18:00,213,0.1,0.1,21.1,67,29.4,0,42220,0,0
3/1/2009 18:10,213,0.1,0.1,20.7,69,29.4,0,42220,0,0
3/1/2009 18:20,213,0.1,0.1,20.7,64,29.4,0,42220,0,0
3/1/2009 18:30,213,0.1,0.1,20.5,64,29.4,0,42220,0,0
3/1/2009 18:40,213,0.1,0.1,20.3,62,29.4,0,42220,0,0
3/1/2009 18:50,213,0.1,0.1,20.2,60,29.4,0,42220,0,0
3/1/2009 19:00,213,0.1,0.1,19.8,62,29.4,0,42240,0,0
3/1/2009 19:10,213,0.1,0.1,19.4,64,29.4,0,42270,0,0
3/1/2009 19:20,213,0.1,0.1,19.3,63,29.4,0,42270,0,0
3/1/2009 19:30,213,0.1,0.1,19.1,64,29.4,0,42310,0,0
3/1/2009 19:40,213,0.1,0.1,18.5,70,29.4,0,42310,0,0
3/1/2009 19:50,213,0.1,0.1,18.2,65,29.4,0,42310,0,0
3/1/2009 20:00,213,0.1,0.1,17.8,65,29.5,0,42310,0,0
3/1/2009 20:10,213,0.1,0.1,17.6,70,29.5,0,42310,0,0
3/1/2009 20:20,213,0.1,0.1,17.3,69,29.5,0,42310,0,0
3/1/2009 20:30,213,0.1,0.1,17.1,67,29.5,0,42310,0,0
3/1/2009 20:40,213,0.1,0.1,16.9,63,29.5,0,42310,0,0
3/1/2009 20:50,213,0.1,0.1,16.2,59,29.4,0,42310,0,0
3/1/2009 21:00,213,0.1,0.1,16,62,29.4,0,42310,0,0
3/1/2009 21:10,213,0.1,0.1,16,66,29.4,0,42310,0,0
3/1/2009 21:20,213,0.1,0.1,15.3,66,29.4,0,42310,0,0
3/1/2009 21:30,213,0.1,0.1,15.1,67,29.4,0,42320,0,0
3/1/2009 21:40,213,0.1,0.1,14.8,66,29.4,0,42320,0,0
3/1/2009 21:50,213,0.1,0.1,14.4,66,29.4,0,42320,0,0
3/1/2009 22:00,213,0.1,0.1,14,67,29.4,0,42320,0,0
3/1/2009 22:10,213,0.1,0.1,13.9,68,29.4,0,42320,0,0
3/1/2009 22:20,213,0.1,0.1,13.5,67,29.4,0,42320,0,0
3/1/2009 22:30,213,0.1,0.1,13.1,67,29.4,0,42330,0,0
3/1/2009 22:40,213,0.1,0.1,13.1,67,29.4,0,42350,0,0
3/1/2009 22:50,213,0.1,0.1,13.3,67,29.4,0,42350,0,0
3/1/2009 23:00,213,0.1,0.1,13.3,67,29.4,0,42350,0,0
3/1/2009 23:10,213,0.1,0.1,13.3,67,29.4,0,42350,0,0
3/1/2009 23:20,213,0.1,0.1,13.1,68,29.4,0,42350,0,0
3/1/2009 23:30,213,0.1,0.1,13,68,29.4,0,42350,0,0
3/1/2009 23:40,213,0.1,0.1,13,69,29.4,0,42350,0,0
3/1/2009 23:50,213,0.1,0.1,13,71,29.4,0,42350,0,0
3/2/2009 0:00,213,0.1,0.1,13,70,29.4,0,42350,0,0
3/2/2009 0:10,213,0.1,0.1,12.8,71,29.4,0,42350,0,0
3/2/2009 0:20,213,0.1,0.1,13,71,29.4,0,42350,0,0
3/2/2009 0:30,213,0.1,0.1,13.1,72,29.4,0,42350,0,0
3/2/2009 0:40,213,0.1,0.1,13.1,73,29.5,0,42350,0,0
3/2/2009 0:50,213,0.1,0.1,13,72,29.4,0,42350,0,0
3/2/2009 1:00,213,0.1,0.1,12.8,72,29.4,0,42350,0,0
3/2/2009 1:10,213,0.1,0.1,12.8,72,29.4,0,42350,0,0
3/2/2009 1:20,213,0.1,0.1,12.6,72,29.4,0,42350,0,0
3/2/2009 1:30,213,0.1,0.1,12.6,72,29.4,0,42350,0,0
3/2/2009 1:40,213,0.1,0.1,12.4,72,29.4,0,42350,0,0
3/2/2009 1:50,213,0.1,0.1,12.4,73,29.4,0,42350,0,0
3/2/2009 2:00,213,0.1,0.1,12.2,73,29.4,0,42350,0,0
3/2/2009 2:10,213,0.1,0.1,12.1,72,29.4,0,42350,0,0
3/2/2009 2:20,213,0.1,0.1,12.1,73,29.4,0,42360,0,0
3/2/2009 2:30,213,0.1,0.1,11.9,72,29.4,0,42360,0,0
3/2/2009 2:40,213,0.1,0.1,11.7,72,29.4,0,42370,0,0
3/2/2009 2:50,213,0.1,0.1,11.5,73,29.4,0,42370,0,0
3/2/2009 3:00,213,0.1,0.1,11.5,73,29.4,0,42370,0,0
3/2/2009 3:10,213,0.1,0.1,11.3,73,29.4,0,42370,0,0
3/2/2009 3:20,213,0.1,0.1,11.2,73,29.4,0,42370,0,0
3/2/2009 3:30,213,0.1,0.1,11,74,29.4,0,42370,0,0
3/2/2009 3:40,213,0.1,0.1,10.8,74,29.4,0,42370,0,0
3/2/2009 3:50,213,0.1,0.1,10.8,74,29.4,0,42370,0,0
3/2/2009 4:00,213,0.1,0.1,10.6,75,29.4,0,42370,0,0
3/2/2009 4:10,213,0.1,0.1,10.4,75,29.4,0,42370,0,0
3/2/2009 4:20,213,0.1,0.1,10.4,75,29.4,0,42370,0,0
3/2/2009 4:30,213,0.1,0.1,10.3,75,29.4,0,42370,0,0
3/2/2009 4:40,213,0.1,0.1,10.3,75,29.4,0,42370,0,0
3/2/2009 4:50,213,0.1,0.1,10.1,75,29.4,0,42370,0,0
3/2/2009 5:00,213,0.1,0.1,9.9,75,29.4,0,42370,0,0
3/2/2009 5:10,213,0.1,0.1,9.9,75,29.4,0,42370,0,0
3/2/2009 5:20,213,0.1,0.1,9.7,76,29.4,0,42370,0,0
3/2/2009 5:30,213,0.1,0.1,9.7,76,29.5,0,42370,0,0
3/2/2009 5:40,213,0.1,0.1,9.9,76,29.5,0,42370,0,0
3/2/2009 5:50,213,0.1,0.1,9.7,76,29.5,0,42380,0,0
3/2/2009 6:00,213,0.1,0.1,9.7,75,29.5,0,42380,0,0
3/2/2009 6:10,213,0.1,0.1,9.9,74,29.5,0,42380,0,0
3/2/2009 6:20,213,0.1,0.1,10.1,72,29.5,0,42380,0,0
3/2/2009 6:30,213,0.1,0.1,10.1,72,29.5,0,42390,0,0
3/2/2009 6:40,213,0.1,0.1,10.3,72,29.5,0,42430,0,0
3/2/2009 6:50,213,0.1,0.1,10.4,70,29.5,0,42460,0,0
3/2/2009 7:00,213,0.1,0.1,10.4,69,29.5,0,42500,0,0
3/2/2009 7:10,213,0.1,0.1,10.3,70,29.5,0,42510,0,0
3/2/2009 7:20,213,0.1,0.1,10.6,69,29.5,0,42550,0,0
3/2/2009 7:30,213,0.1,0.1,10.4,69,29.5,0,42660,0,0
3/2/2009 7:40,213,0.1,0.1,10.6,69,29.5,0,42690,0,0
3/2/2009 7:50,213,0.1,0.1,10.6,67,29.5,0,42730,0,0
3/2/2009 8:00,213,0.1,0.1,11,66,29.5,0,42810,0,0
3/2/2009 8:10,213,0.1,0.1,11,66,29.5,0,42830,0,0
3/2/2009 8:20,213,0.1,0.1,11.5,65,29.5,0,42850,0,0
3/2/2009 8:30,213,0.1,0.1,11.9,64,29.5,0,42850,0,0
3/2/2009 8:40,213,0.1,0.1,11.5,65,29.5,0,42850,0,0
3/2/2009 8:50,213,0.1,0.1,12.1,61,29.5,0,42860,0,0
3/2/2009 9:00,213,0.1,0.1,12.1,63,29.5,0,42880,0,0
3/2/2009 9:10,213,0.1,0.1,11.7,63,29.5,0,42890,0,0
3/2/2009 9:20,213,0.1,0.1,12.1,60,29.5,0,42920,0,0
3/2/2009 9:30,213,0.1,0.1,12.2,59,29.5,0,42940,0,0
3/2/2009 9:40,213,0.1,0.1,13.1,59,29.5,0,42940,0,0
3/2/2009 9:50,213,0.1,0.1,12.4,60,29.5,0,42940,0,0
3/2/2009 10:00,213,0.1,0.1,12.8,60,29.5,0,42940,0,0
3/2/2009 10:10,213,0.1,0.1,12.4,58,29.5,0,42940,0,0
3/2/2009 10:20,213,0.1,0.1,12.6,59,29.5,0,42940,0,0
3/2/2009 10:30,213,0.1,0.1,13.1,53,29.5,0,42960,0,0
3/2/2009 10:40,213,0.1,0.1,13.9,53,29.5,0,42970,0,0
3/2/2009 10:50,213,0.1,0.1,13.3,51,29.5,0,42980,0,0
3/2/2009 11:00,213,0.1,0.1,13.7,50,29.5,0,42980,0,0
3/2/2009 11:10,213,0.1,0.1,13.9,50,29.5,0,42980,0,0
3/2/2009 11:20,213,0.1,0.1,13.7,51,29.5,0,42980,0,0
3/2/2009 11:30,213,0.1,0.1,13.5,55,29.5,0,42980,0,0
3/2/2009 11:40,213,0.1,0.1,14.4,52,29.5,0,42980,0,0
3/2/2009 11:50,213,0.1,0.1,14,51,29.5,0,43000,0,0
3/2/2009 12:00,213,0.1,0.1,14.4,49,29.5,0,43000,0,0
3/2/2009 12:10,213,0.1,0.1,14.4,49,29.4,0,43000,0,0
3/2/2009 12:20,213,0.1,0.1,14.8,50,29.4,0,43010,0,0
3/2/2009 12:30,213,0.1,0.1,14.2,53,29.4,0,43010,0,0
3/2/2009 12:40,213,0.1,0.1,15.3,50,29.4,0,43010,0,0
3/2/2009 12:50,213,0.1,0.1,14.9,47,29.4,0,43010,0,0
3/2/2009 13:00,213,0.1,0.1,14.8,50,29.4,0,43010,0,0
3/2/2009 13:10,213,0.1,0.1,15.1,49,29.4,0,43010,0,0
3/2/2009 13:20,213,0.1,0.1,15.5,49,29.4,0,43010,0,0
3/2/2009 13:30,213,0.1,0.1,15.5,49,29.4,0,43010,0,0
3/2/2009 13:40,213,0.1,0.1,15.7,50,29.4,0,43010,0,0
3/2/2009 13:50,213,0.1,0.1,16,48,29.4,0,43010,0,0
3/2/2009 14:00,213,0.1,0.1,16.4,50,29.4,0,43010,0,0
3/2/2009 14:10,213,0.1,0.1,16.2,47,29.4,0,43010,0,0
3/2/2009 14:20,213,0.1,0.1,15.8,47,29.4,0,43010,0,0
3/2/2009 14:30,213,0.1,0.1,15.8,48,29.5,0,43010,0,0
3/2/2009 14:40,213,0.1,0.1,16.7,48,29.5,0,43010,0,0
3/2/2009 14:50,213,0.1,0.1,16,48,29.4,0,43010,0,0
3/2/2009 15:00,213,0.1,0.1,15.8,46,29.4,0,43010,0,0
3/2/2009 15:10,213,0.1,0.1,16.2,48,29.4,0,43010,0,0
3/2/2009 15:20,213,0.1,0.1,16,47,29.4,0,43010,0,0
3/2/2009 15:30,213,0.1,0.1,16.2,47,29.4,0,43010,0,0
3/2/2009 15:40,213,0.1,0.1,16,49,29.5,0,43010,0,0
3/2/2009 15:50,213,0.1,0.1,16,48,29.5,0,43010,0,0
3/2/2009 16:00,213,0.1,0.1,15.7,47,29.5,0,43010,0,0
3/2/2009 16:10,213,0.1,0.1,15.8,50,29.5,0,43010,0,0
3/2/2009 16:20,213,0.1,0.1,15.7,53,29.5,0,43010,0,0
3/2/2009 16:30,213,0.1,0.1,15.5,48,29.5,0,43010,0,0
3/2/2009 16:40,213,0.1,0.1,15.3,50,29.5,0,43010,0,0
3/2/2009 16:50,213,0.1,0.1,15.3,52,29.5,0,43010,0,0
3/2/2009 17:00,213,0.1,0.1,15.1,50,29.5,0,43010,0,0
3/2/2009 17:10,213,0.1,0.1,14.9,52,29.5,0,43010,0,0
3/2/2009 17:20,213,0.1,0.1,14.8,53,29.5,0,43010,0,0
3/2/2009 17:30,213,0.1,0.1,14.6,52,29.5,0,43010,0,0
3/2/2009 17:40,213,0.1,0.1,14.4,55,29.5,0,43010,0,0
3/2/2009 17:50,213,0.1,0.1,14,57,29.5,0,43010,0,0
3/2/2009 18:00,213,0.1,0.1,13.9,55,29.5,0,43010,0,0
3/2/2009 18:10,213,0.1,0.1,13.7,55,29.5,0,43010,0,0
3/2/2009 18:20,213,0.1,0.1,13.5,54,29.5,0,43020,0,0
3/2/2009 18:30,213,0.1,0.1,13.3,55,29.5,0,43050,0,0
3/2/2009 18:40,213,0.1,0.1,13.1,56,29.5,0,43140,0,0
3/2/2009 18:50,213,0.1,0.1,12.8,57,29.5,0,43190,0,0
3/2/2009 19:00,213,0.1,0.1,12.6,56,29.5,0,43230,0,0
3/2/2009 19:10,213,0.1,0.1,12.4,60,29.5,0,43270,0,0
3/2/2009 19:20,213,0.1,0.1,12.2,60,29.5,0,43310,0,0
3/2/2009 19:30,213,0.1,0.1,11.9,60,29.5,0,43330,0,0
3/2/2009 19:40,213,0.1,0.1,11.7,61,29.5,0,43410,0,0
3/2/2009 19:50,213,0.1,0.1,11.2,62,29.5,0,43430,0,0
3/2/2009 20:00,213,0.1,0.1,10.8,61,29.5,0,43450,0,0
3/2/2009 20:10,213,0.1,0.1,10.4,61,29.5,0,43460,0,0
3/2/2009 20:20,213,0.1,0.1,10.3,61,29.5,0,43490,0,0
3/2/2009 20:30,213,0.1,0.1,9.7,61,29.5,0,43510,0,0
3/2/2009 20:40,213,0.1,0.1,9.5,62,29.5,0,43550,0,0
3/2/2009 20:50,213,0.1,0.1,9.2,64,29.5,0,43560,0,0
3/2/2009 21:00,213,0.1,0.1,9,64,29.5,0,43580,0,0
3/2/2009 21:10,213,0.1,0.1,8.8,62,29.5,0,43590,0,0
3/2/2009 21:20,213,0.1,0.1,9,64,29.5,0,43590,0,0
3/2/2009 21:30,213,0.1,0.1,9,65,29.5,0,43590,0,0
3/2/2009 21:40,213,0.1,0.1,8.6,65,29.5,0,43590,0,0
3/2/2009 21:50,213,0.1,0.1,8.6,65,29.5,0,43590,0,0
3/2/2009 22:00,213,0.1,0.1,8.5,65,29.5,0,43590,0,0
3/2/2009 22:10,213,0.1,0.1,8.5,64,29.5,0,43590,0,0
3/2/2009 22:20,213,0.1,0.1,8.6,65,29.5,0,43590,0,0
3/2/2009 22:30,213,0.1,0.1,8.5,65,29.5,0,43590,0,0
3/2/2009 22:40,213,0.1,0.1,8.5,66,29.5,0,43590,0,0
3/2/2009 22:50,213,0.1,0.1,8.6,68,29.5,0,43590,0,0
3/2/2009 23:00,213,0.1,0.1,8.5,66,29.5,0,43590,0,0
3/2/2009 23:10,213,0.1,0.1,8.6,67,29.5,0,43590,0,0
3/2/2009 23:20,213,0.1,0.1,8.6,69,29.5,0,43590,0,0
3/2/2009 23:30,213,0.1,0.1,8.5,68,29.5,0,43590,0,0
3/2/2009 23:40,213,0.1,0.1,8.5,68,29.5,0,43590,0,0
3/2/2009 23:50,213,0.1,0.1,8.5,68,29.5,0,43590,0,0
3/3/2009 0:00,213,0.1,0.1,8.5,69,29.5,0,43590,0,0
3/3/2009 0:10,213,0.1,0.1,8.5,68,29.5,0,43590,0,0
3/3/2009 0:20,213,0.1,0.1,8.5,69,29.5,0,43590,0,0
3/3/2009 0:30,213,0.1,0.1,8.5,69,29.5,0,43590,0,0
3/3/2009 0:40,213,0.1,0.1,8.5,68,29.5,0,43590,0,0
3/3/2009 0:50,213,0.1,0.1,8.6,69,29.5,0,43590,0,0
3/3/2009 1:00,213,0.1,0.1,8.6,69,29.5,0,43590,0,0
3/3/2009 1:10,213,0.1,0.1,8.6,66,29.5,0,43590,0,0
3/3/2009 1:20,213,0.1,0.1,8.6,68,29.5,0,43590,0,0
3/3/2009 1:30,213,0.1,0.1,8.6,69,29.5,0,43590,0,0
3/3/2009 1:40,213,0.1,0.1,8.6,69,29.5,0,43590,0,0
3/3/2009 1:50,213,0.1,0.1,8.6,69,29.5,0,43590,0,0
3/3/2009 2:00,213,0.1,0.1,8.6,69,29.5,0,43590,0,0
3/3/2009 2:10,213,0.1,0.1,8.6,68,29.5,0,43590,0,0
3/3/2009 2:20,213,0.1,0.1,8.6,68,29.5,0,43590,0,0
3/3/2009 2:30,213,0.1,0.1,8.8,66,29.5,0,43590,0,0
3/3/2009 2:40,213,0.1,0.1,8.8,64,29.5,0,43590,0,0
3/3/2009 2:50,213,0.1,0.1,8.8,63,29.5,0,43590,0,0
3/3/2009 3:00,213,0.1,0.1,8.6,62,29.5,0,43590,0,0
3/3/2009 3:10,213,0.1,0.1,8.6,63,29.5,0,43590,0,0
3/3/2009 3:20,213,0.1,0.1,8.6,63,29.6,0,43590,0,0
3/3/2009 3:30,213,0.1,0.1,8.6,61,29.6,0,43590,0,0
3/3/2009 3:40,213,0.1,0.1,8.5,61,29.6,0,43590,0,0
3/3/2009 3:50,213,0.1,0.1,8.5,61,29.6,0,43590,0,0
3/3/2009 4:00,213,0.1,0.1,8.5,62,29.6,0,43590,0,0
3/3/2009 4:10,213,0.1,0.1,8.3,63,29.6,0,43590,0,0
3/3/2009 4:20,213,0.1,0.1,8.3,61,29.6,0,43590,0,0
3/3/2009 4:30,213,0.1,0.1,8.3,61,29.6,0,43590,0,0
3/3/2009 4:40,213,0.1,0.1,8.3,63,29.6,0,43590,0,0
3/3/2009 4:50,213,0.1,0.1,8.1,62,29.6,0,43590,0,0
3/3/2009 5:00,213,0.1,0.1,8.3,62,29.6,0,43590,0,0
3/3/2009 5:10,213,0.1,0.1,8.3,62,29.6,0,43590,0,0
3/3/2009 5:20,213,0.1,0.1,8.5,63,29.6,0,43590,0,0
3/3/2009 5:30,213,0.1,0.1,8.5,62,29.6,0,43590,0,0
3/3/2009 5:40,213,0.1,0.1,8.6,61,29.6,0,43590,0,0
3/3/2009 5:50,213,0.1,0.1,8.8,59,29.6,0,43590,0,0
3/3/2009 6:00,213,0.1,0.1,9,60,29.6,0,43590,0,0
3/3/2009 6:10,213,0.1,0.1,9,58,29.6,0,43590,0,0
3/3/2009 6:20,213,0.1,0.1,9.4,57,29.6,0,43590,0,0
3/3/2009 6:30,213,0.1,0.1,9.4,57,29.6,0,43590,0,0
3/3/2009 6:40,213,0.1,0.1,9.5,57,29.6,0,43590,0,0
3/3/2009 6:50,213,0.1,0.1,9.9,58,29.6,0,43590,0,0
3/3/2009 7:00,213,0.1,0.1,9.5,57,29.6,0,43590,0,0
3/3/2009 7:10,213,0.1,0.1,10.1,59,29.6,0,43590,0,0
3/3/2009 7:20,213,0.1,0.1,9.9,58,29.6,0,43590,0,0
3/3/2009 7:30,213,0.1,0.1,10.3,58,29.6,0,43590,0,0
3/3/2009 7:40,213,0.1,0.1,10.4,59,29.6,0,43590,0,0
3/3/2009 7:50,213,0.1,0.1,10.3,60,29.6,0,43590,0,0
3/3/2009 8:00,213,0.1,0.1,10.3,62,29.6,0,43590,0,0
3/3/2009 8:10,213,0.1,0.1,10.6,62,29.6,0,43590,0,0
3/3/2009 8:20,213,0.1,0.1,11,60,29.6,0,43590,0,0
3/3/2009 8:30,213,0.1,0.1,10.8,59,29.6,0,43590,0,0
3/3/2009 8:40,213,0.1,0.1,11,59,29.6,0,43590,0,0
3/3/2009 8:50,213,0.1,0.1,11.2,61,29.6,0,43590,0,0
3/3/2009 9:00,213,0.1,0.1,11.3,58,29.6,0,43590,0,0
3/3/2009 9:10,213,0.1,0.1,11.3,56,29.6,0,43590,0,0
3/3/2009 9:20,213,0.1,0.1,11.7,56,29.6,0,43590,0,0
3/3/2009 9:30,213,0.1,0.1,12.1,57,29.6,0,43590,0,0
3/3/2009 9:40,213,0.1,0.1,12.2,61,29.6,0,43590,0,0
3/3/2009 9:50,213,0.1,0.1,12.2,59,29.6,0,43590,0,0
3/3/2009 10:00,213,0.1,0.1,12.2,57,29.6,0,43590,0,0
3/3/2009 10:10,213,0.1,0.1,12.8,58,29.6,0,43590,0,0
3/3/2009 10:20,213,0.1,0.1,12.8,57,29.6,0,43590,0,0
3/3/2009 10:30,213,0.1,0.1,12.6,55,29.6,0,43590,0,0
3/3/2009 10:40,213,0.1,0.1,12.8,56,29.6,0,43590,0,0
3/3/2009 10:50,213,0.1,0.1,13,55,29.6,0,43590,0,0
3/3/2009 11:00,213,0.1,0.1,13.3,57,29.6,0,43590,0,0
3/3/2009 11:10,213,0.1,0.1,13.5,57,29.6,0,43590,0,0
3/3/2009 11:20,213,0.1,0.1,14,56,29.6,0,43590,0,0
3/3/2009 11:30,213,0.1,0.1,14.2,56,29.6,0,43590,0,0
3/3/2009 11:40,213,0.1,0.1,14.6,57,29.6,0,43590,0,0
3/3/2009 11:50,213,0.1,0.1,14.4,57,29.6,0,43590,0,0
3/3/2009 12:00,213,0.1,0.1,15.1,58,29.6,0,43590,0,0
3/3/2009 12:10,213,0.1,0.1,15.3,59,29.6,0,43590,0,0
3/3/2009 12:20,213,0.1,0.1,15.3,59,29.6,0,43590,0,0
3/3/2009 12:30,213,0.1,0.1,15.8,60,29.6,0,43590,0,0
3/3/2009 12:40,213,0.1,0.1,15.8,60,29.6,0,43590,0,0
3/3/2009 12:50,213,0.1,0.1,15.8,61,29.6,0,43590,0,0
3/3/2009 13:00,213,0.1,0.1,16.2,62,29.6,0,43590,0,0
3/3/2009 13:10,213,0.1,0.1,16.9,60,29.6,0,43590,0,0
3/3/2009 13:20,213,0.1,0.1,16.6,61,29.6,0,43590,0,0
3/3/2009 13:30,213,0.1,0.1,16.7,61,29.6,0,43590,0,0
3/3/2009 13:40,213,0.1,0.1,17.1,60,29.6,0,43590,0,0
3/3/2009 13:50,213,0.1,0.1,17.3,60,29.6,0,43590,0,0
3/3/2009 14:00,213,0.1,0.1,17.5,61,29.6,0,43590,0,0
3/3/2009 14:10,213,0.1,0.1,17.6,61,29.6,0,43590,0,0
3/3/2009 14:20,213,0.1,0.1,17.6,63,29.6,0,43590,0,0
3/3/2009 14:30,213,0.1,0.1,17.3,62,29.6,0,43590,0,0
3/3/2009 14:40,213,0.1,0.1,17.8,62,29.6,0,43590,0,0
3/3/2009 14:50,213,0.1,0.1,18,63,29.6,0,43590,0,0
3/3/2009 15:00,213,0.1,0.1,17.5,62,29.6,0,43590,0,0
3/3/2009 15:10,213,0.1,0.1,17.6,64,29.6,0,43590,0,0
3/3/2009 15:20,213,0.1,0.1,18,64,29.6,0,43590,0,0
3/3/2009 15:30,213,0.1,0.1,17.8,65,29.6,0,43590,0,0
3/3/2009 15:40,213,0.1,0.1,18,65,29.6,0,43590,0,0
3/3/2009 15:50,213,0.1,0.1,17.8,65,29.6,0,43590,0,0
3/3/2009 16:00,213,0.1,0.1,17.8,67,29.6,0,43590,0,0
3/3/2009 16:10,213,0.1,0.1,17.6,67,29.6,0,43590,0,0
3/3/2009 16:20,213,0.1,0.1,17.8,69,29.6,0,43590,0,0
3/3/2009 16:30,213,0.1,0.1,17.8,69,29.6,0,43590,0,0
3/3/2009 16:40,213,0.1,0.1,17.8,70,29.6,0,43590,0,0
3/3/2009 16:50,213,0.1,0.1,17.8,71,29.6,0,43590,0,0
3/3/2009 17:00,213,0.1,0.1,17.8,72,29.6,0,43590,0,0
3/3/2009 17:10,213,0.1,0.1,17.6,71,29.6,0,43590,0,0
3/3/2009 17:20,213,0.1,0.1,17.6,71,29.6,0,43590,0,0
3/3/2009 17:30,213,0.1,0.1,17.6,71,29.6,0,43590,0,0
3/3/2009 17:40,213,0.1,0.1,17.5,73,29.6,0,43590,0,0
3/3/2009 17:50,213,0.1,0.1,17.5,73,29.6,0,43590,0,0
3/3/2009 18:00,213,0.1,0.1,17.3,72,29.6,0,43590,0,0
3/3/2009 18:10,213,0.1,0.1,17.1,72,29.6,0,43590,0,0
3/3/2009 18:20,213,0.1,0.1,17.1,72,29.6,0,43590,0,0
3/3/2009 18:30,213,0.1,0.1,16.9,72,29.6,0,43590,0,0
3/3/2009 18:40,213,0.1,0.1,16.7,71,29.6,0,43590,0,0
3/3/2009 18:50,213,0.1,0.1,16.7,71,29.6,0,43590,0,0
3/3/2009 19:00,213,0.1,0.1,16.6,71,29.6,0,43590,0,0
3/3/2009 19:10,213,0.1,0.1,16.6,71,29.6,0,43590,0,0
3/3/2009 19:20,213,0.1,0.1,16.6,71,29.6,0,43590,0,0
3/3/2009 19:30,213,0.1,0.1,16.4,71,29.6,0,43590,0,0
3/3/2009 19:40,213,0.1,0.1,16.4,71,29.6,0,43590,0,0
3/3/2009 19:50,213,0.1,0.1,16.2,70,29.6,0,43590,0,0
3/3/2009 20:00,213,0.1,0.1,16.4,69,29.6,0,43590,0,0
3/3/2009 20:10,213,0.1,0.1,16.2,69,29.6,0,43590,0,0
3/3/2009 20:20,213,0.1,0.1,16,70,29.6,0,43590,0,0
3/3/2009 20:30,213,0.1,0.1,15.8,70,29.6,0,43590,0,0
3/3/2009 20:40,213,0.1,0.1,15.7,70,29.6,0,43590,0,0
3/3/2009 20:50,213,0.1,0.1,15.7,69,29.6,0,43590,0,0
3/3/2009 21:00,213,0.1,0.1,15.7,68,29.6,0,43590,0,0
3/3/2009 21:10,213,0.1,0.1,15.7,68,29.6,0,43590,0,0
3/3/2009 21:20,213,0.1,0.1,15.7,69,29.6,0,43590,0,0
3/3/2009 21:30,213,0.1,0.1,15.3,69,29.6,0,43590,0,0
3/3/2009 21:40,213,0.1,0.1,15.3,68,29.6,0,43590,0,0
3/3/2009 21:50,213,0.1,0.1,15.3,68,29.6,0,43590,0,0
3/3/2009 22:00,213,0.1,0.1,15.1,68,29.6,0,43590,0,0
3/3/2009 22:10,213,0.1,0.1,15.3,67,29.6,0,43590,0,0
3/3/2009 22:20,213,0.1,0.1,15.1,67,29.6,0,43590,0,0
3/3/2009 22:30,213,0.1,0.1,15.1,67,29.6,0,43590,0,0
3/3/2009 22:40,213,0.1,0.1,15.1,67,29.6,0,43590,0,0
3/3/2009 22:50,213,0.1,0.1,15.1,66,29.6,0,43590,0,0
3/3/2009 23:00,213,0.1,0.1,15.3,66,29.6,0,43590,0,0
3/3/2009 23:10,213,0.1,0.1,15.1,65,29.6,0,43590,0,0
3/3/2009 23:20,213,0.1,0.1,15.3,63,29.6,0,43590,0,0
3/3/2009 23:30,213,0.1,0.1,15.3,63,29.6,0,43590,0,0
3/3/2009 23:40,213,0.1,0.1,15.1,64,29.6,0,43590,0,0
3/3/2009 23:50,213,0.1,0.1,14.9,64,29.6,0,43590,0,0
3/4/2009 0:00,213,0.1,0.1,14.9,63,29.6,0,43590,0,0
3/4/2009 0:10,213,0.1,0.1,15.1,62,29.6,0,43590,0,0
3/4/2009 0:20,213,0.1,0.1,15.3,62,29.6,0,43590,0,0
3/4/2009 0:30,213,0.1,0.1,15.3,61,29.6,0,43590,0,0
3/4/2009 0:40,213,0.1,0.1,15.1,60,29.6,0,43590,0,0
3/4/2009 0:50,213,0.1,0.1,14.9,60,29.6,0,43590,0,0
3/4/2009 1:00,213,0.1,0.1,14.9,60,29.6,0,43590,0,0
3/4/2009 1:10,213,0.1,0.1,15.1,60,29.6,0,43590,0,0
3/4/2009 1:20,213,0.1,0.1,14.9,60,29.6,0,43590,0,0
3/4/2009 1:30,213,0.1,0.1,14.9,59,29.6,0,43590,0,0
3/4/2009 1:40,213,0.1,0.1,14.9,60,29.6,0,43590,0,0
3/4/2009 1:50,213,0.1,0.1,14.9,60,29.6,0,43590,0,0
3/4/2009 2:00,213,0.1,0.1,15.1,60,29.6,0,43590,0,0
3/4/2009 2:10,213,0.1,0.1,15.1,60,29.6,0,43590,0,0
3/4/2009 2:20,213,0.1,0.1,14.9,60,29.6,0,43590,0,0
3/4/2009 2:30,213,0.1,0.1,14.9,61,29.6,0,43590,0,0
3/4/2009 2:40,213,0.1,0.1,14.9,61,29.6,0,43590,0,0
3/4/2009 2:50,213,0.1,0.1,15.1,62,29.6,0,43590,0,0
3/4/2009 3:00,213,0.1,0.1,14.9,62,29.6,0,43590,0,0
3/4/2009 3:10,213,0.1,0.1,14.9,63,29.6,0,43590,0,0
3/4/2009 3:20,213,0.1,0.1,14.9,64,29.6,0,43590,0,0
3/4/2009 3:30,213,0.1,0.1,14.9,64,29.6,0,43590,0,0
3/4/2009 3:40,213,0.1,0.1,14.9,64,29.6,0,43590,0,0
3/4/2009 3:50,213,0.1,0.1,14.8,65,29.6,0,43590,0,0
3/4/2009 4:00,213,0.1,0.1,14.6,65,29.6,0,43590,0,0
3/4/2009 4:10,213,0.1,0.1,14.4,66,29.6,0,43590,0,0
3/4/2009 4:20,213,0.1,0.1,14.4,66,29.6,0,43590,0,0
3/4/2009 4:30,213,0.1,0.1,14.6,66,29.6,0,43590,0,0
3/4/2009 4:40,213,0.1,0.1,14.8,66,29.6,0,43600,0,0
3/4/2009 4:50,213,0.1,0.1,14.9,65,29.6,0,43600,0,0
3/4/2009 5:00,213,0.1,0.1,15.1,65,29.6,0,43600,0,0
3/4/2009 5:10,213,0.1,0.1,15.3,63,29.6,0,43600,0,0
3/4/2009 5:20,213,0.1,0.1,15.5,62,29.6,0,43600,0,0
3/4/2009 5:30,213,0.1,0.1,16,60,29.6,0,43600,0,0
3/4/2009 5:40,213,0.1,0.1,16.6,58,29.6,0,43600,0,0
3/4/2009 5:50,213,0.1,0.1,17.3,55,29.6,0,43600,0,0
3/4/2009 6:00,213,0.1,0.1,17.6,54,29.6,0,43600,0,0
3/4/2009 6:10,213,0.1,0.1,18.5,53,29.6,0,43600,0,0
3/4/2009 6:20,213,0.1,0.1,18.7,53,29.6,0,43600,0,0
3/4/2009 6:30,213,0.1,0.1,19.3,52,29.6,0,43600,0,0
3/4/2009 6:40,213,0.1,0.1,19.6,53,29.6,0,43600,0,0
3/4/2009 6:50,213,0.1,0.1,21.1,52,29.6,0,43600,0,0
3/4/2009 7:00,213,0.1,0.1,21.4,52,29.6,0,43600,0,0
3/4/2009 7:10,213,0.1,0.1,22.3,52,29.6,0,43600,0,0
3/4/2009 7:20,213,0.1,0.1,22.9,50,29.6,0,43600,0,0
3/4/2009 7:30,213,0.1,0.1,23.4,49,29.6,0,43600,0,0
3/4/2009 7:40,213,0.1,0.1,24.1,49,29.6,0,43600,0,0
3/4/2009 7:50,213,0.1,0.1,23.9,50,29.6,0,43600,0,0
3/4/2009 8:00,213,0.1,0.1,23.8,51,29.6,0,43600,0,0
3/4/2009 8:10,213,0.1,0.1,23.8,51,29.6,0,43600,0,0
3/4/2009 8:20,213,0.1,0.1,24.1,53,29.6,0,43600,0,0
3/4/2009 8:30,213,0.1,0.1,24.3,52,29.6,0,43600,0,0
3/4/2009 8:40,213,0.1,0.1,24.3,53,29.6,0,43600,0,0
3/4/2009 8:50,213,0.1,0.1,24.1,54,29.6,0,43600,0,0
3/4/2009 9:00,213,0.1,0.1,24.1,54,29.6,0,43600,0,0
3/4/2009 9:10,213,0.1,0.1,24.1,54,29.6,0,43600,0,0
3/4/2009 9:20,213,0.1,0.1,24.3,53,29.6,0,43600,0,0
3/4/2009 9:30,213,0.1,0.1,24.7,52,29.6,0,43600,0,0
3/4/2009 9:40,213,0.1,0.1,24.7,53,29.6,0,43600,0,0
3/4/2009 9:50,213,0.1,0.1,24.7,53,29.6,0,43600,0,0
3/4/2009 10:00,213,0.1,0.1,25,53,29.6,0,43600,0,0
3/4/2009 10:10,213,0.1,0.1,25.2,53,29.6,0,43600,0,0
3/4/2009 10:20,213,0.1,0.1,25.2,54,29.6,0,43600,0,0
3/4/2009 10:30,213,0.1,0.1,25.2,54,29.6,0,43600,0,0
3/4/2009 10:40,213,0.1,0.1,25,54,29.6,0,43600,0,0
3/4/2009 10:50,213,0.1,0.1,25.4,52,29.6,0,43600,0,0
3/4/2009 11:00,213,0.1,0.1,25.7,53,29.6,0,43600,0,0
3/4/2009 11:10,213,0.1,0.1,25.9,55,29.6,0,43600,0,0
3/4/2009 11:20,213,0.1,0.1,26.1,51,29.6,0,43600,0,0
3/4/2009 11:30,213,0.1,0.1,25.9,50,29.5,0,43600,0,0
3/4/2009 11:40,213,0.1,0.1,26.6,54,29.5,0,43600,0,0
3/4/2009 11:50,213,0.1,0.1,26.1,52,29.5,0,43600,0,0
3/4/2009 12:00,213,0.1,0.1,26.3,49,29.5,0,43600,0,0
3/4/2009 12:10,213,0.1,0.1,26.8,49,29.5,0,43600,0,0
3/4/2009 12:20,213,0.1,0.1,26.5,52,29.5,0,43600,0,0
3/4/2009 12:30,213,0.1,0.1,26.1,52,29.5,0,43600,0,0
3/4/2009 12:40,213,0.1,0.1,26.3,51,29.5,0,43600,0,0
3/4/2009 12:50,213,0.1,0.1,26.1,54,29.5,0,43600,0,0
3/4/2009 13:00,213,0.1,0.1,27,52,29.5,0,43600,0,0
3/4/2009 13:10,213,0.1,0.1,27.2,51,29.5,0,43600,0,0
3/4/2009 13:20,213,0.1,0.1,27.2,51,29.5,0,43600,0,0
3/4/2009 13:30,213,0.1,0.1,27.2,51,29.5,0,43600,0,0
3/4/2009 13:40,213,0.1,0.1,27,52,29.5,0,43600,0,0
3/4/2009 13:50,213,0.1,0.1,27,52,29.5,0,43600,0,0
3/4/2009 14:00,213,0.1,0.1,27.2,51,29.5,0,43600,0,0
3/4/2009 14:10,213,0.1,0.1,26.5,52,29.5,0,43600,0,0
3/4/2009 14:20,213,0.1,0.1,27.4,52,29.5,0,43600,0,0
3/4/2009 14:30,213,0.1,0.1,26.8,52,29.5,0,43600,0,0
3/4/2009 14:40,213,0.1,0.1,26.8,52,29.5,0,43600,0,0
3/4/2009 14:50,213,0.1,0.1,26.6,52,29.5,0,43600,0,0
3/4/2009 15:00,213,0.1,0.1,27,51,29.5,0,43600,0,0
3/4/2009 15:10,213,0.1,0.1,27,50,29.5,0,43600,0,0
3/4/2009 15:20,213,0.1,0.1,26.6,50,29.5,0,43600,0,0
3/4/2009 15:30,213,0.1,0.1,26.6,50,29.5,0,43600,0,0
3/4/2009 15:40,213,0.1,0.1,26.5,52,29.5,0,43600,0,0
3/4/2009 15:50,213,0.1,0.1,26.3,54,29.5,0,43600,0,0
3/4/2009 16:00,213,0.1,0.1,26.1,55,29.5,0,43600,0,0
3/4/2009 16:10,213,0.1,0.1,25.9,56,29.5,0,43600,0,0
3/4/2009 16:20,213,0.1,0.1,25.7,53,29.5,0,43600,0,0
3/4/2009 16:30,213,0.1,0.1,25.7,58,29.5,0,43600,0,0
3/4/2009 16:40,213,0.1,0.1,25.6,59,29.5,0,43600,0,0
3/4/2009 16:50,213,0.1,0.1,25.6,60,29.5,0,43600,0,0
3/4/2009 17:00,213,0.1,0.1,25.4,60,29.5,0,43600,0,0
3/4/2009 17:10,213,0.1,0.1,25.4,59,29.5,0,43600,0,0
3/4/2009 17:20,213,0.1,0.1,25.2,57,29.5,0,43600,0,0
3/4/2009 17:30,213,0.1,0.1,25.2,56,29.5,0,43600,0,0
3/4/2009 17:40,213,0.1,0.1,25.4,56,29.5,0,43600,0,0
3/4/2009 17:50,213,0.1,0.1,25.6,57,29.5,0,43600,0,0
3/4/2009 18:00,213,0.1,0.1,25.4,58,29.5,0,43600,0,0
3/4/2009 18:10,213,0.1,0.1,25.2,61,29.5,0,43600,0,0
3/4/2009 18:20,213,0.1,0.1,25.2,63,29.5,0,43600,0,0
3/4/2009 18:30,213,0.1,0.1,25,66,29.5,0,43600,0,0
3/4/2009 18:40,213,0.1,0.1,24.8,66,29.5,0,43600,0,0
3/4/2009 18:50,213,0.1,0.1,24.8,64,29.5,0,43600,0,0
3/4/2009 19:00,213,0.1,0.1,24.7,63,29.5,0,43600,0,0
3/4/2009 19:10,213,0.1,0.1,25,62,29.5,0,43600,0,0
3/4/2009 19:20,213,0.1,0.1,25,61,29.5,0,43600,0,0
3/4/2009 19:30,213,0.1,0.1,24.8,61,29.5,0,43600,0,0
3/4/2009 19:40,213,0.1,0.1,25,59,29.5,0,43600,0,0
3/4/2009 19:50,213,0.1,0.1,25,57,29.5,0,43600,0,0
3/4/2009 20:00,213,0.1,0.1,25,58,29.5,0,43600,0,0
3/4/2009 20:10,213,0.1,0.1,25,58,29.5,0,43600,0,0
3/4/2009 20:20,213,0.1,0.1,24.8,58,29.5,0,43600,0,0
3/4/2009 20:30,213,0.1,0.1,24.7,60,29.5,0,43600,0,0
3/4/2009 20:40,213,0.1,0.1,24.5,64,29.5,0,43600,0,0
3/4/2009 20:50,213,0.1,0.1,24.3,68,29.5,0,43600,0,0
3/4/2009 21:00,213,0.1,0.1,24.3,69,29.5,0,43600,0,0
3/4/2009 21:10,213,0.1,0.1,24.1,69,29.5,0,43600,0,0
3/4/2009 21:20,213,0.1,0.1,24.3,64,29.5,0,43600,0,0
3/4/2009 21:30,213,0.1,0.1,24.3,63,29.5,0,43600,0,0
3/4/2009 21:40,213,0.1,0.1,24.3,63,29.5,0,43600,0,0
3/4/2009 21:50,213,0.1,0.1,24.1,65,29.5,0,43600,0,0
3/4/2009 22:00,213,0.1,0.1,24.1,66,29.5,0,43600,0,0
3/4/2009 22:10,213,0.1,0.1,24.3,65,29.5,0,43600,0,0
3/4/2009 22:20,213,0.1,0.1,25,63,29.5,0,43600,0,0
3/4/2009 22:30,213,0.1,0.1,25.2,63,29.5,0,43600,0,0
3/4/2009 22:40,213,0.1,0.1,24.7,62,29.5,0,43600,0,0
3/4/2009 22:50,213,0.1,0.1,26.1,55,29.5,0,43600,0,0
3/4/2009 23:00,213,0.1,0.1,27.7,47,29.5,0,43600,0,0
3/4/2009 23:10,213,0.1,0.1,28.4,44,29.5,0,43600,0,0
3/4/2009 23:20,213,0.1,0.1,29,42,29.5,0,43600,0,0
3/4/2009 23:30,213,0.1,0.1,29,41,29.5,0,43600,0,0
3/4/2009 23:40,213,0.1,0.1,29.3,40,29.5,0,43600,0,0
3/4/2009 23:50,213,0.1,0.1,29.5,40,29.5,0,43600,0,0
3/5/2009 0:00,213,0.1,0.1,29.3,40,29.5,0,43600,0,0
3/5/2009 0:10,213,0.1,0.1,29.2,40,29.5,0,43600,0,0
3/5/2009 0:20,213,0.1,0.1,29.2,40,29.5,0,43600,0,0
3/5/2009 0:30,213,0.1,0.1,29.2,40,29.5,0,43600,0,0
3/5/2009 0:40,213,0.1,0.1,29.3,40,29.5,0,43600,0,0
3/5/2009 0:50,213,0.1,0.1,29.5,39,29.5,0,43600,0,0
3/5/2009 1:00,213,0.1,0.1,29.9,39,29.5,0,43600,0,0
3/5/2009 1:10,213,0.1,0.1,30.1,38,29.5,0,43600,0,0
3/5/2009 1:20,213,0.1,0.1,30.2,38,29.5,0,43600,0,0
3/5/2009 1:30,213,0.1,0.1,30.2,38,29.5,0,43600,0,0
3/5/2009 1:40,213,0.1,0.1,30.2,38,29.5,0,43600,0,0
3/5/2009 1:50,213,0.1,0.1,30.2,37,29.4,0,43600,0,0
3/5/2009 2:00,213,0.1,0.1,30.6,37,29.4,0,43600,0,0
3/5/2009 2:10,213,0.1,0.1,30.6,36,29.4,0,43600,0,0
3/5/2009 2:20,213,0.1,0.1,30.6,36,29.4,0,43600,0,0
3/5/2009 2:30,213,0.1,0.1,30.6,36,29.4,0,43600,0,0
3/5/2009 2:40,213,0.1,0.1,30.8,36,29.5,0,43600,0,0
3/5/2009 2:50,213,0.1,0.1,30.8,36,29.5,0,43600,0,0
3/5/2009 3:00,213,0.1,0.1,30.6,36,29.5,0,43600,0,0
3/5/2009 3:10,213,0.1,0.1,30.6,36,29.5,0,43600,0,0
3/5/2009 3:20,213,0.1,0.1,30.8,36,29.4,0,43600,0,0
3/5/2009 3:30,213,0.1,0.1,30.8,35,29.5,0,43600,0,0
3/5/2009 3:40,213,0.1,0.1,31,35,29.4,0,43600,0,0
3/5/2009 3:50,213,0.1,0.1,31,35,29.4,0,43600,0,0
3/5/2009 4:00,213,0.1,0.1,31.1,34,29.4,0,43600,0,0
3/5/2009 4:10,213,0.1,0.1,31.3,34,29.4,0,43600,0,0
3/5/2009 4:20,213,0.1,0.1,31.3,34,29.4,0,43600,0,0
3/5/2009 4:30,213,0.1,0.1,31.3,34,29.4,0,43600,0,0
3/5/2009 4:40,213,0.1,0.1,31.1,34,29.4,0,43600,0,0
3/5/2009 4:50,213,0.1,0.1,31,34,29.5,0,43600,0,0
3/5/2009 5:00,213,0.1,0.1,31,34,29.5,0,43600,0,0
3/5/2009 5:10,213,0.1,0.1,31,34,29.5,0,43600,0,0
3/5/2009 5:20,213,0.1,0.1,31.3,34,29.5,0,43600,0,0
3/5/2009 5:30,213,0.1,0.1,31.9,33,29.5,0,43600,0,0
3/5/2009 5:40,213,0.1,0.1,32.3,32,29.5,0,43600,0,0
3/5/2009 5:50,213,0.1,0.1,33,31,29.5,0,43600,0,0
3/5/2009 6:00,213,0.1,0.1,33.9,30,29.5,0,43600,0,0
3/5/2009 6:10,213,0.1,0.1,34.8,29,29.5,0,43600,0,0
3/5/2009 6:20,213,0.1,0.1,35.7,28,29.4,0,43600,0,0
3/5/2009 6:30,213,0.1,0.1,36.3,27,29.4,0,43600,0,0
3/5/2009 6:40,213,0.1,0.1,36.8,27,29.4,0,43680,0,0
3/5/2009 6:50,213,0.1,0.1,37.7,26,29.4,0,43680,0,0
3/5/2009 7:00,213,0.1,0.1,38.1,26,29.4,0,43680,0,0
3/5/2009 7:10,213,0.1,0.1,39,25,29.4,0,43680,0,0
3/5/2009 7:20,213,0.1,0.1,39.9,24,29.4,0,43680,0,0
3/5/2009 7:30,213,0.1,0.1,40.6,23,29.4,0,43680,0,0
3/5/2009 7:40,213,0.1,0.1,40.8,24,29.4,0,43680,0,0
3/5/2009 7:50,213,0.1,0.1,40.8,24,29.4,0,43680,0,0
3/5/2009 8:00,213,0.1,0.1,41.5,24,29.4,0,43680,0,0
3/5/2009 8:10,213,0.1,0.1,42,25,29.4,0,43680,0,0
3/5/2009 8:20,213,0.1,0.1,42.8,25,29.4,0,43680,0,0
3/5/2009 8:30,213,0.1,0.1,43.5,24,29.4,0,43680,0,0
3/5/2009 8:40,213,0.1,0.1,44.4,25,29.4,0,43680,0,0
3/5/2009 8:50,213,0.1,0.1,45.5,24,29.4,0,43680,0,0
3/5/2009 9:00,213,0.1,0.1,46.5,23,29.4,0,43680,0,0
3/5/2009 9:10,213,0.1,0.1,47.3,23,29.4,0,43680,0,0
3/5/2009 9:20,213,0.1,0.1,47.8,23,29.4,0,43680,0,0
3/5/2009 9:30,213,0.1,0.1,48.3,23,29.4,0,43680,0,0
3/5/2009 9:40,213,0.1,0.1,48.7,23,29.4,0,43680,0,0
3/5/2009 9:50,213,0.1,0.1,49.6,23,29.3,0,43680,0,0
3/5/2009 10:00,213,0.1,0.1,50.5,23,29.3,0,43680,0,0
3/5/2009 10:10,213,0.1,0.1,50.9,23,29.3,0,43680,0,0
3/5/2009 10:20,213,0.1,0.1,51,23,29.3,0,43680,0,0
3/5/2009 10:30,213,0.1,0.1,51.8,23,29.3,0,43680,0,0
3/5/2009 10:40,213,0.1,0.1,52.1,24,29.3,0,43680,0,0
3/5/2009 10:50,213,0.1,0.1,52.8,24,29.3,0,43680,0,0
3/5/2009 11:00,213,0.1,0.1,53,24,29.3,0,43680,0,0
3/5/2009 11:10,213,0.1,0.1,53.2,24,29.3,0,43680,0,0
3/5/2009 11:20,213,0.1,0.1,53.6,24,29.3,0,43680,0,0
3/5/2009 11:30,213,0.1,0.1,53.4,24,29.3,0,43680,0,0
3/5/2009 11:40,213,0.1,0.1,53.7,24,29.3,0,43680,0,0
3/5/2009 11:50,213,0.1,0.1,54.1,24,29.2,0,43680,0,0
3/5/2009 12:00,213,0.1,0.1,54.1,25,29.3,0,43680,0,0
3/5/2009 12:10,213,0.1,0.1,53.7,25,29.2,0,43680,0,0
3/5/2009 12:20,213,0.1,0.1,53.9,26,29.2,0,43680,0,0
3/5/2009 12:30,213,0.1,0.1,54.3,26,29.2,0,43680,0,0
3/5/2009 12:40,213,0.1,0.1,54.3,26,29.2,0,43690,0,0
3/5/2009 12:50,213,0.1,0.1,54.3,26,29.2,0,43700,0,0
3/5/2009 13:00,213,0.1,0.1,54.6,27,29.2,0,43700,0,0
3/5/2009 13:10,213,0.1,0.1,55.2,27,29.2,0,43700,0,0
3/5/2009 13:20,213,0.1,0.1,56.1,27,29.2,0,43710,0,0
3/5/2009 13:30,213,0.1,0.1,56.8,27,29.2,0,43710,0,0
3/5/2009 13:40,213,0.1,0.1,56.6,28,29.2,0,43710,0,0
3/5/2009 13:50,213,0.1,0.1,56.4,28,29.2,0,43710,0,0
3/5/2009 14:00,213,0.1,0.1,56.3,28,29.2,0,43710,0,0
3/5/2009 14:10,213,0.1,0.1,56.3,28,29.2,0,43710,0,0
3/5/2009 14:20,213,0.1,0.1,56.1,28,29.2,0,43710,0,0
3/5/2009 14:30,213,0.1,0.1,56.1,28,29.2,0,43710,0,0
3/5/2009 14:40,213,0.1,0.1,55.9,27,29.2,0,43710,0,0
3/5/2009 14:50,213,0.1,0.1,55.9,28,29.2,0,43710,0,0
3/5/2009 15:00,213,0.1,0.1,56.3,28,29.2,0,43710,0,0
3/5/2009 15:10,213,0.1,0.1,56.3,28,29.2,0,43710,0,0
3/5/2009 15:20,213,0.1,0.1,55.7,29,29.2,0,43710,0,0
3/5/2009 15:30,213,0.1,0.1,55.7,30,29.2,0,43710,0,0
3/5/2009 15:40,213,0.1,0.1,55.5,30,29.2,0,43710,0,0
3/5/2009 15:50,213,0.1,0.1,55.4,31,29.2,0,43710,0,0
3/5/2009 16:00,213,0.1,0.1,54.8,32,29.1,0,43710,0,0
3/5/2009 16:10,213,0.1,0.1,54.5,33,29.1,0,43710,0,0
3/5/2009 16:20,213,0.1,0.1,54.3,33,29.1,0,43710,0,0
3/5/2009 16:30,213,0.1,0.1,54.1,34,29.1,0,43710,0,0
3/5/2009 16:40,213,0.1,0.1,53.9,34,29.1,0,43710,0,0
3/5/2009 16:50,213,0.1,0.1,53.9,34,29.1,0,43710,0,0
3/5/2009 17:00,213,0.1,0.1,53.9,34,29.1,0,43710,0,0
3/5/2009 17:10,213,0.1,0.1,54.6,32,29.1,0,43710,0,0
3/5/2009 17:20,213,0.1,0.1,54.6,32,29.1,0,43710,0,0
3/5/2009 17:30,213,0.1,0.1,54.5,32,29.1,0,43710,0,0
3/5/2009 17:40,213,0.1,0.1,54.6,31,29.1,0,43710,0,0
3/5/2009 17:50,213,0.1,0.1,54.5,32,29.1,0,43710,0,0
3/5/2009 18:00,213,0.1,0.1,54.5,31,29.1,0,43710,0,0
3/5/2009 18:10,213,0.1,0.1,54.8,31,29.1,0,43710,0,0
3/5/2009 18:20,213,0.1,0.1,54.8,30,29.1,0,43710,0,0
3/5/2009 18:30,213,0.1,0.1,54.6,31,29.1,0,43710,0,0
3/5/2009 18:40,213,0.1,0.1,54.5,30,29.1,0,43710,0,0
3/5/2009 18:50,213,0.1,0.1,54.8,30,29.1,0,43710,0,0
3/5/2009 19:00,213,0.1,0.1,54.8,30,29.1,0,43710,0,0
3/5/2009 19:10,213,0.1,0.1,55,30,29.1,0,43710,0,0
3/5/2009 19:20,213,0.1,0.1,55.5,29,29.1,0,43720,0,0
3/5/2009 19:30,213,0.1,0.1,56.1,28,29.1,0,43720,0,0
3/5/2009 19:40,213,0.1,0.1,55.7,29,29.1,0,43720,0,0
3/5/2009 19:50,213,0.1,0.1,55.5,29,29.1,0,43720,0,0
3/5/2009 20:00,213,0.1,0.1,55.5,29,29.1,0,43720,0,0
3/5/2009 20:10,213,0.1,0.1,55.4,30,29.1,0,43720,0,0
3/5/2009 20:20,213,0.1,0.1,55.2,30,29.1,0,43720,0,0
3/5/2009 20:30,213,0.1,0.1,55.7,30,29.1,0,43720,0,0
3/5/2009 20:40,213,0.1,0.1,56.4,29,29.1,0,43720,0,0
3/5/2009 20:50,213,0.1,0.1,57,29,29.1,0,43720,0,0
3/5/2009 21:00,213,0.1,0.1,57.3,29,29.1,0,43720,0,0
3/5/2009 21:10,213,0.1,0.1,57.2,29,29.1,0,43720,0,0
3/5/2009 21:20,213,0.1,0.1,57,29,29.1,0,43720,0,0
3/5/2009 21:30,213,0.1,0.1,57.2,30,29.1,0,43740,0,0
3/5/2009 21:40,213,0.1,0.1,57,30,29.1,0,43750,0,0
3/5/2009 21:50,213,0.1,0.1,57.3,32,29.1,0,43760,0,0
3/5/2009 22:00,213,0.1,0.1,57.5,35,29.1,0,43770,0,0
3/5/2009 22:10,213,0.1,0.1,57.5,36,29.1,0,43770,0,0
3/5/2009 22:20,213,0.1,0.1,57.7,38,29.1,0,43790,0,0
3/5/2009 22:30,213,0.1,0.1,57.9,39,29.1,0,43790,0,0
3/5/2009 22:40,213,0.1,0.1,57.9,38,29.1,0,43830,0,0
3/5/2009 22:50,213,0.1,0.1,57.7,39,29.1,0,43850,0,0
3/5/2009 23:00,213,0.1,0.1,57.5,39,29.1,0,43860,0,0
3/5/2009 23:10,213,0.1,0.1,57.7,39,29.1,0,43860,0,0
3/5/2009 23:20,213,0.1,0.1,57.5,38,29.1,0,43860,0,0
3/5/2009 23:30,213,0.1,0.1,58.1,39,29.1,0,43880,0,0
3/5/2009 23:40,213,0.1,0.1,58.4,39,29.1,0,43900,0,0
3/5/2009 23:50,213,0.1,0.1,57.9,38,29.1,0,43900,0,0
3/6/2009 0:00,213,0.1,0.1,57.7,39,29.1,0,43900,0,0
3/6/2009 0:10,213,0.1,0.1,57.9,40,29.1,0,43900,0,0
3/6/2009 0:20,213,0.1,0.1,57.9,40,29.1,0,43900,0,0
3/6/2009 0:30,213,0.1,0.1,57.7,40,29.1,0,43900,0,0
3/6/2009 0:40,213,0.1,0.1,57.7,41,29.1,0,43920,0,0
3/6/2009 0:50,213,0.1,0.1,57.7,42,29.1,0,43950,0,0
3/6/2009 1:00,213,0.1,0.1,57.7,43,29.1,0,43950,0,0
3/6/2009 1:10,213,0.1,0.1,57.7,43,29.1,0,43950,0,0
3/6/2009 1:20,213,0.1,0.1,57.7,45,29,0,43950,0,0
3/6/2009 1:30,213,0.1,0.1,58.1,45,29.1,0,43950,0,0
3/6/2009 1:40,213,0.1,0.1,58.1,46,29.1,0,43980,0,0
3/6/2009 1:50,213,0.1,0.1,58.1,46,29.1,0,43990,0,0
3/6/2009 2:00,213,0.1,0.1,57.9,45,29,0,43990,0,0
3/6/2009 2:10,213,0.1,0.1,57.5,46,29.1,0,43990,0,0
3/6/2009 2:20,213,0.1,0.1,57.3,45,29.1,0,43990,0,0
3/6/2009 2:30,213,0.1,0.1,57.2,46,29.1,0,44000,0,0
3/6/2009 2:40,213,0.1,0.1,57,46,29,0,44000,0,0
3/6/2009 2:50,213,0.1,0.1,57,46,29.1,0,44010,0,0
3/6/2009 3:00,213,0.1,0.1,57,47,29.1,0,44010,0,0
3/6/2009 3:10,213,0.1,0.1,57.2,47,29,0,44080,0,0
3/6/2009 3:20,213,0.1,0.1,56.8,47,29,0,44080,0,0
3/6/2009 3:30,213,0.1,0.1,56.6,48,29.1,0,44090,0,0
3/6/2009 3:40,213,0.1,0.1,55.9,51,29.1,0,44240,0.07,0.07
3/6/2009 3:50,213,0.1,0.1,56.1,50,29.1,0,44400,0,0
3/6/2009 4:00,213,0.1,0.1,56.4,52,29.1,0,44410,0,0
3/6/2009 4:10,213,0.1,0.1,57.5,53,29.1,0,44410,0,0
3/6/2009 4:20,213,0.1,0.1,57.9,53,29.1,0,44410,0,0
3/6/2009 4:30,213,0.1,0.1,57.7,54,29,0,44410,0,0
3/6/2009 4:40,213,0.1,0.1,57.5,54,29.1,0,44420,0,0
3/6/2009 4:50,213,0.1,0.1,57.5,53,29,0,44430,0.01,0.01
3/6/2009 5:00,213,0.1,0.1,58.1,54,29,0,44480,0,0
3/6/2009 5:10,213,0.1,0.1,57.7,54,29,0,44490,0,0
3/6/2009 5:20,213,0.1,0.1,57.5,54,29.1,0,44500,0,0
3/6/2009 5:30,213,0.1,0.1,57.3,55,29.1,0,44500,0,0
3/6/2009 5:40,213,0.1,0.1,57.7,55,29.1,0,44500,0,0
3/6/2009 5:50,213,0.1,0.1,57.7,55,29.1,0,44500,0,0
3/6/2009 6:00,213,0.1,0.1,57.3,55,29.1,0,44500,0,0
3/6/2009 6:10,213,0.1,0.1,57.2,56,29.1,0,44500,0,0
3/6/2009 6:20,213,0.1,0.1,57.3,56,29.1,0,44500,0,0
3/6/2009 6:30,213,0.1,0.1,57.3,56,29.1,0,44510,0,0
3/6/2009 6:40,213,0.1,0.1,57.3,56,29.1,0,44520,0,0
3/6/2009 6:50,213,0.1,0.1,57.3,56,29.1,0,44520,0,0
3/6/2009 7:00,213,0.1,0.1,57.5,56,29,0,44520,0,0
3/6/2009 7:10,213,0.1,0.1,57.7,56,29.1,0,44520,0,0
3/6/2009 7:20,213,0.1,0.1,57.5,56,29.1,0,44520,0,0
3/6/2009 7:30,213,0.1,0.1,58.1,56,29.1,0,44520,0,0
3/6/2009 7:40,213,0.1,0.1,58.1,56,29.1,0,44530,0,0
3/6/2009 7:50,213,0.1,0.1,57.7,56,29.1,0,44530,0,0
3/6/2009 8:00,213,0.1,0.1,57.9,56,29,0,44560,0,0
3/6/2009 8:10,213,0.1,0.1,57.9,55,29,0,44560,0,0
3/6/2009 8:20,213,0.1,0.1,58.1,55,29,0,44560,0,0
3/6/2009 8:30,213,0.1,0.1,58.2,55,29,0,44560,0,0
3/6/2009 8:40,213,0.1,0.1,58.6,54,29,0,44560,0,0
3/6/2009 8:50,213,0.1,0.1,59.1,54,29,0,44560,0,0
3/6/2009 9:00,213,0.1,0.1,59.3,54,29,0,44560,0,0
3/6/2009 9:10,213,0.1,0.1,59.5,53,29,0,44560,0,0
3/6/2009 9:20,213,0.1,0.1,59.7,52,29,0,44560,0,0
3/6/2009 9:30,213,0.1,0.1,59.7,52,29,0,44560,0,0
3/6/2009 9:40,213,0.1,0.1,59.9,53,29,0,44560,0,0
3/6/2009 9:50,213,0.1,0.1,60,53,29,0,44560,0,0
3/6/2009 10:00,213,0.1,0.1,60.4,53,29,0,44560,0,0
3/6/2009 10:10,213,0.1,0.1,60.6,52,29,0,44560,0,0
3/6/2009 10:20,213,0.1,0.1,60.8,52,29,0,44560,0,0
3/6/2009 10:30,213,0.1,0.1,61.3,52,29,0,44560,0,0
3/6/2009 10:40,213,0.1,0.1,61.7,52,29,0,44560,0,0
3/6/2009 10:50,213,0.1,0.1,62.2,52,29,0,44560,0,0
3/6/2009 11:00,213,0.1,0.1,62.2,52,29,0,44560,0,0
3/6/2009 11:10,213,0.1,0.1,62.6,52,29,0,44560,0,0
3/6/2009 11:20,213,0.1,0.1,58.6,58,29,0,44560,0,0
3/6/2009 11:30,213,0.1,0.1,58.8,59,29,0,44560,0,0
3/6/2009 11:40,213,0.1,0.1,60.4,57,29,0,44560,0,0
3/6/2009 11:50,213,0.1,0.1,57.5,61,29,0,44560,0,0
3/6/2009 12:00,213,0.1,0.1,56.4,64,29,0,44560,0,0
3/6/2009 12:10,213,0.1,0.1,55.5,66,29,0,44560,0,0
3/6/2009 12:20,213,0.1,0.1,55.5,67,29,0,44560,0,0
3/6/2009 12:30,213,0.1,0.1,54.1,69,29,0,44560,0,0
3/6/2009 12:40,213,0.1,0.1,54.5,70,29,0,44560,0,0
3/6/2009 12:50,213,0.1,0.1,54.8,69,29,0,44560,0,0
3/6/2009 13:00,213,0.1,0.1,53.4,70,29,0,44560,0,0
3/6/2009 13:10,213,0.1,0.1,52.7,71,29,0,44560,0,0
3/6/2009 13:20,213,0.1,0.1,52.5,71,29,0,44560,0,0
3/6/2009 13:30,213,0.1,0.1,52.8,73,29,0,44560,0,0
3/6/2009 13:40,213,0.1,0.1,56.8,69,29,0,44570,0,0
3/6/2009 13:50,213,0.1,0.1,59.7,65,29,0,44570,0,0
3/6/2009 14:00,213,0.1,0.1,61.8,62,29,0,44580,0,0
3/6/2009 14:10,213,0.1,0.1,62.4,61,29,0,44580,0,0
3/6/2009 14:20,213,0.1,0.1,62.4,60,29,0,44580,0,0
3/6/2009 14:30,213,0.1,0.1,62.7,59,29.1,0,44580,0,0
3/6/2009 14:40,213,0.1,0.1,60.4,61,29.1,0,44580,0,0
3/6/2009 14:50,213,0.1,0.1,55.2,67,29.1,0,44580,0,0
3/6/2009 15:00,213,0.1,0.1,57.7,68,29.1,0,44580,0,0
3/6/2009 15:10,213,0.1,0.1,56.1,68,29.1,0,44580,0,0
3/6/2009 15:20,213,0.1,0.1,55.7,72,29.1,0,44580,0,0
3/6/2009 15:30,213,0.1,0.1,57,68,29.1,0,44580,0,0
3/6/2009 15:40,213,0.1,0.1,55.2,72,29.1,0,44580,0,0
3/6/2009 15:50,213,0.1,0.1,53.2,73,29.1,0,44580,0,0
3/6/2009 16:00,213,0.1,0.1,53,75,29.1,0,44580,0,0
3/6/2009 16:10,213,0.1,0.1,56.1,72,29.1,0,44580,0,0
3/6/2009 16:20,213,0.1,0.1,55,74,29.1,0,44580,0,0
3/6/2009 16:30,213,0.1,0.1,45.3,74,29.1,0,44580,0,0
3/6/2009 16:40,213,0.1,0.1,43.5,82,29.1,0,44580,0,0
3/6/2009 16:50,213,0.1,0.1,44.6,86,29.1,0,44580,0,0
3/6/2009 17:00,213,0.1,0.1,45.3,87,29.1,0,44580,0,0
3/6/2009 17:10,213,0.1,0.1,45.6,87,29.1,0,44580,0,0
3/6/2009 17:20,213,0.1,0.1,46.5,86,29.1,0,44580,0,0
3/6/2009 17:30,213,0.1,0.1,47.6,86,29.1,0,44580,0,0
3/6/2009 17:40,213,0.1,0.1,49.2,84,29.1,0,44580,0,0
3/6/2009 17:50,213,0.1,0.1,49.8,83,29.1,0,44580,0,0
3/6/2009 18:00,213,0.1,0.1,49.1,83,29.1,0,44580,0,0
3/6/2009 18:10,213,0.1,0.1,44.9,87,29.1,0,44580,0,0
3/6/2009 18:20,213,0.1,0.1,42.4,89,29.2,0,44580,0,0
3/6/2009 18:30,213,0.1,0.1,42,90,29.2,0,44580,0,0
3/6/2009 18:40,213,0.1,0.1,43.1,90,29.2,0,44580,0,0
3/6/2009 18:50,213,0.1,0.1,42.2,88,29.2,0,44580,0,0
3/6/2009 19:00,213,0.1,0.1,40.4,89,29.2,0,44580,0,0
3/6/2009 19:10,213,0.1,0.1,42.8,92,29.2,0,44580,0,0
3/6/2009 19:20,213,0.1,0.1,44.6,92,29.2,0,44580,0,0
3/6/2009 19:30,213,0.1,0.1,46.5,91,29.2,0,44580,0,0
3/6/2009 19:40,213,0.1,0.1,48.3,90,29.2,0,44580,0,0
3/6/2009 19:50,213,0.1,0.1,50,89,29.2,0,44580,0,0
3/6/2009 20:00,213,0.1,0.1,51,88,29.2,0,44580,0,0
3/6/2009 20:10,213,0.1,0.1,51.8,87,29.2,0,44580,0,0
3/6/2009 20:20,213,0.1,0.1,51.6,86,29.2,0,44580,0,0
3/6/2009 20:30,213,0.1,0.1,51.6,85,29.2,0,44580,0,0
3/6/2009 20:40,213,0.1,0.1,51.2,85,29.2,0,44580,0,0
3/6/2009 20:50,213,0.1,0.1,46.4,88,29.2,0,44580,0,0
3/6/2009 21:00,213,0.1,0.1,45.6,90,29.2,0,44580,0,0
3/6/2009 21:10,213,0.1,0.1,45.1,91,29.2,0,44580,0,0
3/6/2009 21:20,213,0.1,0.1,44,91,29.2,0,44580,0,0
3/6/2009 21:30,213,0.1,0.1,43.1,91,29.2,0,44580,0,0
3/6/2009 21:40,213,0.1,0.1,43.1,92,29.2,0,44580,0,0
3/6/2009 21:50,213,0.1,0.1,42.9,93,29.2,0,44580,0,0
3/6/2009 22:00,213,0.1,0.1,42.4,93,29.2,0,44580,0,0
3/6/2009 22:10,213,0.1,0.1,41.7,93,29.2,0,44580,0,0
3/6/2009 22:20,213,0.1,0.1,41.7,93,29.2,0,44580,0,0
3/6/2009 22:30,213,0.1,0.1,41.7,93,29.2,0,44580,0,0
3/6/2009 22:40,213,0.1,0.1,41.7,93,29.3,0,44580,0,0
3/6/2009 22:50,213,0.1,0.1,40.8,93,29.3,0,44580,0,0
3/6/2009 23:00,213,0.1,0.1,40.8,93,29.3,0,44580,0,0
3/6/2009 23:10,213,0.1,0.1,41.3,93,29.3,0,44580,0,0
3/6/2009 23:20,213,0.1,0.1,41.9,93,29.3,0,44580,0,0
3/6/2009 23:30,213,0.1,0.1,41.9,93,29.3,0,44580,0,0
3/6/2009 23:40,213,0.1,0.1,41.1,93,29.3,0,44580,0,0
3/6/2009 23:50,213,0.1,0.1,40.1,93,29.3,0,44580,0,0
3/7/2009 0:00,213,0.1,0.1,40.1,93,29.3,0,44580,0,0
3/7/2009 0:10,213,0.1,0.1,39.9,93,29.3,0,44580,0,0
3/7/2009 0:20,213,0.1,0.1,40.6,93,29.3,0,44580,0,0
3/7/2009 0:30,213,0.1,0.1,40.6,93,29.3,0,44580,0,0
3/7/2009 0:40,213,0.1,0.1,41.1,93,29.3,0,44580,0,0
3/7/2009 0:50,213,0.1,0.1,42.4,93,29.3,0,44580,0,0
3/7/2009 1:00,213,0.1,0.1,41.3,92,29.2,0,44580,0,0
3/7/2009 1:10,213,0.1,0.1,39,92,29.2,0,44580,0,0
3/7/2009 1:20,213,0.1,0.1,38.8,93,29.2,0,44580,0,0
3/7/2009 1:30,213,0.1,0.1,38.4,93,29.2,0,44580,0,0
3/7/2009 1:40,213,0.1,0.1,39,93,29.2,0,44580,0,0
3/7/2009 1:50,213,0.1,0.1,40.1,94,29.2,0,44580,0,0
3/7/2009 2:00,213,0.1,0.1,40.1,94,29.2,0,44580,0,0
3/7/2009 2:10,213,0.1,0.1,39.9,94,29.2,0,44580,0,0
3/7/2009 2:20,213,0.1,0.1,37.9,94,29.2,0,44580,0,0
3/7/2009 2:30,213,0.1,0.1,38.3,94,29.3,0,44580,0,0
3/7/2009 2:40,213,0.1,0.1,37.7,94,29.2,0,44580,0,0
3/7/2009 2:50,213,0.1,0.1,37.4,94,29.2,0,44580,0,0
3/7/2009 3:00,213,0.1,0.1,38.1,94,29.2,0,44580,0,0
3/7/2009 3:10,213,0.1,0.1,37.7,94,29.2,0,44580,0,0
3/7/2009 3:20,213,0.1,0.1,37.7,94,29.2,0,44580,0,0
3/7/2009 3:30,213,0.1,0.1,37.9,94,29.2,0,44580,0,0
3/7/2009 3:40,213,0.1,0.1,37.7,94,29.2,0,44580,0,0
3/7/2009 3:50,213,0.1,0.1,38.1,95,29.2,0,44580,0,0
3/7/2009 4:00,213,0.1,0.1,38.8,95,29.2,0,44580,0,0
3/7/2009 4:10,213,0.1,0.1,39.2,94,29.2,0,44580,0,0
3/7/2009 4:20,213,0.1,0.1,39.5,95,29.2,0,44580,0,0
3/7/2009 4:30,213,0.1,0.1,39.7,95,29.2,0,44580,0,0
3/7/2009 4:40,213,0.1,0.1,40.4,94,29.2,0,44580,0,0
3/7/2009 4:50,213,0.1,0.1,40.4,94,29.2,0,44580,0,0
3/7/2009 5:00,213,0.1,0.1,40.6,94,29.2,0,44580,0,0
3/7/2009 5:10,213,0.1,0.1,41.1,94,29.2,0,44580,0,0
3/7/2009 5:20,213,0.1,0.1,41.7,93,29.2,0,44580,0,0
3/7/2009 5:30,213,0.1,0.1,41.9,92,29.2,0,44580,0,0
3/7/2009 5:40,213,0.1,0.1,42,90,29.2,0,44580,0,0
3/7/2009 5:50,213,0.1,0.1,42.2,89,29.2,0,44580,0,0
3/7/2009 6:00,213,0.1,0.1,42.2,89,29.2,0,44580,0,0
3/7/2009 6:10,213,0.1,0.1,42.8,89,29.2,0,44580,0,0
3/7/2009 6:20,213,0.1,0.1,43.5,89,29.2,0,44580,0,0
3/7/2009 6:30,213,0.1,0.1,43.8,88,29.2,0,44580,0,0
3/7/2009 6:40,213,0.1,0.1,44,89,29.2,0,44580,0,0
3/7/2009 6:50,213,0.1,0.1,46,90,29.2,0,44580,0,0
3/7/2009 7:00,213,0.1,0.1,48.3,91,29.2,0,44580,0,0
3/7/2009 7:10,213,0.1,0.1,50.1,90,29.2,0,44580,0,0
3/7/2009 7:20,213,0.1,0.1,51.8,88,29.2,0,44580,0,0
3/7/2009 7:30,213,0.1,0.1,52.8,87,29.2,0,44580,0,0
3/7/2009 7:40,213,0.1,0.1,53.6,85,29.2,0,44580,0,0
3/7/2009 7:50,213,0.1,0.1,53.9,85,29.2,0,44580,0,0
3/7/2009 8:00,213,0.1,0.1,55,83,29.2,0,44580,0,0
3/7/2009 8:10,213,0.1,0.1,55.5,83,29.2,0,44580,0,0
3/7/2009 8:20,213,0.1,0.1,56.1,82,29.2,0,44590,0,0
3/7/2009 8:30,213,0.1,0.1,55.9,83,29.2,0,45020,0.02,0.02
3/7/2009 8:40,213,0.1,0.1,55.5,85,29.2,0,45610,0.05,0.05
3/7/2009 8:50,213,0.1,0.1,55.2,87,29.2,0,46010,0,0
3/7/2009 9:00,213,0.1,0.1,55.5,87,29.2,0,46010,0,0
3/7/2009 9:10,213,0.1,0.1,55.5,87,29.2,0,46010,0,0
3/7/2009 9:20,213,0.1,0.1,55.7,87,29.2,0,46030,0,0
3/7/2009 9:30,213,0.1,0.1,56.1,86,29.1,0,46400,0,0
3/7/2009 9:40,213,0.1,0.1,56.4,86,29.1,0,46400,0,0
3/7/2009 9:50,213,0.1,0.1,56.8,85,29.1,0,46400,0,0
3/7/2009 10:00,213,0.1,0.1,56.8,84,29.1,0,46400,0,0
3/7/2009 10:10,213,0.1,0.1,57,84,29.2,0,46450,0.29,0.29
3/7/2009 10:20,213,0.1,0.1,56.8,86,29.2,0,47000,0,0
3/7/2009 10:30,213,0.1,0.1,47.3,88,29.1,0,47130,0.03,0.03
3/7/2009 10:40,213,0.1,0.1,47.1,92,29.1,0,47290,0,0
3/7/2009 10:50,213,0.1,0.1,46.4,92,29.1,0,47290,0,0
3/7/2009 11:00,213,0.1,0.1,46.9,93,29.1,0,47290,0,0
3/7/2009 11:10,213,0.1,0.1,46.7,93,29.1,0,47290,0,0
3/7/2009 11:20,213,0.1,0.1,47.6,93,29.1,0,47290,0,0
3/7/2009 11:30,213,0.1,0.1,48.2,93,29.1,0,47290,0,0
3/7/2009 11:40,213,0.1,0.1,48.9,93,29.1,0,47290,0,0
3/7/2009 11:50,213,0.1,0.1,48.7,94,29.1,0,47290,0,0
3/7/2009 12:00,213,0.1,0.1,51.9,94,29.1,0,47290,0,0
3/7/2009 12:10,213,0.1,0.1,52.3,93,29,0,47290,0,0
3/7/2009 12:20,213,0.1,0.1,53.6,93,29.1,0,47670,0.09,0.09
3/7/2009 12:30,213,0.1,0.1,43.7,86,29.1,0,48060,0,0
3/7/2009 12:40,213,0.1,0.1,46.4,90,29.1,0,48280,0,0
3/7/2009 12:50,213,0.1,0.1,45.6,92,29,0,48280,0,0
3/7/2009 13:00,213,0.1,0.1,46.4,93,29,0,48280,0,0
3/7/2009 13:10,213,0.1,0.1,47.3,94,29,0,48280,0,0
3/7/2009 13:20,213,0.1,0.1,40.2,89,29,0,48280,0,0
3/7/2009 13:30,213,0.1,0.1,39.2,94,29,0,48280,0,0
3/7/2009 13:40,213,0.1,0.1,44.7,94,29,0,48280,0,0
3/7/2009 13:50,213,0.1,0.1,49.2,94,29,0,48280,0,0
3/7/2009 14:00,213,0.1,0.1,51.8,94,29,0,48280,0,0
3/7/2009 14:10,213,0.1,0.1,52.8,94,29,0,48280,0,0
3/7/2009 14:20,213,0.1,0.1,56.4,89,29,0,48280,0,0
3/7/2009 14:30,213,0.1,0.1,61.7,75,29,0,48280,0,0
3/7/2009 14:40,213,0.1,0.1,42.6,80,29,0,48280,0,0
3/7/2009 14:50,213,0.1,0.1,37.5,90,29,0,48280,0,0
3/7/2009 15:00,213,0.1,0.1,36.6,92,29,0,48280,0,0
3/7/2009 15:10,213,0.1,0.1,36.8,93,29,0,48280,0,0
3/7/2009 15:20,213,0.1,0.1,36.5,93,29,0,48320,0,0
3/7/2009 15:30,213,0.1,0.1,36.1,94,29,0,48370,0,0
3/7/2009 15:40,213,0.1,0.1,36.1,94,29,0,48370,0,0
3/7/2009 15:50,213,0.1,0.1,35.9,94,29,0,48430,0,0
3/7/2009 16:00,213,0.1,0.1,36.1,94,29,0,48630,0,0
3/7/2009 16:10,213,0.1,0.1,36.8,94,29,0,48690,0,0
3/7/2009 16:20,213,0.1,0.1,37.5,94,29,0,48690,0,0
3/7/2009 16:30,213,0.1,0.1,38.3,94,29,0,48690,0,0
3/7/2009 16:40,213,0.1,0.1,38.8,94,29,0,48690,0,0
3/7/2009 16:50,213,0.1,0.1,39.2,94,29,0,48690,0,0
3/7/2009 17:00,213,0.1,0.1,39.7,94,29,0,48690,0,0
3/7/2009 17:10,213,0.1,0.1,40.1,94,28.9,0,48690,0,0
3/7/2009 17:20,213,0.1,0.1,41,94,28.9,0,48690,0,0
3/7/2009 17:30,213,0.1,0.1,41.7,94,28.9,0,48690,0,0
3/7/2009 17:40,213,0.1,0.1,41.9,94,28.9,0,48690,0,0
3/7/2009 17:50,213,0.1,0.1,42.2,94,28.9,0,48690,0,0
3/7/2009 18:00,213,0.1,0.1,43.1,93,28.9,0,48690,0,0
3/7/2009 18:10,213,0.1,0.1,42.9,92,28.9,0,48700,0,0
3/7/2009 18:20,213,0.1,0.1,38.1,89,28.9,0,48700,0,0
3/7/2009 18:30,213,0.1,0.1,40.2,93,28.9,0,48700,0,0
3/7/2009 18:40,213,0.1,0.1,37.5,91,28.9,0,48700,0,0
3/7/2009 18:50,213,0.1,0.1,34.5,92,28.9,0,48770,0,0
3/7/2009 19:00,213,0.1,0.1,35,93,29,0,48770,0,0
3/7/2009 19:10,213,0.1,0.1,35.2,94,29,0,48780,0,0
3/7/2009 19:20,213,0.1,0.1,35.6,94,29,0,48780,0,0
3/7/2009 19:30,213,0.1,0.1,36.1,94,29,0,48780,0,0
3/7/2009 19:40,213,0.1,0.1,36.1,94,29,0,48780,0,0
3/7/2009 19:50,213,0.1,0.1,34.3,94,29,0,48890,0,0
3/7/2009 20:00,213,0.1,0.1,35.6,94,29,0,48910,0,0
3/7/2009 20:10,213,0.1,0.1,35.9,94,29,0,49150,0.17,0.17
3/7/2009 20:20,213,0.1,0.1,36.5,95,29,0,49450,0,0
3/7/2009 20:30,213,0.1,0.1,37.7,95,29,0,49790,0,0
3/7/2009 20:40,213,0.1,0.1,38.6,95,29,0,50040,0,0
3/7/2009 20:50,213,0.1,0.1,39.5,94,29,0,50470,0,0
3/7/2009 21:00,213,0.1,0.1,40.2,94,29,0,51060,0.25,0.25
3/7/2009 21:10,213,0.1,0.1,36.5,93,29,0,51660,0.07,0.07
3/7/2009 21:20,213,0.1,0.1,36.3,94,29,0,52260,0.23,0.23
3/7/2009 21:30,213,0.1,0.1,36.5,94,29,0,52860,0.16,0.16
3/7/2009 21:40,213,0.1,0.1,36.1,94,29.1,0,53460,0.04,0.04
3/7/2009 21:50,213,0.1,0.1,36.1,95,29.1,0,54050,0.02,0.02
3/7/2009 22:00,213,0.1,0.1,36.1,95,29,0,54640,0.08,0.08
3/7/2009 22:10,213,0.1,0.1,35.9,95,29.1,0,55240,0.15,0.15
3/7/2009 22:20,213,0.1,0.1,35.7,95,29,0,55820,0.01,0.01
3/7/2009 22:30,213,0.1,0.1,35.9,95,29,0,56330,0.01,0.01
3/7/2009 22:40,213,0.1,0.1,36.1,95,29,0,56640,0,0
3/7/2009 22:50,213,0.1,0.1,35.6,95,29.1,0,56710,0,0
3/7/2009 23:40,213,0.1,0.1,34.1,95,29.1,0,57860,0,0
3/7/2009 23:50,213,0.1,0.1,33.9,95,29.1,0,57860,0,0
3/8/2009 0:00,213,0.1,0.1,33.6,95,29.1,0,57860,0,0
3/8/2009 0:10,213,0.1,0.1,33.4,95,29.1,0,57860,0,0
3/8/2009 0:20,213,0.1,0.1,33.2,95,29.1,0,57860,0,0
3/8/2009 0:30,213,0.1,0.1,33,95,29.1,0,57860,0,0
3/8/2009 0:40,213,0.1,0.1,33.4,95,29.1,0,57860,0,0
3/8/2009 0:50,213,0.1,0.1,33.9,95,29.1,0,57860,0,0
3/8/2009 1:00,213,0.1,0.1,34.3,95,29.1,0,57860,0,0
3/8/2009 1:10,213,0.1,0.1,34.3,95,29.1,0,57860,0,0
3/8/2009 1:20,213,0.1,0.1,34.3,95,29.1,0,57860,0,0
3/8/2009 1:30,213,0.1,0.1,34.5,95,29.1,0,57860,0,0
3/8/2009 1:40,213,0.1,0.1,34.7,95,29.1,0,57860,0,0
3/8/2009 1:50,213,0.1,0.1,34.8,95,29.1,0,57860,0,0
3/8/2009 3:00,213,0.1,0.1,35.2,95,29.1,0,57860,0,0
3/8/2009 3:10,213,0.1,0.1,35.4,95,29.1,0,57860,0,0
3/8/2009 3:20,213,0.1,0.1,35.7,95,29.1,0,57860,0,0
3/8/2009 3:30,213,0.1,0.1,36.1,95,29.1,0,57860,0,0
3/8/2009 3:40,213,0.1,0.1,36.1,95,29.1,0,57860,0,0
3/8/2009 3:50,213,0.1,0.1,36.3,95,29.1,0,57860,0,0
3/8/2009 4:00,213,0.1,0.1,36.3,95,29.1,0,57860,0,0
3/8/2009 4:10,213,0.1,0.1,36.3,95,29.1,0,57860,0,0
3/8/2009 4:20,213,0.1,0.1,36.3,95,29.1,0,57860,0,0
3/8/2009 4:30,213,0.1,0.1,36.5,95,29.1,0,57860,0,0
3/8/2009 4:40,213,0.1,0.1,36.6,95,29.1,0,57870,0,0
3/8/2009 4:50,213,0.1,0.1,36.5,95,29.1,0,57870,0,0
3/8/2009 5:00,213,0.1,0.1,35.9,95,29.1,0,57870,0,0
3/8/2009 5:10,213,0.1,0.1,35.7,95,29.2,0,57870,0,0
3/8/2009 5:20,213,0.1,0.1,36.1,95,29.2,0,57870,0,0
3/8/2009 5:30,213,0.1,0.1,35.9,95,29.2,0,57870,0,0
3/8/2009 5:40,213,0.1,0.1,35.6,95,29.2,0,57910,0,0
3/8/2009 5:50,213,0.1,0.1,35.4,95,29.2,0,57910,0,0
3/8/2009 6:00,213,0.1,0.1,35.7,95,29.2,0,57910,0,0
3/8/2009 6:10,213,0.1,0.1,35.9,95,29.2,0,57920,0,0
3/8/2009 6:20,213,0.1,0.1,35.6,95,29.2,0,57980,0,0
3/8/2009 6:30,213,0.1,0.1,34.8,95,29.2,0,58150,0,0
3/8/2009 6:40,213,0.1,0.1,35,95,29.1,0,58540,0.03,0.03
3/8/2009 6:50,213,0.1,0.1,35.4,95,29.1,0,58880,0,0
3/8/2009 7:00,213,0.1,0.1,36.1,95,29.1,0,59270,0,0
3/8/2009 7:10,213,0.1,0.1,37,95,29.1,0,59290,0,0
3/8/2009 7:20,213,0.1,0.1,37.7,95,29.1,0,59490,0,0
3/8/2009 7:30,213,0.1,0.1,38.6,95,29.1,0,59490,0,0
3/8/2009 7:40,213,0.1,0.1,39.7,95,29.1,0,59490,0,0
3/8/2009 7:50,213,0.1,0.1,36.3,94,29.1,0,59500,0,0
3/8/2009 8:00,213,0.1,0.1,36.5,95,29.1,0,59530,0,0
3/8/2009 8:10,213,0.1,0.1,36.3,95,29.1,0,59550,0,0
3/8/2009 8:20,213,0.1,0.1,35.2,95,29.1,0,59930,0.04,0.04
3/8/2009 8:30,213,0.1,0.1,35.4,95,29.1,0,60470,0.01,0.01
3/8/2009 8:40,213,0.1,0.1,35,95,29.1,0,60990,0.03,0.03
3/8/2009 8:50,213,0.1,0.1,34.8,95,29.1,0,61400,0,0
3/8/2009 9:00,213,0.1,0.1,34.7,95,29.1,0,61960,0.07,0.07
3/8/2009 9:10,213,0.1,0.1,34.5,95,29.1,0,62560,0.07,0.07
3/8/2009 9:20,213,0.1,0.1,34.3,95,29.1,0,63160,0.12,0.12
3/8/2009 9:30,213,0.1,0.1,35,95,29.1,0,63760,0.09,0.09
3/8/2009 9:40,213,0.1,0.1,35.9,95,29.1,0,64360,0.13,0.13
3/8/2009 9:50,213,0.1,0.1,36.3,95,29.1,0,64960,0.23,0.23
3/8/2009 10:00,213,0.1,0.1,36.8,95,29.1,0,24,0.1,0.1
3/8/2009 10:10,213,0.1,0.1,37.5,95,29.1,0,624,0.08,0.08
3/8/2009 10:20,213,0.1,0.1,37.2,95,29.1,0,1224,0.16,0.16
3/8/2009 10:30,213,0.1,0.1,37.7,95,29.1,0,1824,0.16,0.16
3/8/2009 10:40,213,0.1,0.1,37.5,95,29.1,0,2424,0.16,0.16
3/8/2009 10:50,213,0.1,0.1,38.3,95,29.1,0,3024,0.2,0.2
3/8/2009 11:00,213,0.1,0.1,37.2,95,29.1,0,3624,0.21,0.21
3/8/2009 11:10,213,0.1,0.1,36.3,95,29.1,0,4224,0.29,0.29
3/8/2009 11:20,213,0.1,0.1,35.9,95,29.1,0,4824,0.19,0.19
3/8/2009 11:30,213,0.1,0.1,35.2,95,29.1,0,5424,0.13,0.13
3/8/2009 11:40,213,0.1,0.1,35.4,95,29.1,0,6024,0.09,0.09
3/8/2009 11:50,213,0.1,0.1,35.6,95,29,0,6624,0.23,0.23
3/8/2009 12:00,213,0.1,0.1,35.6,95,29,0,7224,0.16,0.16
3/8/2009 12:10,213,0.1,0.1,35.7,95,29,0,7824,0.08,0.08
3/8/2009 12:20,213,0.1,0.1,35.4,95,29,0,8424,0.04,0.04
3/8/2009 12:30,213,0.1,0.1,36.1,95,29,0,9014,0.04,0.04
3/8/2009 12:40,213,0.1,0.1,37,95,29,0,9514,0.02,0.02
3/8/2009 12:50,213,0.1,0.1,37,95,29,0,10104,0.08,0.08
3/8/2009 13:00,213,0.1,0.1,35,95,29,0,10694,0.02,0.02
3/8/2009 13:10,213,0.1,0.1,35.6,95,29,0,11254,0.08,0.08
3/8/2009 13:20,213,0.1,0.1,37.9,95,29,0,11804,0.04,0.04
3/8/2009 13:30,213,0.1,0.1,38.4,95,29,0,12384,0.02,0.02
3/8/2009 13:40,213,0.1,0.1,39.3,95,28.9,0,12974,0.14,0.14
3/8/2009 13:50,213,0.1,0.1,40.6,95,28.9,0,13554,0,0
3/8/2009 14:00,213,0.1,0.1,38.6,94,29,0,14094,0.28,0.28
3/8/2009 14:10,213,0.1,0.1,36.1,95,29,0,14694,0.41,0.41
3/8/2009 14:20,213,0.1,0.1,35.2,95,29,0,15294,0.32,0.32
3/8/2009 14:30,213,0.1,0.1,35.2,95,29,0,15894,0.47,0.47
3/8/2009 14:40,213,0.1,0.1,35,95,29,0,16504,0.24,0.24
3/8/2009 14:50,213,0.1,0.1,34.8,95,29,0,16984,0.01,0.01
3/8/2009 15:00,213,0.1,0.1,34.8,95,29,0,17484,0.26,0.26
3/8/2009 15:10,213,0.1,0.1,34.8,95,28.9,0,18084,0.09,0.09
3/8/2009 15:20,213,0.1,0.1,35,95,28.9,0,18684,0.15,0.15
3/8/2009 15:30,213,0.1,0.1,35.4,95,28.9,0,19284,0.16,0.16
3/8/2009 15:40,213,0.1,0.1,35.4,95,28.9,0,19884,0.07,0.07
3/8/2009 15:50,213,0.1,0.1,36.3,95,28.9,0,20364,0,0
3/8/2009 16:00,213,0.1,0.1,37.4,95,28.9,0,20944,0.01,0.01
3/8/2009 16:10,213,0.1,0.1,38.3,95,28.9,0,20974,0,0
3/8/2009 16:20,213,0.1,0.1,36.5,95,28.9,0,21254,0,0
3/8/2009 16:30,213,0.1,0.1,36.6,95,28.9,0,21444,0.1,0.1
3/8/2009 16:40,213,0.1,0.1,38.1,95,28.9,0,21924,0.21,0.21
3/8/2009 16:50,213,0.1,0.1,39.5,95,28.9,0,22134,0,0
3/8/2009 17:00,213,0.1,0.1,43.1,95,28.9,0,22434,0,0
3/8/2009 17:10,213,0.1,0.1,47.3,95,28.9,0,22534,0.04,0.04
3/8/2009 17:20,213,0.1,0.1,47.6,95,28.9,0,22844,0.77,0.77
3/8/2009 17:30,213,0.1,0.1,48.9,95,28.9,0,23164,0,0
3/8/2009 17:40,213,0.1,0.1,50.5,95,28.9,0,23274,0,0
3/8/2009 17:50,213,0.1,0.1,51.2,94,28.8,0,23274,0,0
3/8/2009 18:00,213,0.1,0.1,51.8,94,28.8,0,23274,0,0
3/8/2009 18:10,213,0.1,0.1,52.7,93,28.8,0,23274,0,0
3/8/2009 18:20,213,0.1,0.1,53.7,91,28.8,0,23274,0,0
3/8/2009 18:30,213,0.1,0.1,54.3,86,28.8,0,23274,0,0
3/8/2009 18:40,213,0.1,0.1,54.6,85,28.8,0,23284,0,0
3/8/2009 18:50,213,0.1,0.1,55,90,28.8,0,23874,0.21,0.21
3/8/2009 19:00,213,0.1,0.1,55.5,90,28.8,0,24474,0.11,0.11
3/8/2009 19:10,213,0.1,0.1,56.3,86,28.8,0,24944,0.04,0.04
3/8/2009 19:20,213,0.1,0.1,57.2,84,28.8,0,25494,0,0
3/8/2009 19:30,213,0.1,0.1,58.2,80,28.8,0,25554,0,0
3/8/2009 19:40,213,0.1,0.1,57.3,81,28.8,0,25554,0,0
3/8/2009 19:50,213,0.1,0.1,57.2,80,28.8,0,25554,0,0
3/8/2009 20:00,213,0.1,0.1,57.3,81,28.8,0,25554,0,0
3/8/2009 20:10,213,0.1,0.1,58.2,78,28.8,0,25554,0,0
3/8/2009 20:20,213,0.1,0.1,59.1,75,28.8,0,25554,0,0
3/8/2009 20:30,213,0.1,0.1,59.1,72,28.8,0,25554,0,0
3/8/2009 20:40,213,0.1,0.1,59.3,72,28.8,0,25554,0,0
3/8/2009 20:50,213,0.1,0.1,58.8,73,28.8,0,25554,0,0
3/8/2009 21:00,213,0.1,0.1,58.8,69,28.8,0,25554,0,0
3/8/2009 21:10,213,0.1,0.1,58.6,71,28.8,0,25554,0,0
3/8/2009 21:20,213,0.1,0.1,58.6,70,28.8,0,25554,0,0
3/8/2009 21:30,213,0.1,0.1,58.4,68,28.8,0,25554,0,0
3/8/2009 21:40,213,0.1,0.1,58.4,64,28.8,0,25554,0,0
3/8/2009 21:50,213,0.1,0.1,55.9,59,28.8,0,25554,0,0
3/8/2009 22:00,213,0.1,0.1,53.2,60,28.8,0,25844,0,0
3/8/2009 22:10,213,0.1,0.1,49.4,63,28.8,0,25844,0,0
3/8/2009 22:20,213,0.1,0.1,47.1,67,28.8,0,25844,0,0
3/8/2009 22:30,213,0.1,0.1,45.3,71,28.8,0,25844,0,0
3/8/2009 22:40,213,0.1,0.1,44.4,74,28.8,0,25844,0,0
3/8/2009 22:50,213,0.1,0.1,45.1,74,28.8,0,25844,0,0
3/8/2009 23:00,213,0.1,0.1,47.4,69,28.8,0,25844,0,0
3/8/2009 23:10,213,0.1,0.1,49.6,67,28.8,0,25844,0,0
3/8/2009 23:20,213,0.1,0.1,48.7,69,28.8,0,25854,0,0
3/8/2009 23:30,213,0.1,0.1,46.4,72,28.8,0,25874,0,0
3/8/2009 23:40,213,0.1,0.1,44.6,74,28.8,0,25894,0,0
3/8/2009 23:50,213,0.1,0.1,42.6,78,28.8,0,25904,0,0
3/9/2009 0:00,213,0.1,0.1,41.9,80,28.9,0,25914,0,0
3/9/2009 0:10,213,0.1,0.1,40.8,85,28.8,0,26104,0.01,0.01
3/9/2009 0:20,213,0.1,0.1,40.6,88,28.8,0,26174,0,0
3/9/2009 0:30,213,0.1,0.1,41.1,87,28.9,0,26174,0,0
3/9/2009 0:40,213,0.1,0.1,40.4,86,28.9,0,26284,0,0
3/9/2009 0:50,213,0.1,0.1,39.2,87,28.9,0,26614,0.03,0.03
3/9/2009 1:00,213,0.1,0.1,37.9,90,28.9,0,26894,0.01,0.01
3/9/2009 1:10,213,0.1,0.1,37.5,90,28.9,0,26914,0,0
3/9/2009 1:20,213,0.1,0.1,37.7,89,28.9,0,26924,0,0
3/9/2009 1:30,213,0.1,0.1,37.4,87,28.9,0,27004,0,0
3/9/2009 1:40,213,0.1,0.1,37.4,85,28.9,0,27124,0,0
3/9/2009 1:50,213,0.1,0.1,36.5,86,28.9,0,27294,0,0
3/9/2009 2:00,213,0.1,0.1,36.1,87,28.9,0,27364,0,0
3/9/2009 2:10,213,0.1,0.1,35.7,89,28.9,0,27384,0,0
3/9/2009 2:20,213,0.1,0.1,35.9,89,28.9,0,27624,0,0
3/9/2009 2:30,213,0.1,0.1,36.3,87,28.9,0,27844,0,0
3/9/2009 2:40,213,0.1,0.1,36.3,86,28.9,0,28034,0.05,0.05
3/9/2009 2:50,213,0.1,0.1,36.3,87,28.9,0,28204,0.01,0.01
3/9/2009 3:00,213,0.1,0.1,36.3,85,28.9,0,28324,0.01,0.01
3/9/2009 3:10,213,0.1,0.1,35.9,86,28.9,0,28484,0,0
3/9/2009 3:20,213,0.1,0.1,35.7,86,29,0,28694,0.01,0.01
3/9/2009 3:30,213,0.1,0.1,35.7,85,29,0,28894,0,0
3/9/2009 3:40,213,0.1,0.1,35.2,84,29,0,29234,0.05,0.05
3/9/2009 3:50,213,0.1,0.1,34.3,84,29,0,29424,0,0
3/9/2009 4:00,213,0.1,0.1,34.3,84,29,0,29594,0,0
3/9/2009 4:10,213,0.1,0.1,34.1,84,29,0,29754,0,0
3/9/2009 4:20,213,0.1,0.1,33.9,83,29,0,29934,0,0
3/9/2009 4:30,213,0.1,0.1,33.8,83,29,0,30024,0,0
3/9/2009 4:40,213,0.1,0.1,33.6,82,29.1,0,30264,0.04,0.04
3/9/2009 4:50,213,0.1,0.1,33.6,82,29.1,0,30394,0,0
3/9/2009 5:00,213,0.1,0.1,33.4,83,29.1,0,30564,0,0
3/9/2009 5:10,213,0.1,0.1,33,84,29.1,0,30684,0,0
3/9/2009 5:20,213,0.1,0.1,33,85,29.1,0,30824,0,0
3/9/2009 5:30,213,0.1,0.1,32.9,86,29.1,0,30914,0,0
3/9/2009 5:40,213,0.1,0.1,32.9,86,29.1,0,30974,0,0
3/9/2009 5:50,213,0.1,0.1,32.5,88,29.1,0,31044,0,0
3/9/2009 6:00,213,0.1,0.1,32.3,88,29.1,0,31104,0,0
3/9/2009 6:10,213,0.1,0.1,32.3,87,29.1,0,31174,0,0
3/9/2009 6:20,213,0.1,0.1,32.1,87,29.2,0,31174,0,0
3/9/2009 6:30,213,0.1,0.1,32,87,29.2,0,31194,0,0
3/9/2009 6:40,213,0.1,0.1,32,87,29.2,0,31194,0,0
3/9/2009 6:50,213,0.1,0.1,32,87,29.2,0,31224,0,0
3/9/2009 7:00,213,0.1,0.1,32,87,29.2,0,31224,0,0
3/9/2009 7:10,213,0.1,0.1,32,87,29.2,0,31244,0,0
3/9/2009 7:20,213,0.1,0.1,31.9,87,29.2,0,31264,0,0
3/9/2009 7:30,213,0.1,0.1,31.7,86,29.2,0,31324,0,0
3/9/2009 7:40,213,0.1,0.1,31.7,86,29.2,0,31404,0,0
3/9/2009 7:50,213,0.1,0.1,31.7,86,29.2,0,31414,0,0
3/9/2009 8:00,213,0.1,0.1,31.7,86,29.3,0,31484,0,0
3/9/2009 8:10,213,0.1,0.1,31.5,86,29.3,0,31514,0,0
3/9/2009 8:20,213,0.1,0.1,31.5,86,29.3,0,31534,0,0
3/9/2009 8:30,213,0.1,0.1,31.3,85,29.3,0,31534,0,0
3/9/2009 8:40,213,0.1,0.1,31.5,85,29.3,0,31534,0,0
3/9/2009 8:50,213,0.1,0.1,31.5,85,29.3,0,31534,0,0
3/9/2009 9:00,213,0.1,0.1,31.7,84,29.3,0,31534,0,0
3/9/2009 9:10,213,0.1,0.1,31.7,84,29.3,0,31534,0,0
3/9/2009 9:20,213,0.1,0.1,31.7,84,29.3,0,31534,0,0
3/9/2009 9:30,213,0.1,0.1,31.7,84,29.3,0,31534,0,0
3/9/2009 9:40,213,0.1,0.1,31.7,84,29.3,0,31534,0,0
3/9/2009 9:50,213,0.1,0.1,31.7,84,29.3,0,31534,0,0
3/9/2009 10:00,213,0.1,0.1,31.7,84,29.3,0,31534,0,0
3/9/2009 10:10,213,0.1,0.1,31.7,84,29.3,0,31534,0,0
3/9/2009 10:20,213,0.1,0.1,31.9,85,29.3,0,31534,0,0
3/9/2009 10:30,213,0.1,0.1,31.7,85,29.3,0,31534,0,0
3/9/2009 10:40,213,0.1,0.1,31.9,84,29.3,0,31534,0,0
3/9/2009 10:50,213,0.1,0.1,31.9,84,29.3,0,31534,0,0
3/9/2009 11:00,213,0.1,0.1,31.9,85,29.3,0,31534,0,0
3/9/2009 11:10,213,0.1,0.1,32,84,29.4,0,31534,0,0
3/9/2009 11:20,213,0.1,0.1,32,85,29.4,0,31534,0,0
3/9/2009 11:30,213,0.1,0.1,32,85,29.4,0,31534,0,0
3/9/2009 11:40,213,0.1,0.1,31.9,85,29.4,0,31534,0,0
3/9/2009 11:50,213,0.1,0.1,31.9,85,29.4,0,31534,0,0
3/9/2009 12:00,213,0.1,0.1,31.9,85,29.4,0,31534,0,0
3/9/2009 12:10,213,0.1,0.1,32,85,29.4,0,31534,0,0
3/9/2009 12:20,213,0.1,0.1,32,86,29.4,0,31534,0,0
3/9/2009 12:30,213,0.1,0.1,32,86,29.4,0,31534,0,0
3/9/2009 12:40,213,0.1,0.1,32,86,29.4,0,31534,0,0
3/9/2009 12:50,213,0.1,0.1,32,87,29.4,0,31534,0,0
3/9/2009 13:00,213,0.1,0.1,32,87,29.4,0,31534,0,0
3/9/2009 13:10,213,0.1,0.1,32,87,29.4,0,31534,0,0
3/9/2009 13:20,213,0.1,0.1,32,87,29.4,0,31534,0,0
3/9/2009 13:30,213,0.1,0.1,32,86,29.4,0,31534,0,0
3/9/2009 13:40,213,0.1,0.1,32.1,86,29.4,0,31534,0,0
3/9/2009 13:50,213,0.1,0.1,32.1,86,29.4,0,31534,0,0
3/9/2009 14:00,213,0.1,0.1,32.1,86,29.4,0,31534,0,0
3/9/2009 14:10,213,0.1,0.1,32.1,86,29.4,0,31534,0,0
3/9/2009 14:20,213,0.1,0.1,32.1,86,29.4,0,31534,0,0
3/9/2009 14:30,213,0.1,0.1,32.1,85,29.4,0,31534,0,0
3/9/2009 14:40,213,0.1,0.1,32.1,85,29.4,0,31534,0,0
3/9/2009 14:50,213,0.1,0.1,32.1,85,29.4,0,31534,0,0
3/9/2009 15:00,213,0.1,0.1,32.1,85,29.4,0,31534,0,0
3/9/2009 15:10,213,0.1,0.1,32.1,85,29.4,0,31534,0,0
3/9/2009 15:20,213,0.1,0.1,32.1,84,29.4,0,31534,0,0
3/9/2009 15:30,213,0.1,0.1,32.1,84,29.4,0,31534,0,0
3/9/2009 15:40,213,0.1,0.1,32.1,84,29.4,0,31534,0,0
3/9/2009 15:50,213,0.1,0.1,32.1,83,29.4,0,31534,0,0
3/9/2009 16:00,213,0.1,0.1,32.3,82,29.4,0,31534,0,0
3/9/2009 16:10,213,0.1,0.1,32.3,82,29.4,0,31534,0,0
3/9/2009 16:20,213,0.1,0.1,32.3,82,29.4,0,31534,0,0
3/9/2009 16:30,213,0.1,0.1,32.3,81,29.4,0,31534,0,0
3/9/2009 16:40,213,0.1,0.1,32.5,81,29.4,0,31534,0,0
3/9/2009 16:50,213,0.1,0.1,32.5,80,29.4,0,31534,0,0
3/9/2009 17:00,213,0.1,0.1,32.3,82,29.4,0,31534,0,0
3/9/2009 17:10,213,0.1,0.1,32.1,81,29.4,0,31534,0,0
3/9/2009 17:20,213,0.1,0.1,32.1,80,29.4,0,31534,0,0
3/9/2009 17:30,213,0.1,0.1,32,81,29.4,0,31534,0,0
3/9/2009 17:40,213,0.1,0.1,32,82,29.5,0,31534,0,0
3/9/2009 17:50,213,0.1,0.1,32,81,29.5,0,31534,0,0
3/9/2009 18:00,213,0.1,0.1,32,80,29.5,0,31534,0,0
3/9/2009 18:10,213,0.1,0.1,32,81,29.5,0,31534,0,0
3/9/2009 18:20,213,0.1,0.1,32,82,29.5,0,31534,0,0
3/9/2009 18:30,213,0.1,0.1,32,81,29.5,0,31534,0,0
3/9/2009 18:40,213,0.1,0.1,32.1,82,29.5,0,31534,0,0
3/9/2009 18:50,213,0.1,0.1,32,82,29.5,0,31534,0,0
3/9/2009 19:00,213,0.1,0.1,32.1,82,29.5,0,31534,0,0
3/9/2009 19:10,213,0.1,0.1,32.1,82,29.5,0,31534,0,0
3/9/2009 19:20,213,0.1,0.1,32.9,80,29.5,0,31534,0,0
3/9/2009 19:30,213,0.1,0.1,33,79,29.5,0,31534,0,0
3/9/2009 19:40,213,0.1,0.1,32.9,79,29.5,0,31534,0,0
3/9/2009 19:50,213,0.1,0.1,32.3,81,29.4,0,31534,0,0
3/9/2009 20:00,213,0.1,0.1,32.3,81,29.4,0,31534,0,0
3/9/2009 20:10,213,0.1,0.1,32.1,81,29.4,0,31534,0,0
3/9/2009 20:20,213,0.1,0.1,32.1,81,29.4,0,31534,0,0
3/9/2009 20:30,213,0.1,0.1,32.3,81,29.4,0,31534,0,0
3/9/2009 20:40,213,0.1,0.1,32.3,81,29.4,0,31534,0,0
3/9/2009 20:50,213,0.1,0.1,32.3,80,29.4,0,31534,0,0
3/9/2009 21:00,213,0.1,0.1,32.1,81,29.4,0,31534,0,0
3/9/2009 21:10,213,0.1,0.1,32.1,81,29.4,0,31534,0,0
3/9/2009 21:20,213,0.1,0.1,32.3,81,29.5,0,31534,0,0
3/9/2009 21:30,213,0.1,0.1,32.3,81,29.4,0,31534,0,0
3/9/2009 21:40,213,0.1,0.1,32.1,82,29.4,0,31534,0,0
3/9/2009 21:50,213,0.1,0.1,32.3,82,29.4,0,31534,0,0
3/9/2009 22:00,213,0.1,0.1,32.3,82,29.4,0,31534,0,0
3/9/2009 22:10,213,0.1,0.1,32.5,82,29.4,0,31534,0,0
3/9/2009 22:20,213,0.1,0.1,32.5,82,29.4,0,31534,0,0
3/9/2009 22:30,213,0.1,0.1,32.7,82,29.4,0,31534,0,0
3/9/2009 22:40,213,0.1,0.1,32.7,82,29.4,0,31534,0,0
3/9/2009 22:50,213,0.1,0.1,32.5,83,29.4,0,31534,0,0
3/9/2009 23:00,213,0.1,0.1,32.7,83,29.4,0,31534,0,0
3/9/2009 23:10,213,0.1,0.1,32.5,83,29.4,0,31534,0,0
3/9/2009 23:20,213,0.1,0.1,32.5,84,29.4,0,31534,0,0
3/9/2009 23:30,213,0.1,0.1,32.7,84,29.4,0,31534,0,0
3/9/2009 23:40,213,0.1,0.1,32.9,83,29.4,0,31534,0,0
3/9/2009 23:50,213,0.1,0.1,32.7,84,29.4,0,31534,0,0
3/10/2009 0:00,213,0.1,0.1,32.5,84,29.4,0,31534,0,0
3/10/2009 0:10,213,0.1,0.1,32.5,85,29.4,0,31534,0,0
3/10/2009 0:20,213,0.1,0.1,32.5,85,29.4,0,31534,0,0
3/10/2009 0:30,213,0.1,0.1,32.7,85,29.4,0,31534,0,0
3/10/2009 0:40,213,0.1,0.1,33.2,84,29.4,0,31534,0,0
3/10/2009 0:50,213,0.1,0.1,33.8,83,29.4,0,31534,0,0
3/10/2009 1:00,213,0.1,0.1,32.9,83,29.4,0,31534,0,0
3/10/2009 1:10,213,0.1,0.1,32.5,85,29.4,0,31534,0,0
3/10/2009 1:20,213,0.1,0.1,32.5,85,29.4,0,31534,0,0
3/10/2009 1:30,213,0.1,0.1,32.5,85,29.4,0,31534,0,0
3/10/2009 1:40,213,0.1,0.1,32.7,85,29.4,0,31534,0,0
3/10/2009 1:50,213,0.1,0.1,32.7,85,29.4,0,31534,0,0
3/10/2009 2:00,213,0.1,0.1,32.9,85,29.3,0,31534,0,0
3/10/2009 2:10,213,0.1,0.1,33,84,29.3,0,31534,0,0
3/10/2009 2:20,213,0.1,0.1,33,84,29.3,0,31534,0,0
3/10/2009 2:30,213,0.1,0.1,33,84,29.3,0,31534,0,0
3/10/2009 2:40,213,0.1,0.1,33.2,84,29.3,0,31534,0,0
3/10/2009 2:50,213,0.1,0.1,33.4,83,29.3,0,31534,0,0
3/10/2009 3:00,213,0.1,0.1,33.6,83,29.3,0,31534,0,0
3/10/2009 3:10,213,0.1,0.1,33.8,83,29.3,0,31534,0,0
3/10/2009 3:20,213,0.1,0.1,33.9,82,29.3,0,31534,0,0
3/10/2009 3:30,213,0.1,0.1,33.6,83,29.3,0,31534,0,0
3/10/2009 3:40,213,0.1,0.1,33.8,83,29.3,0,31534,0,0
3/10/2009 3:50,213,0.1,0.1,33.8,83,29.3,0,31534,0,0
3/10/2009 4:00,213,0.1,0.1,33.6,83,29.3,0,31534,0,0
3/10/2009 4:10,213,0.1,0.1,33.8,83,29.3,0,31534,0,0
3/10/2009 4:20,213,0.1,0.1,33.9,83,29.3,0,31534,0,0
3/10/2009 4:30,213,0.1,0.1,33.8,83,29.3,0,31534,0,0
3/10/2009 4:40,213,0.1,0.1,33.9,83,29.3,0,31534,0,0
3/10/2009 4:50,213,0.1,0.1,33.9,82,29.3,0,31534,0,0
3/10/2009 5:00,213,0.1,0.1,33.9,82,29.3,0,31534,0,0
3/10/2009 5:10,213,0.1,0.1,34.1,82,29.3,0,31534,0,0
3/10/2009 5:20,213,0.1,0.1,34.3,82,29.3,0,31534,0,0
3/10/2009 5:30,213,0.1,0.1,34.5,82,29.3,0,31534,0,0
3/10/2009 5:40,213,0.1,0.1,34.7,81,29.3,0,31534,0,0
3/10/2009 5:50,213,0.1,0.1,35,80,29.3,0,31534,0,0
3/10/2009 6:00,213,0.1,0.1,35.4,79,29.3,0,31534,0,0
3/10/2009 6:10,213,0.1,0.1,35.7,78,29.3,0,31534,0,0
3/10/2009 6:20,213,0.1,0.1,35.9,78,29.3,0,31534,0,0
3/10/2009 6:30,213,0.1,0.1,35.4,79,29.3,0,31534,0,0
3/10/2009 6:40,213,0.1,0.1,35.6,80,29.3,0,31534,0,0
3/10/2009 6:50,213,0.1,0.1,35.9,78,29.3,0,31534,0,0
3/10/2009 7:00,213,0.1,0.1,36.1,77,29.3,0,31534,0,0
3/10/2009 7:10,213,0.1,0.1,36.3,77,29.3,0,31594,0,0
3/10/2009 7:20,213,0.1,0.1,36.5,77,29.3,0,31624,0.01,0.01
3/10/2009 7:30,213,0.1,0.1,36.6,77,29.3,0,31694,0,0
3/10/2009 7:40,213,0.1,0.1,36.5,78,29.3,0,31704,0,0
3/10/2009 7:50,213,0.1,0.1,37,77,29.3,0,31834,0,0
3/10/2009 8:00,213,0.1,0.1,36.1,79,29.3,0,31864,0,0
3/10/2009 8:10,213,0.1,0.1,35.9,81,29.3,0,31864,0,0
3/10/2009 8:20,213,0.1,0.1,36.5,81,29.3,0,31944,0,0
3/10/2009 8:30,213,0.1,0.1,37.4,79,29.3,0,32044,0,0
3/10/2009 8:40,213,0.1,0.1,37.9,77,29.3,0,32094,0,0
3/10/2009 8:50,213,0.1,0.1,38.4,76,29.3,0,32124,0,0
3/10/2009 9:00,213,0.1,0.1,38.6,75,29.2,0,32194,0,0
3/10/2009 9:10,213,0.1,0.1,38.8,76,29.2,0,32374,0.09,0.09
3/10/2009 9:20,213,0.1,0.1,39,76,29.2,0,32944,0.03,0.03
3/10/2009 9:30,213,0.1,0.1,39,78,29.2,0,33524,0.07,0.07
3/10/2009 9:40,213,0.1,0.1,39.2,80,29.2,0,34114,0.13,0.13
3/10/2009 9:50,213,0.1,0.1,38.8,81,29.2,0,34724,0.26,0.26
3/10/2009 10:00,213,0.1,0.1,39,81,29.2,0,35314,0.07,0.07
3/10/2009 10:10,213,0.1,0.1,39.3,80,29.2,0,35914,0.03,0.03
3/10/2009 10:20,213,0.1,0.1,39.7,80,29.1,0,36354,0.02,0.02
3/10/2009 10:30,213,0.1,0.1,40.1,80,29.1,0,36524,0,0
3/10/2009 10:40,213,0.1,0.1,40.2,80,29.2,0,36564,0,0
3/10/2009 10:50,213,0.1,0.1,40.6,80,29.2,0,36854,0.03,0.03
3/10/2009 11:00,213,0.1,0.1,40.8,80,29.2,0,37454,0.11,0.11
3/10/2009 11:10,213,0.1,0.1,40.4,82,29.2,0,38024,0,0
3/10/2009 11:20,213,0.1,0.1,40.6,81,29.1,0,38274,0,0
3/10/2009 11:30,213,0.1,0.1,40.6,81,29.1,0,38294,0,0
3/10/2009 11:40,213,0.1,0.1,40.8,82,29.1,0,38294,0,0
3/10/2009 11:50,213,0.1,0.1,40.6,83,29.1,0,38314,0,0
3/10/2009 12:00,213,0.1,0.1,41.1,81,29.1,0,38314,0,0
3/10/2009 12:10,213,0.1,0.1,41.9,79,29.1,0,38314,0,0
3/10/2009 12:20,213,0.1,0.1,42.2,77,29.1,0,38314,0,0
3/10/2009 12:30,213,0.1,0.1,42.4,78,29.1,0,38314,0,0
3/10/2009 12:40,213,0.1,0.1,43.1,77,29.1,0,38314,0,0
3/10/2009 12:50,213,0.1,0.1,43.3,76,29.1,0,38314,0,0
3/10/2009 13:00,213,0.1,0.1,43.7,77,29.1,0,38314,0,0
3/10/2009 13:10,213,0.1,0.1,44,77,29.1,0,38314,0,0
3/10/2009 13:20,213,0.1,0.1,44,77,29.1,0,38314,0,0
3/10/2009 13:30,213,0.1,0.1,43.8,77,29,0,38314,0,0
3/10/2009 13:40,213,0.1,0.1,44.4,78,29,0,38314,0,0
3/10/2009 13:50,213,0.1,0.1,44.6,78,29.1,0,38314,0,0
3/10/2009 14:00,213,0.1,0.1,44.7,78,29,0,38314,0,0
3/10/2009 14:10,213,0.1,0.1,44.6,79,29.1,0,38314,0,0
3/10/2009 14:20,213,0.1,0.1,44.7,79,29.1,0,38314,0,0
3/10/2009 14:30,213,0.1,0.1,45.1,79,29,0,38314,0,0
3/10/2009 14:40,213,0.1,0.1,45.6,78,29,0,38314,0,0
3/10/2009 14:50,213,0.1,0.1,46.2,77,29,0,38324,0,0
3/10/2009 15:00,213,0.1,0.1,45.3,79,29.1,0,38544,0,0
3/10/2009 15:10,213,0.1,0.1,44.7,81,29,0,38544,0,0
3/10/2009 15:20,213,0.1,0.1,45.1,81,29,0,38544,0,0
3/10/2009 15:30,213,0.1,0.1,44.7,83,29.1,0,38544,0,0
3/10/2009 15:40,213,0.1,0.1,44.7,85,29,0,38814,0.01,0.01
3/10/2009 15:50,213,0.1,0.1,44.7,85,29,0,39114,0,0
3/10/2009 16:00,213,0.1,0.1,44.6,86,29,0,39414,0.26,0.26
3/10/2009 16:10,213,0.1,0.1,44.4,88,29,0,40004,0.17,0.17
3/10/2009 16:20,213,0.1,0.1,44.6,87,29,0,40614,0.1,0.1
3/10/2009 16:30,213,0.1,0.1,44.7,86,29,0,41184,0.03,0.03
3/10/2009 16:40,213,0.1,0.1,44,89,29.1,0,41784,0.3,0.3
3/10/2009 16:50,213,0.1,0.1,43.8,90,29.1,0,42384,0.31,0.31
3/10/2009 17:00,213,0.1,0.1,44.2,90,29.1,0,42984,0.73,0.73
3/10/2009 17:10,213,0.1,0.1,44.2,90,29.1,0,43584,0.71,0.71
3/10/2009 17:20,213,0.1,0.1,44.2,90,29.1,0,44184,0.56,0.56
3/10/2009 17:30,213,0.1,0.1,44.2,91,29.1,0,44784,0.58,0.58
3/10/2009 17:40,213,0.1,0.1,44.6,90,29,0,45384,0.35,0.35
3/10/2009 17:50,213,0.1,0.1,44.9,88,29,0,45874,0,0
3/10/2009 18:00,213,0.1,0.1,45.5,85,29,0,45924,0,0
3/10/2009 18:10,213,0.1,0.1,45.3,85,29,0,46084,0.08,0.08
3/10/2009 18:20,213,0.1,0.1,44.7,88,29,0,46674,0.06,0.06
3/10/2009 18:30,213,0.1,0.1,44.9,89,29,0,47254,0.05,0.05
3/10/2009 18:40,213,0.1,0.1,44.9,88,29,0,47834,0.3,0.3
3/10/2009 18:50,213,0.1,0.1,44.7,88,29,0,48434,0.24,0.24
3/10/2009 19:00,213,0.1,0.1,44.9,87,29,0,49044,0.27,0.27
3/10/2009 19:10,213,0.1,0.1,45.1,86,29,0,49524,0.02,0.02
3/10/2009 19:20,213,0.1,0.1,45.5,85,29,0,49584,0,0
3/10/2009 19:30,213,0.1,0.1,45.6,83,29,0,49584,0,0
3/10/2009 19:40,213,0.1,0.1,46,82,29,0,49654,0,0
3/10/2009 19:50,213,0.1,0.1,45.6,86,29,0,50224,0.69,0.69
3/10/2009 20:00,213,0.1,0.1,45.6,86,29,0,50834,0.47,0.47
3/10/2009 20:10,213,0.1,0.1,44.9,87,29,0,51424,0.66,0.66
3/10/2009 20:20,213,0.1,0.1,44.6,88,29,0,52034,0.35,0.35
3/10/2009 20:30,213,0.1,0.1,44.4,89,29,0,52634,1.23,1.23
3/10/2009 20:40,213,0.1,0.1,44.4,89,29,0,53234,0.25,0.25
3/10/2009 20:50,213,0.1,0.1,44.7,88,29,0,53764,0.16,0.16
3/10/2009 21:00,213,0.1,0.1,46,84,29,0,54164,0.17,0.17
3/10/2009 21:10,213,0.1,0.1,46.5,80,29,0,54344,0,0
3/10/2009 21:20,213,0.1,0.1,46.7,78,28.9,0,54344,0,0
3/10/2009 21:30,213,0.1,0.1,46.9,76,28.9,0,54344,0,0
3/10/2009 21:40,213,0.1,0.1,46.7,75,28.9,0,54344,0,0
3/10/2009 21:50,213,0.1,0.1,47.3,75,28.9,0,54344,0,0
3/10/2009 22:00,213,0.1,0.1,46.9,75,28.9,0,54344,0,0
3/10/2009 22:10,213,0.1,0.1,48.7,71,28.9,0,54344,0,0
3/10/2009 22:20,213,0.1,0.1,49.2,70,28.9,0,54364,0,0
3/10/2009 22:30,213,0.1,0.1,50.1,68,28.9,0,54404,0,0
3/10/2009 22:40,213,0.1,0.1,49.8,69,28.9,0,54414,0,0
3/10/2009 22:50,213,0.1,0.1,50.5,68,28.8,0,54414,0,0
3/10/2009 23:00,213,0.1,0.1,51.6,66,28.8,0,54414,0,0
3/10/2009 23:10,213,0.1,0.1,53,64,28.8,0,54454,0,0
3/10/2009 23:20,213,0.1,0.1,53.9,62,28.9,0,54484,0,0
3/10/2009 23:30,213,0.1,0.1,50.3,72,28.9,0,54664,0.26,0.26
3/10/2009 23:40,213,0.1,0.1,48.5,77,28.9,0,55244,0.02,0.02
3/10/2009 23:50,213,0.1,0.1,49.6,76,28.9,0,55774,0,0
3/11/2009 0:00,213,0.1,0.1,49.1,81,28.9,0,55904,0.02,0.02
3/11/2009 0:10,213,0.1,0.1,49.6,80,28.9,0,56204,0,0
3/11/2009 0:20,213,0.1,0.1,50.5,78,28.9,0,56574,0.1,0.1
3/11/2009 0:30,213,0.1,0.1,51.4,75,28.9,0,56854,0,0
3/11/2009 0:40,213,0.1,0.1,51.6,73,28.8,0,56894,0,0
3/11/2009 0:50,213,0.1,0.1,51,77,28.9,0,57484,0.01,0.01
3/11/2009 1:00,213,0.1,0.1,52.8,76,28.9,0,57684,0,0
3/11/2009 1:10,213,0.1,0.1,53.4,80,28.9,0,58204,0.08,0.08
3/11/2009 1:20,213,0.1,0.1,56.3,77,28.9,0,58804,0.18,0.18
3/11/2009 1:30,213,0.1,0.1,56.4,78,28.9,0,59384,0.03,0.03
3/11/2009 1:40,213,0.1,0.1,57,78,28.9,0,59974,0.02,0.02
3/11/2009 1:50,213,0.1,0.1,56.8,78,28.9,0,60564,0.03,0.03
3/11/2009 2:00,213,0.1,0.1,57.2,75,28.9,0,60924,0,0
3/11/2009 2:10,213,0.1,0.1,57.5,73,28.9,0,60964,0,0
3/11/2009 2:20,213,0.1,0.1,57.9,72,28.9,0,60984,0,0
3/11/2009 2:30,213,0.1,0.1,57.3,76,28.9,0,60984,0,0
3/11/2009 2:40,213,0.1,0.1,56.8,80,28.9,0,60984,0,0
3/11/2009 2:50,213,0.1,0.1,56.8,82,28.9,0,60984,0,0
3/11/2009 3:00,213,0.1,0.1,57.3,80,28.9,0,60984,0,0
3/11/2009 3:10,213,0.1,0.1,57.7,79,28.9,0,60984,0,0
3/11/2009 3:20,213,0.1,0.1,57.9,78,28.9,0,60984,0,0
3/11/2009 3:30,213,0.1,0.1,58.1,77,28.9,0,60984,0,0
3/11/2009 3:40,213,0.1,0.1,50.5,77,28.9,0,61174,0,0
3/11/2009 3:50,213,0.1,0.1,46,78,29,0,61294,0,0
3/11/2009 4:00,213,0.1,0.1,44.4,80,29,0,61404,0,0
3/11/2009 4:10,213,0.1,0.1,44.2,78,29,0,61654,0,0
3/11/2009 4:20,213,0.1,0.1,42.6,78,29,0,61724,0,0
3/11/2009 4:30,213,0.1,0.1,42.2,75,29,0,61784,0,0
3/11/2009 4:40,213,0.1,0.1,41.1,76,29,0,61804,0,0
3/11/2009 4:50,213,0.1,0.1,40.8,76,29,0,61864,0,0
3/11/2009 5:00,213,0.1,0.1,40.4,76,29,0,61954,0,0
3/11/2009 5:10,213,0.1,0.1,39.7,77,29,0,62064,0,0
3/11/2009 5:20,213,0.1,0.1,39,78,29,0,62124,0,0
3/11/2009 5:30,213,0.1,0.1,38.6,79,29,0,62154,0,0
3/11/2009 5:40,213,0.1,0.1,39,78,29.1,0,62224,0,0
3/11/2009 5:50,213,0.1,0.1,38.6,78,29.1,0,62294,0,0
3/11/2009 6:00,213,0.1,0.1,38.3,79,29.1,0,62364,0,0
3/11/2009 6:10,213,0.1,0.1,37.9,79,29.1,0,62374,0,0
3/11/2009 6:20,213,0.1,0.1,37.7,79,29.1,0,62384,0,0
3/11/2009 6:30,213,0.1,0.1,37.7,79,29.1,0,62384,0,0
3/11/2009 6:40,213,0.1,0.1,37.5,79,29.1,0,62384,0,0
3/11/2009 6:50,213,0.1,0.1,37.5,78,29.1,0,62384,0,0
3/11/2009 7:00,213,0.1,0.1,37.4,77,29.1,0,62404,0,0
3/11/2009 7:10,213,0.1,0.1,36.8,78,29.1,0,62404,0,0
3/11/2009 7:20,213,0.1,0.1,36.8,81,29.1,0,62404,0,0
3/11/2009 7:30,213,0.1,0.1,37,82,29.1,0,62404,0,0
3/11/2009 7:40,213,0.1,0.1,37,78,29.1,0,62404,0,0
3/11/2009 7:50,213,0.1,0.1,36.8,77,29.1,0,62404,0,0
3/11/2009 8:00,213,0.1,0.1,36.8,76,29.2,0,62404,0,0
3/11/2009 8:10,213,0.1,0.1,37.2,75,29.2,0,62434,0,0
3/11/2009 8:20,213,0.1,0.1,36.5,69,29.2,0,62664,0.02,0.02
3/11/2009 8:30,213,0.1,0.1,36.5,68,29.2,0,63014,0,0
3/11/2009 8:40,213,0.1,0.1,36.3,68,29.2,0,63224,0,0
3/11/2009 8:50,213,0.1,0.1,36.1,68,29.2,0,63344,0.05,0.05
3/11/2009 9:00,213,0.1,0.1,35.7,70,29.2,0,63504,0,0
3/11/2009 9:10,213,0.1,0.1,35.6,71,29.2,0,63574,0,0
3/11/2009 9:20,213,0.1,0.1,35,72,29.2,0,63594,0,0
3/11/2009 9:30,213,0.1,0.1,35,72,29.2,0,63624,0,0
3/11/2009 9:40,213,0.1,0.1,34.7,70,29.2,0,63664,0,0
3/11/2009 9:50,213,0.1,0.1,34.8,70,29.2,0,63734,0,0
3/11/2009 10:00,213,0.1,0.1,35,71,29.2,0,63744,0,0
3/11/2009 10:10,213,0.1,0.1,35,70,29.2,0,63844,0,0
3/11/2009 10:20,213,0.1,0.1,35,71,29.3,0,63984,0,0
3/11/2009 10:30,213,0.1,0.1,34.7,72,29.3,0,64114,0,0
3/11/2009 10:40,213,0.1,0.1,34.5,70,29.3,0,64254,0,0
3/11/2009 10:50,213,0.1,0.1,34.5,68,29.3,0,64344,0,0
3/11/2009 11:00,213,0.1,0.1,34.5,71,29.3,0,64424,0,0
3/11/2009 11:10,213,0.1,0.1,34.1,71,29.3,0,64544,0,0
3/11/2009 11:20,213,0.1,0.1,34.1,68,29.3,0,64694,0,0
3/11/2009 11:30,213,0.1,0.1,33.9,68,29.3,0,64954,0,0
3/11/2009 11:40,213,0.1,0.1,33.6,68,29.3,0,65104,0,0
3/11/2009 11:50,213,0.1,0.1,33.6,68,29.3,0,65284,0.01,0.01
3/11/2009 12:00,213,0.1,0.1,33.2,68,29.3,0,65414,0,0
3/11/2009 12:10,213,0.1,0.1,33,70,29.3,0,65494,0,0
3/11/2009 12:20,213,0.1,0.1,33.2,70,29.3,0,48,0,0
3/11/2009 12:30,213,0.1,0.1,33.4,71,29.3,0,188,0,0
3/11/2009 12:40,213,0.1,0.1,33.6,69,29.3,0,258,0,0
3/11/2009 12:50,213,0.1,0.1,33.2,69,29.3,0,398,0,0
3/11/2009 13:00,213,0.1,0.1,33,69,29.3,0,568,0,0
3/11/2009 13:10,213,0.1,0.1,33,69,29.4,0,638,0,0
3/11/2009 13:20,213,0.1,0.1,32.9,68,29.4,0,848,0.04,0.04
3/11/2009 13:30,213,0.1,0.1,32.9,66,29.4,0,988,0,0
3/11/2009 13:40,213,0.1,0.1,32.7,67,29.4,0,1118,0,0
3/11/2009 13:50,213,0.1,0.1,32.9,70,29.4,0,1148,0,0
3/11/2009 14:00,213,0.1,0.1,32.7,68,29.4,0,1208,0,0
3/11/2009 14:10,213,0.1,0.1,32.7,67,29.4,0,1238,0,0
3/11/2009 14:20,213,0.1,0.1,32.7,69,29.4,0,1268,0,0
3/11/2009 14:30,213,0.1,0.1,32.5,68,29.4,0,1338,0,0
3/11/2009 14:40,213,0.1,0.1,32.5,68,29.4,0,1368,0,0
3/11/2009 14:50,213,0.1,0.1,32.5,70,29.4,0,1428,0,0
3/11/2009 15:00,213,0.1,0.1,32.3,69,29.4,0,1458,0,0
3/11/2009 15:10,213,0.1,0.1,32.3,70,29.4,0,1498,0,0
3/11/2009 15:20,213,0.1,0.1,32.3,68,29.4,0,1518,0,0
3/11/2009 15:30,213,0.1,0.1,32.1,67,29.4,0,1558,0,0
3/11/2009 15:40,213,0.1,0.1,32.1,69,29.4,0,1578,0,0
3/11/2009 15:50,213,0.1,0.1,32.1,68,29.4,0,1578,0,0
3/11/2009 16:00,213,0.1,0.1,32.3,68,29.4,0,1588,0,0
3/11/2009 16:10,213,0.1,0.1,32.3,67,29.5,0,1598,0,0
3/11/2009 16:20,213,0.1,0.1,32.3,68,29.5,0,1628,0,0
3/11/2009 16:30,213,0.1,0.1,32.3,68,29.5,0,1648,0,0
3/11/2009 16:40,213,0.1,0.1,32.3,68,29.5,0,1658,0,0
3/11/2009 16:50,213,0.1,0.1,32.3,67,29.5,0,1668,0,0
3/11/2009 17:00,213,0.1,0.1,32.3,68,29.5,0,1668,0,0
3/11/2009 17:10,213,0.1,0.1,32.5,70,29.5,0,1678,0,0
3/11/2009 17:20,213,0.1,0.1,32.5,70,29.5,0,1688,0,0
3/11/2009 17:30,213,0.1,0.1,32.5,70,29.5,0,1698,0,0
3/11/2009 17:40,213,0.1,0.1,32.5,73,29.5,0,1698,0,0
3/11/2009 17:50,213,0.1,0.1,32.5,73,29.5,0,1698,0,0
3/11/2009 18:00,213,0.1,0.1,32.5,71,29.5,0,1698,0,0
3/11/2009 18:10,213,0.1,0.1,32.5,72,29.5,0,1698,0,0
3/11/2009 18:20,213,0.1,0.1,32.5,74,29.5,0,1698,0,0
3/11/2009 18:30,213,0.1,0.1,32.5,73,29.5,0,1698,0,0
3/11/2009 18:40,213,0.1,0.1,32.1,68,29.5,0,1708,0,0
3/11/2009 18:50,213,0.1,0.1,32,64,29.5,0,1708,0,0
3/11/2009 19:00,213,0.1,0.1,31.9,62,29.5,0,1728,0,0
3/11/2009 19:10,213,0.1,0.1,31.7,63,29.5,0,1768,0,0
3/11/2009 19:20,213,0.1,0.1,31.3,59,29.5,0,1768,0,0
3/11/2009 19:30,213,0.1,0.1,30.8,69,29.5,0,1778,0,0
3/11/2009 19:40,213,0.1,0.1,30.4,69,29.5,0,1778,0,0
3/11/2009 19:50,213,0.1,0.1,30.2,69,29.5,0,1778,0,0
3/11/2009 20:00,213,0.1,0.1,29.9,65,29.5,0,1778,0,0
3/11/2009 20:10,213,0.1,0.1,29.7,68,29.6,0,1778,0,0
3/11/2009 20:20,213,0.1,0.1,29.5,66,29.6,0,1778,0,0
3/11/2009 20:30,213,0.1,0.1,29.3,66,29.6,0,1778,0,0
3/11/2009 20:40,213,0.1,0.1,29.2,68,29.6,0,1778,0,0
3/11/2009 20:50,213,0.1,0.1,29,66,29.6,0,1778,0,0
3/11/2009 21:00,213,0.1,0.1,28.8,64,29.6,0,1778,0,0
3/11/2009 21:10,213,0.1,0.1,28.8,64,29.6,0,1778,0,0
3/11/2009 21:20,213,0.1,0.1,28.6,64,29.6,0,1778,0,0
3/11/2009 21:30,213,0.1,0.1,28.4,66,29.6,0,1778,0,0
3/11/2009 21:40,213,0.1,0.1,28.3,66,29.6,0,1778,0,0
3/11/2009 21:50,213,0.1,0.1,28.1,66,29.6,0,1778,0,0
3/11/2009 22:00,213,0.1,0.1,28.3,66,29.6,0,1778,0,0
3/11/2009 22:10,213,0.1,0.1,27.9,64,29.6,0,1778,0,0
3/11/2009 22:20,213,0.1,0.1,27.7,64,29.6,0,1778,0,0
3/11/2009 22:30,213,0.1,0.1,27.9,63,29.6,0,1778,0,0
3/11/2009 22:40,213,0.1,0.1,27.5,61,29.6,0,1778,0,0
3/11/2009 22:50,213,0.1,0.1,27.5,61,29.6,0,1778,0,0
3/11/2009 23:00,213,0.1,0.1,27.4,56,29.6,0,1778,0,0
3/11/2009 23:10,213,0.1,0.1,27.5,59,29.6,0,1778,0,0
3/11/2009 23:20,213,0.1,0.1,27.4,57,29.6,0,1778,0,0
3/11/2009 23:30,213,0.1,0.1,27.4,60,29.6,0,1778,0,0
3/11/2009 23:40,213,0.1,0.1,27,58,29.6,0,1778,0,0
3/11/2009 23:50,213,0.1,0.1,27.2,58,29.6,0,1778,0,0
3/12/2009 0:00,213,0.1,0.1,26.8,59,29.6,0,1778,0,0
3/12/2009 0:10,213,0.1,0.1,26.8,58,29.6,0,1778,0,0
3/12/2009 0:20,213,0.1,0.1,27,57,29.6,0,1778,0,0
3/12/2009 0:30,213,0.1,0.1,26.8,57,29.6,0,1778,0,0
3/12/2009 0:40,213,0.1,0.1,26.6,58,29.6,0,1778,0,0
3/12/2009 0:50,213,0.1,0.1,26.8,53,29.6,0,1778,0,0
3/12/2009 1:00,213,0.1,0.1,26.8,56,29.6,0,1778,0,0
3/12/2009 1:10,213,0.1,0.1,26.8,59,29.6,0,1778,0,0
3/12/2009 1:20,213,0.1,0.1,26.3,58,29.6,0,1778,0,0
3/12/2009 1:30,213,0.1,0.1,26.3,56,29.6,0,1778,0,0
3/12/2009 1:40,213,0.1,0.1,25.9,76,29.6,0,1778,0,0
3/12/2009 1:50,213,0.1,0.1,25.2,77,29.6,0,1778,0,0
3/12/2009 2:00,213,0.1,0.1,25,76,29.6,0,1778,0,0
3/12/2009 2:10,213,0.1,0.1,24.8,76,29.6,0,1778,0,0
3/12/2009 2:20,213,0.1,0.1,24.5,76,29.6,0,1778,0,0
3/12/2009 2:30,213,0.1,0.1,24.5,71,29.6,0,1778,0,0
3/12/2009 2:40,213,0.1,0.1,24.5,69,29.6,0,1778,0,0
3/12/2009 2:50,213,0.1,0.1,24.7,65,29.6,0,1778,0,0
3/12/2009 3:00,213,0.1,0.1,24.7,67,29.6,0,1778,0,0
3/12/2009 3:10,213,0.1,0.1,24.5,67,29.6,0,1778,0,0
3/12/2009 3:20,213,0.1,0.1,24.5,69,29.7,0,1778,0,0
3/12/2009 3:30,213,0.1,0.1,24.1,68,29.7,0,1778,0,0
3/12/2009 3:40,213,0.1,0.1,24.1,69,29.7,0,1778,0,0
3/12/2009 3:50,213,0.1,0.1,23.8,75,29.7,0,1778,0,0
3/12/2009 4:00,213,0.1,0.1,23.9,70,29.7,0,1778,0,0
3/12/2009 4:10,213,0.1,0.1,23.8,68,29.7,0,1778,0,0
3/12/2009 4:20,213,0.1,0.1,23.9,66,29.7,0,1778,0,0
3/12/2009 4:30,213,0.1,0.1,24.1,65,29.7,0,1778,0,0
3/12/2009 4:40,213,0.1,0.1,24.1,63,29.7,0,1778,0,0
3/12/2009 4:50,213,0.1,0.1,23.9,62,29.7,0,1778,0,0
3/12/2009 5:00,213,0.1,0.1,24.1,61,29.7,0,1778,0,0
3/12/2009 5:10,213,0.1,0.1,24.1,60,29.7,0,1778,0,0
3/12/2009 5:20,213,0.1,0.1,23.8,65,29.7,0,1778,0,0
3/12/2009 5:30,213,0.1,0.1,23.8,65,29.7,0,1778,0,0
3/12/2009 5:40,213,0.1,0.1,23.8,63,29.7,0,1778,0,0
3/12/2009 5:50,213,0.1,0.1,23.6,68,29.7,0,1778,0,0
3/12/2009 6:00,213,0.1,0.1,23.4,67,29.7,0,1778,0,0
3/12/2009 6:10,213,0.1,0.1,23,62,29.7,0,1778,0,0
3/12/2009 6:20,213,0.1,0.1,23.2,61,29.7,0,1778,0,0
3/12/2009 6:30,213,0.1,0.1,23.2,59,29.7,0,1778,0,0
3/12/2009 6:40,213,0.1,0.1,23.6,61,29.7,0,1778,0,0
3/12/2009 6:50,213,0.1,0.1,23.6,55,29.7,0,1778,0,0
3/12/2009 7:00,213,0.1,0.1,23.9,56,29.7,0,1778,0,0
3/12/2009 7:10,213,0.1,0.1,23.9,55,29.7,0,1778,0,0
3/12/2009 7:20,213,0.1,0.1,24.3,53,29.7,0,1778,0,0
3/12/2009 7:30,213,0.1,0.1,24.1,54,29.7,0,1778,0,0
3/12/2009 7:40,213,0.1,0.1,23.9,57,29.7,0,1778,0,0
3/12/2009 7:50,213,0.1,0.1,24.3,58,29.7,0,1778,0,0
3/12/2009 8:00,213,0.1,0.1,23.8,59,29.7,0,1778,0,0
3/12/2009 8:10,213,0.1,0.1,23.9,56,29.7,0,1778,0,0
3/12/2009 8:20,213,0.1,0.1,24.7,57,29.7,0,1778,0,0
3/12/2009 8:30,213,0.1,0.1,24.3,59,29.7,0,1778,0,0
3/12/2009 8:40,213,0.1,0.1,24.5,59,29.7,0,1778,0,0
3/12/2009 8:50,213,0.1,0.1,24.8,58,29.7,0,1778,0,0
3/12/2009 9:00,213,0.1,0.1,24.3,59,29.7,0,1778,0,0
3/12/2009 9:10,213,0.1,0.1,25,60,29.8,0,1778,0,0
3/12/2009 9:20,213,0.1,0.1,24.7,61,29.7,0,1778,0,0
3/12/2009 9:30,213,0.1,0.1,24.7,60,29.8,0,1778,0,0
3/12/2009 9:40,213,0.1,0.1,24.7,59,29.8,0,1778,0,0
3/12/2009 9:50,213,0.1,0.1,24.7,61,29.8,0,1778,0,0
3/12/2009 10:00,213,0.1,0.1,24.1,61,29.7,0,1778,0,0
3/12/2009 10:10,213,0.1,0.1,24.3,62,29.7,0,1778,0,0
3/12/2009 10:20,213,0.1,0.1,24.5,64,29.8,0,1778,0,0
3/12/2009 10:30,213,0.1,0.1,24.3,63,29.7,0,1778,0,0
3/12/2009 10:40,213,0.1,0.1,24.1,63,29.7,0,1778,0,0
3/12/2009 10:50,213,0.1,0.1,23.9,63,29.7,0,1778,0,0
3/12/2009 11:00,213,0.1,0.1,24.3,62,29.7,0,1778,0,0
3/12/2009 11:10,213,0.1,0.1,24.1,62,29.7,0,1778,0,0
3/12/2009 11:20,213,0.1,0.1,24.7,61,29.7,0,1778,0,0
3/12/2009 11:30,213,0.1,0.1,24.1,63,29.7,0,1778,0,0
3/12/2009 11:40,213,0.1,0.1,24.7,63,29.7,0,1778,0,0
3/12/2009 11:50,213,0.1,0.1,24.1,62,29.7,0,1778,0,0
3/12/2009 12:00,213,0.1,0.1,24.3,61,29.7,0,1778,0,0
3/12/2009 12:10,213,0.1,0.1,24.7,63,29.7,0,1778,0,0
3/12/2009 12:20,213,0.1,0.1,24.5,58,29.7,0,1778,0,0
3/12/2009 12:30,213,0.1,0.1,24.8,56,29.7,0,1778,0,0
3/12/2009 12:40,213,0.1,0.1,24.7,55,29.7,0,1778,0,0
3/12/2009 12:50,213,0.1,0.1,24.8,57,29.7,0,1778,0,0
3/12/2009 13:00,213,0.1,0.1,24.7,56,29.7,0,1778,0,0
3/12/2009 13:10,213,0.1,0.1,24.8,57,29.7,0,1778,0,0
3/12/2009 13:20,213,0.1,0.1,24.3,56,29.7,0,1778,0,0
3/12/2009 13:30,213,0.1,0.1,25.2,56,29.7,0,1778,0,0
3/12/2009 13:40,213,0.1,0.1,24.8,57,29.7,0,1778,0,0
3/12/2009 13:50,213,0.1,0.1,24.3,57,29.7,0,1778,0,0
3/12/2009 14:00,213,0.1,0.1,24.3,59,29.7,0,1778,0,0
3/12/2009 14:10,213,0.1,0.1,24.8,59,29.7,0,1778,0,0
3/12/2009 14:20,213,0.1,0.1,24.3,60,29.7,0,1778,0,0
3/12/2009 14:30,213,0.1,0.1,24.1,59,29.7,0,1778,0,0
3/12/2009 14:40,213,0.1,0.1,23.8,60,29.7,0,1778,0,0
3/12/2009 14:50,213,0.1,0.1,24.1,60,29.7,0,1778,0,0
3/12/2009 15:00,213,0.1,0.1,24.1,58,29.7,0,1778,0,0
3/12/2009 15:10,213,0.1,0.1,23.8,59,29.7,0,1778,0,0
3/12/2009 15:20,213,0.1,0.1,23.8,61,29.7,0,1778,0,0
3/12/2009 15:30,213,0.1,0.1,23.6,60,29.7,0,1778,0,0
3/12/2009 15:40,213,0.1,0.1,23.4,60,29.7,0,1778,0,0
3/12/2009 15:50,213,0.1,0.1,23.4,61,29.7,0,1778,0,0
3/12/2009 16:00,213,0.1,0.1,23.4,60,29.7,0,1778,0,0
3/12/2009 16:10,213,0.1,0.1,23.4,60,29.7,0,1778,0,0
3/12/2009 16:20,213,0.1,0.1,23.2,62,29.7,0,1778,0,0
3/12/2009 16:30,213,0.1,0.1,23.2,63,29.7,0,1778,0,0
3/12/2009 16:40,213,0.1,0.1,23.2,62,29.7,0,1778,0,0
3/12/2009 16:50,213,0.1,0.1,23,59,29.7,0,1778,0,0
3/12/2009 17:00,213,0.1,0.1,23,62,29.7,0,1778,0,0
3/12/2009 17:10,213,0.1,0.1,23,61,29.7,0,1778,0,0
3/12/2009 17:20,213,0.1,0.1,23,62,29.7,0,1778,0,0
3/12/2009 17:30,213,0.1,0.1,23,62,29.7,0,1778,0,0
3/12/2009 17:40,213,0.1,0.1,23,62,29.7,0,1778,0,0
3/12/2009 17:50,213,0.1,0.1,23,63,29.7,0,1778,0,0
3/12/2009 18:00,213,0.1,0.1,23,63,29.7,0,1778,0,0
3/12/2009 18:10,213,0.1,0.1,23,62,29.7,0,1778,0,0
3/12/2009 18:20,213,0.1,0.1,23,61,29.7,0,1778,0,0
3/12/2009 18:30,213,0.1,0.1,23,62,29.7,0,1778,0,0
3/12/2009 18:40,213,0.1,0.1,23,61,29.7,0,1778,0,0
3/12/2009 18:50,213,0.1,0.1,23,62,29.7,0,1778,0,0
3/12/2009 19:00,213,0.1,0.1,23,62,29.7,0,1778,0,0
3/12/2009 19:10,213,0.1,0.1,23,62,29.7,0,1778,0,0
3/12/2009 19:20,213,0.1,0.1,23,64,29.7,0,1778,0,0
3/12/2009 19:30,213,0.1,0.1,23,63,29.7,0,1778,0,0
3/12/2009 19:40,213,0.1,0.1,23,62,29.7,0,1778,0,0
3/12/2009 19:50,213,0.1,0.1,23,64,29.7,0,1778,0,0
3/12/2009 20:00,213,0.1,0.1,23,64,29.7,0,1778,0,0
3/12/2009 20:10,213,0.1,0.1,23,65,29.7,0,1778,0,0
3/12/2009 20:20,213,0.1,0.1,23,65,29.7,0,1778,0,0
3/12/2009 20:30,213,0.1,0.1,23,66,29.7,0,1778,0,0
3/12/2009 20:40,213,0.1,0.1,22.9,65,29.7,0,1778,0,0
3/12/2009 20:50,213,0.1,0.1,22.9,65,29.7,0,1778,0,0
3/12/2009 21:00,213,0.1,0.1,22.7,65,29.7,0,1778,0,0
3/12/2009 21:10,213,0.1,0.1,22.7,65,29.7,0,1778,0,0
3/12/2009 21:20,213,0.1,0.1,22.5,64,29.7,0,1778,0,0
3/12/2009 21:30,213,0.1,0.1,22.5,65,29.7,0,1778,0,0
3/12/2009 21:40,213,0.1,0.1,22.3,65,29.7,0,1778,0,0
3/12/2009 21:50,213,0.1,0.1,22.1,64,29.7,0,1778,0,0
3/12/2009 22:00,213,0.1,0.1,22.1,64,29.7,0,1778,0,0
3/12/2009 22:10,213,0.1,0.1,22,63,29.7,0,1778,0,0
3/12/2009 22:20,213,0.1,0.1,22,64,29.7,0,1778,0,0
3/12/2009 22:30,213,0.1,0.1,22.1,64,29.7,0,1778,0,0
3/12/2009 22:40,213,0.1,0.1,22,65,29.7,0,1778,0,0
3/12/2009 22:50,213,0.1,0.1,22,65,29.7,0,1778,0,0
3/12/2009 23:00,213,0.1,0.1,22,64,29.7,0,1778,0,0
3/12/2009 23:10,213,0.1,0.1,21.8,65,29.7,0,1778,0,0
3/12/2009 23:20,213,0.1,0.1,21.8,66,29.7,0,1778,0,0
3/12/2009 23:30,213,0.1,0.1,21.4,63,29.7,0,1778,0,0
3/12/2009 23:40,213,0.1,0.1,21.4,61,29.7,0,1778,0,0
3/12/2009 23:50,213,0.1,0.1,21.2,62,29.7,0,1778,0,0
3/13/2009 0:00,213,0.1,0.1,21.2,61,29.7,0,1778,0,0
3/13/2009 0:10,213,0.1,0.1,21.2,62,29.7,0,1778,0,0
3/13/2009 0:20,213,0.1,0.1,21.2,62,29.7,0,1778,0,0
3/13/2009 0:30,213,0.1,0.1,21.2,60,29.7,0,1778,0,0
3/13/2009 0:40,213,0.1,0.1,21.1,61,29.7,0,1778,0,0
3/13/2009 0:50,213,0.1,0.1,21.2,62,29.7,0,1778,0,0
3/13/2009 1:00,213,0.1,0.1,21.2,61,29.7,0,1778,0,0
3/13/2009 1:10,213,0.1,0.1,21.2,62,29.7,0,1778,0,0
3/13/2009 1:20,213,0.1,0.1,21.2,63,29.7,0,1778,0,0
3/13/2009 1:30,213,0.1,0.1,21.1,64,29.6,0,1778,0,0
3/13/2009 1:40,213,0.1,0.1,21.1,64,29.6,0,1778,0,0
3/13/2009 1:50,213,0.1,0.1,21.2,64,29.6,0,1778,0,0
3/13/2009 2:00,213,0.1,0.1,21.1,64,29.6,0,1778,0,0
3/13/2009 2:10,213,0.1,0.1,21.2,63,29.6,0,1778,0,0
3/13/2009 2:20,213,0.1,0.1,21.6,67,29.6,0,1778,0,0
3/13/2009 2:30,213,0.1,0.1,21.6,71,29.6,0,1778,0,0
3/13/2009 2:40,213,0.1,0.1,21.1,71,29.6,0,1778,0,0
3/13/2009 2:50,213,0.1,0.1,20.9,71,29.7,0,1778,0,0
3/13/2009 3:00,213,0.1,0.1,20.5,70,29.7,0,1778,0,0
3/13/2009 3:10,213,0.1,0.1,20.5,70,29.7,0,1778,0,0
3/13/2009 3:20,213,0.1,0.1,20.3,70,29.7,0,1778,0,0
3/13/2009 3:30,213,0.1,0.1,20.2,70,29.7,0,1778,0,0
3/13/2009 3:40,213,0.1,0.1,20.2,71,29.7,0,1778,0,0
3/13/2009 3:50,213,0.1,0.1,19.8,73,29.7,0,1778,0,0
3/13/2009 4:00,213,0.1,0.1,19.8,74,29.7,0,1778,0,0
3/13/2009 4:10,213,0.1,0.1,19.8,73,29.7,0,1778,0,0
3/13/2009 4:20,213,0.1,0.1,19.6,72,29.7,0,1778,0,0
3/13/2009 4:30,213,0.1,0.1,19.8,72,29.7,0,1778,0,0
3/13/2009 4:40,213,0.1,0.1,20,70,29.7,0,1778,0,0
3/13/2009 4:50,213,0.1,0.1,20,70,29.7,0,1778,0,0
3/13/2009 5:00,213,0.1,0.1,20.2,70,29.7,0,1778,0,0
3/13/2009 5:10,213,0.1,0.1,20.3,69,29.7,0,1778,0,0
3/13/2009 5:20,213,0.1,0.1,21.1,66,29.7,0,1778,0,0
3/13/2009 5:30,213,0.1,0.1,22.3,65,29.7,0,1778,0,0
3/13/2009 5:40,213,0.1,0.1,22,64,29.7,0,1778,0,0
3/13/2009 5:50,213,0.1,0.1,22.7,62,29.6,0,1778,0,0
3/13/2009 6:00,213,0.1,0.1,23,60,29.6,0,1778,0,0
3/13/2009 6:10,213,0.1,0.1,23,58,29.6,0,1778,0,0
3/13/2009 6:20,213,0.1,0.1,23.8,57,29.6,0,1778,0,0
3/13/2009 6:30,213,0.1,0.1,24.1,55,29.6,0,1778,0,0
3/13/2009 6:40,213,0.1,0.1,25.2,54,29.6,0,1778,0,0
3/13/2009 6:50,213,0.1,0.1,24.7,50,29.6,0,1778,0,0
3/13/2009 7:00,213,0.1,0.1,25,49,29.6,0,1778,0,0
3/13/2009 7:10,213,0.1,0.1,24.3,50,29.6,0,1778,0,0
3/13/2009 7:20,213,0.1,0.1,25.4,51,29.6,0,1778,0,0
3/13/2009 7:30,213,0.1,0.1,26.8,45,29.6,0,1778,0,0
3/13/2009 7:40,213,0.1,0.1,27.2,45,29.6,0,1778,0,0
3/13/2009 7:50,213,0.1,0.1,26.3,43,29.6,0,1778,0,0
3/13/2009 8:00,213,0.1,0.1,27.2,43,29.6,0,1778,0,0
3/13/2009 8:10,213,0.1,0.1,27.9,42,29.6,0,1778,0,0
3/13/2009 8:20,213,0.1,0.1,25.2,59,29.6,0,1778,0,0
3/13/2009 8:30,213,0.1,0.1,24.5,63,29.6,0,1778,0,0
3/13/2009 8:40,213,0.1,0.1,24.1,63,29.6,0,1778,0,0
3/13/2009 8:50,213,0.1,0.1,24.3,65,29.6,0,1778,0,0
3/13/2009 9:00,213,0.1,0.1,24.1,64,29.6,0,1778,0,0
3/13/2009 9:10,213,0.1,0.1,24.1,63,29.6,0,1778,0,0
3/13/2009 9:20,213,0.1,0.1,24.5,64,29.6,0,1778,0,0
3/13/2009 9:30,213,0.1,0.1,24.5,62,29.6,0,1778,0,0
3/13/2009 9:40,213,0.1,0.1,24.7,64,29.6,0,1778,0,0
3/13/2009 9:50,213,0.1,0.1,25.9,62,29.6,0,1778,0,0
3/13/2009 10:00,213,0.1,0.1,26.5,60,29.6,0,1778,0,0
3/13/2009 10:10,213,0.1,0.1,25.7,64,29.6,0,1778,0,0
3/13/2009 10:20,213,0.1,0.1,25.7,64,29.6,0,1778,0,0
3/13/2009 10:30,213,0.1,0.1,25,66,29.6,0,1778,0,0
3/13/2009 10:40,213,0.1,0.1,25.4,67,29.6,0,1778,0,0
3/13/2009 10:50,213,0.1,0.1,25.4,67,29.6,0,1778,0,0
3/13/2009 11:00,213,0.1,0.1,25,65,29.6,0,1778,0,0
3/13/2009 11:10,213,0.1,0.1,25.7,67,29.6,0,1778,0,0
3/13/2009 11:20,213,0.1,0.1,26.1,67,29.6,0,1778,0,0
3/13/2009 11:30,213,0.1,0.1,26.1,66,29.5,0,1778,0,0
3/13/2009 11:40,213,0.1,0.1,26.6,65,29.5,0,1778,0,0
3/13/2009 11:50,213,0.1,0.1,26.5,65,29.5,0,1778,0,0
3/13/2009 12:00,213,0.1,0.1,25.9,63,29.5,0,1778,0,0
3/13/2009 12:10,213,0.1,0.1,26.3,64,29.5,0,1778,0,0
3/13/2009 12:20,213,0.1,0.1,26.1,65,29.5,0,1778,0,0
3/13/2009 12:30,213,0.1,0.1,25.9,64,29.5,0,1778,0,0
3/13/2009 12:40,213,0.1,0.1,26.5,65,29.5,0,1778,0,0
3/13/2009 12:50,213,0.1,0.1,26.5,64,29.5,0,1778,0,0
3/13/2009 13:00,213,0.1,0.1,27.4,63,29.5,0,1778,0,0
3/13/2009 13:10,213,0.1,0.1,27.2,62,29.5,0,1778,0,0
3/13/2009 13:20,213,0.1,0.1,26.8,63,29.5,0,1778,0,0
3/13/2009 13:30,213,0.1,0.1,27,64,29.5,0,1778,0,0
3/13/2009 13:40,213,0.1,0.1,27,62,29.5,0,1778,0,0
3/13/2009 13:50,213,0.1,0.1,27.4,63,29.5,0,1778,0,0
3/13/2009 14:00,213,0.1,0.1,27.4,63,29.5,0,1778,0,0
3/13/2009 14:10,213,0.1,0.1,27.4,64,29.5,0,1778,0,0
3/13/2009 14:20,213,0.1,0.1,27.7,63,29.5,0,1778,0,0
3/13/2009 14:30,213,0.1,0.1,27,65,29.5,0,1778,0,0
3/13/2009 14:40,213,0.1,0.1,26.8,66,29.5,0,1778,0,0
3/13/2009 14:50,213,0.1,0.1,26.6,67,29.5,0,1778,0,0
3/13/2009 15:00,213,0.1,0.1,26.5,67,29.5,0,1778,0,0
3/13/2009 15:10,213,0.1,0.1,26.5,68,29.5,0,1778,0,0
3/13/2009 15:20,213,0.1,0.1,26.6,68,29.5,0,1778,0,0
3/13/2009 15:30,213,0.1,0.1,26.5,70,29.5,0,1778,0,0
3/13/2009 15:40,213,0.1,0.1,26.5,70,29.5,0,1778,0,0
3/13/2009 15:50,213,0.1,0.1,26.3,70,29.5,0,1778,0,0
3/13/2009 16:00,213,0.1,0.1,26.3,70,29.5,0,1778,0,0
3/13/2009 16:10,213,0.1,0.1,26.1,71,29.5,0,1778,0,0
3/13/2009 16:20,213,0.1,0.1,26.1,71,29.5,0,1778,0,0
3/13/2009 16:30,213,0.1,0.1,26.1,71,29.5,0,1778,0,0
3/13/2009 16:40,213,0.1,0.1,26.1,71,29.5,0,1778,0,0
3/13/2009 16:50,213,0.1,0.1,25.9,71,29.5,0,1778,0,0
3/13/2009 17:00,213,0.1,0.1,26.1,71,29.5,0,1778,0,0
3/13/2009 17:10,213,0.1,0.1,26.3,70,29.5,0,1778,0,0
3/13/2009 17:20,213,0.1,0.1,26.3,70,29.5,0,1778,0,0
3/13/2009 17:30,213,0.1,0.1,26.6,69,29.5,0,1778,0,0
3/13/2009 17:40,213,0.1,0.1,26.6,70,29.5,0,1778,0,0
3/13/2009 17:50,213,0.1,0.1,26.6,70,29.5,0,1778,0,0
3/13/2009 18:00,213,0.1,0.1,26.8,69,29.5,0,1778,0,0
3/13/2009 18:10,213,0.1,0.1,27,69,29.5,0,1778,0,0
3/13/2009 18:20,213,0.1,0.1,27.9,69,29.5,0,1778,0,0
3/13/2009 18:30,213,0.1,0.1,27,69,29.5,0,1778,0,0
3/13/2009 18:40,213,0.1,0.1,26.8,70,29.5,0,1778,0,0
3/13/2009 18:50,213,0.1,0.1,27,70,29.5,0,1778,0,0
3/13/2009 19:00,213,0.1,0.1,26.8,70,29.5,0,1778,0,0
3/13/2009 19:10,213,0.1,0.1,28.4,68,29.5,0,1778,0,0
3/13/2009 19:20,213,0.1,0.1,28.4,68,29.5,0,1778,0,0
3/13/2009 19:30,213,0.1,0.1,28.4,65,29.5,0,1778,0,0
3/13/2009 19:40,213,0.1,0.1,28.6,62,29.5,0,1778,0,0
3/13/2009 19:50,213,0.1,0.1,28.4,63,29.5,0,1778,0,0
3/13/2009 20:00,213,0.1,0.1,27.2,65,29.5,0,1778,0,0
3/13/2009 20:10,213,0.1,0.1,26.3,68,29.5,0,1778,0,0
3/13/2009 20:20,213,0.1,0.1,27,71,29.5,0,1778,0,0
3/13/2009 20:30,213,0.1,0.1,28.3,65,29.5,0,1778,0,0
3/13/2009 20:40,213,0.1,0.1,27.5,66,29.5,0,1778,0,0
3/13/2009 20:50,213,0.1,0.1,27.5,67,29.5,0,1778,0,0
3/13/2009 21:00,213,0.1,0.1,27.4,68,29.5,0,1778,0,0
3/13/2009 21:10,213,0.1,0.1,27,68,29.5,0,1778,0,0
3/13/2009 21:20,213,0.1,0.1,26.6,69,29.5,0,1778,0,0
3/13/2009 21:30,213,0.1,0.1,26.8,68,29.5,0,1778,0,0
3/13/2009 21:40,213,0.1,0.1,27.2,66,29.5,0,1778,0,0
3/13/2009 21:50,213,0.1,0.1,27,64,29.4,0,1778,0,0
3/13/2009 22:00,213,0.1,0.1,27.5,61,29.4,0,1778,0,0
3/13/2009 22:10,213,0.1,0.1,27.4,63,29.4,0,1778,0,0
3/13/2009 22:20,213,0.1,0.1,26.8,66,29.4,0,1778,0,0
3/13/2009 22:30,213,0.1,0.1,26.8,67,29.4,0,1778,0,0
3/13/2009 22:40,213,0.1,0.1,26.3,69,29.4,0,1778,0,0
3/13/2009 22:50,213,0.1,0.1,26.3,69,29.4,0,1778,0,0
3/13/2009 23:00,213,0.1,0.1,26.6,67,29.4,0,1778,0,0
3/13/2009 23:10,213,0.1,0.1,26.8,66,29.4,0,1778,0,0
3/13/2009 23:20,213,0.1,0.1,27,64,29.4,0,1778,0,0
3/13/2009 23:30,213,0.1,0.1,27,62,29.4,0,1778,0,0
3/13/2009 23:40,213,0.1,0.1,27.4,60,29.4,0,1778,0,0
3/13/2009 23:50,213,0.1,0.1,27.7,57,29.4,0,1778,0,0
3/14/2009 0:00,213,0.1,0.1,28.1,56,29.4,0,1778,0,0
3/14/2009 0:10,213,0.1,0.1,28.1,56,29.4,0,1778,0,0
3/14/2009 0:20,213,0.1,0.1,27.9,56,29.4,0,1778,0,0
3/14/2009 0:30,213,0.1,0.1,27.7,57,29.4,0,1778,0,0
3/14/2009 0:40,213,0.1,0.1,27.7,57,29.4,0,1778,0,0
3/14/2009 0:50,213,0.1,0.1,27.9,57,29.4,0,1778,0,0
3/14/2009 1:00,213,0.1,0.1,28.1,55,29.4,0,1778,0,0
3/14/2009 1:10,213,0.1,0.1,28.3,54,29.4,0,1778,0,0
3/14/2009 1:20,213,0.1,0.1,28.6,52,29.4,0,1778,0,0
3/14/2009 1:30,213,0.1,0.1,29,50,29.4,0,1778,0,0
3/14/2009 1:40,213,0.1,0.1,28.8,51,29.4,0,1778,0,0
3/14/2009 1:50,213,0.1,0.1,28.3,52,29.4,0,1778,0,0
3/14/2009 2:00,213,0.1,0.1,28.4,52,29.4,0,1778,0,0
3/14/2009 2:10,213,0.1,0.1,28.4,53,29.4,0,1778,0,0
3/14/2009 2:20,213,0.1,0.1,28.3,55,29.4,0,1778,0,0
3/14/2009 2:30,213,0.1,0.1,27.7,56,29.4,0,1778,0,0
3/14/2009 2:40,213,0.1,0.1,27.9,55,29.4,0,1778,0,0
3/14/2009 2:50,213,0.1,0.1,28.6,53,29.4,0,1778,0,0
3/14/2009 3:00,213,0.1,0.1,28.6,53,29.4,0,1778,0,0
3/14/2009 3:10,213,0.1,0.1,28.8,53,29.4,0,1778,0,0
3/14/2009 3:20,213,0.1,0.1,27.9,55,29.4,0,1778,0,0
3/14/2009 3:30,213,0.1,0.1,28.4,53,29.4,0,1778,0,0
3/14/2009 3:40,213,0.1,0.1,28.3,54,29.4,0,1778,0,0
3/14/2009 3:50,213,0.1,0.1,28.4,53,29.4,0,1778,0,0
3/14/2009 4:00,213,0.1,0.1,28.8,51,29.4,0,1778,0,0
3/14/2009 4:10,213,0.1,0.1,29,50,29.4,0,1778,0,0
3/14/2009 4:20,213,0.1,0.1,28.1,53,29.4,0,1828,0,0
3/14/2009 4:30,213,0.1,0.1,28.1,50,29.4,0,1828,0,0
3/14/2009 4:40,213,0.1,0.1,29,48,29.4,0,1828,0,0
3/14/2009 4:50,213,0.1,0.1,28.6,51,29.4,0,1828,0,0
3/14/2009 5:00,213,0.1,0.1,28.4,49,29.4,0,1828,0,0
3/14/2009 5:10,213,0.1,0.1,28.8,48,29.4,0,1828,0,0
3/14/2009 5:20,213,0.1,0.1,28.6,49,29.4,0,1828,0,0
3/14/2009 5:30,213,0.1,0.1,28.6,48,29.4,0,1828,0,0
3/14/2009 5:40,213,0.1,0.1,29.2,46,29.4,0,1828,0,0
3/14/2009 5:50,213,0.1,0.1,29.3,46,29.4,0,1828,0,0
3/14/2009 6:00,213,0.1,0.1,29.3,48,29.4,0,1828,0,0
3/14/2009 6:10,213,0.1,0.1,29.5,49,29.4,0,1828,0,0
3/14/2009 6:20,213,0.1,0.1,29.9,50,29.4,0,1828,0,0
3/14/2009 6:30,213,0.1,0.1,30.4,49,29.4,0,1828,0,0
3/14/2009 6:40,213,0.1,0.1,31,48,29.4,0,1828,0,0
3/14/2009 6:50,213,0.1,0.1,31.5,47,29.4,0,1828,0,0
3/14/2009 7:00,213,0.1,0.1,31.7,46,29.4,0,1828,0,0
3/14/2009 7:10,213,0.1,0.1,32,45,29.5,0,1828,0,0
3/14/2009 7:20,213,0.1,0.1,32.9,41,29.5,0,1828,0,0
3/14/2009 7:30,213,0.1,0.1,32.9,41,29.5,0,1828,0,0
3/14/2009 7:40,213,0.1,0.1,33.4,40,29.5,0,1828,0,0
3/14/2009 7:50,213,0.1,0.1,34.1,38,29.5,0,1828,0,0
3/14/2009 8:00,213,0.1,0.1,35,38,29.5,0,1828,0,0
3/14/2009 8:10,213,0.1,0.1,36.8,39,29.5,0,1828,0,0
3/14/2009 8:20,213,0.1,0.1,37.2,41,29.5,0,1828,0,0
3/14/2009 8:30,213,0.1,0.1,35.7,41,29.5,0,1828,0,0
3/14/2009 8:40,213,0.1,0.1,35,43,29.4,0,1828,0,0
3/14/2009 8:50,213,0.1,0.1,35,42,29.4,0,1828,0,0
3/14/2009 9:00,213,0.1,0.1,35,43,29.4,0,1828,0,0
3/14/2009 9:10,213,0.1,0.1,34.7,47,29.4,0,1828,0,0
3/14/2009 9:20,213,0.1,0.1,35,46,29.4,0,1828,0,0
3/14/2009 9:30,213,0.1,0.1,35.4,48,29.4,0,1828,0,0
3/14/2009 9:40,213,0.1,0.1,35.2,46,29.4,0,1828,0,0
3/14/2009 9:50,213,0.1,0.1,35.6,47,29.4,0,1828,0,0
3/14/2009 10:00,213,0.1,0.1,35.6,47,29.4,0,1828,0,0
3/14/2009 10:10,213,0.1,0.1,34.8,49,29.4,0,1828,0,0
3/14/2009 10:20,213,0.1,0.1,34.7,50,29.4,0,1828,0,0
3/14/2009 10:30,213,0.1,0.1,34.8,51,29.4,0,1828,0,0
3/14/2009 10:40,213,0.1,0.1,34.5,50,29.4,0,1828,0,0
3/14/2009 10:50,213,0.1,0.1,34.3,50,29.4,0,1828,0,0
3/14/2009 11:00,213,0.1,0.1,35,52,29.4,0,1828,0,0
3/14/2009 11:10,213,0.1,0.1,34.1,54,29.4,0,1828,0,0
3/14/2009 11:20,213,0.1,0.1,34.5,53,29.4,0,1828,0,0
3/14/2009 11:30,213,0.1,0.1,34.7,53,29.4,0,1828,0,0
3/14/2009 11:40,213,0.1,0.1,34.5,52,29.4,0,1828,0,0
3/14/2009 11:50,213,0.1,0.1,34.8,51,29.4,0,1828,0,0
3/14/2009 12:00,213,0.1,0.1,34.8,52,29.4,0,1828,0,0
3/14/2009 12:10,213,0.1,0.1,35.6,50,29.4,0,1828,0,0
3/14/2009 12:20,213,0.1,0.1,35.2,51,29.4,0,1828,0,0
3/14/2009 12:30,213,0.1,0.1,35.2,51,29.4,0,1828,0,0
3/14/2009 12:40,213,0.1,0.1,35.2,52,29.4,0,1828,0,0
3/14/2009 12:50,213,0.1,0.1,35.6,52,29.4,0,1828,0,0
3/14/2009 13:00,213,0.1,0.1,35.6,55,29.4,0,1828,0,0
3/14/2009 13:10,213,0.1,0.1,35.9,54,29.4,0,1828,0,0
3/14/2009 13:20,213,0.1,0.1,35.9,53,29.4,0,1828,0,0
3/14/2009 13:30,213,0.1,0.1,36.8,50,29.4,0,1828,0,0
3/14/2009 13:40,213,0.1,0.1,37,50,29.4,0,1828,0,0
3/14/2009 13:50,213,0.1,0.1,36.8,53,29.4,0,1828,0,0
3/14/2009 14:00,213,0.1,0.1,36.5,52,29.3,0,1828,0,0
3/14/2009 14:10,213,0.1,0.1,35.9,56,29.4,0,1828,0,0
3/14/2009 14:20,213,0.1,0.1,36.3,52,29.3,0,1828,0,0
3/14/2009 14:30,213,0.1,0.1,36.6,53,29.3,0,1828,0,0
3/14/2009 14:40,213,0.1,0.1,36.5,53,29.3,0,1828,0,0
3/14/2009 14:50,213,0.1,0.1,36.3,48,29.3,0,1828,0,0
3/14/2009 15:00,213,0.1,0.1,35.7,51,29.3,0,1828,0,0
3/14/2009 15:10,213,0.1,0.1,35.2,56,29.3,0,1828,0,0
3/14/2009 15:20,213,0.1,0.1,34.8,53,29.3,0,1828,0,0
3/14/2009 15:30,213,0.1,0.1,34.8,54,29.3,0,1828,0,0
3/14/2009 15:40,213,0.1,0.1,34.7,54,29.3,0,1828,0,0
3/14/2009 15:50,213,0.1,0.1,34.1,58,29.3,0,1828,0,0
3/14/2009 16:00,213,0.1,0.1,33.9,62,29.3,0,1828,0,0
3/14/2009 16:10,213,0.1,0.1,33.6,63,29.3,0,1828,0,0
3/14/2009 16:20,213,0.1,0.1,33.6,64,29.3,0,1828,0,0
3/14/2009 16:30,213,0.1,0.1,33.6,67,29.3,0,1828,0,0
3/14/2009 16:40,213,0.1,0.1,33.4,68,29.3,0,1828,0,0
3/14/2009 16:50,213,0.1,0.1,33.8,64,29.3,0,1828,0,0
3/14/2009 17:00,213,0.1,0.1,33,69,29.3,0,1828,0,0
3/14/2009 17:10,213,0.1,0.1,33,72,29.3,0,1828,0,0
3/14/2009 17:20,213,0.1,0.1,33,67,29.3,0,1828,0,0
3/14/2009 17:30,213,0.1,0.1,33,70,29.3,0,1828,0,0
3/14/2009 17:40,213,0.1,0.1,33,66,29.3,0,1828,0,0
3/14/2009 17:50,213,0.1,0.1,33.4,61,29.3,0,1828,0,0
3/14/2009 18:00,213,0.1,0.1,33.4,60,29.3,0,1828,0,0
3/14/2009 18:10,213,0.1,0.1,33.6,61,29.3,0,1828,0,0
3/14/2009 18:20,213,0.1,0.1,34.3,62,29.3,0,1828,0,0
3/14/2009 18:30,213,0.1,0.1,34.3,63,29.3,0,1828,0,0
3/14/2009 18:40,213,0.1,0.1,34.3,62,29.3,0,1828,0,0
3/14/2009 18:50,213,0.1,0.1,34.1,62,29.3,0,1828,0,0
3/14/2009 19:00,213,0.1,0.1,35.2,59,29.3,0,1828,0,0
3/14/2009 19:10,213,0.1,0.1,36.8,54,29.3,0,1828,0,0
3/14/2009 19:20,213,0.1,0.1,37.5,51,29.3,0,1828,0,0
3/14/2009 19:30,213,0.1,0.1,37.7,50,29.3,0,1828,0,0
3/14/2009 19:40,213,0.1,0.1,38.4,45,29.3,0,1828,0,0
3/14/2009 19:50,213,0.1,0.1,38.8,43,29.3,0,1828,0,0
3/14/2009 20:00,213,0.1,0.1,39,41,29.3,0,1828,0,0
3/14/2009 20:10,213,0.1,0.1,38.6,41,29.3,0,1828,0,0
3/14/2009 20:20,213,0.1,0.1,39.2,39,29.3,0,1828,0,0
3/14/2009 20:30,213,0.1,0.1,39.5,37,29.3,0,1828,0,0
3/14/2009 20:40,213,0.1,0.1,39.9,36,29.3,0,1828,0,0
3/14/2009 20:50,213,0.1,0.1,40.4,34,29.3,0,1828,0,0
3/14/2009 21:00,213,0.1,0.1,40.6,33,29.3,0,1828,0,0
3/14/2009 21:10,213,0.1,0.1,41,32,29.3,0,1828,0,0
3/14/2009 21:20,213,0.1,0.1,41,31,29.3,0,1828,0,0
3/14/2009 21:30,213,0.1,0.1,39.3,36,29.3,0,1828,0,0
3/14/2009 21:40,213,0.1,0.1,40.6,32,29.3,0,1828,0,0
3/14/2009 21:50,213,0.1,0.1,40.6,31,29.3,0,1828,0,0
3/14/2009 22:00,213,0.1,0.1,39.9,33,29.3,0,1828,0,0
3/14/2009 22:10,213,0.1,0.1,39.7,33,29.3,0,1828,0,0
3/14/2009 22:20,213,0.1,0.1,39.2,36,29.3,0,1828,0,0
3/14/2009 22:30,213,0.1,0.1,37.9,38,29.3,0,1828,0,0
3/14/2009 22:40,213,0.1,0.1,38.4,35,29.3,0,1828,0,0
3/14/2009 22:50,213,0.1,0.1,39.5,33,29.3,0,1828,0,0
3/14/2009 23:00,213,0.1,0.1,37.4,40,29.3,0,1828,0,0
3/14/2009 23:10,213,0.1,0.1,37.5,38,29.3,0,1828,0,0
3/14/2009 23:20,213,0.1,0.1,37.5,37,29.3,0,1828,0,0
3/14/2009 23:30,213,0.1,0.1,38.1,36,29.3,0,1828,0,0
3/14/2009 23:40,213,0.1,0.1,38.3,35,29.3,0,1828,0,0
3/14/2009 23:50,213,0.1,0.1,38.3,35,29.3,0,1828,0,0
3/15/2009 0:00,213,0.1,0.1,38.4,34,29.3,0,1828,0,0
3/15/2009 0:10,213,0.1,0.1,38.4,34,29.3,0,1828,0,0
3/15/2009 0:20,213,0.1,0.1,38.3,34,29.3,0,1828,0,0
3/15/2009 0:30,213,0.1,0.1,37.2,37,29.3,0,1828,0,0
3/15/2009 0:40,213,0.1,0.1,37.2,37,29.3,0,1828,0,0
3/15/2009 0:50,213,0.1,0.1,37.4,36,29.3,0,1828,0,0
3/15/2009 1:00,213,0.1,0.1,36.8,38,29.3,0,1828,0,0
3/15/2009 1:10,213,0.1,0.1,36.5,38,29.3,0,1828,0,0
3/15/2009 1:20,213,0.1,0.1,36.5,38,29.3,0,1828,0,0
3/15/2009 1:30,213,0.1,0.1,35.9,39,29.3,0,1828,0,0
3/15/2009 1:40,213,0.1,0.1,36.1,39,29.3,0,1828,0,0
3/15/2009 1:50,213,0.1,0.1,36.5,38,29.3,0,1828,0,0
3/15/2009 2:00,213,0.1,0.1,36.6,38,29.3,0,1828,0,0
3/15/2009 2:10,213,0.1,0.1,36.8,37,29.3,0,1828,0,0
3/15/2009 2:20,213,0.1,0.1,37.2,37,29.3,0,1828,0,0
3/15/2009 2:30,213,0.1,0.1,37,37,29.3,0,1828,0,0
3/15/2009 2:40,213,0.1,0.1,37.2,36,29.3,0,1828,0,0
3/15/2009 2:50,213,0.1,0.1,37.5,36,29.3,0,1828,0,0
3/15/2009 3:00,213,0.1,0.1,37.5,36,29.3,0,1828,0,0
3/15/2009 3:10,213,0.1,0.1,38.3,34,29.3,0,1828,0,0
3/15/2009 3:20,213,0.1,0.1,38.1,34,29.3,0,1828,0,0
3/15/2009 3:30,213,0.1,0.1,38.3,34,29.3,0,1828,0,0
3/15/2009 3:40,213,0.1,0.1,37.9,35,29.3,0,1828,0,0
3/15/2009 3:50,213,0.1,0.1,37.7,35,29.3,0,1828,0,0
3/15/2009 4:00,213,0.1,0.1,37.7,35,29.3,0,1828,0,0
3/15/2009 4:10,213,0.1,0.1,37.7,35,29.3,0,1838,0,0
3/15/2009 4:20,213,0.1,0.1,37.5,35,29.3,0,1838,0,0
3/15/2009 4:30,213,0.1,0.1,37,36,29.3,0,1838,0,0
3/15/2009 4:40,213,0.1,0.1,37,36,29.3,0,1838,0,0
3/15/2009 4:50,213,0.1,0.1,37.4,36,29.3,0,1838,0,0
3/15/2009 5:00,213,0.1,0.1,37.5,35,29.3,0,1838,0,0
3/15/2009 5:10,213,0.1,0.1,38.1,34,29.3,0,1838,0,0
3/15/2009 5:20,213,0.1,0.1,38.3,34,29.3,0,1838,0,0
3/15/2009 5:30,213,0.1,0.1,39,33,29.3,0,1838,0,0
3/15/2009 5:40,213,0.1,0.1,39.7,33,29.3,0,1838,0,0
3/15/2009 5:50,213,0.1,0.1,40.4,32,29.3,0,1838,0,0
3/15/2009 6:00,213,0.1,0.1,41.7,32,29.3,0,1838,0,0
3/15/2009 6:10,213,0.1,0.1,42.4,31,29.3,0,1838,0,0
3/15/2009 6:20,213,0.1,0.1,35.9,49,29.3,0,1838,0,0
3/15/2009 6:30,213,0.1,0.1,36.6,53,29.3,0,1838,0,0
3/15/2009 6:40,213,0.1,0.1,38.6,47,29.3,0,1838,0,0
3/15/2009 6:50,213,0.1,0.1,39.3,40,29.3,0,1838,0,0
3/15/2009 7:00,213,0.1,0.1,39.7,36,29.3,0,1838,0,0
3/15/2009 7:10,213,0.1,0.1,39.5,36,29.3,0,1838,0,0
3/15/2009 7:20,213,0.1,0.1,38.6,45,29.3,0,1838,0,0
3/15/2009 7:30,213,0.1,0.1,40.1,43,29.3,0,1838,0,0
3/15/2009 7:40,213,0.1,0.1,39.2,49,29.3,0,1838,0,0
3/15/2009 7:50,213,0.1,0.1,38.6,48,29.3,0,1838,0,0
3/15/2009 8:00,213,0.1,0.1,38.3,53,29.3,0,1838,0,0
3/15/2009 8:10,213,0.1,0.1,39.3,51,29.4,0,1838,0,0
3/15/2009 8:20,213,0.1,0.1,39,59,29.4,0,1838,0,0
3/15/2009 8:30,213,0.1,0.1,39.2,57,29.4,0,1838,0,0
3/15/2009 8:40,213,0.1,0.1,39.2,58,29.4,0,1838,0,0
3/15/2009 8:50,213,0.1,0.1,39.3,55,29.4,0,1838,0,0
3/15/2009 9:00,213,0.1,0.1,40.8,54,29.4,0,1838,0,0
3/15/2009 9:10,213,0.1,0.1,40.6,51,29.4,0,1838,0,0
3/15/2009 9:20,213,0.1,0.1,40.4,47,29.4,0,1838,0,0
3/15/2009 9:30,213,0.1,0.1,41.3,42,29.3,0,1838,0,0
3/15/2009 9:40,213,0.1,0.1,41.1,43,29.3,0,1838,0,0
3/15/2009 9:50,213,0.1,0.1,41.9,41,29.4,0,1838,0,0
3/15/2009 10:00,213,0.1,0.1,41.5,41,29.3,0,1838,0,0
3/15/2009 10:10,213,0.1,0.1,41,43,29.3,0,1838,0,0
3/15/2009 10:20,213,0.1,0.1,41.1,43,29.3,0,1838,0,0
3/15/2009 10:30,213,0.1,0.1,41.7,43,29.3,0,1838,0,0
3/15/2009 10:40,213,0.1,0.1,42.2,39,29.3,0,1838,0,0
3/15/2009 10:50,213,0.1,0.1,42.2,39,29.3,0,1838,0,0
3/15/2009 11:00,213,0.1,0.1,42.6,39,29.3,0,1838,0,0
3/15/2009 11:10,213,0.1,0.1,42.4,40,29.3,0,1838,0,0
3/15/2009 11:20,213,0.1,0.1,42.4,39,29.3,0,1838,0,0
3/15/2009 11:30,213,0.1,0.1,42.9,38,29.3,0,1838,0,0
3/15/2009 11:40,213,0.1,0.1,42.9,37,29.3,0,1838,0,0
3/15/2009 11:50,213,0.1,0.1,42.9,36,29.3,0,1838,0,0
3/15/2009 12:00,213,0.1,0.1,42.9,35,29.3,0,1838,0,0
3/15/2009 12:10,213,0.1,0.1,42.6,36,29.3,0,1838,0,0
3/15/2009 12:20,213,0.1,0.1,42.8,37,29.3,0,1838,0,0
3/15/2009 12:30,213,0.1,0.1,42.8,36,29.3,0,1838,0,0
3/15/2009 12:40,213,0.1,0.1,42.4,37,29.3,0,1838,0,0
3/15/2009 12:50,213,0.1,0.1,42.4,36,29.3,0,1838,0,0
3/15/2009 13:00,213,0.1,0.1,42.4,36,29.3,0,1838,0,0
3/15/2009 13:10,213,0.1,0.1,42,37,29.3,0,1838,0,0
3/15/2009 13:20,213,0.1,0.1,41.5,33,29.3,0,1838,0,0
3/15/2009 13:30,213,0.1,0.1,41.5,35,29.3,0,1838,0,0
3/15/2009 13:40,213,0.1,0.1,41.3,35,29.3,0,1838,0,0
3/15/2009 13:50,213,0.1,0.1,41.3,36,29.3,0,1838,0,0
3/15/2009 14:00,213,0.1,0.1,41.3,34,29.3,0,1838,0,0
3/15/2009 14:10,213,0.1,0.1,41.3,32,29.3,0,1838,0,0
3/15/2009 14:20,213,0.1,0.1,41.1,35,29.3,0,1838,0,0
3/15/2009 14:30,213,0.1,0.1,41,36,29.3,0,1838,0,0
3/15/2009 14:40,213,0.1,0.1,41.1,35,29.3,0,1838,0,0
3/15/2009 14:50,213,0.1,0.1,41.1,37,29.3,0,1838,0,0
3/15/2009 15:00,213,0.1,0.1,41.5,35,29.3,0,1838,0,0
3/15/2009 15:10,213,0.1,0.1,41.7,38,29.3,0,1838,0,0
3/15/2009 15:20,213,0.1,0.1,41.7,37,29.3,0,1838,0,0
3/15/2009 15:30,213,0.1,0.1,42.4,37,29.3,0,1838,0,0
3/15/2009 15:40,213,0.1,0.1,43.1,37,29.3,0,1838,0,0
3/15/2009 15:50,213,0.1,0.1,43.3,38,29.3,0,1838,0,0
3/15/2009 16:00,213,0.1,0.1,43.3,39,29.3,0,1838,0,0
3/15/2009 16:10,213,0.1,0.1,42.8,37,29.3,0,1838,0,0
3/15/2009 16:20,213,0.1,0.1,42.4,37,29.3,0,1838,0,0
3/15/2009 16:30,213,0.1,0.1,41.9,37,29.3,0,1838,0,0
3/15/2009 16:40,213,0.1,0.1,42.6,37,29.3,0,1838,0,0
3/15/2009 16:50,213,0.1,0.1,42.6,37,29.3,0,1838,0,0
3/15/2009 17:00,213,0.1,0.1,42.6,37,29.3,0,1838,0,0
3/15/2009 17:10,213,0.1,0.1,42.8,37,29.3,0,1838,0,0
3/15/2009 17:20,213,0.1,0.1,42.6,37,29.3,0,1838,0,0
3/15/2009 17:30,213,0.1,0.1,42.8,37,29.3,0,1838,0,0
3/15/2009 17:40,213,0.1,0.1,42.8,37,29.3,0,1838,0,0
3/15/2009 17:50,213,0.1,0.1,42.8,37,29.3,0,1838,0,0
3/15/2009 18:00,213,0.1,0.1,42.8,36,29.3,0,1838,0,0
3/15/2009 18:10,213,0.1,0.1,42.6,36,29.3,0,1838,0,0
3/15/2009 18:20,213,0.1,0.1,42.4,37,29.3,0,1838,0,0
3/15/2009 18:30,213,0.1,0.1,42.4,37,29.3,0,1838,0,0
3/15/2009 18:40,213,0.1,0.1,42.2,38,29.4,0,1838,0,0
3/15/2009 18:50,213,0.1,0.1,42.2,38,29.4,0,1838,0,0
3/15/2009 19:00,213,0.1,0.1,41.7,38,29.4,0,1838,0,0
3/15/2009 19:10,213,0.1,0.1,41,42,29.4,0,1838,0,0
3/15/2009 19:20,213,0.1,0.1,40.4,42,29.3,0,1838,0,0
3/15/2009 19:30,213,0.1,0.1,40.2,42,29.4,0,1838,0,0
3/15/2009 19:40,213,0.1,0.1,40.6,41,29.4,0,1838,0,0
3/15/2009 19:50,213,0.1,0.1,40.6,41,29.4,0,1838,0,0
3/15/2009 20:00,213,0.1,0.1,40.2,42,29.4,0,1838,0,0
3/15/2009 20:10,213,0.1,0.1,39.9,43,29.4,0,1838,0,0
3/15/2009 20:20,213,0.1,0.1,40.1,43,29.4,0,1838,0,0
3/15/2009 20:30,213,0.1,0.1,40.1,43,29.4,0,1838,0,0
3/15/2009 20:40,213,0.1,0.1,39.9,43,29.4,0,1838,0,0
3/15/2009 20:50,213,0.1,0.1,38.8,46,29.4,0,1838,0,0
3/15/2009 21:00,213,0.1,0.1,38.1,49,29.4,0,1838,0,0
3/15/2009 21:10,213,0.1,0.1,37.4,50,29.4,0,1838,0,0
3/15/2009 21:20,213,0.1,0.1,37,50,29.4,0,1838,0,0
3/15/2009 21:30,213,0.1,0.1,38.4,46,29.4,0,1838,0,0
3/15/2009 21:40,213,0.1,0.1,39.2,46,29.4,0,1838,0,0
3/15/2009 21:50,213,0.1,0.1,39.2,47,29.4,0,1838,0,0
3/15/2009 22:00,213,0.1,0.1,39.9,45,29.4,0,1838,0,0
3/15/2009 22:10,213,0.1,0.1,39.7,44,29.4,0,1838,0,0
3/15/2009 22:20,213,0.1,0.1,40.6,44,29.4,0,1838,0,0
3/15/2009 22:30,213,0.1,0.1,41.3,44,29.4,0,1838,0,0
3/15/2009 22:40,213,0.1,0.1,39.9,46,29.4,0,1838,0,0
3/15/2009 22:50,213,0.1,0.1,38.4,48,29.4,0,1838,0,0
3/15/2009 23:00,213,0.1,0.1,38.1,49,29.4,0,1838,0,0
3/15/2009 23:10,213,0.1,0.1,37.9,49,29.4,0,1838,0,0
3/15/2009 23:20,213,0.1,0.1,37.5,50,29.4,0,1838,0,0
3/15/2009 23:30,213,0.1,0.1,37.4,51,29.4,0,1838,0,0
3/15/2009 23:40,213,0.1,0.1,37,51,29.4,0,1838,0,0
3/15/2009 23:50,213,0.1,0.1,36.5,52,29.4,0,1838,0,0
3/16/2009 0:00,213,0.1,0.1,35.7,54,29.4,0,1838,0,0
3/16/2009 0:10,213,0.1,0.1,36.1,54,29.4,0,1838,0,0
3/16/2009 0:20,213,0.1,0.1,36.3,52,29.4,0,1838,0,0
3/16/2009 0:30,213,0.1,0.1,37,52,29.4,0,1838,0,0
3/16/2009 0:40,213,0.1,0.1,37.2,52,29.4,0,1838,0,0
3/16/2009 0:50,213,0.1,0.1,37.2,53,29.4,0,1838,0,0
3/16/2009 1:00,213,0.1,0.1,38.1,52,29.4,0,1838,0,0
3/16/2009 1:10,213,0.1,0.1,33.8,66,29.4,0,1838,0,0
3/16/2009 1:20,213,0.1,0.1,32.1,74,29.3,0,1838,0,0
3/16/2009 1:30,213,0.1,0.1,32,75,29.3,0,1838,0,0
3/16/2009 1:40,213,0.1,0.1,32,78,29.4,0,1838,0,0
3/16/2009 1:50,213,0.1,0.1,32.7,73,29.3,0,1838,0,0
3/16/2009 2:00,213,0.1,0.1,32.9,75,29.3,0,1838,0,0
3/16/2009 2:10,213,0.1,0.1,32.5,76,29.4,0,1838,0,0
3/16/2009 2:20,213,0.1,0.1,32.7,74,29.4,0,1838,0,0
3/16/2009 2:30,213,0.1,0.1,33,71,29.4,0,1838,0,0
3/16/2009 2:40,213,0.1,0.1,32.9,70,29.4,0,1838,0,0
3/16/2009 2:50,213,0.1,0.1,33.6,68,29.4,0,1838,0,0
3/16/2009 3:00,213,0.1,0.1,33.9,67,29.4,0,1838,0,0
3/16/2009 3:10,213,0.1,0.1,35.2,63,29.4,0,1838,0,0
3/16/2009 3:20,213,0.1,0.1,34.1,65,29.4,0,1838,0,0
3/16/2009 3:30,213,0.1,0.1,34.3,63,29.4,0,1838,0,0
3/16/2009 3:40,213,0.1,0.1,33.8,64,29.4,0,1838,0,0
3/16/2009 3:50,213,0.1,0.1,34.8,63,29.4,0,1838,0,0
3/16/2009 4:00,213,0.1,0.1,35.9,60,29.4,0,1838,0,0
3/16/2009 4:10,213,0.1,0.1,35.4,60,29.4,0,1838,0,0
3/16/2009 4:20,213,0.1,0.1,34.8,66,29.4,0,2088,0.1,0.1
3/16/2009 4:30,213,0.1,0.1,33.2,77,29.4,0,2218,0,0
3/16/2009 4:40,213,0.1,0.1,32.5,81,29.4,0,2218,0,0
3/16/2009 4:50,213,0.1,0.1,32.7,79,29.4,0,2218,0,0
3/16/2009 5:00,213,0.1,0.1,32.5,80,29.4,0,2218,0,0
3/16/2009 5:10,213,0.1,0.1,32.7,81,29.4,0,2218,0,0
3/16/2009 5:20,213,0.1,0.1,33.2,79,29.4,0,2218,0,0
3/16/2009 5:30,213,0.1,0.1,33,79,29.4,0,2218,0,0
3/16/2009 5:40,213,0.1,0.1,33.4,78,29.4,0,2218,0,0
3/16/2009 5:50,213,0.1,0.1,33.4,78,29.4,0,2218,0,0
3/16/2009 6:00,213,0.1,0.1,33.8,79,29.4,0,2218,0,0
3/16/2009 6:10,213,0.1,0.1,33.9,79,29.4,0,2218,0,0
3/16/2009 6:20,213,0.1,0.1,35.2,76,29.4,0,2218,0,0
3/16/2009 6:30,213,0.1,0.1,36.6,72,29.4,0,2218,0,0
3/16/2009 6:40,213,0.1,0.1,35.9,71,29.4,0,2218,0,0
3/16/2009 6:50,213,0.1,0.1,35.2,74,29.4,0,2218,0,0
3/16/2009 7:00,213,0.1,0.1,37.9,64,29.4,0,2218,0,0
3/16/2009 7:10,213,0.1,0.1,37.7,59,29.4,0,2218,0,0
3/16/2009 7:20,213,0.1,0.1,38.1,62,29.4,0,2218,0,0
3/16/2009 7:30,213,0.1,0.1,38.4,63,29.4,0,2218,0,0
3/16/2009 7:40,213,0.1,0.1,39,63,29.4,0,2218,0,0
3/16/2009 7:50,213,0.1,0.1,38.6,65,29.4,0,2218,0,0
3/16/2009 8:00,213,0.1,0.1,37.5,69,29.4,0,2218,0,0
3/16/2009 8:10,213,0.1,0.1,37.2,68,29.4,0,2218,0,0
3/16/2009 8:20,213,0.1,0.1,37.4,69,29.4,0,2218,0,0
3/16/2009 8:30,213,0.1,0.1,37.4,67,29.4,0,2218,0,0
3/16/2009 8:40,213,0.1,0.1,37.5,68,29.4,0,2218,0,0
3/16/2009 8:50,213,0.1,0.1,37.4,68,29.4,0,2218,0,0
3/16/2009 9:00,213,0.1,0.1,37.2,68,29.4,0,2218,0,0
3/16/2009 9:10,213,0.1,0.1,37.5,66,29.4,0,2218,0,0
3/16/2009 9:20,213,0.1,0.1,39,64,29.4,0,2218,0,0
3/16/2009 9:30,213,0.1,0.1,40.6,60,29.4,0,2218,0,0
3/16/2009 9:40,213,0.1,0.1,41.9,57,29.4,0,2218,0,0
3/16/2009 9:50,213,0.1,0.1,40.6,61,29.4,0,2218,0,0
3/16/2009 10:00,213,0.1,0.1,41,62,29.4,0,2218,0,0
3/16/2009 10:10,213,0.1,0.1,42.8,60,29.4,0,2218,0,0
3/16/2009 10:20,213,0.1,0.1,39.5,64,29.4,0,2218,0,0
3/16/2009 10:30,213,0.1,0.1,37.7,70,29.4,0,2218,0,0
3/16/2009 10:40,213,0.1,0.1,38.8,64,29.4,0,2218,0,0
3/16/2009 10:50,213,0.1,0.1,39.9,62,29.4,0,2218,0,0
3/16/2009 11:00,213,0.1,0.1,39.3,69,29.4,0,2218,0,0
3/16/2009 11:10,213,0.1,0.1,39.7,67,29.4,0,2218,0,0
3/16/2009 11:20,213,0.1,0.1,39.9,66,29.4,0,2218,0,0
3/16/2009 11:30,213,0.1,0.1,40.4,65,29.4,0,2218,0,0
3/16/2009 11:40,213,0.1,0.1,40.6,61,29.3,0,2218,0,0
3/16/2009 11:50,213,0.1,0.1,41.1,58,29.3,0,2218,0,0
3/16/2009 12:00,213,0.1,0.1,41.9,55,29.3,0,2218,0,0
3/16/2009 12:10,213,0.1,0.1,41.9,55,29.3,0,2218,0,0
3/16/2009 12:20,213,0.1,0.1,42.2,55,29.3,0,2218,0,0
3/16/2009 12:30,213,0.1,0.1,42.4,54,29.3,0,2218,0,0
3/16/2009 12:40,213,0.1,0.1,42,53,29.3,0,2218,0,0
3/16/2009 12:50,213,0.1,0.1,42,52,29.3,0,2218,0,0
3/16/2009 13:00,213,0.1,0.1,42.8,52,29.3,0,2218,0,0
3/16/2009 13:10,213,0.1,0.1,43.1,51,29.3,0,2218,0,0
3/16/2009 13:20,213,0.1,0.1,43.3,51,29.3,0,2218,0,0
3/16/2009 13:30,213,0.1,0.1,43.3,52,29.3,0,2218,0,0
3/16/2009 13:40,213,0.1,0.1,42.9,55,29.3,0,2218,0,0
3/16/2009 13:50,213,0.1,0.1,43.7,57,29.3,0,2218,0,0
3/16/2009 14:00,213,0.1,0.1,44.7,57,29.3,0,2218,0,0
3/16/2009 14:10,213,0.1,0.1,45.5,58,29.3,0,2218,0,0
3/16/2009 14:20,213,0.1,0.1,45.6,59,29.3,0,2218,0,0
3/16/2009 14:30,213,0.1,0.1,45.6,60,29.3,0,2218,0,0
3/16/2009 14:40,213,0.1,0.1,45.6,60,29.3,0,2218,0,0
3/16/2009 14:50,213,0.1,0.1,44.7,62,29.3,0,2218,0,0
3/16/2009 15:00,213,0.1,0.1,43.7,64,29.3,0,2218,0,0
3/16/2009 15:10,213,0.1,0.1,43.8,64,29.3,0,2218,0,0
3/16/2009 15:20,213,0.1,0.1,44.6,64,29.3,0,2218,0,0
3/16/2009 15:30,213,0.1,0.1,45.5,63,29.3,0,2218,0,0
3/16/2009 15:40,213,0.1,0.1,45.8,62,29.3,0,2218,0,0
3/16/2009 15:50,213,0.1,0.1,46,62,29.3,0,2218,0,0
3/16/2009 16:00,213,0.1,0.1,46.5,62,29.3,0,2218,0,0
3/16/2009 16:10,213,0.1,0.1,46.7,61,29.3,0,2218,0,0
3/16/2009 16:20,213,0.1,0.1,46.5,61,29.3,0,2218,0,0
3/16/2009 16:30,213,0.1,0.1,46.2,62,29.3,0,2218,0,0
3/16/2009 16:40,213,0.1,0.1,46,63,29.3,0,2218,0,0
3/16/2009 16:50,213,0.1,0.1,45.6,63,29.3,0,2218,0,0
3/16/2009 17:00,213,0.1,0.1,45.3,63,29.3,0,2218,0,0
3/16/2009 17:10,213,0.1,0.1,45.1,63,29.3,0,2218,0,0
3/16/2009 17:20,213,0.1,0.1,45.1,63,29.4,0,2218,0,0
3/16/2009 17:30,213,0.1,0.1,45.1,62,29.4,0,2218,0,0
3/16/2009 17:40,213,0.1,0.1,44.9,62,29.4,0,2218,0,0
3/16/2009 17:50,213,0.1,0.1,44.7,63,29.4,0,2218,0,0
3/16/2009 18:00,213,0.1,0.1,41.7,69,29.4,0,2218,0,0
3/16/2009 18:10,213,0.1,0.1,40.2,73,29.4,0,2218,0,0
3/16/2009 18:20,213,0.1,0.1,40.8,72,29.4,0,2218,0,0
3/16/2009 18:30,213,0.1,0.1,41.5,70,29.4,0,2218,0,0
3/16/2009 18:40,213,0.1,0.1,41,71,29.4,0,2218,0,0
3/16/2009 18:50,213,0.1,0.1,41.7,70,29.4,0,2218,0,0
3/16/2009 19:00,213,0.1,0.1,42,69,29.4,0,2218,0,0
3/16/2009 19:10,213,0.1,0.1,42,68,29.4,0,2218,0,0
3/16/2009 19:20,213,0.1,0.1,42,69,29.4,0,2218,0,0
3/16/2009 19:30,213,0.1,0.1,42,68,29.4,0,2218,0,0
3/16/2009 19:40,213,0.1,0.1,41.5,69,29.4,0,2218,0,0
3/16/2009 19:50,213,0.1,0.1,40.8,71,29.4,0,2218,0,0
3/16/2009 20:00,213,0.1,0.1,40.8,71,29.3,0,2218,0,0
3/16/2009 20:10,213,0.1,0.1,40.6,71,29.3,0,2218,0,0
3/16/2009 20:20,213,0.1,0.1,40.4,72,29.3,0,2218,0,0
3/16/2009 20:30,213,0.1,0.1,40.2,72,29.3,0,2218,0,0
3/16/2009 20:40,213,0.1,0.1,39.7,73,29.4,0,2218,0,0
3/16/2009 20:50,213,0.1,0.1,38.1,80,29.4,0,2218,0,0
3/16/2009 21:00,213,0.1,0.1,37.4,81,29.4,0,2218,0,0
3/16/2009 21:10,213,0.1,0.1,36.8,82,29.3,0,2218,0,0
3/16/2009 21:20,213,0.1,0.1,35.9,85,29.3,0,2218,0,0
3/16/2009 21:30,213,0.1,0.1,35.2,85,29.4,0,2218,0,0
3/16/2009 21:40,213,0.1,0.1,35.2,85,29.4,0,2218,0,0
3/16/2009 21:50,213,0.1,0.1,34.8,86,29.4,0,2218,0,0
3/16/2009 22:00,213,0.1,0.1,34.8,87,29.3,0,2218,0,0
3/16/2009 22:10,213,0.1,0.1,35.7,85,29.3,0,2218,0,0
3/16/2009 22:20,213,0.1,0.1,36.1,84,29.3,0,2218,0,0
3/16/2009 22:30,213,0.1,0.1,36.6,83,29.4,0,2218,0,0
3/16/2009 22:40,213,0.1,0.1,36.8,83,29.4,0,2218,0,0
3/16/2009 22:50,213,0.1,0.1,37,82,29.4,0,2218,0,0
3/16/2009 23:00,213,0.1,0.1,37.2,81,29.4,0,2218,0,0
3/16/2009 23:10,213,0.1,0.1,36.3,84,29.4,0,2218,0,0
3/16/2009 23:20,213,0.1,0.1,35.6,85,29.4,0,2218,0,0
3/16/2009 23:30,213,0.1,0.1,34.7,86,29.4,0,2218,0,0
3/16/2009 23:40,213,0.1,0.1,34.3,87,29.4,0,2218,0,0
3/16/2009 23:50,213,0.1,0.1,34.5,88,29.4,0,2218,0,0
3/17/2009 0:00,213,0.1,0.1,35.4,86,29.4,0,2218,0,0
3/17/2009 0:10,213,0.1,0.1,35.6,85,29.4,0,2218,0,0
3/17/2009 0:20,213,0.1,0.1,36.3,83,29.4,0,2218,0,0
3/17/2009 0:30,213,0.1,0.1,35.9,84,29.4,0,2218,0,0
3/17/2009 0:40,213,0.1,0.1,36.1,84,29.4,0,2218,0,0
3/17/2009 0:50,213,0.1,0.1,36.3,84,29.4,0,2218,0,0
3/17/2009 1:00,213,0.1,0.1,35.9,85,29.4,0,2218,0,0
3/17/2009 1:10,213,0.1,0.1,36.8,84,29.4,0,2218,0,0
3/17/2009 1:20,213,0.1,0.1,37.7,84,29.4,0,2218,0,0
3/17/2009 1:30,213,0.1,0.1,37.7,84,29.4,0,2218,0,0
3/17/2009 1:40,213,0.1,0.1,37.9,85,29.4,0,2218,0,0
3/17/2009 1:50,213,0.1,0.1,38.6,85,29.4,0,2218,0,0
3/17/2009 2:00,213,0.1,0.1,38.6,85,29.4,0,2218,0,0
3/17/2009 2:10,213,0.1,0.1,39.7,84,29.4,0,2218,0,0
3/17/2009 2:20,213,0.1,0.1,39.7,85,29.4,0,2218,0,0
3/17/2009 2:30,213,0.1,0.1,39.7,86,29.4,0,2218,0,0
3/17/2009 2:40,213,0.1,0.1,39.7,86,29.4,0,2218,0,0
3/17/2009 2:50,213,0.1,0.1,39.9,87,29.4,0,2218,0,0
3/17/2009 3:00,213,0.1,0.1,39.3,87,29.4,0,2218,0,0
3/17/2009 3:10,213,0.1,0.1,39,89,29.4,0,2218,0,0
3/17/2009 3:20,213,0.1,0.1,38.8,90,29.4,0,2218,0,0
3/17/2009 3:30,213,0.1,0.1,38.4,91,29.4,0,2218,0,0
3/17/2009 3:40,213,0.1,0.1,38.3,92,29.4,0,2218,0,0
3/17/2009 3:50,213,0.1,0.1,38.3,93,29.4,0,2218,0,0
3/17/2009 4:00,213,0.1,0.1,38.1,93,29.4,0,2218,0,0
3/17/2009 4:10,213,0.1,0.1,38.1,93,29.4,0,2218,0,0
3/17/2009 4:20,213,0.1,0.1,38.3,93,29.4,0,2218,0,0
3/17/2009 4:30,213,0.1,0.1,38.4,93,29.4,0,2218,0,0
3/17/2009 4:40,213,0.1,0.1,38.6,92,29.4,0,2218,0,0
3/17/2009 4:50,213,0.1,0.1,38.8,92,29.4,0,2218,0,0
3/17/2009 5:00,213,0.1,0.1,39.2,92,29.4,0,2218,0,0
3/17/2009 5:10,213,0.1,0.1,39.5,91,29.4,0,2218,0,0
3/17/2009 5:20,213,0.1,0.1,39.9,91,29.4,0,2218,0,0
3/17/2009 5:30,213,0.1,0.1,40.2,90,29.4,0,2218,0,0
3/17/2009 5:40,213,0.1,0.1,40.6,89,29.4,0,2218,0,0
3/17/2009 5:50,213,0.1,0.1,41.1,89,29.4,0,2218,0,0
3/17/2009 6:00,213,0.1,0.1,41.5,88,29.4,0,2218,0,0
3/17/2009 6:10,213,0.1,0.1,42,87,29.4,0,2218,0,0
3/17/2009 6:20,213,0.1,0.1,42.4,86,29.4,0,2218,0,0
3/17/2009 6:30,213,0.1,0.1,42.8,85,29.4,0,2218,0,0
3/17/2009 6:40,213,0.1,0.1,43.5,84,29.4,0,2218,0,0
3/17/2009 6:50,213,0.1,0.1,44.2,82,29.4,0,2218,0,0
3/17/2009 7:00,213,0.1,0.1,45.3,79,29.4,0,2218,0,0
3/17/2009 7:10,213,0.1,0.1,45.5,79,29.4,0,2218,0,0
3/17/2009 7:20,213,0.1,0.1,45.8,77,29.4,0,2218,0,0
3/17/2009 7:30,213,0.1,0.1,46.7,76,29.4,0,2218,0,0
3/17/2009 7:40,213,0.1,0.1,46.4,75,29.4,0,2218,0,0
3/17/2009 7:50,213,0.1,0.1,48,72,29.4,0,2218,0,0
3/17/2009 8:00,213,0.1,0.1,48.7,69,29.4,0,2218,0,0
3/17/2009 8:10,213,0.1,0.1,48.2,71,29.4,0,2218,0,0
3/17/2009 8:20,213,0.1,0.1,48.2,70,29.4,0,2218,0,0
3/17/2009 8:30,213,0.1,0.1,48.9,68,29.4,0,2218,0,0
3/17/2009 8:40,213,0.1,0.1,49.8,66,29.4,0,2218,0,0
3/17/2009 8:50,213,0.1,0.1,50,65,29.4,0,2218,0,0
3/17/2009 9:00,213,0.1,0.1,50.3,64,29.4,0,2218,0,0
3/17/2009 9:10,213,0.1,0.1,51.2,62,29.4,0,2218,0,0
3/17/2009 9:20,213,0.1,0.1,50.5,61,29.4,0,2218,0,0
3/17/2009 9:30,213,0.1,0.1,50.3,62,29.4,0,2218,0,0
3/17/2009 9:40,213,0.1,0.1,49.8,63,29.4,0,2218,0,0
3/17/2009 9:50,213,0.1,0.1,47.8,67,29.4,0,2218,0,0
3/17/2009 10:00,213,0.1,0.1,45.3,73,29.4,0,2218,0,0
3/17/2009 10:10,213,0.1,0.1,46.2,71,29.4,0,2218,0,0
3/17/2009 10:20,213,0.1,0.1,45.8,72,29.4,0,2218,0,0
3/17/2009 10:30,213,0.1,0.1,45.5,75,29.4,0,2218,0,0
3/17/2009 10:40,213,0.1,0.1,46.2,73,29.4,0,2218,0,0
3/17/2009 10:50,213,0.1,0.1,44.9,77,29.4,0,2218,0,0
3/17/2009 11:00,213,0.1,0.1,45.6,74,29.4,0,2218,0,0
3/17/2009 11:10,213,0.1,0.1,44,75,29.4,0,2218,0,0
3/17/2009 11:20,213,0.1,0.1,44.2,76,29.4,0,2218,0,0
3/17/2009 11:30,213,0.1,0.1,46.5,73,29.4,0,2218,0,0
3/17/2009 11:40,213,0.1,0.1,45.1,74,29.4,0,2218,0,0
3/17/2009 11:50,213,0.1,0.1,44,76,29.3,0,2218,0,0
3/17/2009 12:00,213,0.1,0.1,44.7,75,29.3,0,2218,0,0
3/17/2009 12:10,213,0.1,0.1,46,70,29.3,0,2218,0,0
3/17/2009 12:20,213,0.1,0.1,45.8,70,29.3,0,2218,0,0
3/17/2009 12:30,213,0.1,0.1,46.5,69,29.3,0,2218,0,0
3/17/2009 12:40,213,0.1,0.1,47.3,69,29.3,0,2218,0,0
3/17/2009 12:50,213,0.1,0.1,50,64,29.3,0,2218,0,0
3/17/2009 13:00,213,0.1,0.1,53,56,29.3,0,2218,0,0
3/17/2009 13:10,213,0.1,0.1,52.1,53,29.3,0,2218,0,0
3/17/2009 13:20,213,0.1,0.1,52.1,53,29.3,0,2218,0,0
3/17/2009 13:30,213,0.1,0.1,48.9,62,29.3,0,2218,0,0
3/17/2009 13:40,213,0.1,0.1,48.7,64,29.3,0,2218,0,0
3/17/2009 13:50,213,0.1,0.1,50.9,60,29.3,0,2218,0,0
3/17/2009 14:00,213,0.1,0.1,52.7,54,29.3,0,2218,0,0
3/17/2009 14:10,213,0.1,0.1,53.4,51,29.3,0,2218,0,0
3/17/2009 14:20,213,0.1,0.1,56.1,49,29.3,0,2218,0,0
3/17/2009 14:30,213,0.1,0.1,57,41,29.3,0,2218,0,0
3/17/2009 14:40,213,0.1,0.1,58.2,37,29.3,0,2218,0,0
3/17/2009 14:50,213,0.1,0.1,57.9,35,29.3,0,2218,0,0
3/17/2009 15:00,213,0.1,0.1,57,34,29.3,0,2218,0,0
3/17/2009 15:10,213,0.1,0.1,56.3,37,29.3,0,2218,0,0
3/17/2009 15:20,213,0.1,0.1,56.6,40,29.3,0,2218,0,0
3/17/2009 15:30,213,0.1,0.1,58.2,36,29.3,0,2218,0,0
3/17/2009 15:40,213,0.1,0.1,59,34,29.3,0,2218,0,0
3/17/2009 15:50,213,0.1,0.1,59.9,30,29.3,0,2218,0,0
3/17/2009 16:00,213,0.1,0.1,60.6,28,29.3,0,2218,0,0
3/17/2009 16:10,213,0.1,0.1,60.4,28,29.3,0,2218,0,0
3/17/2009 16:20,213,0.1,0.1,60.2,28,29.3,0,2218,0,0
3/17/2009 16:30,213,0.1,0.1,59.9,28,29.3,0,2218,0,0
3/17/2009 16:40,213,0.1,0.1,59.7,29,29.3,0,2218,0,0
3/17/2009 16:50,213,0.1,0.1,59.1,29,29.3,0,2218,0,0
3/17/2009 17:00,213,0.1,0.1,58.8,30,29.3,0,2218,0,0
3/17/2009 17:10,213,0.1,0.1,58.4,31,29.3,0,2218,0,0
3/17/2009 17:20,213,0.1,0.1,58.1,32,29.3,0,2218,0,0
3/17/2009 17:30,213,0.1,0.1,58.1,33,29.3,0,2218,0,0
3/17/2009 17:40,213,0.1,0.1,57.9,33,29.3,0,2218,0,0
3/17/2009 17:50,213,0.1,0.1,57.7,33,29.3,0,2218,0,0
3/17/2009 18:00,213,0.1,0.1,57.3,34,29.3,0,2218,0,0
3/17/2009 18:10,213,0.1,0.1,57.5,33,29.3,0,2218,0,0
3/17/2009 18:20,213,0.1,0.1,57.5,34,29.3,0,2218,0,0
3/17/2009 18:30,213,0.1,0.1,57.5,34,29.2,0,2218,0,0
3/17/2009 18:40,213,0.1,0.1,57.7,34,29.2,0,2218,0,0
3/17/2009 18:50,213,0.1,0.1,57.7,33,29.2,0,2218,0,0
3/17/2009 19:00,213,0.1,0.1,58.1,33,29.2,0,2218,0,0
3/17/2009 19:10,213,0.1,0.1,58.2,33,29.2,0,2218,0,0
3/17/2009 19:20,213,0.1,0.1,58.4,33,29.2,0,2218,0,0
3/17/2009 19:30,213,0.1,0.1,58.2,33,29.2,0,2218,0,0
3/17/2009 19:40,213,0.1,0.1,57.9,33,29.2,0,2218,0,0
3/17/2009 19:50,213,0.1,0.1,57.7,33,29.2,0,2218,0,0
3/17/2009 20:00,213,0.1,0.1,57.7,33,29.2,0,2218,0,0
3/17/2009 20:10,213,0.1,0.1,57.5,33,29.2,0,2218,0,0
3/17/2009 20:20,213,0.1,0.1,58.1,32,29.2,0,2218,0,0
3/17/2009 20:30,213,0.1,0.1,57.9,33,29.2,0,2218,0,0
3/17/2009 20:40,213,0.1,0.1,58.1,34,29.2,0,2218,0,0
3/17/2009 20:50,213,0.1,0.1,57.7,34,29.2,0,2218,0,0
3/17/2009 21:00,213,0.1,0.1,57.5,35,29.2,0,2218,0,0
3/17/2009 21:10,213,0.1,0.1,57.2,35,29.2,0,2218,0,0
3/17/2009 21:20,213,0.1,0.1,57.2,35,29.2,0,2218,0,0
3/17/2009 21:30,213,0.1,0.1,57.3,36,29.2,0,2218,0,0
3/17/2009 21:40,213,0.1,0.1,57.5,36,29.2,0,2218,0,0
3/17/2009 21:50,213,0.1,0.1,58.4,36,29.2,0,2218,0,0
3/17/2009 22:00,213,0.1,0.1,59.1,36,29.2,0,2218,0,0
3/17/2009 22:10,213,0.1,0.1,59.5,36,29.2,0,2218,0,0
3/17/2009 22:20,213,0.1,0.1,59.5,37,29.2,0,2218,0,0
3/17/2009 22:30,213,0.1,0.1,59.5,37,29.2,0,2218,0,0
3/17/2009 22:40,213,0.1,0.1,59.1,38,29.2,0,2218,0,0
3/17/2009 22:50,213,0.1,0.1,59.1,38,29.2,0,2218,0,0
3/17/2009 23:00,213,0.1,0.1,59.1,38,29.2,0,2218,0,0
3/17/2009 23:10,213,0.1,0.1,59.7,39,29.2,0,2218,0,0
3/17/2009 23:20,213,0.1,0.1,59.3,39,29.2,0,2218,0,0
3/17/2009 23:30,213,0.1,0.1,59.1,40,29.2,0,2218,0,0
3/17/2009 23:40,213,0.1,0.1,58.8,40,29.2,0,2218,0,0
3/17/2009 23:50,213,0.1,0.1,58.8,41,29.2,0,2218,0,0
3/18/2009 0:00,213,0.1,0.1,58.8,41,29.2,0,2218,0,0
3/18/2009 0:10,213,0.1,0.1,59.1,41,29.2,0,2218,0,0
3/18/2009 0:20,213,0.1,0.1,58.8,42,29.2,0,2218,0,0
3/18/2009 0:30,213,0.1,0.1,58.6,42,29.2,0,2218,0,0
3/18/2009 0:40,213,0.1,0.1,59.1,42,29.2,0,2218,0,0
3/18/2009 0:50,213,0.1,0.1,58.8,42,29.2,0,2218,0,0
3/18/2009 1:00,213,0.1,0.1,59,42,29.2,0,2218,0,0
3/18/2009 1:10,213,0.1,0.1,58.8,43,29.2,0,2218,0,0
3/18/2009 1:20,213,0.1,0.1,58.4,43,29.2,0,2218,0,0
3/18/2009 1:30,213,0.1,0.1,58.4,44,29.2,0,2218,0,0
3/18/2009 1:40,213,0.1,0.1,58.4,44,29.2,0,2218,0,0
3/18/2009 1:50,213,0.1,0.1,58.8,44,29.2,0,2218,0,0
3/18/2009 2:00,213,0.1,0.1,58.8,45,29.2,0,2218,0,0
3/18/2009 2:10,213,0.1,0.1,58.8,45,29.2,0,2218,0,0
3/18/2009 2:20,213,0.1,0.1,58.4,45,29.2,0,2218,0,0
3/18/2009 2:30,213,0.1,0.1,58.4,46,29.2,0,2218,0,0
3/18/2009 2:40,213,0.1,0.1,58.2,46,29.2,0,2218,0,0
3/18/2009 2:50,213,0.1,0.1,57.9,47,29.2,0,2218,0,0
3/18/2009 3:00,213,0.1,0.1,57.7,47,29.2,0,2218,0,0
3/18/2009 3:10,213,0.1,0.1,57.5,48,29.2,0,2218,0,0
3/18/2009 3:20,213,0.1,0.1,57.5,48,29.2,0,2218,0,0
3/18/2009 3:30,213,0.1,0.1,57.3,48,29.2,0,2218,0,0
3/18/2009 3:40,213,0.1,0.1,57.3,49,29.2,0,2218,0,0
3/18/2009 3:50,213,0.1,0.1,57.2,49,29.2,0,2218,0,0
3/18/2009 4:00,213,0.1,0.1,57,50,29.2,0,2218,0,0
3/18/2009 4:10,213,0.1,0.1,57.5,50,29.2,0,2218,0,0
3/18/2009 4:20,213,0.1,0.1,57.2,50,29.2,0,2218,0,0
3/18/2009 4:30,213,0.1,0.1,57,51,29.2,0,2218,0,0
3/18/2009 4:40,213,0.1,0.1,57.5,51,29.2,0,2218,0,0
3/18/2009 4:50,213,0.1,0.1,57.3,51,29.2,0,2218,0,0
3/18/2009 5:00,213,0.1,0.1,57.3,51,29.2,0,2218,0,0
3/18/2009 5:10,213,0.1,0.1,57.2,52,29.2,0,2218,0,0
3/18/2009 5:20,213,0.1,0.1,57,52,29.2,0,2218,0,0
3/18/2009 5:30,213,0.1,0.1,56.8,53,29.2,0,2218,0,0
3/18/2009 5:40,213,0.1,0.1,56.6,53,29.2,0,2218,0,0
3/18/2009 5:50,213,0.1,0.1,56.8,53,29.2,0,2218,0,0
3/18/2009 6:00,213,0.1,0.1,56.8,53,29.2,0,2218,0,0
3/18/2009 6:10,213,0.1,0.1,56.8,53,29.2,0,2218,0,0
3/18/2009 6:20,213,0.1,0.1,56.8,53,29.2,0,2218,0,0
3/18/2009 6:30,213,0.1,0.1,57,53,29.2,0,2218,0,0
3/18/2009 6:40,213,0.1,0.1,57.5,53,29.2,0,2218,0,0
3/18/2009 6:50,213,0.1,0.1,49.1,59,29.2,0,2218,0,0
3/18/2009 7:00,213,0.1,0.1,44,72,29.2,0,2218,0,0
3/18/2009 7:10,213,0.1,0.1,43.7,74,29.2,0,2218,0,0
3/18/2009 7:20,213,0.1,0.1,43.5,75,29.2,0,2218,0,0
3/18/2009 7:30,213,0.1,0.1,44,75,29.2,0,2218,0,0
3/18/2009 7:40,213,0.1,0.1,46.5,72,29.2,0,2218,0,0
3/18/2009 7:50,213,0.1,0.1,46.4,72,29.2,0,2218,0,0
3/18/2009 8:00,213,0.1,0.1,46.5,72,29.2,0,2238,0,0
3/18/2009 8:10,213,0.1,0.1,46.5,75,29.2,0,2428,0,0
3/18/2009 8:20,213,0.1,0.1,49.6,73,29.2,0,2868,0.14,0.14
3/18/2009 8:30,213,0.1,0.1,50.1,73,29.2,0,3458,0.05,0.05
3/18/2009 8:40,213,0.1,0.1,50,73,29.2,0,3988,0,0
3/18/2009 8:50,213,0.1,0.1,48.5,74,29.2,0,3998,0,0
3/18/2009 9:00,213,0.1,0.1,46.2,76,29.2,0,4008,0,0
3/18/2009 9:10,213,0.1,0.1,45.1,79,29.2,0,4108,0,0
3/18/2009 9:20,213,0.1,0.1,45.5,80,29.2,0,4228,0,0
3/18/2009 9:30,213,0.1,0.1,47.3,80,29.2,0,4458,0,0
3/18/2009 9:40,213,0.1,0.1,45.6,80,29.2,0,4458,0,0
3/18/2009 9:50,213,0.1,0.1,44.6,82,29.2,0,4458,0,0
3/18/2009 10:00,213,0.1,0.1,43.5,82,29.2,0,4928,0,0
3/18/2009 10:10,213,0.1,0.1,42.9,86,29.2,0,4928,0,0
3/18/2009 10:20,213,0.1,0.1,44.7,85,29.2,0,4928,0,0
3/18/2009 10:30,213,0.1,0.1,45.6,82,29.2,0,4938,0,0
3/18/2009 10:40,213,0.1,0.1,44.9,80,29.2,0,5048,0,0
3/18/2009 10:50,213,0.1,0.1,45.5,83,29.2,0,5118,0,0
3/18/2009 11:00,213,0.1,0.1,46.5,80,29.2,0,5438,0.14,0.14
3/18/2009 11:10,213,0.1,0.1,46.7,82,29.2,0,5828,0,0
3/18/2009 11:20,213,0.1,0.1,46.9,83,29.2,0,6288,0.09,0.09
3/18/2009 11:30,213,0.1,0.1,46.9,84,29.2,0,6838,0,0
3/18/2009 11:40,213,0.1,0.1,46.9,82,29.2,0,7068,0,0
3/18/2009 11:50,213,0.1,0.1,46.9,83,29.2,0,7528,0,0
3/18/2009 12:00,213,0.1,0.1,41.5,84,29.2,0,7758,0,0
3/18/2009 12:10,213,0.1,0.1,40.2,86,29.2,0,7758,0,0
3/18/2009 12:20,213,0.1,0.1,39.5,86,29.2,0,7758,0,0
3/18/2009 12:30,213,0.1,0.1,39.9,86,29.2,0,7758,0,0
3/18/2009 12:40,213,0.1,0.1,39.9,85,29.2,0,7758,0,0
3/18/2009 12:50,213,0.1,0.1,39.7,85,29.2,0,7758,0,0
3/18/2009 13:00,213,0.1,0.1,40.1,86,29.2,0,7758,0,0
3/18/2009 13:10,213,0.1,0.1,39.7,85,29.2,0,7758,0,0
3/18/2009 13:20,213,0.1,0.1,39.7,85,29.2,0,7758,0,0
3/18/2009 13:30,213,0.1,0.1,39.5,85,29.2,0,7758,0,0
3/18/2009 13:40,213,0.1,0.1,38.8,86,29.2,0,7768,0,0
3/18/2009 13:50,213,0.1,0.1,39.2,87,29.2,0,7768,0,0
3/18/2009 14:00,213,0.1,0.1,39.3,88,29.2,0,7978,0.02,0.02
3/18/2009 14:10,213,0.1,0.1,39.2,88,29.2,0,8068,0,0
3/18/2009 14:20,213,0.1,0.1,39.2,89,29.2,0,8338,0,0
3/18/2009 14:30,213,0.1,0.1,39.5,90,29.2,0,8498,0,0
3/18/2009 14:40,213,0.1,0.1,39.3,90,29.2,0,8508,0,0
3/18/2009 14:50,213,0.1,0.1,39.5,91,29.2,0,8528,0,0
3/18/2009 15:00,213,0.1,0.1,39.5,91,29.2,0,8628,0.02,0.02
3/18/2009 15:10,213,0.1,0.1,39.9,92,29.2,0,8758,0,0
3/18/2009 15:20,213,0.1,0.1,40.6,91,29.2,0,8778,0,0
3/18/2009 15:30,213,0.1,0.1,41,90,29.2,0,9028,0.01,0.01
3/18/2009 15:40,213,0.1,0.1,41.3,89,29.2,0,9178,0,0
3/18/2009 15:50,213,0.1,0.1,41.5,87,29.2,0,9338,0.02,0.02
3/18/2009 16:00,213,0.1,0.1,42,86,29.2,0,9508,0,0
3/18/2009 16:10,213,0.1,0.1,42.4,82,29.3,0,9738,0,0
3/18/2009 16:20,213,0.1,0.1,42.4,80,29.3,0,10178,0,0
3/18/2009 16:30,213,0.1,0.1,42.8,80,29.3,0,10258,0,0
3/18/2009 16:40,213,0.1,0.1,42.8,83,29.3,0,10338,0,0
3/18/2009 16:50,213,0.1,0.1,42.4,84,29.3,0,10618,0,0
3/18/2009 17:00,213,0.1,0.1,42.6,82,29.3,0,10838,0.01,0.01
3/18/2009 17:10,213,0.1,0.1,44.4,72,29.3,0,11208,0.05,0.05
3/18/2009 17:20,213,0.1,0.1,44.9,67,29.3,0,11808,0.14,0.14
3/18/2009 17:30,213,0.1,0.1,43.3,75,29.3,0,12378,0.03,0.03
3/18/2009 17:40,213,0.1,0.1,42.6,76,29.3,0,12598,0,0
3/18/2009 17:50,213,0.1,0.1,41.9,82,29.3,0,12988,0.03,0.03
3/18/2009 18:00,213,0.1,0.1,41.5,81,29.3,0,13578,0.11,0.11
3/18/2009 18:10,213,0.1,0.1,41.3,82,29.3,0,14128,0.02,0.02
3/18/2009 18:20,213,0.1,0.1,41.7,83,29.3,0,14718,0.05,0.05
3/18/2009 18:30,213,0.1,0.1,41.7,84,29.3,0,15318,0.16,0.16
3/18/2009 18:40,213,0.1,0.1,41.7,86,29.3,0,15918,0.01,0.01
3/18/2009 18:50,213,0.1,0.1,41.9,85,29.3,0,16518,0.02,0.02
3/18/2009 19:00,213,0.1,0.1,42,85,29.3,0,16788,0.03,0.03
3/18/2009 19:10,213,0.1,0.1,41.9,86,29.2,0,17228,0,0
3/18/2009 19:20,213,0.1,0.1,42,86,29.3,0,17638,0,0
3/18/2009 19:30,213,0.1,0.1,42,85,29.2,0,18118,0,0
3/18/2009 19:40,213,0.1,0.1,42.2,84,29.2,0,18148,0,0
3/18/2009 19:50,213,0.1,0.1,42.2,84,29.2,0,18148,0,0
3/18/2009 20:00,213,0.1,0.1,42.2,84,29.2,0,18148,0,0
3/18/2009 20:10,213,0.1,0.1,42.4,82,29.2,0,18148,0,0
3/18/2009 20:20,213,0.1,0.1,42.4,83,29.2,0,18148,0,0
3/18/2009 20:30,213,0.1,0.1,42.4,82,29.2,0,18148,0,0
3/18/2009 20:40,213,0.1,0.1,42.4,82,29.2,0,18148,0,0
3/18/2009 20:50,213,0.1,0.1,42.6,82,29.2,0,18148,0,0
3/18/2009 21:00,213,0.1,0.1,42.9,80,29.2,0,18148,0,0
3/18/2009 21:10,213,0.1,0.1,43.1,79,29.2,0,18148,0,0
3/18/2009 21:20,213,0.1,0.1,43.1,79,29.2,0,18148,0,0
3/18/2009 21:30,213,0.1,0.1,43.1,79,29.2,0,18148,0,0
3/18/2009 21:40,213,0.1,0.1,42.9,80,29.2,0,18148,0,0
3/18/2009 21:50,213,0.1,0.1,42.9,81,29.2,0,18148,0,0
3/18/2009 22:00,213,0.1,0.1,42.8,81,29.2,0,18148,0,0
3/18/2009 22:10,213,0.1,0.1,42.8,81,29.2,0,18148,0,0
3/18/2009 22:20,213,0.1,0.1,42.6,82,29.2,0,18148,0,0
3/18/2009 22:30,213,0.1,0.1,42.6,82,29.2,0,18148,0,0
3/18/2009 22:40,213,0.1,0.1,42.6,82,29.2,0,18148,0,0
3/18/2009 22:50,213,0.1,0.1,42.8,82,29.2,0,18148,0,0
3/18/2009 23:00,213,0.1,0.1,42.6,82,29.2,0,18148,0,0
3/18/2009 23:10,213,0.1,0.1,42.8,82,29.2,0,18148,0,0
3/18/2009 23:20,213,0.1,0.1,43.1,80,29.2,0,18148,0,0
3/18/2009 23:30,213,0.1,0.1,40.1,83,29.2,0,18148,0,0
3/18/2009 23:40,213,0.1,0.1,37,89,29.2,0,18148,0,0
3/18/2009 23:50,213,0.1,0.1,37.2,91,29.2,0,18148,0,0
3/19/2009 0:00,213,0.1,0.1,37,92,29.2,0,18148,0,0
3/19/2009 0:10,213,0.1,0.1,37.4,92,29.2,0,18148,0,0
3/19/2009 0:20,213,0.1,0.1,38.6,93,29.2,0,18148,0,0
3/19/2009 0:30,213,0.1,0.1,39.3,93,29.2,0,18148,0,0
3/19/2009 0:40,213,0.1,0.1,39.9,92,29.2,0,18148,0,0
3/19/2009 0:50,213,0.1,0.1,40.1,91,29.2,0,18148,0,0
3/19/2009 1:00,213,0.1,0.1,40.1,91,29.2,0,18148,0,0
3/19/2009 1:10,213,0.1,0.1,40.4,91,29.2,0,18148,0,0
3/19/2009 1:20,213,0.1,0.1,40.8,90,29.2,0,18148,0,0
3/19/2009 1:30,213,0.1,0.1,41,89,29.2,0,18148,0,0
3/19/2009 1:40,213,0.1,0.1,40.2,89,29.2,0,18148,0,0
3/19/2009 1:50,213,0.1,0.1,40.2,89,29.2,0,18148,0,0
3/19/2009 2:00,213,0.1,0.1,40.1,88,29.2,0,18148,0,0
3/19/2009 2:10,213,0.1,0.1,40.2,85,29.2,0,18148,0,0
3/19/2009 2:20,213,0.1,0.1,40.1,84,29.2,0,18148,0,0
3/19/2009 2:30,213,0.1,0.1,40.2,82,29.2,0,18148,0,0
3/19/2009 2:40,213,0.1,0.1,40.1,78,29.2,0,18148,0,0
3/19/2009 2:50,213,0.1,0.1,39.9,77,29.2,0,18148,0,0
3/19/2009 3:00,213,0.1,0.1,39.7,78,29.2,0,18148,0,0
3/19/2009 3:10,213,0.1,0.1,39.3,77,29.2,0,18148,0,0
3/19/2009 3:20,213,0.1,0.1,39.2,76,29.3,0,18148,0,0
3/19/2009 3:30,213,0.1,0.1,38.4,79,29.3,0,18148,0,0
3/19/2009 3:40,213,0.1,0.1,37.9,80,29.3,0,18148,0,0
3/19/2009 3:50,213,0.1,0.1,37.7,80,29.3,0,18148,0,0
3/19/2009 4:00,213,0.1,0.1,37.5,79,29.3,0,18148,0,0
3/19/2009 4:10,213,0.1,0.1,37,79,29.3,0,18288,0,0
3/19/2009 4:20,213,0.1,0.1,36.6,79,29.3,0,18288,0,0
3/19/2009 4:30,213,0.1,0.1,36.1,80,29.3,0,18288,0,0
3/19/2009 4:40,213,0.1,0.1,35.7,83,29.3,0,18288,0,0
3/19/2009 4:50,213,0.1,0.1,35.7,82,29.3,0,18288,0,0
3/19/2009 5:00,213,0.1,0.1,35.7,80,29.3,0,18288,0,0
3/19/2009 5:10,213,0.1,0.1,35.7,78,29.3,0,18288,0,0
3/19/2009 5:20,213,0.1,0.1,35.9,76,29.3,0,18288,0,0
3/19/2009 5:30,213,0.1,0.1,36.1,70,29.3,0,18288,0,0
3/19/2009 5:40,213,0.1,0.1,35.9,67,29.3,0,18288,0,0
3/19/2009 5:50,213,0.1,0.1,36.1,66,29.3,0,18288,0,0
3/19/2009 6:00,213,0.1,0.1,35.7,67,29.3,0,18288,0,0
3/19/2009 6:10,213,0.1,0.1,35.6,70,29.3,0,18288,0,0
3/19/2009 6:20,213,0.1,0.1,35.4,71,29.3,0,18288,0,0
3/19/2009 6:30,213,0.1,0.1,35.4,72,29.3,0,18288,0,0
3/19/2009 6:40,213,0.1,0.1,35.4,69,29.3,0,18288,0,0
3/19/2009 6:50,213,0.1,0.1,35.4,70,29.3,0,18288,0,0
3/19/2009 7:00,213,0.1,0.1,35.7,67,29.3,0,18288,0,0
3/19/2009 7:10,213,0.1,0.1,35.6,68,29.3,0,18288,0,0
3/19/2009 7:20,213,0.1,0.1,35.6,67,29.3,0,18288,0,0
3/19/2009 7:30,213,0.1,0.1,35.6,68,29.3,0,18288,0,0
3/19/2009 7:40,213,0.1,0.1,35.6,67,29.4,0,18288,0,0
3/19/2009 7:50,213,0.1,0.1,35.4,68,29.4,0,18288,0,0
3/19/2009 8:00,213,0.1,0.1,35.6,69,29.4,0,18288,0,0
3/19/2009 8:10,213,0.1,0.1,35.6,67,29.4,0,18288,0,0
3/19/2009 8:20,213,0.1,0.1,35.7,69,29.4,0,18288,0,0
3/19/2009 8:30,213,0.1,0.1,35.4,69,29.4,0,18288,0,0
3/19/2009 8:40,213,0.1,0.1,35.2,69,29.4,0,18288,0,0
3/19/2009 8:50,213,0.1,0.1,35.2,67,29.4,0,18288,0,0
3/19/2009 9:00,213,0.1,0.1,35,67,29.4,0,18288,0,0
3/19/2009 9:10,213,0.1,0.1,34.3,70,29.4,0,18288,0,0
3/19/2009 9:20,213,0.1,0.1,33.9,70,29.4,0,18288,0,0
3/19/2009 9:30,213,0.1,0.1,34.5,69,29.4,0,18288,0,0
3/19/2009 9:40,213,0.1,0.1,33.9,67,29.4,0,18288,0,0
3/19/2009 9:50,213,0.1,0.1,34.1,70,29.4,0,18288,0,0
3/19/2009 10:00,213,0.1,0.1,34.1,70,29.4,0,18288,0,0
3/19/2009 10:10,213,0.1,0.1,34.3,70,29.4,0,18288,0,0
3/19/2009 10:20,213,0.1,0.1,34.5,69,29.4,0,18288,0,0
3/19/2009 10:30,213,0.1,0.1,34.3,68,29.4,0,18288,0,0
3/19/2009 10:40,213,0.1,0.1,34.1,66,29.4,0,18288,0,0
3/19/2009 10:50,213,0.1,0.1,34.7,70,29.4,0,18288,0,0
3/19/2009 11:00,213,0.1,0.1,35.2,70,29.4,0,18288,0,0
3/19/2009 11:10,213,0.1,0.1,34.8,71,29.4,0,18288,0,0
3/19/2009 11:20,213,0.1,0.1,35,71,29.4,0,18288,0,0
3/19/2009 11:30,213,0.1,0.1,34.7,71,29.4,0,18288,0,0
3/19/2009 11:40,213,0.1,0.1,34.7,69,29.4,0,18288,0,0
3/19/2009 11:50,213,0.1,0.1,34.3,68,29.4,0,18288,0,0
3/19/2009 12:00,213,0.1,0.1,34.1,70,29.4,0,18288,0,0
3/19/2009 12:10,213,0.1,0.1,34.1,68,29.4,0,18288,0,0
3/19/2009 12:20,213,0.1,0.1,33.8,69,29.4,0,18288,0,0
3/19/2009 12:30,213,0.1,0.1,33.8,70,29.4,0,18288,0,0
3/19/2009 12:40,213,0.1,0.1,33.9,69,29.4,0,18288,0,0
3/19/2009 12:50,213,0.1,0.1,33.8,70,29.4,0,18288,0,0
3/19/2009 13:00,213,0.1,0.1,33.8,66,29.4,0,18288,0,0
3/19/2009 13:10,213,0.1,0.1,33.6,68,29.4,0,18288,0,0
3/19/2009 13:20,213,0.1,0.1,33.6,67,29.4,0,18288,0,0
3/19/2009 13:30,213,0.1,0.1,33.6,65,29.4,0,18288,0,0
3/19/2009 13:40,213,0.1,0.1,33.6,68,29.4,0,18288,0,0
3/19/2009 13:50,213,0.1,0.1,33.4,64,29.4,0,18288,0,0
3/19/2009 14:00,213,0.1,0.1,33.2,66,29.4,0,18288,0,0
3/19/2009 14:10,213,0.1,0.1,33.2,64,29.4,0,18288,0,0
3/19/2009 14:20,213,0.1,0.1,32.9,67,29.4,0,18288,0,0
3/19/2009 14:30,213,0.1,0.1,32.7,68,29.4,0,18288,0,0
3/19/2009 14:40,213,0.1,0.1,32.5,62,29.4,0,18288,0,0
3/19/2009 14:50,213,0.1,0.1,32.3,64,29.4,0,18288,0,0
3/19/2009 15:00,213,0.1,0.1,32.5,62,29.4,0,18288,0,0
3/19/2009 15:10,213,0.1,0.1,32.1,65,29.4,0,18288,0,0
3/19/2009 15:20,213,0.1,0.1,32,65,29.4,0,18288,0,0
3/19/2009 15:30,213,0.1,0.1,32,66,29.4,0,18288,0,0
3/19/2009 15:40,213,0.1,0.1,32,63,29.4,0,18288,0,0
3/19/2009 15:50,213,0.1,0.1,31.9,63,29.4,0,18288,0,0
3/19/2009 16:00,213,0.1,0.1,31.7,62,29.4,0,18288,0,0
3/19/2009 16:10,213,0.1,0.1,31.7,63,29.4,0,18288,0,0
3/19/2009 16:20,213,0.1,0.1,31.5,62,29.5,0,18288,0,0
3/19/2009 16:30,213,0.1,0.1,31.3,60,29.5,0,18288,0,0
3/19/2009 16:40,213,0.1,0.1,31.3,57,29.5,0,18288,0,0
3/19/2009 16:50,213,0.1,0.1,31.3,59,29.5,0,18288,0,0
3/19/2009 17:00,213,0.1,0.1,31.3,58,29.5,0,18288,0,0
3/19/2009 17:10,213,0.1,0.1,31.1,59,29.5,0,18288,0,0
3/19/2009 17:20,213,0.1,0.1,31.1,61,29.5,0,18288,0,0
3/19/2009 17:30,213,0.1,0.1,30.8,64,29.5,0,18288,0,0
3/19/2009 17:40,213,0.1,0.1,30.4,63,29.5,0,18288,0,0
3/19/2009 17:50,213,0.1,0.1,30.4,64,29.5,0,18288,0,0
3/19/2009 18:00,213,0.1,0.1,30.2,63,29.5,0,18288,0,0
3/19/2009 18:10,213,0.1,0.1,30.2,64,29.5,0,18288,0,0
3/19/2009 18:20,213,0.1,0.1,30.2,65,29.5,0,18288,0,0
3/19/2009 18:30,213,0.1,0.1,30.4,66,29.5,0,18288,0,0
3/19/2009 18:40,213,0.1,0.1,30.4,65,29.5,0,18288,0,0
3/19/2009 18:50,213,0.1,0.1,30.4,66,29.5,0,18288,0,0
3/19/2009 19:00,213,0.1,0.1,30.2,66,29.5,0,18288,0,0
3/19/2009 19:10,213,0.1,0.1,30.1,66,29.5,0,18288,0,0
3/19/2009 19:20,213,0.1,0.1,29.9,67,29.5,0,18288,0,0
3/19/2009 19:30,213,0.1,0.1,29.9,69,29.5,0,18288,0,0
3/19/2009 19:40,213,0.1,0.1,29.7,71,29.5,0,18288,0,0
3/19/2009 19:50,213,0.1,0.1,29.5,75,29.5,0,18288,0,0
3/19/2009 20:00,213,0.1,0.1,29.2,74,29.5,0,18288,0,0
3/19/2009 20:10,213,0.1,0.1,29.2,76,29.5,0,18288,0,0
3/19/2009 20:20,213,0.1,0.1,29,78,29.5,0,18288,0,0
3/19/2009 20:30,213,0.1,0.1,29,79,29.5,0,18288,0,0
3/19/2009 20:40,213,0.1,0.1,29,78,29.5,0,18288,0,0
3/19/2009 20:50,213,0.1,0.1,28.6,77,29.5,0,18288,0,0
3/19/2009 21:00,213,0.1,0.1,28.4,76,29.5,0,18288,0,0
3/19/2009 21:10,213,0.1,0.1,28.3,74,29.4,0,18288,0,0
3/19/2009 21:20,213,0.1,0.1,28.1,71,29.5,0,18288,0,0
3/19/2009 21:30,213,0.1,0.1,28.1,70,29.5,0,18288,0,0
3/19/2009 21:40,213,0.1,0.1,27.9,71,29.5,0,18288,0,0
3/19/2009 21:50,213,0.1,0.1,27.9,71,29.5,0,18288,0,0
3/19/2009 22:00,213,0.1,0.1,27.7,71,29.5,0,18288,0,0
3/19/2009 22:10,213,0.1,0.1,27.7,71,29.5,0,18288,0,0
3/19/2009 22:20,213,0.1,0.1,27.5,71,29.5,0,18288,0,0
3/19/2009 22:30,213,0.1,0.1,27.4,73,29.5,0,18288,0,0
3/19/2009 22:40,213,0.1,0.1,27,75,29.5,0,18288,0,0
3/19/2009 22:50,213,0.1,0.1,26.8,76,29.5,0,18288,0,0
3/19/2009 23:00,213,0.1,0.1,26.8,77,29.5,0,18288,0,0
3/19/2009 23:10,213,0.1,0.1,26.8,77,29.5,0,18288,0,0
3/19/2009 23:20,213,0.1,0.1,26.8,78,29.5,0,18288,0,0
3/19/2009 23:30,213,0.1,0.1,26.6,77,29.5,0,18288,0,0
3/19/2009 23:40,213,0.1,0.1,26.6,77,29.5,0,18288,0,0
3/19/2009 23:50,213,0.1,0.1,26.6,77,29.5,0,18288,0,0
3/20/2009 0:00,213,0.1,0.1,26.6,77,29.5,0,18288,0,0
3/20/2009 0:10,213,0.1,0.1,26.6,76,29.5,0,18288,0,0
3/20/2009 0:20,213,0.1,0.1,26.6,74,29.5,0,18288,0,0
3/20/2009 0:30,213,0.1,0.1,26.6,73,29.5,0,18288,0,0
3/20/2009 0:40,213,0.1,0.1,26.6,73,29.5,0,18288,0,0
3/20/2009 0:50,213,0.1,0.1,26.8,72,29.5,0,18288,0,0
3/20/2009 1:00,213,0.1,0.1,26.8,71,29.5,0,18288,0,0
3/20/2009 1:10,213,0.1,0.1,26.8,71,29.5,0,18288,0,0
3/20/2009 1:20,213,0.1,0.1,26.8,71,29.5,0,18288,0,0
3/20/2009 1:30,213,0.1,0.1,26.6,70,29.5,0,18288,0,0
3/20/2009 1:40,213,0.1,0.1,26.8,69,29.5,0,18288,0,0
3/20/2009 1:50,213,0.1,0.1,26.8,68,29.5,0,18288,0,0
3/20/2009 2:00,213,0.1,0.1,26.8,68,29.5,0,18288,0,0
3/20/2009 2:10,213,0.1,0.1,26.8,68,29.5,0,18288,0,0
3/20/2009 2:20,213,0.1,0.1,26.8,69,29.5,0,18288,0,0
3/20/2009 2:30,213,0.1,0.1,26.8,69,29.5,0,18288,0,0
3/20/2009 2:40,213,0.1,0.1,26.8,68,29.5,0,18288,0,0
3/20/2009 2:50,213,0.1,0.1,26.8,67,29.5,0,18288,0,0
3/20/2009 3:00,213,0.1,0.1,26.8,68,29.5,0,18288,0,0
3/20/2009 3:10,213,0.1,0.1,26.6,68,29.5,0,18288,0,0
3/20/2009 3:20,213,0.1,0.1,26.6,67,29.5,0,18288,0,0
3/20/2009 3:30,213,0.1,0.1,26.6,68,29.5,0,18288,0,0
3/20/2009 3:40,213,0.1,0.1,26.8,69,29.5,0,18288,0,0
3/20/2009 3:50,213,0.1,0.1,26.6,68,29.5,0,18288,0,0
3/20/2009 4:00,213,0.1,0.1,26.6,69,29.5,0,18358,0.06,0.06
3/20/2009 4:10,213,0.1,0.1,26.6,70,29.5,0,18438,0,0
3/20/2009 4:20,213,0.1,0.1,26.6,70,29.5,0,18438,0,0
3/20/2009 4:30,213,0.1,0.1,26.6,71,29.5,0,18438,0,0
3/20/2009 4:40,213,0.1,0.1,26.6,70,29.5,0,18438,0,0
3/20/2009 4:50,213,0.1,0.1,26.6,71,29.5,0,18438,0,0
3/20/2009 5:00,213,0.1,0.1,27,71,29.5,0,18438,0,0
3/20/2009 5:10,213,0.1,0.1,27.2,71,29.5,0,18438,0,0
3/20/2009 5:20,213,0.1,0.1,27.5,72,29.6,0,18438,0,0
3/20/2009 5:30,213,0.1,0.1,27.5,74,29.6,0,18438,0,0
3/20/2009 5:40,213,0.1,0.1,28.1,74,29.6,0,18438,0,0
3/20/2009 5:50,213,0.1,0.1,28.4,74,29.6,0,18438,0,0
3/20/2009 6:00,213,0.1,0.1,28.6,75,29.6,0,18438,0,0
3/20/2009 6:10,213,0.1,0.1,28.8,75,29.6,0,18438,0,0
3/20/2009 6:20,213,0.1,0.1,28.8,74,29.6,0,18438,0,0
3/20/2009 6:30,213,0.1,0.1,29,73,29.6,0,18438,0,0
3/20/2009 6:40,213,0.1,0.1,29,72,29.6,0,18438,0,0
3/20/2009 6:50,213,0.1,0.1,29.2,70,29.6,0,18438,0,0
3/20/2009 7:00,213,0.1,0.1,29.7,68,29.6,0,18438,0,0
3/20/2009 7:10,213,0.1,0.1,29.7,67,29.6,0,18438,0,0
3/20/2009 7:20,213,0.1,0.1,30.2,67,29.6,0,18438,0,0
3/20/2009 7:30,213,0.1,0.1,29.9,67,29.6,0,18438,0,0
3/20/2009 7:40,213,0.1,0.1,29.9,67,29.6,0,18438,0,0
3/20/2009 7:50,213,0.1,0.1,30.1,66,29.6,0,18438,0,0
3/20/2009 8:00,213,0.1,0.1,30.1,67,29.6,0,18438,0,0
3/20/2009 8:10,213,0.1,0.1,30.2,66,29.6,0,18438,0,0
3/20/2009 8:20,213,0.1,0.1,30.6,65,29.6,0,18438,0,0
3/20/2009 8:30,213,0.1,0.1,30.6,63,29.6,0,18438,0,0
3/20/2009 8:40,213,0.1,0.1,30.8,62,29.6,0,18438,0,0
3/20/2009 8:50,213,0.1,0.1,30.4,64,29.6,0,18438,0,0
3/20/2009 9:00,213,0.1,0.1,30.6,62,29.6,0,18438,0,0
3/20/2009 9:10,213,0.1,0.1,30.4,61,29.6,0,18438,0,0
3/20/2009 9:20,213,0.1,0.1,30.6,58,29.6,0,18438,0,0
3/20/2009 9:30,213,0.1,0.1,30.2,58,29.6,0,18438,0,0
3/20/2009 9:40,213,0.1,0.1,31.1,56,29.6,0,18438,0,0
3/20/2009 9:50,213,0.1,0.1,30.6,53,29.6,0,18438,0,0
3/20/2009 10:00,213,0.1,0.1,30.8,51,29.6,0,18438,0,0
3/20/2009 10:10,213,0.1,0.1,30.6,52,29.6,0,18438,0,0
3/20/2009 10:20,213,0.1,0.1,31.7,52,29.6,0,18438,0,0
3/20/2009 10:30,213,0.1,0.1,31.1,49,29.6,0,18438,0,0
3/20/2009 10:40,213,0.1,0.1,30.6,51,29.6,0,18438,0,0
3/20/2009 10:50,213,0.1,0.1,31.3,48,29.6,0,18438,0,0
3/20/2009 11:00,213,0.1,0.1,31.3,47,29.6,0,18438,0,0
3/20/2009 11:10,213,0.1,0.1,31.5,49,29.6,0,18438,0,0
3/20/2009 11:20,213,0.1,0.1,31.1,48,29.6,0,18438,0,0
3/20/2009 11:30,213,0.1,0.1,31.3,49,29.6,0,18438,0,0
3/20/2009 11:40,213,0.1,0.1,31.3,47,29.6,0,18438,0,0
3/20/2009 11:50,213,0.1,0.1,31.5,46,29.6,0,18438,0,0
3/20/2009 12:00,213,0.1,0.1,31.1,47,29.6,0,18438,0,0
3/20/2009 12:10,213,0.1,0.1,31.5,48,29.6,0,18438,0,0
3/20/2009 12:20,213,0.1,0.1,31.9,48,29.6,0,18438,0,0
3/20/2009 12:30,213,0.1,0.1,31.7,49,29.6,0,18438,0,0
3/20/2009 12:40,213,0.1,0.1,31.9,49,29.6,0,18438,0,0
3/20/2009 12:50,213,0.1,0.1,31.7,49,29.6,0,18438,0,0
3/20/2009 13:00,213,0.1,0.1,31.5,48,29.6,0,18438,0,0
3/20/2009 13:10,213,0.1,0.1,32.1,47,29.6,0,18438,0,0
3/20/2009 13:20,213,0.1,0.1,31.5,49,29.6,0,18438,0,0
3/20/2009 13:30,213,0.1,0.1,32,48,29.6,0,18438,0,0
3/20/2009 13:40,213,0.1,0.1,32.1,46,29.6,0,18438,0,0
3/20/2009 13:50,213,0.1,0.1,31.9,47,29.6,0,18438,0,0
3/20/2009 14:00,213,0.1,0.1,32,47,29.6,0,18438,0,0
3/20/2009 14:10,213,0.1,0.1,31.9,46,29.6,0,18438,0,0
3/20/2009 14:20,213,0.1,0.1,31.9,47,29.6,0,18438,0,0
3/20/2009 14:30,213,0.1,0.1,31.7,46,29.6,0,18438,0,0
3/20/2009 14:40,213,0.1,0.1,31.9,47,29.6,0,18438,0,0
3/20/2009 14:50,213,0.1,0.1,32,46,29.6,0,18438,0,0
3/20/2009 15:00,213,0.1,0.1,32,46,29.6,0,18438,0,0
3/20/2009 15:10,213,0.1,0.1,32,44,29.6,0,18438,0,0
3/20/2009 15:20,213,0.1,0.1,32,42,29.6,0,18438,0,0
3/20/2009 15:30,213,0.1,0.1,32,39,29.6,0,18438,0,0
3/20/2009 15:40,213,0.1,0.1,32.1,39,29.6,0,18438,0,0
3/20/2009 15:50,213,0.1,0.1,32,36,29.6,0,18438,0,0
3/20/2009 16:00,213,0.1,0.1,32,37,29.6,0,18438,0,0
3/20/2009 16:10,213,0.1,0.1,32,38,29.6,0,18438,0,0
3/20/2009 16:20,213,0.1,0.1,32,41,29.6,0,18438,0,0
3/20/2009 16:30,213,0.1,0.1,31.9,41,29.6,0,18438,0,0
3/20/2009 16:40,213,0.1,0.1,31.7,36,29.6,0,18438,0,0
3/20/2009 16:50,213,0.1,0.1,31.5,36,29.6,0,18438,0,0
3/20/2009 17:00,213,0.1,0.1,31.3,36,29.6,0,18438,0,0
3/20/2009 17:10,213,0.1,0.1,31.3,38,29.6,0,18438,0,0
3/20/2009 17:20,213,0.1,0.1,31.3,37,29.6,0,18438,0,0
3/20/2009 17:30,213,0.1,0.1,31,43,29.6,0,18438,0,0
3/20/2009 17:40,213,0.1,0.1,30.2,55,29.6,0,18438,0,0
3/20/2009 17:50,213,0.1,0.1,30.1,60,29.6,0,18438,0,0
3/20/2009 18:00,213,0.1,0.1,29.9,62,29.6,0,18438,0,0
3/20/2009 18:10,213,0.1,0.1,29.5,64,29.6,0,18438,0,0
3/20/2009 18:20,213,0.1,0.1,29.7,62,29.6,0,18438,0,0
3/20/2009 18:30,213,0.1,0.1,29.9,64,29.6,0,18438,0,0
3/20/2009 18:40,213,0.1,0.1,29.9,64,29.6,0,18438,0,0
3/20/2009 18:50,213,0.1,0.1,29.7,64,29.6,0,18438,0,0
3/20/2009 19:00,213,0.1,0.1,29.5,64,29.6,0,18438,0,0
3/20/2009 19:10,213,0.1,0.1,29.5,64,29.6,0,18438,0,0
3/20/2009 19:20,213,0.1,0.1,29.7,65,29.6,0,18438,0,0
3/20/2009 19:30,213,0.1,0.1,29.7,65,29.6,0,18438,0,0
3/20/2009 19:40,213,0.1,0.1,29.5,67,29.6,0,18438,0,0
3/20/2009 19:50,213,0.1,0.1,29.3,66,29.6,0,18438,0,0
3/20/2009 20:00,213,0.1,0.1,29.2,66,29.6,0,18438,0,0
3/20/2009 20:10,213,0.1,0.1,29,67,29.6,0,18438,0,0
3/20/2009 20:20,213,0.1,0.1,28.6,68,29.6,0,18438,0,0
3/20/2009 20:30,213,0.1,0.1,28.6,69,29.6,0,18438,0,0
3/20/2009 20:40,213,0.1,0.1,28.4,66,29.6,0,18438,0,0
3/20/2009 20:50,213,0.1,0.1,28.4,61,29.6,0,18438,0,0
3/20/2009 21:00,213,0.1,0.1,28.3,55,29.6,0,18438,0,0
3/20/2009 21:10,213,0.1,0.1,27.9,53,29.6,0,18438,0,0
3/20/2009 21:20,213,0.1,0.1,27.7,51,29.6,0,18438,0,0
3/20/2009 21:30,213,0.1,0.1,27.7,49,29.6,0,18438,0,0
3/20/2009 21:40,213,0.1,0.1,28.1,48,29.6,0,18438,0,0
3/20/2009 21:50,213,0.1,0.1,27.7,50,29.6,0,18438,0,0
3/20/2009 22:00,213,0.1,0.1,27.4,51,29.6,0,18438,0,0
3/20/2009 22:10,213,0.1,0.1,27.4,50,29.6,0,18438,0,0
3/20/2009 22:20,213,0.1,0.1,27,51,29.6,0,18438,0,0
3/20/2009 22:30,213,0.1,0.1,27,51,29.6,0,18438,0,0
3/20/2009 22:40,213,0.1,0.1,27.2,50,29.6,0,18438,0,0
3/20/2009 22:50,213,0.1,0.1,27.2,51,29.6,0,18438,0,0
3/20/2009 23:00,213,0.1,0.1,27,51,29.6,0,18438,0,0
3/20/2009 23:10,213,0.1,0.1,27.2,51,29.6,0,18438,0,0
3/20/2009 23:20,213,0.1,0.1,26.8,52,29.6,0,18438,0,0
3/20/2009 23:30,213,0.1,0.1,26.6,53,29.6,0,18438,0,0
3/20/2009 23:40,213,0.1,0.1,26.6,53,29.6,0,18438,0,0
3/20/2009 23:50,213,0.1,0.1,26.8,52,29.6,0,18438,0,0
3/21/2009 0:00,213,0.1,0.1,26.5,54,29.6,0,18438,0,0
3/21/2009 0:10,213,0.1,0.1,26.6,54,29.6,0,18438,0,0
3/21/2009 0:20,213,0.1,0.1,26.3,55,29.6,0,18438,0,0
3/21/2009 0:30,213,0.1,0.1,26.3,55,29.6,0,18438,0,0
3/21/2009 0:40,213,0.1,0.1,26.3,54,29.6,0,18438,0,0
3/21/2009 0:50,213,0.1,0.1,26.3,55,29.6,0,18438,0,0
3/21/2009 1:00,213,0.1,0.1,26.3,54,29.6,0,18438,0,0
3/21/2009 1:10,213,0.1,0.1,26.5,53,29.6,0,18438,0,0
3/21/2009 1:20,213,0.1,0.1,26.6,54,29.6,0,18438,0,0
3/21/2009 1:30,213,0.1,0.1,27,52,29.6,0,18438,0,0
3/21/2009 1:40,213,0.1,0.1,27.2,52,29.6,0,18438,0,0
3/21/2009 1:50,213,0.1,0.1,27.4,51,29.6,0,18438,0,0
3/21/2009 2:00,213,0.1,0.1,27.4,51,29.6,0,18438,0,0
3/21/2009 2:10,213,0.1,0.1,26.8,53,29.6,0,18438,0,0
3/21/2009 2:20,213,0.1,0.1,27,53,29.6,0,18438,0,0
3/21/2009 2:30,213,0.1,0.1,27,53,29.6,0,18438,0,0
3/21/2009 2:40,213,0.1,0.1,26.6,53,29.6,0,18438,0,0
3/21/2009 2:50,213,0.1,0.1,27,54,29.6,0,18438,0,0
3/21/2009 3:00,213,0.1,0.1,27.5,55,29.6,0,18438,0,0
3/21/2009 3:10,213,0.1,0.1,27.5,60,29.6,0,18438,0,0
3/21/2009 3:20,213,0.1,0.1,27.9,55,29.6,0,18438,0,0
3/21/2009 3:30,213,0.1,0.1,29,52,29.6,0,18438,0,0
3/21/2009 3:40,213,0.1,0.1,28.3,52,29.6,0,18438,0,0
3/21/2009 3:50,213,0.1,0.1,27.2,54,29.6,0,18438,0,0
3/21/2009 4:00,213,0.1,0.1,26.8,55,29.6,0,18438,0,0
3/21/2009 4:10,213,0.1,0.1,27.5,55,29.6,0,18438,0,0
3/21/2009 4:20,213,0.1,0.1,27.5,54,29.6,0,18438,0,0
3/21/2009 4:30,213,0.1,0.1,27.4,58,29.6,0,18438,0,0
3/21/2009 4:40,213,0.1,0.1,27.5,59,29.6,0,18438,0,0
3/21/2009 4:50,213,0.1,0.1,27.5,59,29.6,0,18438,0,0
3/21/2009 5:00,213,0.1,0.1,28.1,56,29.6,0,18438,0,0
3/21/2009 5:10,213,0.1,0.1,28.4,55,29.6,0,18438,0,0
3/21/2009 5:20,213,0.1,0.1,29,55,29.6,0,18438,0,0
3/21/2009 5:30,213,0.1,0.1,29.3,58,29.6,0,18438,0,0
3/21/2009 5:40,213,0.1,0.1,29.2,52,29.6,0,18438,0,0
3/21/2009 5:50,213,0.1,0.1,29.2,54,29.6,0,18438,0,0
3/21/2009 6:00,213,0.1,0.1,29.5,54,29.6,0,18438,0,0
3/21/2009 6:10,213,0.1,0.1,30.1,58,29.6,0,18438,0,0
3/21/2009 6:20,213,0.1,0.1,30.6,56,29.6,0,18438,0,0
3/21/2009 6:30,213,0.1,0.1,31.3,55,29.6,0,18438,0,0
3/21/2009 6:40,213,0.1,0.1,31.7,55,29.6,0,18438,0,0
3/21/2009 6:50,213,0.1,0.1,32,55,29.6,0,18438,0,0
3/21/2009 7:00,213,0.1,0.1,32.3,56,29.6,0,18438,0,0
3/21/2009 7:10,213,0.1,0.1,34.5,52,29.6,0,18438,0,0
3/21/2009 7:20,213,0.1,0.1,34.8,47,29.6,0,18438,0,0
3/21/2009 7:30,213,0.1,0.1,36.3,46,29.6,0,18438,0,0
3/21/2009 7:40,213,0.1,0.1,36.3,49,29.6,0,18438,0,0
3/21/2009 7:50,213,0.1,0.1,36.6,43,29.6,0,18438,0,0
3/21/2009 8:00,213,0.1,0.1,37,44,29.6,0,18438,0,0
3/21/2009 8:10,213,0.1,0.1,36.6,47,29.6,0,18438,0,0
3/21/2009 8:20,213,0.1,0.1,35.9,55,29.6,0,18438,0,0
3/21/2009 8:30,213,0.1,0.1,34.5,60,29.6,0,18438,0,0
3/21/2009 8:40,213,0.1,0.1,33.9,62,29.6,0,18438,0,0
3/21/2009 8:50,213,0.1,0.1,33.4,63,29.6,0,18438,0,0
3/21/2009 9:00,213,0.1,0.1,33.2,64,29.6,0,18438,0,0
3/21/2009 9:10,213,0.1,0.1,32.9,65,29.6,0,18438,0,0
3/21/2009 9:20,213,0.1,0.1,32.9,65,29.6,0,18438,0,0
3/21/2009 9:30,213,0.1,0.1,32.7,66,29.6,0,18438,0,0
3/21/2009 9:40,213,0.1,0.1,32.9,65,29.6,0,18438,0,0
3/21/2009 9:50,213,0.1,0.1,32.5,64,29.6,0,18438,0,0
3/21/2009 10:00,213,0.1,0.1,32.9,63,29.6,0,18438,0,0
3/21/2009 10:10,213,0.1,0.1,33,62,29.6,0,18438,0,0
3/21/2009 10:20,213,0.1,0.1,32.9,60,29.6,0,18438,0,0
3/21/2009 10:30,213,0.1,0.1,33,63,29.6,0,18438,0,0
3/21/2009 10:40,213,0.1,0.1,33.2,61,29.6,0,18438,0,0
3/21/2009 10:50,213,0.1,0.1,33.9,61,29.6,0,18438,0,0
3/21/2009 11:00,213,0.1,0.1,34.5,58,29.6,0,18438,0,0
3/21/2009 11:10,213,0.1,0.1,34.8,57,29.6,0,18438,0,0
3/21/2009 11:20,213,0.1,0.1,35.4,56,29.6,0,18438,0,0
3/21/2009 11:30,213,0.1,0.1,35.6,53,29.6,0,18438,0,0
3/21/2009 11:40,213,0.1,0.1,35.4,53,29.6,0,18438,0,0
3/21/2009 11:50,213,0.1,0.1,35.6,57,29.6,0,18438,0,0
3/21/2009 12:00,213,0.1,0.1,35.9,53,29.6,0,18438,0,0
3/21/2009 12:10,213,0.1,0.1,36.6,50,29.6,0,18438,0,0
3/21/2009 12:20,213,0.1,0.1,37.2,48,29.6,0,18438,0,0
3/21/2009 12:30,213,0.1,0.1,37.5,48,29.6,0,18438,0,0
3/21/2009 12:40,213,0.1,0.1,37.5,48,29.6,0,18438,0,0
3/21/2009 12:50,213,0.1,0.1,37.2,47,29.6,0,18438,0,0
3/21/2009 13:00,213,0.1,0.1,37.5,45,29.6,0,18438,0,0
3/21/2009 13:10,213,0.1,0.1,37.5,44,29.6,0,18438,0,0
3/21/2009 13:20,213,0.1,0.1,37.4,44,29.6,0,18438,0,0
3/21/2009 13:30,213,0.1,0.1,37.4,43,29.6,0,18438,0,0
3/21/2009 13:40,213,0.1,0.1,36.8,48,29.6,0,18438,0,0
3/21/2009 13:50,213,0.1,0.1,36.6,46,29.6,0,18438,0,0
3/21/2009 14:00,213,0.1,0.1,35.9,51,29.6,0,18438,0,0
3/21/2009 14:10,213,0.1,0.1,35.7,53,29.6,0,18438,0,0
3/21/2009 14:20,213,0.1,0.1,35.4,56,29.6,0,18438,0,0
3/21/2009 14:30,213,0.1,0.1,35.9,54,29.6,0,18438,0,0
3/21/2009 14:40,213,0.1,0.1,35.4,57,29.6,0,18438,0,0
3/21/2009 14:50,213,0.1,0.1,35,60,29.6,0,18438,0,0
3/21/2009 15:00,213,0.1,0.1,35.2,55,29.6,0,18438,0,0
3/21/2009 15:10,213,0.1,0.1,35.9,51,29.6,0,18438,0,0
3/21/2009 15:20,213,0.1,0.1,36.8,50,29.6,0,18438,0,0
3/21/2009 15:30,213,0.1,0.1,37,48,29.6,0,18438,0,0
3/21/2009 15:40,213,0.1,0.1,37,45,29.6,0,18438,0,0
3/21/2009 15:50,213,0.1,0.1,36.8,45,29.6,0,18438,0,0
3/21/2009 16:00,213,0.1,0.1,36.6,46,29.6,0,18438,0,0
3/21/2009 16:10,213,0.1,0.1,36.6,47,29.6,0,18438,0,0
3/21/2009 16:20,213,0.1,0.1,36.3,48,29.6,0,18438,0,0
3/21/2009 16:30,213,0.1,0.1,35.7,50,29.6,0,18438,0,0
3/21/2009 16:40,213,0.1,0.1,35.4,51,29.6,0,18438,0,0
3/21/2009 16:50,213,0.1,0.1,35.2,51,29.6,0,18438,0,0
3/21/2009 17:00,213,0.1,0.1,34.8,52,29.6,0,18438,0,0
3/21/2009 17:10,213,0.1,0.1,34.5,53,29.6,0,18438,0,0
3/21/2009 17:20,213,0.1,0.1,33.9,54,29.6,0,18438,0,0
3/21/2009 17:30,213,0.1,0.1,34.3,54,29.6,0,18438,0,0
3/21/2009 17:40,213,0.1,0.1,35.2,53,29.6,0,18438,0,0
3/21/2009 17:50,213,0.1,0.1,36.3,51,29.6,0,18438,0,0
3/21/2009 18:00,213,0.1,0.1,36.6,50,29.6,0,18438,0,0
3/21/2009 18:10,213,0.1,0.1,37,50,29.6,0,18438,0,0
3/21/2009 18:20,213,0.1,0.1,37,50,29.6,0,18438,0,0
3/21/2009 18:30,213,0.1,0.1,36.6,49,29.6,0,18438,0,0
3/21/2009 18:40,213,0.1,0.1,36.6,50,29.6,0,18438,0,0
3/21/2009 18:50,213,0.1,0.1,36.5,51,29.6,0,18438,0,0
3/21/2009 19:00,213,0.1,0.1,36.1,51,29.6,0,18438,0,0
3/21/2009 19:10,213,0.1,0.1,35.7,51,29.6,0,18438,0,0
3/21/2009 19:20,213,0.1,0.1,35.9,51,29.6,0,18438,0,0
3/21/2009 19:30,213,0.1,0.1,35.9,51,29.6,0,18438,0,0
3/21/2009 19:40,213,0.1,0.1,35.7,51,29.6,0,18438,0,0
3/21/2009 19:50,213,0.1,0.1,35.4,51,29.6,0,18438,0,0
3/21/2009 20:00,213,0.1,0.1,35.6,51,29.6,0,18438,0,0
3/21/2009 20:10,213,0.1,0.1,34.5,53,29.6,0,18438,0,0
3/21/2009 20:20,213,0.1,0.1,35,52,29.6,0,18438,0,0
3/21/2009 20:30,213,0.1,0.1,35.2,51,29.6,0,18438,0,0
3/21/2009 20:40,213,0.1,0.1,34.3,52,29.6,0,18438,0,0
3/21/2009 20:50,213,0.1,0.1,34.3,52,29.6,0,18438,0,0
3/21/2009 21:00,213,0.1,0.1,34.1,52,29.6,0,18438,0,0
3/21/2009 21:10,213,0.1,0.1,34.5,50,29.6,0,18438,0,0
3/21/2009 21:20,213,0.1,0.1,34.5,50,29.6,0,18438,0,0
3/21/2009 21:30,213,0.1,0.1,34.7,50,29.6,0,18438,0,0
3/21/2009 21:40,213,0.1,0.1,34.7,50,29.6,0,18438,0,0
3/21/2009 21:50,213,0.1,0.1,34.5,50,29.6,0,18438,0,0
3/21/2009 22:00,213,0.1,0.1,34.5,50,29.6,0,18438,0,0
3/21/2009 22:10,213,0.1,0.1,34.5,51,29.6,0,18438,0,0
3/21/2009 22:20,213,0.1,0.1,34.5,51,29.6,0,18438,0,0
3/21/2009 22:30,213,0.1,0.1,34.8,50,29.6,0,18438,0,0
3/21/2009 22:40,213,0.1,0.1,35,50,29.6,0,18438,0,0
3/21/2009 22:50,213,0.1,0.1,35.2,50,29.6,0,18438,0,0
3/21/2009 23:00,213,0.1,0.1,35.4,49,29.6,0,18438,0,0
3/21/2009 23:10,213,0.1,0.1,35.6,48,29.6,0,18438,0,0
3/21/2009 23:20,213,0.1,0.1,35.9,48,29.6,0,18438,0,0
3/21/2009 23:30,213,0.1,0.1,36.1,48,29.6,0,18438,0,0
3/21/2009 23:40,213,0.1,0.1,36.3,48,29.6,0,18438,0,0
3/21/2009 23:50,213,0.1,0.1,36.3,47,29.6,0,18438,0,0
3/22/2009 0:00,213,0.1,0.1,36.8,46,29.6,0,18438,0,0
3/22/2009 0:10,213,0.1,0.1,37.2,45,29.6,0,18438,0,0
3/22/2009 0:20,213,0.1,0.1,37,46,29.6,0,18438,0,0
3/22/2009 0:30,213,0.1,0.1,37.2,46,29.6,0,18438,0,0
3/22/2009 0:40,213,0.1,0.1,37.2,46,29.6,0,18438,0,0
3/22/2009 0:50,213,0.1,0.1,37,46,29.6,0,18438,0,0
3/22/2009 1:00,213,0.1,0.1,37,47,29.6,0,18438,0,0
3/22/2009 1:10,213,0.1,0.1,37.5,47,29.6,0,18438,0,0
3/22/2009 1:20,213,0.1,0.1,37.5,47,29.6,0,18438,0,0
3/22/2009 1:30,213,0.1,0.1,37.4,46,29.6,0,18438,0,0
3/22/2009 1:40,213,0.1,0.1,37.4,46,29.6,0,18438,0,0
3/22/2009 1:50,213,0.1,0.1,37.4,47,29.6,0,18438,0,0
3/22/2009 2:00,213,0.1,0.1,37.4,47,29.6,0,18438,0,0
3/22/2009 2:10,213,0.1,0.1,37.5,47,29.6,0,18438,0,0
3/22/2009 2:20,213,0.1,0.1,37.4,47,29.6,0,18438,0,0
3/22/2009 2:30,213,0.1,0.1,37.2,48,29.6,0,18438,0,0
3/22/2009 2:40,213,0.1,0.1,37.4,47,29.6,0,18438,0,0
3/22/2009 2:50,213,0.1,0.1,37.5,47,29.6,0,18438,0,0
3/22/2009 3:00,213,0.1,0.1,37.9,48,29.6,0,18438,0,0
3/22/2009 3:10,213,0.1,0.1,37.5,48,29.6,0,18438,0,0
3/22/2009 3:20,213,0.1,0.1,37.9,48,29.6,0,18438,0,0
3/22/2009 3:30,213,0.1,0.1,37.9,48,29.6,0,18438,0,0
3/22/2009 3:40,213,0.1,0.1,37.7,48,29.6,0,18438,0,0
3/22/2009 3:50,213,0.1,0.1,37.9,47,29.6,0,18438,0,0
3/22/2009 4:00,213,0.1,0.1,37.7,47,29.6,0,18438,0,0
3/22/2009 4:10,213,0.1,0.1,37.5,48,29.6,0,18468,0,0
3/22/2009 4:20,213,0.1,0.1,37.5,47,29.6,0,18468,0,0
3/22/2009 4:30,213,0.1,0.1,37.5,48,29.6,0,18468,0,0
3/22/2009 4:40,213,0.1,0.1,37.5,48,29.6,0,18468,0,0
3/22/2009 4:50,213,0.1,0.1,37.7,48,29.6,0,18468,0,0
3/22/2009 5:00,213,0.1,0.1,37.7,48,29.6,0,18468,0,0
3/22/2009 5:10,213,0.1,0.1,37.9,48,29.6,0,18468,0,0
3/22/2009 5:20,213,0.1,0.1,38.1,49,29.6,0,18468,0,0
3/22/2009 5:30,213,0.1,0.1,38.3,49,29.6,0,18468,0,0
3/22/2009 5:40,213,0.1,0.1,38.8,49,29.6,0,18468,0,0
3/22/2009 5:50,213,0.1,0.1,39.3,48,29.6,0,18468,0,0
3/22/2009 6:00,213,0.1,0.1,40.1,48,29.6,0,18468,0,0
3/22/2009 6:10,213,0.1,0.1,40.6,47,29.6,0,18468,0,0
3/22/2009 6:20,213,0.1,0.1,40.8,46,29.6,0,18468,0,0
3/22/2009 6:30,213,0.1,0.1,41.1,47,29.6,0,18468,0,0
3/22/2009 6:40,213,0.1,0.1,42.8,44,29.6,0,18468,0,0
3/22/2009 6:50,213,0.1,0.1,41.7,44,29.6,0,18468,0,0
3/22/2009 7:00,213,0.1,0.1,41.7,45,29.6,0,18468,0,0
3/22/2009 7:10,213,0.1,0.1,42,46,29.6,0,18468,0,0
3/22/2009 7:20,213,0.1,0.1,41.7,45,29.6,0,18468,0,0
3/22/2009 7:30,213,0.1,0.1,41.7,45,29.6,0,18468,0,0
3/22/2009 7:40,213,0.1,0.1,41.9,46,29.6,0,18468,0,0
3/22/2009 7:50,213,0.1,0.1,42.2,46,29.6,0,18468,0,0
3/22/2009 8:00,213,0.1,0.1,42.2,45,29.6,0,18468,0,0
3/22/2009 8:10,213,0.1,0.1,42,44,29.6,0,18468,0,0
3/22/2009 8:20,213,0.1,0.1,42.6,45,29.6,0,18468,0,0
3/22/2009 8:30,213,0.1,0.1,42.8,45,29.6,0,18468,0,0
3/22/2009 8:40,213,0.1,0.1,43.3,42,29.6,0,18468,0,0
3/22/2009 8:50,213,0.1,0.1,43.7,42,29.6,0,18468,0,0
3/22/2009 9:00,213,0.1,0.1,43.1,42,29.6,0,18468,0,0
3/22/2009 9:10,213,0.1,0.1,43.1,41,29.6,0,18468,0,0
3/22/2009 9:20,213,0.1,0.1,41.3,47,29.6,0,18468,0,0
3/22/2009 9:30,213,0.1,0.1,42,43,29.6,0,18468,0,0
3/22/2009 9:40,213,0.1,0.1,41.9,44,29.6,0,18468,0,0
3/22/2009 9:50,213,0.1,0.1,42.2,43,29.6,0,18468,0,0
3/22/2009 10:00,213,0.1,0.1,41.5,44,29.6,0,18468,0,0
3/22/2009 10:10,213,0.1,0.1,40.1,49,29.6,0,18468,0,0
3/22/2009 10:20,213,0.1,0.1,40.1,46,29.6,0,18468,0,0
3/22/2009 10:30,213,0.1,0.1,40.8,46,29.6,0,18468,0,0
3/22/2009 10:40,213,0.1,0.1,40.8,47,29.6,0,18468,0,0
3/22/2009 10:50,213,0.1,0.1,40.6,47,29.6,0,18468,0,0
3/22/2009 11:00,213,0.1,0.1,41.1,48,29.6,0,18468,0,0
3/22/2009 11:10,213,0.1,0.1,41.1,47,29.6,0,18468,0,0
3/22/2009 11:20,213,0.1,0.1,39.7,45,29.6,0,18468,0,0
3/22/2009 11:30,213,0.1,0.1,39.7,47,29.6,0,18468,0,0
3/22/2009 11:40,213,0.1,0.1,39.5,51,29.6,0,18468,0,0
3/22/2009 11:50,213,0.1,0.1,39.3,57,29.6,0,18468,0,0
3/22/2009 12:00,213,0.1,0.1,39.2,62,29.6,0,18468,0,0
3/22/2009 12:10,213,0.1,0.1,39,67,29.6,0,18468,0,0
3/22/2009 12:20,213,0.1,0.1,38.4,70,29.6,0,18468,0,0
3/22/2009 12:30,213,0.1,0.1,37.9,74,29.6,0,18468,0,0
3/22/2009 12:40,213,0.1,0.1,37.5,76,29.6,0,18468,0,0
3/22/2009 12:50,213,0.1,0.1,37.5,77,29.6,0,18468,0,0
3/22/2009 13:00,213,0.1,0.1,37.5,78,29.6,0,18468,0,0
3/22/2009 13:10,213,0.1,0.1,37.5,78,29.5,0,18468,0,0
3/22/2009 13:20,213,0.1,0.1,37.9,78,29.6,0,18468,0,0
3/22/2009 13:30,213,0.1,0.1,37.5,78,29.6,0,18468,0,0
3/22/2009 13:40,213,0.1,0.1,37.4,76,29.6,0,18468,0,0
3/22/2009 13:50,213,0.1,0.1,37.7,77,29.6,0,18468,0,0
3/22/2009 14:00,213,0.1,0.1,37.7,75,29.6,0,18468,0,0
3/22/2009 14:10,213,0.1,0.1,37.5,75,29.6,0,18468,0,0
3/22/2009 14:20,213,0.1,0.1,37.5,76,29.6,0,18468,0,0
3/22/2009 14:30,213,0.1,0.1,38.4,73,29.6,0,18468,0,0
3/22/2009 14:40,213,0.1,0.1,38.4,70,29.6,0,18468,0,0
3/22/2009 14:50,213,0.1,0.1,38.4,68,29.6,0,18468,0,0
3/22/2009 15:00,213,0.1,0.1,38.4,68,29.6,0,18468,0,0
3/22/2009 15:10,213,0.1,0.1,39,66,29.6,0,18468,0,0
3/22/2009 15:20,213,0.1,0.1,39.5,65,29.6,0,18468,0,0
3/22/2009 15:30,213,0.1,0.1,39.5,65,29.6,0,18468,0,0
3/22/2009 15:40,213,0.1,0.1,39.9,62,29.5,0,18468,0,0
3/22/2009 15:50,213,0.1,0.1,40.1,64,29.5,0,18468,0,0
3/22/2009 16:00,213,0.1,0.1,40.1,63,29.5,0,18468,0,0
3/22/2009 16:10,213,0.1,0.1,39.3,69,29.6,0,18468,0,0
3/22/2009 16:20,213,0.1,0.1,39,68,29.6,0,18468,0,0
3/22/2009 16:30,213,0.1,0.1,38.4,66,29.6,0,18468,0,0
3/22/2009 16:40,213,0.1,0.1,38.3,65,29.6,0,18468,0,0
3/22/2009 16:50,213,0.1,0.1,38.1,63,29.6,0,18468,0,0
3/22/2009 17:00,213,0.1,0.1,37.9,63,29.6,0,18468,0,0
3/22/2009 17:10,213,0.1,0.1,37.9,58,29.6,0,18468,0,0
3/22/2009 17:20,213,0.1,0.1,37.9,57,29.6,0,18468,0,0
3/22/2009 17:30,213,0.1,0.1,37.7,62,29.6,0,18468,0,0
3/22/2009 17:40,213,0.1,0.1,37.5,63,29.6,0,18468,0,0
3/22/2009 17:50,213,0.1,0.1,37.2,65,29.6,0,18468,0,0
3/22/2009 18:00,213,0.1,0.1,36.6,68,29.6,0,18468,0,0
3/22/2009 18:10,213,0.1,0.1,36.3,69,29.6,0,18468,0,0
3/22/2009 18:20,213,0.1,0.1,36.1,66,29.6,0,18468,0,0
3/22/2009 18:30,213,0.1,0.1,35.7,66,29.6,0,18468,0,0
3/22/2009 18:40,213,0.1,0.1,35.6,65,29.6,0,18468,0,0
3/22/2009 18:50,213,0.1,0.1,35.2,65,29.6,0,18468,0,0
3/22/2009 19:00,213,0.1,0.1,35,64,29.6,0,18468,0,0
3/22/2009 19:10,213,0.1,0.1,34.7,64,29.6,0,18468,0,0
3/22/2009 19:20,213,0.1,0.1,34.3,62,29.6,0,18468,0,0
3/22/2009 19:30,213,0.1,0.1,34.3,57,29.6,0,18468,0,0
3/22/2009 19:40,213,0.1,0.1,33.9,58,29.6,0,18468,0,0
3/22/2009 19:50,213,0.1,0.1,33.8,59,29.6,0,18468,0,0
3/22/2009 20:00,213,0.1,0.1,33.8,58,29.6,0,18468,0,0
3/22/2009 20:10,213,0.1,0.1,33.4,60,29.6,0,18468,0,0
3/22/2009 20:20,213,0.1,0.1,33.2,60,29.6,0,18468,0,0
3/22/2009 20:30,213,0.1,0.1,33,59,29.6,0,18468,0,0
3/22/2009 20:40,213,0.1,0.1,33.2,57,29.6,0,18468,0,0
3/22/2009 20:50,213,0.1,0.1,33.8,53,29.6,0,18468,0,0
3/22/2009 21:00,213,0.1,0.1,33.4,55,29.6,0,18468,0,0
3/22/2009 21:10,213,0.1,0.1,33,57,29.6,0,18468,0,0
3/22/2009 21:20,213,0.1,0.1,32.5,59,29.6,0,18468,0,0
3/22/2009 21:30,213,0.1,0.1,32,59,29.6,0,18468,0,0
3/22/2009 21:40,213,0.1,0.1,32,58,29.6,0,18468,0,0
3/22/2009 21:50,213,0.1,0.1,31.7,58,29.6,0,18468,0,0
3/22/2009 22:00,213,0.1,0.1,31.3,64,29.6,0,18468,0,0
3/22/2009 22:10,213,0.1,0.1,30.8,60,29.6,0,18468,0,0
3/22/2009 22:20,213,0.1,0.1,30.4,57,29.6,0,18468,0,0
3/22/2009 22:30,213,0.1,0.1,30.2,55,29.6,0,18468,0,0
3/22/2009 22:40,213,0.1,0.1,29.9,52,29.6,0,18468,0,0
3/22/2009 22:50,213,0.1,0.1,29.7,55,29.6,0,18468,0,0
3/22/2009 23:00,213,0.1,0.1,29.7,59,29.6,0,18468,0,0
3/22/2009 23:10,213,0.1,0.1,29.3,58,29.6,0,18468,0,0
3/22/2009 23:20,213,0.1,0.1,29.2,57,29.6,0,18468,0,0
3/22/2009 23:30,213,0.1,0.1,29.2,60,29.6,0,18468,0,0
3/22/2009 23:40,213,0.1,0.1,28.8,58,29.6,0,18468,0,0
3/22/2009 23:50,213,0.1,0.1,28.8,59,29.6,0,18468,0,0
3/23/2009 0:00,213,0.1,0.1,28.4,59,29.6,0,18468,0,0
3/23/2009 0:10,213,0.1,0.1,28.1,60,29.6,0,18468,0,0
3/23/2009 0:20,213,0.1,0.1,28.1,59,29.6,0,18468,0,0
3/23/2009 0:30,213,0.1,0.1,27.9,60,29.6,0,18468,0,0
3/23/2009 0:40,213,0.1,0.1,27.7,60,29.6,0,18468,0,0
3/23/2009 0:50,213,0.1,0.1,27.7,60,29.6,0,18468,0,0
3/23/2009 1:00,213,0.1,0.1,27.5,61,29.6,0,18468,0,0
3/23/2009 1:10,213,0.1,0.1,27.5,61,29.6,0,18468,0,0
3/23/2009 1:20,213,0.1,0.1,27.4,61,29.6,0,18468,0,0
3/23/2009 1:30,213,0.1,0.1,27.4,61,29.6,0,18468,0,0
3/23/2009 1:40,213,0.1,0.1,27.2,61,29.6,0,18468,0,0
3/23/2009 1:50,213,0.1,0.1,27.2,61,29.6,0,18468,0,0
3/23/2009 2:00,213,0.1,0.1,27,60,29.6,0,18468,0,0
3/23/2009 2:10,213,0.1,0.1,27,60,29.6,0,18468,0,0
3/23/2009 2:20,213,0.1,0.1,26.8,59,29.6,0,18468,0,0
3/23/2009 2:30,213,0.1,0.1,26.6,59,29.6,0,18468,0,0
3/23/2009 2:40,213,0.1,0.1,26.6,59,29.6,0,18468,0,0
3/23/2009 2:50,213,0.1,0.1,26.5,59,29.6,0,18468,0,0
3/23/2009 3:00,213,0.1,0.1,26.5,59,29.6,0,18468,0,0
3/23/2009 3:10,213,0.1,0.1,26.3,59,29.6,0,18468,0,0
3/23/2009 3:20,213,0.1,0.1,26.1,60,29.6,0,18468,0,0
3/23/2009 3:30,213,0.1,0.1,25.9,60,29.6,0,18468,0,0
3/23/2009 3:40,213,0.1,0.1,25.9,58,29.6,0,18468,0,0
3/23/2009 3:50,213,0.1,0.1,25.7,58,29.6,0,18468,0,0
3/23/2009 4:00,213,0.1,0.1,25.6,58,29.6,0,18468,0,0
3/23/2009 4:10,213,0.1,0.1,25.4,59,29.6,0,18468,0,0
3/23/2009 4:20,213,0.1,0.1,25.4,56,29.6,0,18468,0,0
3/23/2009 4:30,213,0.1,0.1,25.6,53,29.6,0,18468,0,0
3/23/2009 4:40,213,0.1,0.1,25.7,51,29.6,0,18468,0,0
3/23/2009 4:50,213,0.1,0.1,25.9,49,29.6,0,18468,0,0
3/23/2009 5:00,213,0.1,0.1,26.3,47,29.6,0,18468,0,0
3/23/2009 5:10,213,0.1,0.1,26.5,46,29.6,0,18468,0,0
3/23/2009 5:20,213,0.1,0.1,26.6,44,29.6,0,18468,0,0
3/23/2009 5:30,213,0.1,0.1,26.6,43,29.6,0,18468,0,0
3/23/2009 5:40,213,0.1,0.1,27.2,43,29.7,0,18468,0,0
3/23/2009 5:50,213,0.1,0.1,27.4,42,29.6,0,18468,0,0
3/23/2009 6:00,213,0.1,0.1,27.7,43,29.7,0,18468,0,0
3/23/2009 6:10,213,0.1,0.1,27.7,44,29.7,0,18468,0,0
3/23/2009 6:20,213,0.1,0.1,27.5,43,29.6,0,18468,0,0
3/23/2009 6:30,213,0.1,0.1,28.1,43,29.7,0,18468,0,0
3/23/2009 6:40,213,0.1,0.1,27.5,42,29.7,0,18468,0,0
3/23/2009 6:50,213,0.1,0.1,27.4,44,29.7,0,18468,0,0
3/23/2009 7:00,213,0.1,0.1,27.5,49,29.7,0,18468,0,0
3/23/2009 7:10,213,0.1,0.1,27.7,50,29.7,0,18468,0,0
3/23/2009 7:20,213,0.1,0.1,27.5,45,29.7,0,18468,0,0
3/23/2009 7:30,213,0.1,0.1,27.9,46,29.7,0,18468,0,0
3/23/2009 7:40,213,0.1,0.1,27.9,44,29.7,0,18468,0,0
3/23/2009 7:50,213,0.1,0.1,28.1,41,29.6,0,18468,0,0
3/23/2009 8:00,213,0.1,0.1,28.4,41,29.7,0,18468,0,0
3/23/2009 8:10,213,0.1,0.1,28.3,40,29.7,0,18468,0,0
3/23/2009 8:20,213,0.1,0.1,28.4,39,29.7,0,18468,0,0
3/23/2009 8:30,213,0.1,0.1,28.4,43,29.7,0,18468,0,0
3/23/2009 8:40,213,0.1,0.1,28.3,44,29.7,0,18468,0,0
3/23/2009 8:50,213,0.1,0.1,28.6,41,29.7,0,18468,0,0
3/23/2009 9:00,213,0.1,0.1,28.3,40,29.7,0,18468,0,0
3/23/2009 9:10,213,0.1,0.1,28.3,37,29.7,0,18468,0,0
3/23/2009 9:20,213,0.1,0.1,28.4,40,29.7,0,18468,0,0
3/23/2009 9:30,213,0.1,0.1,28.6,37,29.7,0,18468,0,0
3/23/2009 9:40,213,0.1,0.1,28.4,36,29.6,0,18468,0,0
3/23/2009 9:50,213,0.1,0.1,28.4,39,29.6,0,18468,0,0
3/23/2009 10:00,213,0.1,0.1,29,42,29.6,0,18468,0,0
3/23/2009 10:10,213,0.1,0.1,28.8,43,29.6,0,18468,0,0
3/23/2009 10:20,213,0.1,0.1,29.3,44,29.7,0,18468,0,0
3/23/2009 10:30,213,0.1,0.1,29,43,29.6,0,18468,0,0
3/23/2009 10:40,213,0.1,0.1,28.8,44,29.6,0,18468,0,0
3/23/2009 10:50,213,0.1,0.1,29.2,43,29.6,0,18468,0,0
3/23/2009 11:00,213,0.1,0.1,28.8,39,29.6,0,18468,0,0
3/23/2009 11:10,213,0.1,0.1,29.7,42,29.6,0,18468,0,0
3/23/2009 11:20,213,0.1,0.1,29.7,43,29.6,0,18468,0,0
3/23/2009 11:30,213,0.1,0.1,29.2,42,29.6,0,18468,0,0
3/23/2009 11:40,213,0.1,0.1,29.5,44,29.6,0,18468,0,0
3/23/2009 11:50,213,0.1,0.1,29.2,41,29.6,0,18468,0,0
3/23/2009 12:00,213,0.1,0.1,29.3,43,29.6,0,18468,0,0
3/23/2009 12:10,213,0.1,0.1,29.7,45,29.6,0,18468,0,0
3/23/2009 12:20,213,0.1,0.1,29.5,41,29.6,0,18468,0,0
3/23/2009 12:30,213,0.1,0.1,29.9,41,29.6,0,18468,0,0
3/23/2009 12:40,213,0.1,0.1,30.1,41,29.6,0,18468,0,0
3/23/2009 12:50,213,0.1,0.1,30.1,39,29.6,0,18468,0,0
3/23/2009 13:00,213,0.1,0.1,30.1,39,29.6,0,18468,0,0
3/23/2009 13:10,213,0.1,0.1,30.4,42,29.6,0,18468,0,0
3/23/2009 13:20,213,0.1,0.1,30.2,40,29.6,0,18468,0,0
3/23/2009 13:30,213,0.1,0.1,30.2,38,29.6,0,18468,0,0
3/23/2009 13:40,213,0.1,0.1,30.4,40,29.6,0,18468,0,0
3/23/2009 13:50,213,0.1,0.1,30.6,39,29.6,0,18468,0,0
3/23/2009 14:00,213,0.1,0.1,30.8,39,29.6,0,18468,0,0
3/23/2009 14:10,213,0.1,0.1,30.4,37,29.6,0,18468,0,0
3/23/2009 14:20,213,0.1,0.1,30.4,38,29.6,0,18468,0,0
3/23/2009 14:30,213,0.1,0.1,30.6,42,29.6,0,18468,0,0
3/23/2009 14:40,213,0.1,0.1,31,42,29.6,0,18468,0,0
3/23/2009 14:50,213,0.1,0.1,31.1,37,29.6,0,18468,0,0
3/23/2009 15:00,213,0.1,0.1,30.8,38,29.6,0,18468,0,0
3/23/2009 15:10,213,0.1,0.1,30.8,38,29.6,0,18468,0,0
3/23/2009 15:20,213,0.1,0.1,30.6,38,29.6,0,18468,0,0
3/23/2009 15:30,213,0.1,0.1,31,38,29.6,0,18468,0,0
3/23/2009 15:40,213,0.1,0.1,31.1,39,29.6,0,18468,0,0
3/23/2009 15:50,213,0.1,0.1,31.1,39,29.6,0,18468,0,0
3/23/2009 16:00,213,0.1,0.1,30.8,38,29.6,0,18468,0,0
3/23/2009 16:10,213,0.1,0.1,30.6,39,29.6,0,18468,0,0
3/23/2009 16:20,213,0.1,0.1,30.6,40,29.6,0,18468,0,0
3/23/2009 16:30,213,0.1,0.1,30.2,39,29.6,0,18468,0,0
3/23/2009 16:40,213,0.1,0.1,30.2,41,29.6,0,18468,0,0
3/23/2009 16:50,213,0.1,0.1,30.1,39,29.6,0,18468,0,0
3/23/2009 17:00,213,0.1,0.1,30.1,37,29.6,0,18468,0,0
3/23/2009 17:10,213,0.1,0.1,29.9,37,29.6,0,18468,0,0
3/23/2009 17:20,213,0.1,0.1,29.7,38,29.6,0,18468,0,0
3/23/2009 17:30,213,0.1,0.1,29.7,38,29.6,0,18468,0,0
3/23/2009 17:40,213,0.1,0.1,29.5,39,29.6,0,18468,0,0
3/23/2009 17:50,213,0.1,0.1,29.5,39,29.6,0,18468,0,0
3/23/2009 18:00,213,0.1,0.1,29.5,38,29.6,0,18468,0,0
3/23/2009 18:10,213,0.1,0.1,29.7,37,29.6,0,18468,0,0
3/23/2009 18:20,213,0.1,0.1,29.7,37,29.6,0,18468,0,0
3/23/2009 18:30,213,0.1,0.1,29.7,37,29.6,0,18468,0,0
3/23/2009 18:40,213,0.1,0.1,29.7,36,29.6,0,18468,0,0
3/23/2009 18:50,213,0.1,0.1,29.7,36,29.6,0,18468,0,0
3/23/2009 19:00,213,0.1,0.1,29.5,36,29.6,0,18468,0,0
3/23/2009 19:10,213,0.1,0.1,29.5,36,29.6,0,18468,0,0
3/23/2009 19:20,213,0.1,0.1,29.5,36,29.6,0,18468,0,0
3/23/2009 19:30,213,0.1,0.1,29.3,36,29.6,0,18468,0,0
3/23/2009 19:40,213,0.1,0.1,29.3,35,29.6,0,18468,0,0
3/23/2009 19:50,213,0.1,0.1,29.2,36,29.6,0,18468,0,0
3/23/2009 20:00,213,0.1,0.1,29.2,36,29.6,0,18468,0,0
3/23/2009 20:10,213,0.1,0.1,29,37,29.6,0,18468,0,0
3/23/2009 20:20,213,0.1,0.1,29,37,29.6,0,18468,0,0
3/23/2009 20:30,213,0.1,0.1,28.8,37,29.6,0,18468,0,0
3/23/2009 20:40,213,0.1,0.1,28.6,37,29.6,0,18468,0,0
3/23/2009 20:50,213,0.1,0.1,28.6,38,29.6,0,18468,0,0
3/23/2009 21:00,213,0.1,0.1,28.6,38,29.6,0,18468,0,0
3/23/2009 21:10,213,0.1,0.1,28.4,38,29.6,0,18468,0,0
3/23/2009 21:20,213,0.1,0.1,28.4,38,29.6,0,18468,0,0
3/23/2009 21:30,213,0.1,0.1,28.4,39,29.6,0,18468,0,0
3/23/2009 21:40,213,0.1,0.1,28.3,39,29.6,0,18468,0,0
3/23/2009 21:50,213,0.1,0.1,28.3,39,29.6,0,18468,0,0
3/23/2009 22:00,213,0.1,0.1,28.1,40,29.6,0,18468,0,0
3/23/2009 22:10,213,0.1,0.1,28.1,40,29.6,0,18468,0,0
3/23/2009 22:20,213,0.1,0.1,28.1,40,29.6,0,18468,0,0
3/23/2009 22:30,213,0.1,0.1,28.1,40,29.6,0,18468,0,0
3/23/2009 22:40,213,0.1,0.1,28.1,40,29.6,0,18468,0,0
3/23/2009 22:50,213,0.1,0.1,28.3,40,29.6,0,18468,0,0
3/23/2009 23:00,213,0.1,0.1,28.3,40,29.6,0,18468,0,0
3/23/2009 23:10,213,0.1,0.1,28.4,39,29.6,0,18468,0,0
3/23/2009 23:20,213,0.1,0.1,28.6,37,29.6,0,18468,0,0
3/23/2009 23:30,213,0.1,0.1,28.8,35,29.6,0,18468,0,0
3/23/2009 23:40,213,0.1,0.1,29,34,29.6,0,18468,0,0
3/23/2009 23:50,213,0.1,0.1,28.8,34,29.6,0,18468,0,0
3/24/2009 0:00,213,0.1,0.1,29,33,29.6,0,18468,0,0
3/24/2009 0:10,213,0.1,0.1,28.8,33,29.6,0,18468,0,0
3/24/2009 0:20,213,0.1,0.1,29,32,29.6,0,18468,0,0
3/24/2009 0:30,213,0.1,0.1,28.8,31,29.6,0,18468,0,0
3/24/2009 0:40,213,0.1,0.1,28.8,30,29.6,0,18468,0,0
3/24/2009 0:50,213,0.1,0.1,28.8,30,29.6,0,18468,0,0
3/24/2009 1:00,213,0.1,0.1,28.8,29,29.6,0,18468,0,0
3/24/2009 1:10,213,0.1,0.1,28.4,30,29.6,0,18468,0,0
3/24/2009 1:20,213,0.1,0.1,28.4,30,29.6,0,18468,0,0
3/24/2009 1:30,213,0.1,0.1,28.3,30,29.6,0,18468,0,0
3/24/2009 1:40,213,0.1,0.1,28.1,30,29.6,0,18468,0,0
3/24/2009 1:50,213,0.1,0.1,28.1,30,29.6,0,18468,0,0
3/24/2009 2:00,213,0.1,0.1,27.9,30,29.6,0,18468,0,0
3/24/2009 2:10,213,0.1,0.1,27.9,30,29.6,0,18468,0,0
3/24/2009 2:20,213,0.1,0.1,27.9,30,29.6,0,18468,0,0
3/24/2009 2:30,213,0.1,0.1,27.7,30,29.6,0,18468,0,0
3/24/2009 2:40,213,0.1,0.1,27.7,30,29.6,0,18468,0,0
3/24/2009 2:50,213,0.1,0.1,27.7,29,29.6,0,18468,0,0
3/24/2009 3:00,213,0.1,0.1,27.5,29,29.6,0,18468,0,0
3/24/2009 3:10,213,0.1,0.1,27.4,30,29.6,0,18468,0,0
3/24/2009 3:20,213,0.1,0.1,27.2,30,29.6,0,18468,0,0
3/24/2009 3:30,213,0.1,0.1,27.4,30,29.6,0,18468,0,0
3/24/2009 3:40,213,0.1,0.1,27.2,30,29.6,0,18468,0,0
3/24/2009 3:50,213,0.1,0.1,27,30,29.6,0,18468,0,0
3/24/2009 4:00,213,0.1,0.1,27,31,29.6,0,18468,0,0
3/24/2009 4:10,213,0.1,0.1,27,31,29.6,0,18488,0,0
3/24/2009 4:20,213,0.1,0.1,27.2,30,29.6,0,18488,0,0
3/24/2009 4:30,213,0.1,0.1,27.2,31,29.6,0,18488,0,0
3/24/2009 4:40,213,0.1,0.1,27.4,30,29.6,0,18488,0,0
3/24/2009 4:50,213,0.1,0.1,27.7,30,29.6,0,18488,0,0
3/24/2009 5:00,213,0.1,0.1,27.9,30,29.6,0,18488,0,0
3/24/2009 5:10,213,0.1,0.1,28.1,30,29.6,0,18488,0,0
3/24/2009 5:20,213,0.1,0.1,28.3,30,29.6,0,18488,0,0
3/24/2009 5:30,213,0.1,0.1,29.2,29,29.6,0,18488,0,0
3/24/2009 5:40,213,0.1,0.1,29.9,29,29.6,0,18488,0,0
3/24/2009 5:50,213,0.1,0.1,30.2,28,29.6,0,18488,0,0
3/24/2009 6:00,213,0.1,0.1,30.6,27,29.6,0,18488,0,0
3/24/2009 6:10,213,0.1,0.1,31.7,26,29.6,0,18488,0,0
3/24/2009 6:20,213,0.1,0.1,32,25,29.6,0,18488,0,0
3/24/2009 6:30,213,0.1,0.1,32,25,29.6,0,18488,0,0
3/24/2009 6:40,213,0.1,0.1,32.5,25,29.6,0,18488,0,0
3/24/2009 6:50,213,0.1,0.1,33.2,24,29.6,0,18488,0,0
3/24/2009 7:00,213,0.1,0.1,34.5,23,29.6,0,18488,0,0
3/24/2009 7:10,213,0.1,0.1,35,23,29.6,0,18488,0,0
3/24/2009 7:20,213,0.1,0.1,35.6,22,29.6,0,18488,0,0
3/24/2009 7:30,213,0.1,0.1,36.3,21,29.6,0,18488,0,0
3/24/2009 7:40,213,0.1,0.1,37.2,20,29.6,0,18488,0,0
3/24/2009 7:50,213,0.1,0.1,37.7,20,29.6,0,18488,0,0
3/24/2009 8:00,213,0.1,0.1,38.1,20,29.6,0,18488,0,0
3/24/2009 8:10,213,0.1,0.1,39,19,29.6,0,18488,0,0
3/24/2009 8:20,213,0.1,0.1,39.7,17,29.6,0,18488,0,0
3/24/2009 8:30,213,0.1,0.1,40.2,17,29.6,0,18488,0,0
3/24/2009 8:40,213,0.1,0.1,41.3,17,29.6,0,18488,0,0
3/24/2009 8:50,213,0.1,0.1,42,16,29.6,0,18488,0,0
3/24/2009 9:00,213,0.1,0.1,42.9,16,29.6,0,18488,0,0
3/24/2009 9:10,213,0.1,0.1,43.1,15,29.6,0,18488,0,0
3/24/2009 9:20,213,0.1,0.1,43.3,20,29.6,0,18488,0,0
3/24/2009 9:30,213,0.1,0.1,41.9,24,29.5,0,18488,0,0
3/24/2009 9:40,213,0.1,0.1,43.3,17,29.5,0,18488,0,0
3/24/2009 9:50,213,0.1,0.1,43.3,24,29.5,0,18488,0,0
3/24/2009 10:00,213,0.1,0.1,43.8,21,29.5,0,18488,0,0
3/24/2009 10:10,213,0.1,0.1,42,36,29.5,0,18488,0,0
3/24/2009 10:20,213,0.1,0.1,38.4,46,29.5,0,18488,0,0
3/24/2009 10:30,213,0.1,0.1,38.4,50,29.5,0,18488,0,0
3/24/2009 10:40,213,0.1,0.1,38.4,50,29.5,0,18488,0,0
3/24/2009 10:50,213,0.1,0.1,37.9,50,29.5,0,18488,0,0
3/24/2009 11:00,213,0.1,0.1,37.9,52,29.5,0,18488,0,0
3/24/2009 11:10,213,0.1,0.1,37.9,52,29.5,0,18488,0,0
3/24/2009 11:20,213,0.1,0.1,37.5,53,29.5,0,18488,0,0
3/24/2009 11:30,213,0.1,0.1,37.4,53,29.5,0,18488,0,0
3/24/2009 11:40,213,0.1,0.1,37,58,29.5,0,18488,0,0
3/24/2009 11:50,213,0.1,0.1,37.2,55,29.5,0,18488,0,0
3/24/2009 12:00,213,0.1,0.1,37,53,29.5,0,18488,0,0
3/24/2009 12:10,213,0.1,0.1,36.8,56,29.5,0,18488,0,0
3/24/2009 12:20,213,0.1,0.1,36.8,59,29.5,0,18488,0,0
3/24/2009 12:30,213,0.1,0.1,37.2,59,29.5,0,18488,0,0
3/24/2009 12:40,213,0.1,0.1,36.8,60,29.5,0,18488,0,0
3/24/2009 12:50,213,0.1,0.1,37.2,60,29.5,0,18488,0,0
3/24/2009 13:00,213,0.1,0.1,37,62,29.5,0,18488,0,0
3/24/2009 13:10,213,0.1,0.1,36.5,63,29.5,0,18488,0,0
3/24/2009 13:20,213,0.1,0.1,36.8,61,29.5,0,18488,0,0
3/24/2009 13:30,213,0.1,0.1,37.2,61,29.4,0,18488,0,0
3/24/2009 13:40,213,0.1,0.1,37.2,61,29.5,0,18488,0,0
3/24/2009 13:50,213,0.1,0.1,37.2,61,29.5,0,18488,0,0
3/24/2009 14:00,213,0.1,0.1,37.2,63,29.4,0,18488,0,0
3/24/2009 14:10,213,0.1,0.1,37.4,61,29.4,0,18488,0,0
3/24/2009 14:20,213,0.1,0.1,37.5,63,29.4,0,18488,0,0
3/24/2009 14:30,213,0.1,0.1,37.7,62,29.4,0,18488,0,0
3/24/2009 14:40,213,0.1,0.1,37.9,61,29.4,0,18488,0,0
3/24/2009 14:50,213,0.1,0.1,38.1,61,29.4,0,18488,0,0
3/24/2009 15:00,213,0.1,0.1,38.1,61,29.4,0,18488,0,0
3/24/2009 15:10,213,0.1,0.1,37.9,62,29.4,0,18488,0,0
3/24/2009 15:20,213,0.1,0.1,38.1,63,29.4,0,18488,0,0
3/24/2009 15:30,213,0.1,0.1,38.1,63,29.4,0,18488,0,0
3/24/2009 15:40,213,0.1,0.1,37.9,64,29.4,0,18488,0,0
3/24/2009 15:50,213,0.1,0.1,38.4,64,29.4,0,18488,0,0
3/24/2009 16:00,213,0.1,0.1,38.6,65,29.4,0,18488,0,0
3/24/2009 16:10,213,0.1,0.1,38.6,66,29.4,0,18488,0,0
3/24/2009 16:20,213,0.1,0.1,39.5,60,29.4,0,18488,0,0
3/24/2009 16:30,213,0.1,0.1,40.1,62,29.4,0,18488,0,0
3/24/2009 16:40,213,0.1,0.1,42.2,55,29.4,0,18488,0,0
3/24/2009 16:50,213,0.1,0.1,44.6,40,29.4,0,18488,0,0
3/24/2009 17:00,213,0.1,0.1,46.5,26,29.4,0,18488,0,0
3/24/2009 17:10,213,0.1,0.1,47.4,24,29.4,0,18488,0,0
3/24/2009 17:20,213,0.1,0.1,48.5,20,29.4,0,18488,0,0
3/24/2009 17:30,213,0.1,0.1,48.7,18,29.4,0,18488,0,0
3/24/2009 17:40,213,0.1,0.1,48.2,19,29.4,0,18488,0,0
3/24/2009 17:50,213,0.1,0.1,48.2,18,29.4,0,18488,0,0
3/24/2009 18:00,213,0.1,0.1,48,16,29.4,0,18488,0,0
3/24/2009 18:10,213,0.1,0.1,48.2,16,29.4,0,18488,0,0
3/24/2009 18:20,213,0.1,0.1,47.8,15,29.4,0,18488,0,0
3/24/2009 18:30,213,0.1,0.1,47.6,15,29.4,0,18488,0,0
3/24/2009 18:40,213,0.1,0.1,47.4,15,29.4,0,18488,0,0
3/24/2009 18:50,213,0.1,0.1,47.4,14,29.4,0,18488,0,0
3/24/2009 19:00,213,0.1,0.1,46.9,15,29.4,0,18488,0,0
3/24/2009 19:10,213,0.1,0.1,46.7,15,29.4,0,18488,0,0
3/24/2009 19:20,213,0.1,0.1,46.5,16,29.4,0,18488,0,0
3/24/2009 19:30,213,0.1,0.1,46.4,16,29.4,0,18488,0,0
3/24/2009 19:40,213,0.1,0.1,46.2,16,29.4,0,18488,0,0
3/24/2009 19:50,213,0.1,0.1,45.8,17,29.4,0,18488,0,0
3/24/2009 20:00,213,0.1,0.1,45.5,17,29.4,0,18498,0,0
3/24/2009 20:10,213,0.1,0.1,45.3,18,29.4,0,18498,0,0
3/24/2009 20:20,213,0.1,0.1,45.3,18,29.3,0,18518,0,0
3/24/2009 20:30,213,0.1,0.1,45.1,18,29.3,0,18558,0,0
3/24/2009 20:40,213,0.1,0.1,44.9,18,29.3,0,18628,0,0
3/24/2009 20:50,213,0.1,0.1,44.7,18,29.3,0,18698,0,0
3/24/2009 21:00,213,0.1,0.1,44.4,18,29.3,0,18728,0,0
3/24/2009 21:10,213,0.1,0.1,44.4,18,29.3,0,18808,0,0
3/24/2009 21:20,213,0.1,0.1,44.4,18,29.3,0,18948,0,0
3/24/2009 21:30,213,0.1,0.1,44.2,18,29.3,0,19108,0,0
3/24/2009 21:40,213,0.1,0.1,44,18,29.3,0,19288,0,0
3/24/2009 21:50,213,0.1,0.1,44,17,29.3,0,19478,0,0
3/24/2009 22:00,213,0.1,0.1,44,17,29.3,0,19648,0,0
3/24/2009 22:10,213,0.1,0.1,43.7,17,29.3,0,19758,0,0
3/24/2009 22:20,213,0.1,0.1,43.7,17,29.3,0,19828,0,0
3/24/2009 22:30,213,0.1,0.1,43.5,17,29.3,0,19938,0,0
3/24/2009 22:40,213,0.1,0.1,43.5,17,29.3,0,19978,0,0
3/24/2009 22:50,213,0.1,0.1,43.5,17,29.3,0,19988,0,0
3/24/2009 23:00,213,0.1,0.1,43.3,17,29.3,0,20018,0,0
3/24/2009 23:10,213,0.1,0.1,43.1,18,29.3,0,20058,0,0
3/24/2009 23:20,213,0.1,0.1,43.1,18,29.3,0,20108,0,0
3/24/2009 23:30,213,0.1,0.1,42.9,18,29.3,0,20178,0,0
3/24/2009 23:40,213,0.1,0.1,42.9,18,29.3,0,20358,0,0
3/24/2009 23:50,213,0.1,0.1,42.8,19,29.3,0,20448,0,0
3/25/2009 0:00,213,0.1,0.1,42.8,19,29.3,0,20538,0,0
3/25/2009 0:10,213,0.1,0.1,42.6,19,29.3,0,20598,0,0
3/25/2009 0:20,213,0.1,0.1,42.6,19,29.2,0,20708,0,0
3/25/2009 0:30,213,0.1,0.1,42.6,20,29.3,0,20928,0,0
3/25/2009 0:40,213,0.1,0.1,42.9,20,29.2,0,21018,0,0
3/25/2009 0:50,213,0.1,0.1,43.1,19,29.2,0,21098,0,0
3/25/2009 1:00,213,0.1,0.1,42.9,20,29.2,0,21168,0,0
3/25/2009 1:10,213,0.1,0.1,42.9,20,29.2,0,21288,0,0
3/25/2009 1:20,213,0.1,0.1,42.9,20,29.2,0,21438,0,0
3/25/2009 1:30,213,0.1,0.1,42.9,21,29.2,0,21468,0,0
3/25/2009 1:40,213,0.1,0.1,42.8,21,29.2,0,21568,0,0
3/25/2009 1:50,213,0.1,0.1,42.8,22,29.2,0,21658,0,0
3/25/2009 2:00,213,0.1,0.1,42.8,22,29.2,0,21798,0,0
3/25/2009 2:10,213,0.1,0.1,42.8,22,29.2,0,21958,0,0
3/25/2009 2:20,213,0.1,0.1,42.9,22,29.2,0,22098,0,0
3/25/2009 2:30,213,0.1,0.1,42.9,22,29.2,0,22188,0,0
3/25/2009 2:40,213,0.1,0.1,42.9,22,29.2,0,22218,0,0
3/25/2009 2:50,213,0.1,0.1,42.9,23,29.2,0,22238,0,0
3/25/2009 3:00,213,0.1,0.1,42.9,23,29.2,0,22268,0,0
3/25/2009 3:10,213,0.1,0.1,42.8,24,29.2,0,22268,0,0
3/25/2009 3:20,213,0.1,0.1,42.8,24,29.2,0,22328,0,0
3/25/2009 3:30,213,0.1,0.1,42.6,24,29.2,0,22368,0,0
3/25/2009 3:40,213,0.1,0.1,42.4,24,29.2,0,22518,0,0
3/25/2009 3:50,213,0.1,0.1,42.4,25,29.2,0,22528,0,0
3/25/2009 4:00,213,0.1,0.1,42.4,25,29.2,0,22558,0,0
3/25/2009 4:10,213,0.1,0.1,42.6,25,29.2,0,22568,0,0
3/25/2009 4:20,213,0.1,0.1,42.6,26,29.2,0,22638,0,0
3/25/2009 4:30,213,0.1,0.1,42.9,26,29.2,0,22698,0,0
3/25/2009 4:40,213,0.1,0.1,42.8,26,29.2,0,22728,0,0
3/25/2009 4:50,213,0.1,0.1,42.9,26,29.2,0,22748,0,0
3/25/2009 5:00,213,0.1,0.1,43.3,26,29.2,0,22778,0,0
3/25/2009 5:10,213,0.1,0.1,43.5,27,29.2,0,22828,0,0
3/25/2009 5:20,213,0.1,0.1,43.7,27,29.2,0,22838,0,0
3/25/2009 5:30,213,0.1,0.1,43.7,27,29.2,0,22838,0,0
3/25/2009 5:40,213,0.1,0.1,44.6,27,29.2,0,22838,0,0
3/25/2009 5:50,213,0.1,0.1,45.3,27,29.2,0,22838,0,0
3/25/2009 6:00,213,0.1,0.1,45.6,28,29.2,0,22848,0,0
3/25/2009 6:10,213,0.1,0.1,46.2,28,29.2,0,22868,0,0
3/25/2009 6:20,213,0.1,0.1,46.7,28,29.2,0,22888,0,0
3/25/2009 6:30,213,0.1,0.1,46.7,28,29.2,0,22908,0,0
3/25/2009 6:40,213,0.1,0.1,47.8,28,29.2,0,22908,0,0
3/25/2009 6:50,213,0.1,0.1,48.7,28,29.2,0,22908,0,0
3/25/2009 7:00,213,0.1,0.1,49.2,28,29.2,0,22908,0,0
3/25/2009 7:10,213,0.1,0.1,50.1,28,29.2,0,22908,0,0
3/25/2009 7:20,213,0.1,0.1,50.9,28,29.2,0,22908,0,0
3/25/2009 7:30,213,0.1,0.1,51.2,28,29.2,0,22908,0,0
3/25/2009 7:40,213,0.1,0.1,51.8,29,29.2,0,22908,0,0
3/25/2009 7:50,213,0.1,0.1,51.8,30,29.2,0,22908,0,0
3/25/2009 8:00,213,0.1,0.1,51.8,30,29.2,0,22908,0,0
3/25/2009 8:10,213,0.1,0.1,52.1,31,29.2,0,22908,0,0
3/25/2009 8:20,213,0.1,0.1,52.5,32,29.2,0,22908,0,0
3/25/2009 8:30,213,0.1,0.1,53.2,32,29.2,0,22908,0,0
3/25/2009 8:40,213,0.1,0.1,52.8,32,29.2,0,22908,0,0
3/25/2009 8:50,213,0.1,0.1,52.8,32,29.2,0,22918,0,0
3/25/2009 9:00,213,0.1,0.1,52.8,32,29.2,0,22928,0,0
3/25/2009 9:10,213,0.1,0.1,52.8,33,29.2,0,22948,0,0
3/25/2009 9:20,213,0.1,0.1,52.8,34,29.2,0,23008,0,0
3/25/2009 9:30,213,0.1,0.1,52.7,35,29.2,0,23148,0,0
3/25/2009 9:40,213,0.1,0.1,52.7,35,29.2,0,23258,0.01,0.01
3/25/2009 9:50,213,0.1,0.1,51.4,42,29.2,0,23858,0.11,0.11
3/25/2009 10:00,213,0.1,0.1,51,43,29.2,0,24168,0.01,0.01
3/25/2009 10:10,213,0.1,0.1,50,48,29.2,0,24768,0.06,0.06
3/25/2009 10:20,213,0.1,0.1,49.8,50,29.2,0,25198,0,0
3/25/2009 10:30,213,0.1,0.1,50,50,29.2,0,25208,0,0
3/25/2009 10:40,213,0.1,0.1,50.1,50,29.2,0,25298,0,0
3/25/2009 10:50,213,0.1,0.1,50.5,49,29.1,0,25298,0,0
3/25/2009 11:00,213,0.1,0.1,51,50,29.1,0,25298,0,0
3/25/2009 11:10,213,0.1,0.1,51.2,49,29.1,0,25298,0,0
3/25/2009 11:20,213,0.1,0.1,51.6,50,29.1,0,25308,0,0
3/25/2009 11:30,213,0.1,0.1,51.8,50,29.1,0,25338,0,0
3/25/2009 11:40,213,0.1,0.1,51.8,50,29.1,0,25338,0,0
3/25/2009 11:50,213,0.1,0.1,51.6,51,29.1,0,25718,0.06,0.06
3/25/2009 12:00,213,0.1,0.1,51.8,52,29.1,0,25848,0,0
3/25/2009 12:10,213,0.1,0.1,52.1,50,29.1,0,25848,0,0
3/25/2009 12:20,213,0.1,0.1,52.3,50,29.1,0,25858,0,0
3/25/2009 12:30,213,0.1,0.1,52.7,50,29.1,0,25868,0,0
3/25/2009 12:40,213,0.1,0.1,52.8,51,29.1,0,25878,0,0
3/25/2009 12:50,213,0.1,0.1,52.8,51,29.1,0,25998,0,0
3/25/2009 13:00,213,0.1,0.1,52.8,51,29.1,0,26048,0,0
3/25/2009 13:10,213,0.1,0.1,52.8,51,29.1,0,26058,0,0
3/25/2009 13:20,213,0.1,0.1,52.5,54,29.1,0,26108,0,0
3/25/2009 13:30,213,0.1,0.1,52.3,57,29.1,0,26108,0,0
3/25/2009 13:40,213,0.1,0.1,51.4,61,29.1,0,26238,0,0
3/25/2009 13:50,213,0.1,0.1,50,67,29.1,0,26318,0,0
3/25/2009 14:00,213,0.1,0.1,49.4,70,29.1,0,26368,0,0
3/25/2009 14:10,213,0.1,0.1,48.7,70,29.1,0,26368,0,0
3/25/2009 14:20,213,0.1,0.1,47.6,72,29.1,0,26418,0,0
3/25/2009 14:30,213,0.1,0.1,47.6,72,29.1,0,26498,0,0
3/25/2009 14:40,213,0.1,0.1,47.4,73,29,0,26638,0,0
3/25/2009 14:50,213,0.1,0.1,47.3,74,29.1,0,26808,0,0
3/25/2009 15:00,213,0.1,0.1,46.9,75,29.1,0,27078,0,0
3/25/2009 15:10,213,0.1,0.1,46.4,80,29.1,0,27508,0.02,0.02
3/25/2009 15:20,213,0.1,0.1,44.9,86,29.1,0,28108,0.34,0.34
3/25/2009 15:30,213,0.1,0.1,44.6,88,29.1,0,28678,0.03,0.03
3/25/2009 15:40,213,0.1,0.1,44.6,88,29.1,0,29078,0,0
3/25/2009 15:50,213,0.1,0.1,44.7,83,29.1,0,29208,0.08,0.08
3/25/2009 16:00,213,0.1,0.1,44.4,87,29.1,0,29808,0.03,0.03
3/25/2009 16:10,213,0.1,0.1,44.6,87,29.1,0,30088,0.15,0.15
3/25/2009 16:20,213,0.1,0.1,44,88,29.1,0,30678,0.11,0.11
3/25/2009 16:30,213,0.1,0.1,44.2,86,29.1,0,30958,0,0
3/25/2009 16:40,213,0.1,0.1,44.9,81,29.1,0,31018,0,0
3/25/2009 16:50,213,0.1,0.1,45.1,80,29.1,0,31098,0,0
3/25/2009 17:00,213,0.1,0.1,45.1,79,29.1,0,31138,0,0
3/25/2009 17:10,213,0.1,0.1,44.9,79,29.1,0,31208,0,0
3/25/2009 17:20,213,0.1,0.1,44.9,80,29.1,0,31228,0,0
3/25/2009 17:30,213,0.1,0.1,44.7,80,29,0,31258,0,0
3/25/2009 17:40,213,0.1,0.1,44.7,80,29.1,0,31318,0,0
3/25/2009 17:50,213,0.1,0.1,44.7,80,29.1,0,31368,0,0
3/25/2009 18:00,213,0.1,0.1,44.9,79,29.1,0,31498,0,0
3/25/2009 18:10,213,0.1,0.1,45.3,78,29.1,0,31558,0,0
3/25/2009 18:20,213,0.1,0.1,45.1,78,29.1,0,31588,0,0
3/25/2009 18:30,213,0.1,0.1,45.1,78,29.1,0,31618,0,0
3/25/2009 18:40,213,0.1,0.1,45.3,78,29.1,0,31658,0,0
3/25/2009 18:50,213,0.1,0.1,45.1,78,29.1,0,31688,0,0
3/25/2009 19:00,213,0.1,0.1,45.1,78,29.1,0,31768,0,0
3/25/2009 19:10,213,0.1,0.1,45.1,79,29.1,0,31828,0,0
3/25/2009 19:20,213,0.1,0.1,45.3,79,29.1,0,31848,0,0
3/25/2009 19:30,213,0.1,0.1,45.5,78,29.1,0,31898,0,0
3/25/2009 19:40,213,0.1,0.1,45.3,78,29.1,0,31938,0,0
3/25/2009 19:50,213,0.1,0.1,45.5,79,29.1,0,31958,0,0
3/25/2009 20:00,213,0.1,0.1,45.3,79,29.1,0,31978,0,0
3/25/2009 20:10,213,0.1,0.1,45.5,79,29.1,0,32018,0,0
3/25/2009 20:20,213,0.1,0.1,45.5,79,29.1,0,32038,0,0
3/25/2009 20:30,213,0.1,0.1,45.6,78,29.1,0,32038,0,0
3/25/2009 20:40,213,0.1,0.1,45.6,79,29.1,0,32048,0,0
3/25/2009 20:50,213,0.1,0.1,45.6,79,29.1,0,32058,0,0
3/25/2009 21:00,213,0.1,0.1,45.8,79,29.1,0,32058,0,0
3/25/2009 21:10,213,0.1,0.1,45.6,79,29.1,0,32068,0,0
3/25/2009 21:20,213,0.1,0.1,45.8,79,29.1,0,32068,0,0
3/25/2009 21:30,213,0.1,0.1,45.6,79,29.1,0,32068,0,0
3/25/2009 21:40,213,0.1,0.1,45.8,80,29.1,0,32068,0,0
3/25/2009 21:50,213,0.1,0.1,46.4,80,29.1,0,32068,0,0
3/25/2009 22:00,213,0.1,0.1,46.5,79,29.1,0,32068,0,0
3/25/2009 22:10,213,0.1,0.1,46.4,80,29.1,0,32068,0,0
3/25/2009 22:20,213,0.1,0.1,46.4,80,29.1,0,32068,0,0
3/25/2009 22:30,213,0.1,0.1,46.5,81,29.1,0,32068,0,0
3/25/2009 22:40,213,0.1,0.1,46.4,81,29.1,0,32068,0,0
3/25/2009 22:50,213,0.1,0.1,46,81,29.1,0,32068,0,0
3/25/2009 23:00,213,0.1,0.1,45.8,82,29.1,0,32068,0,0
3/25/2009 23:10,213,0.1,0.1,46,82,29.1,0,32068,0,0
3/25/2009 23:20,213,0.1,0.1,46,82,29.1,0,32068,0,0
3/25/2009 23:30,213,0.1,0.1,46.4,82,29.1,0,32068,0,0
3/25/2009 23:40,213,0.1,0.1,46.7,82,29.1,0,32068,0,0
3/25/2009 23:50,213,0.1,0.1,46.5,82,29.1,0,32068,0,0
3/26/2009 0:00,213,0.1,0.1,46.7,83,29.1,0,32068,0,0
3/26/2009 0:10,213,0.1,0.1,46.7,83,29.1,0,32068,0,0
3/26/2009 0:20,213,0.1,0.1,46.9,83,29.1,0,32068,0,0
3/26/2009 0:30,213,0.1,0.1,47.1,82,29,0,32068,0,0
3/26/2009 0:40,213,0.1,0.1,46.9,83,29.1,0,32068,0,0
3/26/2009 0:50,213,0.1,0.1,47.1,83,29,0,32068,0,0
3/26/2009 1:00,213,0.1,0.1,46.9,83,29,0,32068,0,0
3/26/2009 1:10,213,0.1,0.1,46.7,84,29,0,32068,0,0
3/26/2009 1:20,213,0.1,0.1,46.5,84,29,0,32068,0,0
3/26/2009 1:30,213,0.1,0.1,46.7,84,29,0,32068,0,0
3/26/2009 1:40,213,0.1,0.1,46.5,84,29,0,32068,0,0
3/26/2009 1:50,213,0.1,0.1,46.5,84,29,0,32068,0,0
3/26/2009 2:00,213,0.1,0.1,46.4,85,29,0,32068,0,0
3/26/2009 2:10,213,0.1,0.1,46.7,84,29,0,32068,0,0
3/26/2009 2:20,213,0.1,0.1,47.1,84,29,0,32068,0,0
3/26/2009 2:30,213,0.1,0.1,47.3,84,29,0,32068,0,0
3/26/2009 2:40,213,0.1,0.1,47.6,84,29,0,32068,0,0
3/26/2009 2:50,213,0.1,0.1,48,83,29,0,32068,0,0
3/26/2009 3:00,213,0.1,0.1,48.3,83,29,0,32068,0,0
3/26/2009 3:10,213,0.1,0.1,48.3,83,29,0,32068,0,0
3/26/2009 3:20,213,0.1,0.1,48.2,83,29,0,32068,0,0
3/26/2009 3:30,213,0.1,0.1,48,83,29,0,32068,0,0
3/26/2009 3:40,213,0.1,0.1,48.2,83,29.1,0,32068,0,0
3/26/2009 3:50,213,0.1,0.1,48,83,29,0,32068,0,0
3/26/2009 4:00,213,0.1,0.1,48,83,29.1,0,32068,0,0
3/26/2009 4:10,213,0.1,0.1,48,83,29.1,0,32068,0,0
3/26/2009 4:20,213,0.1,0.1,47.6,83,29.1,0,32068,0,0
3/26/2009 4:30,213,0.1,0.1,47.8,84,29.1,0,32068,0,0
3/26/2009 4:40,213,0.1,0.1,47.8,84,29,0,32068,0,0
3/26/2009 4:50,213,0.1,0.1,48,84,29,0,32068,0,0
3/26/2009 5:00,213,0.1,0.1,48,84,29.1,0,32068,0,0
3/26/2009 5:10,213,0.1,0.1,48.2,84,29.1,0,32068,0,0
3/26/2009 5:20,213,0.1,0.1,48.3,84,29.1,0,32068,0,0
3/26/2009 5:30,213,0.1,0.1,48.3,84,29.1,0,32068,0,0
3/26/2009 5:40,213,0.1,0.1,48.5,84,29,0,32068,0,0
3/26/2009 5:50,213,0.1,0.1,48.9,83,29,0,32068,0,0
3/26/2009 6:00,213,0.1,0.1,49.4,82,29,0,32068,0,0
3/26/2009 6:10,213,0.1,0.1,49.6,82,29,0,32068,0,0
3/26/2009 6:20,213,0.1,0.1,49.8,82,29,0,32068,0,0
3/26/2009 6:30,213,0.1,0.1,50,82,29,0,32068,0,0
3/26/2009 6:40,213,0.1,0.1,50.3,82,29,0,32068,0,0
3/26/2009 6:50,213,0.1,0.1,50.5,82,29,0,32068,0,0
3/26/2009 7:00,213,0.1,0.1,50.3,82,29,0,32068,0,0
3/26/2009 7:10,213,0.1,0.1,50.7,82,29,0,32068,0,0
3/26/2009 7:20,213,0.1,0.1,50.5,83,29,0,32068,0,0
3/26/2009 7:30,213,0.1,0.1,50.3,83,29.1,0,32068,0,0
3/26/2009 7:40,213,0.1,0.1,50.3,83,29.1,0,32068,0,0
3/26/2009 7:50,213,0.1,0.1,50.1,83,29,0,32068,0,0
3/26/2009 8:00,213,0.1,0.1,46.4,83,29,0,32068,0,0
3/26/2009 8:10,213,0.1,0.1,46.2,90,29,0,32068,0,0
3/26/2009 8:20,213,0.1,0.1,43.8,90,29,0,32068,0,0
3/26/2009 8:30,213,0.1,0.1,41.3,91,29,0,32068,0,0
3/26/2009 8:40,213,0.1,0.1,40.1,91,29,0,32068,0,0
3/26/2009 8:50,213,0.1,0.1,39.3,92,29,0,32068,0,0
3/26/2009 9:00,213,0.1,0.1,40.4,93,29,0,32068,0,0
3/26/2009 9:10,213,0.1,0.1,40.2,93,29,0,32068,0,0
3/26/2009 9:20,213,0.1,0.1,41.3,93,29,0,32068,0,0
3/26/2009 9:30,213,0.1,0.1,40.1,93,29,0,32068,0,0
3/26/2009 9:40,213,0.1,0.1,38.6,93,29,0,32068,0,0
3/26/2009 9:50,213,0.1,0.1,38.3,93,29,0,32408,0.01,0.01
3/26/2009 10:00,213,0.1,0.1,38.6,94,29,0,32848,0,0
3/26/2009 10:10,213,0.1,0.1,39.2,94,29,0,33298,0,0
3/26/2009 10:20,213,0.1,0.1,40.1,94,29,0,33628,0,0
3/26/2009 10:30,213,0.1,0.1,38.8,93,29,0,33868,0.01,0.01
3/26/2009 10:40,213,0.1,0.1,37.5,94,29,0,34428,0.12,0.12
3/26/2009 10:50,213,0.1,0.1,37.4,94,29,0,34908,0.02,0.02
3/26/2009 11:00,213,0.1,0.1,37.5,94,29,0,35198,0,0
3/26/2009 11:10,213,0.1,0.1,37.9,94,29,0,35198,0,0
3/26/2009 11:20,213,0.1,0.1,37.9,94,29,0,35218,0,0
3/26/2009 11:30,213,0.1,0.1,38.8,94,29,0,35218,0,0
3/26/2009 11:40,213,0.1,0.1,39.9,94,29,0,35218,0,0
3/26/2009 11:50,213,0.1,0.1,38.4,94,29,0,35218,0,0
3/26/2009 12:00,213,0.1,0.1,38.1,94,29,0,35238,0,0
3/26/2009 12:10,213,0.1,0.1,38.4,94,29,0,35308,0,0
3/26/2009 12:20,213,0.1,0.1,39.5,94,29,0,35308,0,0
3/26/2009 12:30,213,0.1,0.1,39.7,94,29,0,35308,0,0
3/26/2009 12:40,213,0.1,0.1,40.2,93,29,0,35308,0,0
3/26/2009 12:50,213,0.1,0.1,42.2,90,29,0,35308,0,0
3/26/2009 13:00,213,0.1,0.1,41.3,85,29,0,35308,0,0
3/26/2009 13:10,213,0.1,0.1,40.8,84,29,0,35308,0,0
3/26/2009 13:20,213,0.1,0.1,40.1,86,29,0,35308,0,0
3/26/2009 13:30,213,0.1,0.1,40.8,84,29,0,35308,0,0
3/26/2009 13:40,213,0.1,0.1,41.1,83,29,0,35308,0,0
3/26/2009 13:50,213,0.1,0.1,41,83,29,0,35338,0,0
3/26/2009 14:00,213,0.1,0.1,40.4,82,29,0,35338,0,0
3/26/2009 14:10,213,0.1,0.1,40.1,83,29,0,35338,0,0
3/26/2009 14:20,213,0.1,0.1,39.9,84,29,0,35338,0,0
3/26/2009 14:30,213,0.1,0.1,40.6,83,29,0,35338,0,0
3/26/2009 14:40,213,0.1,0.1,41.5,82,29,0,35338,0,0
3/26/2009 14:50,213,0.1,0.1,41.9,80,29,0,35338,0,0
3/26/2009 15:00,213,0.1,0.1,42.4,81,29,0,35448,0,0
3/26/2009 15:10,213,0.1,0.1,42.8,81,29,0,35448,0,0
3/26/2009 15:20,213,0.1,0.1,42.8,80,29,0,35588,0,0
3/26/2009 15:30,213,0.1,0.1,43.1,81,29,0,35748,0,0
3/26/2009 15:40,213,0.1,0.1,43.1,82,29,0,35748,0,0
3/26/2009 15:50,213,0.1,0.1,43.8,82,29,0,35748,0,0
3/26/2009 16:00,213,0.1,0.1,44,82,29,0,35798,0,0
3/26/2009 16:10,213,0.1,0.1,43.5,83,29.1,0,35798,0,0
3/26/2009 16:20,213,0.1,0.1,41.5,84,29.1,0,35798,0,0
3/26/2009 16:30,213,0.1,0.1,39.2,87,29.1,0,35798,0,0
3/26/2009 16:40,213,0.1,0.1,37.5,89,29.1,0,35798,0,0
3/26/2009 16:50,213,0.1,0.1,37.4,87,29.1,0,35798,0,0
3/26/2009 17:00,213,0.1,0.1,36.6,89,29.1,0,35798,0,0
3/26/2009 17:10,213,0.1,0.1,36.5,89,29.1,0,35798,0,0
3/26/2009 17:20,213,0.1,0.1,36.5,90,29.1,0,35798,0,0
3/26/2009 17:30,213,0.1,0.1,37,89,29.1,0,35798,0,0
3/26/2009 17:40,213,0.1,0.1,37.7,87,29.1,0,35798,0,0
3/26/2009 17:50,213,0.1,0.1,38.4,85,29.1,0,35798,0,0
3/26/2009 18:00,213,0.1,0.1,38.6,84,29.1,0,35798,0,0
3/26/2009 18:10,213,0.1,0.1,38.8,84,29.1,0,35798,0,0
3/26/2009 18:20,213,0.1,0.1,38.4,84,29.1,0,35798,0,0
3/26/2009 18:30,213,0.1,0.1,38.1,85,29.1,0,35798,0,0
3/26/2009 18:40,213,0.1,0.1,38.1,85,29.1,0,35798,0,0
3/26/2009 18:50,213,0.1,0.1,38.3,85,29.1,0,35798,0,0
3/26/2009 19:00,213,0.1,0.1,38.4,84,29.1,0,35798,0,0
3/26/2009 19:10,213,0.1,0.1,38.3,84,29.1,0,35798,0,0
3/26/2009 19:20,213,0.1,0.1,38.3,84,29.1,0,35798,0,0
3/26/2009 19:30,213,0.1,0.1,38.3,84,29.1,0,35798,0,0
3/26/2009 19:40,213,0.1,0.1,38.3,84,29.1,0,35798,0,0
3/26/2009 19:50,213,0.1,0.1,38.3,84,29.1,0,35798,0,0
3/26/2009 20:00,213,0.1,0.1,38.6,83,29.1,0,35798,0,0
3/26/2009 20:10,213,0.1,0.1,38.6,83,29.1,0,35798,0,0
3/26/2009 20:20,213,0.1,0.1,38.6,83,29.1,0,35798,0,0
3/26/2009 20:30,213,0.1,0.1,38.6,83,29.1,0,35798,0,0
3/26/2009 20:40,213,0.1,0.1,38.6,82,29.1,0,35798,0,0
3/26/2009 20:50,213,0.1,0.1,38.4,83,29.1,0,35798,0,0
3/26/2009 21:00,213,0.1,0.1,38.4,83,29.1,0,35798,0,0
3/26/2009 21:10,213,0.1,0.1,38.3,83,29.1,0,35798,0,0
3/26/2009 21:20,213,0.1,0.1,38.3,83,29.1,0,35798,0,0
3/26/2009 21:30,213,0.1,0.1,38.4,83,29.1,0,35798,0,0
3/26/2009 21:40,213,0.1,0.1,38.4,83,29.1,0,35798,0,0
3/26/2009 21:50,213,0.1,0.1,38.4,82,29.1,0,35798,0,0
3/26/2009 22:00,213,0.1,0.1,38.6,82,29.1,0,35798,0,0
3/26/2009 22:10,213,0.1,0.1,38.6,82,29.1,0,35798,0,0
3/26/2009 22:20,213,0.1,0.1,38.6,82,29.1,0,35798,0,0
3/26/2009 22:30,213,0.1,0.1,38.4,82,29.1,0,35798,0,0
3/26/2009 22:40,213,0.1,0.1,38.4,82,29.1,0,35798,0,0
3/26/2009 22:50,213,0.1,0.1,38.4,82,29.1,0,35798,0,0
3/26/2009 23:00,213,0.1,0.1,38.4,82,29.1,0,35798,0,0
3/26/2009 23:10,213,0.1,0.1,38.4,82,29.1,0,35798,0,0
3/26/2009 23:20,213,0.1,0.1,38.4,82,29.1,0,35798,0,0
3/26/2009 23:30,213,0.1,0.1,38.6,81,29.1,0,35798,0,0
3/26/2009 23:40,213,0.1,0.1,38.6,81,29.1,0,35798,0,0
3/26/2009 23:50,213,0.1,0.1,38.4,81,29.1,0,35798,0,0
3/27/2009 0:00,213,0.1,0.1,38.4,81,29.1,0,35798,0,0
3/27/2009 0:10,213,0.1,0.1,38.4,80,29.1,0,35798,0,0
3/27/2009 0:20,213,0.1,0.1,38.6,79,29.1,0,35798,0,0
3/27/2009 0:30,213,0.1,0.1,38.8,78,29.1,0,35798,0,0
3/27/2009 0:40,213,0.1,0.1,39,77,29.1,0,35798,0,0
3/27/2009 0:50,213,0.1,0.1,39.2,74,29.1,0,35798,0,0
3/27/2009 1:00,213,0.1,0.1,39.7,70,29.1,0,35798,0,0
3/27/2009 1:10,213,0.1,0.1,40.1,68,29.1,0,35798,0,0
3/27/2009 1:20,213,0.1,0.1,40.1,68,29.1,0,35798,0,0
3/27/2009 1:30,213,0.1,0.1,39.9,68,29.1,0,35798,0,0
3/27/2009 1:40,213,0.1,0.1,39.7,68,29.1,0,35798,0,0
3/27/2009 1:50,213,0.1,0.1,40.2,67,29.1,0,35798,0,0
3/27/2009 2:00,213,0.1,0.1,40.4,67,29.1,0,35798,0,0
3/27/2009 2:10,213,0.1,0.1,40.2,67,29.1,0,35798,0,0
3/27/2009 2:20,213,0.1,0.1,40.1,68,29.2,0,35798,0,0
3/27/2009 2:30,213,0.1,0.1,40.2,68,29.2,0,35798,0,0
3/27/2009 2:40,213,0.1,0.1,40.4,68,29.2,0,35798,0,0
3/27/2009 2:50,213,0.1,0.1,40.8,67,29.2,0,35798,0,0
3/27/2009 3:00,213,0.1,0.1,40.2,68,29.1,0,35798,0,0
3/27/2009 3:10,213,0.1,0.1,40.2,69,29.2,0,35798,0,0
3/27/2009 3:20,213,0.1,0.1,39.9,70,29.2,0,35798,0,0
3/27/2009 3:30,213,0.1,0.1,40.1,70,29.2,0,35798,0,0
3/27/2009 3:40,213,0.1,0.1,39.7,71,29.2,0,35798,0,0
3/27/2009 3:50,213,0.1,0.1,40.1,70,29.2,0,35798,0,0
3/27/2009 4:00,213,0.1,0.1,39.5,71,29.2,0,35798,0,0
3/27/2009 4:10,213,0.1,0.1,39.7,71,29.2,0,35798,0,0
3/27/2009 4:20,213,0.1,0.1,40.1,70,29.2,0,35798,0,0
3/27/2009 4:30,213,0.1,0.1,40.8,68,29.2,0,35798,0,0
3/27/2009 4:40,213,0.1,0.1,40.4,69,29.2,0,35798,0,0
3/27/2009 4:50,213,0.1,0.1,40.2,69,29.2,0,35798,0,0
3/27/2009 5:00,213,0.1,0.1,39.9,70,29.2,0,35798,0,0
3/27/2009 5:10,213,0.1,0.1,41,68,29.2,0,35798,0,0
3/27/2009 5:20,213,0.1,0.1,40.4,69,29.2,0,35798,0,0
3/27/2009 5:30,213,0.1,0.1,41.1,68,29.2,0,35798,0,0
3/27/2009 5:40,213,0.1,0.1,42.8,66,29.2,0,35798,0,0
3/27/2009 5:50,213,0.1,0.1,43.3,64,29.2,0,35798,0,0
3/27/2009 6:00,213,0.1,0.1,44.2,63,29.2,0,35798,0,0
3/27/2009 6:10,213,0.1,0.1,45.6,60,29.2,0,35798,0,0
3/27/2009 6:20,213,0.1,0.1,46.2,58,29.2,0,35798,0,0
3/27/2009 6:30,213,0.1,0.1,46.2,57,29.2,0,35798,0,0
3/27/2009 6:40,213,0.1,0.1,46.7,56,29.2,0,35798,0,0
3/27/2009 6:50,213,0.1,0.1,45.3,60,29.2,0,35798,0,0
3/27/2009 7:00,213,0.1,0.1,46.2,62,29.2,0,35798,0,0
3/27/2009 7:10,213,0.1,0.1,46.2,59,29.2,0,35798,0,0
3/27/2009 7:20,213,0.1,0.1,49.1,57,29.2,0,35798,0,0
3/27/2009 7:30,213,0.1,0.1,46.2,59,29.2,0,35798,0,0
3/27/2009 7:40,213,0.1,0.1,46.5,58,29.2,0,35798,0,0
3/27/2009 7:50,213,0.1,0.1,46.4,58,29.2,0,35798,0,0
3/27/2009 8:00,213,0.1,0.1,46.2,57,29.2,0,35798,0,0
3/27/2009 8:10,213,0.1,0.1,46.5,57,29.2,0,35798,0,0
3/27/2009 8:20,213,0.1,0.1,48.2,55,29.2,0,35798,0,0
3/27/2009 8:30,213,0.1,0.1,48,55,29.2,0,35798,0,0
3/27/2009 8:40,213,0.1,0.1,48.2,55,29.2,0,35798,0,0
3/27/2009 8:50,213,0.1,0.1,48.7,54,29.2,0,35798,0,0
3/27/2009 9:00,213,0.1,0.1,48.2,54,29.2,0,35798,0,0
3/27/2009 9:10,213,0.1,0.1,48.2,52,29.2,0,35798,0,0
3/27/2009 9:20,213,0.1,0.1,48.7,53,29.2,0,35798,0,0
3/27/2009 9:30,213,0.1,0.1,46.2,55,29.2,0,35798,0,0
3/27/2009 9:40,213,0.1,0.1,48.2,54,29.2,0,35798,0,0
3/27/2009 9:50,213,0.1,0.1,46.2,57,29.2,0,35798,0,0
3/27/2009 10:00,213,0.1,0.1,46.4,57,29.2,0,35798,0,0
3/27/2009 10:10,213,0.1,0.1,46.7,56,29.2,0,35798,0,0
3/27/2009 10:20,213,0.1,0.1,44.9,59,29.2,0,35798,0,0
3/27/2009 10:30,213,0.1,0.1,46,58,29.2,0,35798,0,0
3/27/2009 10:40,213,0.1,0.1,46.5,56,29.2,0,35798,0,0
3/27/2009 10:50,213,0.1,0.1,48.2,57,29.2,0,35798,0,0
3/27/2009 11:00,213,0.1,0.1,48.2,54,29.2,0,35798,0,0
3/27/2009 11:10,213,0.1,0.1,47.6,55,29.2,0,35798,0,0
3/27/2009 11:20,213,0.1,0.1,48.3,55,29.2,0,35798,0,0
3/27/2009 11:30,213,0.1,0.1,49.6,53,29.2,0,35798,0,0
3/27/2009 11:40,213,0.1,0.1,49.1,54,29.2,0,35798,0,0
3/27/2009 11:50,213,0.1,0.1,48.3,55,29.2,0,35798,0,0
3/27/2009 12:00,213,0.1,0.1,48.5,54,29.2,0,35798,0,0
3/27/2009 12:10,213,0.1,0.1,48,57,29.2,0,35798,0,0
3/27/2009 12:20,213,0.1,0.1,47.4,58,29.1,0,35798,0,0
3/27/2009 12:30,213,0.1,0.1,47.6,58,29.1,0,35798,0,0
3/27/2009 12:40,213,0.1,0.1,46.9,59,29.1,0,35798,0,0
3/27/2009 12:50,213,0.1,0.1,47.4,57,29.1,0,35798,0,0
3/27/2009 13:00,213,0.1,0.1,47.4,56,29.1,0,35798,0,0
3/27/2009 13:10,213,0.1,0.1,46,55,29.1,0,35798,0,0
3/27/2009 13:20,213,0.1,0.1,45.3,58,29.1,0,35798,0,0
3/27/2009 13:30,213,0.1,0.1,44.7,61,29.1,0,35798,0,0
3/27/2009 13:40,213,0.1,0.1,44.4,61,29.1,0,35798,0,0
3/27/2009 13:50,213,0.1,0.1,44.7,60,29.1,0,35798,0,0
3/27/2009 14:00,213,0.1,0.1,44.6,61,29.1,0,35798,0,0
3/27/2009 14:10,213,0.1,0.1,44.4,60,29.1,0,35798,0,0
3/27/2009 14:20,213,0.1,0.1,45.3,59,29.1,0,35798,0,0
3/27/2009 14:30,213,0.1,0.1,46.9,55,29.1,0,35798,0,0
3/27/2009 14:40,213,0.1,0.1,46.9,54,29.1,0,35798,0,0
3/27/2009 14:50,213,0.1,0.1,47.1,54,29.1,0,35798,0,0
3/27/2009 15:00,213,0.1,0.1,46.7,56,29.1,0,35798,0,0
3/27/2009 15:10,213,0.1,0.1,45.8,57,29.1,0,35798,0,0
3/27/2009 15:20,213,0.1,0.1,46.4,55,29.1,0,35798,0,0
3/27/2009 15:30,213,0.1,0.1,45.8,54,29.1,0,35798,0,0
3/27/2009 15:40,213,0.1,0.1,46.2,54,29.1,0,35888,0,0
3/27/2009 15:50,213,0.1,0.1,45.5,55,29.1,0,35888,0,0
3/27/2009 16:00,213,0.1,0.1,45.3,55,29.1,0,35888,0,0
3/27/2009 16:10,213,0.1,0.1,45.6,54,29.1,0,35888,0,0
3/27/2009 16:20,213,0.1,0.1,46.2,53,29.1,0,35888,0,0
3/27/2009 16:30,213,0.1,0.1,46.2,53,29.1,0,35888,0,0
3/27/2009 16:40,213,0.1,0.1,46.4,53,29.1,0,35888,0,0
3/27/2009 16:50,213,0.1,0.1,46.7,52,29.1,0,35888,0,0
3/27/2009 17:00,213,0.1,0.1,46.7,51,29.1,0,35888,0,0
3/27/2009 17:10,213,0.1,0.1,47.3,51,29.1,0,35888,0,0
3/27/2009 17:20,213,0.1,0.1,47.8,49,29.1,0,35888,0,0
3/27/2009 17:30,213,0.1,0.1,48,48,29.1,0,35888,0,0
3/27/2009 17:40,213,0.1,0.1,48.3,47,29.1,0,35888,0,0
3/27/2009 17:50,213,0.1,0.1,48.7,46,29.1,0,35888,0,0
3/27/2009 18:00,213,0.1,0.1,48.7,45,29.1,0,35888,0,0
3/27/2009 18:10,213,0.1,0.1,48.5,45,29.1,0,35888,0,0
3/27/2009 18:20,213,0.1,0.1,48.7,44,29.1,0,35888,0,0
3/27/2009 18:30,213,0.1,0.1,48.7,44,29.1,0,35888,0,0
3/27/2009 18:40,213,0.1,0.1,48.5,44,29.1,0,35888,0,0
3/27/2009 18:50,213,0.1,0.1,48.5,43,29.1,0,35888,0,0
3/27/2009 19:00,213,0.1,0.1,48.7,42,29.1,0,35888,0,0
3/27/2009 19:10,213,0.1,0.1,48.9,41,29.1,0,35888,0,0
3/27/2009 19:20,213,0.1,0.1,48.7,40,29.1,0,35888,0,0
3/27/2009 19:30,213,0.1,0.1,48.7,40,29.1,0,35888,0,0
3/27/2009 19:40,213,0.1,0.1,48.7,40,29.1,0,35888,0,0
3/27/2009 19:50,213,0.1,0.1,48.9,38,29.1,0,35888,0,0
3/27/2009 20:00,213,0.1,0.1,49.1,37,29.1,0,35888,0,0
3/27/2009 20:10,213,0.1,0.1,48.9,38,29.1,0,35888,0,0
3/27/2009 20:20,213,0.1,0.1,48.9,38,29.1,0,35888,0,0
3/27/2009 20:30,213,0.1,0.1,48.3,40,29.1,0,35888,0,0
3/27/2009 20:40,213,0.1,0.1,48.3,38,29.1,0,35888,0,0
3/27/2009 20:50,213,0.1,0.1,48.2,38,29.1,0,35888,0,0
3/27/2009 21:00,213,0.1,0.1,48.2,38,29.1,0,35888,0,0
3/27/2009 21:10,213,0.1,0.1,48,39,29.1,0,35888,0,0
3/27/2009 21:20,213,0.1,0.1,47.8,40,29.1,0,35888,0,0
3/27/2009 21:30,213,0.1,0.1,47.6,38,29.1,0,35888,0,0
3/27/2009 21:40,213,0.1,0.1,46.7,41,29.1,0,35888,0,0
3/27/2009 21:50,213,0.1,0.1,46.4,43,29.1,0,35888,0,0
3/27/2009 22:00,213,0.1,0.1,44.7,55,29.1,0,35888,0,0
3/27/2009 22:10,213,0.1,0.1,43.3,53,29.1,0,35888,0,0
3/27/2009 22:20,213,0.1,0.1,44.2,48,29.1,0,35888,0,0
3/27/2009 22:30,213,0.1,0.1,45.3,50,29.1,0,35888,0,0
3/27/2009 22:40,213,0.1,0.1,45.1,48,29.1,0,35888,0,0
3/27/2009 22:50,213,0.1,0.1,45.1,48,29.1,0,35888,0,0
3/27/2009 23:00,213,0.1,0.1,45.1,48,29.1,0,35888,0,0
3/27/2009 23:10,213,0.1,0.1,44.9,48,29.1,0,35888,0,0
3/27/2009 23:20,213,0.1,0.1,44.4,50,29.1,0,35888,0,0
3/27/2009 23:30,213,0.1,0.1,44,50,29.1,0,35888,0,0
3/27/2009 23:40,213,0.1,0.1,45.3,47,29.1,0,35888,0,0
3/27/2009 23:50,213,0.1,0.1,45.5,47,29.1,0,35888,0,0
3/28/2009 0:00,213,0.1,0.1,45.3,47,29.1,0,35888,0,0
3/28/2009 0:10,213,0.1,0.1,45.1,48,29.1,0,35888,0,0
3/28/2009 0:20,213,0.1,0.1,45.8,47,29.1,0,35888,0,0
3/28/2009 0:30,213,0.1,0.1,46.2,46,29.1,0,35888,0,0
3/28/2009 0:40,213,0.1,0.1,46.2,49,29.1,0,35888,0,0
3/28/2009 0:50,213,0.1,0.1,44.9,52,29.1,0,35888,0,0
3/28/2009 1:00,213,0.1,0.1,43.5,55,29.1,0,35888,0,0
3/28/2009 1:10,213,0.1,0.1,43.3,57,29.1,0,35888,0,0
3/28/2009 1:20,213,0.1,0.1,43.5,56,29.1,0,35888,0,0
3/28/2009 1:30,213,0.1,0.1,44.4,55,29.1,0,35888,0,0
3/28/2009 1:40,213,0.1,0.1,46,52,29.1,0,35888,0,0
3/28/2009 1:50,213,0.1,0.1,45.5,52,29.1,0,35888,0,0
3/28/2009 2:00,213,0.1,0.1,43.1,57,29.1,0,35888,0,0
3/28/2009 2:10,213,0.1,0.1,43.3,57,29,0,35888,0,0
3/28/2009 2:20,213,0.1,0.1,42.6,59,29.1,0,35888,0,0
3/28/2009 2:30,213,0.1,0.1,41.7,61,29.1,0,35888,0,0
3/28/2009 2:40,213,0.1,0.1,42,60,29.1,0,35888,0,0
3/28/2009 2:50,213,0.1,0.1,42.2,61,29.1,0,35888,0,0
3/28/2009 3:00,213,0.1,0.1,40.6,70,29.1,0,35888,0,0
3/28/2009 3:10,213,0.1,0.1,37.5,75,29.1,0,35888,0,0
3/28/2009 3:20,213,0.1,0.1,37.7,78,29.1,0,35888,0,0
3/28/2009 3:30,213,0.1,0.1,37.2,78,29.1,0,35888,0,0
3/28/2009 3:40,213,0.1,0.1,37.2,77,29.1,0,35888,0,0
3/28/2009 3:50,213,0.1,0.1,37.2,76,29.1,0,35888,0,0
3/28/2009 4:00,213,0.1,0.1,37,77,29.1,0,35888,0,0
3/28/2009 4:10,213,0.1,0.1,37,77,29.1,0,35888,0,0
3/28/2009 4:20,213,0.1,0.1,36.6,80,29.1,0,35888,0,0
3/28/2009 4:30,213,0.1,0.1,36.6,81,29.1,0,35888,0,0
3/28/2009 4:40,213,0.1,0.1,37.2,79,29.1,0,35888,0,0
3/28/2009 4:50,213,0.1,0.1,37.2,82,29.1,0,35888,0,0
3/28/2009 5:00,213,0.1,0.1,37,83,29.1,0,35888,0,0
3/28/2009 5:10,213,0.1,0.1,37.2,82,29.1,0,35888,0,0
3/28/2009 5:20,213,0.1,0.1,37.2,82,29.1,0,35888,0,0
3/28/2009 5:30,213,0.1,0.1,37,83,29.1,0,35888,0,0
3/28/2009 5:40,213,0.1,0.1,36.8,84,29.1,0,35888,0,0
3/28/2009 5:50,213,0.1,0.1,36.8,85,29.1,0,35888,0,0
3/28/2009 6:00,213,0.1,0.1,37.5,82,29.1,0,35888,0,0
3/28/2009 6:10,213,0.1,0.1,37.7,82,29.1,0,35888,0,0
3/28/2009 6:20,213,0.1,0.1,37.9,82,29.1,0,35888,0,0
3/28/2009 6:30,213,0.1,0.1,38.6,81,29.1,0,35888,0,0
3/28/2009 6:40,213,0.1,0.1,39,81,29.1,0,35888,0,0
3/28/2009 6:50,213,0.1,0.1,38.6,81,29.1,0,35888,0,0
3/28/2009 7:00,213,0.1,0.1,38.4,80,29.1,0,35888,0,0
3/28/2009 7:10,213,0.1,0.1,38.8,80,29.1,0,35888,0,0
3/28/2009 7:20,213,0.1,0.1,38.6,80,29.1,0,35888,0,0
3/28/2009 7:30,213,0.1,0.1,38.3,81,29.1,0,35888,0,0
3/28/2009 7:40,213,0.1,0.1,37.9,82,29.1,0,35888,0,0
3/28/2009 7:50,213,0.1,0.1,38.1,82,29.1,0,35888,0,0
3/28/2009 8:00,213,0.1,0.1,38.1,81,29.1,0,35888,0,0
3/28/2009 8:10,213,0.1,0.1,38.1,82,29.1,0,35888,0,0
3/28/2009 8:20,213,0.1,0.1,37.9,82,29.1,0,35888,0,0
3/28/2009 8:30,213,0.1,0.1,38.3,81,29.1,0,35888,0,0
3/28/2009 8:40,213,0.1,0.1,38.3,80,29.1,0,35888,0,0
3/28/2009 8:50,213,0.1,0.1,37.9,81,29.1,0,35888,0,0
3/28/2009 9:00,213,0.1,0.1,38.1,81,29.1,0,35888,0,0
3/28/2009 9:10,213,0.1,0.1,37.5,81,29.1,0,35888,0,0
3/28/2009 9:20,213,0.1,0.1,37.9,81,29.1,0,35888,0,0
3/28/2009 9:30,213,0.1,0.1,38.1,80,29.1,0,35888,0,0
3/28/2009 9:40,213,0.1,0.1,38.3,80,29,0,35888,0,0
3/28/2009 9:50,213,0.1,0.1,38.4,80,29,0,35888,0,0
3/28/2009 10:00,213,0.1,0.1,38.6,79,29,0,35888,0,0
3/28/2009 10:10,213,0.1,0.1,39,78,29,0,35888,0,0
3/28/2009 10:20,213,0.1,0.1,39.5,78,29,0,35888,0,0
3/28/2009 10:30,213,0.1,0.1,39.5,78,29,0,35888,0,0
3/28/2009 10:40,213,0.1,0.1,40.1,77,29,0,35888,0,0
3/28/2009 10:50,213,0.1,0.1,40.8,76,29,0,35888,0,0
3/28/2009 11:00,213,0.1,0.1,41.5,75,29,0,35888,0,0
3/28/2009 11:10,213,0.1,0.1,41.9,74,29,0,35888,0,0
3/28/2009 11:20,213,0.1,0.1,42.4,73,29,0,35888,0,0
3/28/2009 11:30,213,0.1,0.1,42.9,72,29,0,35888,0,0
3/28/2009 11:40,213,0.1,0.1,43.3,72,29,0,35888,0,0
3/28/2009 11:50,213,0.1,0.1,43.5,71,29,0,35888,0,0
3/28/2009 12:00,213,0.1,0.1,43.7,70,29,0,35888,0,0
3/28/2009 12:10,213,0.1,0.1,43.5,71,29,0,35888,0,0
3/28/2009 12:20,213,0.1,0.1,44,70,29,0,35888,0,0
3/28/2009 12:30,213,0.1,0.1,43.5,71,29,0,35888,0,0
3/28/2009 12:40,213,0.1,0.1,43.1,71,29,0,35888,0,0
3/28/2009 12:50,213,0.1,0.1,43.3,71,29,0,35888,0,0
3/28/2009 13:00,213,0.1,0.1,43.7,71,29,0,35888,0,0
3/28/2009 13:10,213,0.1,0.1,44.4,68,29,0,35888,0,0
3/28/2009 13:20,213,0.1,0.1,44.2,69,29,0,35888,0,0
3/28/2009 13:30,213,0.1,0.1,45.3,66,29,0,35888,0,0
3/28/2009 13:40,213,0.1,0.1,46.5,62,29,0,35888,0,0
3/28/2009 13:50,213,0.1,0.1,46.5,62,29,0,35888,0,0
3/28/2009 14:00,213,0.1,0.1,47.4,61,29,0,35888,0,0
3/28/2009 14:10,213,0.1,0.1,46.9,62,28.9,0,35888,0,0
3/28/2009 14:20,213,0.1,0.1,48.2,60,28.9,0,35888,0,0
3/28/2009 14:30,213,0.1,0.1,49.6,58,28.9,0,35888,0,0
3/28/2009 14:40,213,0.1,0.1,48.3,60,28.9,0,35888,0,0
3/28/2009 14:50,213,0.1,0.1,47.4,60,28.9,0,35888,0,0
3/28/2009 15:00,213,0.1,0.1,47.1,60,28.9,0,35888,0,0
3/28/2009 15:10,213,0.1,0.1,47.4,60,28.9,0,35888,0,0
3/28/2009 15:20,213,0.1,0.1,47.3,61,28.9,0,35888,0,0
3/28/2009 15:30,213,0.1,0.1,48.3,59,28.9,0,35888,0,0
3/28/2009 15:40,213,0.1,0.1,50.1,56,28.9,0,35888,0,0
3/28/2009 15:50,213,0.1,0.1,50.9,55,28.9,0,35888,0,0
3/28/2009 16:00,213,0.1,0.1,49.4,59,28.9,0,35888,0,0
3/28/2009 16:10,213,0.1,0.1,48.9,60,28.9,0,35888,0,0
3/28/2009 16:20,213,0.1,0.1,49.4,59,28.9,0,35888,0,0
3/28/2009 16:30,213,0.1,0.1,50.1,57,28.9,0,35888,0,0
3/28/2009 16:40,213,0.1,0.1,51,56,28.9,0,35888,0,0
3/28/2009 16:50,213,0.1,0.1,51.4,55,28.9,0,35888,0,0
3/28/2009 17:00,213,0.1,0.1,51,56,28.8,0,35888,0,0
3/28/2009 17:10,213,0.1,0.1,50.7,57,28.8,0,35888,0,0
3/28/2009 17:20,213,0.1,0.1,50,59,28.8,0,35888,0,0
3/28/2009 17:30,213,0.1,0.1,49.6,59,28.8,0,35888,0,0
3/28/2009 17:40,213,0.1,0.1,48.9,61,28.8,0,35888,0,0
3/28/2009 17:50,213,0.1,0.1,46.7,65,28.8,0,35888,0,0
3/28/2009 18:00,213,0.1,0.1,48,73,28.8,0,35888,0,0
3/28/2009 18:10,213,0.1,0.1,52.3,65,28.8,0,35888,0,0
3/28/2009 18:20,213,0.1,0.1,57,67,28.8,0,35888,0,0
3/28/2009 18:30,213,0.1,0.1,58.2,64,28.8,0,35888,0,0
3/28/2009 18:40,213,0.1,0.1,58.1,65,28.8,0,35888,0,0
3/28/2009 18:50,213,0.1,0.1,57.9,65,28.8,0,35888,0,0
3/28/2009 19:00,213,0.1,0.1,57.9,65,28.8,0,35888,0,0
3/28/2009 19:10,213,0.1,0.1,57.7,65,28.8,0,35888,0,0
3/28/2009 19:20,213,0.1,0.1,57.3,66,28.8,0,35888,0,0
3/28/2009 19:30,213,0.1,0.1,57.3,66,28.8,0,35888,0,0
3/28/2009 19:40,213,0.1,0.1,57.2,67,28.8,0,35888,0,0
3/28/2009 19:50,213,0.1,0.1,57,67,28.8,0,35888,0,0
3/28/2009 20:00,213,0.1,0.1,56.8,68,28.8,0,35888,0,0
3/28/2009 20:10,213,0.1,0.1,56.6,68,28.8,0,35888,0,0
3/28/2009 20:20,213,0.1,0.1,56.6,68,28.7,0,35888,0,0
3/28/2009 20:30,213,0.1,0.1,56.3,68,28.7,0,35888,0,0
3/28/2009 20:40,213,0.1,0.1,56.3,69,28.7,0,35888,0,0
3/28/2009 20:50,213,0.1,0.1,56.1,69,28.7,0,35888,0,0
3/28/2009 21:00,213,0.1,0.1,55.9,69,28.7,0,35888,0,0
3/28/2009 21:10,213,0.1,0.1,55.9,70,28.7,0,35888,0,0
3/28/2009 21:20,213,0.1,0.1,55.7,70,28.7,0,35888,0,0
3/28/2009 21:30,213,0.1,0.1,55.7,70,28.7,0,35888,0,0
3/28/2009 21:40,213,0.1,0.1,55.7,69,28.7,0,35888,0,0
3/28/2009 21:50,213,0.1,0.1,55.5,70,28.7,0,35888,0,0
3/28/2009 22:00,213,0.1,0.1,55.5,70,28.7,0,35888,0,0
3/28/2009 22:10,213,0.1,0.1,55.5,70,28.7,0,35888,0,0
3/28/2009 22:20,213,0.1,0.1,55.4,70,28.7,0,35888,0,0
3/28/2009 22:30,213,0.1,0.1,55.4,70,28.7,0,35888,0,0
3/28/2009 22:40,213,0.1,0.1,55.4,71,28.7,0,35888,0,0
3/28/2009 22:50,213,0.1,0.1,55.4,71,28.7,0,35888,0,0
3/28/2009 23:00,213,0.1,0.1,55.2,71,28.7,0,35888,0,0
3/28/2009 23:10,213,0.1,0.1,55.4,71,28.7,0,35888,0,0
3/28/2009 23:20,213,0.1,0.1,55.2,71,28.6,0,35888,0,0
3/28/2009 23:30,213,0.1,0.1,55.2,72,28.6,0,35888,0,0
3/28/2009 23:40,213,0.1,0.1,55.4,71,28.6,0,35888,0,0
3/28/2009 23:50,213,0.1,0.1,55.4,71,28.6,0,35888,0,0
3/29/2009 0:00,213,0.1,0.1,55.4,71,28.6,0,35888,0,0
3/29/2009 0:10,213,0.1,0.1,55.2,72,28.6,0,35888,0,0
3/29/2009 0:20,213,0.1,0.1,55.2,72,28.6,0,35888,0,0
3/29/2009 0:30,213,0.1,0.1,55.4,71,28.6,0,35898,0,0
3/29/2009 0:40,213,0.1,0.1,55.5,71,28.6,0,35908,0,0
3/29/2009 0:50,213,0.1,0.1,55.4,72,28.6,0,35908,0,0
3/29/2009 1:00,213,0.1,0.1,55.5,71,28.6,0,35908,0,0
3/29/2009 1:10,213,0.1,0.1,55.5,71,28.5,0,35908,0,0
3/29/2009 1:20,213,0.1,0.1,55.5,72,28.5,0,35908,0,0
3/29/2009 1:30,213,0.1,0.1,55.5,72,28.5,0,36038,0.1,0.1
3/29/2009 1:40,213,0.1,0.1,54.8,76,28.5,0,36588,0.02,0.02
3/29/2009 1:50,213,0.1,0.1,54.6,77,28.5,0,36808,0.05,0.05
3/29/2009 2:00,213,0.1,0.1,54.5,78,28.5,0,37008,0,0
3/29/2009 2:10,213,0.1,0.1,54.3,79,28.5,0,37328,0.03,0.03
3/29/2009 2:20,213,0.1,0.1,53.6,83,28.5,0,37698,0.19,0.19
3/29/2009 2:30,213,0.1,0.1,52.1,89,28.5,0,38298,0.04,0.04
3/29/2009 2:40,213,0.1,0.1,52.3,90,28.5,0,38888,0.7,0.7
3/29/2009 2:50,213,0.1,0.1,52.8,89,28.5,0,39498,0.2,0.2
3/29/2009 3:00,213,0.1,0.1,53.7,84,28.5,0,39718,0.01,0.01
3/29/2009 3:10,213,0.1,0.1,53.9,82,28.5,0,39738,0,0
3/29/2009 3:20,213,0.1,0.1,54.1,81,28.5,0,39848,0.07,0.07
3/29/2009 3:30,213,0.1,0.1,53.9,82,28.5,0,40358,0.05,0.05
3/29/2009 3:40,213,0.1,0.1,53.6,83,28.5,0,40898,0,0
3/29/2009 3:50,213,0.1,0.1,53.6,84,28.5,0,41268,0,0
3/29/2009 4:00,213,0.1,0.1,53.4,84,28.5,0,41438,0,0
3/29/2009 4:10,213,0.1,0.1,53.4,84,28.5,0,41478,0,0
3/29/2009 4:20,213,0.1,0.1,53.7,82,28.5,0,41488,0,0
3/29/2009 4:30,213,0.1,0.1,53.9,80,28.5,0,41498,0,0
3/29/2009 4:40,213,0.1,0.1,53.9,80,28.5,0,41608,0.02,0.02
3/29/2009 4:50,213,0.1,0.1,54.1,80,28.4,0,41678,0,0
3/29/2009 5:00,213,0.1,0.1,53.7,82,28.5,0,42008,0.65,0.65
3/29/2009 5:10,213,0.1,0.1,53.4,84,28.5,0,42578,0.18,0.18
3/29/2009 5:20,213,0.1,0.1,53.4,85,28.5,0,43178,0.12,0.12
3/29/2009 5:30,213,0.1,0.1,53.6,83,28.4,0,43648,0,0
3/29/2009 5:40,213,0.1,0.1,53.9,81,28.5,0,43758,0.03,0.03
3/29/2009 5:50,213,0.1,0.1,53.6,83,28.5,0,44258,0.03,0.03
3/29/2009 6:00,213,0.1,0.1,53.2,85,28.5,0,44858,0.25,0.25
3/29/2009 6:10,213,0.1,0.1,53,86,28.5,0,45458,0.31,0.31
3/29/2009 6:20,213,0.1,0.1,53.2,86,28.5,0,46058,0.03,0.03
3/29/2009 6:30,213,0.1,0.1,53.4,86,28.5,0,46658,0.16,0.16
3/29/2009 6:40,213,0.1,0.1,53.9,84,28.5,0,47038,0.01,0.01
3/29/2009 6:50,213,0.1,0.1,53.9,84,28.5,0,47338,0.02,0.02
3/29/2009 7:00,213,0.1,0.1,54.3,83,28.5,0,47568,0,0
3/29/2009 7:10,213,0.1,0.1,54.3,82,28.5,0,47588,0,0
3/29/2009 7:20,213,0.1,0.1,46.2,74,28.5,0,47588,0,0
3/29/2009 7:30,213,0.1,0.1,42,86,28.5,0,47618,0,0
3/29/2009 7:40,213,0.1,0.1,41,86,28.5,0,47618,0,0
3/29/2009 7:50,213,0.1,0.1,40.2,86,28.5,0,47628,0,0
3/29/2009 8:00,213,0.1,0.1,39.7,85,28.5,0,47628,0,0
3/29/2009 8:10,213,0.1,0.1,39.7,83,28.5,0,47628,0,0
3/29/2009 8:20,213,0.1,0.1,39.7,82,28.5,0,47628,0,0
3/29/2009 8:30,213,0.1,0.1,39.7,80,28.5,0,47628,0,0
3/29/2009 8:40,213,0.1,0.1,39.9,80,28.5,0,47798,0,0
3/29/2009 8:50,213,0.1,0.1,41,73,28.5,0,48138,0,0
3/29/2009 9:00,213,0.1,0.1,41.5,70,28.5,0,48178,0,0
3/29/2009 9:10,213,0.1,0.1,41.9,67,28.5,0,48248,0,0
3/29/2009 9:20,213,0.1,0.1,42.4,65,28.5,0,48248,0,0
3/29/2009 9:30,213,0.1,0.1,42.6,65,28.5,0,48248,0,0
3/29/2009 9:40,213,0.1,0.1,42.9,63,28.5,0,48248,0,0
3/29/2009 9:50,213,0.1,0.1,43.3,64,28.6,0,48248,0,0
3/29/2009 10:00,213,0.1,0.1,42.4,65,28.6,0,48248,0,0
3/29/2009 10:10,213,0.1,0.1,41.9,66,28.5,0,48248,0,0
3/29/2009 10:20,213,0.1,0.1,42.2,66,28.5,0,48248,0,0
3/29/2009 10:30,213,0.1,0.1,42.2,67,28.5,0,48248,0,0
3/29/2009 10:40,213,0.1,0.1,41.9,69,28.5,0,48248,0,0
3/29/2009 10:50,213,0.1,0.1,42.4,65,28.5,0,48248,0,0
3/29/2009 11:00,213,0.1,0.1,42.8,63,28.5,0,48248,0,0
3/29/2009 11:10,213,0.1,0.1,43.3,63,28.5,0,48248,0,0
3/29/2009 11:20,213,0.1,0.1,42.6,63,28.5,0,48248,0,0
3/29/2009 11:30,213,0.1,0.1,42.4,64,28.5,0,48248,0,0
3/29/2009 11:40,213,0.1,0.1,42.6,66,28.5,0,48248,0,0
3/29/2009 11:50,213,0.1,0.1,42.6,66,28.5,0,48248,0,0
3/29/2009 12:00,213,0.1,0.1,42.8,65,28.5,0,48248,0,0
3/29/2009 12:10,213,0.1,0.1,44,61,28.5,0,48248,0,0
3/29/2009 12:20,213,0.1,0.1,43.3,63,28.5,0,48248,0,0
3/29/2009 12:30,213,0.1,0.1,42.2,66,28.5,0,48248,0,0
3/29/2009 12:40,213,0.1,0.1,41.1,70,28.6,0,48248,0,0
3/29/2009 12:50,213,0.1,0.1,40.6,72,28.6,0,48418,0,0
3/29/2009 13:00,213,0.1,0.1,40.2,76,28.6,0,48518,0,0
3/29/2009 13:10,213,0.1,0.1,40.2,79,28.6,0,48608,0,0
3/29/2009 13:20,213,0.1,0.1,40.6,81,28.6,0,48738,0,0
3/29/2009 13:30,213,0.1,0.1,42.9,76,28.6,0,48758,0,0
3/29/2009 13:40,213,0.1,0.1,45.1,68,28.6,0,48788,0,0
3/29/2009 13:50,213,0.1,0.1,46.2,62,28.6,0,48788,0,0
3/29/2009 14:00,213,0.1,0.1,46.4,60,28.6,0,48788,0,0
3/29/2009 14:10,213,0.1,0.1,46.5,61,28.6,0,48788,0,0
3/29/2009 14:20,213,0.1,0.1,46.7,60,28.6,0,48788,0,0
3/29/2009 14:30,213,0.1,0.1,46.7,60,28.6,0,48788,0,0
3/29/2009 14:40,213,0.1,0.1,45.3,64,28.6,0,49168,0.1,0.1
3/29/2009 14:50,213,0.1,0.1,43.7,75,28.6,0,49498,0,0
3/29/2009 15:00,213,0.1,0.1,43.5,77,28.6,0,49498,0,0
3/29/2009 15:10,213,0.1,0.1,43.5,76,28.6,0,49498,0,0
3/29/2009 15:20,213,0.1,0.1,42.6,77,28.6,0,50008,0.02,0.02
3/29/2009 15:30,213,0.1,0.1,39.3,84,28.6,0,50598,0.18,0.18
3/29/2009 15:40,213,0.1,0.1,39.2,86,28.6,0,50658,0,0
3/29/2009 15:50,213,0.1,0.1,39.5,86,28.6,0,50658,0,0
3/29/2009 16:00,213,0.1,0.1,40.1,85,28.6,0,50918,0.26,0.26
3/29/2009 16:10,213,0.1,0.1,40.2,87,28.6,0,51368,0,0
3/29/2009 16:20,213,0.1,0.1,41,85,28.6,0,51368,0,0
3/29/2009 16:30,213,0.1,0.1,40.2,85,28.6,0,51658,0.04,0.04
3/29/2009 16:40,213,0.1,0.1,38.4,86,28.6,0,52268,0.11,0.11
3/29/2009 16:50,213,0.1,0.1,39.2,85,28.6,0,52368,0.04,0.04
3/29/2009 17:00,213,0.1,0.1,39.5,86,28.6,0,52818,0,0
3/29/2009 17:10,213,0.1,0.1,39.7,86,28.6,0,52858,0,0
3/29/2009 17:20,213,0.1,0.1,40.2,87,28.6,0,52858,0,0
3/29/2009 17:30,213,0.1,0.1,40.8,87,28.6,0,52858,0,0
3/29/2009 17:40,213,0.1,0.1,41.7,83,28.6,0,53118,0.01,0.01
3/29/2009 17:50,213,0.1,0.1,41.9,80,28.6,0,53708,0.05,0.05
3/29/2009 18:00,213,0.1,0.1,41.3,82,28.6,0,54278,0.05,0.05
3/29/2009 18:10,213,0.1,0.1,34.5,88,28.6,0,54868,0.07,0.07
3/29/2009 18:20,213,0.1,0.1,35,91,28.6,0,55458,0.1,0.1
3/29/2009 18:30,213,0.1,0.1,34.5,91,28.6,0,56038,0.03,0.03
3/29/2009 18:40,213,0.1,0.1,34.5,91,28.6,0,56618,0.02,0.02
3/29/2009 18:50,213,0.1,0.1,35,91,28.6,0,57198,0.02,0.02
3/29/2009 19:00,213,0.1,0.1,35.4,90,28.6,0,57758,0.01,0.01
3/29/2009 19:10,213,0.1,0.1,35.7,90,28.6,0,58278,0.08,0.08
3/29/2009 19:20,213,0.1,0.1,35.4,88,28.6,0,58848,0.04,0.04
3/29/2009 19:30,213,0.1,0.1,35,88,28.6,0,59348,0,0
3/29/2009 19:40,213,0.1,0.1,34.7,89,28.6,0,59858,0.04,0.04
3/29/2009 19:50,213,0.1,0.1,34.3,90,28.6,0,60358,0,0
3/29/2009 20:00,213,0.1,0.1,33.9,90,28.7,0,60898,0.03,0.03
3/29/2009 20:10,213,0.1,0.1,34.1,90,28.7,0,61338,0.05,0.05
3/29/2009 20:20,213,0.1,0.1,34.3,91,28.7,0,61788,0,0
3/29/2009 20:30,213,0.1,0.1,34.3,91,28.7,0,62228,0.07,0.07
3/29/2009 20:40,213,0.1,0.1,34.3,91,28.7,0,62508,0,0
3/29/2009 20:50,213,0.1,0.1,34.5,90,28.7,0,62778,0,0
3/29/2009 21:00,213,0.1,0.1,34.5,90,28.7,0,63078,0.01,0.01
3/29/2009 21:10,213,0.1,0.1,34.3,90,28.7,0,63328,0,0
3/29/2009 21:20,213,0.1,0.1,34.3,90,28.7,0,63408,0,0
3/29/2009 21:30,213,0.1,0.1,34.5,89,28.7,0,63628,0,0
3/29/2009 21:40,213,0.1,0.1,34.3,89,28.7,0,63978,0.01,0.01
3/29/2009 21:50,213,0.1,0.1,34.3,89,28.7,0,64188,0.04,0.04
3/29/2009 22:00,213,0.1,0.1,34.1,90,28.7,0,64598,0,0
3/29/2009 22:10,213,0.1,0.1,33.9,89,28.7,0,65098,0.04,0.04
3/29/2009 22:20,213,0.1,0.1,34.1,89,28.8,0,65188,0,0
3/29/2009 22:30,213,0.1,0.1,33.8,89,28.8,0,65398,0,0
3/29/2009 22:40,213,0.1,0.1,33.6,89,28.8,0,65478,0,0
3/29/2009 22:50,213,0.1,0.1,33.6,89,28.8,0,65488,0,0
3/29/2009 23:00,213,0.1,0.1,33.4,90,28.8,0,65498,0,0
3/29/2009 23:10,213,0.1,0.1,33.8,88,28.8,0,65528,0,0
3/29/2009 23:20,213,0.1,0.1,33.8,88,28.8,0,12,0,0
3/29/2009 23:30,213,0.1,0.1,33.6,88,28.8,0,62,0,0
3/29/2009 23:40,213,0.1,0.1,33.4,88,28.8,0,112,0,0
3/29/2009 23:50,213,0.1,0.1,33.6,88,28.8,0,172,0,0
3/30/2009 0:00,213,0.1,0.1,33.4,87,28.8,0,482,0.02,0.02
3/30/2009 0:10,213,0.1,0.1,32.7,90,28.8,0,932,0,0
3/30/2009 0:20,213,0.1,0.1,32.5,92,28.8,0,1072,0,0
3/30/2009 0:30,213,0.1,0.1,32.1,92,28.8,0,1102,0,0
3/30/2009 0:40,213,0.1,0.1,32.3,93,28.8,0,1102,0,0
3/30/2009 0:50,213,0.1,0.1,32.1,93,28.8,0,1122,0,0
3/30/2009 1:00,213,0.1,0.1,32.1,93,28.8,0,1122,0,0
3/30/2009 1:10,213,0.1,0.1,32.1,93,28.8,0,1122,0,0
3/30/2009 1:20,213,0.1,0.1,32,93,28.8,0,1262,0,0
3/30/2009 1:30,213,0.1,0.1,32.1,92,28.8,0,1522,0.02,0.02
3/30/2009 1:40,213,0.1,0.1,32.1,92,28.8,0,1752,0,0
3/30/2009 1:50,213,0.1,0.1,32.3,91,28.8,0,1912,0,0
3/30/2009 2:00,213,0.1,0.1,32.3,91,28.9,0,2052,0,0
3/30/2009 2:10,213,0.1,0.1,32.3,91,28.9,0,2082,0,0
3/30/2009 2:20,213,0.1,0.1,32.1,91,28.9,0,2092,0,0
3/30/2009 2:30,213,0.1,0.1,32.3,91,28.9,0,2102,0,0
3/30/2009 2:40,213,0.1,0.1,32.3,90,28.9,0,2102,0,0
3/30/2009 2:50,213,0.1,0.1,32.3,90,28.9,0,2102,0,0
3/30/2009 3:00,213,0.1,0.1,32.1,90,28.9,0,2102,0,0
3/30/2009 3:10,213,0.1,0.1,32.3,90,28.9,0,2152,0,0
3/30/2009 3:20,213,0.1,0.1,32,91,28.9,0,2352,0,0
3/30/2009 3:30,213,0.1,0.1,32,92,28.9,0,2372,0,0
3/30/2009 3:40,213,0.1,0.1,31.9,92,28.9,0,2392,0,0
3/30/2009 3:50,213,0.1,0.1,32,92,28.9,0,2432,0,0
3/30/2009 4:00,213,0.1,0.1,32,92,28.9,0,2452,0,0
3/30/2009 4:10,213,0.1,0.1,32,89,28.9,0,2762,0,0
3/30/2009 4:20,213,0.1,0.1,32.1,88,28.9,0,2842,0,0
3/30/2009 4:30,213,0.1,0.1,32.3,84,29,0,2922,0,0
3/30/2009 4:40,213,0.1,0.1,32.3,83,28.9,0,3102,0.03,0.03
3/30/2009 4:50,213,0.1,0.1,32.5,85,29,0,3182,0,0
3/30/2009 5:00,213,0.1,0.1,32.3,84,29,0,3412,0,0
3/30/2009 5:10,213,0.1,0.1,32.5,83,29,0,3492,0,0
3/30/2009 5:20,213,0.1,0.1,32.5,83,29,0,3512,0,0
3/30/2009 5:30,213,0.1,0.1,32.5,83,29,0,3592,0,0
3/30/2009 5:40,213,0.1,0.1,32.7,84,29,0,3652,0,0
3/30/2009 5:50,213,0.1,0.1,32.7,81,29,0,3892,0,0
3/30/2009 6:00,213,0.1,0.1,32.5,86,29,0,4002,0,0
3/30/2009 6:10,213,0.1,0.1,32.3,87,29,0,4102,0,0
3/30/2009 6:20,213,0.1,0.1,32.3,87,29,0,4142,0,0
3/30/2009 6:30,213,0.1,0.1,32.5,86,29,0,4142,0,0
3/30/2009 6:40,213,0.1,0.1,32.7,84,29,0,4162,0,0
3/30/2009 6:50,213,0.1,0.1,32.7,82,29,0,4172,0,0
3/30/2009 7:00,213,0.1,0.1,32.9,81,29.1,0,4192,0,0
3/30/2009 7:10,213,0.1,0.1,33,82,29.1,0,4192,0,0
3/30/2009 7:20,213,0.1,0.1,32.9,82,29.1,0,4192,0,0
3/30/2009 7:30,213,0.1,0.1,32.7,80,29.1,0,4202,0,0
3/30/2009 7:40,213,0.1,0.1,32.9,80,29.1,0,4212,0,0
3/30/2009 7:50,213,0.1,0.1,33,81,29.1,0,4222,0,0
3/30/2009 8:00,213,0.1,0.1,33,81,29.1,0,4222,0,0
3/30/2009 8:10,213,0.1,0.1,33,81,29.1,0,4222,0,0
3/30/2009 8:20,213,0.1,0.1,33,80,29.1,0,4222,0,0
3/30/2009 8:30,213,0.1,0.1,33,80,29.1,0,4222,0,0
3/30/2009 8:40,213,0.1,0.1,33.2,82,29.1,0,4222,0,0
3/30/2009 8:50,213,0.1,0.1,33.2,80,29.1,0,4222,0,0
3/30/2009 9:00,213,0.1,0.1,33,79,29.1,0,4222,0,0
3/30/2009 9:10,213,0.1,0.1,33,80,29.1,0,4222,0,0
3/30/2009 9:20,213,0.1,0.1,33,80,29.1,0,4222,0,0
3/30/2009 9:30,213,0.1,0.1,33,79,29.1,0,4222,0,0
3/30/2009 9:40,213,0.1,0.1,33,80,29.1,0,4222,0,0
3/30/2009 9:50,213,0.1,0.1,33.2,80,29.2,0,4222,0,0
3/30/2009 10:00,213,0.1,0.1,33.2,79,29.2,0,4222,0,0
3/30/2009 10:10,213,0.1,0.1,33.2,79,29.2,0,4222,0,0
3/30/2009 10:20,213,0.1,0.1,33.2,79,29.2,0,4222,0,0
3/30/2009 10:30,213,0.1,0.1,33.2,78,29.2,0,4222,0,0
3/30/2009 10:40,213,0.1,0.1,33.2,78,29.2,0,4222,0,0
3/30/2009 10:50,213,0.1,0.1,33.4,78,29.2,0,4222,0,0
3/30/2009 11:00,213,0.1,0.1,33.2,78,29.2,0,4222,0,0
3/30/2009 11:10,213,0.1,0.1,33.2,78,29.2,0,4222,0,0
3/30/2009 11:20,213,0.1,0.1,33.4,78,29.2,0,4222,0,0
3/30/2009 11:30,213,0.1,0.1,33.4,78,29.2,0,4222,0,0
3/30/2009 11:40,213,0.1,0.1,33.4,78,29.2,0,4222,0,0
3/30/2009 11:50,213,0.1,0.1,33.4,78,29.2,0,4222,0,0
3/30/2009 12:00,213,0.1,0.1,33.4,79,29.2,0,4222,0,0
3/30/2009 12:10,213,0.1,0.1,33.6,76,29.2,0,4222,0,0
3/30/2009 12:20,213,0.1,0.1,33.6,76,29.2,0,4222,0,0
3/30/2009 12:30,213,0.1,0.1,33.6,77,29.2,0,4222,0,0
3/30/2009 12:40,213,0.1,0.1,33.8,77,29.2,0,4222,0,0
3/30/2009 12:50,213,0.1,0.1,33.8,77,29.2,0,4222,0,0
3/30/2009 13:00,213,0.1,0.1,33.9,78,29.2,0,4222,0,0
3/30/2009 13:10,213,0.1,0.1,33.9,75,29.2,0,4222,0,0
3/30/2009 13:20,213,0.1,0.1,33.8,75,29.2,0,4222,0,0
3/30/2009 13:30,213,0.1,0.1,33.9,75,29.2,0,4222,0,0
3/30/2009 13:40,213,0.1,0.1,34.1,76,29.2,0,4222,0,0
3/30/2009 13:50,213,0.1,0.1,34.1,75,29.2,0,4222,0,0
3/30/2009 14:00,213,0.1,0.1,34.1,75,29.2,0,4222,0,0
3/30/2009 14:10,213,0.1,0.1,34.1,75,29.2,0,4222,0,0
3/30/2009 14:20,213,0.1,0.1,34.1,74,29.2,0,4222,0,0
3/30/2009 14:30,213,0.1,0.1,34.3,75,29.2,0,4222,0,0
3/30/2009 14:40,213,0.1,0.1,34.3,75,29.2,0,4222,0,0
3/30/2009 14:50,213,0.1,0.1,34.5,76,29.2,0,4222,0,0
3/30/2009 15:00,213,0.1,0.1,34.5,77,29.3,0,4222,0,0
3/30/2009 15:10,213,0.1,0.1,34.5,76,29.3,0,4222,0,0
3/30/2009 15:20,213,0.1,0.1,34.5,75,29.3,0,4222,0,0
3/30/2009 15:30,213,0.1,0.1,34.5,76,29.3,0,4222,0,0
3/30/2009 15:40,213,0.1,0.1,34.5,76,29.3,0,4222,0,0
3/30/2009 15:50,213,0.1,0.1,34.5,76,29.3,0,4222,0,0
3/30/2009 16:00,213,0.1,0.1,34.5,74,29.3,0,4222,0,0
3/30/2009 16:10,213,0.1,0.1,34.5,75,29.3,0,4222,0,0
3/30/2009 16:20,213,0.1,0.1,34.7,73,29.3,0,4222,0,0
3/30/2009 16:30,213,0.1,0.1,34.7,73,29.3,0,4222,0,0
3/30/2009 16:40,213,0.1,0.1,34.7,72,29.3,0,4222,0,0
3/30/2009 16:50,213,0.1,0.1,34.8,73,29.3,0,4222,0,0
3/30/2009 17:00,213,0.1,0.1,34.8,71,29.3,0,4222,0,0
3/30/2009 17:10,213,0.1,0.1,34.8,71,29.3,0,4222,0,0
3/30/2009 17:20,213,0.1,0.1,35,71,29.3,0,4222,0,0
3/30/2009 17:30,213,0.1,0.1,35,72,29.3,0,4222,0,0
3/30/2009 17:40,213,0.1,0.1,35,72,29.3,0,4222,0,0
3/30/2009 17:50,213,0.1,0.1,35,73,29.3,0,4222,0,0
3/30/2009 18:00,213,0.1,0.1,35.2,73,29.3,0,4222,0,0
3/30/2009 18:10,213,0.1,0.1,35.2,72,29.3,0,4222,0,0
3/30/2009 18:20,213,0.1,0.1,35.2,71,29.3,0,4222,0,0
3/30/2009 18:30,213,0.1,0.1,35.2,72,29.3,0,4222,0,0
3/30/2009 18:40,213,0.1,0.1,35,71,29.3,0,4222,0,0
3/30/2009 18:50,213,0.1,0.1,35.2,72,29.3,0,4222,0,0
3/30/2009 19:00,213,0.1,0.1,35,71,29.3,0,4222,0,0
3/30/2009 19:10,213,0.1,0.1,35.4,71,29.3,0,4222,0,0
3/30/2009 19:20,213,0.1,0.1,35.2,71,29.3,0,4222,0,0
3/30/2009 19:30,213,0.1,0.1,35.2,71,29.3,0,4222,0,0
3/30/2009 19:40,213,0.1,0.1,35,71,29.3,0,4222,0,0
3/30/2009 19:50,213,0.1,0.1,35,72,29.3,0,4222,0,0
3/30/2009 20:00,213,0.1,0.1,34.5,72,29.3,0,4222,0,0
3/30/2009 20:10,213,0.1,0.1,34.1,73,29.3,0,4222,0,0
3/30/2009 20:20,213,0.1,0.1,34.1,74,29.3,0,4222,0,0
3/30/2009 20:30,213,0.1,0.1,34.3,73,29.3,0,4222,0,0
3/30/2009 20:40,213,0.1,0.1,34.5,72,29.3,0,4222,0,0
3/30/2009 20:50,213,0.1,0.1,33.6,74,29.3,0,4222,0,0
3/30/2009 21:00,213,0.1,0.1,33.8,74,29.3,0,4222,0,0
3/30/2009 21:10,213,0.1,0.1,33.6,74,29.3,0,4222,0,0
3/30/2009 21:20,213,0.1,0.1,33.4,75,29.3,0,4222,0,0
3/30/2009 21:30,213,0.1,0.1,32.9,76,29.3,0,4222,0,0
3/30/2009 21:40,213,0.1,0.1,32.5,78,29.3,0,4222,0,0
3/30/2009 21:50,213,0.1,0.1,32.3,78,29.3,0,4222,0,0
3/30/2009 22:00,213,0.1,0.1,32.3,78,29.3,0,4222,0,0
3/30/2009 22:10,213,0.1,0.1,32,78,29.3,0,4222,0,0
3/30/2009 22:20,213,0.1,0.1,32,79,29.3,0,4222,0,0
3/30/2009 22:30,213,0.1,0.1,32.1,79,29.3,0,4222,0,0
3/30/2009 22:40,213,0.1,0.1,31.9,79,29.3,0,4222,0,0
3/30/2009 22:50,213,0.1,0.1,31.9,79,29.3,0,4222,0,0
3/30/2009 23:00,213,0.1,0.1,32,79,29.3,0,4222,0,0
3/30/2009 23:10,213,0.1,0.1,32,79,29.3,0,4222,0,0
3/30/2009 23:20,213,0.1,0.1,32,79,29.3,0,4222,0,0
3/30/2009 23:30,213,0.1,0.1,31.7,79,29.3,0,4222,0,0
3/30/2009 23:40,213,0.1,0.1,31.7,79,29.3,0,4222,0,0
3/30/2009 23:50,213,0.1,0.1,31.5,79,29.3,0,4222,0,0
3/31/2009 0:00,213,0.1,0.1,31.5,80,29.3,0,4222,0,0
3/31/2009 0:10,213,0.1,0.1,31.5,79,29.3,0,4222,0,0
3/31/2009 0:20,213,0.1,0.1,30.8,81,29.3,0,4222,0,0
3/31/2009 0:30,213,0.1,0.1,30.6,81,29.3,0,4222,0,0
3/31/2009 0:40,213,0.1,0.1,30.4,82,29.3,0,4222,0,0
3/31/2009 0:50,213,0.1,0.1,30.6,81,29.3,0,4222,0,0
3/31/2009 1:00,213,0.1,0.1,30.4,81,29.3,0,4222,0,0
3/31/2009 1:10,213,0.1,0.1,30.1,82,29.3,0,4222,0,0
3/31/2009 1:20,213,0.1,0.1,30.2,81,29.3,0,4222,0,0
3/31/2009 1:30,213,0.1,0.1,30.1,81,29.3,0,4222,0,0
3/31/2009 1:40,213,0.1,0.1,30.1,81,29.3,0,4222,0,0
3/31/2009 1:50,213,0.1,0.1,30.1,81,29.3,0,4222,0,0
3/31/2009 2:00,213,0.1,0.1,30.1,81,29.3,0,4222,0,0
3/31/2009 2:10,213,0.1,0.1,30.1,81,29.3,0,4222,0,0
3/31/2009 2:20,213,0.1,0.1,30.1,81,29.3,0,4222,0,0
3/31/2009 2:30,213,0.1,0.1,30.1,80,29.3,0,4222,0,0
3/31/2009 2:40,213,0.1,0.1,30.1,80,29.3,0,4222,0,0
3/31/2009 2:50,213,0.1,0.1,29.9,81,29.3,0,4222,0,0
3/31/2009 3:00,213,0.1,0.1,29.9,81,29.3,0,4222,0,0
3/31/2009 3:10,213,0.1,0.1,29.9,81,29.3,0,4222,0,0
3/31/2009 3:20,213,0.1,0.1,29.5,82,29.3,0,4222,0,0
3/31/2009 3:30,213,0.1,0.1,29.7,81,29.3,0,4222,0,0
3/31/2009 3:40,213,0.1,0.1,29.3,82,29.3,0,4222,0,0
3/31/2009 3:50,213,0.1,0.1,29.3,81,29.3,0,4222,0,0
3/31/2009 4:00,213,0.1,0.1,29.7,81,29.3,0,4222,0,0
3/31/2009 4:10,213,0.1,0.1,30.1,80,29.3,0,4222,0,0
3/31/2009 4:20,213,0.1,0.1,30.2,79,29.3,0,4222,0,0
3/31/2009 4:30,213,0.1,0.1,30.6,79,29.3,0,4222,0,0
3/31/2009 4:40,213,0.1,0.1,30.4,78,29.3,0,4222,0,0
3/31/2009 4:50,213,0.1,0.1,30.6,77,29.3,0,4222,0,0
3/31/2009 5:00,213,0.1,0.1,30.8,77,29.3,0,4222,0,0
3/31/2009 5:10,213,0.1,0.1,31,76,29.3,0,4222,0,0
3/31/2009 5:20,213,0.1,0.1,31.1,76,29.3,0,4222,0,0
3/31/2009 5:30,213,0.1,0.1,31.7,75,29.3,0,4222,0,0
3/31/2009 5:40,213,0.1,0.1,32.5,75,29.3,0,4222,0,0
3/31/2009 5:50,213,0.1,0.1,32.1,73,29.3,0,4222,0,0
3/31/2009 6:00,213,0.1,0.1,32.9,73,29.3,0,4222,0,0
3/31/2009 6:10,213,0.1,0.1,32.5,72,29.3,0,4222,0,0
3/31/2009 6:20,213,0.1,0.1,32.7,72,29.3,0,4222,0,0
3/31/2009 6:30,213,0.1,0.1,33,72,29.3,0,4222,0,0
3/31/2009 6:40,213,0.1,0.1,34.3,69,29.3,0,4222,0,0
3/31/2009 6:50,213,0.1,0.1,33.8,71,29.3,0,4222,0,0
3/31/2009 7:00,213,0.1,0.1,34.5,69,29.3,0,4222,0,0
3/31/2009 7:10,213,0.1,0.1,36.1,68,29.3,0,4222,0,0
3/31/2009 7:20,213,0.1,0.1,36.1,68,29.3,0,4222,0,0
3/31/2009 7:30,213,0.1,0.1,36.8,67,29.3,0,4222,0,0
3/31/2009 7:40,213,0.1,0.1,38.1,65,29.3,0,4222,0,0
3/31/2009 7:50,213,0.1,0.1,38.6,63,29.3,0,4222,0,0
3/31/2009 8:00,213,0.1,0.1,39.5,61,29.3,0,4222,0,0
3/31/2009 8:10,213,0.1,0.1,40.8,60,29.3,0,4222,0,0
3/31/2009 8:20,213,0.1,0.1,41,58,29.3,0,4222,0,0
3/31/2009 8:30,213,0.1,0.1,37.9,68,29.3,0,4222,0,0
3/31/2009 8:40,213,0.1,0.1,37.7,72,29.3,0,4222,0,0
3/31/2009 8:50,213,0.1,0.1,37.9,72,29.3,0,4222,0,0
3/31/2009 9:00,213,0.1,0.1,36.5,74,29.3,0,4222,0,0
3/31/2009 9:10,213,0.1,0.1,36.6,75,29.3,0,4222,0,0
3/31/2009 9:20,213,0.1,0.1,36.6,76,29.2,0,4222,0,0
3/31/2009 9:30,213,0.1,0.1,36.3,79,29.2,0,4222,0,0
3/31/2009 9:40,213,0.1,0.1,36.3,79,29.2,0,4222,0,0
3/31/2009 9:50,213,0.1,0.1,36.6,78,29.2,0,4222,0,0
3/31/2009 10:00,213,0.1,0.1,36.1,79,29.2,0,4222,0,0
3/31/2009 10:10,213,0.1,0.1,36.3,79,29.2,0,4222,0,0
3/31/2009 10:20,213,0.1,0.1,36.8,79,29.2,0,4222,0,0
3/31/2009 10:30,213,0.1,0.1,37,79,29.2,0,4222,0,0
3/31/2009 10:40,213,0.1,0.1,37,80,29.2,0,4222,0,0
3/31/2009 10:50,213,0.1,0.1,37.2,78,29.2,0,4222,0,0
3/31/2009 11:00,213,0.1,0.1,38.1,77,29.2,0,4222,0,0
3/31/2009 11:10,213,0.1,0.1,38.3,76,29.2,0,4222,0,0
3/31/2009 11:20,213,0.1,0.1,38.1,76,29.2,0,4222,0,0
3/31/2009 11:30,213,0.1,0.1,38.4,77,29.2,0,4222,0,0
3/31/2009 11:40,213,0.1,0.1,38.3,78,29.2,0,4222,0,0
3/31/2009 11:50,213,0.1,0.1,38.8,77,29.2,0,4222,0,0
3/31/2009 12:00,213,0.1,0.1,39,74,29.2,0,4222,0,0
3/31/2009 12:10,213,0.1,0.1,39.2,74,29.1,0,4222,0,0
3/31/2009 12:20,213,0.1,0.1,39.5,73,29.1,0,4222,0,0
3/31/2009 12:30,213,0.1,0.1,40.1,71,29.1,0,4222,0,0
3/31/2009 12:40,213,0.1,0.1,40.2,71,29.1,0,4222,0,0
3/31/2009 12:50,213,0.1,0.1,40.4,72,29.1,0,4222,0,0
3/31/2009 13:00,213,0.1,0.1,40.6,71,29.1,0,4222,0,0
3/31/2009 13:10,213,0.1,0.1,41.3,69,29.1,0,4222,0,0
3/31/2009 13:20,213,0.1,0.1,41.7,70,29.1,0,4222,0,0
3/31/2009 13:30,213,0.1,0.1,42,68,29.1,0,4222,0,0
3/31/2009 13:40,213,0.1,0.1,42.4,68,29.1,0,4222,0,0
3/31/2009 13:50,213,0.1,0.1,42.8,66,29.1,0,4222,0,0
3/31/2009 14:00,213,0.1,0.1,42.8,68,29.1,0,4222,0,0
3/31/2009 14:10,213,0.1,0.1,43.1,68,29.1,0,4222,0,0
3/31/2009 14:20,213,0.1,0.1,43.7,66,29.1,0,4222,0,0
3/31/2009 14:30,213,0.1,0.1,43.8,65,29.1,0,4222,0,0
3/31/2009 14:40,213,0.1,0.1,43.7,67,29,0,4222,0,0
3/31/2009 14:50,213,0.1,0.1,43.8,67,29,0,4222,0,0
3/31/2009 15:00,213,0.1,0.1,44.6,65,29.1,0,4222,0,0
3/31/2009 15:10,213,0.1,0.1,43.3,68,29.1,0,4222,0,0
3/31/2009 15:20,213,0.1,0.1,43.1,69,29,0,4222,0,0
3/31/2009 15:30,213,0.1,0.1,42.9,70,29,0,4222,0,0
3/31/2009 15:40,213,0.1,0.1,42.8,72,29,0,4222,0,0
3/31/2009 15:50,213,0.1,0.1,42.6,72,29,0,4222,0,0
3/31/2009 16:00,213,0.1,0.1,42.2,74,29,0,4222,0,0
3/31/2009 16:10,213,0.1,0.1,41.9,74,29,0,4222,0,0
3/31/2009 16:20,213,0.1,0.1,41.5,75,29,0,4222,0,0
3/31/2009 16:30,213,0.1,0.1,41.3,77,29,0,4222,0,0
3/31/2009 16:40,213,0.1,0.1,41.1,77,29,0,4222,0,0
3/31/2009 16:50,213,0.1,0.1,41,77,29,0,4222,0,0
3/31/2009 17:00,213,0.1,0.1,40.8,78,29,0,4222,0,0
3/31/2009 17:10,213,0.1,0.1,40.6,78,29,0,4222,0,0
3/31/2009 17:20,213,0.1,0.1,40.6,76,29,0,4222,0,0
3/31/2009 17:30,213,0.1,0.1,40.2,78,29,0,4222,0,0
3/31/2009 17:40,213,0.1,0.1,40.2,78,29,0,4222,0,0
3/31/2009 17:50,213,0.1,0.1,40.2,78,29,0,4222,0,0
3/31/2009 18:00,213,0.1,0.1,40.4,78,29,0,4222,0,0
3/31/2009 18:10,213,0.1,0.1,40.8,75,29,0,4222,0,0
3/31/2009 18:20,213,0.1,0.1,41.5,74,29,0,4222,0,0
3/31/2009 18:30,213,0.1,0.1,47.4,58,29,0,4222,0,0
3/31/2009 18:40,213,0.1,0.1,47.1,55,29,0,4222,0,0
3/31/2009 18:50,213,0.1,0.1,53.6,40,29,0,4222,0,0
3/31/2009 19:00,213,0.1,0.1,58.2,32,29,0,4222,0,0
3/31/2009 19:10,213,0.1,0.1,59.3,30,29,0,4222,0,0
3/31/2009 19:20,213,0.1,0.1,59.1,30,29,0,4222,0,0
3/31/2009 19:30,213,0.1,0.1,59,30,29,0,4222,0,0
3/31/2009 19:40,213,0.1,0.1,58.6,31,29,0,4222,0,0
3/31/2009 19:50,213,0.1,0.1,58.6,31,29,0,4222,0,0
3/31/2009 20:00,213,0.1,0.1,58.4,31,29,0,4222,0,0
3/31/2009 20:10,213,0.1,0.1,58.2,32,29,0,4222,0,0
3/31/2009 20:20,213,0.1,0.1,58.1,33,29,0,4222,0,0
3/31/2009 20:30,213,0.1,0.1,58.2,33,29,0,4222,0,0
3/31/2009 20:40,213,0.1,0.1,58.1,33,29,0,4222,0,0
3/31/2009 20:50,213,0.1,0.1,58.1,34,29,0,4222,0,0
3/31/2009 21:00,213,0.1,0.1,57.9,35,29,0,4222,0,0
3/31/2009 21:10,213,0.1,0.1,57.7,35,29,0,4222,0,0
3/31/2009 21:20,213,0.1,0.1,57.7,36,29,0,4222,0,0
3/31/2009 21:30,213,0.1,0.1,57.5,36,29,0,4222,0,0
3/31/2009 21:40,213,0.1,0.1,57.5,36,29,0,4222,0,0
3/31/2009 21:50,213,0.1,0.1,57.5,37,29,0,4222,0,0
3/31/2009 22:00,213,0.1,0.1,57.5,37,28.9,0,4222,0,0
3/31/2009 22:10,213,0.1,0.1,57.5,37,29,0,4222,0,0
3/31/2009 22:20,213,0.1,0.1,57.3,38,29,0,4222,0,0
3/31/2009 22:30,213,0.1,0.1,57.3,38,29,0,4222,0,0
3/31/2009 22:40,213,0.1,0.1,57.3,38,28.9,0,4222,0,0
3/31/2009 22:50,213,0.1,0.1,57.5,38,28.9,0,4222,0,0
3/31/2009 23:00,213,0.1,0.1,57.7,38,28.9,0,4222,0,0
3/31/2009 23:10,213,0.1,0.1,57.7,38,28.9,0,4222,0,0
3/31/2009 23:20,213,0.1,0.1,57.5,38,28.9,0,4222,0,0
3/31/2009 23:30,213,0.1,0.1,57.3,38,28.9,0,4222,0,0
3/31/2009 23:40,213,0.1,0.1,57.3,38,28.9,0,4222,0,0
3/31/2009 23:50,213,0.1,0.1,57.5,38,28.9,0,4222,0,0
4/1/2009 0:00,213,0.1,0.1,57.7,38,28.9,0,4222,0,0
4/1/2009 0:10,213,0.1,0.1,57.7,38,28.9,0,4222,0,0
4/1/2009 0:20,213,0.1,0.1,57.5,39,28.9,0,4222,0,0
4/1/2009 0:30,213,0.1,0.1,57.3,39,28.9,0,4232,0,0
4/1/2009 0:40,213,0.1,0.1,57.2,39,28.9,0,4242,0,0
4/1/2009 0:50,213,0.1,0.1,56.6,41,28.9,0,4402,0,0
4/1/2009 1:00,213,0.1,0.1,55.5,46,28.9,0,4662,0,0
4/1/2009 1:10,213,0.1,0.1,54.5,48,28.9,0,4982,0,0
4/1/2009 1:20,213,0.1,0.1,55.4,45,28.9,0,4982,0,0
4/1/2009 1:30,213,0.1,0.1,55.4,46,28.9,0,4982,0,0
4/1/2009 1:40,213,0.1,0.1,55.2,46,28.9,0,4982,0,0
4/1/2009 1:50,213,0.1,0.1,54.8,47,28.9,0,4982,0,0
4/1/2009 2:00,213,0.1,0.1,54.6,47,28.9,0,4982,0,0
4/1/2009 2:10,213,0.1,0.1,54.5,47,28.9,0,4982,0,0
4/1/2009 2:20,213,0.1,0.1,54.6,47,28.9,0,4982,0,0
4/1/2009 2:30,213,0.1,0.1,54.6,47,28.9,0,4982,0,0
4/1/2009 2:40,213,0.1,0.1,54.5,47,28.9,0,4982,0,0
4/1/2009 2:50,213,0.1,0.1,54.5,47,28.9,0,4982,0,0
4/1/2009 3:00,213,0.1,0.1,54.5,47,28.9,0,4982,0,0
4/1/2009 3:10,213,0.1,0.1,54.3,47,28.9,0,4982,0,0
4/1/2009 3:20,213,0.1,0.1,54.1,48,28.9,0,5072,0,0
4/1/2009 3:30,213,0.1,0.1,54.1,48,28.9,0,5072,0,0
4/1/2009 3:40,213,0.1,0.1,53.9,50,28.9,0,5072,0,0
4/1/2009 3:50,213,0.1,0.1,53.6,51,28.9,0,5072,0,0
4/1/2009 4:00,213,0.1,0.1,53,53,28.9,0,5202,0,0
4/1/2009 4:10,213,0.1,0.1,52.8,54,28.9,0,5252,0,0
4/1/2009 4:20,213,0.1,0.1,52.7,54,28.9,0,5252,0,0
4/1/2009 4:30,213,0.1,0.1,52.8,55,28.9,0,5252,0,0
4/1/2009 4:40,213,0.1,0.1,52.7,55,28.9,0,5252,0,0
4/1/2009 4:50,213,0.1,0.1,52.3,59,28.9,0,5512,0,0
4/1/2009 5:00,213,0.1,0.1,50.5,68,29,0,6032,0.05,0.05
4/1/2009 5:10,213,0.1,0.1,49.2,75,29,0,6622,0.37,0.37
4/1/2009 5:20,213,0.1,0.1,48.7,78,29,0,7222,0.07,0.07
4/1/2009 5:30,213,0.1,0.1,48.5,78,29,0,7812,0.16,0.16
4/1/2009 5:40,213,0.1,0.1,48.3,80,29,0,8412,0.25,0.25
4/1/2009 5:50,213,0.1,0.1,48.2,80,29,0,9012,0.27,0.27
4/1/2009 6:00,213,0.1,0.1,48.2,80,29,0,9612,0.09,0.09
4/1/2009 6:10,213,0.1,0.1,48.2,81,29,0,10212,0.13,0.13
4/1/2009 6:20,213,0.1,0.1,48,81,29,0,10802,0.04,0.04
4/1/2009 6:30,213,0.1,0.1,48.3,81,29,0,11402,0.31,0.31
4/1/2009 6:40,213,0.1,0.1,47.8,83,29,0,12002,0.32,0.32
4/1/2009 6:50,213,0.1,0.1,45.6,82,29,0,12602,0.07,0.07
4/1/2009 7:00,213,0.1,0.1,42.2,86,29,0,13202,0.15,0.15
4/1/2009 7:10,213,0.1,0.1,42,86,29,0,13802,0.18,0.18
4/1/2009 7:20,213,0.1,0.1,41.7,87,29,0,14392,0.01,0.01
4/1/2009 7:30,213,0.1,0.1,41.5,88,29,0,14922,0.02,0.02
4/1/2009 7:40,213,0.1,0.1,41.5,86,29,0,15512,0.11,0.11
4/1/2009 7:50,213,0.1,0.1,41.9,85,29,0,16092,0.07,0.07
4/1/2009 8:00,213,0.1,0.1,42,86,29,0,16642,0,0
4/1/2009 8:10,213,0.1,0.1,42.9,84,29,0,16812,0,0
4/1/2009 8:20,213,0.1,0.1,43.8,84,29,0,16862,0,0
4/1/2009 8:30,213,0.1,0.1,44.2,84,29,0,17112,0,0
4/1/2009 8:40,213,0.1,0.1,44.4,81,29,0,17432,0.03,0.03
4/1/2009 8:50,213,0.1,0.1,44.7,78,29,0,17572,0,0
4/1/2009 9:00,213,0.1,0.1,45.3,75,29,0,17572,0,0
4/1/2009 9:10,213,0.1,0.1,45.6,69,29,0,17572,0,0
4/1/2009 9:20,213,0.1,0.1,46.2,70,29,0,17572,0,0
4/1/2009 9:30,213,0.1,0.1,46.7,67,29,0,17572,0,0
4/1/2009 9:40,213,0.1,0.1,47.6,63,29,0,17572,0,0
4/1/2009 9:50,213,0.1,0.1,47.8,63,29,0,17572,0,0
4/1/2009 10:00,213,0.1,0.1,47.3,65,29,0,17572,0,0
4/1/2009 10:10,213,0.1,0.1,47.1,62,29,0,17572,0,0
4/1/2009 10:20,213,0.1,0.1,47.4,63,29,0,17572,0,0
4/1/2009 10:30,213,0.1,0.1,47.3,64,29,0,17572,0,0
4/1/2009 10:40,213,0.1,0.1,46.2,66,29,0,17572,0,0
4/1/2009 10:50,213,0.1,0.1,46.2,67,29,0,17572,0,0
4/1/2009 11:00,213,0.1,0.1,46.4,67,29,0,17572,0,0
4/1/2009 11:10,213,0.1,0.1,46.5,64,29,0,17572,0,0
4/1/2009 11:20,213,0.1,0.1,46.4,58,29,0,17572,0,0
4/1/2009 11:30,213,0.1,0.1,46.4,61,29,0,17572,0,0
4/1/2009 11:40,213,0.1,0.1,46.2,59,29,0,17572,0,0
4/1/2009 11:50,213,0.1,0.1,46.7,61,29,0,17572,0,0
4/1/2009 12:00,213,0.1,0.1,46.4,51,29,0,17572,0,0
4/1/2009 12:10,213,0.1,0.1,46.7,49,29,0,17572,0,0
4/1/2009 12:20,213,0.1,0.1,46.4,52,29,0,17572,0,0
4/1/2009 12:30,213,0.1,0.1,46.2,53,29,0,17572,0,0
4/1/2009 12:40,213,0.1,0.1,46.5,51,29,0,17572,0,0
4/1/2009 12:50,213,0.1,0.1,48,49,29,0,17572,0,0
4/1/2009 13:00,213,0.1,0.1,48.3,48,29,0,17572,0,0
4/1/2009 13:10,213,0.1,0.1,49.2,45,29,0,17572,0,0
4/1/2009 13:20,213,0.1,0.1,50.5,42,29,0,17572,0,0
4/1/2009 13:30,213,0.1,0.1,51.2,41,29,0,17572,0,0
4/1/2009 13:40,213,0.1,0.1,51.6,38,29,0,17572,0,0
4/1/2009 13:50,213,0.1,0.1,51.6,39,29,0,17572,0,0
4/1/2009 14:00,213,0.1,0.1,51.6,37,29,0,17572,0,0
4/1/2009 14:10,213,0.1,0.1,51.6,38,29,0,17572,0,0
4/1/2009 14:20,213,0.1,0.1,51.4,37,29,0,17572,0,0
4/1/2009 14:30,213,0.1,0.1,52.3,36,29,0,17572,0,0
4/1/2009 14:40,213,0.1,0.1,53.2,35,29,0,17572,0,0
4/1/2009 14:50,213,0.1,0.1,52.7,36,29,0,17572,0,0
4/1/2009 15:00,213,0.1,0.1,52.3,36,29,0,17572,0,0
4/1/2009 15:10,213,0.1,0.1,51.8,37,29,0,17572,0,0
4/1/2009 15:20,213,0.1,0.1,51.6,37,29,0,17572,0,0
4/1/2009 15:30,213,0.1,0.1,51.2,38,29,0,17572,0,0
4/1/2009 15:40,213,0.1,0.1,51,39,29,0,17572,0,0
4/1/2009 15:50,213,0.1,0.1,50.9,39,29,0,17572,0,0
4/1/2009 16:00,213,0.1,0.1,50.7,39,29,0,17572,0,0
4/1/2009 16:10,213,0.1,0.1,50.7,39,29,0,17572,0,0
4/1/2009 16:20,213,0.1,0.1,50.7,39,29,0,17572,0,0
4/1/2009 16:30,213,0.1,0.1,50.7,39,29,0,17572,0,0
4/1/2009 16:40,213,0.1,0.1,50.7,39,29,0,17572,0,0
4/1/2009 16:50,213,0.1,0.1,50.3,40,29,0,17572,0,0
4/1/2009 17:00,213,0.1,0.1,50.1,40,29.1,0,17572,0,0
4/1/2009 17:10,213,0.1,0.1,50,40,29.1,0,17572,0,0
4/1/2009 17:20,213,0.1,0.1,50,41,29.1,0,17572,0,0
4/1/2009 17:30,213,0.1,0.1,50,40,29.1,0,17572,0,0
4/1/2009 17:40,213,0.1,0.1,50,40,29.1,0,17572,0,0
4/1/2009 17:50,213,0.1,0.1,50,40,29.1,0,17572,0,0
4/1/2009 18:00,213,0.1,0.1,50.3,39,29.1,0,17572,0,0
4/1/2009 18:10,213,0.1,0.1,50.1,40,29.1,0,17572,0,0
4/1/2009 18:20,213,0.1,0.1,50,40,29.1,0,17572,0,0
4/1/2009 18:30,213,0.1,0.1,50,41,29.1,0,17572,0,0
4/1/2009 18:40,213,0.1,0.1,49.8,40,29.1,0,17572,0,0
4/1/2009 18:50,213,0.1,0.1,49.6,41,29.1,0,17572,0,0
4/1/2009 19:00,213,0.1,0.1,49.6,41,29.1,0,17572,0,0
4/1/2009 19:10,213,0.1,0.1,49.1,44,29.1,0,17572,0,0
4/1/2009 19:20,213,0.1,0.1,48.7,46,29.1,0,17572,0,0
4/1/2009 19:30,213,0.1,0.1,49.1,44,29.1,0,17572,0,0
4/1/2009 19:40,213,0.1,0.1,51.2,36,29.1,0,17572,0,0
4/1/2009 19:50,213,0.1,0.1,51.6,34,29.1,0,17572,0,0
4/1/2009 20:00,213,0.1,0.1,51.8,33,29.1,0,17572,0,0
4/1/2009 20:10,213,0.1,0.1,51.6,34,29.1,0,17572,0,0
4/1/2009 20:20,213,0.1,0.1,51.6,34,29.1,0,17572,0,0
4/1/2009 20:30,213,0.1,0.1,51.4,33,29.1,0,17572,0,0
4/1/2009 20:40,213,0.1,0.1,51,34,29.1,0,17572,0,0
4/1/2009 20:50,213,0.1,0.1,50.9,37,29.1,0,17572,0,0
4/1/2009 21:00,213,0.1,0.1,49.6,40,29.1,0,17572,0,0
4/1/2009 21:10,213,0.1,0.1,49.2,41,29.1,0,17572,0,0
4/1/2009 21:20,213,0.1,0.1,49.2,41,29.1,0,17572,0,0
4/1/2009 21:30,213,0.1,0.1,49.2,40,29.1,0,17572,0,0
4/1/2009 21:40,213,0.1,0.1,49.6,38,29.1,0,17572,0,0
4/1/2009 21:50,213,0.1,0.1,49.8,37,29.1,0,17572,0,0
4/1/2009 22:00,213,0.1,0.1,50.3,35,29.1,0,17572,0,0
4/1/2009 22:10,213,0.1,0.1,50.5,34,29.1,0,17572,0,0
4/1/2009 22:20,213,0.1,0.1,50.1,35,29.1,0,17572,0,0
4/1/2009 22:30,213,0.1,0.1,50,35,29.1,0,17572,0,0
4/1/2009 22:40,213,0.1,0.1,49.8,35,29.1,0,17572,0,0
4/1/2009 22:50,213,0.1,0.1,50.1,34,29.1,0,17572,0,0
4/1/2009 23:00,213,0.1,0.1,50.9,33,29.1,0,17572,0,0
4/1/2009 23:10,213,0.1,0.1,51.2,33,29.1,0,17572,0,0
4/1/2009 23:20,213,0.1,0.1,51,33,29.1,0,17572,0,0
4/1/2009 23:30,213,0.1,0.1,50.3,34,29.1,0,17572,0,0
4/1/2009 23:40,213,0.1,0.1,50,35,29.1,0,17572,0,0
4/1/2009 23:50,213,0.1,0.1,49.4,35,29.1,0,17572,0,0
4/2/2009 0:00,213,0.1,0.1,49.4,36,29.1,0,17572,0,0
4/2/2009 0:10,213,0.1,0.1,49.1,36,29.1,0,17572,0,0
4/2/2009 0:20,213,0.1,0.1,48.7,37,29.1,0,17572,0,0
4/2/2009 0:30,213,0.1,0.1,48.2,37,29.1,0,17572,0,0
4/2/2009 0:40,213,0.1,0.1,48.3,37,29.1,0,17572,0,0
4/2/2009 0:50,213,0.1,0.1,48.3,37,29.1,0,17572,0,0
4/2/2009 1:00,213,0.1,0.1,48.2,38,29.1,0,17572,0,0
4/2/2009 1:10,213,0.1,0.1,48,38,29.1,0,17572,0,0
4/2/2009 1:20,213,0.1,0.1,47.8,38,29.1,0,17572,0,0
4/2/2009 1:30,213,0.1,0.1,48,38,29.1,0,17572,0,0
4/2/2009 1:40,213,0.1,0.1,47.8,39,29.1,0,17572,0,0
4/2/2009 1:50,213,0.1,0.1,47.3,40,29.2,0,17572,0,0
4/2/2009 2:00,213,0.1,0.1,47.1,40,29.2,0,17572,0,0
4/2/2009 2:10,213,0.1,0.1,46.9,41,29.2,0,17572,0,0
4/2/2009 2:20,213,0.1,0.1,46.9,41,29.2,0,17572,0,0
4/2/2009 2:30,213,0.1,0.1,46.9,41,29.2,0,17572,0,0
4/2/2009 2:40,213,0.1,0.1,46.7,41,29.2,0,17572,0,0
4/2/2009 2:50,213,0.1,0.1,46.9,41,29.2,0,17572,0,0
4/2/2009 3:00,213,0.1,0.1,46.7,41,29.2,0,17572,0,0
4/2/2009 3:10,213,0.1,0.1,46.5,42,29.1,0,17572,0,0
4/2/2009 3:20,213,0.1,0.1,46.4,42,29.1,0,17572,0,0
4/2/2009 3:30,213,0.1,0.1,46.4,42,29.1,0,17572,0,0
4/2/2009 3:40,213,0.1,0.1,46.2,42,29.1,0,17572,0,0
4/2/2009 3:50,213,0.1,0.1,46.4,42,29.1,0,17572,0,0
4/2/2009 4:00,213,0.1,0.1,46.2,42,29.1,0,17572,0,0
4/2/2009 4:10,213,0.1,0.1,46.2,43,29.1,0,17572,0,0
4/2/2009 4:20,213,0.1,0.1,46.4,43,29.1,0,17572,0,0
4/2/2009 4:30,213,0.1,0.1,46.4,43,29.1,0,17572,0,0
4/2/2009 4:40,213,0.1,0.1,46.7,42,29.1,0,17572,0,0
4/2/2009 4:50,213,0.1,0.1,47.1,42,29.1,0,17572,0,0
4/2/2009 5:00,213,0.1,0.1,47.4,41,29.2,0,17572,0,0
4/2/2009 5:10,213,0.1,0.1,48,41,29.1,0,17572,0,0
4/2/2009 5:20,213,0.1,0.1,48.9,40,29.1,0,17572,0,0
4/2/2009 5:30,213,0.1,0.1,49.6,39,29.1,0,17572,0,0
4/2/2009 5:40,213,0.1,0.1,50.1,38,29.1,0,17572,0,0
4/2/2009 5:50,213,0.1,0.1,50.9,37,29.1,0,17572,0,0
4/2/2009 6:00,213,0.1,0.1,50.9,37,29.1,0,17572,0,0
4/2/2009 6:10,213,0.1,0.1,51.2,37,29.1,0,17572,0,0
4/2/2009 6:20,213,0.1,0.1,51.6,37,29.1,0,17572,0,0
4/2/2009 6:30,213,0.1,0.1,52.1,36,29.1,0,17572,0,0
4/2/2009 6:40,213,0.1,0.1,52.7,36,29.1,0,17572,0,0
4/2/2009 6:50,213,0.1,0.1,53,35,29.1,0,17572,0,0
4/2/2009 7:00,213,0.1,0.1,53.2,35,29.1,0,17572,0,0
4/2/2009 7:10,213,0.1,0.1,53.7,35,29.1,0,17572,0,0
4/2/2009 7:20,213,0.1,0.1,54.3,34,29.1,0,17572,0,0
4/2/2009 7:30,213,0.1,0.1,54.8,33,29.1,0,17572,0,0
4/2/2009 7:40,213,0.1,0.1,55.7,32,29.1,0,17572,0,0
4/2/2009 7:50,213,0.1,0.1,56.4,32,29.1,0,17572,0,0
4/2/2009 8:00,213,0.1,0.1,57.2,30,29.1,0,17572,0,0
4/2/2009 8:10,213,0.1,0.1,57.3,29,29.1,0,17572,0,0
4/2/2009 8:20,213,0.1,0.1,57.9,30,29.1,0,17572,0,0
4/2/2009 8:30,213,0.1,0.1,58.8,30,29.1,0,17572,0,0
4/2/2009 8:40,213,0.1,0.1,59.1,30,29.1,0,17572,0,0
4/2/2009 8:50,213,0.1,0.1,59.3,28,29.1,0,17572,0,0
4/2/2009 9:00,213,0.1,0.1,59.9,27,29.1,0,17572,0,0
4/2/2009 9:10,213,0.1,0.1,60.9,25,29.1,0,17572,0,0
4/2/2009 9:20,213,0.1,0.1,60.6,25,29.1,0,17572,0,0
4/2/2009 9:30,213,0.1,0.1,62,24,29.1,0,17572,0,0
4/2/2009 9:40,213,0.1,0.1,61.1,25,29.1,0,17572,0,0
4/2/2009 9:50,213,0.1,0.1,61.3,24,29.1,0,17572,0,0
4/2/2009 10:00,213,0.1,0.1,62,25,29.1,0,17572,0,0
4/2/2009 10:10,213,0.1,0.1,62.6,25,29.1,0,17572,0,0
4/2/2009 10:20,213,0.1,0.1,63.1,23,29.1,0,17572,0,0
4/2/2009 10:30,213,0.1,0.1,63.6,24,29.1,0,17572,0,0
4/2/2009 10:40,213,0.1,0.1,64.7,21,29,0,17572,0,0
4/2/2009 10:50,213,0.1,0.1,64.5,20,29,0,17572,0,0
4/2/2009 11:00,213,0.1,0.1,64.4,19,29,0,17572,0,0
4/2/2009 11:10,213,0.1,0.1,64.4,19,29,0,17572,0,0
4/2/2009 11:20,213,0.1,0.1,64.5,19,29,0,17572,0,0
4/2/2009 11:30,213,0.1,0.1,64.9,19,29,0,17572,0,0
4/2/2009 11:40,213,0.1,0.1,64.7,19,29,0,17572,0,0
4/2/2009 11:50,213,0.1,0.1,65.4,18,29,0,17572,0,0
4/2/2009 12:00,213,0.1,0.1,64.9,17,29,0,17572,0,0
4/2/2009 12:10,213,0.1,0.1,64.9,18,29,0,17572,0,0
4/2/2009 12:20,213,0.1,0.1,61.1,28,29,0,17572,0,0
4/2/2009 12:30,213,0.1,0.1,56.3,34,29,0,17572,0,0
4/2/2009 12:40,213,0.1,0.1,56.1,35,28.9,0,17572,0,0
4/2/2009 12:50,213,0.1,0.1,55.9,35,28.9,0,17572,0,0
4/2/2009 13:00,213,0.1,0.1,56.1,34,28.9,0,17572,0,0
4/2/2009 13:10,213,0.1,0.1,54.6,37,28.9,0,17572,0,0
4/2/2009 13:20,213,0.1,0.1,50.7,43,28.9,0,17572,0,0
4/2/2009 13:30,213,0.1,0.1,49.8,45,28.9,0,17572,0,0
4/2/2009 13:40,213,0.1,0.1,49.8,44,28.9,0,17572,0,0
4/2/2009 13:50,213,0.1,0.1,50.1,43,28.9,0,17572,0,0
4/2/2009 14:00,213,0.1,0.1,51,42,28.9,0,17572,0,0
4/2/2009 14:10,213,0.1,0.1,50.3,46,28.9,0,17572,0,0
4/2/2009 14:20,213,0.1,0.1,49.8,49,28.9,0,17572,0,0
4/2/2009 14:30,213,0.1,0.1,52.1,43,28.9,0,17572,0,0
4/2/2009 14:40,213,0.1,0.1,53.2,40,28.9,0,17572,0,0
4/2/2009 14:50,213,0.1,0.1,54.6,37,28.9,0,17572,0,0
4/2/2009 15:00,213,0.1,0.1,56.6,34,28.9,0,17572,0,0
4/2/2009 15:10,213,0.1,0.1,57.2,35,28.9,0,17572,0,0
4/2/2009 15:20,213,0.1,0.1,55.5,39,28.9,0,17572,0,0
4/2/2009 15:30,213,0.1,0.1,54.3,43,28.9,0,17572,0,0
4/2/2009 15:40,213,0.1,0.1,53.6,43,28.9,0,17572,0,0
4/2/2009 15:50,213,0.1,0.1,55.9,39,28.9,0,17572,0,0
4/2/2009 16:00,213,0.1,0.1,55.4,40,28.9,0,17572,0,0
4/2/2009 16:10,213,0.1,0.1,50,52,28.9,0,17572,0,0
4/2/2009 16:20,213,0.1,0.1,49.6,52,28.8,0,17572,0,0
4/2/2009 16:30,213,0.1,0.1,49.8,50,28.8,0,17572,0,0
4/2/2009 16:40,213,0.1,0.1,50,53,28.8,0,17572,0,0
4/2/2009 16:50,213,0.1,0.1,50.3,53,28.8,0,17572,0,0
4/2/2009 17:00,213,0.1,0.1,52.8,50,28.8,0,17572,0,0
4/2/2009 17:10,213,0.1,0.1,57.2,45,28.8,0,17572,0,0
4/2/2009 17:20,213,0.1,0.1,58.2,44,28.8,0,17572,0,0
4/2/2009 17:30,213,0.1,0.1,62.2,40,28.8,0,17572,0,0
4/2/2009 17:40,213,0.1,0.1,62.9,40,28.8,0,17572,0,0
4/2/2009 17:50,213,0.1,0.1,63.5,40,28.8,0,17572,0,0
4/2/2009 18:00,213,0.1,0.1,63.8,41,28.8,0,17572,0,0
4/2/2009 18:10,213,0.1,0.1,63.8,42,28.8,0,17572,0,0
4/2/2009 18:20,213,0.1,0.1,63.5,42,28.8,0,17572,0,0
4/2/2009 18:30,213,0.1,0.1,62.9,43,28.8,0,17572,0,0
4/2/2009 18:40,213,0.1,0.1,62.7,45,28.8,0,17572,0,0
4/2/2009 18:50,213,0.1,0.1,62.6,46,28.8,0,17572,0,0
4/2/2009 19:00,213,0.1,0.1,62.4,48,28.8,0,17572,0,0
4/2/2009 19:10,213,0.1,0.1,62.2,49,28.8,0,17572,0,0
4/2/2009 19:20,213,0.1,0.1,61.8,51,28.8,0,17572,0,0
4/2/2009 19:30,213,0.1,0.1,61.8,52,28.8,0,17572,0,0
4/2/2009 19:40,213,0.1,0.1,61.7,53,28.8,0,17572,0,0
4/2/2009 19:50,213,0.1,0.1,61.7,53,28.8,0,17572,0,0
4/2/2009 20:00,213,0.1,0.1,61.5,54,28.7,0,17572,0,0
4/2/2009 20:10,213,0.1,0.1,61.1,56,28.8,0,17572,0,0
4/2/2009 20:20,213,0.1,0.1,60.9,56,28.7,0,17572,0,0
4/2/2009 20:30,213,0.1,0.1,60.8,57,28.7,0,17572,0,0
4/2/2009 20:40,213,0.1,0.1,60.6,59,28.7,0,17572,0,0
4/2/2009 20:50,213,0.1,0.1,60.6,60,28.7,0,17572,0,0
4/2/2009 21:00,213,0.1,0.1,60.4,61,28.7,0,17572,0,0
4/2/2009 21:10,213,0.1,0.1,60.6,61,28.7,0,17592,0,0
4/2/2009 21:20,213,0.1,0.1,60.6,61,28.7,0,17612,0,0
4/2/2009 21:30,213,0.1,0.1,60.4,61,28.7,0,17612,0,0
4/2/2009 21:40,213,0.1,0.1,60.6,61,28.7,0,17612,0,0
4/2/2009 21:50,213,0.1,0.1,60.2,61,28.7,0,17612,0,0
4/2/2009 22:00,213,0.1,0.1,60.4,61,28.7,0,17622,0,0
4/2/2009 22:10,213,0.1,0.1,60.4,61,28.7,0,17642,0,0
4/2/2009 22:20,213,0.1,0.1,60.4,62,28.7,0,17662,0,0
4/2/2009 22:30,213,0.1,0.1,60.2,62,28.7,0,17672,0,0
4/2/2009 22:40,213,0.1,0.1,60,62,28.7,0,17682,0,0
4/2/2009 22:50,213,0.1,0.1,60,63,28.6,0,17722,0,0
4/2/2009 23:00,213,0.1,0.1,60,63,28.6,0,17742,0,0
4/2/2009 23:10,213,0.1,0.1,60,63,28.6,0,17762,0,0
4/2/2009 23:20,213,0.1,0.1,59.9,63,28.6,0,17802,0,0
4/2/2009 23:30,213,0.1,0.1,59.7,64,28.6,0,17812,0,0
4/2/2009 23:40,213,0.1,0.1,59.7,64,28.6,0,17852,0,0
4/2/2009 23:50,213,0.1,0.1,59.7,64,28.6,0,17972,0.04,0.04
4/3/2009 0:00,213,0.1,0.1,58.4,70,28.6,0,18542,0.01,0.01
4/3/2009 0:10,213,0.1,0.1,56.8,79,28.6,0,19122,0.32,0.32
4/3/2009 0:20,213,0.1,0.1,55.9,82,28.6,0,19662,0.01,0.01
4/3/2009 0:30,213,0.1,0.1,57.2,75,28.6,0,19982,0.18,0.18
4/3/2009 0:40,213,0.1,0.1,56.3,79,28.5,0,20552,0.01,0.01
4/3/2009 0:50,213,0.1,0.1,56.3,79,28.5,0,20962,0,0
4/3/2009 1:00,213,0.1,0.1,56.4,78,28.5,0,21132,0,0
4/3/2009 1:10,213,0.1,0.1,56.8,76,28.5,0,21142,0,0
4/3/2009 1:20,213,0.1,0.1,57,75,28.5,0,21152,0,0
4/3/2009 1:30,213,0.1,0.1,57,75,28.5,0,21162,0,0
4/3/2009 1:40,213,0.1,0.1,57.2,74,28.5,0,21202,0,0
4/3/2009 1:50,213,0.1,0.1,57.3,74,28.4,0,21312,0.02,0.02
4/3/2009 2:00,213,0.1,0.1,57.5,74,28.4,0,21582,0,0
4/3/2009 2:10,213,0.1,0.1,57.3,75,28.4,0,22092,0.07,0.07
4/3/2009 2:20,213,0.1,0.1,57.2,76,28.4,0,22372,0.02,0.02
4/3/2009 2:30,213,0.1,0.1,57.3,75,28.4,0,22452,0,0
4/3/2009 2:40,213,0.1,0.1,57.2,77,28.4,0,22842,0.03,0.03
4/3/2009 2:50,213,0.1,0.1,56.8,79,28.4,0,23362,0,0
4/3/2009 3:00,213,0.1,0.1,57.5,76,28.4,0,23372,0,0
4/3/2009 3:10,213,0.1,0.1,57.5,78,28.4,0,23732,0.21,0.21
4/3/2009 3:20,213,0.1,0.1,56.8,81,28.4,0,24342,0.06,0.06
4/3/2009 3:30,213,0.1,0.1,56.8,81,28.4,0,24882,0.02,0.02
4/3/2009 3:40,213,0.1,0.1,57,80,28.4,0,25412,0,0
4/3/2009 3:50,213,0.1,0.1,57,81,28.4,0,25802,0.03,0.03
4/3/2009 4:00,213,0.1,0.1,57,81,28.4,0,26252,0.01,0.01
4/3/2009 4:10,213,0.1,0.1,57.2,81,28.4,0,26832,0.02,0.02
4/3/2009 4:20,213,0.1,0.1,57,81,28.4,0,27422,0.26,0.26
4/3/2009 4:30,213,0.1,0.1,57.2,81,28.4,0,28012,0.08,0.08
4/3/2009 4:40,213,0.1,0.1,57.2,81,28.4,0,28562,0.01,0.01
4/3/2009 4:50,213,0.1,0.1,57.3,80,28.3,0,28642,0,0
4/3/2009 5:00,213,0.1,0.1,57.3,80,28.3,0,29012,0.02,0.02
4/3/2009 5:10,213,0.1,0.1,57.2,81,28.3,0,29552,0.02,0.02
4/3/2009 5:20,213,0.1,0.1,56.8,82,28.3,0,29982,0,0
4/3/2009 5:30,213,0.1,0.1,56.8,82,28.3,0,30382,0,0
4/3/2009 5:40,213,0.1,0.1,57,81,28.3,0,30572,0,0
4/3/2009 5:50,213,0.1,0.1,57.3,80,28.3,0,30622,0,0
4/3/2009 6:00,213,0.1,0.1,57.7,79,28.3,0,30712,0,0
4/3/2009 6:10,213,0.1,0.1,57.7,78,28.3,0,30912,0.04,0.04
4/3/2009 6:20,213,0.1,0.1,57.7,79,28.3,0,31152,0,0
4/3/2009 6:30,213,0.1,0.1,57.5,80,28.3,0,31472,0.03,0.03
4/3/2009 6:40,213,0.1,0.1,56.8,83,28.3,0,32062,0.4,0.4
4/3/2009 6:50,213,0.1,0.1,57.2,82,28.3,0,32672,0.12,0.12
4/3/2009 7:00,213,0.1,0.1,57,84,28.3,0,33262,0.14,0.14
4/3/2009 7:10,213,0.1,0.1,57,83,28.3,0,33862,0.01,0.01
4/3/2009 7:20,213,0.1,0.1,57.3,82,28.3,0,34292,0.07,0.07
4/3/2009 7:30,213,0.1,0.1,57.5,81,28.3,0,34892,0.08,0.08
4/3/2009 7:40,213,0.1,0.1,57.5,81,28.3,0,35492,0.07,0.07
4/3/2009 7:50,213,0.1,0.1,57.5,82,28.3,0,36092,0.04,0.04
4/3/2009 8:00,213,0.1,0.1,57.7,81,28.3,0,36682,0.05,0.05
4/3/2009 8:10,213,0.1,0.1,57.7,81,28.3,0,37292,0.02,0.02
4/3/2009 8:20,213,0.1,0.1,58.1,81,28.3,0,37582,0.01,0.01
4/3/2009 8:30,213,0.1,0.1,58.4,80,28.3,0,38032,0,0
4/3/2009 8:40,213,0.1,0.1,59.1,78,28.3,0,38342,0,0
4/3/2009 8:50,213,0.1,0.1,59.3,75,28.3,0,38342,0,0
4/3/2009 9:00,213,0.1,0.1,59.5,75,28.3,0,38402,0,0
4/3/2009 9:10,213,0.1,0.1,59.5,75,28.3,0,38502,0,0
4/3/2009 9:20,213,0.1,0.1,59.3,77,28.3,0,38952,0.14,0.14
4/3/2009 9:30,213,0.1,0.1,58.8,79,28.3,0,39502,0,0
4/3/2009 9:40,213,0.1,0.1,58.8,80,28.3,0,39652,0,0
4/3/2009 9:50,213,0.1,0.1,58.8,80,28.3,0,39962,0,0
4/3/2009 10:00,213,0.1,0.1,58.8,81,28.3,0,40052,0,0
4/3/2009 10:10,213,0.1,0.1,58.8,82,28.3,0,40332,0,0
4/3/2009 10:20,213,0.1,0.1,59.1,82,28.2,0,40342,0,0
4/3/2009 10:30,213,0.1,0.1,53.9,84,28.3,0,40602,0.1,0.1
4/3/2009 10:40,213,0.1,0.1,51.6,90,28.3,0,41202,0.04,0.04
4/3/2009 10:50,213,0.1,0.1,51.8,91,28.3,0,41802,0.11,0.11
4/3/2009 11:00,213,0.1,0.1,50.9,91,28.3,0,42392,0.04,0.04
4/3/2009 11:10,213,0.1,0.1,47.4,90,28.3,0,42782,0,0
4/3/2009 11:20,213,0.1,0.1,46.4,92,28.3,0,42912,0,0
4/3/2009 11:30,213,0.1,0.1,46.9,92,28.3,0,43382,0.04,0.04
4/3/2009 11:40,213,0.1,0.1,44.4,92,28.3,0,43962,0.1,0.1
4/3/2009 11:50,213,0.1,0.1,43.5,92,28.3,0,44562,0.37,0.37
4/3/2009 12:00,213,0.1,0.1,42.9,92,28.3,0,45162,0.28,0.28
4/3/2009 12:10,213,0.1,0.1,42.4,92,28.3,0,45762,0.33,0.33
4/3/2009 12:20,213,0.1,0.1,41.7,92,28.3,0,46372,0.42,0.42
4/3/2009 12:30,213,0.1,0.1,41.5,92,28.3,0,46962,0.23,0.23
4/3/2009 12:40,213,0.1,0.1,41.5,92,28.3,0,47562,0.1,0.1
4/3/2009 12:50,213,0.1,0.1,41.3,91,28.4,0,48162,0.16,0.16
4/3/2009 13:00,213,0.1,0.1,41,91,28.4,0,48762,0.3,0.3
4/3/2009 13:10,213,0.1,0.1,40.6,91,28.4,0,49362,0.34,0.34
4/3/2009 13:20,213,0.1,0.1,40.2,91,28.4,0,49962,0.19,0.19
4/3/2009 13:30,213,0.1,0.1,39.7,92,28.4,0,50562,0.09,0.09
4/3/2009 13:40,213,0.1,0.1,39.5,92,28.4,0,51162,0.3,0.3
4/3/2009 13:50,213,0.1,0.1,39.2,92,28.4,0,51762,0.14,0.14
4/3/2009 14:00,213,0.1,0.1,39.2,92,28.4,0,52362,0.05,0.05
4/3/2009 14:10,213,0.1,0.1,39,92,28.4,0,52972,0.13,0.13
4/3/2009 14:20,213,0.1,0.1,39,93,28.5,0,53392,0,0
4/3/2009 14:30,213,0.1,0.1,38.8,93,28.5,0,53472,0,0
4/3/2009 14:40,213,0.1,0.1,39,93,28.5,0,53522,0,0
4/3/2009 14:50,213,0.1,0.1,39,93,28.5,0,53532,0,0
4/3/2009 15:00,213,0.1,0.1,39,93,28.5,0,53582,0,0
4/3/2009 15:10,213,0.1,0.1,38.8,93,28.5,0,53642,0,0
4/3/2009 15:20,213,0.1,0.1,38.8,93,28.5,0,53882,0,0
4/3/2009 15:30,213,0.1,0.1,38.6,92,28.5,0,54272,0,0
4/3/2009 15:40,213,0.1,0.1,38.4,92,28.5,0,54472,0,0
4/3/2009 15:50,213,0.1,0.1,38.4,91,28.5,0,54532,0,0
4/3/2009 16:00,213,0.1,0.1,38.3,91,28.5,0,54702,0,0
4/3/2009 16:10,213,0.1,0.1,38.6,88,28.6,0,54752,0,0
4/3/2009 16:20,213,0.1,0.1,38.6,88,28.6,0,54792,0,0
4/3/2009 16:30,213,0.1,0.1,38.8,88,28.6,0,54802,0,0
4/3/2009 16:40,213,0.1,0.1,38.8,89,28.6,0,54812,0,0
4/3/2009 16:50,213,0.1,0.1,39.2,89,28.6,0,54822,0,0
4/3/2009 17:00,213,0.1,0.1,39.5,89,28.6,0,54862,0,0
4/3/2009 17:10,213,0.1,0.1,39.9,87,28.6,0,54912,0,0
4/3/2009 17:20,213,0.1,0.1,40.1,86,28.6,0,54932,0,0
4/3/2009 17:30,213,0.1,0.1,39.7,87,28.6,0,54932,0,0
4/3/2009 17:40,213,0.1,0.1,39.7,88,28.6,0,54932,0,0
4/3/2009 17:50,213,0.1,0.1,40.2,86,28.6,0,54942,0,0
4/3/2009 18:00,213,0.1,0.1,40.4,85,28.6,0,55082,0.01,0.01
4/3/2009 18:10,213,0.1,0.1,40.2,85,28.6,0,55232,0,0
4/3/2009 18:20,213,0.1,0.1,40.1,86,28.6,0,55232,0,0
4/3/2009 18:30,213,0.1,0.1,40.2,85,28.6,0,55272,0,0
4/3/2009 18:40,213,0.1,0.1,40.1,85,28.6,0,55272,0,0
4/3/2009 18:50,213,0.1,0.1,40.1,84,28.7,0,55292,0,0
4/3/2009 19:00,213,0.1,0.1,39.9,84,28.7,0,55292,0,0
4/3/2009 19:10,213,0.1,0.1,39.9,82,28.7,0,55402,0,0
4/3/2009 19:20,213,0.1,0.1,39.7,82,28.7,0,55642,0,0
4/3/2009 19:30,213,0.1,0.1,39.7,81,28.7,0,55752,0,0
4/3/2009 19:40,213,0.1,0.1,39.7,83,28.7,0,55762,0,0
4/3/2009 19:50,213,0.1,0.1,39.7,83,28.7,0,55762,0,0
4/3/2009 20:00,213,0.1,0.1,39.7,81,28.7,0,55872,0.01,0.01
4/3/2009 20:10,213,0.1,0.1,39.5,81,28.7,0,55982,0,0
4/3/2009 20:20,213,0.1,0.1,39.3,82,28.7,0,56022,0,0
4/3/2009 20:30,213,0.1,0.1,39.3,80,28.7,0,56092,0,0
4/3/2009 20:40,213,0.1,0.1,39.3,81,28.7,0,56172,0,0
4/3/2009 20:50,213,0.1,0.1,39.3,80,28.7,0,56212,0,0
4/3/2009 21:00,213,0.1,0.1,39.3,80,28.7,0,56282,0,0
4/3/2009 21:10,213,0.1,0.1,39.3,82,28.7,0,56282,0,0
4/3/2009 21:20,213,0.1,0.1,39.5,82,28.7,0,56332,0,0
4/3/2009 21:30,213,0.1,0.1,39.5,80,28.7,0,56392,0,0
4/3/2009 21:40,213,0.1,0.1,39.5,79,28.7,0,56412,0,0
4/3/2009 21:50,213,0.1,0.1,39.7,78,28.7,0,56462,0,0
4/3/2009 22:00,213,0.1,0.1,39.9,76,28.7,0,56532,0,0
4/3/2009 22:10,213,0.1,0.1,39.9,76,28.7,0,56642,0,0
4/3/2009 22:20,213,0.1,0.1,39.9,76,28.7,0,56722,0,0
4/3/2009 22:30,213,0.1,0.1,39.7,77,28.7,0,56812,0,0
4/3/2009 22:40,213,0.1,0.1,39.5,76,28.7,0,56892,0.01,0.01
4/3/2009 22:50,213,0.1,0.1,39.5,76,28.7,0,57072,0,0
4/3/2009 23:00,213,0.1,0.1,39.3,77,28.7,0,57202,0,0
4/3/2009 23:10,213,0.1,0.1,39.2,76,28.7,0,57312,0,0
4/3/2009 23:20,213,0.1,0.1,39.2,76,28.7,0,57392,0,0
4/3/2009 23:30,213,0.1,0.1,39,77,28.7,0,57492,0,0
4/3/2009 23:40,213,0.1,0.1,39,76,28.8,0,57612,0,0
4/3/2009 23:50,213,0.1,0.1,38.8,77,28.8,0,57702,0,0
4/4/2009 0:00,213,0.1,0.1,38.8,78,28.8,0,57712,0,0
4/4/2009 0:10,213,0.1,0.1,38.8,77,28.8,0,57732,0,0
4/4/2009 0:20,213,0.1,0.1,38.8,77,28.8,0,57772,0,0
4/4/2009 0:30,213,0.1,0.1,38.6,77,28.8,0,57822,0,0
4/4/2009 0:40,213,0.1,0.1,38.6,78,28.8,0,57842,0,0
4/4/2009 0:50,213,0.1,0.1,38.4,79,28.8,0,57862,0,0
4/4/2009 1:00,213,0.1,0.1,38.4,78,28.8,0,57902,0,0
4/4/2009 1:10,213,0.1,0.1,38.3,78,28.8,0,57932,0,0
4/4/2009 1:20,213,0.1,0.1,38.1,77,28.8,0,58032,0,0
4/4/2009 1:30,213,0.1,0.1,38.1,75,28.8,0,58112,0,0
4/4/2009 1:40,213,0.1,0.1,37.9,74,28.8,0,58252,0,0
4/4/2009 1:50,213,0.1,0.1,37.9,75,28.8,0,58362,0,0
4/4/2009 2:00,213,0.1,0.1,37.5,74,28.8,0,58532,0,0
4/4/2009 2:10,213,0.1,0.1,37.7,76,28.8,0,58632,0,0
4/4/2009 2:20,213,0.1,0.1,37.5,75,28.8,0,58712,0,0
4/4/2009 2:30,213,0.1,0.1,37.5,76,28.8,0,58792,0,0
4/4/2009 2:40,213,0.1,0.1,37.5,76,28.8,0,58822,0,0
4/4/2009 2:50,213,0.1,0.1,37.2,75,28.8,0,58942,0.01,0.01
4/4/2009 3:00,213,0.1,0.1,37,75,28.8,0,59042,0,0
4/4/2009 3:10,213,0.1,0.1,37,76,28.8,0,59122,0,0
4/4/2009 3:20,213,0.1,0.1,36.8,76,28.9,0,59342,0,0
4/4/2009 3:30,213,0.1,0.1,36.8,75,28.9,0,59442,0,0
4/4/2009 3:40,213,0.1,0.1,36.5,76,28.9,0,59562,0,0
4/4/2009 3:50,213,0.1,0.1,36.5,76,28.9,0,59802,0,0
4/4/2009 4:00,213,0.1,0.1,36.5,78,28.9,0,59912,0,0
4/4/2009 4:10,213,0.1,0.1,36.3,76,28.9,0,60052,0,0
4/4/2009 4:20,213,0.1,0.1,36.1,76,28.9,0,60192,0,0
4/4/2009 4:30,213,0.1,0.1,36.1,77,28.9,0,60332,0.01,0.01
4/4/2009 4:40,213,0.1,0.1,35.9,76,28.9,0,60482,0,0
4/4/2009 4:50,213,0.1,0.1,36.1,77,28.9,0,60612,0,0
4/4/2009 5:00,213,0.1,0.1,35.9,77,28.9,0,60772,0,0
4/4/2009 5:10,213,0.1,0.1,35.9,76,28.9,0,60902,0,0
4/4/2009 5:20,213,0.1,0.1,36.1,76,28.9,0,61042,0.01,0.01
4/4/2009 5:30,213,0.1,0.1,36.1,76,28.9,0,61152,0.01,0.01
4/4/2009 5:40,213,0.1,0.1,36.1,76,28.9,0,61262,0,0
4/4/2009 5:50,213,0.1,0.1,36.3,77,28.9,0,61302,0,0
4/4/2009 6:00,213,0.1,0.1,36.3,76,28.9,0,61392,0,0
4/4/2009 6:10,213,0.1,0.1,36.3,76,28.9,0,61512,0,0
4/4/2009 6:20,213,0.1,0.1,36.3,76,28.9,0,61602,0,0
4/4/2009 6:30,213,0.1,0.1,36.5,74,28.9,0,61662,0,0
4/4/2009 6:40,213,0.1,0.1,36.5,76,28.9,0,61732,0,0
4/4/2009 6:50,213,0.1,0.1,36.6,76,28.9,0,61782,0,0
4/4/2009 7:00,213,0.1,0.1,36.6,75,28.9,0,61872,0,0
4/4/2009 7:10,213,0.1,0.1,36.5,74,29,0,62022,0.01,0.01
4/4/2009 7:20,213,0.1,0.1,36.6,75,29,0,62162,0,0
4/4/2009 7:30,213,0.1,0.1,36.5,75,29,0,62302,0,0
4/4/2009 7:40,213,0.1,0.1,36.6,79,29,0,62342,0,0
4/4/2009 7:50,213,0.1,0.1,36.5,78,29,0,62422,0,0
4/4/2009 8:00,213,0.1,0.1,36.6,80,29,0,62442,0,0
4/4/2009 8:10,213,0.1,0.1,36.6,79,29,0,62452,0,0
4/4/2009 8:20,213,0.1,0.1,36.8,79,29,0,62482,0,0
4/4/2009 8:30,213,0.1,0.1,36.6,79,29,0,62502,0,0
4/4/2009 8:40,213,0.1,0.1,36.8,79,29,0,62502,0,0
4/4/2009 8:50,213,0.1,0.1,37,79,29,0,62512,0,0
4/4/2009 9:00,213,0.1,0.1,37,78,29,0,62542,0,0
4/4/2009 9:10,213,0.1,0.1,37,78,29,0,62562,0,0
4/4/2009 9:20,213,0.1,0.1,37.2,78,29,0,62592,0,0
4/4/2009 9:30,213,0.1,0.1,37.4,78,29,0,62592,0,0
4/4/2009 9:40,213,0.1,0.1,37.5,78,29,0,62602,0,0
4/4/2009 9:50,213,0.1,0.1,37.7,77,29,0,62612,0,0
4/4/2009 10:00,213,0.1,0.1,37.9,76,29,0,62642,0,0
4/4/2009 10:10,213,0.1,0.1,38.3,76,29,0,62642,0,0
4/4/2009 10:20,213,0.1,0.1,38.4,76,29,0,62642,0,0
4/4/2009 10:30,213,0.1,0.1,38.4,74,29,0,62672,0,0
4/4/2009 10:40,213,0.1,0.1,39,74,29,0,62682,0,0
4/4/2009 10:50,213,0.1,0.1,39.3,73,29,0,62702,0,0
4/4/2009 11:00,213,0.1,0.1,39.3,73,29,0,62702,0,0
4/4/2009 11:10,213,0.1,0.1,39.5,72,29,0,62702,0,0
4/4/2009 11:20,213,0.1,0.1,39.9,71,29,0,62712,0,0
4/4/2009 11:30,213,0.1,0.1,40.1,71,29,0,62722,0,0
4/4/2009 11:40,213,0.1,0.1,40.1,70,29,0,62722,0,0
4/4/2009 11:50,213,0.1,0.1,40.1,71,29,0,62732,0,0
4/4/2009 12:00,213,0.1,0.1,39.9,72,29,0,62732,0,0
4/4/2009 12:10,213,0.1,0.1,39.9,72,29,0,62742,0,0
4/4/2009 12:20,213,0.1,0.1,39.7,74,29,0,62742,0,0
4/4/2009 12:30,213,0.1,0.1,39.9,73,29.1,0,62742,0,0
4/4/2009 12:40,213,0.1,0.1,39.9,74,29,0,62742,0,0
4/4/2009 12:50,213,0.1,0.1,40.1,73,29.1,0,62742,0,0
4/4/2009 13:00,213,0.1,0.1,40.2,73,29.1,0,62742,0,0
4/4/2009 13:10,213,0.1,0.1,40.2,73,29.1,0,62742,0,0
4/4/2009 13:20,213,0.1,0.1,40.2,74,29.1,0,62742,0,0
4/4/2009 13:30,213,0.1,0.1,40.4,72,29.1,0,62742,0,0
4/4/2009 13:40,213,0.1,0.1,40.4,74,29.1,0,62742,0,0
4/4/2009 13:50,213,0.1,0.1,40.6,72,29.1,0,62742,0,0
4/4/2009 14:00,213,0.1,0.1,41,70,29.1,0,62742,0,0
4/4/2009 14:10,213,0.1,0.1,41,72,29.1,0,62742,0,0
4/4/2009 14:20,213,0.1,0.1,41.3,71,29.1,0,62742,0,0
4/4/2009 14:30,213,0.1,0.1,41.3,71,29.1,0,62742,0,0
4/4/2009 14:40,213,0.1,0.1,41.1,71,29.1,0,62742,0,0
4/4/2009 14:50,213,0.1,0.1,41.1,72,29.1,0,62742,0,0
4/4/2009 15:00,213,0.1,0.1,41,73,29.1,0,62742,0,0
4/4/2009 15:10,213,0.1,0.1,41,72,29.1,0,62742,0,0
4/4/2009 15:20,213,0.1,0.1,41.1,71,29.1,0,62742,0,0
4/4/2009 15:30,213,0.1,0.1,41,73,29.1,0,62742,0,0
4/4/2009 15:40,213,0.1,0.1,41,73,29.1,0,62742,0,0
4/4/2009 15:50,213,0.1,0.1,40.8,74,29.1,0,62742,0,0
4/4/2009 16:00,213,0.1,0.1,40.6,74,29.1,0,62742,0,0
4/4/2009 16:10,213,0.1,0.1,40.6,74,29.1,0,62742,0,0
4/4/2009 16:20,213,0.1,0.1,40.6,74,29.1,0,62742,0,0
4/4/2009 16:30,213,0.1,0.1,40.6,74,29.1,0,62742,0,0
4/4/2009 16:40,213,0.1,0.1,40.6,74,29.1,0,62742,0,0
4/4/2009 16:50,213,0.1,0.1,40.4,75,29.1,0,62742,0,0
4/4/2009 17:00,213,0.1,0.1,40.4,75,29.1,0,62742,0,0
4/4/2009 17:10,213,0.1,0.1,40.4,75,29.1,0,62742,0,0
4/4/2009 17:20,213,0.1,0.1,40.4,73,29.1,0,62742,0,0
4/4/2009 17:30,213,0.1,0.1,40.8,70,29.1,0,62742,0,0
4/4/2009 17:40,213,0.1,0.1,41,70,29.1,0,62742,0,0
4/4/2009 17:50,213,0.1,0.1,41,69,29.1,0,62742,0,0
4/4/2009 18:00,213,0.1,0.1,41,71,29.1,0,62742,0,0
4/4/2009 18:10,213,0.1,0.1,41,69,29.1,0,62742,0,0
4/4/2009 18:20,213,0.1,0.1,41.1,68,29.1,0,62742,0,0
4/4/2009 18:30,213,0.1,0.1,41.1,69,29.1,0,62742,0,0
4/4/2009 18:40,213,0.1,0.1,41.1,69,29.1,0,62742,0,0
4/4/2009 18:50,213,0.1,0.1,41,71,29.1,0,62742,0,0
4/4/2009 19:00,213,0.1,0.1,40.8,72,29.1,0,62742,0,0
4/4/2009 19:10,213,0.1,0.1,40.8,72,29.1,0,62742,0,0
4/4/2009 19:20,213,0.1,0.1,41,70,29.1,0,62742,0,0
4/4/2009 19:30,213,0.1,0.1,41,71,29.1,0,62742,0,0
4/4/2009 19:40,213,0.1,0.1,40.6,73,29.1,0,62742,0,0
4/4/2009 19:50,213,0.1,0.1,40.2,75,29.1,0,62742,0,0
4/4/2009 20:00,213,0.1,0.1,40.2,74,29.1,0,62742,0,0
4/4/2009 20:10,213,0.1,0.1,40.2,76,29.1,0,62742,0,0
4/4/2009 20:20,213,0.1,0.1,40.1,76,29.1,0,62742,0,0
4/4/2009 20:30,213,0.1,0.1,39.9,77,29.1,0,62742,0,0
4/4/2009 20:40,213,0.1,0.1,39.5,78,29.1,0,62742,0,0
4/4/2009 20:50,213,0.1,0.1,39.3,79,29.1,0,62742,0,0
4/4/2009 21:00,213,0.1,0.1,39.3,77,29.1,0,62742,0,0
4/4/2009 21:10,213,0.1,0.1,39.2,78,29.1,0,62742,0,0
4/4/2009 21:20,213,0.1,0.1,39.2,77,29.1,0,62742,0,0
4/4/2009 21:30,213,0.1,0.1,39,77,29.1,0,62742,0,0
4/4/2009 21:40,213,0.1,0.1,38.8,78,29.1,0,62742,0,0
4/4/2009 21:50,213,0.1,0.1,38.6,75,29.1,0,62742,0,0
4/4/2009 22:00,213,0.1,0.1,38.8,75,29.1,0,62742,0,0
4/4/2009 22:10,213,0.1,0.1,38.6,76,29.1,0,62742,0,0
4/4/2009 22:20,213,0.1,0.1,38.3,78,29.1,0,62742,0,0
4/4/2009 22:30,213,0.1,0.1,37.9,78,29.1,0,62742,0,0
4/4/2009 22:40,213,0.1,0.1,37.7,76,29.1,0,62742,0,0
4/4/2009 22:50,213,0.1,0.1,37.4,78,29.1,0,62742,0,0
4/4/2009 23:00,213,0.1,0.1,37.7,74,29.1,0,62742,0,0
4/4/2009 23:10,213,0.1,0.1,37.4,67,29.1,0,62742,0,0
4/4/2009 23:20,213,0.1,0.1,37.7,67,29.1,0,62742,0,0
4/4/2009 23:30,213,0.1,0.1,37.5,70,29.1,0,62742,0,0
4/4/2009 23:40,213,0.1,0.1,37.5,72,29.1,0,62742,0,0
4/4/2009 23:50,213,0.1,0.1,37.4,72,29.1,0,62742,0,0
4/5/2009 0:00,213,0.1,0.1,37,74,29.1,0,62742,0,0
4/5/2009 0:10,213,0.1,0.1,36.8,74,29.1,0,62742,0,0
4/5/2009 0:20,213,0.1,0.1,37.2,71,29.1,0,62742,0,0
4/5/2009 0:30,213,0.1,0.1,37,74,29.1,0,62742,0,0
4/5/2009 0:40,213,0.1,0.1,36.8,70,29.1,0,62742,0,0
4/5/2009 0:50,213,0.1,0.1,37,74,29.1,0,62742,0,0
4/5/2009 1:00,213,0.1,0.1,37.2,65,29.1,0,62742,0,0
4/5/2009 1:10,213,0.1,0.1,37.2,65,29.1,0,62742,0,0
4/5/2009 1:20,213,0.1,0.1,37.2,66,29.1,0,62742,0,0
4/5/2009 1:30,213,0.1,0.1,37,64,29.1,0,62742,0,0
4/5/2009 1:40,213,0.1,0.1,36.8,62,29.1,0,62742,0,0
4/5/2009 1:50,213,0.1,0.1,36.5,61,29.1,0,62742,0,0
4/5/2009 2:00,213,0.1,0.1,36.5,61,29.1,0,62742,0,0
4/5/2009 2:10,213,0.1,0.1,36.1,60,29.1,0,62742,0,0
4/5/2009 2:20,213,0.1,0.1,35.4,61,29.1,0,62742,0,0
4/5/2009 2:30,213,0.1,0.1,35.4,62,29.1,0,62742,0,0
4/5/2009 2:40,213,0.1,0.1,35.6,61,29.1,0,62742,0,0
4/5/2009 2:50,213,0.1,0.1,35.7,62,29.1,0,62742,0,0
4/5/2009 3:00,213,0.1,0.1,35.6,61,29.1,0,62742,0,0
4/5/2009 3:10,213,0.1,0.1,35.6,62,29.1,0,62742,0,0
4/5/2009 3:20,213,0.1,0.1,35.6,62,29.1,0,62742,0,0
4/5/2009 3:30,213,0.1,0.1,35.4,64,29.1,0,62742,0,0
4/5/2009 3:40,213,0.1,0.1,35,67,29.1,0,62742,0,0
4/5/2009 3:50,213,0.1,0.1,35,66,29.1,0,62742,0,0
4/5/2009 4:00,213,0.1,0.1,35,66,29.1,0,62742,0,0
4/5/2009 4:10,213,0.1,0.1,35.2,65,29.1,0,62742,0,0
4/5/2009 4:20,213,0.1,0.1,35.2,65,29.1,0,62742,0,0
4/5/2009 4:30,213,0.1,0.1,34.1,69,29.1,0,62742,0,0
4/5/2009 4:40,213,0.1,0.1,34.8,66,29.1,0,62742,0,0
4/5/2009 4:50,213,0.1,0.1,36.5,64,29.1,0,62742,0,0
4/5/2009 5:00,213,0.1,0.1,38.3,60,29.1,0,62742,0,0
4/5/2009 5:10,213,0.1,0.1,38.4,61,29.1,0,62742,0,0
4/5/2009 5:20,213,0.1,0.1,37.9,63,29.1,0,62742,0,0
4/5/2009 5:30,213,0.1,0.1,38.6,62,29.1,0,62742,0,0
4/5/2009 5:40,213,0.1,0.1,37,66,29.1,0,62742,0,0
4/5/2009 5:50,213,0.1,0.1,36.8,66,29.1,0,62742,0,0
4/5/2009 6:00,213,0.1,0.1,37,66,29.1,0,62742,0,0
4/5/2009 6:10,213,0.1,0.1,37,65,29.1,0,62742,0,0
4/5/2009 6:20,213,0.1,0.1,37.2,62,29.1,0,62742,0,0
4/5/2009 6:30,213,0.1,0.1,37.2,61,29.1,0,62742,0,0
4/5/2009 6:40,213,0.1,0.1,37.5,60,29.1,0,62742,0,0
4/5/2009 6:50,213,0.1,0.1,37.9,60,29.1,0,62742,0,0
4/5/2009 7:00,213,0.1,0.1,37.7,62,29.1,0,62742,0,0
4/5/2009 7:10,213,0.1,0.1,37.7,62,29.1,0,62742,0,0
4/5/2009 7:20,213,0.1,0.1,37.5,61,29.1,0,62742,0,0
4/5/2009 7:30,213,0.1,0.1,38.3,61,29.1,0,62742,0,0
4/5/2009 7:40,213,0.1,0.1,37.9,62,29.1,0,62742,0,0
4/5/2009 7:50,213,0.1,0.1,37.9,67,29.1,0,62742,0,0
4/5/2009 8:00,213,0.1,0.1,37.5,70,29.1,0,62742,0,0
4/5/2009 8:10,213,0.1,0.1,38.3,70,29.1,0,62742,0,0
4/5/2009 8:20,213,0.1,0.1,38.4,71,29.1,0,62742,0,0
4/5/2009 8:30,213,0.1,0.1,38.4,72,29.1,0,62742,0,0
4/5/2009 8:40,213,0.1,0.1,38.1,68,29.1,0,62742,0,0
4/5/2009 8:50,213,0.1,0.1,38.1,69,29.1,0,62742,0,0
4/5/2009 9:00,213,0.1,0.1,37.9,70,29.1,0,62742,0,0
4/5/2009 9:10,213,0.1,0.1,37.4,69,29.1,0,62742,0,0
4/5/2009 9:20,213,0.1,0.1,37.5,70,29.1,0,62742,0,0
4/5/2009 9:30,213,0.1,0.1,38.3,66,29.1,0,62742,0,0
4/5/2009 9:40,213,0.1,0.1,38.6,66,29.1,0,62742,0,0
4/5/2009 9:50,213,0.1,0.1,37.7,67,29.1,0,62742,0,0
4/5/2009 10:00,213,0.1,0.1,38.4,64,29.1,0,62742,0,0
4/5/2009 10:10,213,0.1,0.1,38.8,64,29,0,62742,0,0
4/5/2009 10:20,213,0.1,0.1,37.7,65,29,0,62742,0,0
4/5/2009 10:30,213,0.1,0.1,38.6,65,29,0,62742,0,0
4/5/2009 10:40,213,0.1,0.1,38.8,68,29,0,62742,0,0
4/5/2009 10:50,213,0.1,0.1,39,66,29,0,62742,0,0
4/5/2009 11:00,213,0.1,0.1,39,67,29,0,62742,0,0
4/5/2009 11:10,213,0.1,0.1,41.1,63,29,0,62742,0,0
4/5/2009 11:20,213,0.1,0.1,41.3,60,29,0,62742,0,0
4/5/2009 11:30,213,0.1,0.1,41.7,57,29,0,62742,0,0
4/5/2009 11:40,213,0.1,0.1,41.9,56,29,0,62742,0,0
4/5/2009 11:50,213,0.1,0.1,40.8,62,29,0,62742,0,0
4/5/2009 12:00,213,0.1,0.1,40.6,63,29,0,62742,0,0
4/5/2009 12:10,213,0.1,0.1,40.6,62,29,0,62742,0,0
4/5/2009 12:20,213,0.1,0.1,42.6,59,29,0,62742,0,0
4/5/2009 12:30,213,0.1,0.1,41.9,61,29,0,62742,0,0
4/5/2009 12:40,213,0.1,0.1,42.9,60,29,0,62742,0,0
4/5/2009 12:50,213,0.1,0.1,42.8,62,29,0,62742,0,0
4/5/2009 13:00,213,0.1,0.1,43.1,56,29,0,62742,0,0
4/5/2009 13:10,213,0.1,0.1,42.8,57,29,0,62742,0,0
4/5/2009 13:20,213,0.1,0.1,41.7,57,29,0,62742,0,0
4/5/2009 13:30,213,0.1,0.1,41.9,56,29,0,62742,0,0
4/5/2009 13:40,213,0.1,0.1,41.5,55,29,0,62742,0,0
4/5/2009 13:50,213,0.1,0.1,41.3,55,29,0,62742,0,0
4/5/2009 14:00,213,0.1,0.1,41.5,57,29,0,62742,0,0
4/5/2009 14:10,213,0.1,0.1,41.5,56,28.9,0,62742,0,0
4/5/2009 14:20,213,0.1,0.1,41.5,57,28.9,0,62742,0,0
4/5/2009 14:30,213,0.1,0.1,41.5,55,28.9,0,62742,0,0
4/5/2009 14:40,213,0.1,0.1,41.9,54,28.9,0,62742,0,0
4/5/2009 14:50,213,0.1,0.1,41.7,55,28.9,0,62742,0,0
4/5/2009 15:00,213,0.1,0.1,41.7,55,28.9,0,62742,0,0
4/5/2009 15:10,213,0.1,0.1,41.7,55,28.9,0,62742,0,0
4/5/2009 15:20,213,0.1,0.1,41.9,55,28.9,0,62742,0,0
4/5/2009 15:30,213,0.1,0.1,42,57,28.9,0,62742,0,0
4/5/2009 15:40,213,0.1,0.1,42.2,59,28.9,0,62742,0,0
4/5/2009 15:50,213,0.1,0.1,42.6,56,28.9,0,62742,0,0
4/5/2009 16:00,213,0.1,0.1,42.6,54,28.9,0,62742,0,0
4/5/2009 16:10,213,0.1,0.1,42.2,57,28.9,0,62742,0,0
4/5/2009 16:20,213,0.1,0.1,42,59,28.9,0,62742,0,0
4/5/2009 16:30,213,0.1,0.1,41.7,55,28.9,0,62742,0,0
4/5/2009 16:40,213,0.1,0.1,41.5,56,28.9,0,62742,0,0
4/5/2009 16:50,213,0.1,0.1,41.3,57,28.9,0,62742,0,0
4/5/2009 17:00,213,0.1,0.1,41.5,55,28.9,0,62742,0,0
4/5/2009 17:10,213,0.1,0.1,41.7,57,28.9,0,62742,0,0
4/5/2009 17:20,213,0.1,0.1,42,57,28.9,0,62742,0,0
4/5/2009 17:30,213,0.1,0.1,41.9,60,28.9,0,62742,0,0
4/5/2009 17:40,213,0.1,0.1,41.9,61,28.9,0,62742,0,0
4/5/2009 17:50,213,0.1,0.1,42.6,57,28.9,0,62742,0,0
4/5/2009 18:00,213,0.1,0.1,43.1,53,28.8,0,62742,0,0
4/5/2009 18:10,213,0.1,0.1,43.8,50,28.8,0,62742,0,0
4/5/2009 18:20,213,0.1,0.1,44.4,49,28.8,0,62742,0,0
4/5/2009 18:30,213,0.1,0.1,44.7,48,28.8,0,62742,0,0
4/5/2009 18:40,213,0.1,0.1,45.5,47,28.8,0,62742,0,0
4/5/2009 18:50,213,0.1,0.1,46,45,28.8,0,62742,0,0
4/5/2009 19:00,213,0.1,0.1,46.4,48,28.8,0,62932,0.02,0.02
4/5/2009 19:10,213,0.1,0.1,45.5,56,28.8,0,63352,0,0
4/5/2009 19:20,213,0.1,0.1,44.2,61,28.8,0,63412,0,0
4/5/2009 19:30,213,0.1,0.1,46,55,28.8,0,63412,0,0
4/5/2009 19:40,213,0.1,0.1,45.5,62,28.8,0,63462,0,0
4/5/2009 19:50,213,0.1,0.1,43.3,72,28.8,0,63462,0,0
4/5/2009 20:00,213,0.1,0.1,43.3,71,28.8,0,63462,0,0
4/5/2009 20:10,213,0.1,0.1,43.3,70,28.7,0,63542,0,0
4/5/2009 20:20,213,0.1,0.1,42.9,71,28.8,0,63542,0,0
4/5/2009 20:30,213,0.1,0.1,42.8,69,28.7,0,63542,0,0
4/5/2009 20:40,213,0.1,0.1,42.6,68,28.7,0,63542,0,0
4/5/2009 20:50,213,0.1,0.1,42.4,69,28.7,0,63542,0,0
4/5/2009 21:00,213,0.1,0.1,42.2,69,28.7,0,63542,0,0
4/5/2009 21:10,213,0.1,0.1,41.9,70,28.7,0,63542,0,0
4/5/2009 21:20,213,0.1,0.1,41.5,70,28.6,0,63542,0,0
4/5/2009 21:30,213,0.1,0.1,41.5,71,28.7,0,63542,0,0
4/5/2009 21:40,213,0.1,0.1,41.9,72,28.6,0,63542,0,0
4/5/2009 21:50,213,0.1,0.1,42,77,28.6,0,63542,0,0
4/5/2009 22:00,213,0.1,0.1,41.9,77,28.6,0,63542,0,0
4/5/2009 22:10,213,0.1,0.1,41.5,78,28.6,0,63542,0,0
4/5/2009 22:20,213,0.1,0.1,41.1,79,28.6,0,63552,0,0
4/5/2009 22:30,213,0.1,0.1,40.8,78,28.6,0,63552,0,0
4/5/2009 22:40,213,0.1,0.1,40.4,79,28.6,0,63922,0.02,0.02
4/5/2009 22:50,213,0.1,0.1,40.2,81,28.6,0,64282,0,0
4/5/2009 23:00,213,0.1,0.1,39.9,81,28.6,0,64842,0.06,0.06
4/5/2009 23:10,213,0.1,0.1,39.5,83,28.6,0,65302,0,0
4/5/2009 23:20,213,0.1,0.1,39.5,83,28.6,0,16,0,0
4/5/2009 23:30,213,0.1,0.1,39.2,83,28.5,0,256,0,0
4/5/2009 23:40,213,0.1,0.1,39.5,83,28.5,0,276,0,0
4/5/2009 23:50,213,0.1,0.1,39.5,83,28.5,0,296,0,0
4/6/2009 0:00,213,0.1,0.1,39.5,82,28.5,0,356,0,0
4/6/2009 0:10,213,0.1,0.1,39.9,83,28.5,0,376,0,0
4/6/2009 0:20,213,0.1,0.1,39.9,82,28.5,0,386,0,0
4/6/2009 0:30,213,0.1,0.1,40.1,83,28.5,0,406,0,0
4/6/2009 0:40,213,0.1,0.1,40.1,82,28.4,0,406,0,0
4/6/2009 0:50,213,0.1,0.1,40.2,83,28.5,0,406,0,0
4/6/2009 1:00,213,0.1,0.1,40.4,82,28.5,0,406,0,0
4/6/2009 1:10,213,0.1,0.1,40.8,83,28.5,0,406,0,0
4/6/2009 1:20,213,0.1,0.1,40.8,82,28.5,0,406,0,0
4/6/2009 1:30,213,0.1,0.1,40.8,83,28.4,0,406,0,0
4/6/2009 1:40,213,0.1,0.1,40.8,83,28.4,0,406,0,0
4/6/2009 1:50,213,0.1,0.1,41,82,28.4,0,406,0,0
4/6/2009 2:00,213,0.1,0.1,41.1,82,28.4,0,406,0,0
4/6/2009 2:10,213,0.1,0.1,41.3,82,28.4,0,456,0.01,0.01
4/6/2009 2:20,213,0.1,0.1,41,84,28.4,0,586,0,0
4/6/2009 2:30,213,0.1,0.1,41.1,86,28.4,0,586,0,0
4/6/2009 2:40,213,0.1,0.1,41,87,28.4,0,586,0,0
4/6/2009 2:50,213,0.1,0.1,41,86,28.4,0,586,0,0
4/6/2009 3:00,213,0.1,0.1,40.8,86,28.4,0,586,0,0
4/6/2009 3:10,213,0.1,0.1,40.8,87,28.4,0,586,0,0
4/6/2009 3:20,213,0.1,0.1,39,87,28.4,0,606,0,0
4/6/2009 3:30,213,0.1,0.1,38.1,90,28.4,0,606,0,0
4/6/2009 3:40,213,0.1,0.1,38.4,92,28.4,0,726,0,0
4/6/2009 3:50,213,0.1,0.1,38.6,92,28.4,0,726,0,0
4/6/2009 4:00,213,0.1,0.1,38.8,92,28.4,0,726,0,0
4/6/2009 4:10,213,0.1,0.1,39.2,91,28.4,0,726,0,0
4/6/2009 4:20,213,0.1,0.1,39.9,91,28.4,0,726,0,0
4/6/2009 4:30,213,0.1,0.1,40.4,90,28.4,0,726,0,0
4/6/2009 4:40,213,0.1,0.1,40.6,90,28.4,0,726,0,0
4/6/2009 4:50,213,0.1,0.1,40.6,90,28.4,0,726,0,0
4/6/2009 5:00,213,0.1,0.1,40.8,90,28.4,0,726,0,0
4/6/2009 5:10,213,0.1,0.1,41.3,90,28.4,0,726,0,0
4/6/2009 5:20,213,0.1,0.1,42,88,28.4,0,726,0,0
4/6/2009 5:30,213,0.1,0.1,42.2,87,28.4,0,726,0,0
4/6/2009 5:40,213,0.1,0.1,41.9,87,28.4,0,726,0,0
4/6/2009 5:50,213,0.1,0.1,43.3,88,28.4,0,726,0,0
4/6/2009 6:00,213,0.1,0.1,44,87,28.4,0,726,0,0
4/6/2009 6:10,213,0.1,0.1,41.9,87,28.4,0,726,0,0
4/6/2009 6:20,213,0.1,0.1,40.4,89,28.4,0,726,0,0
4/6/2009 6:30,213,0.1,0.1,40.4,90,28.4,0,726,0,0
4/6/2009 6:40,213,0.1,0.1,40.8,90,28.4,0,726,0,0
4/6/2009 6:50,213,0.1,0.1,42.9,84,28.4,0,726,0,0
4/6/2009 7:00,213,0.1,0.1,42.8,83,28.4,0,726,0,0
4/6/2009 7:10,213,0.1,0.1,42.4,84,28.4,0,726,0,0
4/6/2009 7:20,213,0.1,0.1,41.9,83,28.4,0,726,0,0
4/6/2009 7:30,213,0.1,0.1,40.8,84,28.5,0,726,0,0
4/6/2009 7:40,213,0.1,0.1,40.4,86,28.5,0,726,0,0
4/6/2009 7:50,213,0.1,0.1,40.1,88,28.5,0,736,0,0
4/6/2009 8:00,213,0.1,0.1,39,89,28.5,0,736,0,0
4/6/2009 8:10,213,0.1,0.1,36.8,91,28.5,0,736,0,0
4/6/2009 8:20,213,0.1,0.1,36.3,92,28.5,0,736,0,0
4/6/2009 8:30,213,0.1,0.1,36.1,92,28.5,0,736,0,0
4/6/2009 8:40,213,0.1,0.1,35.9,93,28.5,0,736,0,0
4/6/2009 8:50,213,0.1,0.1,35.7,93,28.5,0,736,0,0
4/6/2009 9:00,213,0.1,0.1,35.9,93,28.5,0,736,0,0
4/6/2009 9:10,213,0.1,0.1,35.9,93,28.5,0,746,0,0
4/6/2009 9:20,213,0.1,0.1,35.7,92,28.5,0,856,0,0
4/6/2009 9:30,213,0.1,0.1,35.7,92,28.5,0,886,0,0
4/6/2009 9:40,213,0.1,0.1,35,92,28.5,0,1066,0,0
4/6/2009 9:50,213,0.1,0.1,34.7,92,28.5,0,1326,0,0
4/6/2009 10:00,213,0.1,0.1,34.5,92,28.5,0,1636,0,0
4/6/2009 10:10,213,0.1,0.1,34.3,93,28.5,0,1756,0,0
4/6/2009 10:20,213,0.1,0.1,34.3,93,28.5,0,1896,0,0
4/6/2009 10:30,213,0.1,0.1,34.3,93,28.5,0,2076,0,0
4/6/2009 10:40,213,0.1,0.1,34.3,93,28.5,0,2136,0,0
4/6/2009 10:50,213,0.1,0.1,34.3,93,28.5,0,2166,0,0
4/6/2009 11:00,213,0.1,0.1,34.3,93,28.5,0,2166,0,0
4/6/2009 11:10,213,0.1,0.1,34.1,92,28.5,0,2186,0,0
4/6/2009 11:20,213,0.1,0.1,34.3,92,28.5,0,2186,0,0
4/6/2009 11:30,213,0.1,0.1,34.3,92,28.5,0,2206,0,0
4/6/2009 11:40,213,0.1,0.1,34.1,93,28.5,0,2216,0,0
4/6/2009 11:50,213,0.1,0.1,34.1,92,28.5,0,2386,0,0
4/6/2009 12:00,213,0.1,0.1,34.3,93,28.5,0,2556,0,0
4/6/2009 12:10,213,0.1,0.1,34.3,93,28.5,0,2736,0,0
4/6/2009 12:20,213,0.1,0.1,34.1,93,28.5,0,2936,0.01,0.01
4/6/2009 12:30,213,0.1,0.1,34.3,93,28.5,0,3026,0,0
4/6/2009 12:40,213,0.1,0.1,34.3,92,28.5,0,3296,0,0
4/6/2009 12:50,213,0.1,0.1,34.1,92,28.5,0,3756,0.02,0.02
4/6/2009 13:00,213,0.1,0.1,34.1,91,28.5,0,4096,0,0
4/6/2009 13:10,213,0.1,0.1,34.3,91,28.5,0,4466,0.02,0.02
4/6/2009 13:20,213,0.1,0.1,34.1,92,28.5,0,4906,0.02,0.02
4/6/2009 13:30,213,0.1,0.1,34.1,92,28.6,0,5346,0.03,0.03
4/6/2009 13:40,213,0.1,0.1,33.8,92,28.6,0,5936,0.01,0.01
4/6/2009 13:50,213,0.1,0.1,33.6,92,28.6,0,6366,0,0
4/6/2009 14:00,213,0.1,0.1,33.2,92,28.6,0,6816,0,0
4/6/2009 14:10,213,0.1,0.1,33.4,92,28.6,0,7056,0,0
4/6/2009 14:20,213,0.1,0.1,32.9,92,28.6,0,7216,0,0
4/6/2009 14:30,213,0.1,0.1,33,92,28.6,0,7296,0,0
4/6/2009 14:40,213,0.1,0.1,33,91,28.6,0,7356,0,0
4/6/2009 14:50,213,0.1,0.1,32.7,91,28.6,0,7396,0,0
4/6/2009 15:00,213,0.1,0.1,32.5,91,28.6,0,7456,0,0
4/6/2009 15:10,213,0.1,0.1,32.7,91,28.6,0,7496,0,0
4/6/2009 15:20,213,0.1,0.1,32,91,28.6,0,7546,0,0
4/6/2009 15:30,213,0.1,0.1,32,91,28.6,0,7556,0,0
4/6/2009 15:40,213,0.1,0.1,32,91,28.6,0,7586,0,0
4/6/2009 15:50,213,0.1,0.1,32,91,28.6,0,7586,0,0
4/6/2009 16:00,213,0.1,0.1,32,89,28.6,0,7586,0,0
4/6/2009 16:10,213,0.1,0.1,31.9,90,28.6,0,7596,0,0
4/6/2009 16:20,213,0.1,0.1,31.5,90,28.6,0,7626,0,0
4/6/2009 16:30,213,0.1,0.1,31.9,92,28.6,0,7636,0,0
4/6/2009 16:40,213,0.1,0.1,31.7,91,28.6,0,7636,0,0
4/6/2009 16:50,213,0.1,0.1,31.1,90,28.6,0,7686,0,0
4/6/2009 17:00,213,0.1,0.1,31.1,91,28.6,0,7686,0,0
4/6/2009 17:10,213,0.1,0.1,31.1,90,28.6,0,7706,0,0
4/6/2009 17:20,213,0.1,0.1,30.4,89,28.6,0,7816,0,0
4/6/2009 17:30,213,0.1,0.1,30.8,91,28.6,0,7896,0,0
4/6/2009 17:40,213,0.1,0.1,31.1,92,28.6,0,7906,0,0
4/6/2009 17:50,213,0.1,0.1,31,92,28.6,0,7916,0,0
4/6/2009 18:00,213,0.1,0.1,30.8,92,28.6,0,7926,0,0
4/6/2009 18:10,213,0.1,0.1,30.4,91,28.7,0,7946,0,0
4/6/2009 18:20,213,0.1,0.1,30.8,92,28.7,0,7966,0,0
4/6/2009 18:30,213,0.1,0.1,30.2,91,28.7,0,8036,0,0
4/6/2009 18:40,213,0.1,0.1,30.4,91,28.7,0,8086,0,0
4/6/2009 18:50,213,0.1,0.1,30.6,91,28.7,0,8136,0,0
4/6/2009 19:00,213,0.1,0.1,30.8,89,28.7,0,8176,0,0
4/6/2009 19:10,213,0.1,0.1,30.6,87,28.7,0,8176,0,0
4/6/2009 19:20,213,0.1,0.1,30.6,89,28.7,0,8226,0,0
4/6/2009 19:30,213,0.1,0.1,30.4,89,28.7,0,8636,0,0
4/6/2009 19:40,213,0.1,0.1,30.8,89,28.7,0,8736,0,0
4/6/2009 19:50,213,0.1,0.1,30.4,88,28.7,0,8926,0.01,0.01
4/6/2009 20:00,213,0.1,0.1,30.8,87,28.7,0,9106,0,0
4/6/2009 20:10,213,0.1,0.1,30.4,88,28.7,0,9136,0,0
4/6/2009 20:20,213,0.1,0.1,30.4,85,28.7,0,9156,0,0
4/6/2009 20:30,213,0.1,0.1,30.4,87,28.7,0,9286,0,0
4/6/2009 20:40,213,0.1,0.1,30.1,87,28.7,0,9326,0,0
4/6/2009 20:50,213,0.1,0.1,30.8,84,28.7,0,9346,0,0
4/6/2009 21:00,213,0.1,0.1,30.8,81,28.7,0,9366,0,0
4/6/2009 21:10,213,0.1,0.1,30.6,83,28.7,0,9366,0,0
4/6/2009 21:20,213,0.1,0.1,30.4,82,28.7,0,9366,0,0
4/6/2009 21:30,213,0.1,0.1,30.2,83,28.7,0,9386,0,0
4/6/2009 21:40,213,0.1,0.1,30.4,83,28.7,0,9386,0,0
4/6/2009 21:50,213,0.1,0.1,30.8,83,28.7,0,9386,0,0
4/6/2009 22:00,213,0.1,0.1,30.2,84,28.7,0,9386,0,0
4/6/2009 22:10,213,0.1,0.1,30.4,81,28.7,0,9396,0,0
4/6/2009 22:20,213,0.1,0.1,30.1,86,28.7,0,9406,0,0
4/6/2009 22:30,213,0.1,0.1,30.1,87,28.7,0,9576,0,0
4/6/2009 22:40,213,0.1,0.1,30.1,87,28.7,0,9576,0,0
4/6/2009 22:50,213,0.1,0.1,30.2,86,28.7,0,9576,0,0
4/6/2009 23:00,213,0.1,0.1,30.4,85,28.7,0,9576,0,0
4/6/2009 23:10,213,0.1,0.1,30.6,85,28.7,0,9586,0,0
4/6/2009 23:20,213,0.1,0.1,30.6,86,28.7,0,9586,0,0
4/6/2009 23:30,213,0.1,0.1,30.4,84,28.7,0,9586,0,0
4/6/2009 23:40,213,0.1,0.1,30.8,85,28.7,0,9586,0,0
4/6/2009 23:50,213,0.1,0.1,30.8,79,28.6,0,9586,0,0
4/7/2009 0:00,213,0.1,0.1,30.8,78,28.6,0,9586,0,0
4/7/2009 0:10,213,0.1,0.1,30.8,79,28.7,0,9606,0,0
4/7/2009 0:20,213,0.1,0.1,30.4,80,28.7,0,9606,0,0
4/7/2009 0:30,213,0.1,0.1,30.2,79,28.6,0,9606,0,0
4/7/2009 0:40,213,0.1,0.1,30.8,78,28.7,0,9606,0,0
4/7/2009 0:50,213,0.1,0.1,30.2,78,28.6,0,9606,0,0
4/7/2009 1:00,213,0.1,0.1,30.6,78,28.6,0,9606,0,0
4/7/2009 1:10,213,0.1,0.1,30.2,79,28.6,0,9616,0,0
4/7/2009 1:20,213,0.1,0.1,29.9,82,28.6,0,9616,0,0
4/7/2009 1:30,213,0.1,0.1,29.7,83,28.6,0,9626,0,0
4/7/2009 1:40,213,0.1,0.1,30.1,81,28.6,0,9666,0,0
4/7/2009 1:50,213,0.1,0.1,30.1,77,28.6,0,9716,0,0
4/7/2009 2:00,213,0.1,0.1,29.9,80,28.6,0,9766,0,0
4/7/2009 2:10,213,0.1,0.1,29.7,82,28.6,0,9766,0,0
4/7/2009 2:20,213,0.1,0.1,29.5,84,28.6,0,9766,0,0
4/7/2009 2:30,213,0.1,0.1,29.7,84,28.6,0,9766,0,0
4/7/2009 2:40,213,0.1,0.1,29.9,82,28.7,0,9766,0,0
4/7/2009 2:50,213,0.1,0.1,30.1,80,28.7,0,9766,0,0
4/7/2009 3:00,213,0.1,0.1,30.1,83,28.7,0,9766,0,0
4/7/2009 3:10,213,0.1,0.1,30.2,80,28.6,0,9766,0,0
4/7/2009 3:20,213,0.1,0.1,29.9,82,28.7,0,9766,0,0
4/7/2009 3:30,213,0.1,0.1,29.9,80,28.6,0,9766,0,0
4/7/2009 3:40,213,0.1,0.1,30.4,78,28.7,0,9766,0,0
4/7/2009 3:50,213,0.1,0.1,30.2,79,28.7,0,9776,0,0
4/7/2009 4:00,213,0.1,0.1,30.2,79,28.7,0,9786,0,0
4/7/2009 4:10,213,0.1,0.1,30.6,78,28.7,0,9806,0,0
4/7/2009 4:20,213,0.1,0.1,30.8,78,28.7,0,9826,0,0
4/7/2009 4:30,213,0.1,0.1,30.4,78,28.7,0,9866,0,0
4/7/2009 4:40,213,0.1,0.1,30.2,79,28.7,0,10006,0,0
4/7/2009 4:50,213,0.1,0.1,30.1,81,28.7,0,10376,0.01,0.01
4/7/2009 5:00,213,0.1,0.1,30.2,79,28.7,0,10696,0,0
4/7/2009 5:10,213,0.1,0.1,30.2,81,28.7,0,10796,0,0
4/7/2009 5:20,213,0.1,0.1,29.7,83,28.7,0,10846,0,0
4/7/2009 5:30,213,0.1,0.1,30.2,82,28.7,0,10906,0,0
4/7/2009 5:40,213,0.1,0.1,30.1,80,28.7,0,10926,0,0
4/7/2009 5:50,213,0.1,0.1,30.1,79,28.7,0,10926,0,0
4/7/2009 6:00,213,0.1,0.1,30.1,78,28.7,0,10926,0,0
4/7/2009 6:10,213,0.1,0.1,30.2,80,28.7,0,10926,0,0
4/7/2009 6:20,213,0.1,0.1,30.8,79,28.7,0,10926,0,0
4/7/2009 6:30,213,0.1,0.1,30.8,80,28.7,0,10926,0,0
4/7/2009 6:40,213,0.1,0.1,30.8,78,28.7,0,10986,0,0
4/7/2009 6:50,213,0.1,0.1,30.1,82,28.7,0,11316,0.02,0.02
4/7/2009 7:00,213,0.1,0.1,30.6,81,28.7,0,11486,0,0
4/7/2009 7:10,213,0.1,0.1,31,79,28.7,0,11786,0,0
4/7/2009 7:20,213,0.1,0.1,31.3,75,28.7,0,12046,0,0
4/7/2009 7:30,213,0.1,0.1,31,77,28.7,0,12216,0,0
4/7/2009 7:40,213,0.1,0.1,30.6,82,28.7,0,12516,0.03,0.03
4/7/2009 7:50,213,0.1,0.1,29.7,83,28.7,0,12826,0,0
4/7/2009 8:00,213,0.1,0.1,29.7,83,28.7,0,12846,0,0
4/7/2009 8:10,213,0.1,0.1,29.3,78,28.7,0,12866,0,0
4/7/2009 8:20,213,0.1,0.1,29.2,79,28.7,0,12866,0,0
4/7/2009 8:30,213,0.1,0.1,29.5,79,28.7,0,12866,0,0
4/7/2009 8:40,213,0.1,0.1,29.9,73,28.7,0,12876,0,0
4/7/2009 8:50,213,0.1,0.1,30.6,71,28.7,0,12876,0,0
4/7/2009 9:00,213,0.1,0.1,30.8,68,28.7,0,12886,0,0
4/7/2009 9:10,213,0.1,0.1,31,65,28.7,0,12896,0,0
4/7/2009 9:20,213,0.1,0.1,31,76,28.7,0,12926,0,0
4/7/2009 9:30,213,0.1,0.1,29,78,28.7,0,13266,0,0
4/7/2009 9:40,213,0.1,0.1,30.1,74,28.7,0,13266,0,0
4/7/2009 9:50,213,0.1,0.1,30.8,71,28.7,0,13266,0,0
4/7/2009 10:00,213,0.1,0.1,30.8,70,28.7,0,13276,0,0
4/7/2009 10:10,213,0.1,0.1,31,70,28.7,0,13276,0,0
4/7/2009 10:20,213,0.1,0.1,31.7,67,28.7,0,13276,0,0
4/7/2009 10:30,213,0.1,0.1,31.7,66,28.7,0,13276,0,0
4/7/2009 10:40,213,0.1,0.1,31.7,64,28.7,0,13276,0,0
4/7/2009 10:50,213,0.1,0.1,32.1,64,28.7,0,13276,0,0
4/7/2009 11:00,213,0.1,0.1,32,66,28.7,0,13276,0,0
4/7/2009 11:10,213,0.1,0.1,32,67,28.7,0,13276,0,0
4/7/2009 11:20,213,0.1,0.1,32,71,28.7,0,13276,0,0
4/7/2009 11:30,213,0.1,0.1,32,67,28.7,0,13276,0,0
4/7/2009 11:40,213,0.1,0.1,31,76,28.7,0,13286,0,0
4/7/2009 11:50,213,0.1,0.1,29,82,28.7,0,13376,0,0
4/7/2009 12:00,213,0.1,0.1,30.4,81,28.7,0,13376,0,0
4/7/2009 12:10,213,0.1,0.1,31.1,80,28.7,0,13376,0,0
4/7/2009 12:20,213,0.1,0.1,31.9,74,28.7,0,13376,0,0
4/7/2009 12:30,213,0.1,0.1,32,72,28.7,0,13376,0,0
4/7/2009 12:40,213,0.1,0.1,30.6,85,28.7,0,13496,0,0
4/7/2009 12:50,213,0.1,0.1,31,83,28.7,0,13636,0,0
4/7/2009 13:00,213,0.1,0.1,31.3,75,28.7,0,13866,0,0
4/7/2009 13:10,213,0.1,0.1,31.7,74,28.7,0,13886,0,0
4/7/2009 13:20,213,0.1,0.1,31.9,73,28.7,0,13886,0,0
4/7/2009 13:30,213,0.1,0.1,31.5,81,28.7,0,13886,0,0
4/7/2009 13:40,213,0.1,0.1,31,84,28.7,0,13886,0,0
4/7/2009 13:50,213,0.1,0.1,31.1,84,28.7,0,13886,0,0
4/7/2009 14:00,213,0.1,0.1,32,77,28.7,0,13886,0,0
4/7/2009 14:10,213,0.1,0.1,32,79,28.7,0,13886,0,0
4/7/2009 14:20,213,0.1,0.1,32,80,28.7,0,13886,0,0
4/7/2009 14:30,213,0.1,0.1,32.3,77,28.7,0,13886,0,0
4/7/2009 14:40,213,0.1,0.1,32.5,77,28.7,0,13886,0,0
4/7/2009 14:50,213,0.1,0.1,32.3,81,28.7,0,13886,0,0
4/7/2009 15:00,213,0.1,0.1,30.6,89,28.7,0,13926,0,0
4/7/2009 15:10,213,0.1,0.1,31.7,87,28.7,0,13926,0,0
4/7/2009 15:20,213,0.1,0.1,32.3,77,28.7,0,13926,0,0
4/7/2009 15:30,213,0.1,0.1,32.7,78,28.7,0,13926,0,0
4/7/2009 15:40,213,0.1,0.1,33,78,28.7,0,13926,0,0
4/7/2009 15:50,213,0.1,0.1,32.9,78,28.7,0,13926,0,0
4/7/2009 16:00,213,0.1,0.1,32.7,77,28.7,0,13936,0,0
4/7/2009 16:10,213,0.1,0.1,31.3,83,28.7,0,14296,0.04,0.04
4/7/2009 16:20,213,0.1,0.1,30.1,88,28.7,0,14506,0,0
4/7/2009 16:30,213,0.1,0.1,31.1,89,28.7,0,14506,0,0
4/7/2009 16:40,213,0.1,0.1,32,84,28.7,0,14506,0,0
4/7/2009 16:50,213,0.1,0.1,32.7,75,28.7,0,14506,0,0
4/7/2009 17:00,213,0.1,0.1,33,74,28.7,0,14506,0,0
4/7/2009 17:10,213,0.1,0.1,33,76,28.8,0,14506,0,0
4/7/2009 17:20,213,0.1,0.1,32.7,80,28.8,0,14506,0,0
4/7/2009 17:30,213,0.1,0.1,32.7,81,28.8,0,14506,0,0
4/7/2009 17:40,213,0.1,0.1,32.9,81,28.8,0,14506,0,0
4/7/2009 17:50,213,0.1,0.1,32.1,81,28.8,0,14506,0,0
4/7/2009 18:00,213,0.1,0.1,32.3,80,28.8,0,14506,0,0
4/7/2009 18:10,213,0.1,0.1,32.9,83,28.8,0,14646,0.22,0.22
4/7/2009 18:20,213,0.1,0.1,30.8,89,28.8,0,14736,0,0
4/7/2009 18:30,213,0.1,0.1,31.1,88,28.8,0,14736,0,0
4/7/2009 18:40,213,0.1,0.1,32,83,28.8,0,14736,0,0
4/7/2009 18:50,213,0.1,0.1,32.7,82,28.8,0,14736,0,0
4/7/2009 19:00,213,0.1,0.1,33,80,28.8,0,14736,0,0
4/7/2009 19:10,213,0.1,0.1,33.2,80,28.8,0,14736,0,0
4/7/2009 19:20,213,0.1,0.1,32.9,75,28.8,0,14736,0,0
4/7/2009 19:30,213,0.1,0.1,33.2,71,28.8,0,14736,0,0
4/7/2009 19:40,213,0.1,0.1,33.2,73,28.8,0,14736,0,0
4/7/2009 19:50,213,0.1,0.1,33.4,71,28.8,0,14736,0,0
4/7/2009 20:00,213,0.1,0.1,33.4,69,28.8,0,14736,0,0
4/7/2009 20:10,213,0.1,0.1,33.6,68,28.8,0,14736,0,0
4/7/2009 20:20,213,0.1,0.1,33.8,70,28.8,0,14736,0,0
4/7/2009 20:30,213,0.1,0.1,33.6,71,28.8,0,14736,0,0
4/7/2009 20:40,213,0.1,0.1,33.6,74,28.8,0,14736,0,0
4/7/2009 20:50,213,0.1,0.1,33.4,74,28.8,0,14776,0,0
4/7/2009 21:00,213,0.1,0.1,33.2,72,28.8,0,14806,0,0
4/7/2009 21:10,213,0.1,0.1,32.9,72,28.8,0,14806,0,0
4/7/2009 21:20,213,0.1,0.1,33.2,67,28.8,0,14906,0,0
4/7/2009 21:30,213,0.1,0.1,33.4,73,28.8,0,14906,0,0
4/7/2009 21:40,213,0.1,0.1,31.7,86,28.8,0,15296,0.04,0.04
4/7/2009 21:50,213,0.1,0.1,31,83,28.7,0,15446,0,0
4/7/2009 22:00,213,0.1,0.1,31.5,89,28.7,0,15666,0,0
4/7/2009 22:10,213,0.1,0.1,32,86,28.7,0,15766,0,0
4/7/2009 22:20,213,0.1,0.1,32.7,77,28.7,0,15826,0,0
4/7/2009 22:30,213,0.1,0.1,32.7,82,28.7,0,15906,0,0
4/7/2009 22:40,213,0.1,0.1,31.1,88,28.7,0,16166,0.04,0.04
4/7/2009 22:50,213,0.1,0.1,32,86,28.7,0,16206,0,0
4/7/2009 23:00,213,0.1,0.1,30.6,90,28.7,0,16536,0,0
4/7/2009 23:10,213,0.1,0.1,32.7,81,28.7,0,16536,0,0
4/7/2009 23:20,213,0.1,0.1,33.2,78,28.7,0,16576,0,0
4/7/2009 23:30,213,0.1,0.1,33.4,78,28.7,0,16626,0,0
4/7/2009 23:40,213,0.1,0.1,33.2,79,28.7,0,16766,0,0
4/7/2009 23:50,213,0.1,0.1,33,81,28.7,0,16796,0,0
4/8/2009 0:00,213,0.1,0.1,32.3,85,28.7,0,16796,0,0
4/8/2009 0:10,213,0.1,0.1,32.7,83,28.7,0,16796,0,0
4/8/2009 0:20,213,0.1,0.1,32,85,28.7,0,16796,0,0
4/8/2009 0:30,213,0.1,0.1,32,86,28.7,0,16796,0,0
4/8/2009 0:40,213,0.1,0.1,31.9,89,28.7,0,16796,0,0
4/8/2009 0:50,213,0.1,0.1,31.5,90,28.7,0,16796,0,0
4/8/2009 1:00,213,0.1,0.1,31.5,91,28.7,0,16796,0,0
4/8/2009 1:10,213,0.1,0.1,31.5,90,28.7,0,16796,0,0
4/8/2009 1:20,213,0.1,0.1,31.9,89,28.7,0,16796,0,0
4/8/2009 1:30,213,0.1,0.1,32,84,28.7,0,16796,0,0
4/8/2009 1:40,213,0.1,0.1,32,78,28.7,0,16796,0,0
4/8/2009 1:50,213,0.1,0.1,32.5,74,28.7,0,16796,0,0
4/8/2009 2:00,213,0.1,0.1,32.9,73,28.7,0,16796,0,0
4/8/2009 2:10,213,0.1,0.1,32.9,73,28.7,0,16796,0,0
4/8/2009 2:20,213,0.1,0.1,32.9,72,28.7,0,16796,0,0
4/8/2009 2:30,213,0.1,0.1,32.9,72,28.7,0,16796,0,0
4/8/2009 2:40,213,0.1,0.1,33,74,28.7,0,16796,0,0
4/8/2009 2:50,213,0.1,0.1,32.7,70,28.7,0,16796,0,0
4/8/2009 3:00,213,0.1,0.1,32.5,69,28.7,0,16796,0,0
4/8/2009 3:10,213,0.1,0.1,32.5,70,28.7,0,16796,0,0
4/8/2009 3:20,213,0.1,0.1,32.5,72,28.7,0,16796,0,0
4/8/2009 3:30,213,0.1,0.1,32.7,71,28.8,0,16796,0,0
4/8/2009 3:40,213,0.1,0.1,32.5,70,28.8,0,16796,0,0
4/8/2009 3:50,213,0.1,0.1,32.1,71,28.8,0,16796,0,0
4/8/2009 4:00,213,0.1,0.1,32.1,70,28.8,0,16796,0,0
4/8/2009 4:10,213,0.1,0.1,32.5,69,28.8,0,16796,0,0
4/8/2009 4:20,213,0.1,0.1,32.7,66,28.8,0,16796,0,0
4/8/2009 4:30,213,0.1,0.1,33.2,64,28.8,0,16796,0,0
4/8/2009 4:40,213,0.1,0.1,33.4,62,28.8,0,16796,0,0
4/8/2009 4:50,213,0.1,0.1,33.2,61,28.8,0,16796,0,0
4/8/2009 5:00,213,0.1,0.1,33.6,61,28.8,0,16796,0,0
4/8/2009 5:10,213,0.1,0.1,33.6,62,28.8,0,16796,0,0
4/8/2009 5:20,213,0.1,0.1,33.6,62,28.8,0,16796,0,0
4/8/2009 5:30,213,0.1,0.1,33.4,62,28.8,0,16796,0,0
4/8/2009 5:40,213,0.1,0.1,33.8,60,28.8,0,16796,0,0
4/8/2009 5:50,213,0.1,0.1,33.9,60,28.8,0,16796,0,0
4/8/2009 6:00,213,0.1,0.1,34.3,56,28.8,0,16796,0,0
4/8/2009 6:10,213,0.1,0.1,34.7,56,28.8,0,16796,0,0
4/8/2009 6:20,213,0.1,0.1,34.8,58,28.8,0,16796,0,0
4/8/2009 6:30,213,0.1,0.1,34.8,60,28.8,0,16796,0,0
4/8/2009 6:40,213,0.1,0.1,34.8,58,28.8,0,16796,0,0
4/8/2009 6:50,213,0.1,0.1,34.8,58,28.8,0,16796,0,0
4/8/2009 7:00,213,0.1,0.1,34.8,58,28.8,0,16796,0,0
4/8/2009 7:10,213,0.1,0.1,35.2,57,28.8,0,16796,0,0
4/8/2009 7:20,213,0.1,0.1,35.2,57,28.8,0,16796,0,0
4/8/2009 7:30,213,0.1,0.1,35.6,57,28.8,0,16796,0,0
4/8/2009 7:40,213,0.1,0.1,35.7,56,28.8,0,16796,0,0
4/8/2009 7:50,213,0.1,0.1,36.5,56,28.8,0,16796,0,0
4/8/2009 8:00,213,0.1,0.1,36.8,51,28.8,0,16796,0,0
4/8/2009 8:10,213,0.1,0.1,36.5,53,28.8,0,16796,0,0
4/8/2009 8:20,213,0.1,0.1,36.8,53,28.8,0,16796,0,0
4/8/2009 8:30,213,0.1,0.1,37,52,28.8,0,16796,0,0
4/8/2009 8:40,213,0.1,0.1,37.4,52,28.8,0,16796,0,0
4/8/2009 8:50,213,0.1,0.1,37.9,51,28.8,0,16796,0,0
4/8/2009 9:00,213,0.1,0.1,38.3,51,28.8,0,16796,0,0
4/8/2009 9:10,213,0.1,0.1,38.1,53,28.8,0,16796,0,0
4/8/2009 9:20,213,0.1,0.1,38.8,50,28.8,0,16796,0,0
4/8/2009 9:30,213,0.1,0.1,38.8,52,28.8,0,16796,0,0
4/8/2009 9:40,213,0.1,0.1,39.3,53,28.8,0,16796,0,0
4/8/2009 9:50,213,0.1,0.1,39.5,57,28.8,0,16796,0,0
4/8/2009 10:00,213,0.1,0.1,39.9,58,28.8,0,16796,0,0
4/8/2009 10:10,213,0.1,0.1,40.1,54,28.8,0,16796,0,0
4/8/2009 10:20,213,0.1,0.1,40.2,50,28.8,0,16796,0,0
4/8/2009 10:30,213,0.1,0.1,40.2,51,28.8,0,16796,0,0
4/8/2009 10:40,213,0.1,0.1,40.6,47,28.8,0,16796,0,0
4/8/2009 10:50,213,0.1,0.1,41,47,28.8,0,16796,0,0
4/8/2009 11:00,213,0.1,0.1,41,45,28.8,0,16796,0,0
4/8/2009 11:10,213,0.1,0.1,41.1,47,28.8,0,16796,0,0
4/8/2009 11:20,213,0.1,0.1,41.3,43,28.8,0,16796,0,0
4/8/2009 11:30,213,0.1,0.1,41.1,44,28.8,0,16796,0,0
4/8/2009 11:40,213,0.1,0.1,41.1,42,28.8,0,16796,0,0
4/8/2009 11:50,213,0.1,0.1,41.5,44,28.8,0,16796,0,0
4/8/2009 12:00,213,0.1,0.1,41.5,45,28.8,0,16796,0,0
4/8/2009 12:10,213,0.1,0.1,41.7,43,28.8,0,16796,0,0
4/8/2009 12:20,213,0.1,0.1,41.7,42,28.8,0,16796,0,0
4/8/2009 12:30,213,0.1,0.1,41.7,42,28.8,0,16796,0,0
4/8/2009 12:40,213,0.1,0.1,41.7,42,28.8,0,16796,0,0
4/8/2009 12:50,213,0.1,0.1,41.9,43,28.8,0,16796,0,0
4/8/2009 13:00,213,0.1,0.1,41.9,42,28.8,0,16796,0,0
4/8/2009 13:10,213,0.1,0.1,41.9,43,28.8,0,16796,0,0
4/8/2009 13:20,213,0.1,0.1,41.9,44,28.8,0,16796,0,0
4/8/2009 13:30,213,0.1,0.1,42.4,43,28.8,0,16796,0,0
4/8/2009 13:40,213,0.1,0.1,42.6,42,28.8,0,16796,0,0
4/8/2009 13:50,213,0.1,0.1,42.6,43,28.8,0,16796,0,0
4/8/2009 14:00,213,0.1,0.1,42.8,45,28.8,0,16796,0,0
4/8/2009 14:10,213,0.1,0.1,42.9,44,28.8,0,16796,0,0
4/8/2009 14:20,213,0.1,0.1,42.9,43,28.8,0,16796,0,0
4/8/2009 14:30,213,0.1,0.1,43.1,41,28.8,0,16796,0,0
4/8/2009 14:40,213,0.1,0.1,43.3,43,28.8,0,16796,0,0
4/8/2009 14:50,213,0.1,0.1,43.1,43,28.8,0,16796,0,0
4/8/2009 15:00,213,0.1,0.1,43.3,44,28.8,0,16796,0,0
4/8/2009 15:10,213,0.1,0.1,43.5,44,28.8,0,16796,0,0
4/8/2009 15:20,213,0.1,0.1,43.5,44,28.8,0,16796,0,0
4/8/2009 15:30,213,0.1,0.1,43.3,44,28.8,0,16796,0,0
4/8/2009 15:40,213,0.1,0.1,43.7,44,28.8,0,16796,0,0
4/8/2009 15:50,213,0.1,0.1,43.5,43,28.8,0,16796,0,0
4/8/2009 16:00,213,0.1,0.1,43.7,41,28.8,0,16796,0,0
4/8/2009 16:10,213,0.1,0.1,43.5,41,28.8,0,16796,0,0
4/8/2009 16:20,213,0.1,0.1,43.5,41,28.8,0,16796,0,0
4/8/2009 16:30,213,0.1,0.1,43.3,42,28.8,0,16796,0,0
4/8/2009 16:40,213,0.1,0.1,43.3,40,28.8,0,16796,0,0
4/8/2009 16:50,213,0.1,0.1,43.5,37,28.8,0,16796,0,0
4/8/2009 17:00,213,0.1,0.1,43.8,35,28.8,0,16796,0,0
4/8/2009 17:10,213,0.1,0.1,44,35,28.8,0,16796,0,0
4/8/2009 17:20,213,0.1,0.1,44,33,28.8,0,16796,0,0
4/8/2009 17:30,213,0.1,0.1,44.4,32,28.9,0,16796,0,0
4/8/2009 17:40,213,0.1,0.1,44.6,32,28.9,0,16796,0,0
4/8/2009 17:50,213,0.1,0.1,44.6,30,28.9,0,16796,0,0
4/8/2009 18:00,213,0.1,0.1,44.9,29,28.9,0,16796,0,0
4/8/2009 18:10,213,0.1,0.1,44.9,28,28.9,0,16796,0,0
4/8/2009 18:20,213,0.1,0.1,43.7,30,28.9,0,16796,0,0
4/8/2009 18:30,213,0.1,0.1,42.9,30,28.9,0,16796,0,0
4/8/2009 18:40,213,0.1,0.1,42.9,30,28.9,0,16796,0,0
4/8/2009 18:50,213,0.1,0.1,42.6,31,28.9,0,16796,0,0
4/8/2009 19:00,213,0.1,0.1,42.4,31,28.9,0,16796,0,0
4/8/2009 19:10,213,0.1,0.1,42.4,31,28.9,0,16796,0,0
4/8/2009 19:20,213,0.1,0.1,42.4,32,28.9,0,16796,0,0
4/8/2009 19:30,213,0.1,0.1,42.6,31,28.9,0,16796,0,0
4/8/2009 19:40,213,0.1,0.1,42.6,31,28.9,0,16796,0,0
4/8/2009 19:50,213,0.1,0.1,42.4,32,28.9,0,16796,0,0
4/8/2009 20:00,213,0.1,0.1,42.6,31,28.9,0,16796,0,0
4/8/2009 20:10,213,0.1,0.1,42.4,32,28.9,0,16796,0,0
4/8/2009 20:20,213,0.1,0.1,42.8,32,28.9,0,16796,0,0
4/8/2009 20:30,213,0.1,0.1,42.8,32,28.9,0,16796,0,0
4/8/2009 20:40,213,0.1,0.1,42.6,32,28.9,0,16796,0,0
4/8/2009 20:50,213,0.1,0.1,42.6,32,28.9,0,16796,0,0
4/8/2009 21:00,213,0.1,0.1,42.8,32,28.9,0,16796,0,0
4/8/2009 21:10,213,0.1,0.1,42.8,32,28.9,0,16796,0,0
4/8/2009 21:20,213,0.1,0.1,42.6,32,28.9,0,16796,0,0
4/8/2009 21:30,213,0.1,0.1,42.8,32,28.9,0,16796,0,0
4/8/2009 21:40,213,0.1,0.1,42.8,32,28.9,0,16796,0,0
4/8/2009 21:50,213,0.1,0.1,42.6,32,28.9,0,16796,0,0
4/8/2009 22:00,213,0.1,0.1,42.9,32,28.9,0,16796,0,0
4/8/2009 22:10,213,0.1,0.1,43.1,32,28.9,0,16796,0,0
4/8/2009 22:20,213,0.1,0.1,43.1,33,28.9,0,16796,0,0
4/8/2009 22:30,213,0.1,0.1,42.9,33,28.9,0,16796,0,0
4/8/2009 22:40,213,0.1,0.1,42.9,33,28.9,0,16796,0,0
4/8/2009 22:50,213,0.1,0.1,42.6,34,28.9,0,16796,0,0
4/8/2009 23:00,213,0.1,0.1,42.2,35,28.9,0,16796,0,0
4/8/2009 23:10,213,0.1,0.1,41.5,35,28.9,0,16796,0,0
4/8/2009 23:20,213,0.1,0.1,41,36,28.9,0,16796,0,0
4/8/2009 23:30,213,0.1,0.1,41,37,28.9,0,16796,0,0
4/8/2009 23:40,213,0.1,0.1,40.6,37,28.9,0,16796,0,0
4/8/2009 23:50,213,0.1,0.1,40.4,38,28.9,0,16796,0,0
4/9/2009 0:00,213,0.1,0.1,40.2,38,28.9,0,16796,0,0
4/9/2009 0:10,213,0.1,0.1,39.9,39,28.9,0,16796,0,0
4/9/2009 0:20,213,0.1,0.1,40.1,39,28.9,0,16796,0,0
4/9/2009 0:30,213,0.1,0.1,39.7,39,28.9,0,16796,0,0
4/9/2009 0:40,213,0.1,0.1,39.5,40,28.9,0,16796,0,0
4/9/2009 0:50,213,0.1,0.1,39.5,40,28.9,0,16796,0,0
4/9/2009 1:00,213,0.1,0.1,39.3,40,28.9,0,16796,0,0
4/9/2009 1:10,213,0.1,0.1,39.2,41,28.9,0,16796,0,0
4/9/2009 1:20,213,0.1,0.1,38.8,42,28.9,0,16796,0,0
4/9/2009 1:30,213,0.1,0.1,38.8,42,28.9,0,16796,0,0
4/9/2009 1:40,213,0.1,0.1,38.6,42,28.9,0,16796,0,0
4/9/2009 1:50,213,0.1,0.1,38.6,43,28.9,0,16796,0,0
4/9/2009 2:00,213,0.1,0.1,38.4,44,28.9,0,16796,0,0
4/9/2009 2:10,213,0.1,0.1,38.4,44,28.9,0,16796,0,0
4/9/2009 2:20,213,0.1,0.1,38.4,45,28.9,0,16796,0,0
4/9/2009 2:30,213,0.1,0.1,38.8,45,28.9,0,16796,0,0
4/9/2009 2:40,213,0.1,0.1,38.6,45,28.9,0,16796,0,0
4/9/2009 2:50,213,0.1,0.1,38.6,46,28.9,0,16796,0,0
4/9/2009 3:00,213,0.1,0.1,38.8,47,29,0,16796,0,0
4/9/2009 3:10,213,0.1,0.1,38.4,48,29,0,16796,0,0
4/9/2009 3:20,213,0.1,0.1,38.8,50,29,0,16796,0,0
4/9/2009 3:30,213,0.1,0.1,38.8,50,29,0,16796,0,0
4/9/2009 3:40,213,0.1,0.1,38.1,51,29,0,16796,0,0
4/9/2009 3:50,213,0.1,0.1,37.9,51,29,0,16796,0,0
4/9/2009 4:00,213,0.1,0.1,37.9,52,29,0,16796,0,0
4/9/2009 4:10,213,0.1,0.1,37.9,52,29,0,16796,0,0
4/9/2009 4:20,213,0.1,0.1,37.9,53,29,0,16796,0,0
4/9/2009 4:30,213,0.1,0.1,38.4,54,29,0,16796,0,0
4/9/2009 4:40,213,0.1,0.1,38.6,53,29,0,16796,0,0
4/9/2009 4:50,213,0.1,0.1,39.2,53,29,0,16796,0,0
4/9/2009 5:00,213,0.1,0.1,39.7,54,29,0,16796,0,0
4/9/2009 5:10,213,0.1,0.1,40.2,54,29,0,16796,0,0
4/9/2009 5:20,213,0.1,0.1,40.6,53,29,0,16796,0,0
4/9/2009 5:30,213,0.1,0.1,41,54,29,0,16796,0,0
4/9/2009 5:40,213,0.1,0.1,41.1,54,29,0,16796,0,0
4/9/2009 5:50,213,0.1,0.1,41.5,51,29,0,16796,0,0
4/9/2009 6:00,213,0.1,0.1,41.5,49,29,0,16796,0,0
4/9/2009 6:10,213,0.1,0.1,41.9,48,29,0,16796,0,0
4/9/2009 6:20,213,0.1,0.1,42,47,29,0,16796,0,0
4/9/2009 6:30,213,0.1,0.1,42.2,48,29,0,16796,0,0
4/9/2009 6:40,213,0.1,0.1,42.4,50,29,0,16796,0,0
4/9/2009 6:50,213,0.1,0.1,42.6,50,29,0,16796,0,0
4/9/2009 7:00,213,0.1,0.1,42.8,51,29,0,16796,0,0
4/9/2009 7:10,213,0.1,0.1,42.9,50,29,0,16796,0,0
4/9/2009 7:20,213,0.1,0.1,42.9,49,29,0,16796,0,0
4/9/2009 7:30,213,0.1,0.1,42.9,54,29,0,16796,0,0
4/9/2009 7:40,213,0.1,0.1,42.6,56,29,0,16796,0,0
4/9/2009 7:50,213,0.1,0.1,43.1,55,29,0,16796,0,0
4/9/2009 8:00,213,0.1,0.1,42.8,58,29,0,16796,0,0
4/9/2009 8:10,213,0.1,0.1,42.8,59,29,0,16796,0,0
4/9/2009 8:20,213,0.1,0.1,43.3,55,29,0,16796,0,0
4/9/2009 8:30,213,0.1,0.1,43.3,57,29,0,16796,0,0
4/9/2009 8:40,213,0.1,0.1,44,51,29,0,16796,0,0
4/9/2009 8:50,213,0.1,0.1,44.4,48,29,0,16796,0,0
4/9/2009 9:00,213,0.1,0.1,44.4,56,29,0,16796,0,0
4/9/2009 9:10,213,0.1,0.1,44.4,51,29,0,16796,0,0
4/9/2009 9:20,213,0.1,0.1,44,55,29,0,16796,0,0
4/9/2009 9:30,213,0.1,0.1,44.6,54,29,0,16796,0,0
4/9/2009 9:40,213,0.1,0.1,44,53,29,0,16796,0,0
4/9/2009 9:50,213,0.1,0.1,44.6,56,29,0,16796,0,0
4/9/2009 10:00,213,0.1,0.1,45.3,54,29,0,16796,0,0
4/9/2009 10:10,213,0.1,0.1,45.8,47,29,0,16796,0,0
4/9/2009 10:20,213,0.1,0.1,45.3,51,29,0,16796,0,0
4/9/2009 10:30,213,0.1,0.1,45.1,56,29,0,16796,0,0
4/9/2009 10:40,213,0.1,0.1,45.6,53,29,0,16796,0,0
4/9/2009 10:50,213,0.1,0.1,45.6,51,29,0,16796,0,0
4/9/2009 11:00,213,0.1,0.1,46.4,48,29,0,16796,0,0
4/9/2009 11:10,213,0.1,0.1,46.4,48,29,0,16796,0,0
4/9/2009 11:20,213,0.1,0.1,46,49,29,0,16796,0,0
4/9/2009 11:30,213,0.1,0.1,46.4,51,29,0,16796,0,0
4/9/2009 11:40,213,0.1,0.1,46.2,53,29,0,16796,0,0
4/9/2009 11:50,213,0.1,0.1,45.3,55,29,0,16796,0,0
4/9/2009 12:00,213,0.1,0.1,45.3,54,29,0,16796,0,0
4/9/2009 12:10,213,0.1,0.1,45.8,54,29,0,16796,0,0
4/9/2009 12:20,213,0.1,0.1,45.6,55,29,0,16796,0,0
4/9/2009 12:30,213,0.1,0.1,45.8,51,29,0,16796,0,0
4/9/2009 12:40,213,0.1,0.1,46.4,47,29,0,16796,0,0
4/9/2009 12:50,213,0.1,0.1,46.2,53,29,0,16796,0,0
4/9/2009 13:00,213,0.1,0.1,46.5,52,29,0,16796,0,0
4/9/2009 13:10,213,0.1,0.1,46,58,29,0,16796,0,0
4/9/2009 13:20,213,0.1,0.1,46.7,50,29.1,0,16796,0,0
4/9/2009 13:30,213,0.1,0.1,46.2,51,29.1,0,16796,0,0
4/9/2009 13:40,213,0.1,0.1,45.8,50,29.1,0,16796,0,0
4/9/2009 13:50,213,0.1,0.1,45.6,51,29.1,0,16796,0,0
4/9/2009 14:00,213,0.1,0.1,46.5,48,29.1,0,16796,0,0
4/9/2009 14:10,213,0.1,0.1,46.2,52,29.1,0,16796,0,0
4/9/2009 14:20,213,0.1,0.1,46.4,49,29.1,0,16796,0,0
4/9/2009 14:30,213,0.1,0.1,46.7,47,29.1,0,16796,0,0
4/9/2009 14:40,213,0.1,0.1,46.9,46,29.1,0,16796,0,0
4/9/2009 14:50,213,0.1,0.1,46.5,46,29.1,0,16796,0,0
4/9/2009 15:00,213,0.1,0.1,46.5,45,29.1,0,16796,0,0
4/9/2009 15:10,213,0.1,0.1,46.5,45,29.1,0,16796,0,0
4/9/2009 15:20,213,0.1,0.1,46.5,44,29.1,0,16796,0,0
4/9/2009 15:30,213,0.1,0.1,46.7,41,29.1,0,16796,0,0
4/9/2009 15:40,213,0.1,0.1,47.3,40,29.1,0,16796,0,0
4/9/2009 15:50,213,0.1,0.1,48.2,35,29.1,0,16796,0,0
4/9/2009 16:00,213,0.1,0.1,48.7,31,29.1,0,16796,0,0
4/9/2009 16:10,213,0.1,0.1,49.2,28,29.1,0,16796,0,0
4/9/2009 16:20,213,0.1,0.1,49.2,28,29.1,0,16796,0,0
4/9/2009 16:30,213,0.1,0.1,49.2,28,29.1,0,16796,0,0
4/9/2009 16:40,213,0.1,0.1,49.2,29,29.1,0,16796,0,0
4/9/2009 16:50,213,0.1,0.1,49.4,29,29.1,0,16796,0,0
4/9/2009 17:00,213,0.1,0.1,49.4,29,29.1,0,16796,0,0
4/9/2009 17:10,213,0.1,0.1,49.6,30,29.1,0,16796,0,0
4/9/2009 17:20,213,0.1,0.1,49.2,30,29.1,0,16796,0,0
4/9/2009 17:30,213,0.1,0.1,49.4,31,29.1,0,16796,0,0
4/9/2009 17:40,213,0.1,0.1,49.2,31,29.1,0,16796,0,0
4/9/2009 17:50,213,0.1,0.1,49.1,31,29.1,0,16796,0,0
4/9/2009 18:00,213,0.1,0.1,49.1,31,29.1,0,16796,0,0
4/9/2009 18:10,213,0.1,0.1,49.1,31,29.1,0,16796,0,0
4/9/2009 18:20,213,0.1,0.1,48.9,32,29.1,0,16796,0,0
4/9/2009 18:30,213,0.1,0.1,48.9,32,29.1,0,16796,0,0
4/9/2009 18:40,213,0.1,0.1,48.9,32,29.1,0,16796,0,0
4/9/2009 18:50,213,0.1,0.1,48.7,33,29.1,0,16796,0,0
4/9/2009 19:00,213,0.1,0.1,48.9,33,29.1,0,16796,0,0
4/9/2009 19:10,213,0.1,0.1,48.7,33,29.1,0,16796,0,0
4/9/2009 19:20,213,0.1,0.1,48.5,34,29.1,0,16796,0,0
4/9/2009 19:30,213,0.1,0.1,48.5,34,29.1,0,16796,0,0
4/9/2009 19:40,213,0.1,0.1,48.5,34,29.1,0,16796,0,0
4/9/2009 19:50,213,0.1,0.1,48.7,34,29.1,0,16796,0,0
4/9/2009 20:00,213,0.1,0.1,48.3,34,29.1,0,16796,0,0
4/9/2009 20:10,213,0.1,0.1,48,35,29.1,0,16796,0,0
4/9/2009 20:20,213,0.1,0.1,47.8,35,29.1,0,16796,0,0
4/9/2009 20:30,213,0.1,0.1,47.8,35,29.1,0,16796,0,0
4/9/2009 20:40,213,0.1,0.1,47.6,35,29.1,0,16796,0,0
4/9/2009 20:50,213,0.1,0.1,47.6,35,29.1,0,16796,0,0
4/9/2009 21:00,213,0.1,0.1,47.4,35,29.1,0,16796,0,0
4/9/2009 21:10,213,0.1,0.1,46.2,45,29.1,0,16796,0,0
4/9/2009 21:20,213,0.1,0.1,46,45,29.1,0,16796,0,0
4/9/2009 21:30,213,0.1,0.1,44.2,47,29.1,0,16796,0,0
4/9/2009 21:40,213,0.1,0.1,44,46,29.1,0,16796,0,0
4/9/2009 21:50,213,0.1,0.1,43.7,50,29.1,0,16796,0,0
4/9/2009 22:00,213,0.1,0.1,44,46,29.1,0,16796,0,0
4/9/2009 22:10,213,0.1,0.1,44,47,29.1,0,16796,0,0
4/9/2009 22:20,213,0.1,0.1,43.3,49,29.1,0,16796,0,0
4/9/2009 22:30,213,0.1,0.1,43.1,49,29.1,0,16796,0,0
4/9/2009 22:40,213,0.1,0.1,42.8,50,29.1,0,16796,0,0
4/9/2009 22:50,213,0.1,0.1,42.6,52,29.1,0,16796,0,0
4/9/2009 23:00,213,0.1,0.1,42.6,52,29.1,0,16796,0,0
4/9/2009 23:10,213,0.1,0.1,42.6,52,29.1,0,16796,0,0
4/9/2009 23:20,213,0.1,0.1,42.6,52,29.1,0,16796,0,0
4/9/2009 23:30,213,0.1,0.1,42.4,51,29.1,0,16796,0,0
4/9/2009 23:40,213,0.1,0.1,42.8,49,29.1,0,16796,0,0
4/9/2009 23:50,213,0.1,0.1,42.2,50,29.1,0,16796,0,0
4/10/2009 0:00,213,0.1,0.1,41.9,51,29.1,0,16796,0,0
4/10/2009 0:10,213,0.1,0.1,41.9,51,29.1,0,16796,0,0
4/10/2009 0:20,213,0.1,0.1,42.4,49,29.1,0,16796,0,0
4/10/2009 0:30,213,0.1,0.1,42.6,49,29.1,0,16796,0,0
4/10/2009 0:40,213,0.1,0.1,42,49,29.1,0,16796,0,0
4/10/2009 0:50,213,0.1,0.1,43.5,43,29.1,0,16796,0,0
4/10/2009 1:00,213,0.1,0.1,42.9,45,29.1,0,16796,0,0
4/10/2009 1:10,213,0.1,0.1,42.9,44,29.1,0,16796,0,0
4/10/2009 1:20,213,0.1,0.1,43.5,43,29.1,0,16796,0,0
4/10/2009 1:30,213,0.1,0.1,44,40,29.1,0,16796,0,0
4/10/2009 1:40,213,0.1,0.1,43.8,41,29.1,0,16796,0,0
4/10/2009 1:50,213,0.1,0.1,42.9,43,29.1,0,16796,0,0
4/10/2009 2:00,213,0.1,0.1,42.8,43,29.1,0,16796,0,0
4/10/2009 2:10,213,0.1,0.1,42.4,43,29.1,0,16796,0,0
4/10/2009 2:20,213,0.1,0.1,42,44,29.1,0,16796,0,0
4/10/2009 2:30,213,0.1,0.1,41.7,46,29.1,0,16796,0,0
4/10/2009 2:40,213,0.1,0.1,41,47,29.1,0,16796,0,0
4/10/2009 2:50,213,0.1,0.1,40.8,47,29.1,0,16796,0,0
4/10/2009 3:00,213,0.1,0.1,40.6,47,29.1,0,16796,0,0
4/10/2009 3:10,213,0.1,0.1,40.8,47,29.1,0,16796,0,0
4/10/2009 3:20,213,0.1,0.1,40.8,47,29.1,0,16796,0,0
4/10/2009 3:30,213,0.1,0.1,40.8,46,29.1,0,16796,0,0
4/10/2009 3:40,213,0.1,0.1,41.5,44,29.1,0,16796,0,0
4/10/2009 3:50,213,0.1,0.1,41.9,50,29.1,0,16796,0,0
4/10/2009 4:00,213,0.1,0.1,40.1,72,29.1,0,16796,0,0
4/10/2009 4:10,213,0.1,0.1,39.7,76,29.1,0,16796,0,0
4/10/2009 4:20,213,0.1,0.1,39.3,74,29.1,0,16796,0,0
4/10/2009 4:30,213,0.1,0.1,39.3,75,29.1,0,16796,0,0
4/10/2009 4:40,213,0.1,0.1,39.7,72,29.1,0,16796,0,0
4/10/2009 4:50,213,0.1,0.1,40.6,64,29.1,0,16796,0,0
4/10/2009 5:00,213,0.1,0.1,41,64,29.1,0,16796,0,0
4/10/2009 5:10,213,0.1,0.1,40.8,70,29.1,0,16796,0,0
4/10/2009 5:20,213,0.1,0.1,40.8,67,29.1,0,16796,0,0
4/10/2009 5:30,213,0.1,0.1,41,62,29.1,0,16796,0,0
4/10/2009 5:40,213,0.1,0.1,40.8,63,29.1,0,16796,0,0
4/10/2009 5:50,213,0.1,0.1,40.6,67,29.1,0,16796,0,0
4/10/2009 6:00,213,0.1,0.1,40.2,70,29.1,0,16796,0,0
4/10/2009 6:10,213,0.1,0.1,40.1,74,29.1,0,16796,0,0
4/10/2009 6:20,213,0.1,0.1,39.7,76,29.1,0,16796,0,0
4/10/2009 6:30,213,0.1,0.1,39.5,75,29.1,0,16796,0,0
4/10/2009 6:40,213,0.1,0.1,39.5,72,29.1,0,16796,0,0
4/10/2009 6:50,213,0.1,0.1,39.7,72,29.1,0,16796,0,0
4/10/2009 7:00,213,0.1,0.1,39.5,72,29.1,0,16796,0,0
4/10/2009 7:10,213,0.1,0.1,39.3,72,29.1,0,16796,0,0
4/10/2009 7:20,213,0.1,0.1,39.5,71,29.1,0,16796,0,0
4/10/2009 7:30,213,0.1,0.1,39.7,70,29.1,0,16796,0,0
4/10/2009 7:40,213,0.1,0.1,39.9,71,29.1,0,16796,0,0
4/10/2009 7:50,213,0.1,0.1,40.1,69,29.1,0,16796,0,0
4/10/2009 8:00,213,0.1,0.1,39.3,71,29.1,0,16796,0,0
4/10/2009 8:10,213,0.1,0.1,39.2,72,29.1,0,16796,0,0
4/10/2009 8:20,213,0.1,0.1,39,69,29.1,0,16796,0,0
4/10/2009 8:30,213,0.1,0.1,39.3,67,29.1,0,16796,0,0
4/10/2009 8:40,213,0.1,0.1,39.7,67,29.1,0,16796,0,0
4/10/2009 8:50,213,0.1,0.1,39.9,67,29.1,0,16796,0,0
4/10/2009 9:00,213,0.1,0.1,39.9,66,29.1,0,16796,0,0
4/10/2009 9:10,213,0.1,0.1,40.4,63,29.1,0,16796,0,0
4/10/2009 9:20,213,0.1,0.1,41,62,29.1,0,16796,0,0
4/10/2009 9:30,213,0.1,0.1,41.9,61,29.1,0,16796,0,0
4/10/2009 9:40,213,0.1,0.1,42,59,29.1,0,16796,0,0
4/10/2009 9:50,213,0.1,0.1,42.4,58,29.1,0,16796,0,0
4/10/2009 10:00,213,0.1,0.1,42.9,56,29.1,0,16796,0,0
4/10/2009 10:10,213,0.1,0.1,42.9,55,29.1,0,16796,0,0
4/10/2009 10:20,213,0.1,0.1,43.3,55,29.1,0,16796,0,0
4/10/2009 10:30,213,0.1,0.1,42.8,60,29.1,0,16796,0,0
4/10/2009 10:40,213,0.1,0.1,42.4,62,29.1,0,16796,0,0
4/10/2009 10:50,213,0.1,0.1,42.8,59,29.1,0,16796,0,0
4/10/2009 11:00,213,0.1,0.1,42.4,60,29.1,0,16796,0,0
4/10/2009 11:10,213,0.1,0.1,42.6,61,29.1,0,16796,0,0
4/10/2009 11:20,213,0.1,0.1,42.2,63,29.1,0,16796,0,0
4/10/2009 11:30,213,0.1,0.1,42.9,61,29.1,0,16796,0,0
4/10/2009 11:40,213,0.1,0.1,43.3,59,29.1,0,16796,0,0
4/10/2009 11:50,213,0.1,0.1,43.7,58,29.1,0,16796,0,0
4/10/2009 12:00,213,0.1,0.1,44,56,29.1,0,16796,0,0
4/10/2009 12:10,213,0.1,0.1,43.7,58,29.1,0,16796,0,0
4/10/2009 12:20,213,0.1,0.1,43.3,62,29.1,0,16796,0,0
4/10/2009 12:30,213,0.1,0.1,42.9,63,29.1,0,16796,0,0
4/10/2009 12:40,213,0.1,0.1,42.8,64,29.1,0,16796,0,0
4/10/2009 12:50,213,0.1,0.1,42.9,64,29.1,0,16796,0,0
4/10/2009 13:00,213,0.1,0.1,42.8,64,29.1,0,16796,0,0
4/10/2009 13:10,213,0.1,0.1,42.9,64,29.1,0,16796,0,0
4/10/2009 13:20,213,0.1,0.1,42.8,65,29.1,0,16796,0,0
4/10/2009 13:30,213,0.1,0.1,42.9,66,29.1,0,16796,0,0
4/10/2009 13:40,213,0.1,0.1,42.8,66,29.1,0,16796,0,0
4/10/2009 13:50,213,0.1,0.1,42.8,67,29.1,0,16796,0,0
4/10/2009 14:00,213,0.1,0.1,42.6,66,29.1,0,16796,0,0
4/10/2009 14:10,213,0.1,0.1,42.6,66,29.1,0,16796,0,0
4/10/2009 14:20,213,0.1,0.1,42.6,67,29.1,0,16796,0,0
4/10/2009 14:30,213,0.1,0.1,42.4,68,29.1,0,16796,0,0
4/10/2009 14:40,213,0.1,0.1,42.8,64,29.1,0,16796,0,0
4/10/2009 14:50,213,0.1,0.1,42.8,65,29.1,0,16796,0,0
4/10/2009 15:00,213,0.1,0.1,42.8,64,29.1,0,16796,0,0
4/10/2009 15:10,213,0.1,0.1,42.8,64,29.1,0,16796,0,0
4/10/2009 15:20,213,0.1,0.1,42.9,60,29.1,0,16796,0,0
4/10/2009 15:30,213,0.1,0.1,42.9,60,29.1,0,16796,0,0
4/10/2009 15:40,213,0.1,0.1,43.1,61,29.1,0,16796,0,0
4/10/2009 15:50,213,0.1,0.1,43.1,59,29.1,0,16796,0,0
4/10/2009 16:00,213,0.1,0.1,42.9,61,29.1,0,16796,0,0
4/10/2009 16:10,213,0.1,0.1,42.9,60,29.1,0,16796,0,0
4/10/2009 16:20,213,0.1,0.1,42.8,59,29.1,0,16796,0,0
4/10/2009 16:30,213,0.1,0.1,42.8,59,29.1,0,16796,0,0
4/10/2009 16:40,213,0.1,0.1,42.6,60,29.1,0,16796,0,0
4/10/2009 16:50,213,0.1,0.1,42.6,59,29.1,0,16796,0,0
4/10/2009 17:00,213,0.1,0.1,42.6,58,29.1,0,16796,0,0
4/10/2009 17:10,213,0.1,0.1,42.6,60,29.1,0,16796,0,0
4/10/2009 17:20,213,0.1,0.1,42.4,62,29.1,0,16796,0,0
4/10/2009 17:30,213,0.1,0.1,42.4,60,29.1,0,16796,0,0
4/10/2009 17:40,213,0.1,0.1,42.2,61,29.1,0,16796,0,0
4/10/2009 17:50,213,0.1,0.1,42,60,29.1,0,16796,0,0
4/10/2009 18:00,213,0.1,0.1,41.9,63,29.1,0,16796,0,0
4/10/2009 18:10,213,0.1,0.1,41.5,64,29.1,0,16796,0,0
4/10/2009 18:20,213,0.1,0.1,41.5,64,29.1,0,16796,0,0
4/10/2009 18:30,213,0.1,0.1,41.3,65,29.1,0,16796,0,0
4/10/2009 18:40,213,0.1,0.1,41,68,29.1,0,16796,0,0
4/10/2009 18:50,213,0.1,0.1,40.8,68,29.1,0,16796,0,0
4/10/2009 19:00,213,0.1,0.1,40.6,68,29.1,0,16796,0,0
4/10/2009 19:10,213,0.1,0.1,40.4,69,29.1,0,16796,0,0
4/10/2009 19:20,213,0.1,0.1,40.2,70,29.1,0,16796,0,0
4/10/2009 19:30,213,0.1,0.1,40.4,70,29.1,0,16796,0,0
4/10/2009 19:40,213,0.1,0.1,40.4,68,29.1,0,16796,0,0
4/10/2009 19:50,213,0.1,0.1,40.4,68,29.1,0,16796,0,0
4/10/2009 20:00,213,0.1,0.1,40.4,67,29.1,0,16796,0,0
4/10/2009 20:10,213,0.1,0.1,40.4,68,29.1,0,16796,0,0
4/10/2009 20:20,213,0.1,0.1,40.6,70,29.1,0,16796,0,0
4/10/2009 20:30,213,0.1,0.1,40.8,70,29.1,0,16796,0,0
4/10/2009 20:40,213,0.1,0.1,40.6,68,29.1,0,16796,0,0
4/10/2009 20:50,213,0.1,0.1,40.6,69,29.1,0,16796,0,0
4/10/2009 21:00,213,0.1,0.1,40.2,70,29.1,0,16796,0,0
4/10/2009 21:10,213,0.1,0.1,40.1,72,29.1,0,16796,0,0
4/10/2009 21:20,213,0.1,0.1,39.9,72,29.1,0,16796,0,0
4/10/2009 21:30,213,0.1,0.1,39.9,71,29.1,0,16796,0,0
4/10/2009 21:40,213,0.1,0.1,39.7,74,29.1,0,16796,0,0
4/10/2009 21:50,213,0.1,0.1,39.3,74,29.1,0,16796,0,0
4/10/2009 22:00,213,0.1,0.1,39.3,74,29.1,0,16796,0,0
4/10/2009 22:10,213,0.1,0.1,39,76,29.1,0,16796,0,0
4/10/2009 22:20,213,0.1,0.1,38.8,78,29.1,0,16796,0,0
4/10/2009 22:30,213,0.1,0.1,38.3,78,29.1,0,16796,0,0
4/10/2009 22:40,213,0.1,0.1,37.9,79,29.1,0,16796,0,0
4/10/2009 22:50,213,0.1,0.1,37.5,79,29.1,0,16796,0,0
4/10/2009 23:00,213,0.1,0.1,37.5,80,29.1,0,16796,0,0
4/10/2009 23:10,213,0.1,0.1,37.5,81,29.1,0,16796,0,0
4/10/2009 23:20,213,0.1,0.1,37.5,81,29.1,0,16796,0,0
4/10/2009 23:30,213,0.1,0.1,37.5,81,29.1,0,16796,0,0
4/10/2009 23:40,213,0.1,0.1,37.5,82,29.1,0,16796,0,0
4/10/2009 23:50,213,0.1,0.1,37.4,81,29.1,0,16796,0,0
4/11/2009 0:00,213,0.1,0.1,37.2,82,29.1,0,16796,0,0
4/11/2009 0:10,213,0.1,0.1,37.4,81,29.1,0,16796,0,0
4/11/2009 0:20,213,0.1,0.1,37.2,81,29.1,0,16796,0,0
4/11/2009 0:30,213,0.1,0.1,37.2,81,29.1,0,16796,0,0
4/11/2009 0:40,213,0.1,0.1,37,81,29.1,0,16796,0,0
4/11/2009 0:50,213,0.1,0.1,37.2,81,29.1,0,16796,0,0
4/11/2009 1:00,213,0.1,0.1,37.5,79,29.1,0,16796,0,0
4/11/2009 1:10,213,0.1,0.1,37.5,78,29.1,0,16796,0,0
4/11/2009 1:20,213,0.1,0.1,37.4,80,29.1,0,16796,0,0
4/11/2009 1:30,213,0.1,0.1,37.4,79,29.1,0,16796,0,0
4/11/2009 1:40,213,0.1,0.1,37.4,77,29.1,0,16796,0,0
4/11/2009 1:50,213,0.1,0.1,37.5,75,29.1,0,16796,0,0
4/11/2009 2:00,213,0.1,0.1,37.5,74,29.1,0,16796,0,0
4/11/2009 2:10,213,0.1,0.1,37.5,72,29.1,0,16796,0,0
4/11/2009 2:20,213,0.1,0.1,37.4,71,29.2,0,16796,0,0
4/11/2009 2:30,213,0.1,0.1,37.4,70,29.2,0,16796,0,0
4/11/2009 2:40,213,0.1,0.1,37.5,70,29.2,0,16796,0,0
4/11/2009 2:50,213,0.1,0.1,37.4,70,29.2,0,16796,0,0
4/11/2009 3:00,213,0.1,0.1,37,72,29.2,0,16796,0,0
4/11/2009 3:10,213,0.1,0.1,36.5,75,29.2,0,16796,0,0
4/11/2009 3:20,213,0.1,0.1,36.3,75,29.2,0,16796,0,0
4/11/2009 3:30,213,0.1,0.1,36.3,73,29.2,0,16796,0,0
4/11/2009 3:40,213,0.1,0.1,36.3,73,29.2,0,16796,0,0
4/11/2009 3:50,213,0.1,0.1,36.1,74,29.2,0,16796,0,0
4/11/2009 4:00,213,0.1,0.1,36.1,73,29.2,0,16796,0,0
4/11/2009 4:10,213,0.1,0.1,36.1,73,29.2,0,16796,0,0
4/11/2009 4:20,213,0.1,0.1,36.3,73,29.2,0,16796,0,0
4/11/2009 4:30,213,0.1,0.1,36.3,71,29.2,0,16796,0,0
4/11/2009 4:40,213,0.1,0.1,36.3,71,29.2,0,16796,0,0
4/11/2009 4:50,213,0.1,0.1,36.3,70,29.2,0,16796,0,0
4/11/2009 5:00,213,0.1,0.1,36.3,71,29.2,0,16796,0,0
4/11/2009 5:10,213,0.1,0.1,36.3,71,29.2,0,16796,0,0
4/11/2009 5:20,213,0.1,0.1,36.3,71,29.2,0,16796,0,0
4/11/2009 5:30,213,0.1,0.1,36.1,70,29.2,0,16796,0,0
4/11/2009 5:40,213,0.1,0.1,36.3,70,29.2,0,16796,0,0
4/11/2009 5:50,213,0.1,0.1,35.9,69,29.2,0,16796,0,0
4/11/2009 6:00,213,0.1,0.1,36.1,69,29.2,0,16796,0,0
4/11/2009 6:10,213,0.1,0.1,36.1,68,29.3,0,16796,0,0
4/11/2009 6:20,213,0.1,0.1,36.3,66,29.2,0,16796,0,0
4/11/2009 6:30,213,0.1,0.1,36.5,67,29.3,0,16796,0,0
4/11/2009 6:40,213,0.1,0.1,36.5,66,29.3,0,16796,0,0
4/11/2009 6:50,213,0.1,0.1,37.2,64,29.3,0,16796,0,0
4/11/2009 7:00,213,0.1,0.1,36.5,63,29.3,0,16796,0,0
4/11/2009 7:10,213,0.1,0.1,36.5,62,29.3,0,16796,0,0
4/11/2009 7:20,213,0.1,0.1,36.6,62,29.3,0,16796,0,0
4/11/2009 7:30,213,0.1,0.1,36.8,59,29.3,0,16796,0,0
4/11/2009 7:40,213,0.1,0.1,37.2,60,29.3,0,16796,0,0
4/11/2009 7:50,213,0.1,0.1,37,60,29.3,0,16796,0,0
4/11/2009 8:00,213,0.1,0.1,37.2,61,29.3,0,16796,0,0
4/11/2009 8:10,213,0.1,0.1,37.4,59,29.3,0,16796,0,0
4/11/2009 8:20,213,0.1,0.1,37.4,58,29.3,0,16796,0,0
4/11/2009 8:30,213,0.1,0.1,37.7,60,29.3,0,16796,0,0
4/11/2009 8:40,213,0.1,0.1,37.7,57,29.3,0,16796,0,0
4/11/2009 8:50,213,0.1,0.1,38.1,56,29.3,0,16796,0,0
4/11/2009 9:00,213,0.1,0.1,37.9,56,29.3,0,16796,0,0
4/11/2009 9:10,213,0.1,0.1,38.4,56,29.4,0,16796,0,0
4/11/2009 9:20,213,0.1,0.1,37.9,55,29.4,0,16796,0,0
4/11/2009 9:30,213,0.1,0.1,38.1,57,29.4,0,16796,0,0
4/11/2009 9:40,213,0.1,0.1,38.4,59,29.4,0,16796,0,0
4/11/2009 9:50,213,0.1,0.1,38.4,56,29.4,0,16796,0,0
4/11/2009 10:00,213,0.1,0.1,39.5,55,29.4,0,16796,0,0
4/11/2009 10:10,213,0.1,0.1,39,53,29.4,0,16796,0,0
4/11/2009 10:20,213,0.1,0.1,39,52,29.4,0,16796,0,0
4/11/2009 10:30,213,0.1,0.1,39.2,52,29.4,0,16796,0,0
4/11/2009 10:40,213,0.1,0.1,39.3,50,29.4,0,16796,0,0
4/11/2009 10:50,213,0.1,0.1,39.5,47,29.4,0,16796,0,0
4/11/2009 11:00,213,0.1,0.1,39.3,49,29.4,0,16796,0,0
4/11/2009 11:10,213,0.1,0.1,39.5,47,29.4,0,16796,0,0
4/11/2009 11:20,213,0.1,0.1,39.9,46,29.4,0,16796,0,0
4/11/2009 11:30,213,0.1,0.1,39.9,46,29.4,0,16796,0,0
4/11/2009 11:40,213,0.1,0.1,39.9,47,29.4,0,16796,0,0
4/11/2009 11:50,213,0.1,0.1,40.1,45,29.4,0,16796,0,0
4/11/2009 12:00,213,0.1,0.1,40.2,44,29.4,0,16796,0,0
4/11/2009 12:10,213,0.1,0.1,40.8,45,29.4,0,16796,0,0
4/11/2009 12:20,213,0.1,0.1,40.6,44,29.4,0,16796,0,0
4/11/2009 12:30,213,0.1,0.1,40.2,44,29.4,0,16796,0,0
4/11/2009 12:40,213,0.1,0.1,40.8,41,29.4,0,16796,0,0
4/11/2009 12:50,213,0.1,0.1,40.4,41,29.4,0,16796,0,0
4/11/2009 13:00,213,0.1,0.1,41.1,42,29.4,0,16796,0,0
4/11/2009 13:10,213,0.1,0.1,41.1,38,29.4,0,16796,0,0
4/11/2009 13:20,213,0.1,0.1,41.7,40,29.4,0,16796,0,0
4/11/2009 13:30,213,0.1,0.1,41.5,38,29.4,0,16796,0,0
4/11/2009 13:40,213,0.1,0.1,42,36,29.4,0,16796,0,0
4/11/2009 13:50,213,0.1,0.1,41.9,35,29.4,0,16796,0,0
4/11/2009 14:00,213,0.1,0.1,41.9,37,29.4,0,16796,0,0
4/11/2009 14:10,213,0.1,0.1,42.2,35,29.4,0,16796,0,0
4/11/2009 14:20,213,0.1,0.1,42.4,34,29.4,0,16796,0,0
4/11/2009 14:30,213,0.1,0.1,42.4,36,29.4,0,16796,0,0
4/11/2009 14:40,213,0.1,0.1,42.4,36,29.4,0,16796,0,0
4/11/2009 14:50,213,0.1,0.1,42.2,38,29.4,0,16796,0,0
4/11/2009 15:00,213,0.1,0.1,41.1,49,29.4,0,16796,0,0
4/11/2009 15:10,213,0.1,0.1,39.7,55,29.4,0,16796,0,0
4/11/2009 15:20,213,0.1,0.1,39,60,29.4,0,16796,0,0
4/11/2009 15:30,213,0.1,0.1,39,62,29.4,0,16796,0,0
4/11/2009 15:40,213,0.1,0.1,38.3,62,29.4,0,16796,0,0
4/11/2009 15:50,213,0.1,0.1,38.4,60,29.4,0,16796,0,0
4/11/2009 16:00,213,0.1,0.1,38.8,61,29.4,0,16796,0,0
4/11/2009 16:10,213,0.1,0.1,38.4,62,29.4,0,16796,0,0
4/11/2009 16:20,213,0.1,0.1,38.4,65,29.4,0,16796,0,0
4/11/2009 16:30,213,0.1,0.1,38.3,68,29.4,0,16796,0,0
4/11/2009 16:40,213,0.1,0.1,38.1,72,29.4,0,16796,0,0
4/11/2009 16:50,213,0.1,0.1,37.9,72,29.4,0,16796,0,0
4/11/2009 17:00,213,0.1,0.1,37.7,74,29.4,0,16796,0,0
4/11/2009 17:10,213,0.1,0.1,37.4,74,29.4,0,16796,0,0
4/11/2009 17:20,213,0.1,0.1,37.5,72,29.4,0,16796,0,0
4/11/2009 17:30,213,0.1,0.1,37.5,74,29.4,0,16796,0,0
4/11/2009 17:40,213,0.1,0.1,37.7,74,29.4,0,16796,0,0
4/11/2009 17:50,213,0.1,0.1,37.5,75,29.4,0,16796,0,0
4/11/2009 18:00,213,0.1,0.1,37.5,75,29.4,0,16796,0,0
4/11/2009 18:10,213,0.1,0.1,37.5,75,29.4,0,16796,0,0
4/11/2009 18:20,213,0.1,0.1,37.5,74,29.4,0,16796,0,0
4/11/2009 18:30,213,0.1,0.1,37.5,74,29.4,0,16796,0,0
4/11/2009 18:40,213,0.1,0.1,37.4,75,29.4,0,16796,0,0
4/11/2009 18:50,213,0.1,0.1,37.4,76,29.4,0,16796,0,0
4/11/2009 19:00,213,0.1,0.1,37.5,72,29.4,0,16796,0,0
4/11/2009 19:10,213,0.1,0.1,37.7,70,29.4,0,16796,0,0
4/11/2009 19:20,213,0.1,0.1,37.9,68,29.4,0,16796,0,0
4/11/2009 19:30,213,0.1,0.1,37.7,73,29.4,0,16796,0,0
4/11/2009 19:40,213,0.1,0.1,37.5,75,29.4,0,16796,0,0
4/11/2009 19:50,213,0.1,0.1,37.4,76,29.4,0,16796,0,0
4/11/2009 20:00,213,0.1,0.1,37.2,74,29.4,0,16796,0,0
4/11/2009 20:10,213,0.1,0.1,37,60,29.4,0,16796,0,0
4/11/2009 20:20,213,0.1,0.1,37,57,29.4,0,16796,0,0
4/11/2009 20:30,213,0.1,0.1,37,53,29.4,0,16796,0,0
4/11/2009 20:40,213,0.1,0.1,36.8,54,29.4,0,16796,0,0
4/11/2009 20:50,213,0.1,0.1,36.6,52,29.4,0,16796,0,0
4/11/2009 21:00,213,0.1,0.1,36.5,52,29.4,0,16796,0,0
4/11/2009 21:10,213,0.1,0.1,36.3,54,29.4,0,16796,0,0
4/11/2009 21:20,213,0.1,0.1,36.1,54,29.4,0,16796,0,0
4/11/2009 21:30,213,0.1,0.1,35.9,56,29.4,0,16796,0,0
4/11/2009 21:40,213,0.1,0.1,35.7,55,29.4,0,16796,0,0
4/11/2009 21:50,213,0.1,0.1,35.6,54,29.4,0,16796,0,0
4/11/2009 22:00,213,0.1,0.1,35.4,53,29.4,0,16796,0,0
4/11/2009 22:10,213,0.1,0.1,35.4,55,29.4,0,16796,0,0
4/11/2009 22:20,213,0.1,0.1,35.2,54,29.4,0,16796,0,0
4/11/2009 22:30,213,0.1,0.1,35.2,54,29.4,0,16796,0,0
4/11/2009 22:40,213,0.1,0.1,35.2,57,29.4,0,16796,0,0
4/11/2009 22:50,213,0.1,0.1,35,57,29.4,0,16796,0,0
4/11/2009 23:00,213,0.1,0.1,35,56,29.4,0,16796,0,0
4/11/2009 23:10,213,0.1,0.1,35.2,54,29.4,0,16796,0,0
4/11/2009 23:20,213,0.1,0.1,35.2,56,29.4,0,16796,0,0
4/11/2009 23:30,213,0.1,0.1,35,55,29.4,0,16796,0,0
4/11/2009 23:40,213,0.1,0.1,35,57,29.4,0,16796,0,0
4/11/2009 23:50,213,0.1,0.1,35,56,29.4,0,16796,0,0
4/12/2009 0:00,213,0.1,0.1,35,58,29.4,0,16796,0,0
4/12/2009 0:10,213,0.1,0.1,34.8,58,29.4,0,16796,0,0
4/12/2009 0:20,213,0.1,0.1,34.7,58,29.4,0,16796,0,0
4/12/2009 0:30,213,0.1,0.1,34.8,59,29.4,0,16796,0,0
4/12/2009 0:40,213,0.1,0.1,34.7,60,29.5,0,16796,0,0
4/12/2009 0:50,213,0.1,0.1,34.7,63,29.5,0,16796,0,0
4/12/2009 1:00,213,0.1,0.1,34.7,63,29.5,0,16796,0,0
4/12/2009 1:10,213,0.1,0.1,34.5,65,29.5,0,16796,0,0
4/12/2009 1:20,213,0.1,0.1,34.7,64,29.5,0,16796,0,0
4/12/2009 1:30,213,0.1,0.1,34.7,64,29.5,0,16796,0,0
4/12/2009 1:40,213,0.1,0.1,34.5,66,29.5,0,16796,0,0
4/12/2009 1:50,213,0.1,0.1,34.5,65,29.5,0,16796,0,0
4/12/2009 2:00,213,0.1,0.1,34.5,65,29.5,0,16796,0,0
4/12/2009 2:10,213,0.1,0.1,34.3,65,29.5,0,16796,0,0
4/12/2009 2:20,213,0.1,0.1,34.3,65,29.5,0,16796,0,0
4/12/2009 2:30,213,0.1,0.1,34.1,64,29.5,0,16796,0,0
4/12/2009 2:40,213,0.1,0.1,34.1,64,29.5,0,16796,0,0
4/12/2009 2:50,213,0.1,0.1,34.1,62,29.5,0,16796,0,0
4/12/2009 3:00,213,0.1,0.1,34.1,62,29.5,0,16796,0,0
4/12/2009 3:10,213,0.1,0.1,33.9,63,29.5,0,16796,0,0
4/12/2009 3:20,213,0.1,0.1,33.9,63,29.5,0,16796,0,0
4/12/2009 3:30,213,0.1,0.1,33.9,63,29.5,0,16796,0,0
4/12/2009 3:40,213,0.1,0.1,33.8,63,29.5,0,16796,0,0
4/12/2009 3:50,213,0.1,0.1,33.8,63,29.5,0,16796,0,0
4/12/2009 4:00,213,0.1,0.1,33.8,64,29.5,0,16796,0,0
4/12/2009 4:10,213,0.1,0.1,33.9,65,29.5,0,16796,0,0
4/12/2009 4:20,213,0.1,0.1,33.9,65,29.5,0,16796,0,0
4/12/2009 4:30,213,0.1,0.1,33.9,64,29.5,0,16796,0,0
4/12/2009 4:40,213,0.1,0.1,34.1,63,29.5,0,16796,0,0
4/12/2009 4:50,213,0.1,0.1,34.1,63,29.5,0,16796,0,0
4/12/2009 5:00,213,0.1,0.1,34.1,64,29.5,0,16796,0,0
4/12/2009 5:10,213,0.1,0.1,33.9,65,29.5,0,16796,0,0
4/12/2009 5:20,213,0.1,0.1,34.1,64,29.5,0,16796,0,0
4/12/2009 5:30,213,0.1,0.1,34.1,65,29.5,0,16796,0,0
4/12/2009 5:40,213,0.1,0.1,34.3,66,29.5,0,16796,0,0
4/12/2009 5:50,213,0.1,0.1,34.3,66,29.5,0,16796,0,0
4/12/2009 6:00,213,0.1,0.1,34.7,65,29.5,0,16796,0,0
4/12/2009 6:10,213,0.1,0.1,34.3,64,29.5,0,16796,0,0
4/12/2009 6:20,213,0.1,0.1,34.3,63,29.5,0,16796,0,0
4/12/2009 6:30,213,0.1,0.1,34.3,64,29.5,0,16816,0,0
4/12/2009 6:40,213,0.1,0.1,34.5,59,29.5,0,16816,0,0
4/12/2009 6:50,213,0.1,0.1,34.5,58,29.5,0,16816,0,0
4/12/2009 7:00,213,0.1,0.1,35,57,29.5,0,16816,0,0
4/12/2009 7:10,213,0.1,0.1,34.7,59,29.5,0,16816,0,0
4/12/2009 7:20,213,0.1,0.1,34.7,61,29.5,0,16816,0,0
4/12/2009 7:30,213,0.1,0.1,35,58,29.6,0,16816,0,0
4/12/2009 7:40,213,0.1,0.1,34.8,55,29.6,0,16816,0,0
4/12/2009 7:50,213,0.1,0.1,34.8,54,29.6,0,16816,0,0
4/12/2009 8:00,213,0.1,0.1,34.8,54,29.6,0,16816,0,0
4/12/2009 8:10,213,0.1,0.1,34.8,49,29.6,0,16816,0,0
4/12/2009 8:20,213,0.1,0.1,35.2,51,29.6,0,16816,0,0
4/12/2009 8:30,213,0.1,0.1,35.4,52,29.6,0,16816,0,0
4/12/2009 8:40,213,0.1,0.1,35,53,29.6,0,16816,0,0
4/12/2009 8:50,213,0.1,0.1,34.8,55,29.6,0,16816,0,0
4/12/2009 9:00,213,0.1,0.1,36.5,53,29.6,0,16816,0,0
4/12/2009 9:10,213,0.1,0.1,36.1,51,29.6,0,16816,0,0
4/12/2009 9:20,213,0.1,0.1,36.1,51,29.6,0,16816,0,0
4/12/2009 9:30,213,0.1,0.1,35.6,49,29.6,0,16816,0,0
4/12/2009 9:40,213,0.1,0.1,35,48,29.6,0,16816,0,0
4/12/2009 9:50,213,0.1,0.1,35.7,48,29.6,0,16816,0,0
4/12/2009 10:00,213,0.1,0.1,34.7,50,29.6,0,16816,0,0
4/12/2009 10:10,213,0.1,0.1,35.6,42,29.6,0,16816,0,0
4/12/2009 10:20,213,0.1,0.1,35.6,43,29.6,0,16816,0,0
4/12/2009 10:30,213,0.1,0.1,35.4,40,29.6,0,16816,0,0
4/12/2009 10:40,213,0.1,0.1,35.6,44,29.6,0,16816,0,0
4/12/2009 10:50,213,0.1,0.1,35.7,41,29.6,0,16816,0,0
4/12/2009 11:00,213,0.1,0.1,35.9,40,29.6,0,16816,0,0
4/12/2009 11:10,213,0.1,0.1,35.6,40,29.6,0,16816,0,0
4/12/2009 11:20,213,0.1,0.1,36.5,43,29.5,0,16816,0,0
4/12/2009 11:30,213,0.1,0.1,35.9,38,29.5,0,16816,0,0
4/12/2009 11:40,213,0.1,0.1,37.2,40,29.6,0,16816,0,0
4/12/2009 11:50,213,0.1,0.1,36.5,40,29.5,0,16816,0,0
4/12/2009 12:00,213,0.1,0.1,36.3,40,29.5,0,16816,0,0
4/12/2009 12:10,213,0.1,0.1,37,41,29.5,0,16816,0,0
4/12/2009 12:20,213,0.1,0.1,37,41,29.5,0,16816,0,0
4/12/2009 12:30,213,0.1,0.1,37,42,29.5,0,16816,0,0
4/12/2009 12:40,213,0.1,0.1,36.6,43,29.5,0,16816,0,0
4/12/2009 12:50,213,0.1,0.1,36.6,44,29.5,0,16816,0,0
4/12/2009 13:00,213,0.1,0.1,37.2,43,29.5,0,16816,0,0
4/12/2009 13:10,213,0.1,0.1,37,44,29.5,0,16816,0,0
4/12/2009 13:20,213,0.1,0.1,37.4,43,29.5,0,16816,0,0
4/12/2009 13:30,213,0.1,0.1,37.4,43,29.5,0,16816,0,0
4/12/2009 13:40,213,0.1,0.1,37.4,47,29.5,0,16816,0,0
4/12/2009 13:50,213,0.1,0.1,37.4,46,29.5,0,16816,0,0
4/12/2009 14:00,213,0.1,0.1,37.4,48,29.5,0,16816,0,0
4/12/2009 14:10,213,0.1,0.1,37.2,46,29.5,0,16816,0,0
4/12/2009 14:20,213,0.1,0.1,37.5,47,29.5,0,16816,0,0
4/12/2009 14:30,213,0.1,0.1,37.4,49,29.5,0,16816,0,0
4/12/2009 14:40,213,0.1,0.1,37.4,49,29.5,0,16816,0,0
4/12/2009 14:50,213,0.1,0.1,37.5,45,29.5,0,16816,0,0
4/12/2009 15:00,213,0.1,0.1,37.4,46,29.5,0,16816,0,0
4/12/2009 15:10,213,0.1,0.1,37.5,47,29.5,0,16816,0,0
4/12/2009 15:20,213,0.1,0.1,37.7,46,29.5,0,16816,0,0
4/12/2009 15:30,213,0.1,0.1,38.3,45,29.5,0,16816,0,0
4/12/2009 15:40,213,0.1,0.1,38.3,47,29.5,0,16816,0,0
4/12/2009 15:50,213,0.1,0.1,38.3,46,29.5,0,16816,0,0
4/12/2009 16:00,213,0.1,0.1,37.7,45,29.5,0,16816,0,0
4/12/2009 16:10,213,0.1,0.1,37.9,50,29.5,0,16816,0,0
4/12/2009 16:20,213,0.1,0.1,37.7,48,29.5,0,16816,0,0
4/12/2009 16:30,213,0.1,0.1,37.7,49,29.5,0,16816,0,0
4/12/2009 16:40,213,0.1,0.1,37.4,49,29.5,0,16816,0,0
4/12/2009 16:50,213,0.1,0.1,37.2,51,29.5,0,16816,0,0
4/12/2009 17:00,213,0.1,0.1,37,51,29.5,0,16816,0,0
4/12/2009 17:10,213,0.1,0.1,37,50,29.5,0,16816,0,0
4/12/2009 17:20,213,0.1,0.1,37,50,29.5,0,16816,0,0
4/12/2009 17:30,213,0.1,0.1,37,49,29.5,0,16816,0,0
4/12/2009 17:40,213,0.1,0.1,36.6,51,29.5,0,16816,0,0
4/12/2009 17:50,213,0.1,0.1,35.9,53,29.5,0,16816,0,0
4/12/2009 18:00,213,0.1,0.1,35.6,55,29.5,0,16816,0,0
4/12/2009 18:10,213,0.1,0.1,35.4,56,29.5,0,16816,0,0
4/12/2009 18:20,213,0.1,0.1,36.3,56,29.5,0,16816,0,0
4/12/2009 18:30,213,0.1,0.1,36.5,56,29.5,0,16816,0,0
4/12/2009 18:40,213,0.1,0.1,36.5,64,29.5,0,16816,0,0
4/12/2009 18:50,213,0.1,0.1,36.3,66,29.5,0,16816,0,0
4/12/2009 19:00,213,0.1,0.1,36.1,68,29.5,0,16816,0,0
4/12/2009 19:10,213,0.1,0.1,35.9,67,29.5,0,16816,0,0
4/12/2009 19:20,213,0.1,0.1,35.7,66,29.5,0,16816,0,0
4/12/2009 19:30,213,0.1,0.1,35.9,61,29.5,0,16816,0,0
4/12/2009 19:40,213,0.1,0.1,35.7,58,29.5,0,16816,0,0
4/12/2009 19:50,213,0.1,0.1,35.6,59,29.5,0,16816,0,0
4/12/2009 20:00,213,0.1,0.1,35.9,64,29.5,0,16816,0,0
4/12/2009 20:10,213,0.1,0.1,36.6,60,29.5,0,16816,0,0
4/12/2009 20:20,213,0.1,0.1,36.3,63,29.5,0,16816,0,0
4/12/2009 20:30,213,0.1,0.1,35.9,62,29.5,0,16816,0,0
4/12/2009 20:40,213,0.1,0.1,35.7,64,29.5,0,16816,0,0
4/12/2009 20:50,213,0.1,0.1,35.7,61,29.5,0,16816,0,0
4/12/2009 21:00,213,0.1,0.1,34.8,59,29.5,0,16816,0,0
4/12/2009 21:10,213,0.1,0.1,35.2,59,29.5,0,16816,0,0
4/12/2009 21:20,213,0.1,0.1,34.1,59,29.5,0,16816,0,0
4/12/2009 21:30,213,0.1,0.1,34.5,58,29.5,0,16816,0,0
4/12/2009 21:40,213,0.1,0.1,33.8,60,29.5,0,16816,0,0
4/12/2009 21:50,213,0.1,0.1,34.1,60,29.5,0,16816,0,0
4/12/2009 22:00,213,0.1,0.1,33.8,61,29.5,0,16816,0,0
4/12/2009 22:10,213,0.1,0.1,33.9,61,29.5,0,16816,0,0
4/12/2009 22:20,213,0.1,0.1,33.4,63,29.5,0,16816,0,0
4/12/2009 22:30,213,0.1,0.1,33,64,29.5,0,16816,0,0
4/12/2009 22:40,213,0.1,0.1,33.2,64,29.5,0,16816,0,0
4/12/2009 22:50,213,0.1,0.1,33.8,64,29.5,0,16816,0,0
4/12/2009 23:00,213,0.1,0.1,33.8,64,29.4,0,16816,0,0
4/12/2009 23:10,213,0.1,0.1,33,65,29.4,0,16816,0,0
4/12/2009 23:20,213,0.1,0.1,33.4,65,29.4,0,16816,0,0
4/12/2009 23:30,213,0.1,0.1,33,66,29.4,0,16816,0,0
4/12/2009 23:40,213,0.1,0.1,33,65,29.4,0,16816,0,0
4/12/2009 23:50,213,0.1,0.1,33.8,65,29.4,0,16816,0,0
4/13/2009 0:00,213,0.1,0.1,33.2,64,29.4,0,16816,0,0
4/13/2009 0:10,213,0.1,0.1,32.7,66,29.4,0,16816,0,0
4/13/2009 0:20,213,0.1,0.1,33.2,61,29.4,0,16816,0,0
4/13/2009 0:30,213,0.1,0.1,33.6,60,29.4,0,16816,0,0
4/13/2009 0:40,213,0.1,0.1,33.2,59,29.4,0,16816,0,0
4/13/2009 0:50,213,0.1,0.1,33.8,55,29.4,0,16816,0,0
4/13/2009 1:00,213,0.1,0.1,32.9,59,29.4,0,16816,0,0
4/13/2009 1:10,213,0.1,0.1,32.3,59,29.4,0,16816,0,0
4/13/2009 1:20,213,0.1,0.1,32,60,29.4,0,16816,0,0
4/13/2009 1:30,213,0.1,0.1,31.7,59,29.4,0,16816,0,0
4/13/2009 1:40,213,0.1,0.1,31.7,58,29.4,0,16816,0,0
4/13/2009 1:50,213,0.1,0.1,32,56,29.4,0,16816,0,0
4/13/2009 2:00,213,0.1,0.1,32,56,29.4,0,16816,0,0
4/13/2009 2:10,213,0.1,0.1,31.5,57,29.4,0,16816,0,0
4/13/2009 2:20,213,0.1,0.1,31.3,58,29.4,0,16816,0,0
4/13/2009 2:30,213,0.1,0.1,31.1,59,29.4,0,16816,0,0
4/13/2009 2:40,213,0.1,0.1,31.1,58,29.4,0,16816,0,0
4/13/2009 2:50,213,0.1,0.1,31.3,58,29.4,0,16816,0,0
4/13/2009 3:00,213,0.1,0.1,31.1,57,29.4,0,16816,0,0
4/13/2009 3:10,213,0.1,0.1,31,58,29.4,0,16816,0,0
4/13/2009 3:20,213,0.1,0.1,31.1,57,29.4,0,16816,0,0
4/13/2009 3:30,213,0.1,0.1,31,58,29.4,0,16816,0,0
4/13/2009 3:40,213,0.1,0.1,31,58,29.4,0,16816,0,0
4/13/2009 3:50,213,0.1,0.1,30.8,58,29.4,0,16816,0,0
4/13/2009 4:00,213,0.1,0.1,31,57,29.4,0,16816,0,0
4/13/2009 4:10,213,0.1,0.1,31.1,57,29.4,0,16816,0,0
4/13/2009 4:20,213,0.1,0.1,31.1,58,29.4,0,16816,0,0
4/13/2009 4:30,213,0.1,0.1,31.5,57,29.4,0,16816,0,0
4/13/2009 4:40,213,0.1,0.1,32,56,29.4,0,16816,0,0
4/13/2009 4:50,213,0.1,0.1,32.3,54,29.4,0,16816,0,0
4/13/2009 5:00,213,0.1,0.1,33.4,52,29.4,0,16816,0,0
4/13/2009 5:10,213,0.1,0.1,33.6,49,29.4,0,16816,0,0
4/13/2009 5:20,213,0.1,0.1,33.8,49,29.4,0,16816,0,0
4/13/2009 5:30,213,0.1,0.1,34.1,50,29.4,0,16816,0,0
4/13/2009 5:40,213,0.1,0.1,35,48,29.4,0,16816,0,0
4/13/2009 5:50,213,0.1,0.1,35.6,46,29.4,0,16816,0,0
4/13/2009 6:00,213,0.1,0.1,36.3,46,29.4,0,16816,0,0
4/13/2009 6:10,213,0.1,0.1,36.8,47,29.4,0,16816,0,0
4/13/2009 6:20,213,0.1,0.1,37,50,29.4,0,16816,0,0
4/13/2009 6:30,213,0.1,0.1,37.4,53,29.4,0,16816,0,0
4/13/2009 6:40,213,0.1,0.1,37.4,53,29.4,0,16816,0,0
4/13/2009 6:50,213,0.1,0.1,37.7,55,29.3,0,16816,0,0
4/13/2009 7:00,213,0.1,0.1,37.9,56,29.3,0,16816,0,0
4/13/2009 7:10,213,0.1,0.1,37.9,58,29.3,0,16816,0,0
4/13/2009 7:20,213,0.1,0.1,38.1,60,29.3,0,16816,0,0
4/13/2009 7:30,213,0.1,0.1,38.1,59,29.3,0,16816,0,0
4/13/2009 7:40,213,0.1,0.1,38.3,61,29.3,0,16816,0,0
4/13/2009 7:50,213,0.1,0.1,38.3,63,29.3,0,16816,0,0
4/13/2009 8:00,213,0.1,0.1,38.1,64,29.3,0,16816,0,0
4/13/2009 8:10,213,0.1,0.1,37.9,65,29.3,0,16816,0,0
4/13/2009 8:20,213,0.1,0.1,38.3,64,29.3,0,16816,0,0
4/13/2009 8:30,213,0.1,0.1,38.3,65,29.3,0,16816,0,0
4/13/2009 8:40,213,0.1,0.1,38.6,66,29.3,0,16816,0,0
4/13/2009 8:50,213,0.1,0.1,39,65,29.3,0,16816,0,0
4/13/2009 9:00,213,0.1,0.1,38.8,66,29.3,0,16816,0,0
4/13/2009 9:10,213,0.1,0.1,38.6,65,29.3,0,16816,0,0
4/13/2009 9:20,213,0.1,0.1,39,66,29.3,0,16816,0,0
4/13/2009 9:30,213,0.1,0.1,38.8,64,29.3,0,16816,0,0
4/13/2009 9:40,213,0.1,0.1,39.2,63,29.3,0,16816,0,0
4/13/2009 9:50,213,0.1,0.1,39.7,61,29.3,0,16816,0,0
4/13/2009 10:00,213,0.1,0.1,39.2,62,29.3,0,16816,0,0
4/13/2009 10:10,213,0.1,0.1,39,63,29.3,0,16816,0,0
4/13/2009 10:20,213,0.1,0.1,39.7,64,29.3,0,16816,0,0
4/13/2009 10:30,213,0.1,0.1,39.2,62,29.3,0,16816,0,0
4/13/2009 10:40,213,0.1,0.1,38.6,62,29.2,0,16816,0,0
4/13/2009 10:50,213,0.1,0.1,39.2,61,29.2,0,16816,0,0
4/13/2009 11:00,213,0.1,0.1,38.6,60,29.2,0,16816,0,0
4/13/2009 11:10,213,0.1,0.1,38.4,63,29.2,0,16816,0,0
4/13/2009 11:20,213,0.1,0.1,39,65,29.2,0,16816,0,0
4/13/2009 11:30,213,0.1,0.1,38.1,64,29.2,0,16816,0,0
4/13/2009 11:40,213,0.1,0.1,38.6,64,29.2,0,16816,0,0
4/13/2009 11:50,213,0.1,0.1,38.6,60,29.2,0,16816,0,0
4/13/2009 12:00,213,0.1,0.1,39.3,60,29.2,0,16816,0,0
4/13/2009 12:10,213,0.1,0.1,39.7,56,29.2,0,16816,0,0
4/13/2009 12:20,213,0.1,0.1,40.2,55,29.2,0,16816,0,0
4/13/2009 12:30,213,0.1,0.1,40.6,58,29.2,0,16816,0,0
4/13/2009 12:40,213,0.1,0.1,40.8,57,29.2,0,16816,0,0
4/13/2009 12:50,213,0.1,0.1,41,54,29.2,0,16816,0,0
4/13/2009 13:00,213,0.1,0.1,41,54,29.2,0,16816,0,0
4/13/2009 13:10,213,0.1,0.1,41.1,54,29.2,0,16816,0,0
4/13/2009 13:20,213,0.1,0.1,41.7,53,29.2,0,16816,0,0
4/13/2009 13:30,213,0.1,0.1,41.7,53,29.2,0,16816,0,0
4/13/2009 13:40,213,0.1,0.1,41.9,51,29.1,0,16816,0,0
4/13/2009 13:50,213,0.1,0.1,42,50,29.1,0,16816,0,0
4/13/2009 14:00,213,0.1,0.1,42.2,51,29.1,0,16816,0,0
4/13/2009 14:10,213,0.1,0.1,42.6,49,29.1,0,16816,0,0
4/13/2009 14:20,213,0.1,0.1,42.8,49,29.1,0,16816,0,0
4/13/2009 14:30,213,0.1,0.1,42.8,50,29.1,0,16816,0,0
4/13/2009 14:40,213,0.1,0.1,43.1,50,29.1,0,16816,0,0
4/13/2009 14:50,213,0.1,0.1,43.1,51,29.1,0,16816,0,0
4/13/2009 15:00,213,0.1,0.1,42.8,54,29.1,0,16816,0,0
4/13/2009 15:10,213,0.1,0.1,43.1,52,29.1,0,16816,0,0
4/13/2009 15:20,213,0.1,0.1,43.1,51,29.1,0,16816,0,0
4/13/2009 15:30,213,0.1,0.1,43.1,51,29.1,0,16816,0,0
4/13/2009 15:40,213,0.1,0.1,43.3,52,29.1,0,16816,0,0
4/13/2009 15:50,213,0.1,0.1,43.3,53,29.1,0,16816,0,0
4/13/2009 16:00,213,0.1,0.1,43.5,53,29.1,0,16816,0,0
4/13/2009 16:10,213,0.1,0.1,43.7,52,29.1,0,16816,0,0
4/13/2009 16:20,213,0.1,0.1,43.7,53,29.1,0,16816,0,0
4/13/2009 16:30,213,0.1,0.1,43.8,54,29.1,0,16816,0,0
4/13/2009 16:40,213,0.1,0.1,43.8,57,29.2,0,16816,0,0
4/13/2009 16:50,213,0.1,0.1,43.7,57,29.2,0,16816,0,0
4/13/2009 17:00,213,0.1,0.1,43.7,57,29.1,0,16816,0,0
4/13/2009 17:10,213,0.1,0.1,43.3,57,29.2,0,16816,0,0
4/13/2009 17:20,213,0.1,0.1,43.8,54,29.1,0,16816,0,0
4/13/2009 17:30,213,0.1,0.1,43.5,55,29.1,0,16816,0,0
4/13/2009 17:40,213,0.1,0.1,42.8,61,29.1,0,16816,0,0
4/13/2009 17:50,213,0.1,0.1,42.2,65,29.1,0,16816,0,0
4/13/2009 18:00,213,0.1,0.1,41.9,67,29.1,0,16816,0,0
4/13/2009 18:10,213,0.1,0.1,42,69,29.1,0,16816,0,0
4/13/2009 18:20,213,0.1,0.1,42.2,67,29.1,0,16816,0,0
4/13/2009 18:30,213,0.1,0.1,42.4,67,29.1,0,16816,0,0
4/13/2009 18:40,213,0.1,0.1,42.2,68,29.1,0,16816,0,0
4/13/2009 18:50,213,0.1,0.1,42.2,71,29.1,0,16816,0,0
4/13/2009 19:00,213,0.1,0.1,42.2,70,29.1,0,16816,0,0
4/13/2009 19:10,213,0.1,0.1,42.2,70,29.1,0,16816,0,0
4/13/2009 19:20,213,0.1,0.1,42.2,70,29.1,0,16816,0,0
4/13/2009 19:30,213,0.1,0.1,42.4,68,29.1,0,16816,0,0
4/13/2009 19:40,213,0.1,0.1,42.4,67,29.1,0,16816,0,0
4/13/2009 19:50,213,0.1,0.1,42.6,67,29.1,0,16816,0,0
4/13/2009 20:00,213,0.1,0.1,42.9,67,29.1,0,16816,0,0
4/13/2009 20:10,213,0.1,0.1,43.1,66,29.1,0,16816,0,0
4/13/2009 20:20,213,0.1,0.1,42.9,72,29.1,0,16816,0,0
4/13/2009 20:30,213,0.1,0.1,42.4,77,29.1,0,16816,0,0
4/13/2009 20:40,213,0.1,0.1,42.9,70,29.1,0,16816,0,0
4/13/2009 20:50,213,0.1,0.1,43.3,69,29.1,0,16816,0,0
4/13/2009 21:00,213,0.1,0.1,46,52,29.1,0,16816,0,0
4/13/2009 21:10,213,0.1,0.1,46.9,44,29.1,0,16816,0,0
4/13/2009 21:20,213,0.1,0.1,48.2,37,29.1,0,16816,0,0
4/13/2009 21:30,213,0.1,0.1,49.1,32,29.1,0,16816,0,0
4/13/2009 21:40,213,0.1,0.1,49.1,34,29.1,0,16816,0,0
4/13/2009 21:50,213,0.1,0.1,50.3,26,29.1,0,16816,0,0
4/13/2009 22:00,213,0.1,0.1,50.7,25,29.1,0,16816,0,0
4/13/2009 22:10,213,0.1,0.1,50.5,25,29.1,0,16816,0,0
4/13/2009 22:20,213,0.1,0.1,50.7,25,29.1,0,16816,0,0
4/13/2009 22:30,213,0.1,0.1,50.7,26,29.1,0,16816,0,0
4/13/2009 22:40,213,0.1,0.1,50.7,27,29.1,0,16826,0,0
4/13/2009 22:50,213,0.1,0.1,50.5,28,29.1,0,16916,0,0
4/13/2009 23:00,213,0.1,0.1,50,31,29.1,0,16956,0,0
4/13/2009 23:10,213,0.1,0.1,49.6,33,29.1,0,16976,0,0
4/13/2009 23:20,213,0.1,0.1,49.2,34,29.1,0,16976,0,0
4/13/2009 23:30,213,0.1,0.1,49.2,34,29.1,0,16976,0,0
4/13/2009 23:40,213,0.1,0.1,48.2,39,29.1,0,16976,0,0
4/13/2009 23:50,213,0.1,0.1,46.9,55,29.1,0,16976,0,0
4/14/2009 0:00,213,0.1,0.1,43.7,68,29.1,0,16976,0,0
4/14/2009 0:10,213,0.1,0.1,42.4,73,29,0,16976,0,0
4/14/2009 0:20,213,0.1,0.1,42.4,73,29,0,16976,0,0
4/14/2009 0:30,213,0.1,0.1,42.9,71,29,0,16976,0,0
4/14/2009 0:40,213,0.1,0.1,43.5,69,29,0,16976,0,0
4/14/2009 0:50,213,0.1,0.1,43.7,68,29.1,0,16976,0,0
4/14/2009 1:00,213,0.1,0.1,44.2,62,29.1,0,17036,0,0
4/14/2009 1:10,213,0.1,0.1,45.1,54,29,0,17126,0,0
4/14/2009 1:20,213,0.1,0.1,43.3,70,29,0,17226,0.01,0.01
4/14/2009 1:30,213,0.1,0.1,42.6,73,29,0,17736,0.01,0.01
4/14/2009 1:40,213,0.1,0.1,42,77,29,0,18036,0,0
4/14/2009 1:50,213,0.1,0.1,41.3,78,29,0,18046,0,0
4/14/2009 2:00,213,0.1,0.1,41.1,77,29,0,18046,0,0
4/14/2009 2:10,213,0.1,0.1,41.5,75,29,0,18046,0,0
4/14/2009 2:20,213,0.1,0.1,41.9,72,29,0,18046,0,0
4/14/2009 2:30,213,0.1,0.1,42,71,29,0,18046,0,0
4/14/2009 2:40,213,0.1,0.1,42.4,69,29,0,18046,0,0
4/14/2009 2:50,213,0.1,0.1,42.8,70,29,0,18046,0,0
4/14/2009 3:00,213,0.1,0.1,42.9,70,29,0,18046,0,0
4/14/2009 3:10,213,0.1,0.1,43.1,69,29,0,18046,0,0
4/14/2009 3:20,213,0.1,0.1,43.1,68,29,0,18046,0,0
4/14/2009 3:30,213,0.1,0.1,43.1,68,29,0,18046,0,0
4/14/2009 3:40,213,0.1,0.1,42.8,71,29,0,18046,0,0
4/14/2009 3:50,213,0.1,0.1,42.6,71,29,0,18056,0,0
4/14/2009 4:00,213,0.1,0.1,42.4,71,29,0,18066,0,0
4/14/2009 4:10,213,0.1,0.1,42.6,71,29,0,18376,0,0
4/14/2009 4:20,213,0.1,0.1,41.9,73,29,0,18396,0,0
4/14/2009 4:30,213,0.1,0.1,41.7,72,29,0,18396,0,0
4/14/2009 4:40,213,0.1,0.1,42.2,70,29,0,18396,0,0
4/14/2009 4:50,213,0.1,0.1,42.2,69,29,0,18396,0,0
4/14/2009 5:00,213,0.1,0.1,42.8,67,29,0,18396,0,0
4/14/2009 5:10,213,0.1,0.1,43.1,65,29,0,18396,0,0
4/14/2009 5:20,213,0.1,0.1,42.9,67,29,0,18396,0,0
4/14/2009 5:30,213,0.1,0.1,42.9,68,29,0,18396,0,0
4/14/2009 5:40,213,0.1,0.1,42.6,72,29,0,18396,0,0
4/14/2009 5:50,213,0.1,0.1,42.4,73,29,0,18396,0,0
4/14/2009 6:00,213,0.1,0.1,42.4,73,29,0,18396,0,0
4/14/2009 6:10,213,0.1,0.1,42.4,73,29,0,18396,0,0
4/14/2009 6:20,213,0.1,0.1,42,73,29,0,18396,0,0
4/14/2009 6:30,213,0.1,0.1,41.9,74,29,0,18396,0,0
4/14/2009 6:40,213,0.1,0.1,41.7,74,29,0,18536,0,0
4/14/2009 6:50,213,0.1,0.1,41.7,75,29,0,18536,0,0
4/14/2009 7:00,213,0.1,0.1,41.9,72,29,0,18536,0,0
4/14/2009 7:10,213,0.1,0.1,41.9,72,29,0,18536,0,0
4/14/2009 7:20,213,0.1,0.1,42.4,72,29,0,18536,0,0
4/14/2009 7:30,213,0.1,0.1,42.4,72,29,0,18536,0,0
4/14/2009 7:40,213,0.1,0.1,42.2,72,29,0,18536,0,0
4/14/2009 7:50,213,0.1,0.1,42,73,29,0,18536,0,0
4/14/2009 8:00,213,0.1,0.1,42.4,74,29,0,18536,0,0
4/14/2009 8:10,213,0.1,0.1,42,73,29,0,18536,0,0
4/14/2009 8:20,213,0.1,0.1,41.9,73,29,0,18536,0,0
4/14/2009 8:30,213,0.1,0.1,41.7,75,29,0,18536,0,0
4/14/2009 8:40,213,0.1,0.1,42.4,74,29,0,18536,0,0
4/14/2009 8:50,213,0.1,0.1,42.8,73,29,0,18536,0,0
4/14/2009 9:00,213,0.1,0.1,43.1,72,29,0,18536,0,0
4/14/2009 9:10,213,0.1,0.1,43.3,70,29,0,18536,0,0
4/14/2009 9:20,213,0.1,0.1,43.3,71,29,0,18536,0,0
4/14/2009 9:30,213,0.1,0.1,43.7,69,29,0,18536,0,0
4/14/2009 9:40,213,0.1,0.1,43.3,71,29,0,18536,0,0
4/14/2009 9:50,213,0.1,0.1,43.8,69,29,0,18536,0,0
4/14/2009 10:00,213,0.1,0.1,44.4,69,29,0,18536,0,0
4/14/2009 10:10,213,0.1,0.1,44.9,67,29,0,18536,0,0
4/14/2009 10:20,213,0.1,0.1,45.6,65,29,0,18536,0,0
4/14/2009 10:30,213,0.1,0.1,45.6,65,29,0,18536,0,0
4/14/2009 10:40,213,0.1,0.1,45.3,67,29,0,18536,0,0
4/14/2009 10:50,213,0.1,0.1,46.2,65,29,0,18536,0,0
4/14/2009 11:00,213,0.1,0.1,46.5,64,29,0,18536,0,0
4/14/2009 11:10,213,0.1,0.1,46.9,63,29,0,18536,0,0
4/14/2009 11:20,213,0.1,0.1,46.4,65,29,0,18536,0,0
4/14/2009 11:30,213,0.1,0.1,45.5,67,29,0,18536,0,0
4/14/2009 11:40,213,0.1,0.1,45.1,70,29,0,18536,0,0
4/14/2009 11:50,213,0.1,0.1,45.6,68,29,0,18536,0,0
4/14/2009 12:00,213,0.1,0.1,46,66,29,0,18536,0,0
4/14/2009 12:10,213,0.1,0.1,46.5,63,29,0,18536,0,0
4/14/2009 12:20,213,0.1,0.1,46.9,62,29,0,18536,0,0
4/14/2009 12:30,213,0.1,0.1,47.4,60,29,0,18536,0,0
4/14/2009 12:40,213,0.1,0.1,48,58,29,0,18536,0,0
4/14/2009 12:50,213,0.1,0.1,47.8,59,29,0,18536,0,0
4/14/2009 13:00,213,0.1,0.1,47.6,59,29,0,18536,0,0
4/14/2009 13:10,213,0.1,0.1,47.3,61,29,0,18536,0,0
4/14/2009 13:20,213,0.1,0.1,46.5,63,29,0,18536,0,0
4/14/2009 13:30,213,0.1,0.1,46.5,64,29,0,18536,0,0
4/14/2009 13:40,213,0.1,0.1,47.1,63,29,0,18536,0,0
4/14/2009 13:50,213,0.1,0.1,47.3,63,29,0,18536,0,0
4/14/2009 14:00,213,0.1,0.1,48.2,61,29,0,18536,0,0
4/14/2009 14:10,213,0.1,0.1,48.5,61,29,0,18536,0,0
4/14/2009 14:20,213,0.1,0.1,49.6,58,29,0,18536,0,0
4/14/2009 14:30,213,0.1,0.1,49.1,59,29,0,18536,0,0
4/14/2009 14:40,213,0.1,0.1,48.5,60,29,0,18536,0,0
4/14/2009 14:50,213,0.1,0.1,46.5,66,29,0,18536,0,0
4/14/2009 15:00,213,0.1,0.1,45.5,68,29,0,18546,0,0
4/14/2009 15:10,213,0.1,0.1,44.7,70,29,0,18606,0,0
4/14/2009 15:20,213,0.1,0.1,44,71,29,0,18656,0,0
4/14/2009 15:30,213,0.1,0.1,43.5,71,29,0,18656,0,0
4/14/2009 15:40,213,0.1,0.1,43.1,72,29,0,18656,0,0
4/14/2009 15:50,213,0.1,0.1,42.9,75,29,0,18666,0,0
4/14/2009 16:00,213,0.1,0.1,42.6,78,29,0,18726,0,0
4/14/2009 16:10,213,0.1,0.1,42.6,80,29,0,18826,0,0
4/14/2009 16:20,213,0.1,0.1,42.4,82,29,0,18866,0,0
4/14/2009 16:30,213,0.1,0.1,42,83,29,0,18866,0,0
4/14/2009 16:40,213,0.1,0.1,42.2,84,29,0,18866,0,0
4/14/2009 16:50,213,0.1,0.1,42.2,85,29,0,18866,0,0
4/14/2009 17:00,213,0.1,0.1,42.4,86,29,0,18866,0,0
4/14/2009 17:10,213,0.1,0.1,42.4,86,29,0,18866,0,0
4/14/2009 17:20,213,0.1,0.1,42,86,29,0,18976,0,0
4/14/2009 17:30,213,0.1,0.1,41.9,86,29,0,19006,0,0
4/14/2009 17:40,213,0.1,0.1,41.9,86,29,0,19086,0,0
4/14/2009 17:50,213,0.1,0.1,42,86,29,0,19116,0,0
4/14/2009 18:00,213,0.1,0.1,42.2,87,29,0,19156,0,0
4/14/2009 18:10,213,0.1,0.1,42.6,88,29,0,19226,0,0
4/14/2009 18:20,213,0.1,0.1,42.9,89,29,0,19286,0,0
4/14/2009 18:30,213,0.1,0.1,44,89,29,0,19456,0,0
4/14/2009 18:40,213,0.1,0.1,45.6,88,29,0,19686,0,0
4/14/2009 18:50,213,0.1,0.1,46.4,86,29,0,19736,0,0
4/14/2009 19:00,213,0.1,0.1,46.4,86,29.1,0,19736,0,0
4/14/2009 19:10,213,0.1,0.1,46.5,86,29.1,0,19736,0,0
4/14/2009 19:20,213,0.1,0.1,48,84,29.1,0,19736,0,0
4/14/2009 19:30,213,0.1,0.1,48,83,29.1,0,19736,0,0
4/14/2009 19:40,213,0.1,0.1,48.3,82,29.1,0,19736,0,0
4/14/2009 19:50,213,0.1,0.1,48.7,81,29.1,0,19736,0,0
4/14/2009 20:00,213,0.1,0.1,48.7,82,29.1,0,19736,0,0
4/14/2009 20:10,213,0.1,0.1,48.2,84,29.1,0,19736,0,0
4/14/2009 20:20,213,0.1,0.1,47.4,84,29.1,0,19736,0,0
4/14/2009 20:30,213,0.1,0.1,47.8,84,29.1,0,19736,0,0
4/14/2009 20:40,213,0.1,0.1,48,82,29.1,0,19736,0,0
4/14/2009 20:50,213,0.1,0.1,46.5,84,29.1,0,19736,0,0
4/14/2009 21:00,213,0.1,0.1,46.7,83,29.1,0,19736,0,0
4/14/2009 21:10,213,0.1,0.1,46.7,82,29.1,0,19736,0,0
4/14/2009 21:20,213,0.1,0.1,45.8,83,29.1,0,19796,0,0
4/14/2009 21:30,213,0.1,0.1,44.9,85,29.1,0,19796,0,0
4/14/2009 21:40,213,0.1,0.1,42.8,85,29.1,0,19796,0,0
4/14/2009 21:50,213,0.1,0.1,42.9,85,29.1,0,19796,0,0
4/14/2009 22:00,213,0.1,0.1,42.8,84,29.1,0,19796,0,0
4/14/2009 22:10,213,0.1,0.1,42.2,84,29.1,0,19796,0,0
4/14/2009 22:20,213,0.1,0.1,42.2,85,29.1,0,19796,0,0
4/14/2009 22:30,213,0.1,0.1,42.2,83,29.1,0,19796,0,0
4/14/2009 22:40,213,0.1,0.1,42.2,82,29.1,0,19796,0,0
4/14/2009 22:50,213,0.1,0.1,42,83,29.1,0,19816,0,0
4/14/2009 23:00,213,0.1,0.1,41.9,85,29.1,0,20276,0,0
4/14/2009 23:10,213,0.1,0.1,41.7,86,29.1,0,20756,0.04,0.04
4/14/2009 23:20,213,0.1,0.1,41.5,88,29.1,0,21286,0,0
4/14/2009 23:30,213,0.1,0.1,41.5,88,29.1,0,21776,0.05,0.05
4/14/2009 23:40,213,0.1,0.1,41.3,88,29.1,0,22326,0.04,0.04
4/14/2009 23:50,213,0.1,0.1,41.3,88,29.1,0,22906,0.04,0.04
4/15/2009 0:00,213,0.1,0.1,41.1,88,29.1,0,23516,0.08,0.08
4/15/2009 0:10,213,0.1,0.1,40.8,88,29.1,0,24116,0.04,0.04
4/15/2009 0:20,213,0.1,0.1,40.6,88,29.1,0,24666,0.02,0.02
4/15/2009 0:30,213,0.1,0.1,40.8,88,29.1,0,25176,0.01,0.01
4/15/2009 0:40,213,0.1,0.1,40.8,88,29.1,0,25676,0.05,0.05
4/15/2009 0:50,213,0.1,0.1,40.6,86,29.1,0,26276,0.03,0.03
4/15/2009 1:00,213,0.1,0.1,40.4,86,29.1,0,26796,0.02,0.02
4/15/2009 1:10,213,0.1,0.1,40.4,86,29.1,0,27316,0.02,0.02
4/15/2009 1:20,213,0.1,0.1,40.1,86,29.1,0,27876,0.05,0.05
4/15/2009 1:30,213,0.1,0.1,39.7,86,29.1,0,28466,0.05,0.05
4/15/2009 1:40,213,0.1,0.1,39.5,87,29.1,0,29046,0.03,0.03
4/15/2009 1:50,213,0.1,0.1,39.3,87,29.1,0,29646,0.07,0.07
4/15/2009 2:00,213,0.1,0.1,39.2,88,29.1,0,30216,0.02,0.02
4/15/2009 2:10,213,0.1,0.1,39.2,89,29.1,0,30796,0.02,0.02
4/15/2009 2:20,213,0.1,0.1,39.3,89,29.1,0,31376,0.06,0.06
4/15/2009 2:30,213,0.1,0.1,39.2,89,29.1,0,31976,0.02,0.02
4/15/2009 2:40,213,0.1,0.1,39.2,90,29.1,0,32546,0.07,0.07
4/15/2009 2:50,213,0.1,0.1,39.2,90,29.1,0,33116,0.04,0.04
4/15/2009 3:00,213,0.1,0.1,39.2,91,29.1,0,33716,0.12,0.12
4/15/2009 3:10,213,0.1,0.1,39.3,91,29.1,0,34316,0.05,0.05
4/15/2009 3:20,213,0.1,0.1,39.3,92,29.1,0,34916,0.12,0.12
4/15/2009 3:30,213,0.1,0.1,39.3,92,29.1,0,35516,0.13,0.13
4/15/2009 3:40,213,0.1,0.1,39.3,93,29.1,0,36116,0.16,0.16
4/15/2009 3:50,213,0.1,0.1,39.2,93,29.1,0,36706,0.07,0.07
4/15/2009 4:00,213,0.1,0.1,39.2,93,29.1,0,37296,0.05,0.05
4/15/2009 4:10,213,0.1,0.1,38.6,92,29.1,0,37856,0.08,0.08
4/15/2009 4:20,213,0.1,0.1,38.4,91,29.1,0,38426,0.09,0.09
4/15/2009 4:30,213,0.1,0.1,38.6,91,29.2,0,39026,0.07,0.07
4/15/2009 4:40,213,0.1,0.1,38.6,90,29.2,0,39586,0.07,0.07
4/15/2009 4:50,213,0.1,0.1,38.4,90,29.2,0,40186,0.05,0.05
4/15/2009 5:00,213,0.1,0.1,38.6,90,29.2,0,40786,0.11,0.11
4/15/2009 5:10,213,0.1,0.1,38.6,90,29.2,0,41386,0.03,0.03
4/15/2009 5:20,213,0.1,0.1,38.6,90,29.2,0,41966,0.04,0.04
4/15/2009 5:30,213,0.1,0.1,38.4,90,29.2,0,42556,0.04,0.04
4/15/2009 5:40,213,0.1,0.1,38.4,89,29.2,0,43156,0.07,0.07
4/15/2009 5:50,213,0.1,0.1,38.6,89,29.2,0,43736,0.02,0.02
4/15/2009 6:00,213,0.1,0.1,38.8,89,29.2,0,44166,0.01,0.01
4/15/2009 6:10,213,0.1,0.1,38.8,89,29.2,0,44746,0.05,0.05
4/15/2009 6:20,213,0.1,0.1,39,89,29.2,0,45336,0.01,0.01
4/15/2009 6:30,213,0.1,0.1,39.2,89,29.2,0,45816,0.01,0.01
4/15/2009 6:40,213,0.1,0.1,39.2,89,29.2,0,46396,0.05,0.05
4/15/2009 6:50,213,0.1,0.1,39.3,89,29.2,0,46946,0.06,0.06
4/15/2009 7:00,213,0.1,0.1,39.3,88,29.2,0,47546,0.05,0.05
4/15/2009 7:10,213,0.1,0.1,39.2,88,29.2,0,48116,0.04,0.04
4/15/2009 7:20,213,0.1,0.1,39.2,87,29.2,0,48456,0,0
4/15/2009 7:30,213,0.1,0.1,39.3,87,29.2,0,48556,0,0
4/15/2009 7:40,213,0.1,0.1,39.9,87,29.2,0,48606,0,0
4/15/2009 7:50,213,0.1,0.1,39.9,87,29.2,0,48796,0,0
4/15/2009 8:00,213,0.1,0.1,40.1,85,29.2,0,49126,0,0
4/15/2009 8:10,213,0.1,0.1,40.1,85,29.2,0,49346,0.06,0.06
4/15/2009 8:20,213,0.1,0.1,40.1,83,29.2,0,49736,0,0
4/15/2009 8:30,213,0.1,0.1,40.2,82,29.2,0,49936,0,0
4/15/2009 8:40,213,0.1,0.1,40.8,80,29.2,0,50016,0,0
4/15/2009 8:50,213,0.1,0.1,41.1,80,29.2,0,50066,0,0
4/15/2009 9:00,213,0.1,0.1,41.3,78,29.2,0,50076,0,0
4/15/2009 9:10,213,0.1,0.1,41.5,76,29.2,0,50076,0,0
4/15/2009 9:20,213,0.1,0.1,41.5,73,29.2,0,50096,0,0
4/15/2009 9:30,213,0.1,0.1,41.9,72,29.3,0,50166,0,0
4/15/2009 9:40,213,0.1,0.1,42.2,70,29.2,0,50236,0,0
4/15/2009 9:50,213,0.1,0.1,42.8,66,29.2,0,50266,0,0
4/15/2009 10:00,213,0.1,0.1,42.9,67,29.3,0,50286,0,0
4/15/2009 10:10,213,0.1,0.1,43.1,65,29.3,0,50296,0,0
4/15/2009 10:20,213,0.1,0.1,43.5,63,29.3,0,50346,0,0
4/15/2009 10:30,213,0.1,0.1,43.8,63,29.3,0,50346,0,0
4/15/2009 10:40,213,0.1,0.1,44.4,61,29.3,0,50346,0,0
4/15/2009 10:50,213,0.1,0.1,44.9,57,29.3,0,50346,0,0
4/15/2009 11:00,213,0.1,0.1,45.1,58,29.3,0,50346,0,0
4/15/2009 11:10,213,0.1,0.1,44.7,62,29.3,0,50346,0,0
4/15/2009 11:20,213,0.1,0.1,44.7,61,29.3,0,50346,0,0
4/15/2009 11:30,213,0.1,0.1,44.7,62,29.3,0,50346,0,0
4/15/2009 11:40,213,0.1,0.1,45.1,61,29.3,0,50346,0,0
4/15/2009 11:50,213,0.1,0.1,45.3,61,29.3,0,50346,0,0
4/15/2009 12:00,213,0.1,0.1,44.9,60,29.3,0,50346,0,0
4/15/2009 12:10,213,0.1,0.1,45.3,59,29.3,0,50346,0,0
4/15/2009 12:20,213,0.1,0.1,46.5,53,29.3,0,50346,0,0
4/15/2009 12:30,213,0.1,0.1,46.7,53,29.3,0,50346,0,0
4/15/2009 12:40,213,0.1,0.1,47.8,47,29.3,0,50346,0,0
4/15/2009 12:50,213,0.1,0.1,48.7,47,29.3,0,50346,0,0
4/15/2009 13:00,213,0.1,0.1,48,50,29.3,0,50346,0,0
4/15/2009 13:10,213,0.1,0.1,48.7,47,29.3,0,50346,0,0
4/15/2009 13:20,213,0.1,0.1,49.1,47,29.3,0,50346,0,0
4/15/2009 13:30,213,0.1,0.1,48.9,47,29.3,0,50346,0,0
4/15/2009 13:40,213,0.1,0.1,48.5,48,29.3,0,50346,0,0
4/15/2009 13:50,213,0.1,0.1,48.2,49,29.3,0,50346,0,0
4/15/2009 14:00,213,0.1,0.1,48.7,49,29.3,0,50346,0,0
4/15/2009 14:10,213,0.1,0.1,48.7,49,29.3,0,50346,0,0
4/15/2009 14:20,213,0.1,0.1,49.2,48,29.3,0,50346,0,0
4/15/2009 14:30,213,0.1,0.1,49.2,49,29.3,0,50346,0,0
4/15/2009 14:40,213,0.1,0.1,49.4,50,29.3,0,50346,0,0
4/15/2009 14:50,213,0.1,0.1,49.1,51,29.3,0,50346,0,0
4/15/2009 15:00,213,0.1,0.1,48.5,51,29.3,0,50346,0,0
4/15/2009 15:10,213,0.1,0.1,48.5,52,29.3,0,50346,0,0
4/15/2009 15:20,213,0.1,0.1,48.5,50,29.3,0,50346,0,0
4/15/2009 15:30,213,0.1,0.1,48.2,52,29.3,0,50346,0,0
4/15/2009 15:40,213,0.1,0.1,47.8,52,29.3,0,50346,0,0
4/15/2009 15:50,213,0.1,0.1,47.4,53,29.3,0,50346,0,0
4/15/2009 16:00,213,0.1,0.1,47.3,54,29.3,0,50346,0,0
4/15/2009 16:10,213,0.1,0.1,46.7,58,29.3,0,50346,0,0
4/15/2009 16:20,213,0.1,0.1,46,63,29.3,0,50346,0,0
4/15/2009 16:30,213,0.1,0.1,46,56,29.3,0,50346,0,0
4/15/2009 16:40,213,0.1,0.1,46.7,53,29.3,0,50346,0,0
4/15/2009 16:50,213,0.1,0.1,46.9,51,29.3,0,50346,0,0
4/15/2009 17:00,213,0.1,0.1,46.7,50,29.3,0,50346,0,0
4/15/2009 17:10,213,0.1,0.1,46.9,48,29.4,0,50346,0,0
4/15/2009 17:20,213,0.1,0.1,46.9,50,29.4,0,50346,0,0
4/15/2009 17:30,213,0.1,0.1,47.3,48,29.4,0,50346,0,0
4/15/2009 17:40,213,0.1,0.1,47.3,46,29.4,0,50346,0,0
4/15/2009 17:50,213,0.1,0.1,47.1,46,29.4,0,50346,0,0
4/15/2009 18:00,213,0.1,0.1,46.9,45,29.4,0,50346,0,0
4/15/2009 18:10,213,0.1,0.1,46.5,46,29.4,0,50346,0,0
4/15/2009 18:20,213,0.1,0.1,46.7,45,29.4,0,50346,0,0
4/15/2009 18:30,213,0.1,0.1,46.5,46,29.4,0,50346,0,0
4/15/2009 18:40,213,0.1,0.1,46.2,49,29.4,0,50346,0,0
4/15/2009 18:50,213,0.1,0.1,44.9,61,29.4,0,50346,0,0
4/15/2009 19:00,213,0.1,0.1,44.4,59,29.4,0,50346,0,0
4/15/2009 19:10,213,0.1,0.1,44.6,57,29.4,0,50346,0,0
4/15/2009 19:20,213,0.1,0.1,44,59,29.4,0,50346,0,0
4/15/2009 19:30,213,0.1,0.1,43.8,60,29.4,0,50346,0,0
4/15/2009 19:40,213,0.1,0.1,43.8,62,29.4,0,50346,0,0
4/15/2009 19:50,213,0.1,0.1,43.3,65,29.4,0,50346,0,0
4/15/2009 20:00,213,0.1,0.1,43.1,66,29.4,0,50346,0,0
4/15/2009 20:10,213,0.1,0.1,43.1,63,29.4,0,50346,0,0
4/15/2009 20:20,213,0.1,0.1,42.8,65,29.4,0,50346,0,0
4/15/2009 20:30,213,0.1,0.1,42.6,64,29.4,0,50346,0,0
4/15/2009 20:40,213,0.1,0.1,42.4,67,29.4,0,50346,0,0
4/15/2009 20:50,213,0.1,0.1,41.7,74,29.4,0,50346,0,0
4/15/2009 21:00,213,0.1,0.1,41.3,75,29.4,0,50346,0,0
4/15/2009 21:10,213,0.1,0.1,41.7,72,29.4,0,50346,0,0
4/15/2009 21:20,213,0.1,0.1,41,79,29.4,0,50346,0,0
4/15/2009 21:30,213,0.1,0.1,40.1,82,29.4,0,50346,0,0
4/15/2009 21:40,213,0.1,0.1,40.2,78,29.4,0,50346,0,0
4/15/2009 21:50,213,0.1,0.1,40.1,81,29.4,0,50346,0,0
4/15/2009 22:00,213,0.1,0.1,39.9,80,29.4,0,50346,0,0
4/15/2009 22:10,213,0.1,0.1,40.6,72,29.4,0,50346,0,0
4/15/2009 22:20,213,0.1,0.1,40.8,67,29.4,0,50346,0,0
4/15/2009 22:30,213,0.1,0.1,41.1,64,29.4,0,50346,0,0
4/15/2009 22:40,213,0.1,0.1,41.1,61,29.4,0,50346,0,0
4/15/2009 22:50,213,0.1,0.1,41,61,29.4,0,50346,0,0
4/15/2009 23:00,213,0.1,0.1,40.8,62,29.4,0,50346,0,0
4/15/2009 23:10,213,0.1,0.1,41,61,29.4,0,50346,0,0
4/15/2009 23:20,213,0.1,0.1,40.8,61,29.4,0,50346,0,0
4/15/2009 23:30,213,0.1,0.1,40.8,64,29.4,0,50346,0,0
4/15/2009 23:40,213,0.1,0.1,40.6,64,29.4,0,50346,0,0
4/15/2009 23:50,213,0.1,0.1,41,60,29.4,0,50346,0,0
4/16/2009 0:00,213,0.1,0.1,41.3,56,29.4,0,50346,0,0
4/16/2009 0:10,213,0.1,0.1,41.7,56,29.4,0,50346,0,0
4/16/2009 0:20,213,0.1,0.1,41.7,55,29.5,0,50346,0,0
4/16/2009 0:30,213,0.1,0.1,41.1,58,29.5,0,50346,0,0
4/16/2009 0:40,213,0.1,0.1,41.1,56,29.5,0,50346,0,0
4/16/2009 0:50,213,0.1,0.1,40.8,62,29.5,0,50346,0,0
4/16/2009 1:00,213,0.1,0.1,40.8,60,29.5,0,50346,0,0
4/16/2009 1:10,213,0.1,0.1,40.2,62,29.5,0,50346,0,0
4/16/2009 1:20,213,0.1,0.1,40.1,61,29.5,0,50346,0,0
4/16/2009 1:30,213,0.1,0.1,40.2,59,29.5,0,50346,0,0
4/16/2009 1:40,213,0.1,0.1,40.2,64,29.5,0,50346,0,0
4/16/2009 1:50,213,0.1,0.1,40.4,55,29.5,0,50346,0,0
4/16/2009 2:00,213,0.1,0.1,40.1,67,29.5,0,50346,0,0
4/16/2009 2:10,213,0.1,0.1,39.3,69,29.5,0,50346,0,0
4/16/2009 2:20,213,0.1,0.1,39,70,29.5,0,50346,0,0
4/16/2009 2:30,213,0.1,0.1,38.8,72,29.5,0,50346,0,0
4/16/2009 2:40,213,0.1,0.1,38.1,72,29.5,0,50346,0,0
4/16/2009 2:50,213,0.1,0.1,38.4,78,29.5,0,50346,0,0
4/16/2009 3:00,213,0.1,0.1,38.3,80,29.5,0,50346,0,0
4/16/2009 3:10,213,0.1,0.1,37.9,80,29.5,0,50346,0,0
4/16/2009 3:20,213,0.1,0.1,37.9,83,29.5,0,50346,0,0
4/16/2009 3:30,213,0.1,0.1,37.9,83,29.5,0,50346,0,0
4/16/2009 3:40,213,0.1,0.1,37.7,85,29.5,0,50346,0,0
4/16/2009 3:50,213,0.1,0.1,38.1,85,29.5,0,50346,0,0
4/16/2009 4:00,213,0.1,0.1,37.9,85,29.5,0,50346,0,0
4/16/2009 4:10,213,0.1,0.1,38.1,85,29.5,0,50346,0,0
4/16/2009 4:20,213,0.1,0.1,38.3,84,29.5,0,50346,0,0
4/16/2009 4:30,213,0.1,0.1,38.6,82,29.5,0,50346,0,0
4/16/2009 4:40,213,0.1,0.1,39.5,81,29.5,0,50346,0,0
4/16/2009 4:50,213,0.1,0.1,41.5,75,29.5,0,50346,0,0
4/16/2009 5:00,213,0.1,0.1,41.7,71,29.5,0,50346,0,0
4/16/2009 5:10,213,0.1,0.1,42.6,67,29.5,0,50346,0,0
4/16/2009 5:20,213,0.1,0.1,42.9,66,29.5,0,50346,0,0
4/16/2009 5:30,213,0.1,0.1,43.5,63,29.5,0,50346,0,0
4/16/2009 5:40,213,0.1,0.1,43.5,65,29.6,0,50346,0,0
4/16/2009 5:50,213,0.1,0.1,42.4,70,29.6,0,50346,0,0
4/16/2009 6:00,213,0.1,0.1,42.6,70,29.6,0,50346,0,0
4/16/2009 6:10,213,0.1,0.1,42.6,66,29.6,0,50346,0,0
4/16/2009 6:20,213,0.1,0.1,42.8,70,29.6,0,50346,0,0
4/16/2009 6:30,213,0.1,0.1,42.6,74,29.6,0,50346,0,0
4/16/2009 6:40,213,0.1,0.1,42.8,74,29.6,0,50346,0,0
4/16/2009 6:50,213,0.1,0.1,42,75,29.6,0,50346,0,0
4/16/2009 7:00,213,0.1,0.1,42,76,29.6,0,50346,0,0
4/16/2009 7:10,213,0.1,0.1,42.8,75,29.6,0,50346,0,0
4/16/2009 7:20,213,0.1,0.1,43.7,72,29.6,0,50346,0,0
4/16/2009 7:30,213,0.1,0.1,44.2,64,29.6,0,50346,0,0
4/16/2009 7:40,213,0.1,0.1,44.6,66,29.6,0,50346,0,0
4/16/2009 7:50,213,0.1,0.1,44.6,61,29.6,0,50346,0,0
4/16/2009 8:00,213,0.1,0.1,44.4,66,29.6,0,50346,0,0
4/16/2009 8:10,213,0.1,0.1,43.8,65,29.6,0,50346,0,0
4/16/2009 8:20,213,0.1,0.1,44.9,66,29.6,0,50346,0,0
4/16/2009 8:30,213,0.1,0.1,45.5,62,29.6,0,50346,0,0
4/16/2009 8:40,213,0.1,0.1,47.6,58,29.6,0,50346,0,0
4/16/2009 8:50,213,0.1,0.1,46.4,55,29.6,0,50346,0,0
4/16/2009 9:00,213,0.1,0.1,46,58,29.6,0,50346,0,0
4/16/2009 9:10,213,0.1,0.1,45.3,59,29.6,0,50346,0,0
4/16/2009 9:20,213,0.1,0.1,44.4,57,29.6,0,50346,0,0
4/16/2009 9:30,213,0.1,0.1,44.9,55,29.6,0,50346,0,0
4/16/2009 9:40,213,0.1,0.1,44.4,55,29.6,0,50346,0,0
4/16/2009 9:50,213,0.1,0.1,44.2,54,29.6,0,50346,0,0
4/16/2009 10:00,213,0.1,0.1,44.6,55,29.6,0,50346,0,0
4/16/2009 10:10,213,0.1,0.1,44,55,29.6,0,50346,0,0
4/16/2009 10:20,213,0.1,0.1,44.4,53,29.6,0,50346,0,0
4/16/2009 10:30,213,0.1,0.1,45.5,53,29.6,0,50346,0,0
4/16/2009 10:40,213,0.1,0.1,46,53,29.6,0,50346,0,0
4/16/2009 10:50,213,0.1,0.1,46.2,52,29.6,0,50346,0,0
4/16/2009 11:00,213,0.1,0.1,46.5,52,29.6,0,50346,0,0
4/16/2009 11:10,213,0.1,0.1,46.9,50,29.6,0,50346,0,0
4/16/2009 11:20,213,0.1,0.1,46.9,52,29.6,0,50346,0,0
4/16/2009 11:30,213,0.1,0.1,47.6,52,29.6,0,50346,0,0
4/16/2009 11:40,213,0.1,0.1,47.4,51,29.6,0,50346,0,0
4/16/2009 11:50,213,0.1,0.1,47.8,48,29.6,0,50346,0,0
4/16/2009 12:00,213,0.1,0.1,49.2,41,29.6,0,50346,0,0
4/16/2009 12:10,213,0.1,0.1,50.1,32,29.6,0,50346,0,0
4/16/2009 12:20,213,0.1,0.1,50.3,28,29.6,0,50346,0,0
4/16/2009 12:30,213,0.1,0.1,50.3,30,29.6,0,50346,0,0
4/16/2009 12:40,213,0.1,0.1,50.7,30,29.6,0,50346,0,0
4/16/2009 12:50,213,0.1,0.1,51.2,29,29.6,0,50346,0,0
4/16/2009 13:00,213,0.1,0.1,51.4,30,29.6,0,50346,0,0
4/16/2009 13:10,213,0.1,0.1,51.6,28,29.6,0,50346,0,0
4/16/2009 13:20,213,0.1,0.1,46.4,54,29.6,0,50346,0,0
4/16/2009 13:30,213,0.1,0.1,44.6,62,29.6,0,50346,0,0
4/16/2009 13:40,213,0.1,0.1,43.7,61,29.6,0,50346,0,0
4/16/2009 13:50,213,0.1,0.1,43.5,59,29.6,0,50346,0,0
4/16/2009 14:00,213,0.1,0.1,43.8,54,29.6,0,50346,0,0
4/16/2009 14:10,213,0.1,0.1,44.2,54,29.6,0,50346,0,0
4/16/2009 14:20,213,0.1,0.1,45.3,45,29.6,0,50346,0,0
4/16/2009 14:30,213,0.1,0.1,45.1,52,29.6,0,50346,0,0
4/16/2009 14:40,213,0.1,0.1,45.1,50,29.6,0,50346,0,0
4/16/2009 14:50,213,0.1,0.1,46,47,29.6,0,50346,0,0
4/16/2009 15:00,213,0.1,0.1,46.2,49,29.6,0,50346,0,0
4/16/2009 15:10,213,0.1,0.1,46.4,47,29.6,0,50346,0,0
4/16/2009 15:20,213,0.1,0.1,46.2,47,29.6,0,50346,0,0
4/16/2009 15:30,213,0.1,0.1,46.9,43,29.6,0,50346,0,0
4/16/2009 15:40,213,0.1,0.1,48.3,35,29.6,0,50346,0,0
4/16/2009 15:50,213,0.1,0.1,49.4,33,29.6,0,50346,0,0
4/16/2009 16:00,213,0.1,0.1,49.4,36,29.6,0,50346,0,0
4/16/2009 16:10,213,0.1,0.1,50.3,34,29.5,0,50346,0,0
4/16/2009 16:20,213,0.1,0.1,50.1,29,29.5,0,50346,0,0
4/16/2009 16:30,213,0.1,0.1,49.6,30,29.5,0,50346,0,0
4/16/2009 16:40,213,0.1,0.1,49.1,29,29.5,0,50346,0,0
4/16/2009 16:50,213,0.1,0.1,48.9,30,29.5,0,50346,0,0
4/16/2009 17:00,213,0.1,0.1,48.9,30,29.5,0,50346,0,0
4/16/2009 17:10,213,0.1,0.1,48.9,30,29.5,0,50346,0,0
4/16/2009 17:20,213,0.1,0.1,46.7,41,29.5,0,50346,0,0
4/16/2009 17:30,213,0.1,0.1,45.6,52,29.5,0,50346,0,0
4/16/2009 17:40,213,0.1,0.1,44.4,68,29.5,0,50346,0,0
4/16/2009 17:50,213,0.1,0.1,43.5,67,29.5,0,50346,0,0
4/16/2009 18:00,213,0.1,0.1,43.8,74,29.6,0,50346,0,0
4/16/2009 18:10,213,0.1,0.1,43.5,45,29.6,0,50346,0,0
4/16/2009 18:20,213,0.1,0.1,44.4,43,29.6,0,50346,0,0
4/16/2009 18:30,213,0.1,0.1,44.2,44,29.6,0,50346,0,0
4/16/2009 18:40,213,0.1,0.1,44,42,29.6,0,50346,0,0
4/16/2009 18:50,213,0.1,0.1,44,47,29.6,0,50346,0,0
4/16/2009 19:00,213,0.1,0.1,44,44,29.6,0,50346,0,0
4/16/2009 19:10,213,0.1,0.1,44.4,42,29.6,0,50346,0,0
4/16/2009 19:20,213,0.1,0.1,44.2,46,29.6,0,50346,0,0
4/16/2009 19:30,213,0.1,0.1,44.6,44,29.6,0,50346,0,0
4/16/2009 19:40,213,0.1,0.1,44.6,47,29.6,0,50346,0,0
4/16/2009 19:50,213,0.1,0.1,44.4,53,29.6,0,50346,0,0
4/16/2009 20:00,213,0.1,0.1,44.6,49,29.6,0,50346,0,0
4/16/2009 20:10,213,0.1,0.1,44.2,46,29.6,0,50346,0,0
4/16/2009 20:20,213,0.1,0.1,44.2,44,29.6,0,50346,0,0
4/16/2009 20:30,213,0.1,0.1,44.6,43,29.6,0,50346,0,0
4/16/2009 20:40,213,0.1,0.1,44.6,45,29.6,0,50346,0,0
4/16/2009 20:50,213,0.1,0.1,44,46,29.6,0,50346,0,0
4/16/2009 21:00,213,0.1,0.1,44.2,45,29.6,0,50346,0,0
4/16/2009 21:10,213,0.1,0.1,44.9,45,29.6,0,50346,0,0
4/16/2009 21:20,213,0.1,0.1,44.6,43,29.6,0,50346,0,0
4/16/2009 21:30,213,0.1,0.1,44.2,42,29.6,0,50346,0,0
4/16/2009 21:40,213,0.1,0.1,44.4,42,29.6,0,50346,0,0
4/16/2009 21:50,213,0.1,0.1,44,42,29.6,0,50346,0,0
4/16/2009 22:00,213,0.1,0.1,43.1,44,29.5,0,50346,0,0
4/16/2009 22:10,213,0.1,0.1,43.5,43,29.6,0,50346,0,0
4/16/2009 22:20,213,0.1,0.1,43.7,42,29.5,0,50346,0,0
4/16/2009 22:30,213,0.1,0.1,43.3,42,29.5,0,50346,0,0
4/16/2009 22:40,213,0.1,0.1,43.3,42,29.5,0,50346,0,0
4/16/2009 22:50,213,0.1,0.1,43.5,42,29.5,0,50346,0,0
4/16/2009 23:00,213,0.1,0.1,43.5,42,29.5,0,50346,0,0
4/16/2009 23:10,213,0.1,0.1,43.7,41,29.5,0,50346,0,0
4/16/2009 23:20,213,0.1,0.1,43.7,40,29.5,0,50346,0,0
4/16/2009 23:30,213,0.1,0.1,43.7,40,29.5,0,50346,0,0
4/16/2009 23:40,213,0.1,0.1,43.5,40,29.5,0,50346,0,0
4/16/2009 23:50,213,0.1,0.1,43.8,39,29.5,0,50346,0,0
4/17/2009 0:00,213,0.1,0.1,43.8,38,29.5,0,50346,0,0
4/17/2009 0:10,213,0.1,0.1,44,38,29.5,0,50346,0,0
4/17/2009 0:20,213,0.1,0.1,45.1,35,29.5,0,50346,0,0
4/17/2009 0:30,213,0.1,0.1,45.1,35,29.5,0,50346,0,0
4/17/2009 0:40,213,0.1,0.1,44,37,29.5,0,50346,0,0
4/17/2009 0:50,213,0.1,0.1,44.2,37,29.5,0,50346,0,0
4/17/2009 1:00,213,0.1,0.1,44,37,29.5,0,50346,0,0
4/17/2009 1:10,213,0.1,0.1,43.8,37,29.5,0,50346,0,0
4/17/2009 1:20,213,0.1,0.1,43.8,37,29.5,0,50346,0,0
4/17/2009 1:30,213,0.1,0.1,44,36,29.5,0,50346,0,0
4/17/2009 1:40,213,0.1,0.1,44.2,36,29.5,0,50346,0,0
4/17/2009 1:50,213,0.1,0.1,44.9,34,29.5,0,50346,0,0
4/17/2009 2:00,213,0.1,0.1,45.1,34,29.5,0,50346,0,0
4/17/2009 2:10,213,0.1,0.1,44.6,35,29.5,0,50346,0,0
4/17/2009 2:20,213,0.1,0.1,44.9,34,29.5,0,50346,0,0
4/17/2009 2:30,213,0.1,0.1,44.4,35,29.5,0,50346,0,0
4/17/2009 2:40,213,0.1,0.1,44.7,34,29.5,0,50346,0,0
4/17/2009 2:50,213,0.1,0.1,44.6,35,29.5,0,50346,0,0
4/17/2009 3:00,213,0.1,0.1,44.4,35,29.5,0,50346,0,0
4/17/2009 3:10,213,0.1,0.1,44.4,35,29.5,0,50346,0,0
4/17/2009 3:20,213,0.1,0.1,44.2,36,29.5,0,50346,0,0
4/17/2009 3:30,213,0.1,0.1,44,37,29.5,0,50346,0,0
4/17/2009 3:40,213,0.1,0.1,43.5,38,29.5,0,50346,0,0
4/17/2009 3:50,213,0.1,0.1,43.1,39,29.5,0,50346,0,0
4/17/2009 4:00,213,0.1,0.1,42.9,40,29.5,0,50346,0,0
4/17/2009 4:10,213,0.1,0.1,42.9,40,29.5,0,50346,0,0
4/17/2009 4:20,213,0.1,0.1,42.9,40,29.5,0,50346,0,0
4/17/2009 4:30,213,0.1,0.1,42.8,42,29.5,0,50346,0,0
4/17/2009 4:40,213,0.1,0.1,42.9,43,29.5,0,50346,0,0
4/17/2009 4:50,213,0.1,0.1,43.5,44,29.5,0,50346,0,0
4/17/2009 5:00,213,0.1,0.1,44.2,44,29.5,0,50346,0,0
4/17/2009 5:10,213,0.1,0.1,45.3,44,29.6,0,50346,0,0
4/17/2009 5:20,213,0.1,0.1,46.4,43,29.6,0,50346,0,0
4/17/2009 5:30,213,0.1,0.1,47.1,42,29.6,0,50346,0,0
4/17/2009 5:40,213,0.1,0.1,47.6,41,29.6,0,50346,0,0
4/17/2009 5:50,213,0.1,0.1,48.5,40,29.6,0,50346,0,0
4/17/2009 6:00,213,0.1,0.1,49.1,38,29.6,0,50346,0,0
4/17/2009 6:10,213,0.1,0.1,48.9,39,29.6,0,50346,0,0
4/17/2009 6:20,213,0.1,0.1,47.8,46,29.6,0,50346,0,0
4/17/2009 6:30,213,0.1,0.1,46.4,55,29.6,0,50346,0,0
4/17/2009 6:40,213,0.1,0.1,45.5,56,29.6,0,50346,0,0
4/17/2009 6:50,213,0.1,0.1,44.7,58,29.6,0,50346,0,0
4/17/2009 7:00,213,0.1,0.1,44.9,60,29.6,0,50346,0,0
4/17/2009 7:10,213,0.1,0.1,45.5,59,29.6,0,50346,0,0
4/17/2009 7:20,213,0.1,0.1,44.9,64,29.6,0,50346,0,0
4/17/2009 7:30,213,0.1,0.1,45.3,64,29.6,0,50346,0,0
4/17/2009 7:40,213,0.1,0.1,44.7,66,29.6,0,50346,0,0
4/17/2009 7:50,213,0.1,0.1,44.7,66,29.6,0,50346,0,0
4/17/2009 8:00,213,0.1,0.1,45.5,62,29.6,0,50346,0,0
4/17/2009 8:10,213,0.1,0.1,45.8,60,29.6,0,50346,0,0
4/17/2009 8:20,213,0.1,0.1,47.3,52,29.6,0,50346,0,0
4/17/2009 8:30,213,0.1,0.1,47.6,59,29.6,0,50346,0,0
4/17/2009 8:40,213,0.1,0.1,48.3,49,29.6,0,50346,0,0
4/17/2009 8:50,213,0.1,0.1,49.2,38,29.6,0,50346,0,0
4/17/2009 9:00,213,0.1,0.1,49.8,37,29.5,0,50346,0,0
4/17/2009 9:10,213,0.1,0.1,49.6,37,29.6,0,50346,0,0
4/17/2009 9:20,213,0.1,0.1,48.9,45,29.6,0,50346,0,0
4/17/2009 9:30,213,0.1,0.1,48.7,46,29.6,0,50346,0,0
4/17/2009 9:40,213,0.1,0.1,46.7,58,29.6,0,50346,0,0
4/17/2009 9:50,213,0.1,0.1,46.2,60,29.5,0,50346,0,0
4/17/2009 10:00,213,0.1,0.1,46.2,64,29.6,0,50346,0,0
4/17/2009 10:10,213,0.1,0.1,45.1,64,29.5,0,50346,0,0
4/17/2009 10:20,213,0.1,0.1,45.1,65,29.5,0,50346,0,0
4/17/2009 10:30,213,0.1,0.1,45.5,64,29.5,0,50346,0,0
4/17/2009 10:40,213,0.1,0.1,45.8,62,29.5,0,50346,0,0
4/17/2009 10:50,213,0.1,0.1,45.8,62,29.5,0,50346,0,0
4/17/2009 11:00,213,0.1,0.1,45.8,62,29.5,0,50346,0,0
4/17/2009 11:10,213,0.1,0.1,45.6,64,29.5,0,50346,0,0
4/17/2009 11:20,213,0.1,0.1,46,63,29.5,0,50346,0,0
4/17/2009 11:30,213,0.1,0.1,45.8,64,29.5,0,50346,0,0
4/17/2009 11:40,213,0.1,0.1,45.8,61,29.5,0,50346,0,0
4/17/2009 11:50,213,0.1,0.1,47.8,44,29.5,0,50346,0,0
4/17/2009 12:00,213,0.1,0.1,49.4,34,29.5,0,50346,0,0
4/17/2009 12:10,213,0.1,0.1,49.8,31,29.5,0,50346,0,0
4/17/2009 12:20,213,0.1,0.1,50.5,28,29.5,0,50346,0,0
4/17/2009 12:30,213,0.1,0.1,50.9,28,29.5,0,50346,0,0
4/17/2009 12:40,213,0.1,0.1,51,31,29.5,0,50346,0,0
4/17/2009 12:50,213,0.1,0.1,50.3,34,29.5,0,50346,0,0
4/17/2009 13:00,213,0.1,0.1,50.9,33,29.5,0,50346,0,0
4/17/2009 13:10,213,0.1,0.1,51.4,31,29.5,0,50346,0,0
4/17/2009 13:20,213,0.1,0.1,50.7,34,29.5,0,50346,0,0
4/17/2009 13:30,213,0.1,0.1,50.5,36,29.5,0,50346,0,0
4/17/2009 13:40,213,0.1,0.1,50.1,38,29.5,0,50346,0,0
4/17/2009 13:50,213,0.1,0.1,50,39,29.5,0,50346,0,0
4/17/2009 14:00,213,0.1,0.1,50.3,39,29.5,0,50346,0,0
4/17/2009 14:10,213,0.1,0.1,51.4,37,29.5,0,50346,0,0
4/17/2009 14:20,213,0.1,0.1,51.9,38,29.5,0,50346,0,0
4/17/2009 14:30,213,0.1,0.1,51.6,40,29.5,0,50346,0,0
4/17/2009 14:40,213,0.1,0.1,51.9,41,29.5,0,50346,0,0
4/17/2009 14:50,213,0.1,0.1,52.3,40,29.5,0,50346,0,0
4/17/2009 15:00,213,0.1,0.1,52.7,40,29.5,0,50346,0,0
4/17/2009 15:10,213,0.1,0.1,52.7,40,29.5,0,50346,0,0
4/17/2009 15:20,213,0.1,0.1,53.4,39,29.4,0,50346,0,0
4/17/2009 15:30,213,0.1,0.1,53.6,40,29.4,0,50346,0,0
4/17/2009 15:40,213,0.1,0.1,52.8,41,29.4,0,50346,0,0
4/17/2009 15:50,213,0.1,0.1,53.6,38,29.4,0,50346,0,0
4/17/2009 16:00,213,0.1,0.1,54.3,37,29.4,0,50346,0,0
4/17/2009 16:10,213,0.1,0.1,54.8,35,29.4,0,50346,0,0
4/17/2009 16:20,213,0.1,0.1,55.4,34,29.4,0,50346,0,0
4/17/2009 16:30,213,0.1,0.1,55.9,34,29.4,0,50346,0,0
4/17/2009 16:40,213,0.1,0.1,55.9,34,29.4,0,50346,0,0
4/17/2009 16:50,213,0.1,0.1,55.9,34,29.4,0,50346,0,0
4/17/2009 17:00,213,0.1,0.1,56.1,34,29.4,0,50346,0,0
4/17/2009 17:10,213,0.1,0.1,56.3,33,29.4,0,50346,0,0
4/17/2009 17:20,213,0.1,0.1,56.3,33,29.4,0,50346,0,0
4/17/2009 17:30,213,0.1,0.1,56.3,33,29.4,0,50346,0,0
4/17/2009 17:40,213,0.1,0.1,56.1,33,29.4,0,50346,0,0
4/17/2009 17:50,213,0.1,0.1,55.7,34,29.4,0,50346,0,0
4/17/2009 18:00,213,0.1,0.1,55.9,34,29.4,0,50346,0,0
4/17/2009 18:10,213,0.1,0.1,56.1,33,29.4,0,50346,0,0
4/17/2009 18:20,213,0.1,0.1,56.3,32,29.4,0,50346,0,0
4/17/2009 18:30,213,0.1,0.1,56.1,32,29.4,0,50346,0,0
4/17/2009 18:40,213,0.1,0.1,55.7,32,29.4,0,50346,0,0
4/17/2009 18:50,213,0.1,0.1,55.5,32,29.4,0,50346,0,0
4/17/2009 19:00,213,0.1,0.1,55.5,32,29.4,0,50346,0,0
4/17/2009 19:10,213,0.1,0.1,55.4,32,29.4,0,50346,0,0
4/17/2009 19:20,213,0.1,0.1,55.5,32,29.4,0,50346,0,0
4/17/2009 19:30,213,0.1,0.1,55.2,31,29.4,0,50346,0,0
4/17/2009 19:40,213,0.1,0.1,55,32,29.4,0,50346,0,0
4/17/2009 19:50,213,0.1,0.1,55,31,29.4,0,50346,0,0
4/17/2009 20:00,213,0.1,0.1,54.8,31,29.4,0,50346,0,0
4/17/2009 20:10,213,0.1,0.1,54.8,31,29.4,0,50346,0,0
4/17/2009 20:20,213,0.1,0.1,54.6,32,29.4,0,50346,0,0
4/17/2009 20:30,213,0.1,0.1,54.5,31,29.4,0,50346,0,0
4/17/2009 20:40,213,0.1,0.1,54.5,31,29.4,0,50346,0,0
4/17/2009 20:50,213,0.1,0.1,54.6,31,29.4,0,50346,0,0
4/17/2009 21:00,213,0.1,0.1,54.8,30,29.4,0,50346,0,0
4/17/2009 21:10,213,0.1,0.1,54.8,29,29.4,0,50346,0,0
4/17/2009 21:20,213,0.1,0.1,55,29,29.4,0,50346,0,0
4/17/2009 21:30,213,0.1,0.1,54.8,29,29.4,0,50346,0,0
4/17/2009 21:40,213,0.1,0.1,54.6,29,29.4,0,50346,0,0
4/17/2009 21:50,213,0.1,0.1,54.6,29,29.4,0,50346,0,0
4/17/2009 22:00,213,0.1,0.1,54.6,29,29.4,0,50346,0,0
4/17/2009 22:10,213,0.1,0.1,54.8,29,29.4,0,50346,0,0
4/17/2009 22:20,213,0.1,0.1,54.6,28,29.4,0,50346,0,0
4/17/2009 22:30,213,0.1,0.1,55,28,29.4,0,50346,0,0
4/17/2009 22:40,213,0.1,0.1,55.2,28,29.4,0,50346,0,0
4/17/2009 22:50,213,0.1,0.1,55.2,28,29.4,0,50346,0,0
4/17/2009 23:00,213,0.1,0.1,55.4,29,29.4,0,50346,0,0
4/17/2009 23:10,213,0.1,0.1,55,30,29.4,0,50346,0,0
4/17/2009 23:20,213,0.1,0.1,55,30,29.4,0,50346,0,0
4/17/2009 23:30,213,0.1,0.1,54.6,30,29.3,0,50346,0,0
4/17/2009 23:40,213,0.1,0.1,54.6,31,29.3,0,50346,0,0
4/17/2009 23:50,213,0.1,0.1,54.8,31,29.3,0,50346,0,0
4/18/2009 0:00,213,0.1,0.1,54.8,31,29.3,0,50346,0,0
4/18/2009 0:10,213,0.1,0.1,55.2,31,29.3,0,50346,0,0
4/18/2009 0:20,213,0.1,0.1,55.4,30,29.3,0,50346,0,0
4/18/2009 0:30,213,0.1,0.1,55.7,30,29.3,0,50346,0,0
4/18/2009 0:40,213,0.1,0.1,55.7,31,29.3,0,50346,0,0
4/18/2009 0:50,213,0.1,0.1,55.9,32,29.3,0,50346,0,0
4/18/2009 1:00,213,0.1,0.1,56.1,33,29.3,0,50346,0,0
4/18/2009 1:10,213,0.1,0.1,56.6,33,29.3,0,50346,0,0
4/18/2009 1:20,213,0.1,0.1,57,33,29.3,0,50346,0,0
4/18/2009 1:30,213,0.1,0.1,56.6,33,29.3,0,50346,0,0
4/18/2009 1:40,213,0.1,0.1,56.6,34,29.3,0,50346,0,0
4/18/2009 1:50,213,0.1,0.1,56.4,34,29.3,0,50346,0,0
4/18/2009 2:00,213,0.1,0.1,56.1,35,29.3,0,50346,0,0
4/18/2009 2:10,213,0.1,0.1,56.1,35,29.3,0,50346,0,0
4/18/2009 2:20,213,0.1,0.1,56.4,35,29.3,0,50346,0,0
4/18/2009 2:30,213,0.1,0.1,56.3,35,29.3,0,50346,0,0
4/18/2009 2:40,213,0.1,0.1,56.3,36,29.3,0,50346,0,0
4/18/2009 2:50,213,0.1,0.1,56.1,36,29.3,0,50346,0,0
4/18/2009 3:00,213,0.1,0.1,55.7,37,29.3,0,50346,0,0
4/18/2009 3:10,213,0.1,0.1,55.2,37,29.3,0,50346,0,0
4/18/2009 3:20,213,0.1,0.1,54.8,38,29.3,0,50346,0,0
4/18/2009 3:30,213,0.1,0.1,54.5,39,29.3,0,50346,0,0
4/18/2009 3:40,213,0.1,0.1,53.6,40,29.3,0,50346,0,0
4/18/2009 3:50,213,0.1,0.1,52.8,41,29.3,0,50346,0,0
4/18/2009 4:00,213,0.1,0.1,52.8,41,29.3,0,50346,0,0
4/18/2009 4:10,213,0.1,0.1,52.8,41,29.3,0,50346,0,0
4/18/2009 4:20,213,0.1,0.1,52.7,42,29.3,0,50346,0,0
4/18/2009 4:30,213,0.1,0.1,52.8,42,29.3,0,50346,0,0
4/18/2009 4:40,213,0.1,0.1,53.2,41,29.3,0,50346,0,0
4/18/2009 4:50,213,0.1,0.1,53.9,41,29.3,0,50346,0,0
4/18/2009 5:00,213,0.1,0.1,54.3,40,29.3,0,50346,0,0
4/18/2009 5:10,213,0.1,0.1,55,40,29.3,0,50346,0,0
4/18/2009 5:20,213,0.1,0.1,55.7,39,29.3,0,50346,0,0
4/18/2009 5:30,213,0.1,0.1,56.4,38,29.3,0,50346,0,0
4/18/2009 5:40,213,0.1,0.1,57.3,36,29.3,0,50346,0,0
4/18/2009 5:50,213,0.1,0.1,58.2,34,29.3,0,50346,0,0
4/18/2009 6:00,213,0.1,0.1,59,33,29.3,0,50346,0,0
4/18/2009 6:10,213,0.1,0.1,59.7,32,29.3,0,50346,0,0
4/18/2009 6:20,213,0.1,0.1,59.5,32,29.3,0,50346,0,0
4/18/2009 6:30,213,0.1,0.1,59.5,32,29.3,0,50346,0,0
4/18/2009 6:40,213,0.1,0.1,59.7,32,29.3,0,50346,0,0
4/18/2009 6:50,213,0.1,0.1,59.7,32,29.3,0,50346,0,0
4/18/2009 7:00,213,0.1,0.1,58.1,37,29.3,0,50346,0,0
4/18/2009 7:10,213,0.1,0.1,57,39,29.3,0,50346,0,0
4/18/2009 7:20,213,0.1,0.1,57.2,38,29.3,0,50346,0,0
4/18/2009 7:30,213,0.1,0.1,58.8,35,29.3,0,50346,0,0
4/18/2009 7:40,213,0.1,0.1,60.4,33,29.3,0,50346,0,0
4/18/2009 7:50,213,0.1,0.1,60.4,32,29.3,0,50346,0,0
4/18/2009 8:00,213,0.1,0.1,60.2,33,29.3,0,50346,0,0
4/18/2009 8:10,213,0.1,0.1,58.2,38,29.3,0,50346,0,0
4/18/2009 8:20,213,0.1,0.1,56.4,43,29.3,0,50346,0,0
4/18/2009 8:30,213,0.1,0.1,55.4,44,29.3,0,50346,0,0
4/18/2009 8:40,213,0.1,0.1,54.1,48,29.3,0,50346,0,0
4/18/2009 8:50,213,0.1,0.1,53.4,48,29.3,0,50346,0,0
4/18/2009 9:00,213,0.1,0.1,53.7,49,29.3,0,50346,0,0
4/18/2009 9:10,213,0.1,0.1,53.4,51,29.3,0,50346,0,0
4/18/2009 9:20,213,0.1,0.1,52.8,52,29.3,0,50346,0,0
4/18/2009 9:30,213,0.1,0.1,53.4,49,29.3,0,50346,0,0
4/18/2009 9:40,213,0.1,0.1,53.9,48,29.3,0,50346,0,0
4/18/2009 9:50,213,0.1,0.1,54.3,47,29.3,0,50346,0,0
4/18/2009 10:00,213,0.1,0.1,54.6,46,29.3,0,50346,0,0
4/18/2009 10:10,213,0.1,0.1,55.5,44,29.3,0,50346,0,0
4/18/2009 10:20,213,0.1,0.1,56.1,45,29.3,0,50346,0,0
4/18/2009 10:30,213,0.1,0.1,55.5,45,29.3,0,50346,0,0
4/18/2009 10:40,213,0.1,0.1,55.4,45,29.3,0,50346,0,0
4/18/2009 10:50,213,0.1,0.1,55.5,44,29.3,0,50346,0,0
4/18/2009 11:00,213,0.1,0.1,55.2,45,29.3,0,50346,0,0
4/18/2009 11:10,213,0.1,0.1,55,44,29.3,0,50346,0,0
4/18/2009 11:20,213,0.1,0.1,54.5,47,29.3,0,50346,0,0
4/18/2009 11:30,213,0.1,0.1,54.3,47,29.3,0,50346,0,0
4/18/2009 11:40,213,0.1,0.1,54.5,46,29.2,0,50346,0,0
4/18/2009 11:50,213,0.1,0.1,55,44,29.2,0,50346,0,0
4/18/2009 12:00,213,0.1,0.1,55,44,29.2,0,50346,0,0
4/18/2009 12:10,213,0.1,0.1,55.5,43,29.2,0,50346,0,0
4/18/2009 12:20,213,0.1,0.1,55.4,42,29.2,0,50346,0,0
4/18/2009 12:30,213,0.1,0.1,55.7,42,29.2,0,50346,0,0
4/18/2009 12:40,213,0.1,0.1,55.7,43,29.2,0,50346,0,0
4/18/2009 12:50,213,0.1,0.1,55.7,42,29.2,0,50346,0,0
4/18/2009 13:00,213,0.1,0.1,55.7,42,29.2,0,50346,0,0
4/18/2009 13:10,213,0.1,0.1,55.7,42,29.2,0,50346,0,0
4/18/2009 13:20,213,0.1,0.1,55.4,43,29.2,0,50346,0,0
4/18/2009 13:30,213,0.1,0.1,56.1,41,29.2,0,50346,0,0
4/18/2009 13:40,213,0.1,0.1,56.6,40,29.2,0,50346,0,0
4/18/2009 13:50,213,0.1,0.1,55.9,42,29.2,0,50346,0,0
4/18/2009 14:00,213,0.1,0.1,56.3,41,29.2,0,50346,0,0
4/18/2009 14:10,213,0.1,0.1,56.8,40,29.2,0,50346,0,0
4/18/2009 14:20,213,0.1,0.1,58.2,36,29.2,0,50346,0,0
4/18/2009 14:30,213,0.1,0.1,59.5,33,29.2,0,50346,0,0
4/18/2009 14:40,213,0.1,0.1,59.9,33,29.2,0,50346,0,0
4/18/2009 14:50,213,0.1,0.1,60.2,33,29.2,0,50346,0,0
4/18/2009 15:00,213,0.1,0.1,60.8,32,29.2,0,50346,0,0
4/18/2009 15:10,213,0.1,0.1,61.1,32,29.2,0,50346,0,0
4/18/2009 15:20,213,0.1,0.1,61.3,32,29.2,0,50346,0,0
4/18/2009 15:30,213,0.1,0.1,61.8,32,29.2,0,50346,0,0
4/18/2009 15:40,213,0.1,0.1,61.8,32,29.2,0,50346,0,0
4/18/2009 15:50,213,0.1,0.1,62.2,31,29.2,0,50346,0,0
4/18/2009 16:00,213,0.1,0.1,62.4,31,29.2,0,50346,0,0
4/18/2009 16:10,213,0.1,0.1,62.6,30,29.2,0,50346,0,0
4/18/2009 16:20,213,0.1,0.1,62.7,29,29.2,0,50346,0,0
4/18/2009 16:30,213,0.1,0.1,62.7,29,29.2,0,50346,0,0
4/18/2009 16:40,213,0.1,0.1,62.6,29,29.2,0,50346,0,0
4/18/2009 16:50,213,0.1,0.1,62.7,29,29.2,0,50346,0,0
4/18/2009 17:00,213,0.1,0.1,62.7,28,29.2,0,50346,0,0
4/18/2009 17:10,213,0.1,0.1,62.9,28,29.2,0,50346,0,0
4/18/2009 17:20,213,0.1,0.1,62.9,28,29.2,0,50346,0,0
4/18/2009 17:30,213,0.1,0.1,62.9,28,29.2,0,50346,0,0
4/18/2009 17:40,213,0.1,0.1,63.1,28,29.2,0,50346,0,0
4/18/2009 17:50,213,0.1,0.1,62.7,28,29.2,0,50346,0,0
4/18/2009 18:00,213,0.1,0.1,62.7,29,29.2,0,50346,0,0
4/18/2009 18:10,213,0.1,0.1,62.6,29,29.2,0,50346,0,0
4/18/2009 18:20,213,0.1,0.1,62.4,29,29.2,0,50346,0,0
4/18/2009 18:30,213,0.1,0.1,62.4,29,29.2,0,50346,0,0
4/18/2009 18:40,213,0.1,0.1,62.2,29,29.2,0,50346,0,0
4/18/2009 18:50,213,0.1,0.1,62,30,29.2,0,50346,0,0
4/18/2009 19:00,213,0.1,0.1,61.8,30,29.2,0,50346,0,0
4/18/2009 19:10,213,0.1,0.1,61.8,31,29.2,0,50346,0,0
4/18/2009 19:20,213,0.1,0.1,61.8,31,29.2,0,50346,0,0
4/18/2009 19:30,213,0.1,0.1,61.8,31,29.2,0,50346,0,0
4/18/2009 19:40,213,0.1,0.1,61.7,32,29.2,0,50346,0,0
4/18/2009 19:50,213,0.1,0.1,61.8,31,29.2,0,50346,0,0
4/18/2009 20:00,213,0.1,0.1,62,31,29.2,0,50346,0,0
4/18/2009 20:10,213,0.1,0.1,61.8,31,29.2,0,50346,0,0
4/18/2009 20:20,213,0.1,0.1,61.8,31,29.2,0,50346,0,0
4/18/2009 20:30,213,0.1,0.1,61.8,32,29.2,0,50346,0,0
4/18/2009 20:40,213,0.1,0.1,61.7,32,29.2,0,50346,0,0
4/18/2009 20:50,213,0.1,0.1,61.7,32,29.2,0,50346,0,0
4/18/2009 21:00,213,0.1,0.1,61.1,32,29.2,0,50346,0,0
4/18/2009 21:10,213,0.1,0.1,60.8,33,29.2,0,50346,0,0
4/18/2009 21:20,213,0.1,0.1,57.7,39,29.2,0,50346,0,0
4/18/2009 21:30,213,0.1,0.1,54.3,46,29.2,0,50346,0,0
4/18/2009 21:40,213,0.1,0.1,55.2,42,29.2,0,50346,0,0
4/18/2009 21:50,213,0.1,0.1,54.8,44,29.2,0,50346,0,0
4/18/2009 22:00,213,0.1,0.1,52.7,49,29.2,0,50346,0,0
4/18/2009 22:10,213,0.1,0.1,49.8,56,29.2,0,50346,0,0
4/18/2009 22:20,213,0.1,0.1,48.3,63,29.2,0,50346,0,0
4/18/2009 22:30,213,0.1,0.1,47.1,65,29.2,0,50346,0,0
4/18/2009 22:40,213,0.1,0.1,46.5,70,29.2,0,50346,0,0
4/18/2009 22:50,213,0.1,0.1,46.4,73,29.2,0,50346,0,0
4/18/2009 23:00,213,0.1,0.1,46,75,29.2,0,50346,0,0
4/18/2009 23:10,213,0.1,0.1,45.8,77,29.2,0,50346,0,0
4/18/2009 23:20,213,0.1,0.1,45.1,81,29.2,0,50346,0,0
4/18/2009 23:30,213,0.1,0.1,44.4,83,29.2,0,50346,0,0
4/18/2009 23:40,213,0.1,0.1,44,85,29.2,0,50346,0,0
4/18/2009 23:50,213,0.1,0.1,43.5,86,29.2,0,50346,0,0
4/19/2009 0:00,213,0.1,0.1,43.1,87,29.2,0,50346,0,0
4/19/2009 0:10,213,0.1,0.1,42.8,87,29.2,0,50346,0,0
4/19/2009 0:20,213,0.1,0.1,42.6,88,29.2,0,50346,0,0
4/19/2009 0:30,213,0.1,0.1,42.6,89,29.2,0,50346,0,0
4/19/2009 0:40,213,0.1,0.1,42.6,89,29.2,0,50346,0,0
4/19/2009 0:50,213,0.1,0.1,42.4,89,29.2,0,50346,0,0
4/19/2009 1:00,213,0.1,0.1,42.2,88,29.2,0,50346,0,0
4/19/2009 1:10,213,0.1,0.1,42.2,89,29.2,0,50346,0,0
4/19/2009 1:20,213,0.1,0.1,41.9,88,29.2,0,50346,0,0
4/19/2009 1:30,213,0.1,0.1,41.9,88,29.2,0,50346,0,0
4/19/2009 1:40,213,0.1,0.1,41.7,88,29.2,0,50346,0,0
4/19/2009 1:50,213,0.1,0.1,41.7,89,29.2,0,50346,0,0
4/19/2009 2:00,213,0.1,0.1,42,89,29.2,0,50346,0,0
4/19/2009 2:10,213,0.1,0.1,41.9,89,29.2,0,50346,0,0
4/19/2009 2:20,213,0.1,0.1,42,89,29.2,0,50346,0,0
4/19/2009 2:30,213,0.1,0.1,42,89,29.2,0,50346,0,0
4/19/2009 2:40,213,0.1,0.1,41.9,89,29.2,0,50346,0,0
4/19/2009 2:50,213,0.1,0.1,41.9,89,29.2,0,50346,0,0
4/19/2009 3:00,213,0.1,0.1,41.9,89,29.2,0,50346,0,0
4/19/2009 3:10,213,0.1,0.1,41.7,89,29.2,0,50346,0,0
4/19/2009 3:20,213,0.1,0.1,41.9,90,29.2,0,50346,0,0
4/19/2009 3:30,213,0.1,0.1,41.9,90,29.2,0,50346,0,0
4/19/2009 3:40,213,0.1,0.1,41.9,90,29.2,0,50346,0,0
4/19/2009 3:50,213,0.1,0.1,41.9,90,29.2,0,50346,0,0
4/19/2009 4:00,213,0.1,0.1,41.9,90,29.2,0,50346,0,0
4/19/2009 4:10,213,0.1,0.1,42,90,29.2,0,50346,0,0
4/19/2009 4:20,213,0.1,0.1,42,90,29.2,0,50346,0,0
4/19/2009 4:30,213,0.1,0.1,42.2,90,29.2,0,50346,0,0
4/19/2009 4:40,213,0.1,0.1,42.4,89,29.2,0,50346,0,0
4/19/2009 4:50,213,0.1,0.1,42.4,89,29.2,0,50346,0,0
4/19/2009 5:00,213,0.1,0.1,42.2,88,29.2,0,50346,0,0
4/19/2009 5:10,213,0.1,0.1,42.2,88,29.2,0,50346,0,0
4/19/2009 5:20,213,0.1,0.1,42.2,87,29.2,0,50346,0,0
4/19/2009 5:30,213,0.1,0.1,42,87,29.2,0,50346,0,0
4/19/2009 5:40,213,0.1,0.1,42,87,29.2,0,50346,0,0
4/19/2009 5:50,213,0.1,0.1,42,87,29.2,0,50346,0,0
4/19/2009 6:00,213,0.1,0.1,42.2,87,29.2,0,50346,0,0
4/19/2009 6:10,213,0.1,0.1,42.6,86,29.2,0,50346,0,0
4/19/2009 6:20,213,0.1,0.1,42.9,86,29.2,0,50346,0,0
4/19/2009 6:30,213,0.1,0.1,42.9,85,29.2,0,50346,0,0
4/19/2009 6:40,213,0.1,0.1,42.9,85,29.2,0,50346,0,0
4/19/2009 6:50,213,0.1,0.1,42.8,83,29.2,0,50346,0,0
4/19/2009 7:00,213,0.1,0.1,42.8,84,29.2,0,50346,0,0
4/19/2009 7:10,213,0.1,0.1,42.8,82,29.2,0,50346,0,0
4/19/2009 7:20,213,0.1,0.1,42.8,82,29.2,0,50346,0,0
4/19/2009 7:30,213,0.1,0.1,43.3,81,29.2,0,50346,0,0
4/19/2009 7:40,213,0.1,0.1,43.3,81,29.2,0,50346,0,0
4/19/2009 7:50,213,0.1,0.1,43.1,81,29.2,0,50346,0,0
4/19/2009 8:00,213,0.1,0.1,43.1,81,29.2,0,50346,0,0
4/19/2009 8:10,213,0.1,0.1,43.5,79,29.2,0,50346,0,0
4/19/2009 8:20,213,0.1,0.1,43.8,78,29.2,0,50346,0,0
4/19/2009 8:30,213,0.1,0.1,43.7,78,29.2,0,50346,0,0
4/19/2009 8:40,213,0.1,0.1,43.8,79,29.2,0,50346,0,0
4/19/2009 8:50,213,0.1,0.1,43.8,78,29.2,0,50346,0,0
4/19/2009 9:00,213,0.1,0.1,44.4,77,29.2,0,50346,0,0
4/19/2009 9:10,213,0.1,0.1,44.9,77,29.2,0,50346,0,0
4/19/2009 9:20,213,0.1,0.1,44.6,78,29.2,0,50346,0,0
4/19/2009 9:30,213,0.1,0.1,44.4,77,29.2,0,50346,0,0
4/19/2009 9:40,213,0.1,0.1,44.7,76,29.2,0,50346,0,0
4/19/2009 9:50,213,0.1,0.1,44.4,74,29.2,0,50346,0,0
4/19/2009 10:00,213,0.1,0.1,44.6,75,29.2,0,50346,0,0
4/19/2009 10:10,213,0.1,0.1,44.9,74,29.2,0,50346,0,0
4/19/2009 10:20,213,0.1,0.1,45.5,72,29.2,0,50346,0,0
4/19/2009 10:30,213,0.1,0.1,45.3,73,29.2,0,50346,0,0
4/19/2009 10:40,213,0.1,0.1,45.5,72,29.1,0,50346,0,0
4/19/2009 10:50,213,0.1,0.1,45.3,72,29.1,0,50346,0,0
4/19/2009 11:00,213,0.1,0.1,45.3,71,29.1,0,50346,0,0
4/19/2009 11:10,213,0.1,0.1,45.6,69,29.1,0,50346,0,0
4/19/2009 11:20,213,0.1,0.1,46,68,29.1,0,50346,0,0
4/19/2009 11:30,213,0.1,0.1,45.8,68,29.2,0,50346,0,0
4/19/2009 11:40,213,0.1,0.1,46.4,67,29.2,0,50346,0,0
4/19/2009 11:50,213,0.1,0.1,46.9,64,29.1,0,50346,0,0
4/19/2009 12:00,213,0.1,0.1,47.1,64,29.1,0,50346,0,0
4/19/2009 12:10,213,0.1,0.1,47.3,63,29.1,0,50346,0,0
4/19/2009 12:20,213,0.1,0.1,47.4,62,29.1,0,50346,0,0
4/19/2009 12:30,213,0.1,0.1,47.4,61,29.1,0,50346,0,0
4/19/2009 12:40,213,0.1,0.1,47.6,60,29.1,0,50346,0,0
4/19/2009 12:50,213,0.1,0.1,47.4,61,29.1,0,50346,0,0
4/19/2009 13:00,213,0.1,0.1,47.4,63,29.1,0,50346,0,0
4/19/2009 13:10,213,0.1,0.1,47.6,63,29.1,0,50346,0,0
4/19/2009 13:20,213,0.1,0.1,47.8,61,29.1,0,50346,0,0
4/19/2009 13:30,213,0.1,0.1,47.8,59,29.1,0,50346,0,0
4/19/2009 13:40,213,0.1,0.1,48,58,29.1,0,50346,0,0
4/19/2009 13:50,213,0.1,0.1,47.8,58,29.1,0,50346,0,0
4/19/2009 14:00,213,0.1,0.1,47.6,59,29.1,0,50346,0,0
4/19/2009 14:10,213,0.1,0.1,47.4,60,29.1,0,50346,0,0
4/19/2009 14:20,213,0.1,0.1,47.6,60,29.1,0,50346,0,0
4/19/2009 14:30,213,0.1,0.1,47.4,61,29.1,0,50346,0,0
4/19/2009 14:40,213,0.1,0.1,47.4,60,29.1,0,50346,0,0
4/19/2009 14:50,213,0.1,0.1,47.3,60,29.1,0,50346,0,0
4/19/2009 15:00,213,0.1,0.1,47.3,58,29.1,0,50346,0,0
4/19/2009 15:10,213,0.1,0.1,47.3,58,29.1,0,50346,0,0
4/19/2009 15:20,213,0.1,0.1,47.3,58,29.1,0,50346,0,0
4/19/2009 15:30,213,0.1,0.1,46.9,59,29.1,0,50346,0,0
4/19/2009 15:40,213,0.1,0.1,46.9,59,29.1,0,50346,0,0
4/19/2009 15:50,213,0.1,0.1,46.9,58,29.1,0,50346,0,0
4/19/2009 16:00,213,0.1,0.1,46.5,59,29.1,0,50346,0,0
4/19/2009 16:10,213,0.1,0.1,46.4,62,29.1,0,50346,0,0
4/19/2009 16:20,213,0.1,0.1,46.4,63,29.1,0,50346,0,0
4/19/2009 16:30,213,0.1,0.1,46.4,62,29.1,0,50346,0,0
4/19/2009 16:40,213,0.1,0.1,46.5,62,29.1,0,50346,0,0
4/19/2009 16:50,213,0.1,0.1,46.2,64,29.1,0,50346,0,0
4/19/2009 17:00,213,0.1,0.1,46.2,66,29.1,0,50346,0,0
4/19/2009 17:10,213,0.1,0.1,46,67,29.1,0,50346,0,0
4/19/2009 17:20,213,0.1,0.1,46,67,29.1,0,50346,0,0
4/19/2009 17:30,213,0.1,0.1,46,67,29.1,0,50346,0,0
4/19/2009 17:40,213,0.1,0.1,45.8,68,29.1,0,50346,0,0
4/19/2009 17:50,213,0.1,0.1,45.6,69,29.1,0,50346,0,0
4/19/2009 18:00,213,0.1,0.1,45.3,70,29.1,0,50346,0,0
4/19/2009 18:10,213,0.1,0.1,45.3,72,29.1,0,50346,0,0
4/19/2009 18:20,213,0.1,0.1,45.3,74,29.1,0,50356,0,0
4/19/2009 18:30,213,0.1,0.1,45.3,74,29.1,0,50356,0,0
4/19/2009 18:40,213,0.1,0.1,45.1,75,29.1,0,50366,0,0
4/19/2009 18:50,213,0.1,0.1,44.9,75,29.1,0,50456,0,0
4/19/2009 19:00,213,0.1,0.1,44.9,75,29.1,0,50466,0,0
4/19/2009 19:10,213,0.1,0.1,44.7,76,29.1,0,50586,0,0
4/19/2009 19:20,213,0.1,0.1,44.7,78,29.1,0,50896,0,0
4/19/2009 19:30,213,0.1,0.1,44.7,79,29.1,0,51056,0,0
4/19/2009 19:40,213,0.1,0.1,44.7,80,29.1,0,51056,0,0
4/19/2009 19:50,213,0.1,0.1,44.9,80,29.1,0,51056,0,0
4/19/2009 20:00,213,0.1,0.1,45.1,81,29,0,51056,0,0
4/19/2009 20:10,213,0.1,0.1,45.1,82,29,0,51066,0,0
4/19/2009 20:20,213,0.1,0.1,45.1,81,29,0,51066,0,0
4/19/2009 20:30,213,0.1,0.1,45.3,80,29,0,51066,0,0
4/19/2009 20:40,213,0.1,0.1,45.6,78,29,0,51066,0,0
4/19/2009 20:50,213,0.1,0.1,45.8,78,29,0,51066,0,0
4/19/2009 21:00,213,0.1,0.1,45.8,80,29,0,51066,0,0
4/19/2009 21:10,213,0.1,0.1,45.8,82,29,0,51066,0,0
4/19/2009 21:20,213,0.1,0.1,46,83,29,0,51066,0,0
4/19/2009 21:30,213,0.1,0.1,46.4,81,29,0,51066,0,0
4/19/2009 21:40,213,0.1,0.1,46.5,80,29,0,51066,0,0
4/19/2009 21:50,213,0.1,0.1,47.1,80,29,0,51066,0,0
4/19/2009 22:00,213,0.1,0.1,48.5,82,29,0,51066,0,0
4/19/2009 22:10,213,0.1,0.1,50.1,80,29,0,51166,0,0
4/19/2009 22:20,213,0.1,0.1,52.5,81,29,0,51456,0,0
4/19/2009 22:30,213,0.1,0.1,53.6,80,29,0,51586,0,0
4/19/2009 22:40,213,0.1,0.1,53.7,80,29,0,51936,0,0
4/19/2009 22:50,213,0.1,0.1,54.1,80,29,0,52136,0,0
4/19/2009 23:00,213,0.1,0.1,54.1,79,29,0,52566,0.02,0.02
4/19/2009 23:10,213,0.1,0.1,54.3,79,29,0,53126,0.01,0.01
4/19/2009 23:20,213,0.1,0.1,54.3,79,29,0,53616,0,0
4/19/2009 23:30,213,0.1,0.1,53.9,80,29,0,54176,0,0
4/19/2009 23:40,213,0.1,0.1,54.1,80,28.9,0,54486,0.01,0.01
4/19/2009 23:50,213,0.1,0.1,53.9,80,29,0,55066,0.01,0.01
4/20/2009 0:00,213,0.1,0.1,53.9,81,28.9,0,55396,0,0
4/20/2009 0:10,213,0.1,0.1,53.7,81,28.9,0,55916,0.01,0.01
4/20/2009 0:20,213,0.1,0.1,53.9,80,28.9,0,56076,0,0
4/20/2009 0:30,213,0.1,0.1,54.1,77,28.9,0,56426,0,0
4/20/2009 0:40,213,0.1,0.1,54.1,75,28.9,0,56746,0,0
4/20/2009 0:50,213,0.1,0.1,53.7,76,28.9,0,57016,0.01,0.01
4/20/2009 1:00,213,0.1,0.1,53.6,78,28.9,0,57456,0.02,0.02
4/20/2009 1:10,213,0.1,0.1,53,80,28.9,0,57826,0.01,0.01
4/20/2009 1:20,213,0.1,0.1,52.3,79,28.9,0,58126,0,0
4/20/2009 1:30,213,0.1,0.1,51.6,77,28.9,0,58316,0,0
4/20/2009 1:40,213,0.1,0.1,51.2,77,28.9,0,58426,0,0
4/20/2009 1:50,213,0.1,0.1,51,78,28.9,0,58466,0,0
4/20/2009 2:00,213,0.1,0.1,50.5,76,28.9,0,58476,0,0
4/20/2009 2:10,213,0.1,0.1,50,75,28.9,0,58636,0,0
4/20/2009 2:20,213,0.1,0.1,49.6,72,28.9,0,58816,0,0
4/20/2009 2:30,213,0.1,0.1,49.1,73,28.8,0,58996,0,0
4/20/2009 2:40,213,0.1,0.1,48.7,70,28.8,0,59276,0.07,0.07
4/20/2009 2:50,213,0.1,0.1,48.3,70,28.8,0,59516,0,0
4/20/2009 3:00,213,0.1,0.1,48,70,28.8,0,59816,0,0
4/20/2009 3:10,213,0.1,0.1,47.6,70,28.8,0,60116,0,0
4/20/2009 3:20,213,0.1,0.1,47.4,70,28.8,0,60386,0,0
4/20/2009 3:30,213,0.1,0.1,47.3,70,28.8,0,60676,0.09,0.09
4/20/2009 3:40,213,0.1,0.1,47.3,69,28.8,0,61026,0.02,0.02
4/20/2009 3:50,213,0.1,0.1,47.3,69,28.8,0,61336,0.02,0.02
4/20/2009 4:00,213,0.1,0.1,47.1,69,28.8,0,61656,0,0
4/20/2009 4:10,213,0.1,0.1,47.1,69,28.8,0,61936,0.03,0.03
4/20/2009 4:20,213,0.1,0.1,47.1,69,28.8,0,62496,0.15,0.15
4/20/2009 4:30,213,0.1,0.1,46.9,70,28.8,0,62976,0.04,0.04
4/20/2009 4:40,213,0.1,0.1,46.7,71,28.8,0,63366,0,0
4/20/2009 4:50,213,0.1,0.1,46.2,73,28.8,0,63796,0.01,0.01
4/20/2009 5:00,213,0.1,0.1,45.6,75,28.8,0,64166,0.07,0.07
4/20/2009 5:10,213,0.1,0.1,44.9,80,28.8,0,64736,0.03,0.03
4/20/2009 5:20,213,0.1,0.1,44.9,79,28.8,0,65306,0.18,0.18
4/20/2009 5:30,213,0.1,0.1,45.5,74,28.8,0,310,0.04,0.04
4/20/2009 5:40,213,0.1,0.1,45.6,72,28.7,0,770,0.13,0.13
4/20/2009 5:50,213,0.1,0.1,45.8,71,28.8,0,1150,0,0
4/20/2009 6:00,213,0.1,0.1,46,71,28.8,0,1530,0,0
4/20/2009 6:10,213,0.1,0.1,46,70,28.8,0,1780,0.09,0.09
4/20/2009 6:20,213,0.1,0.1,46.2,70,28.8,0,2110,0,0
4/20/2009 6:30,213,0.1,0.1,46.2,70,28.8,0,2440,0.02,0.02
4/20/2009 6:40,213,0.1,0.1,46.2,71,28.8,0,2690,0,0
4/20/2009 6:50,213,0.1,0.1,46,71,28.8,0,2950,0.01,0.01
4/20/2009 7:00,213,0.1,0.1,46,72,28.8,0,3360,0.11,0.11
4/20/2009 7:10,213,0.1,0.1,46,73,28.7,0,3940,0.06,0.06
4/20/2009 7:20,213,0.1,0.1,45.3,77,28.8,0,4530,0.06,0.06
4/20/2009 7:30,213,0.1,0.1,44.6,81,28.8,0,5140,0.23,0.23
4/20/2009 7:40,213,0.1,0.1,45.3,77,28.8,0,5660,0.02,0.02
4/20/2009 7:50,213,0.1,0.1,44.9,80,28.8,0,6240,0.11,0.11
4/20/2009 8:00,213,0.1,0.1,45.1,78,28.8,0,6830,0.23,0.23
4/20/2009 8:10,213,0.1,0.1,44.7,80,28.8,0,7430,0.19,0.19
4/20/2009 8:20,213,0.1,0.1,45.3,77,28.8,0,7950,0.02,0.02
4/20/2009 8:30,213,0.1,0.1,45.6,76,28.7,0,8230,0.04,0.04
4/20/2009 8:40,213,0.1,0.1,44.7,84,28.7,0,8830,0.56,0.56
4/20/2009 8:50,213,0.1,0.1,44.9,84,28.8,0,9310,0.01,0.01
4/20/2009 9:00,213,0.1,0.1,45.5,79,28.7,0,9840,0.07,0.07
4/20/2009 9:10,213,0.1,0.1,45.3,80,28.7,0,10390,0.15,0.15
4/20/2009 9:20,213,0.1,0.1,45.3,79,28.7,0,10980,0.26,0.26
4/20/2009 9:30,213,0.1,0.1,44.7,82,28.7,0,11590,0.56,0.56
4/20/2009 9:40,213,0.1,0.1,44.7,80,28.7,0,12180,0.13,0.13
4/20/2009 9:50,213,0.1,0.1,45.6,76,28.7,0,12630,0.02,0.02
4/20/2009 10:00,213,0.1,0.1,46.2,75,28.7,0,12960,0,0
4/20/2009 10:10,213,0.1,0.1,46.7,73,28.7,0,13270,0.01,0.01
4/20/2009 10:20,213,0.1,0.1,47.4,72,28.6,0,13590,0.01,0.01
4/20/2009 10:30,213,0.1,0.1,48,72,28.7,0,13920,0.03,0.03
4/20/2009 10:40,213,0.1,0.1,48.5,72,28.7,0,14150,0.02,0.02
4/20/2009 10:50,213,0.1,0.1,49.2,69,28.7,0,14340,0.04,0.04
4/20/2009 11:00,213,0.1,0.1,48.9,71,28.7,0,14500,0,0
4/20/2009 11:10,213,0.1,0.1,49.1,70,28.7,0,14720,0.03,0.03
4/20/2009 11:20,213,0.1,0.1,49.4,70,28.7,0,14900,0,0
4/20/2009 11:30,213,0.1,0.1,50,69,28.7,0,15030,0.02,0.02
4/20/2009 11:40,213,0.1,0.1,51.6,67,28.7,0,15120,0.01,0.01
4/20/2009 11:50,213,0.1,0.1,52.1,66,28.7,0,15250,0,0
4/20/2009 12:00,213,0.1,0.1,52.3,66,28.7,0,15340,0,0
4/20/2009 12:10,213,0.1,0.1,52.1,66,28.7,0,15510,0.01,0.01
4/20/2009 12:20,213,0.1,0.1,51.9,66,28.7,0,15670,0.01,0.01
4/20/2009 12:30,213,0.1,0.1,51.9,67,28.7,0,15770,0,0
4/20/2009 12:40,213,0.1,0.1,52.1,67,28.7,0,15850,0,0
4/20/2009 12:50,213,0.1,0.1,51.9,68,28.7,0,15980,0,0
4/20/2009 13:00,213,0.1,0.1,52.5,67,28.7,0,16050,0,0
4/20/2009 13:10,213,0.1,0.1,52.8,67,28.7,0,16150,0,0
4/20/2009 13:20,213,0.1,0.1,53,65,28.7,0,16420,0,0
4/20/2009 13:30,213,0.1,0.1,53.6,64,28.7,0,16670,0,0
4/20/2009 13:40,213,0.1,0.1,53.2,65,28.7,0,17040,0.08,0.08
4/20/2009 13:50,213,0.1,0.1,53.2,67,28.7,0,17260,0,0
4/20/2009 14:00,213,0.1,0.1,52.5,69,28.7,0,17360,0,0
4/20/2009 14:10,213,0.1,0.1,52.5,70,28.7,0,17510,0,0
4/20/2009 14:20,213,0.1,0.1,51.9,70,28.7,0,17690,0.01,0.01
4/20/2009 14:30,213,0.1,0.1,51.4,72,28.7,0,17890,0,0
4/20/2009 14:40,213,0.1,0.1,51.2,72,28.7,0,17900,0,0
4/20/2009 14:50,213,0.1,0.1,51.4,72,28.7,0,17940,0,0
4/20/2009 15:00,213,0.1,0.1,50.9,75,28.7,0,17980,0,0
4/20/2009 15:10,213,0.1,0.1,50.3,77,28.7,0,18220,0.08,0.08
4/20/2009 15:20,213,0.1,0.1,50.3,76,28.7,0,18340,0,0
4/20/2009 15:30,213,0.1,0.1,50.3,77,28.7,0,18370,0,0
4/20/2009 15:40,213,0.1,0.1,50.5,76,28.7,0,18450,0.03,0.03
4/20/2009 15:50,213,0.1,0.1,49.6,81,28.7,0,19040,0.09,0.09
4/20/2009 16:00,213,0.1,0.1,48.5,86,28.8,0,19640,0.08,0.08
4/20/2009 16:10,213,0.1,0.1,48.3,87,28.8,0,20240,0.25,0.25
4/20/2009 16:20,213,0.1,0.1,47.3,89,28.8,0,20840,0.17,0.17
4/20/2009 16:30,213,0.1,0.1,46.5,90,28.8,0,21440,0.36,0.36
4/20/2009 16:40,213,0.1,0.1,45.8,91,28.8,0,22040,0.49,0.49
4/20/2009 16:50,213,0.1,0.1,45.5,91,28.8,0,22640,0.15,0.15
4/20/2009 17:00,213,0.1,0.1,45.6,91,28.8,0,23240,0.04,0.04
4/20/2009 17:10,213,0.1,0.1,45.5,91,28.8,0,23800,0.04,0.04
4/20/2009 17:20,213,0.1,0.1,45.1,90,28.9,0,24320,0.01,0.01
4/20/2009 17:30,213,0.1,0.1,44.9,90,28.9,0,24890,0.18,0.18
4/20/2009 17:40,213,0.1,0.1,44.7,90,28.9,0,25490,0.3,0.3
4/20/2009 17:50,213,0.1,0.1,44.7,89,28.9,0,26060,0.02,0.02
4/20/2009 18:00,213,0.1,0.1,44.7,90,28.9,0,26650,0.02,0.02
4/20/2009 18:10,213,0.1,0.1,45.1,90,28.9,0,26970,0,0
4/20/2009 18:20,213,0.1,0.1,45.1,90,28.9,0,27260,0,0
4/20/2009 18:30,213,0.1,0.1,45.8,89,28.9,0,27340,0,0
4/20/2009 18:40,213,0.1,0.1,46.7,85,28.9,0,27350,0,0
4/20/2009 18:50,213,0.1,0.1,46.9,81,28.9,0,27350,0,0
4/20/2009 19:00,213,0.1,0.1,47.1,81,28.9,0,27350,0,0
4/20/2009 19:10,213,0.1,0.1,47.1,81,28.9,0,27350,0,0
4/20/2009 19:20,213,0.1,0.1,47.1,81,28.9,0,27350,0,0
4/20/2009 19:30,213,0.1,0.1,47.3,81,28.9,0,27350,0,0
4/20/2009 19:40,213,0.1,0.1,47.4,80,28.9,0,27350,0,0
4/20/2009 19:50,213,0.1,0.1,47.4,79,28.9,0,27350,0,0
4/20/2009 20:00,213,0.1,0.1,47.3,80,28.9,0,27350,0,0
4/20/2009 20:10,213,0.1,0.1,47.1,80,28.9,0,27350,0,0
4/20/2009 20:20,213,0.1,0.1,47.3,79,28.9,0,27350,0,0
4/20/2009 20:30,213,0.1,0.1,47.4,79,28.9,0,27350,0,0
4/20/2009 20:40,213,0.1,0.1,47.4,78,28.9,0,27350,0,0
4/20/2009 20:50,213,0.1,0.1,47.4,79,28.9,0,27350,0,0
4/20/2009 21:00,213,0.1,0.1,47.4,78,28.9,0,27350,0,0
4/20/2009 21:10,213,0.1,0.1,47.4,77,28.9,0,27350,0,0
4/20/2009 21:20,213,0.1,0.1,47.1,77,28.9,0,27350,0,0
4/20/2009 21:30,213,0.1,0.1,46.9,78,28.9,0,27350,0,0
4/20/2009 21:40,213,0.1,0.1,46.7,79,28.9,0,27350,0,0
4/20/2009 21:50,213,0.1,0.1,46.5,80,28.9,0,27350,0,0
4/20/2009 22:00,213,0.1,0.1,46.4,80,28.9,0,27350,0,0
4/20/2009 22:10,213,0.1,0.1,46.2,80,28.9,0,27350,0,0
4/20/2009 22:20,213,0.1,0.1,46,81,28.9,0,27350,0,0
4/20/2009 22:30,213,0.1,0.1,46,81,28.9,0,27350,0,0
4/20/2009 22:40,213,0.1,0.1,46,81,28.9,0,27350,0,0
4/20/2009 22:50,213,0.1,0.1,46,81,28.9,0,27350,0,0
4/20/2009 23:00,213,0.1,0.1,45.8,81,28.9,0,27350,0,0
4/20/2009 23:10,213,0.1,0.1,45.6,81,28.9,0,27350,0,0
4/20/2009 23:20,213,0.1,0.1,45.8,81,28.9,0,27350,0,0
4/20/2009 23:30,213,0.1,0.1,45.8,81,28.9,0,27350,0,0
4/20/2009 23:40,213,0.1,0.1,45.8,81,28.9,0,27350,0,0
4/20/2009 23:50,213,0.1,0.1,45.6,81,28.9,0,27350,0,0
4/21/2009 0:00,213,0.1,0.1,45.8,81,28.9,0,27350,0,0
4/21/2009 0:10,213,0.1,0.1,46.2,80,28.9,0,27350,0,0
4/21/2009 0:20,213,0.1,0.1,46.5,79,28.9,0,27350,0,0
4/21/2009 0:30,213,0.1,0.1,46.5,79,28.9,0,27350,0,0
4/21/2009 0:40,213,0.1,0.1,46.7,79,28.9,0,27350,0,0
4/21/2009 0:50,213,0.1,0.1,46.9,78,28.9,0,27350,0,0
4/21/2009 1:00,213,0.1,0.1,47.1,77,28.9,0,27350,0,0
4/21/2009 1:10,213,0.1,0.1,46.9,77,28.9,0,27350,0,0
4/21/2009 1:20,213,0.1,0.1,46.7,78,28.9,0,27350,0,0
4/21/2009 1:30,213,0.1,0.1,46.7,78,28.9,0,27350,0,0
4/21/2009 1:40,213,0.1,0.1,46.5,78,28.9,0,27350,0,0
4/21/2009 1:50,213,0.1,0.1,46.2,80,28.9,0,27350,0,0
4/21/2009 2:00,213,0.1,0.1,46,80,28.9,0,27350,0,0
4/21/2009 2:10,213,0.1,0.1,46,80,28.8,0,27350,0,0
4/21/2009 2:20,213,0.1,0.1,46.2,79,28.8,0,27350,0,0
4/21/2009 2:30,213,0.1,0.1,46.5,76,28.8,0,27350,0,0
4/21/2009 2:40,213,0.1,0.1,46.5,75,28.8,0,27350,0,0
4/21/2009 2:50,213,0.1,0.1,46.4,75,28.8,0,27350,0,0
4/21/2009 3:00,213,0.1,0.1,46.2,75,28.8,0,27350,0,0
4/21/2009 3:10,213,0.1,0.1,45.8,76,28.8,0,27350,0,0
4/21/2009 3:20,213,0.1,0.1,45.5,77,28.8,0,27350,0,0
4/21/2009 3:30,213,0.1,0.1,45.5,78,28.8,0,27350,0,0
4/21/2009 3:40,213,0.1,0.1,45.3,78,28.8,0,27350,0,0
4/21/2009 3:50,213,0.1,0.1,45.3,78,28.8,0,27350,0,0
4/21/2009 4:00,213,0.1,0.1,45.3,77,28.8,0,27350,0,0
4/21/2009 4:10,213,0.1,0.1,45.3,77,28.8,0,27350,0,0
4/21/2009 4:20,213,0.1,0.1,45.5,76,28.8,0,27350,0,0
4/21/2009 4:30,213,0.1,0.1,45.6,75,28.8,0,27350,0,0
4/21/2009 4:40,213,0.1,0.1,45.8,74,28.8,0,27350,0,0
4/21/2009 4:50,213,0.1,0.1,46,73,28.8,0,27350,0,0
4/21/2009 5:00,213,0.1,0.1,46.4,72,28.8,0,27350,0,0
4/21/2009 5:10,213,0.1,0.1,46.5,72,28.8,0,27350,0,0
4/21/2009 5:20,213,0.1,0.1,46.7,71,28.8,0,27350,0,0
4/21/2009 5:30,213,0.1,0.1,46.7,71,28.9,0,27350,0,0
4/21/2009 5:40,213,0.1,0.1,47.4,69,28.8,0,27350,0,0
4/21/2009 5:50,213,0.1,0.1,47.3,69,28.9,0,27350,0,0
4/21/2009 6:00,213,0.1,0.1,47.8,67,28.8,0,27380,0,0
4/21/2009 6:10,213,0.1,0.1,48,68,28.9,0,27380,0,0
4/21/2009 6:20,213,0.1,0.1,48,66,28.8,0,27380,0,0
4/21/2009 6:30,213,0.1,0.1,48.3,66,28.8,0,27380,0,0
4/21/2009 6:40,213,0.1,0.1,48,67,28.8,0,27380,0,0
4/21/2009 6:50,213,0.1,0.1,48.7,65,28.8,0,27380,0,0
4/21/2009 7:00,213,0.1,0.1,49.6,62,28.8,0,27380,0,0
4/21/2009 7:10,213,0.1,0.1,49.4,62,28.8,0,27380,0,0
4/21/2009 7:20,213,0.1,0.1,50.5,60,28.8,0,27380,0,0
4/21/2009 7:30,213,0.1,0.1,50.7,58,28.8,0,27380,0,0
4/21/2009 7:40,213,0.1,0.1,50.3,60,28.8,0,27380,0,0
4/21/2009 7:50,213,0.1,0.1,50.1,64,28.8,0,27560,0.01,0.01
4/21/2009 8:00,213,0.1,0.1,49.2,65,28.8,0,27600,0,0
4/21/2009 8:10,213,0.1,0.1,48.7,68,28.8,0,27850,0,0
4/21/2009 8:20,213,0.1,0.1,48.7,66,28.8,0,28200,0.01,0.01
4/21/2009 8:30,213,0.1,0.1,48,68,28.8,0,28600,0,0
4/21/2009 8:40,213,0.1,0.1,47.6,70,28.8,0,28600,0,0
4/21/2009 8:50,213,0.1,0.1,48.2,72,28.8,0,28620,0,0
4/21/2009 9:00,213,0.1,0.1,48.7,71,28.8,0,28650,0,0
4/21/2009 9:10,213,0.1,0.1,49.4,68,28.8,0,28690,0,0
4/21/2009 9:20,213,0.1,0.1,50.1,66,28.8,0,28690,0,0
4/21/2009 9:30,213,0.1,0.1,50.5,65,28.8,0,28700,0,0
4/21/2009 9:40,213,0.1,0.1,50.7,63,28.8,0,28700,0,0
4/21/2009 9:50,213,0.1,0.1,50.9,59,28.8,0,28700,0,0
4/21/2009 10:00,213,0.1,0.1,50.9,56,28.8,0,28700,0,0
4/21/2009 10:10,213,0.1,0.1,50.5,56,28.8,0,28700,0,0
4/21/2009 10:20,213,0.1,0.1,50.7,56,28.8,0,28700,0,0
4/21/2009 10:30,213,0.1,0.1,51.2,54,28.8,0,28700,0,0
4/21/2009 10:40,213,0.1,0.1,51.6,55,28.8,0,28700,0,0
4/21/2009 10:50,213,0.1,0.1,51.9,55,28.8,0,28700,0,0
4/21/2009 11:00,213,0.1,0.1,50.7,57,28.8,0,28700,0,0
4/21/2009 11:10,213,0.1,0.1,45.8,70,28.8,0,29030,0.02,0.02
4/21/2009 11:20,213,0.1,0.1,44.7,76,28.8,0,29360,0,0
4/21/2009 11:30,213,0.1,0.1,44.6,77,28.8,0,29490,0,0
4/21/2009 11:40,213,0.1,0.1,44.7,78,28.8,0,29710,0,0
4/21/2009 11:50,213,0.1,0.1,46.4,76,28.8,0,29750,0,0
4/21/2009 12:00,213,0.1,0.1,47.1,73,28.8,0,29750,0,0
4/21/2009 12:10,213,0.1,0.1,46.5,73,28.8,0,29750,0,0
4/21/2009 12:20,213,0.1,0.1,45.5,76,28.8,0,29890,0,0
4/21/2009 12:30,213,0.1,0.1,44.9,80,28.8,0,29890,0,0
4/21/2009 12:40,213,0.1,0.1,44.7,78,28.8,0,29890,0,0
4/21/2009 12:50,213,0.1,0.1,44.7,77,28.8,0,29890,0,0
4/21/2009 13:00,213,0.1,0.1,45.5,74,28.8,0,29890,0,0
4/21/2009 13:10,213,0.1,0.1,45.6,72,28.8,0,29890,0,0
4/21/2009 13:20,213,0.1,0.1,45.1,73,28.8,0,29900,0,0
4/21/2009 13:30,213,0.1,0.1,44.6,75,28.8,0,29970,0,0
4/21/2009 13:40,213,0.1,0.1,43.3,79,28.8,0,29980,0,0
4/21/2009 13:50,213,0.1,0.1,43.3,79,28.8,0,29990,0,0
4/21/2009 14:00,213,0.1,0.1,43.5,82,28.8,0,29990,0,0
4/21/2009 14:10,213,0.1,0.1,43.1,80,28.8,0,30000,0,0
4/21/2009 14:20,213,0.1,0.1,43.7,80,28.8,0,30440,0,0
4/21/2009 14:30,213,0.1,0.1,43.7,78,28.8,0,30460,0,0
4/21/2009 14:40,213,0.1,0.1,43.8,77,28.8,0,30480,0,0
4/21/2009 14:50,213,0.1,0.1,44,72,28.8,0,31000,0.01,0.01
4/21/2009 15:00,213,0.1,0.1,43.8,76,28.8,0,31370,0.05,0.05
4/21/2009 15:10,213,0.1,0.1,43.8,73,28.8,0,31730,0,0
4/21/2009 15:20,213,0.1,0.1,44,75,28.8,0,31730,0,0
4/21/2009 15:30,213,0.1,0.1,43.8,73,28.8,0,31730,0,0
4/21/2009 15:40,213,0.1,0.1,43.8,74,28.8,0,31730,0,0
4/21/2009 15:50,213,0.1,0.1,43.8,72,28.8,0,31730,0,0
4/21/2009 16:00,213,0.1,0.1,43.8,74,28.8,0,31810,0.03,0.03
4/21/2009 16:10,213,0.1,0.1,43.7,79,28.8,0,32380,0.09,0.09
4/21/2009 16:20,213,0.1,0.1,42.6,82,28.8,0,32890,0,0
4/21/2009 16:30,213,0.1,0.1,42.4,84,28.8,0,32890,0,0
4/21/2009 16:40,213,0.1,0.1,42.9,81,28.8,0,32890,0,0
4/21/2009 16:50,213,0.1,0.1,42.9,81,28.8,0,32890,0,0
4/21/2009 17:00,213,0.1,0.1,42.9,82,28.8,0,32890,0,0
4/21/2009 17:10,213,0.1,0.1,42.9,83,28.8,0,32890,0,0
4/21/2009 17:20,213,0.1,0.1,42.8,83,28.8,0,32890,0,0
4/21/2009 17:30,213,0.1,0.1,42.9,84,28.8,0,32890,0,0
4/21/2009 17:40,213,0.1,0.1,43.1,84,28.8,0,32890,0,0
4/21/2009 17:50,213,0.1,0.1,43.1,84,28.8,0,32890,0,0
4/21/2009 18:00,213,0.1,0.1,43.1,85,28.8,0,32890,0,0
4/21/2009 18:10,213,0.1,0.1,43.3,84,28.8,0,32890,0,0
4/21/2009 18:20,213,0.1,0.1,42.9,84,28.8,0,32890,0,0
4/21/2009 18:30,213,0.1,0.1,43.1,84,28.8,0,32890,0,0
4/21/2009 18:40,213,0.1,0.1,42.9,85,28.8,0,32890,0,0
4/21/2009 18:50,213,0.1,0.1,42.9,84,28.8,0,32890,0,0
4/21/2009 19:00,213,0.1,0.1,43.1,83,28.8,0,32890,0,0
4/21/2009 19:10,213,0.1,0.1,43.7,81,28.8,0,32890,0,0
4/21/2009 19:20,213,0.1,0.1,43.3,80,28.8,0,32920,0,0
4/21/2009 19:30,213,0.1,0.1,43.1,80,28.8,0,32930,0,0
4/21/2009 19:40,213,0.1,0.1,42.6,80,28.8,0,33210,0.04,0.04
4/21/2009 19:50,213,0.1,0.1,42.2,81,28.8,0,33330,0,0
4/21/2009 20:00,213,0.1,0.1,42.4,81,28.8,0,33330,0,0
4/21/2009 20:10,213,0.1,0.1,42.4,81,28.8,0,33330,0,0
4/21/2009 20:20,213,0.1,0.1,42.6,79,28.8,0,33330,0,0
4/21/2009 20:30,213,0.1,0.1,42.9,76,28.8,0,33330,0,0
4/21/2009 20:40,213,0.1,0.1,43.5,73,28.8,0,33330,0,0
4/21/2009 20:50,213,0.1,0.1,43.7,71,28.8,0,33330,0,0
4/21/2009 21:00,213,0.1,0.1,43.8,70,28.8,0,33330,0,0
4/21/2009 21:10,213,0.1,0.1,44,69,28.8,0,33330,0,0
4/21/2009 21:20,213,0.1,0.1,44.2,69,28.8,0,33330,0,0
4/21/2009 21:30,213,0.1,0.1,44.4,68,28.8,0,33330,0,0
4/21/2009 21:40,213,0.1,0.1,44.4,67,28.8,0,33330,0,0
4/21/2009 21:50,213,0.1,0.1,44.2,67,28.8,0,33330,0,0
4/21/2009 22:00,213,0.1,0.1,43.1,75,28.8,0,33430,0,0
4/21/2009 22:10,213,0.1,0.1,43.5,70,28.8,0,33430,0,0
4/21/2009 22:20,213,0.1,0.1,43.8,68,28.8,0,33430,0,0
4/21/2009 22:30,213,0.1,0.1,43.8,69,28.8,0,33430,0,0
4/21/2009 22:40,213,0.1,0.1,43.3,70,28.8,0,33430,0,0
4/21/2009 22:50,213,0.1,0.1,42.4,71,28.8,0,33430,0,0
4/21/2009 23:00,213,0.1,0.1,42,74,28.8,0,33430,0,0
4/21/2009 23:10,213,0.1,0.1,41.7,76,28.8,0,33430,0,0
4/21/2009 23:20,213,0.1,0.1,40.1,83,28.8,0,33810,0,0
4/21/2009 23:30,213,0.1,0.1,39.9,82,28.8,0,34230,0.03,0.03
4/21/2009 23:40,213,0.1,0.1,39.7,83,28.8,0,34810,0.07,0.07
4/21/2009 23:50,213,0.1,0.1,39.9,83,28.8,0,35010,0,0
4/22/2009 0:00,213,0.1,0.1,39.9,83,28.8,0,35010,0,0
4/22/2009 0:10,213,0.1,0.1,39.7,83,28.8,0,35030,0,0
4/22/2009 0:20,213,0.1,0.1,39.2,83,28.8,0,35270,0,0
4/22/2009 0:30,213,0.1,0.1,39.5,78,28.8,0,35780,0.01,0.01
4/22/2009 0:40,213,0.1,0.1,39.5,80,28.8,0,36140,0,0
4/22/2009 0:50,213,0.1,0.1,39.7,82,28.8,0,36140,0,0
4/22/2009 1:00,213,0.1,0.1,39.7,83,28.8,0,36140,0,0
4/22/2009 1:10,213,0.1,0.1,39.7,83,28.8,0,36140,0,0
4/22/2009 1:20,213,0.1,0.1,39.7,84,28.8,0,36140,0,0
4/22/2009 1:30,213,0.1,0.1,39.5,85,28.8,0,36140,0,0
4/22/2009 1:40,213,0.1,0.1,39.9,84,28.8,0,36140,0,0
4/22/2009 1:50,213,0.1,0.1,40.2,82,28.8,0,36140,0,0
4/22/2009 2:00,213,0.1,0.1,38.6,84,28.8,0,36530,0.01,0.01
4/22/2009 2:10,213,0.1,0.1,39,86,28.8,0,36570,0,0
4/22/2009 2:20,213,0.1,0.1,38.6,86,28.8,0,36780,0,0
4/22/2009 2:30,213,0.1,0.1,39,85,28.8,0,36780,0,0
4/22/2009 2:40,213,0.1,0.1,39,83,28.8,0,36780,0,0
4/22/2009 2:50,213,0.1,0.1,39.2,82,28.8,0,36780,0,0
4/22/2009 3:00,213,0.1,0.1,39.3,80,28.8,0,36780,0,0
4/22/2009 3:10,213,0.1,0.1,39,84,28.8,0,36780,0,0
4/22/2009 3:20,213,0.1,0.1,39,79,28.8,0,36780,0,0
4/22/2009 3:30,213,0.1,0.1,39.2,78,28.8,0,36780,0,0
4/22/2009 3:40,213,0.1,0.1,39,78,28.8,0,36780,0,0
4/22/2009 3:50,213,0.1,0.1,38.6,79,28.8,0,36790,0,0
4/22/2009 4:00,213,0.1,0.1,38.3,82,28.8,0,37080,0.02,0.02
4/22/2009 4:10,213,0.1,0.1,38.3,82,28.8,0,37080,0,0
4/22/2009 4:20,213,0.1,0.1,38.6,81,28.8,0,37080,0,0
4/22/2009 4:30,213,0.1,0.1,38.6,80,28.8,0,37220,0,0
4/22/2009 4:40,213,0.1,0.1,38.6,80,28.8,0,37240,0.01,0.01
4/22/2009 4:50,213,0.1,0.1,37.7,83,28.8,0,37700,0,0
4/22/2009 5:00,213,0.1,0.1,37.5,84,28.8,0,38260,0.02,0.02
4/22/2009 5:10,213,0.1,0.1,37.5,85,28.9,0,38380,0,0
4/22/2009 5:20,213,0.1,0.1,36.3,88,28.9,0,38740,0.01,0.01
4/22/2009 5:30,213,0.1,0.1,36.6,88,28.9,0,38860,0.03,0.03
4/22/2009 5:40,213,0.1,0.1,36.6,87,28.9,0,39120,0.01,0.01
4/22/2009 5:50,213,0.1,0.1,36.6,86,28.9,0,39610,0,0
4/22/2009 6:00,213,0.1,0.1,36.8,86,28.9,0,39700,0,0
4/22/2009 6:10,213,0.1,0.1,37.2,86,28.9,0,39700,0,0
4/22/2009 6:20,213,0.1,0.1,37.2,86,28.9,0,39790,0,0
4/22/2009 6:30,213,0.1,0.1,37.4,87,28.9,0,39970,0.08,0.08
4/22/2009 6:40,213,0.1,0.1,36.6,86,28.9,0,40380,0,0
4/22/2009 6:50,213,0.1,0.1,37.4,86,28.9,0,40380,0,0
4/22/2009 7:00,213,0.1,0.1,37.9,85,28.9,0,40380,0,0
4/22/2009 7:10,213,0.1,0.1,38.4,84,28.9,0,40380,0,0
4/22/2009 7:20,213,0.1,0.1,38.6,83,28.9,0,40400,0,0
4/22/2009 7:30,213,0.1,0.1,39.2,83,28.9,0,40540,0,0
4/22/2009 7:40,213,0.1,0.1,39.3,82,28.9,0,40620,0,0
4/22/2009 7:50,213,0.1,0.1,38.8,81,28.9,0,41010,0.01,0.01
4/22/2009 8:00,213,0.1,0.1,38.4,83,28.9,0,41180,0,0
4/22/2009 8:10,213,0.1,0.1,38.8,83,28.9,0,41420,0,0
4/22/2009 8:20,213,0.1,0.1,39.5,78,28.9,0,41500,0,0
4/22/2009 8:30,213,0.1,0.1,39.3,77,28.9,0,41530,0,0
4/22/2009 8:40,213,0.1,0.1,39.2,80,28.9,0,41640,0,0
4/22/2009 8:50,213,0.1,0.1,39.5,80,28.9,0,41640,0,0
4/22/2009 9:00,213,0.1,0.1,39.5,78,28.9,0,41640,0,0
4/22/2009 9:10,213,0.1,0.1,39.3,80,28.9,0,41650,0,0
4/22/2009 9:20,213,0.1,0.1,38.8,78,28.9,0,41960,0,0
4/22/2009 9:30,213,0.1,0.1,38.4,82,28.9,0,42380,0.06,0.06
4/22/2009 9:40,213,0.1,0.1,38.3,82,28.9,0,42830,0.01,0.01
4/22/2009 9:50,213,0.1,0.1,38.4,83,28.9,0,43000,0,0
4/22/2009 10:00,213,0.1,0.1,39.5,81,28.9,0,43010,0,0
4/22/2009 10:10,213,0.1,0.1,39.3,79,28.9,0,43030,0,0
4/22/2009 10:20,213,0.1,0.1,39.9,78,28.9,0,43030,0,0
4/22/2009 10:30,213,0.1,0.1,40.4,76,28.9,0,43030,0,0
4/22/2009 10:40,213,0.1,0.1,40.8,75,28.9,0,43030,0,0
4/22/2009 10:50,213,0.1,0.1,41.9,73,28.9,0,43030,0,0
4/22/2009 11:00,213,0.1,0.1,41.7,73,28.9,0,43030,0,0
4/22/2009 11:10,213,0.1,0.1,41,73,28.9,0,43030,0,0
4/22/2009 11:20,213,0.1,0.1,41.1,75,28.9,0,43030,0,0
4/22/2009 11:30,213,0.1,0.1,41,74,28.9,0,43030,0,0
4/22/2009 11:40,213,0.1,0.1,41,73,28.9,0,43030,0,0
4/22/2009 11:50,213,0.1,0.1,40.2,76,28.9,0,43030,0,0
4/22/2009 12:00,213,0.1,0.1,39.7,77,28.9,0,43040,0,0
4/22/2009 12:10,213,0.1,0.1,40.2,77,28.9,0,43040,0,0
4/22/2009 12:20,213,0.1,0.1,40.2,75,28.9,0,43040,0,0
4/22/2009 12:30,213,0.1,0.1,40.2,76,28.9,0,43240,0,0
4/22/2009 12:40,213,0.1,0.1,40.6,76,28.9,0,43260,0,0
4/22/2009 12:50,213,0.1,0.1,41.1,73,28.9,0,43260,0,0
4/22/2009 13:00,213,0.1,0.1,41.5,73,28.9,0,43260,0,0
4/22/2009 13:10,213,0.1,0.1,41.7,72,28.9,0,43260,0,0
4/22/2009 13:20,213,0.1,0.1,41.9,72,28.9,0,43260,0,0
4/22/2009 13:30,213,0.1,0.1,41.9,72,28.9,0,43260,0,0
4/22/2009 13:40,213,0.1,0.1,42.6,72,28.9,0,43260,0,0
4/22/2009 13:50,213,0.1,0.1,42.2,70,28.9,0,43260,0,0
4/22/2009 14:00,213,0.1,0.1,42.2,72,28.9,0,43260,0,0
4/22/2009 14:10,213,0.1,0.1,42.6,67,28.9,0,43260,0,0
4/22/2009 14:20,213,0.1,0.1,42.9,68,28.9,0,43260,0,0
4/22/2009 14:30,213,0.1,0.1,43.1,68,28.9,0,43260,0,0
4/22/2009 14:40,213,0.1,0.1,43.5,69,28.9,0,43260,0,0
4/22/2009 14:50,213,0.1,0.1,43.3,69,28.9,0,43260,0,0
4/22/2009 15:00,213,0.1,0.1,43.3,70,29,0,43260,0,0
4/22/2009 15:10,213,0.1,0.1,43.5,71,29,0,43260,0,0
4/22/2009 15:20,213,0.1,0.1,43.5,71,29,0,43260,0,0
4/22/2009 15:30,213,0.1,0.1,43.7,72,29,0,43260,0,0
4/22/2009 15:40,213,0.1,0.1,43.5,74,29,0,43260,0,0
4/22/2009 15:50,213,0.1,0.1,43.7,73,29,0,43260,0,0
4/22/2009 16:00,213,0.1,0.1,43.1,75,29,0,43260,0,0
4/22/2009 16:10,213,0.1,0.1,43.1,77,29,0,43260,0,0
4/22/2009 16:20,213,0.1,0.1,42.9,77,29,0,43260,0,0
4/22/2009 16:30,213,0.1,0.1,42.9,78,29,0,43260,0,0
4/22/2009 16:40,213,0.1,0.1,42.9,79,29,0,43260,0,0
4/22/2009 16:50,213,0.1,0.1,42.8,78,29,0,43260,0,0
4/22/2009 17:00,213,0.1,0.1,42.6,77,29,0,43260,0,0
4/22/2009 17:10,213,0.1,0.1,42.2,79,29,0,43260,0,0
4/22/2009 17:20,213,0.1,0.1,42,80,29,0,43260,0,0
4/22/2009 17:30,213,0.1,0.1,41.9,78,29,0,43260,0,0
4/22/2009 17:40,213,0.1,0.1,41.7,79,29,0,43260,0,0
4/22/2009 17:50,213,0.1,0.1,41.7,80,29,0,43260,0,0
4/22/2009 18:00,213,0.1,0.1,41.7,80,29,0,43260,0,0
4/22/2009 18:10,213,0.1,0.1,41.7,80,29,0,43260,0,0
4/22/2009 18:20,213,0.1,0.1,41.9,81,29,0,43260,0,0
4/22/2009 18:30,213,0.1,0.1,42.2,81,29,0,43260,0,0
4/22/2009 18:40,213,0.1,0.1,42.6,77,29,0,43260,0,0
4/22/2009 18:50,213,0.1,0.1,42.6,79,29,0,43260,0,0
4/22/2009 19:00,213,0.1,0.1,42.4,79,29,0,43260,0,0
4/22/2009 19:10,213,0.1,0.1,42.4,80,29,0,43260,0,0
4/22/2009 19:20,213,0.1,0.1,42.6,79,29,0,43260,0,0
4/22/2009 19:30,213,0.1,0.1,42.4,79,29,0,43260,0,0
4/22/2009 19:40,213,0.1,0.1,42,80,29,0,43260,0,0
4/22/2009 19:50,213,0.1,0.1,42,81,29,0,43260,0,0
4/22/2009 20:00,213,0.1,0.1,41.9,83,29,0,43260,0,0
4/22/2009 20:10,213,0.1,0.1,41.7,83,29,0,43260,0,0
4/22/2009 20:20,213,0.1,0.1,41.5,84,29,0,43260,0,0
4/22/2009 20:30,213,0.1,0.1,41.1,85,29,0,43260,0,0
4/22/2009 20:40,213,0.1,0.1,41.3,85,29,0,43260,0,0
4/22/2009 20:50,213,0.1,0.1,41.3,84,29,0,43260,0,0
4/22/2009 21:00,213,0.1,0.1,41.5,82,29,0,43260,0,0
4/22/2009 21:10,213,0.1,0.1,41.7,79,29,0,43260,0,0
4/22/2009 21:20,213,0.1,0.1,41.5,78,29,0,43260,0,0
4/22/2009 21:30,213,0.1,0.1,41.5,79,29,0,43260,0,0
4/22/2009 21:40,213,0.1,0.1,41.3,80,29,0,43260,0,0
4/22/2009 21:50,213,0.1,0.1,41.1,80,29,0,43260,0,0
4/22/2009 22:00,213,0.1,0.1,41,77,29,0,43260,0,0
4/22/2009 22:10,213,0.1,0.1,41,77,29,0,43260,0,0
4/22/2009 22:20,213,0.1,0.1,40.6,75,29.1,0,43260,0,0
4/22/2009 22:30,213,0.1,0.1,40.4,74,29.1,0,43260,0,0
4/22/2009 22:40,213,0.1,0.1,40.2,73,29.1,0,43260,0,0
4/22/2009 22:50,213,0.1,0.1,40.1,73,29.1,0,43260,0,0
4/22/2009 23:00,213,0.1,0.1,39.9,76,29.1,0,43260,0,0
4/22/2009 23:10,213,0.1,0.1,39.7,74,29.1,0,43260,0,0
4/22/2009 23:20,213,0.1,0.1,39.9,71,29.1,0,43260,0,0
4/22/2009 23:30,213,0.1,0.1,39.9,72,29.1,0,43260,0,0
4/22/2009 23:40,213,0.1,0.1,39.9,71,29.1,0,43260,0,0
4/22/2009 23:50,213,0.1,0.1,39.9,72,29.1,0,43260,0,0
4/23/2009 0:00,213,0.1,0.1,39.7,73,29.1,0,43260,0,0
4/23/2009 0:10,213,0.1,0.1,39.7,76,29.1,0,43260,0,0
4/23/2009 0:20,213,0.1,0.1,39.3,73,29.1,0,43260,0,0
4/23/2009 0:30,213,0.1,0.1,39.5,74,29.1,0,43260,0,0
4/23/2009 0:40,213,0.1,0.1,39.3,71,29.1,0,43260,0,0
4/23/2009 0:50,213,0.1,0.1,39.2,73,29.1,0,43260,0,0
4/23/2009 1:00,213,0.1,0.1,39,71,29.1,0,43260,0,0
4/23/2009 1:10,213,0.1,0.1,38.8,74,29.1,0,43260,0,0
4/23/2009 1:20,213,0.1,0.1,38.8,74,29.1,0,43260,0,0
4/23/2009 1:30,213,0.1,0.1,38.6,73,29.1,0,43260,0,0
4/23/2009 1:40,213,0.1,0.1,38.6,71,29.1,0,43260,0,0
4/23/2009 1:50,213,0.1,0.1,38.6,70,29.1,0,43260,0,0
4/23/2009 2:00,213,0.1,0.1,38.6,69,29.1,0,43260,0,0
4/23/2009 2:10,213,0.1,0.1,38.4,73,29.1,0,43260,0,0
4/23/2009 2:20,213,0.1,0.1,38.6,74,29.1,0,43260,0,0
4/23/2009 2:30,213,0.1,0.1,38.6,72,29.1,0,43260,0,0
4/23/2009 2:40,213,0.1,0.1,38.3,69,29.1,0,43260,0,0
4/23/2009 2:50,213,0.1,0.1,38.3,72,29.1,0,43260,0,0
4/23/2009 3:00,213,0.1,0.1,38.1,72,29.1,0,43260,0,0
4/23/2009 3:10,213,0.1,0.1,37.9,73,29.1,0,43260,0,0
4/23/2009 3:20,213,0.1,0.1,38.1,75,29.1,0,43260,0,0
4/23/2009 3:30,213,0.1,0.1,37.9,76,29.1,0,43260,0,0
4/23/2009 3:40,213,0.1,0.1,37.7,77,29.2,0,43260,0,0
4/23/2009 3:50,213,0.1,0.1,37.7,78,29.2,0,43260,0,0
4/23/2009 4:00,213,0.1,0.1,37.5,79,29.2,0,43260,0,0
4/23/2009 4:10,213,0.1,0.1,37.5,79,29.2,0,43260,0,0
4/23/2009 4:20,213,0.1,0.1,37.9,79,29.2,0,43260,0,0
4/23/2009 4:30,213,0.1,0.1,37.5,80,29.2,0,43260,0,0
4/23/2009 4:40,213,0.1,0.1,37.9,79,29.2,0,43260,0,0
4/23/2009 4:50,213,0.1,0.1,37.7,78,29.2,0,43260,0,0
4/23/2009 5:00,213,0.1,0.1,37.7,76,29.2,0,43260,0,0
4/23/2009 5:10,213,0.1,0.1,37.9,81,29.2,0,43260,0,0
4/23/2009 5:20,213,0.1,0.1,37.5,79,29.2,0,43260,0,0
4/23/2009 5:30,213,0.1,0.1,37.4,77,29.2,0,43260,0,0
4/23/2009 5:40,213,0.1,0.1,37.7,80,29.2,0,43260,0,0
4/23/2009 5:50,213,0.1,0.1,37.7,79,29.2,0,43260,0,0
4/23/2009 6:00,213,0.1,0.1,37.4,78,29.2,0,43260,0,0
4/23/2009 6:10,213,0.1,0.1,37.5,78,29.2,0,43260,0,0
4/23/2009 6:20,213,0.1,0.1,37.5,79,29.3,0,43260,0,0
4/23/2009 6:30,213,0.1,0.1,37.5,77,29.3,0,43260,0,0
4/23/2009 6:40,213,0.1,0.1,37.9,79,29.3,0,43260,0,0
4/23/2009 6:50,213,0.1,0.1,37.9,76,29.3,0,43260,0,0
4/23/2009 7:00,213,0.1,0.1,38.1,75,29.3,0,43260,0,0
4/23/2009 7:10,213,0.1,0.1,37.9,76,29.3,0,43260,0,0
4/23/2009 7:20,213,0.1,0.1,37.9,75,29.3,0,43260,0,0
4/23/2009 7:30,213,0.1,0.1,37.7,76,29.3,0,43260,0,0
4/23/2009 7:40,213,0.1,0.1,38.1,75,29.3,0,43260,0,0
4/23/2009 7:50,213,0.1,0.1,38.3,75,29.3,0,43260,0,0
4/23/2009 8:00,213,0.1,0.1,38.4,76,29.3,0,43260,0,0
4/23/2009 8:10,213,0.1,0.1,38.6,75,29.3,0,43260,0,0
4/23/2009 8:20,213,0.1,0.1,38.8,75,29.3,0,43260,0,0
4/23/2009 8:30,213,0.1,0.1,38.8,73,29.3,0,43260,0,0
4/23/2009 8:40,213,0.1,0.1,38.8,74,29.3,0,43260,0,0
4/23/2009 8:50,213,0.1,0.1,39.2,76,29.3,0,43260,0,0
4/23/2009 9:00,213,0.1,0.1,39,72,29.3,0,43260,0,0
4/23/2009 9:10,213,0.1,0.1,39,73,29.3,0,43260,0,0
4/23/2009 9:20,213,0.1,0.1,39.5,70,29.3,0,43260,0,0
4/23/2009 9:30,213,0.1,0.1,39.5,70,29.3,0,43260,0,0
4/23/2009 9:40,213,0.1,0.1,40.4,69,29.3,0,43260,0,0
4/23/2009 9:50,213,0.1,0.1,40.6,69,29.3,0,43260,0,0
4/23/2009 10:00,213,0.1,0.1,40.8,68,29.3,0,43260,0,0
4/23/2009 10:10,213,0.1,0.1,41,68,29.3,0,43260,0,0
4/23/2009 10:20,213,0.1,0.1,40.6,68,29.3,0,43260,0,0
4/23/2009 10:30,213,0.1,0.1,40.6,69,29.3,0,43260,0,0
4/23/2009 10:40,213,0.1,0.1,41,68,29.3,0,43260,0,0
4/23/2009 10:50,213,0.1,0.1,41.1,69,29.3,0,43260,0,0
4/23/2009 11:00,213,0.1,0.1,41.1,68,29.3,0,43260,0,0
4/23/2009 11:10,213,0.1,0.1,41,68,29.3,0,43260,0,0
4/23/2009 11:20,213,0.1,0.1,40.8,69,29.3,0,43260,0,0
4/23/2009 11:30,213,0.1,0.1,41.3,68,29.3,0,43260,0,0
4/23/2009 11:40,213,0.1,0.1,41.1,70,29.3,0,43260,0,0
4/23/2009 11:50,213,0.1,0.1,41.1,66,29.3,0,43260,0,0
4/23/2009 12:00,213,0.1,0.1,41.1,69,29.3,0,43260,0,0
4/23/2009 12:10,213,0.1,0.1,41.3,69,29.3,0,43260,0,0
4/23/2009 12:20,213,0.1,0.1,41.7,67,29.3,0,43260,0,0
4/23/2009 12:30,213,0.1,0.1,41.3,68,29.3,0,43260,0,0
4/23/2009 12:40,213,0.1,0.1,41.9,66,29.3,0,43260,0,0
4/23/2009 12:50,213,0.1,0.1,41.9,67,29.3,0,43260,0,0
4/23/2009 13:00,213,0.1,0.1,42.2,67,29.3,0,43260,0,0
4/23/2009 13:10,213,0.1,0.1,42.4,66,29.3,0,43260,0,0
4/23/2009 13:20,213,0.1,0.1,42.6,65,29.3,0,43260,0,0
4/23/2009 13:30,213,0.1,0.1,42.9,63,29.3,0,43260,0,0
4/23/2009 13:40,213,0.1,0.1,43.3,61,29.3,0,43260,0,0
4/23/2009 13:50,213,0.1,0.1,43.1,64,29.3,0,43260,0,0
4/23/2009 14:00,213,0.1,0.1,43.5,62,29.3,0,43260,0,0
4/23/2009 14:10,213,0.1,0.1,43.3,62,29.3,0,43260,0,0
4/23/2009 14:20,213,0.1,0.1,42.9,64,29.3,0,43260,0,0
4/23/2009 14:30,213,0.1,0.1,43.1,63,29.3,0,43260,0,0
4/23/2009 14:40,213,0.1,0.1,43.5,61,29.3,0,43260,0,0
4/23/2009 14:50,213,0.1,0.1,43.3,60,29.3,0,43260,0,0
4/23/2009 15:00,213,0.1,0.1,43.1,60,29.3,0,43260,0,0
4/23/2009 15:10,213,0.1,0.1,44.2,57,29.3,0,43260,0,0
4/23/2009 15:20,213,0.1,0.1,44.4,57,29.3,0,43260,0,0
4/23/2009 15:30,213,0.1,0.1,45.6,51,29.3,0,43260,0,0
4/23/2009 15:40,213,0.1,0.1,46.5,50,29.3,0,43260,0,0
4/23/2009 15:50,213,0.1,0.1,47.6,50,29.3,0,43260,0,0
4/23/2009 16:00,213,0.1,0.1,47.6,52,29.3,0,43260,0,0
4/23/2009 16:10,213,0.1,0.1,48.2,51,29.3,0,43260,0,0
4/23/2009 16:20,213,0.1,0.1,48.3,43,29.3,0,43260,0,0
4/23/2009 16:30,213,0.1,0.1,47.8,41,29.3,0,43260,0,0
4/23/2009 16:40,213,0.1,0.1,47.6,40,29.3,0,43260,0,0
4/23/2009 16:50,213,0.1,0.1,47.4,40,29.3,0,43260,0,0
4/23/2009 17:00,213,0.1,0.1,46.9,40,29.3,0,43260,0,0
4/23/2009 17:10,213,0.1,0.1,46.5,39,29.3,0,43260,0,0
4/23/2009 17:20,213,0.1,0.1,46.2,40,29.3,0,43260,0,0
4/23/2009 17:30,213,0.1,0.1,46,41,29.3,0,43260,0,0
4/23/2009 17:40,213,0.1,0.1,45.8,42,29.3,0,43260,0,0
4/23/2009 17:50,213,0.1,0.1,45.8,42,29.3,0,43260,0,0
4/23/2009 18:00,213,0.1,0.1,45.6,43,29.3,0,43260,0,0
4/23/2009 18:10,213,0.1,0.1,45.3,44,29.3,0,43260,0,0
4/23/2009 18:20,213,0.1,0.1,45.5,44,29.3,0,43260,0,0
4/23/2009 18:30,213,0.1,0.1,45.5,45,29.3,0,43260,0,0
4/23/2009 18:40,213,0.1,0.1,45.3,44,29.3,0,43260,0,0
4/23/2009 18:50,213,0.1,0.1,44.7,46,29.3,0,43260,0,0
4/23/2009 19:00,213,0.1,0.1,44.6,47,29.3,0,43260,0,0
4/23/2009 19:10,213,0.1,0.1,44.6,46,29.3,0,43260,0,0
4/23/2009 19:20,213,0.1,0.1,44.6,46,29.3,0,43260,0,0
4/23/2009 19:30,213,0.1,0.1,44.2,46,29.3,0,43260,0,0
4/23/2009 19:40,213,0.1,0.1,44.4,47,29.3,0,43260,0,0
4/23/2009 19:50,213,0.1,0.1,44.4,48,29.3,0,43260,0,0
4/23/2009 20:00,213,0.1,0.1,44.6,48,29.3,0,43260,0,0
4/23/2009 20:10,213,0.1,0.1,44.9,48,29.3,0,43260,0,0
4/23/2009 20:20,213,0.1,0.1,45.3,48,29.3,0,43260,0,0
4/23/2009 20:30,213,0.1,0.1,45.3,48,29.3,0,43260,0,0
4/23/2009 20:40,213,0.1,0.1,45.5,49,29.3,0,43260,0,0
4/23/2009 20:50,213,0.1,0.1,45.6,49,29.3,0,43260,0,0
4/23/2009 21:00,213,0.1,0.1,46.2,49,29.3,0,43260,0,0
4/23/2009 21:10,213,0.1,0.1,46.5,50,29.3,0,43260,0,0
4/23/2009 21:20,213,0.1,0.1,46.7,50,29.3,0,43260,0,0
4/23/2009 21:30,213,0.1,0.1,46.9,50,29.3,0,43260,0,0
4/23/2009 21:40,213,0.1,0.1,47.1,50,29.3,0,43260,0,0
4/23/2009 21:50,213,0.1,0.1,47.4,50,29.3,0,43260,0,0
4/23/2009 22:00,213,0.1,0.1,47.6,50,29.3,0,43260,0,0
4/23/2009 22:10,213,0.1,0.1,48.2,48,29.3,0,43260,0,0
4/23/2009 22:20,213,0.1,0.1,48.3,48,29.3,0,43260,0,0
4/23/2009 22:30,213,0.1,0.1,48.3,48,29.3,0,43260,0,0
4/23/2009 22:40,213,0.1,0.1,48.5,47,29.3,0,43260,0,0
4/23/2009 22:50,213,0.1,0.1,48.7,47,29.3,0,43260,0,0
4/23/2009 23:00,213,0.1,0.1,48.7,47,29.3,0,43260,0,0
4/23/2009 23:10,213,0.1,0.1,49.2,46,29.3,0,43260,0,0
4/23/2009 23:20,213,0.1,0.1,49.4,45,29.3,0,43260,0,0
4/23/2009 23:30,213,0.1,0.1,49.6,45,29.3,0,43260,0,0
4/23/2009 23:40,213,0.1,0.1,49.6,44,29.3,0,43260,0,0
4/23/2009 23:50,213,0.1,0.1,49.6,44,29.3,0,43260,0,0
4/24/2009 0:00,213,0.1,0.1,49.8,44,29.3,0,43260,0,0
4/24/2009 0:10,213,0.1,0.1,50.1,43,29.3,0,43260,0,0
4/24/2009 0:20,213,0.1,0.1,50.1,43,29.3,0,43260,0,0
4/24/2009 0:30,213,0.1,0.1,50.5,42,29.3,0,43260,0,0
4/24/2009 0:40,213,0.1,0.1,50.7,42,29.3,0,43260,0,0
4/24/2009 0:50,213,0.1,0.1,50.7,42,29.3,0,43260,0,0
4/24/2009 1:00,213,0.1,0.1,50.7,42,29.3,0,43260,0,0
4/24/2009 1:10,213,0.1,0.1,50.7,42,29.3,0,43260,0,0
4/24/2009 1:20,213,0.1,0.1,50.7,42,29.3,0,43260,0,0
4/24/2009 1:30,213,0.1,0.1,50.9,41,29.3,0,43260,0,0
4/24/2009 1:40,213,0.1,0.1,51,40,29.3,0,43260,0,0
4/24/2009 1:50,213,0.1,0.1,50.7,41,29.3,0,43260,0,0
4/24/2009 2:00,213,0.1,0.1,50.3,42,29.3,0,43260,0,0
4/24/2009 2:10,213,0.1,0.1,50.5,41,29.3,0,43260,0,0
4/24/2009 2:20,213,0.1,0.1,51,39,29.3,0,43260,0,0
4/24/2009 2:30,213,0.1,0.1,51.6,38,29.3,0,43260,0,0
4/24/2009 2:40,213,0.1,0.1,52.3,37,29.3,0,43260,0,0
4/24/2009 2:50,213,0.1,0.1,53.2,34,29.3,0,43260,0,0
4/24/2009 3:00,213,0.1,0.1,53.4,34,29.2,0,43260,0,0
4/24/2009 3:10,213,0.1,0.1,52.7,35,29.2,0,43260,0,0
4/24/2009 3:20,213,0.1,0.1,52.3,36,29.2,0,43260,0,0
4/24/2009 3:30,213,0.1,0.1,52.8,35,29.2,0,43260,0,0
4/24/2009 3:40,213,0.1,0.1,53.4,34,29.2,0,43260,0,0
4/24/2009 3:50,213,0.1,0.1,53.4,33,29.2,0,43260,0,0
4/24/2009 4:00,213,0.1,0.1,53.7,33,29.3,0,43260,0,0
4/24/2009 4:10,213,0.1,0.1,53.9,33,29.3,0,43260,0,0
4/24/2009 4:20,213,0.1,0.1,54.8,32,29.3,0,43260,0,0
4/24/2009 4:30,213,0.1,0.1,55.9,30,29.3,0,43260,0,0
4/24/2009 4:40,213,0.1,0.1,55.9,30,29.3,0,43260,0,0
4/24/2009 4:50,213,0.1,0.1,55.9,32,29.3,0,43370,0.06,0.06
4/24/2009 5:00,213,0.1,0.1,53.9,41,29.3,0,43970,0.18,0.18
4/24/2009 5:10,213,0.1,0.1,51.8,47,29.3,0,44570,0.21,0.21
4/24/2009 5:20,213,0.1,0.1,51,51,29.3,0,45020,0,0
4/24/2009 5:30,213,0.1,0.1,50.9,52,29.2,0,45290,0.06,0.06
4/24/2009 5:40,213,0.1,0.1,51.8,52,29.2,0,45320,0,0
4/24/2009 5:50,213,0.1,0.1,52.7,53,29.2,0,45320,0,0
4/24/2009 6:00,213,0.1,0.1,53.6,52,29.2,0,45320,0,0
4/24/2009 6:10,213,0.1,0.1,53.4,53,29.2,0,45320,0,0
4/24/2009 6:20,213,0.1,0.1,54.3,51,29.2,0,45320,0,0
4/24/2009 6:30,213,0.1,0.1,55.5,50,29.2,0,45320,0,0
4/24/2009 6:40,213,0.1,0.1,56.6,50,29.2,0,45320,0,0
4/24/2009 6:50,213,0.1,0.1,58.8,48,29.2,0,45320,0,0
4/24/2009 7:00,213,0.1,0.1,59,48,29.2,0,45320,0,0
4/24/2009 7:10,213,0.1,0.1,59.1,50,29.2,0,45320,0,0
4/24/2009 7:20,213,0.1,0.1,59.5,50,29.2,0,45320,0,0
4/24/2009 7:30,213,0.1,0.1,61.5,48,29.2,0,45320,0,0
4/24/2009 7:40,213,0.1,0.1,63.3,46,29.2,0,45320,0,0
4/24/2009 7:50,213,0.1,0.1,64.5,44,29.2,0,45320,0,0
4/24/2009 8:00,213,0.1,0.1,65.3,43,29.2,0,45320,0,0
4/24/2009 8:10,213,0.1,0.1,65.1,41,29.2,0,45350,0,0
4/24/2009 8:20,213,0.1,0.1,65.3,40,29.2,0,45400,0,0
4/24/2009 8:30,213,0.1,0.1,66.9,37,29.2,0,45400,0,0
4/24/2009 8:40,213,0.1,0.1,68,33,29.2,0,45400,0,0
4/24/2009 8:50,213,0.1,0.1,68.3,33,29.2,0,45400,0,0
4/24/2009 9:00,213,0.1,0.1,69,33,29.2,0,45400,0,0
4/24/2009 9:10,213,0.1,0.1,70.3,33,29.2,0,45400,0,0
4/24/2009 9:20,213,0.1,0.1,70.1,33,29.2,0,45410,0,0
4/24/2009 9:30,213,0.1,0.1,71,33,29.2,0,45410,0,0
4/24/2009 9:40,213,0.1,0.1,70.7,34,29.2,0,45410,0,0
4/24/2009 9:50,213,0.1,0.1,71.2,34,29.2,0,45410,0,0
4/24/2009 10:00,213,0.1,0.1,71.6,34,29.2,0,45410,0,0
4/24/2009 10:10,213,0.1,0.1,72.8,33,29.2,0,45410,0,0
4/24/2009 10:20,213,0.1,0.1,72.8,34,29.2,0,45410,0,0
4/24/2009 10:30,213,0.1,0.1,72.8,33,29.2,0,45410,0,0
4/24/2009 10:40,213,0.1,0.1,72.8,34,29.2,0,45410,0,0
4/24/2009 10:50,213,0.1,0.1,73.9,34,29.2,0,45410,0,0
4/24/2009 11:00,213,0.1,0.1,74.4,33,29.2,0,45410,0,0
4/24/2009 11:10,213,0.1,0.1,74.8,33,29.2,0,45410,0,0
4/24/2009 11:20,213,0.1,0.1,75.7,33,29.2,0,45410,0,0
4/24/2009 11:30,213,0.1,0.1,76.2,33,29.2,0,45410,0,0
4/24/2009 11:40,213,0.1,0.1,76.6,33,29.2,0,45410,0,0
4/24/2009 11:50,213,0.1,0.1,77.3,33,29.2,0,45410,0,0
4/24/2009 12:00,213,0.1,0.1,77.7,32,29.2,0,45410,0,0
4/24/2009 12:10,213,0.1,0.1,77.5,33,29.2,0,45410,0,0
4/24/2009 12:20,213,0.1,0.1,78.2,33,29.2,0,45410,0,0
4/24/2009 12:30,213,0.1,0.1,79.8,32,29.2,0,45410,0,0
4/24/2009 12:40,213,0.1,0.1,80.2,32,29.1,0,45440,0,0
4/24/2009 12:50,213,0.1,0.1,80.6,32,29.1,0,45440,0,0
4/24/2009 13:00,213,0.1,0.1,81.1,32,29.1,0,45440,0,0
4/24/2009 13:10,213,0.1,0.1,81.3,32,29.1,0,45450,0,0
4/24/2009 13:20,213,0.1,0.1,81.8,32,29.1,0,45460,0,0
4/24/2009 13:30,213,0.1,0.1,81.5,32,29.1,0,45460,0,0
4/24/2009 13:40,213,0.1,0.1,81.6,33,29.1,0,45460,0,0
4/24/2009 13:50,213,0.1,0.1,81.8,33,29.1,0,45460,0,0
4/24/2009 14:00,213,0.1,0.1,72.3,42,29.1,0,45460,0,0
4/24/2009 14:10,213,0.1,0.1,73.7,41,29.1,0,45460,0,0
4/24/2009 14:20,213,0.1,0.1,73.7,41,29.1,0,45460,0,0
4/24/2009 14:30,213,0.1,0.1,73.4,41,29.1,0,45460,0,0
4/24/2009 14:40,213,0.1,0.1,78.2,37,29.1,0,45460,0,0
4/24/2009 14:50,213,0.1,0.1,81.6,34,29.1,0,45460,0,0
4/24/2009 15:00,213,0.1,0.1,75.7,39,29.1,0,45460,0,0
4/24/2009 15:10,213,0.1,0.1,77.5,37,29.2,0,45460,0,0
4/24/2009 15:20,213,0.1,0.1,78.4,36,29.1,0,45460,0,0
4/24/2009 15:30,213,0.1,0.1,75.9,39,29.1,0,45460,0,0
4/24/2009 15:40,213,0.1,0.1,77.7,37,29.2,0,45460,0,0
4/24/2009 15:50,213,0.1,0.1,75.3,39,29.1,0,45460,0,0
4/24/2009 16:00,213,0.1,0.1,74.8,40,29.2,0,45460,0,0
4/24/2009 16:10,213,0.1,0.1,75,40,29.2,0,45460,0,0
4/24/2009 16:20,213,0.1,0.1,75,40,29.2,0,45460,0,0
4/24/2009 16:30,213,0.1,0.1,75.7,40,29.2,0,45460,0,0
4/24/2009 16:40,213,0.1,0.1,77.1,39,29.2,0,45460,0,0
4/24/2009 16:50,213,0.1,0.1,76.8,39,29.2,0,45460,0,0
4/24/2009 17:00,213,0.1,0.1,77.5,39,29.2,0,45460,0,0
4/24/2009 17:10,213,0.1,0.1,78.6,38,29.2,0,45460,0,0
4/24/2009 17:20,213,0.1,0.1,78.8,38,29.2,0,45460,0,0
4/24/2009 17:30,213,0.1,0.1,78.9,37,29.2,0,45460,0,0
4/24/2009 17:40,213,0.1,0.1,78.8,37,29.2,0,45460,0,0
4/24/2009 17:50,213,0.1,0.1,78.6,37,29.2,0,45460,0,0
4/24/2009 18:00,213,0.1,0.1,78.6,37,29.2,0,45460,0,0
4/24/2009 18:10,213,0.1,0.1,78.2,37,29.2,0,45460,0,0
4/24/2009 18:20,213,0.1,0.1,78.2,36,29.2,0,45460,0,0
4/24/2009 18:30,213,0.1,0.1,77.9,36,29.2,0,45460,0,0
4/24/2009 18:40,213,0.1,0.1,77.9,36,29.2,0,45460,0,0
4/24/2009 18:50,213,0.1,0.1,78,33,29.2,0,45460,0,0
4/24/2009 19:00,213,0.1,0.1,77.9,31,29.2,0,45460,0,0
4/24/2009 19:10,213,0.1,0.1,77.7,30,29.2,0,45460,0,0
4/24/2009 19:20,213,0.1,0.1,77.1,30,29.2,0,45460,0,0
4/24/2009 19:30,213,0.1,0.1,76.4,29,29.2,0,45460,0,0
4/24/2009 19:40,213,0.1,0.1,76.2,28,29.2,0,45460,0,0
4/24/2009 19:50,213,0.1,0.1,75.9,27,29.2,0,45460,0,0
4/24/2009 20:00,213,0.1,0.1,75.5,27,29.2,0,45460,0,0
4/24/2009 20:10,213,0.1,0.1,75.3,27,29.2,0,45460,0,0
4/24/2009 20:20,213,0.1,0.1,75.2,27,29.2,0,45460,0,0
4/24/2009 20:30,213,0.1,0.1,74.8,28,29.2,0,45460,0,0
4/24/2009 20:40,213,0.1,0.1,74.6,29,29.2,0,45460,0,0
4/24/2009 20:50,213,0.1,0.1,74.3,30,29.2,0,45460,0,0
4/24/2009 21:00,213,0.1,0.1,74.3,31,29.2,0,45460,0,0
4/24/2009 21:10,213,0.1,0.1,74.1,33,29.2,0,45460,0,0
4/24/2009 21:20,213,0.1,0.1,74.3,34,29.2,0,45460,0,0
4/24/2009 21:30,213,0.1,0.1,74.3,35,29.2,0,45460,0,0
4/24/2009 21:40,213,0.1,0.1,74.4,36,29.2,0,45460,0,0
4/24/2009 21:50,213,0.1,0.1,74.4,36,29.2,0,45460,0,0
4/24/2009 22:00,213,0.1,0.1,74.6,36,29.2,0,45460,0,0
4/24/2009 22:10,213,0.1,0.1,74.8,36,29.2,0,45460,0,0
4/24/2009 22:20,213,0.1,0.1,75,35,29.2,0,45460,0,0
4/24/2009 22:30,213,0.1,0.1,75.2,35,29.2,0,45460,0,0
4/24/2009 22:40,213,0.1,0.1,74.8,36,29.2,0,45460,0,0
4/24/2009 22:50,213,0.1,0.1,74.3,37,29.2,0,45460,0,0
4/24/2009 23:00,213,0.1,0.1,73.9,37,29.2,0,45460,0,0
4/24/2009 23:10,213,0.1,0.1,73.7,38,29.2,0,45460,0,0
4/24/2009 23:20,213,0.1,0.1,73.7,38,29.2,0,45460,0,0
4/24/2009 23:30,213,0.1,0.1,73.5,38,29.2,0,45460,0,0
4/24/2009 23:40,213,0.1,0.1,74.3,37,29.2,0,45460,0,0
4/24/2009 23:50,213,0.1,0.1,73.9,38,29.2,0,45460,0,0
4/25/2009 0:00,213,0.1,0.1,73.7,38,29.2,0,45460,0,0
4/25/2009 0:10,213,0.1,0.1,73.7,38,29.2,0,45460,0,0
4/25/2009 0:20,213,0.1,0.1,73.2,39,29.2,0,45460,0,0
4/25/2009 0:30,213,0.1,0.1,73.2,39,29.2,0,45460,0,0
4/25/2009 0:40,213,0.1,0.1,72.6,40,29.2,0,45460,0,0
4/25/2009 0:50,213,0.1,0.1,72.5,40,29.2,0,45460,0,0
4/25/2009 1:00,213,0.1,0.1,71.9,41,29.2,0,45460,0,0
4/25/2009 1:10,213,0.1,0.1,71.7,41,29.2,0,45460,0,0
4/25/2009 1:20,213,0.1,0.1,71.6,41,29.2,0,45460,0,0
4/25/2009 1:30,213,0.1,0.1,71.4,41,29.2,0,45460,0,0
4/25/2009 1:40,213,0.1,0.1,71.4,42,29.2,0,45460,0,0
4/25/2009 1:50,213,0.1,0.1,71.2,42,29.2,0,45460,0,0
4/25/2009 2:00,213,0.1,0.1,71.4,41,29.2,0,45460,0,0
4/25/2009 2:10,213,0.1,0.1,71.2,42,29.2,0,45460,0,0
4/25/2009 2:20,213,0.1,0.1,71.2,41,29.2,0,45460,0,0
4/25/2009 2:30,213,0.1,0.1,70.8,42,29.2,0,45460,0,0
4/25/2009 2:40,213,0.1,0.1,70.8,42,29.2,0,45460,0,0
4/25/2009 2:50,213,0.1,0.1,71,41,29.2,0,45460,0,0
4/25/2009 3:00,213,0.1,0.1,71,41,29.2,0,45460,0,0
4/25/2009 3:10,213,0.1,0.1,70.7,42,29.3,0,45460,0,0
4/25/2009 3:20,213,0.1,0.1,70.7,41,29.3,0,45460,0,0
4/25/2009 3:30,213,0.1,0.1,70.5,42,29.3,0,45460,0,0
4/25/2009 3:40,213,0.1,0.1,70.5,42,29.3,0,45460,0,0
4/25/2009 3:50,213,0.1,0.1,70.5,42,29.3,0,45460,0,0
4/25/2009 4:00,213,0.1,0.1,70.7,41,29.3,0,45460,0,0
4/25/2009 4:10,213,0.1,0.1,71.2,41,29.3,0,45460,0,0
4/25/2009 4:20,213,0.1,0.1,71.6,40,29.3,0,45460,0,0
4/25/2009 4:30,213,0.1,0.1,71.9,39,29.3,0,45460,0,0
4/25/2009 4:40,213,0.1,0.1,72.1,39,29.3,0,45460,0,0
4/25/2009 4:50,213,0.1,0.1,72.1,39,29.3,0,45460,0,0
4/25/2009 5:00,213,0.1,0.1,72.5,39,29.3,0,45460,0,0
4/25/2009 5:10,213,0.1,0.1,72.6,39,29.3,0,45460,0,0
4/25/2009 5:20,213,0.1,0.1,73,39,29.3,0,45460,0,0
4/25/2009 5:30,213,0.1,0.1,73.4,39,29.3,0,45460,0,0
4/25/2009 5:40,213,0.1,0.1,73.5,39,29.3,0,45460,0,0
4/25/2009 5:50,213,0.1,0.1,73.7,39,29.3,0,45460,0,0
4/25/2009 6:00,213,0.1,0.1,73.9,39,29.3,0,45460,0,0
4/25/2009 6:10,213,0.1,0.1,74.4,39,29.3,0,45460,0,0
4/25/2009 6:20,213,0.1,0.1,75,38,29.3,0,45460,0,0
4/25/2009 6:30,213,0.1,0.1,75.2,39,29.3,0,45460,0,0
4/25/2009 6:40,213,0.1,0.1,75.5,39,29.3,0,45460,0,0
4/25/2009 6:50,213,0.1,0.1,75.9,39,29.3,0,45460,0,0
4/25/2009 7:00,213,0.1,0.1,76.2,39,29.3,0,45460,0,0
4/25/2009 7:10,213,0.1,0.1,76.4,39,29.3,0,45460,0,0
4/25/2009 7:20,213,0.1,0.1,76.8,39,29.3,0,45460,0,0
4/25/2009 7:30,213,0.1,0.1,76.8,40,29.3,0,45460,0,0
4/25/2009 7:40,213,0.1,0.1,77,40,29.3,0,45460,0,0
4/25/2009 7:50,213,0.1,0.1,76.8,41,29.3,0,45470,0,0
4/25/2009 8:00,213,0.1,0.1,74.6,43,29.3,0,45470,0,0
4/25/2009 8:10,213,0.1,0.1,75.2,45,29.3,0,45470,0,0
4/25/2009 8:20,213,0.1,0.1,76.2,43,29.3,0,45470,0,0
4/25/2009 8:30,213,0.1,0.1,77,42,29.3,0,45470,0,0
4/25/2009 8:40,213,0.1,0.1,75.7,43,29.3,0,45470,0,0
4/25/2009 8:50,213,0.1,0.1,75.5,44,29.3,0,45470,0,0
4/25/2009 9:00,213,0.1,0.1,77.5,42,29.3,0,45470,0,0
4/25/2009 9:10,213,0.1,0.1,75.3,45,29.3,0,45470,0,0
4/25/2009 9:20,213,0.1,0.1,73.5,46,29.3,0,45470,0,0
4/25/2009 9:30,213,0.1,0.1,73.2,46,29.3,0,45470,0,0
4/25/2009 9:40,213,0.1,0.1,73.2,46,29.3,0,45470,0,0
4/25/2009 9:50,213,0.1,0.1,71,48,29.3,0,45470,0,0
4/25/2009 10:00,213,0.1,0.1,72.5,47,29.3,0,45470,0,0
4/25/2009 10:10,213,0.1,0.1,74.1,45,29.3,0,45470,0,0
4/25/2009 10:20,213,0.1,0.1,73.5,45,29.3,0,45470,0,0
4/25/2009 10:30,213,0.1,0.1,73.9,45,29.3,0,45470,0,0
4/25/2009 10:40,213,0.1,0.1,71.9,47,29.3,0,45470,0,0
4/25/2009 10:50,213,0.1,0.1,72.1,48,29.3,0,45470,0,0
4/25/2009 11:00,213,0.1,0.1,71.9,47,29.3,0,45470,0,0
4/25/2009 11:10,213,0.1,0.1,71.4,48,29.3,0,45470,0,0
4/25/2009 11:20,213,0.1,0.1,71.2,47,29.3,0,45470,0,0
4/25/2009 11:30,213,0.1,0.1,71.6,47,29.3,0,45470,0,0
4/25/2009 11:40,213,0.1,0.1,71.4,48,29.3,0,45470,0,0
4/25/2009 11:50,213,0.1,0.1,71.2,47,29.3,0,45470,0,0
4/25/2009 12:00,213,0.1,0.1,71.4,48,29.3,0,45470,0,0
4/25/2009 12:10,213,0.1,0.1,71,48,29.2,0,45470,0,0
4/25/2009 12:20,213,0.1,0.1,70.8,48,29.2,0,45470,0,0
4/25/2009 12:30,213,0.1,0.1,70.8,49,29.2,0,45470,0,0
4/25/2009 12:40,213,0.1,0.1,71.9,47,29.2,0,45470,0,0
4/25/2009 12:50,213,0.1,0.1,71,47,29.2,0,45470,0,0
4/25/2009 13:00,213,0.1,0.1,69.9,49,29.2,0,45470,0,0
4/25/2009 13:10,213,0.1,0.1,68.1,51,29.2,0,45470,0,0
4/25/2009 13:20,213,0.1,0.1,66.9,53,29.2,0,45470,0,0
4/25/2009 13:30,213,0.1,0.1,66.7,53,29.2,0,45470,0,0
4/25/2009 13:40,213,0.1,0.1,66.2,54,29.2,0,45470,0,0
4/25/2009 13:50,213,0.1,0.1,68.9,50,29.2,0,45470,0,0
4/25/2009 14:00,213,0.1,0.1,72.3,45,29.3,0,45470,0,0
4/25/2009 14:10,213,0.1,0.1,71.9,44,29.3,0,45470,0,0
4/25/2009 14:20,213,0.1,0.1,71.7,43,29.3,0,45470,0,0
4/25/2009 14:30,213,0.1,0.1,70.5,43,29.3,0,45470,0,0
4/25/2009 14:40,213,0.1,0.1,69.4,43,29.3,0,45470,0,0
4/25/2009 14:50,213,0.1,0.1,69.2,44,29.3,0,45470,0,0
4/25/2009 15:00,213,0.1,0.1,68.1,45,29.3,0,45470,0,0
4/25/2009 15:10,213,0.1,0.1,67.8,45,29.3,0,45470,0,0
4/25/2009 15:20,213,0.1,0.1,68,45,29.3,0,45470,0,0
4/25/2009 15:30,213,0.1,0.1,68.9,44,29.3,0,45470,0,0
4/25/2009 15:40,213,0.1,0.1,70.5,43,29.3,0,45470,0,0
4/25/2009 15:50,213,0.1,0.1,69,44,29.3,0,45470,0,0
4/25/2009 16:00,213,0.1,0.1,70.8,42,29.3,0,45470,0,0
4/25/2009 16:10,213,0.1,0.1,70.5,43,29.3,0,45470,0,0
4/25/2009 16:20,213,0.1,0.1,72.1,41,29.3,0,45470,0,0
4/25/2009 16:30,213,0.1,0.1,73,41,29.3,0,45470,0,0
4/25/2009 16:40,213,0.1,0.1,66.5,47,29.3,0,45470,0,0
4/25/2009 16:50,213,0.1,0.1,64,52,29.3,0,45470,0,0
4/25/2009 17:00,213,0.1,0.1,63.1,53,29.3,0,45470,0,0
4/25/2009 17:10,213,0.1,0.1,60.4,57,29.3,0,45470,0,0
4/25/2009 17:20,213,0.1,0.1,58.2,61,29.3,0,45470,0,0
4/25/2009 17:30,213,0.1,0.1,59,62,29.3,0,45470,0,0
4/25/2009 17:40,213,0.1,0.1,59.9,61,29.3,0,45470,0,0
4/25/2009 17:50,213,0.1,0.1,61.1,60,29.3,0,45470,0,0
4/25/2009 18:00,213,0.1,0.1,62,59,29.3,0,45470,0,0
4/25/2009 18:10,213,0.1,0.1,62.6,58,29.3,0,45470,0,0
4/25/2009 18:20,213,0.1,0.1,61.5,60,29.4,0,45470,0,0
4/25/2009 18:30,213,0.1,0.1,60.9,61,29.4,0,45470,0,0
4/25/2009 18:40,213,0.1,0.1,61.5,65,29.4,0,45470,0,0
4/25/2009 18:50,213,0.1,0.1,62.6,63,29.4,0,45470,0,0
4/25/2009 19:00,213,0.1,0.1,63.5,63,29.4,0,45470,0,0
4/25/2009 19:10,213,0.1,0.1,64.2,62,29.4,0,45470,0,0
4/25/2009 19:20,213,0.1,0.1,64.5,65,29.4,0,45470,0,0
4/25/2009 19:30,213,0.1,0.1,65.1,66,29.4,0,45470,0,0
4/25/2009 19:40,213,0.1,0.1,65.4,67,29.4,0,45470,0,0
4/25/2009 19:50,213,0.1,0.1,65.8,67,29.4,0,45470,0,0
4/25/2009 20:00,213,0.1,0.1,65.8,67,29.4,0,45470,0,0
4/25/2009 20:10,213,0.1,0.1,65.6,68,29.4,0,45470,0,0
4/25/2009 20:20,213,0.1,0.1,65.8,68,29.4,0,45470,0,0
4/25/2009 20:30,213,0.1,0.1,65.8,68,29.3,0,45470,0,0
4/25/2009 20:40,213,0.1,0.1,66,67,29.3,0,45470,0,0
4/25/2009 20:50,213,0.1,0.1,66,67,29.3,0,45470,0,0
4/25/2009 21:00,213,0.1,0.1,66,67,29.4,0,45470,0,0
4/25/2009 21:10,213,0.1,0.1,65.8,67,29.4,0,45470,0,0
4/25/2009 21:20,213,0.1,0.1,65.8,67,29.4,0,45470,0,0
4/25/2009 21:30,213,0.1,0.1,65.6,67,29.4,0,45470,0,0
4/25/2009 21:40,213,0.1,0.1,65.8,67,29.4,0,45470,0,0
4/25/2009 21:50,213,0.1,0.1,65.6,67,29.4,0,45470,0,0
4/25/2009 22:00,213,0.1,0.1,65.4,68,29.4,0,45470,0,0
4/25/2009 22:10,213,0.1,0.1,65.3,68,29.4,0,45470,0,0
4/25/2009 22:20,213,0.1,0.1,65.1,68,29.4,0,45470,0,0
4/25/2009 22:30,213,0.1,0.1,65.3,68,29.4,0,45470,0,0
4/25/2009 22:40,213,0.1,0.1,65.1,68,29.4,0,45470,0,0
4/25/2009 22:50,213,0.1,0.1,64.9,68,29.4,0,45470,0,0
4/25/2009 23:00,213,0.1,0.1,64.7,69,29.4,0,45470,0,0
4/25/2009 23:10,213,0.1,0.1,64.7,69,29.4,0,45470,0,0
4/25/2009 23:20,213,0.1,0.1,64.7,68,29.4,0,45470,0,0
4/25/2009 23:30,213,0.1,0.1,64.5,69,29.4,0,45470,0,0
4/25/2009 23:40,213,0.1,0.1,64.2,70,29.4,0,45470,0,0
4/25/2009 23:50,213,0.1,0.1,64.4,69,29.4,0,45470,0,0
4/26/2009 0:00,213,0.1,0.1,64.2,70,29.4,0,45470,0,0
4/26/2009 0:10,213,0.1,0.1,64,70,29.4,0,45470,0,0
4/26/2009 0:20,213,0.1,0.1,63.6,71,29.4,0,45470,0,0
4/26/2009 0:30,213,0.1,0.1,63.8,70,29.4,0,45470,0,0
4/26/2009 0:40,213,0.1,0.1,63.5,71,29.4,0,45470,0,0
4/26/2009 0:50,213,0.1,0.1,63.5,71,29.4,0,45470,0,0
4/26/2009 1:00,213,0.1,0.1,63.5,71,29.4,0,45470,0,0
4/26/2009 1:10,213,0.1,0.1,63.3,71,29.4,0,45470,0,0
4/26/2009 1:20,213,0.1,0.1,63.5,70,29.4,0,45470,0,0
4/26/2009 1:30,213,0.1,0.1,63.6,70,29.4,0,45470,0,0
4/26/2009 1:40,213,0.1,0.1,63.5,70,29.4,0,45470,0,0
4/26/2009 1:50,213,0.1,0.1,63.6,70,29.4,0,45470,0,0
4/26/2009 2:00,213,0.1,0.1,64,69,29.4,0,45470,0,0
4/26/2009 2:10,213,0.1,0.1,64.4,68,29.4,0,45470,0,0
4/26/2009 2:20,213,0.1,0.1,63.8,69,29.4,0,45470,0,0
4/26/2009 2:30,213,0.1,0.1,63.8,68,29.4,0,45470,0,0
4/26/2009 2:40,213,0.1,0.1,64,68,29.4,0,45470,0,0
4/26/2009 2:50,213,0.1,0.1,63.6,68,29.4,0,45470,0,0
4/26/2009 3:00,213,0.1,0.1,63.5,69,29.4,0,45470,0,0
4/26/2009 3:10,213,0.1,0.1,63.6,67,29.4,0,45470,0,0
4/26/2009 3:20,213,0.1,0.1,63.8,67,29.4,0,45470,0,0
4/26/2009 3:30,213,0.1,0.1,63.6,67,29.4,0,45470,0,0
4/26/2009 3:40,213,0.1,0.1,63.8,66,29.4,0,45470,0,0
4/26/2009 3:50,213,0.1,0.1,64.2,65,29.4,0,45470,0,0
4/26/2009 4:00,213,0.1,0.1,64.4,64,29.4,0,45470,0,0
4/26/2009 4:10,213,0.1,0.1,64.7,62,29.4,0,45470,0,0
4/26/2009 4:20,213,0.1,0.1,65.3,59,29.4,0,45470,0,0
4/26/2009 4:30,213,0.1,0.1,65.6,58,29.4,0,45470,0,0
4/26/2009 4:40,213,0.1,0.1,66.2,56,29.4,0,45470,0,0
4/26/2009 4:50,213,0.1,0.1,66.7,53,29.4,0,45470,0,0
4/26/2009 5:00,213,0.1,0.1,67.1,52,29.4,0,45470,0,0
4/26/2009 5:10,213,0.1,0.1,67.6,52,29.4,0,45470,0,0
4/26/2009 5:20,213,0.1,0.1,68.3,50,29.4,0,45470,0,0
4/26/2009 5:30,213,0.1,0.1,69.4,48,29.4,0,45470,0,0
4/26/2009 5:40,213,0.1,0.1,70.3,46,29.4,0,45470,0,0
4/26/2009 5:50,213,0.1,0.1,71.2,44,29.4,0,45470,0,0
4/26/2009 6:00,213,0.1,0.1,72.5,42,29.4,0,45470,0,0
4/26/2009 6:10,213,0.1,0.1,73.5,40,29.4,0,45470,0,0
4/26/2009 6:20,213,0.1,0.1,74.4,39,29.4,0,45470,0,0
4/26/2009 6:30,213,0.1,0.1,74.8,39,29.4,0,45470,0,0
4/26/2009 6:40,213,0.1,0.1,74.8,39,29.4,0,45470,0,0
4/26/2009 6:50,213,0.1,0.1,75.5,39,29.4,0,45470,0,0
4/26/2009 7:00,213,0.1,0.1,75.3,39,29.4,0,45470,0,0
4/26/2009 7:10,213,0.1,0.1,75.5,39,29.4,0,45470,0,0
4/26/2009 7:20,213,0.1,0.1,74.6,40,29.4,0,45470,0,0
4/26/2009 7:30,213,0.1,0.1,74.3,40,29.4,0,45470,0,0
4/26/2009 7:40,213,0.1,0.1,73.9,40,29.4,0,45470,0,0
4/26/2009 7:50,213,0.1,0.1,73.4,41,29.4,0,45470,0,0
4/26/2009 8:00,213,0.1,0.1,73.4,40,29.4,0,45470,0,0
4/26/2009 8:10,213,0.1,0.1,73.7,40,29.4,0,45470,0,0
4/26/2009 8:20,213,0.1,0.1,68.5,46,29.4,0,45470,0,0
4/26/2009 8:30,213,0.1,0.1,62.9,56,29.4,0,45470,0,0
4/26/2009 8:40,213,0.1,0.1,66,50,29.4,0,45470,0,0
4/26/2009 8:50,213,0.1,0.1,67.1,48,29.4,0,45470,0,0
4/26/2009 9:00,213,0.1,0.1,67.1,47,29.4,0,45470,0,0
4/26/2009 9:10,213,0.1,0.1,66.7,50,29.4,0,45470,0,0
4/26/2009 9:20,213,0.1,0.1,65.4,53,29.4,0,45470,0,0
4/26/2009 9:30,213,0.1,0.1,66.3,52,29.4,0,45470,0,0
4/26/2009 9:40,213,0.1,0.1,66.7,51,29.4,0,45470,0,0
4/26/2009 9:50,213,0.1,0.1,67.2,49,29.4,0,45470,0,0
4/26/2009 10:00,213,0.1,0.1,67.6,50,29.4,0,45470,0,0
4/26/2009 10:10,213,0.1,0.1,67.1,51,29.4,0,45470,0,0
4/26/2009 10:20,213,0.1,0.1,67.6,48,29.4,0,45470,0,0
4/26/2009 10:30,213,0.1,0.1,67.8,48,29.4,0,45470,0,0
4/26/2009 10:40,213,0.1,0.1,67.6,49,29.4,0,45470,0,0
4/26/2009 10:50,213,0.1,0.1,68.7,46,29.4,0,45470,0,0
4/26/2009 11:00,213,0.1,0.1,70.1,44,29.4,0,45470,0,0
4/26/2009 11:10,213,0.1,0.1,70.3,43,29.4,0,45470,0,0
4/26/2009 11:20,213,0.1,0.1,70.5,44,29.4,0,45470,0,0
4/26/2009 11:30,213,0.1,0.1,68.9,45,29.4,0,45470,0,0
4/26/2009 11:40,213,0.1,0.1,68.7,44,29.4,0,45470,0,0
4/26/2009 11:50,213,0.1,0.1,69.6,43,29.4,0,45470,0,0
4/26/2009 12:00,213,0.1,0.1,69.8,43,29.4,0,45470,0,0
4/26/2009 12:10,213,0.1,0.1,69.9,43,29.4,0,45470,0,0
4/26/2009 12:20,213,0.1,0.1,68.3,45,29.4,0,45470,0,0
4/26/2009 12:30,213,0.1,0.1,66.9,48,29.4,0,45470,0,0
4/26/2009 12:40,213,0.1,0.1,65.3,52,29.4,0,45470,0,0
4/26/2009 12:50,213,0.1,0.1,65.8,52,29.4,0,45470,0,0
4/26/2009 13:00,213,0.1,0.1,69,48,29.4,0,45470,0,0
4/26/2009 13:10,213,0.1,0.1,67.1,49,29.4,0,45470,0,0
4/26/2009 13:20,213,0.1,0.1,64.5,53,29.4,0,45470,0,0
4/26/2009 13:30,213,0.1,0.1,62.9,55,29.4,0,45470,0,0
4/26/2009 13:40,213,0.1,0.1,62.4,58,29.4,0,45470,0,0
4/26/2009 13:50,213,0.1,0.1,66.5,52,29.4,0,45470,0,0
4/26/2009 14:00,213,0.1,0.1,69,48,29.4,0,45470,0,0
4/26/2009 14:10,213,0.1,0.1,70.3,46,29.4,0,45470,0,0
4/26/2009 14:20,213,0.1,0.1,72.5,44,29.4,0,45470,0,0
4/26/2009 14:30,213,0.1,0.1,74.4,41,29.4,0,45470,0,0
4/26/2009 14:40,213,0.1,0.1,73.9,41,29.4,0,45470,0,0
4/26/2009 14:50,213,0.1,0.1,72.6,43,29.4,0,45470,0,0
4/26/2009 15:00,213,0.1,0.1,74.1,41,29.4,0,45470,0,0
4/26/2009 15:10,213,0.1,0.1,74.4,41,29.4,0,45470,0,0
4/26/2009 15:20,213,0.1,0.1,74.6,41,29.4,0,45470,0,0
4/26/2009 15:30,213,0.1,0.1,74.6,41,29.4,0,45470,0,0
4/26/2009 15:40,213,0.1,0.1,75.2,41,29.4,0,45470,0,0
4/26/2009 15:50,213,0.1,0.1,76.1,39,29.4,0,45470,0,0
4/26/2009 16:00,213,0.1,0.1,69.6,47,29.4,0,45470,0,0
4/26/2009 16:10,213,0.1,0.1,73.9,41,29.4,0,45470,0,0
4/26/2009 16:20,213,0.1,0.1,73.4,42,29.4,0,45470,0,0
4/26/2009 16:30,213,0.1,0.1,72.6,42,29.4,0,45470,0,0
4/26/2009 16:40,213,0.1,0.1,74.8,40,29.4,0,45470,0,0
4/26/2009 16:50,213,0.1,0.1,74.4,40,29.4,0,45470,0,0
4/26/2009 17:00,213,0.1,0.1,73.9,43,29.4,0,45470,0,0
4/26/2009 17:10,213,0.1,0.1,73.9,43,29.4,0,45470,0,0
4/26/2009 17:20,213,0.1,0.1,76.2,38,29.4,0,45470,0,0
4/26/2009 17:30,213,0.1,0.1,77,38,29.4,0,45470,0,0
4/26/2009 17:40,213,0.1,0.1,76.8,39,29.4,0,45470,0,0
4/26/2009 17:50,213,0.1,0.1,75.9,40,29.4,0,45470,0,0
4/26/2009 18:00,213,0.1,0.1,71,46,29.4,0,45470,0,0
4/26/2009 18:10,213,0.1,0.1,65.8,55,29.4,0,45470,0,0
4/26/2009 18:20,213,0.1,0.1,61.1,65,29.4,0,45470,0,0
4/26/2009 18:30,213,0.1,0.1,58.6,69,29.4,0,45470,0,0
4/26/2009 18:40,213,0.1,0.1,56.8,75,29.4,0,45470,0,0
4/26/2009 18:50,213,0.1,0.1,56.1,78,29.4,0,45470,0,0
4/26/2009 19:00,213,0.1,0.1,54.3,81,29.4,0,45470,0,0
4/26/2009 19:10,213,0.1,0.1,51.8,85,29.4,0,45470,0,0
4/26/2009 19:20,213,0.1,0.1,50.3,83,29.4,0,45470,0,0
4/26/2009 19:30,213,0.1,0.1,49.2,85,29.4,0,45470,0,0
4/26/2009 19:40,213,0.1,0.1,48.3,84,29.4,0,45470,0,0
4/26/2009 19:50,213,0.1,0.1,48.5,84,29.4,0,45470,0,0
4/26/2009 20:00,213,0.1,0.1,48.7,83,29.4,0,45470,0,0
4/26/2009 20:10,213,0.1,0.1,48.3,83,29.4,0,45470,0,0
4/26/2009 20:20,213,0.1,0.1,48,84,29.4,0,45470,0,0
4/26/2009 20:30,213,0.1,0.1,48.5,83,29.4,0,45470,0,0
4/26/2009 20:40,213,0.1,0.1,49.2,82,29.4,0,45470,0,0
4/26/2009 20:50,213,0.1,0.1,49.6,81,29.4,0,45470,0,0
4/26/2009 21:00,213,0.1,0.1,50,81,29.4,0,45470,0,0
4/26/2009 21:10,213,0.1,0.1,50.1,81,29.4,0,45470,0,0
4/26/2009 21:20,213,0.1,0.1,50.7,80,29.4,0,45470,0,0
4/26/2009 21:30,213,0.1,0.1,51.9,78,29.4,0,45470,0,0
4/26/2009 21:40,213,0.1,0.1,53.9,74,29.4,0,45470,0,0
4/26/2009 21:50,213,0.1,0.1,55.2,71,29.4,0,45470,0,0
4/26/2009 22:00,213,0.1,0.1,60.8,64,29.4,0,45470,0,0
4/26/2009 22:10,213,0.1,0.1,68.3,49,29.4,0,45470,0,0
4/26/2009 22:20,213,0.1,0.1,69.8,46,29.4,0,45470,0,0
4/26/2009 22:30,213,0.1,0.1,71.6,43,29.4,0,45470,0,0
4/26/2009 22:40,213,0.1,0.1,72.5,41,29.4,0,45470,0,0
4/26/2009 22:50,213,0.1,0.1,72.6,41,29.4,0,45470,0,0
4/26/2009 23:00,213,0.1,0.1,72.6,41,29.4,0,45470,0,0
4/26/2009 23:10,213,0.1,0.1,72.8,40,29.4,0,45470,0,0
4/26/2009 23:20,213,0.1,0.1,73,40,29.4,0,45470,0,0
4/26/2009 23:30,213,0.1,0.1,73,40,29.4,0,45470,0,0
4/26/2009 23:40,213,0.1,0.1,72.8,40,29.4,0,45470,0,0
4/26/2009 23:50,213,0.1,0.1,72.3,41,29.4,0,45470,0,0
4/27/2009 0:00,213,0.1,0.1,72.1,41,29.4,0,45470,0,0
4/27/2009 0:10,213,0.1,0.1,71.7,42,29.4,0,45470,0,0
4/27/2009 0:20,213,0.1,0.1,71.4,42,29.4,0,45470,0,0
4/27/2009 0:30,213,0.1,0.1,71,43,29.4,0,45470,0,0
4/27/2009 0:40,213,0.1,0.1,70.5,44,29.4,0,45470,0,0
4/27/2009 0:50,213,0.1,0.1,70.1,44,29.4,0,45470,0,0
4/27/2009 1:00,213,0.1,0.1,70.1,44,29.4,0,45470,0,0
4/27/2009 1:10,213,0.1,0.1,70.5,43,29.4,0,45470,0,0
4/27/2009 1:20,213,0.1,0.1,70.3,43,29.4,0,45470,0,0
4/27/2009 1:30,213,0.1,0.1,70.8,42,29.4,0,45470,0,0
4/27/2009 1:40,213,0.1,0.1,71,41,29.4,0,45470,0,0
4/27/2009 1:50,213,0.1,0.1,71.2,41,29.4,0,45470,0,0
4/27/2009 2:00,213,0.1,0.1,71.2,41,29.4,0,45470,0,0
4/27/2009 2:10,213,0.1,0.1,71.4,40,29.4,0,45470,0,0
4/27/2009 2:20,213,0.1,0.1,71.7,40,29.4,0,45470,0,0
4/27/2009 2:30,213,0.1,0.1,71.7,40,29.4,0,45470,0,0
4/27/2009 2:40,213,0.1,0.1,71.4,40,29.4,0,45470,0,0
4/27/2009 2:50,213,0.1,0.1,71,40,29.4,0,45470,0,0
4/27/2009 3:00,213,0.1,0.1,70.8,41,29.4,0,45470,0,0
4/27/2009 3:10,213,0.1,0.1,71.2,40,29.4,0,45470,0,0
4/27/2009 3:20,213,0.1,0.1,71.4,40,29.4,0,45470,0,0
4/27/2009 3:30,213,0.1,0.1,71.4,40,29.4,0,45470,0,0
4/27/2009 3:40,213,0.1,0.1,71.4,40,29.4,0,45470,0,0
4/27/2009 3:50,213,0.1,0.1,71.4,40,29.4,0,45470,0,0
4/27/2009 4:00,213,0.1,0.1,71.2,40,29.4,0,45470,0,0
4/27/2009 4:10,213,0.1,0.1,71.6,40,29.4,0,45470,0,0
4/27/2009 4:20,213,0.1,0.1,71.7,40,29.4,0,45470,0,0
4/27/2009 4:30,213,0.1,0.1,72.3,39,29.4,0,45470,0,0
4/27/2009 4:40,213,0.1,0.1,72.6,39,29.4,0,45470,0,0
4/27/2009 4:50,213,0.1,0.1,73,39,29.4,0,45470,0,0
4/27/2009 5:00,213,0.1,0.1,73,39,29.4,0,45470,0,0
4/27/2009 5:10,213,0.1,0.1,73.9,38,29.4,0,45470,0,0
4/27/2009 5:20,213,0.1,0.1,75.5,36,29.4,0,45470,0,0
4/27/2009 5:30,213,0.1,0.1,76.6,34,29.4,0,45470,0,0
4/27/2009 5:40,213,0.1,0.1,77,33,29.4,0,45470,0,0
4/27/2009 5:50,213,0.1,0.1,76.8,34,29.4,0,45470,0,0
4/27/2009 6:00,213,0.1,0.1,77,35,29.4,0,45470,0,0
4/27/2009 6:10,213,0.1,0.1,77.5,35,29.4,0,45470,0,0
4/27/2009 6:20,213,0.1,0.1,78,35,29.4,0,45470,0,0
4/27/2009 6:30,213,0.1,0.1,77.9,35,29.4,0,45470,0,0
4/27/2009 6:40,213,0.1,0.1,77.9,35,29.4,0,45470,0,0
4/27/2009 6:50,213,0.1,0.1,78.4,34,29.4,0,45470,0,0
4/27/2009 7:00,213,0.1,0.1,78.2,34,29.4,0,45470,0,0
4/27/2009 7:10,213,0.1,0.1,78,34,29.4,0,45470,0,0
4/27/2009 7:20,213,0.1,0.1,78,34,29.4,0,45470,0,0
4/27/2009 7:30,213,0.1,0.1,78.2,34,29.4,0,45470,0,0
4/27/2009 7:40,213,0.1,0.1,77.7,34,29.4,0,45470,0,0
4/27/2009 7:50,213,0.1,0.1,75.9,36,29.4,0,45470,0,0
4/27/2009 8:00,213,0.1,0.1,74.4,37,29.4,0,45470,0,0
4/27/2009 8:10,213,0.1,0.1,75.3,36,29.4,0,45470,0,0
4/27/2009 8:20,213,0.1,0.1,73.5,37,29.4,0,45470,0,0
4/27/2009 8:30,213,0.1,0.1,73.7,38,29.4,0,45470,0,0
4/27/2009 8:40,213,0.1,0.1,73.7,38,29.4,0,45470,0,0
4/27/2009 8:50,213,0.1,0.1,74.3,37,29.4,0,45470,0,0
4/27/2009 9:00,213,0.1,0.1,73.9,38,29.4,0,45470,0,0
4/27/2009 9:10,213,0.1,0.1,73.4,38,29.4,0,45470,0,0
4/27/2009 9:20,213,0.1,0.1,71.6,41,29.4,0,45470,0,0
4/27/2009 9:30,213,0.1,0.1,71.7,41,29.4,0,45470,0,0
4/27/2009 9:40,213,0.1,0.1,71.9,41,29.4,0,45470,0,0
4/27/2009 9:50,213,0.1,0.1,71.2,42,29.4,0,45470,0,0
4/27/2009 10:00,213,0.1,0.1,70.3,43,29.4,0,45470,0,0
4/27/2009 10:10,213,0.1,0.1,70.1,44,29.4,0,45470,0,0
4/27/2009 10:20,213,0.1,0.1,72.3,42,29.4,0,45470,0,0
4/27/2009 10:30,213,0.1,0.1,72.1,42,29.4,0,45470,0,0
4/27/2009 10:40,213,0.1,0.1,72.5,41,29.4,0,45470,0,0
4/27/2009 10:50,213,0.1,0.1,71.9,42,29.4,0,45470,0,0
4/27/2009 11:00,213,0.1,0.1,71.2,43,29.4,0,45470,0,0
4/27/2009 11:10,213,0.1,0.1,71,43,29.4,0,45470,0,0
4/27/2009 11:20,213,0.1,0.1,71.4,42,29.4,0,45470,0,0
4/27/2009 11:30,213,0.1,0.1,71.2,42,29.4,0,45470,0,0
4/27/2009 11:40,213,0.1,0.1,70.8,43,29.4,0,45470,0,0
4/27/2009 11:50,213,0.1,0.1,72.1,41,29.4,0,45470,0,0
4/27/2009 12:00,213,0.1,0.1,72.3,41,29.4,0,45470,0,0
4/27/2009 12:10,213,0.1,0.1,73.5,39,29.4,0,45470,0,0
4/27/2009 12:20,213,0.1,0.1,72.8,40,29.4,0,45470,0,0
4/27/2009 12:30,213,0.1,0.1,74.4,38,29.4,0,45470,0,0
4/27/2009 12:40,213,0.1,0.1,73.7,38,29.4,0,45470,0,0
4/27/2009 12:50,213,0.1,0.1,73.2,39,29.4,0,45470,0,0
4/27/2009 13:00,213,0.1,0.1,74.6,37,29.4,0,45470,0,0
4/27/2009 13:10,213,0.1,0.1,73.4,38,29.3,0,45470,0,0
4/27/2009 13:20,213,0.1,0.1,78.2,32,29.3,0,45470,0,0
4/27/2009 13:30,213,0.1,0.1,82.4,26,29.3,0,45470,0,0
4/27/2009 13:40,213,0.1,0.1,75.3,34,29.3,0,45470,0,0
4/27/2009 13:50,213,0.1,0.1,69.8,42,29.3,0,45470,0,0
4/27/2009 14:00,213,0.1,0.1,69.9,41,29.3,0,45470,0,0
4/27/2009 14:10,213,0.1,0.1,80.9,26,29.3,0,45470,0,0
4/27/2009 14:20,213,0.1,0.1,84.5,23,29.3,0,45470,0,0
4/27/2009 14:30,213,0.1,0.1,84,23,29.3,0,45470,0,0
4/27/2009 14:40,213,0.1,0.1,81.8,27,29.4,0,45470,0,0
4/27/2009 14:50,213,0.1,0.1,66.9,45,29.3,0,45470,0,0
4/27/2009 15:00,213,0.1,0.1,69.4,42,29.3,0,45470,0,0
4/27/2009 15:10,213,0.1,0.1,68.3,43,29.3,0,45470,0,0
4/27/2009 15:20,213,0.1,0.1,68.3,44,29.3,0,45470,0,0
4/27/2009 15:30,213,0.1,0.1,68.9,44,29.3,0,45470,0,0
4/27/2009 15:40,213,0.1,0.1,69.2,43,29.3,0,45470,0,0
4/27/2009 15:50,213,0.1,0.1,71,40,29.3,0,45470,0,0
4/27/2009 16:00,213,0.1,0.1,70.8,40,29.3,0,45470,0,0
4/27/2009 16:10,213,0.1,0.1,73.9,35,29.3,0,45470,0,0
4/27/2009 16:20,213,0.1,0.1,80.4,29,29.3,0,45470,0,0
4/27/2009 16:30,213,0.1,0.1,82.5,27,29.3,0,45470,0,0
4/27/2009 16:40,213,0.1,0.1,81.5,28,29.3,0,45470,0,0
4/27/2009 16:50,213,0.1,0.1,81.8,28,29.3,0,45470,0,0
4/27/2009 17:00,213,0.1,0.1,81.5,29,29.3,0,45470,0,0
4/27/2009 17:10,213,0.1,0.1,78.8,31,29.3,0,45470,0,0
4/27/2009 17:20,213,0.1,0.1,80,30,29.3,0,45470,0,0
4/27/2009 17:30,213,0.1,0.1,80.4,30,29.3,0,45470,0,0
4/27/2009 17:40,213,0.1,0.1,80.2,30,29.3,0,45470,0,0
4/27/2009 17:50,213,0.1,0.1,79.8,31,29.3,0,45470,0,0
4/27/2009 18:00,213,0.1,0.1,79.7,31,29.4,0,45470,0,0
4/27/2009 18:10,213,0.1,0.1,79.3,31,29.4,0,45470,0,0
4/27/2009 18:20,213,0.1,0.1,79.1,32,29.4,0,45470,0,0
4/27/2009 18:30,213,0.1,0.1,78.8,32,29.4,0,45470,0,0
4/27/2009 18:40,213,0.1,0.1,78.2,33,29.4,0,45470,0,0
4/27/2009 18:50,213,0.1,0.1,78,33,29.4,0,45470,0,0
4/27/2009 19:00,213,0.1,0.1,77.7,33,29.4,0,45470,0,0
4/27/2009 19:10,213,0.1,0.1,77.1,34,29.4,0,45470,0,0
4/27/2009 19:20,213,0.1,0.1,76.8,34,29.4,0,45470,0,0
4/27/2009 19:30,213,0.1,0.1,76.8,34,29.4,0,45470,0,0
4/27/2009 19:40,213,0.1,0.1,76.4,34,29.4,0,45470,0,0
4/27/2009 19:50,213,0.1,0.1,76.4,34,29.4,0,45470,0,0
4/27/2009 20:00,213,0.1,0.1,76.2,34,29.3,0,45470,0,0
4/27/2009 20:10,213,0.1,0.1,76.2,34,29.3,0,45470,0,0
4/27/2009 20:20,213,0.1,0.1,76.2,34,29.3,0,45470,0,0
4/27/2009 20:30,213,0.1,0.1,76.2,34,29.3,0,45470,0,0
4/27/2009 20:40,213,0.1,0.1,76.4,34,29.3,0,45470,0,0
4/27/2009 20:50,213,0.1,0.1,76.2,34,29.3,0,45470,0,0
4/27/2009 21:00,213,0.1,0.1,75.9,34,29.3,0,45470,0,0
4/27/2009 21:10,213,0.1,0.1,75.7,35,29.3,0,45470,0,0
4/27/2009 21:20,213,0.1,0.1,75.3,35,29.3,0,45470,0,0
4/27/2009 21:30,213,0.1,0.1,75.3,35,29.3,0,45470,0,0
4/27/2009 21:40,213,0.1,0.1,75.5,35,29.3,0,45470,0,0
4/27/2009 21:50,213,0.1,0.1,75.7,34,29.3,0,45470,0,0
4/27/2009 22:00,213,0.1,0.1,75.9,34,29.3,0,45470,0,0
4/27/2009 22:10,213,0.1,0.1,75.9,34,29.3,0,45470,0,0
4/27/2009 22:20,213,0.1,0.1,75.3,35,29.3,0,45470,0,0
4/27/2009 22:30,213,0.1,0.1,75,35,29.3,0,45470,0,0
4/27/2009 22:40,213,0.1,0.1,66.7,45,29.3,0,45470,0,0
4/27/2009 22:50,213,0.1,0.1,61.1,53,29.3,0,45470,0,0
4/27/2009 23:00,213,0.1,0.1,62,52,29.3,0,45470,0,0
4/27/2009 23:10,213,0.1,0.1,60.9,53,29.3,0,45470,0,0
4/27/2009 23:20,213,0.1,0.1,60.8,54,29.3,0,45470,0,0
4/27/2009 23:30,213,0.1,0.1,61.1,54,29.3,0,45470,0,0
4/27/2009 23:40,213,0.1,0.1,61.3,54,29.3,0,45470,0,0
4/27/2009 23:50,213,0.1,0.1,61.7,53,29.3,0,45470,0,0
4/28/2009 0:00,213,0.1,0.1,62,53,29.3,0,45470,0,0
4/28/2009 0:10,213,0.1,0.1,62.7,52,29.3,0,45470,0,0
4/28/2009 0:20,213,0.1,0.1,62.9,52,29.3,0,45470,0,0
4/28/2009 0:30,213,0.1,0.1,62.9,52,29.3,0,45470,0,0
4/28/2009 0:40,213,0.1,0.1,62.7,52,29.3,0,45470,0,0
4/28/2009 0:50,213,0.1,0.1,62.6,53,29.3,0,45470,0,0
4/28/2009 1:00,213,0.1,0.1,63.3,52,29.3,0,45470,0,0
4/28/2009 1:10,213,0.1,0.1,64.2,51,29.3,0,45470,0,0
4/28/2009 1:20,213,0.1,0.1,64.4,50,29.3,0,45470,0,0
4/28/2009 1:30,213,0.1,0.1,62.9,52,29.3,0,45470,0,0
4/28/2009 1:40,213,0.1,0.1,62.7,53,29.3,0,45470,0,0
4/28/2009 1:50,213,0.1,0.1,63.3,52,29.3,0,45470,0,0
4/28/2009 2:00,213,0.1,0.1,64,51,29.3,0,45470,0,0
4/28/2009 2:10,213,0.1,0.1,63.8,51,29.3,0,45470,0,0
4/28/2009 2:20,213,0.1,0.1,62.2,56,29.3,0,45470,0,0
4/28/2009 2:30,213,0.1,0.1,62.7,55,29.3,0,45470,0,0
4/28/2009 2:40,213,0.1,0.1,62.9,55,29.3,0,45470,0,0
4/28/2009 2:50,213,0.1,0.1,63.3,54,29.3,0,45470,0,0
4/28/2009 3:00,213,0.1,0.1,63.5,54,29.3,0,45470,0,0
4/28/2009 3:10,213,0.1,0.1,64.2,53,29.3,0,45470,0,0
4/28/2009 3:20,213,0.1,0.1,64.4,53,29.3,0,45470,0,0
4/28/2009 3:30,213,0.1,0.1,64.9,52,29.3,0,45470,0,0
4/28/2009 3:40,213,0.1,0.1,65.6,51,29.3,0,45470,0,0
4/28/2009 3:50,213,0.1,0.1,64.9,52,29.3,0,45470,0,0
4/28/2009 4:00,213,0.1,0.1,63.5,54,29.3,0,45470,0,0
4/28/2009 4:10,213,0.1,0.1,64,54,29.3,0,45470,0,0
4/28/2009 4:20,213,0.1,0.1,65.3,52,29.3,0,45470,0,0
4/28/2009 4:30,213,0.1,0.1,66.3,50,29.3,0,45470,0,0
4/28/2009 4:40,213,0.1,0.1,68,49,29.3,0,45470,0,0
4/28/2009 4:50,213,0.1,0.1,70.1,45,29.3,0,45470,0,0
4/28/2009 5:00,213,0.1,0.1,71,44,29.3,0,45470,0,0
4/28/2009 5:10,213,0.1,0.1,71.4,44,29.3,0,45470,0,0
4/28/2009 5:20,213,0.1,0.1,71.7,43,29.4,0,45470,0,0
4/28/2009 5:30,213,0.1,0.1,71.9,42,29.3,0,45470,0,0
4/28/2009 5:40,213,0.1,0.1,72.1,43,29.4,0,45470,0,0
4/28/2009 5:50,213,0.1,0.1,72.5,42,29.4,0,45470,0,0
4/28/2009 6:00,213,0.1,0.1,72.1,43,29.4,0,45470,0,0
4/28/2009 6:10,213,0.1,0.1,73,42,29.4,0,45470,0,0
4/28/2009 6:20,213,0.1,0.1,71.9,43,29.4,0,45470,0,0
4/28/2009 6:30,213,0.1,0.1,71.4,44,29.4,0,45470,0,0
4/28/2009 6:40,213,0.1,0.1,71,45,29.4,0,45470,0,0
4/28/2009 6:50,213,0.1,0.1,69.6,47,29.4,0,45470,0,0
4/28/2009 7:00,213,0.1,0.1,64.2,54,29.4,0,45470,0,0
4/28/2009 7:10,213,0.1,0.1,56.3,68,29.4,0,45470,0,0
4/28/2009 7:20,213,0.1,0.1,52.7,79,29.4,0,45470,0,0
4/28/2009 7:30,213,0.1,0.1,51,85,29.4,0,45470,0,0
4/28/2009 7:40,213,0.1,0.1,50.5,88,29.4,0,45470,0,0
4/28/2009 7:50,213,0.1,0.1,50.5,89,29.4,0,45470,0,0
4/28/2009 8:00,213,0.1,0.1,51,90,29.4,0,45510,0.04,0.04
4/28/2009 8:10,213,0.1,0.1,51.8,90,29.4,0,45740,0,0
4/28/2009 8:20,213,0.1,0.1,52.5,91,29.5,0,46150,0.06,0.06
4/28/2009 8:30,213,0.1,0.1,52.7,91,29.5,0,46740,0.09,0.09
4/28/2009 8:40,213,0.1,0.1,52.1,91,29.5,0,47340,0.07,0.07
4/28/2009 8:50,213,0.1,0.1,51.9,91,29.5,0,47790,0.02,0.02
4/28/2009 9:00,213,0.1,0.1,51.4,91,29.5,0,48220,0.06,0.06
4/28/2009 9:10,213,0.1,0.1,50.9,91,29.5,0,48570,0.56,0.56
4/28/2009 9:20,213,0.1,0.1,50.1,92,29.5,0,49090,0.2,0.2
4/28/2009 9:30,213,0.1,0.1,50,92,29.5,0,49660,0.07,0.07
4/28/2009 9:40,213,0.1,0.1,50.1,92,29.5,0,50030,0,0
4/28/2009 9:50,213,0.1,0.1,50,92,29.5,0,50140,0,0
4/28/2009 10:00,213,0.1,0.1,50,92,29.5,0,50420,0,0
4/28/2009 10:10,213,0.1,0.1,50.1,92,29.5,0,50610,0.06,0.06
4/28/2009 10:20,213,0.1,0.1,49.6,92,29.5,0,51190,0,0
4/28/2009 10:30,213,0.1,0.1,49.2,92,29.5,0,51480,0,0
4/28/2009 10:40,213,0.1,0.1,49.2,93,29.5,0,51480,0,0
4/28/2009 10:50,213,0.1,0.1,48.7,92,29.5,0,51530,0,0
4/28/2009 11:00,213,0.1,0.1,48.3,93,29.5,0,52120,0.02,0.02
4/28/2009 11:10,213,0.1,0.1,48.2,93,29.5,0,52720,0.06,0.06
4/28/2009 11:20,213,0.1,0.1,48.3,93,29.5,0,53310,0.02,0.02
4/28/2009 11:30,213,0.1,0.1,48.3,93,29.5,0,53910,0.02,0.02
4/28/2009 11:40,213,0.1,0.1,48,93,29.5,0,54500,0.04,0.04
4/28/2009 11:50,213,0.1,0.1,47.8,93,29.5,0,55080,0.08,0.08
4/28/2009 12:00,213,0.1,0.1,48,93,29.5,0,55680,0.05,0.05
4/28/2009 12:10,213,0.1,0.1,48.2,93,29.5,0,56290,0.03,0.03
4/28/2009 12:20,213,0.1,0.1,48,93,29.5,0,56870,0.02,0.02
4/28/2009 12:30,213,0.1,0.1,48.7,93,29.5,0,57450,0.04,0.04
4/28/2009 12:40,213,0.1,0.1,48.7,93,29.5,0,58010,0.01,0.01
4/28/2009 12:50,213,0.1,0.1,48.9,93,29.5,0,58590,0.05,0.05
4/28/2009 13:00,213,0.1,0.1,48.7,93,29.5,0,58930,0.01,0.01
4/28/2009 13:10,213,0.1,0.1,48.7,93,29.5,0,59410,0,0
4/28/2009 13:20,213,0.1,0.1,48.2,93,29.5,0,59640,0,0
4/28/2009 13:30,213,0.1,0.1,47.6,92,29.5,0,59650,0,0
4/28/2009 13:40,213,0.1,0.1,47.3,92,29.5,0,59650,0,0
4/28/2009 13:50,213,0.1,0.1,46.9,92,29.5,0,59650,0,0
4/28/2009 14:00,213,0.1,0.1,46.7,92,29.5,0,59650,0,0
4/28/2009 14:10,213,0.1,0.1,46.4,92,29.5,0,59650,0,0
4/28/2009 14:20,213,0.1,0.1,46.4,92,29.5,0,59650,0,0
4/28/2009 14:30,213,0.1,0.1,46.4,91,29.5,0,59650,0,0
4/28/2009 14:40,213,0.1,0.1,46.4,91,29.6,0,59650,0,0
4/28/2009 14:50,213,0.1,0.1,46.2,91,29.5,0,59650,0,0
4/28/2009 15:00,213,0.1,0.1,46.2,92,29.6,0,59650,0,0
4/28/2009 15:10,213,0.1,0.1,46.2,92,29.6,0,59650,0,0
4/28/2009 15:20,213,0.1,0.1,46.4,92,29.6,0,59650,0,0
4/28/2009 15:30,213,0.1,0.1,46.5,91,29.6,0,59650,0,0
4/28/2009 15:40,213,0.1,0.1,46.9,88,29.6,0,59650,0,0
4/28/2009 15:50,213,0.1,0.1,47.3,87,29.6,0,59650,0,0
4/28/2009 16:00,213,0.1,0.1,47.3,86,29.6,0,59650,0,0
4/28/2009 16:10,213,0.1,0.1,47.4,85,29.6,0,59650,0,0
4/28/2009 16:20,213,0.1,0.1,47.6,83,29.6,0,59650,0,0
4/28/2009 16:30,213,0.1,0.1,47.4,81,29.6,0,59650,0,0
4/28/2009 16:40,213,0.1,0.1,47.4,80,29.6,0,59650,0,0
4/28/2009 16:50,213,0.1,0.1,47.6,78,29.6,0,59650,0,0
4/28/2009 17:00,213,0.1,0.1,47.4,78,29.6,0,59650,0,0
4/28/2009 17:10,213,0.1,0.1,47.6,76,29.6,0,59650,0,0
4/28/2009 17:20,213,0.1,0.1,47.6,76,29.6,0,59650,0,0
4/28/2009 17:30,213,0.1,0.1,47.6,75,29.6,0,59650,0,0
4/28/2009 17:40,213,0.1,0.1,47.6,77,29.6,0,59650,0,0
4/28/2009 17:50,213,0.1,0.1,47.6,78,29.6,0,59650,0,0
4/28/2009 18:00,213,0.1,0.1,47.4,80,29.6,0,59650,0,0
4/28/2009 18:10,213,0.1,0.1,47.4,79,29.6,0,59650,0,0
4/28/2009 18:20,213,0.1,0.1,47.6,79,29.6,0,59650,0,0
4/28/2009 18:30,213,0.1,0.1,47.6,79,29.6,0,59650,0,0
4/28/2009 18:40,213,0.1,0.1,47.6,81,29.6,0,59650,0,0
4/28/2009 18:50,213,0.1,0.1,47.4,81,29.6,0,59650,0,0
4/28/2009 19:00,213,0.1,0.1,47.4,81,29.6,0,59650,0,0
4/28/2009 19:10,213,0.1,0.1,47.4,81,29.6,0,59650,0,0
4/28/2009 19:20,213,0.1,0.1,47.4,81,29.6,0,59650,0,0
4/28/2009 19:30,213,0.1,0.1,47.3,82,29.6,0,59650,0,0
4/28/2009 19:40,213,0.1,0.1,47.4,81,29.6,0,59650,0,0
4/28/2009 19:50,213,0.1,0.1,47.1,82,29.6,0,59650,0,0
4/28/2009 20:00,213,0.1,0.1,46.9,82,29.6,0,59650,0,0
4/28/2009 20:10,213,0.1,0.1,46.9,82,29.6,0,59650,0,0
4/28/2009 20:20,213,0.1,0.1,46.9,81,29.6,0,59650,0,0
4/28/2009 20:30,213,0.1,0.1,47.1,81,29.6,0,59650,0,0
4/28/2009 20:40,213,0.1,0.1,47.1,80,29.6,0,59650,0,0
4/28/2009 20:50,213,0.1,0.1,47.1,80,29.6,0,59650,0,0
4/28/2009 21:00,213,0.1,0.1,47.1,80,29.6,0,59650,0,0
4/28/2009 21:10,213,0.1,0.1,47.3,79,29.6,0,59650,0,0
4/28/2009 21:20,213,0.1,0.1,47.3,79,29.6,0,59650,0,0
4/28/2009 21:30,213,0.1,0.1,47.3,78,29.6,0,59650,0,0
4/28/2009 21:40,213,0.1,0.1,47.3,78,29.6,0,59650,0,0
4/28/2009 21:50,213,0.1,0.1,47.1,78,29.6,0,59650,0,0
4/28/2009 22:00,213,0.1,0.1,47.3,78,29.6,0,59650,0,0
4/28/2009 22:10,213,0.1,0.1,47.3,79,29.6,0,59650,0,0
4/28/2009 22:20,213,0.1,0.1,47.1,80,29.6,0,59650,0,0
4/28/2009 22:30,213,0.1,0.1,47.3,83,29.6,0,59650,0,0
4/28/2009 22:40,213,0.1,0.1,47.1,87,29.6,0,59650,0,0
4/28/2009 22:50,213,0.1,0.1,46.9,88,29.6,0,59650,0,0
4/28/2009 23:00,213,0.1,0.1,46.7,89,29.6,0,59650,0,0
4/28/2009 23:10,213,0.1,0.1,46.4,89,29.6,0,59650,0,0
4/28/2009 23:20,213,0.1,0.1,45.8,90,29.6,0,59650,0,0
4/28/2009 23:30,213,0.1,0.1,45.8,90,29.6,0,59650,0,0
4/28/2009 23:40,213,0.1,0.1,45.8,90,29.6,0,59650,0,0
4/28/2009 23:50,213,0.1,0.1,45.8,88,29.6,0,59650,0,0
4/29/2009 0:00,213,0.1,0.1,45.8,87,29.6,0,59650,0,0
4/29/2009 0:10,213,0.1,0.1,45.6,86,29.6,0,59650,0,0
4/29/2009 0:20,213,0.1,0.1,45.5,85,29.6,0,59650,0,0
4/29/2009 0:30,213,0.1,0.1,45.5,82,29.6,0,59650,0,0
4/29/2009 0:40,213,0.1,0.1,45.3,81,29.6,0,59650,0,0
4/29/2009 0:50,213,0.1,0.1,45.3,79,29.6,0,59650,0,0
4/29/2009 1:00,213,0.1,0.1,45.3,77,29.6,0,59650,0,0
4/29/2009 1:10,213,0.1,0.1,45.3,76,29.6,0,59650,0,0
4/29/2009 1:20,213,0.1,0.1,45.3,74,29.6,0,59650,0,0
4/29/2009 1:30,213,0.1,0.1,45.3,73,29.6,0,59650,0,0
4/29/2009 1:40,213,0.1,0.1,45.3,72,29.6,0,59650,0,0
4/29/2009 1:50,213,0.1,0.1,45.3,71,29.6,0,59650,0,0
4/29/2009 2:00,213,0.1,0.1,45.1,71,29.6,0,59650,0,0
4/29/2009 2:10,213,0.1,0.1,45.1,71,29.6,0,59650,0,0
4/29/2009 2:20,213,0.1,0.1,44.9,71,29.6,0,59650,0,0
4/29/2009 2:30,213,0.1,0.1,44.9,70,29.6,0,59650,0,0
4/29/2009 2:40,213,0.1,0.1,44.7,71,29.6,0,59650,0,0
4/29/2009 2:50,213,0.1,0.1,44.6,71,29.6,0,59650,0,0
4/29/2009 3:00,213,0.1,0.1,44.4,71,29.6,0,59650,0,0
4/29/2009 3:10,213,0.1,0.1,44.4,70,29.6,0,59650,0,0
4/29/2009 3:20,213,0.1,0.1,44.4,70,29.6,0,59650,0,0
4/29/2009 3:30,213,0.1,0.1,44.4,69,29.6,0,59650,0,0
4/29/2009 3:40,213,0.1,0.1,44.4,69,29.6,0,59650,0,0
4/29/2009 3:50,213,0.1,0.1,44.4,69,29.6,0,59650,0,0
4/29/2009 4:00,213,0.1,0.1,44.4,69,29.6,0,59650,0,0
4/29/2009 4:10,213,0.1,0.1,44.4,68,29.6,0,59650,0,0
4/29/2009 4:20,213,0.1,0.1,44.6,67,29.6,0,59650,0,0
4/29/2009 4:30,213,0.1,0.1,44.7,65,29.6,0,59650,0,0
4/29/2009 4:40,213,0.1,0.1,44.9,64,29.6,0,59650,0,0
4/29/2009 4:50,213,0.1,0.1,45.3,64,29.7,0,59650,0,0
4/29/2009 5:00,213,0.1,0.1,45.6,62,29.7,0,59650,0,0
4/29/2009 5:10,213,0.1,0.1,45.8,60,29.7,0,59650,0,0
4/29/2009 5:20,213,0.1,0.1,46.2,61,29.7,0,59650,0,0
4/29/2009 5:30,213,0.1,0.1,46.4,59,29.7,0,59650,0,0
4/29/2009 5:40,213,0.1,0.1,46.9,59,29.7,0,59650,0,0
4/29/2009 5:50,213,0.1,0.1,47.3,59,29.7,0,59650,0,0
4/29/2009 6:00,213,0.1,0.1,47.3,59,29.7,0,59650,0,0
4/29/2009 6:10,213,0.1,0.1,47.4,62,29.7,0,59650,0,0
4/29/2009 6:20,213,0.1,0.1,47.4,69,29.7,0,59650,0,0
4/29/2009 6:30,213,0.1,0.1,47.4,68,29.7,0,59650,0,0
4/29/2009 6:40,213,0.1,0.1,47.3,70,29.7,0,59650,0,0
4/29/2009 6:50,213,0.1,0.1,47.1,71,29.7,0,59650,0,0
4/29/2009 7:00,213,0.1,0.1,47.1,70,29.7,0,59650,0,0
4/29/2009 7:10,213,0.1,0.1,47.1,69,29.6,0,59650,0,0
4/29/2009 7:20,213,0.1,0.1,47.1,69,29.6,0,59650,0,0
4/29/2009 7:30,213,0.1,0.1,46.9,71,29.6,0,59650,0,0
4/29/2009 7:40,213,0.1,0.1,47.3,71,29.7,0,59650,0,0
4/29/2009 7:50,213,0.1,0.1,47.1,68,29.6,0,59650,0,0
4/29/2009 8:00,213,0.1,0.1,47.3,67,29.6,0,59650,0,0
4/29/2009 8:10,213,0.1,0.1,47.4,66,29.7,0,59650,0,0
4/29/2009 8:20,213,0.1,0.1,46.7,67,29.6,0,59650,0,0
4/29/2009 8:30,213,0.1,0.1,46.9,67,29.6,0,59650,0,0
4/29/2009 8:40,213,0.1,0.1,47.3,67,29.6,0,59650,0,0
4/29/2009 8:50,213,0.1,0.1,47.1,70,29.6,0,59650,0,0
4/29/2009 9:00,213,0.1,0.1,46.5,69,29.6,0,59650,0,0
4/29/2009 9:10,213,0.1,0.1,46.9,67,29.6,0,59650,0,0
4/29/2009 9:20,213,0.1,0.1,46.5,66,29.6,0,59650,0,0
4/29/2009 9:30,213,0.1,0.1,47.3,64,29.6,0,59650,0,0
4/29/2009 9:40,213,0.1,0.1,47.3,62,29.6,0,59650,0,0
4/29/2009 9:50,213,0.1,0.1,47.1,60,29.6,0,59650,0,0
4/29/2009 10:00,213,0.1,0.1,47.4,62,29.6,0,59650,0,0
4/29/2009 10:10,213,0.1,0.1,47.3,63,29.6,0,59650,0,0
4/29/2009 10:20,213,0.1,0.1,47.4,62,29.6,0,59650,0,0
4/29/2009 10:30,213,0.1,0.1,48,62,29.6,0,59650,0,0
4/29/2009 10:40,213,0.1,0.1,47.6,59,29.6,0,59650,0,0
4/29/2009 10:50,213,0.1,0.1,47.6,58,29.6,0,59650,0,0
4/29/2009 11:00,213,0.1,0.1,47.6,58,29.6,0,59650,0,0
4/29/2009 11:10,213,0.1,0.1,48,59,29.6,0,59650,0,0
4/29/2009 11:20,213,0.1,0.1,47.8,58,29.6,0,59650,0,0
4/29/2009 11:30,213,0.1,0.1,48,56,29.6,0,59650,0,0
4/29/2009 11:40,213,0.1,0.1,48.5,58,29.6,0,59650,0,0
4/29/2009 11:50,213,0.1,0.1,49.2,55,29.6,0,59650,0,0
4/29/2009 12:00,213,0.1,0.1,49.4,55,29.6,0,59650,0,0
4/29/2009 12:10,213,0.1,0.1,49.8,52,29.6,0,59650,0,0
4/29/2009 12:20,213,0.1,0.1,50.1,51,29.5,0,59650,0,0
4/29/2009 12:30,213,0.1,0.1,50.5,52,29.5,0,59650,0,0
4/29/2009 12:40,213,0.1,0.1,50.1,53,29.5,0,59650,0,0
4/29/2009 12:50,213,0.1,0.1,50.1,52,29.5,0,59650,0,0
4/29/2009 13:00,213,0.1,0.1,50.1,53,29.5,0,59650,0,0
4/29/2009 13:10,213,0.1,0.1,50.3,53,29.5,0,59650,0,0
4/29/2009 13:20,213,0.1,0.1,50.3,53,29.5,0,59650,0,0
4/29/2009 13:30,213,0.1,0.1,51.2,51,29.5,0,59650,0,0
4/29/2009 13:40,213,0.1,0.1,51.4,50,29.5,0,59650,0,0
4/29/2009 13:50,213,0.1,0.1,51.9,46,29.5,0,59650,0,0
4/29/2009 14:00,213,0.1,0.1,52.7,43,29.5,0,59650,0,0
4/29/2009 14:10,213,0.1,0.1,53.4,43,29.5,0,59650,0,0
4/29/2009 14:20,213,0.1,0.1,53,47,29.5,0,59660,0,0
4/29/2009 14:30,213,0.1,0.1,53.6,47,29.5,0,59660,0,0
4/29/2009 14:40,213,0.1,0.1,53.9,46,29.5,0,59660,0,0
4/29/2009 14:50,213,0.1,0.1,53.6,48,29.5,0,59660,0,0
4/29/2009 15:00,213,0.1,0.1,53,49,29.5,0,59660,0,0
4/29/2009 15:10,213,0.1,0.1,53,48,29.5,0,59660,0,0
4/29/2009 15:20,213,0.1,0.1,53.2,48,29.5,0,59660,0,0
4/29/2009 15:30,213,0.1,0.1,52.8,49,29.5,0,59660,0,0
4/29/2009 15:40,213,0.1,0.1,52.5,50,29.5,0,59660,0,0
4/29/2009 15:50,213,0.1,0.1,52.3,50,29.5,0,59660,0,0
4/29/2009 16:00,213,0.1,0.1,51.8,51,29.5,0,59660,0,0
4/29/2009 16:10,213,0.1,0.1,51.4,55,29.5,0,59660,0,0
4/29/2009 16:20,213,0.1,0.1,51.6,54,29.5,0,59660,0,0
4/29/2009 16:30,213,0.1,0.1,51.2,57,29.5,0,59660,0,0
4/29/2009 16:40,213,0.1,0.1,50.9,59,29.5,0,59660,0,0
4/29/2009 16:50,213,0.1,0.1,50.9,61,29.5,0,59660,0,0
4/29/2009 17:00,213,0.1,0.1,50.5,61,29.5,0,59660,0,0
4/29/2009 17:10,213,0.1,0.1,50.5,59,29.5,0,59660,0,0
4/29/2009 17:20,213,0.1,0.1,50.9,57,29.5,0,59660,0,0
4/29/2009 17:30,213,0.1,0.1,51,56,29.5,0,59660,0,0
4/29/2009 17:40,213,0.1,0.1,51,57,29.5,0,59660,0,0
4/29/2009 17:50,213,0.1,0.1,51,58,29.5,0,59660,0,0
4/29/2009 18:00,213,0.1,0.1,50.9,60,29.5,0,59660,0,0
4/29/2009 18:10,213,0.1,0.1,50.9,59,29.5,0,59660,0,0
4/29/2009 18:20,213,0.1,0.1,50.7,61,29.5,0,59660,0,0
4/29/2009 18:30,213,0.1,0.1,50.7,62,29.5,0,59660,0,0
4/29/2009 18:40,213,0.1,0.1,50.7,62,29.5,0,59660,0,0
4/29/2009 18:50,213,0.1,0.1,50.1,61,29.5,0,59660,0,0
4/29/2009 19:00,213,0.1,0.1,49.8,63,29.5,0,59660,0,0
4/29/2009 19:10,213,0.1,0.1,49.2,66,29.5,0,59660,0,0
4/29/2009 19:20,213,0.1,0.1,48.9,67,29.5,0,59660,0,0
4/29/2009 19:30,213,0.1,0.1,48.5,68,29.5,0,59660,0,0
4/29/2009 19:40,213,0.1,0.1,48.3,66,29.5,0,59660,0,0
4/29/2009 19:50,213,0.1,0.1,48.3,67,29.5,0,59660,0,0
4/29/2009 20:00,213,0.1,0.1,48.3,68,29.5,0,59660,0,0
4/29/2009 20:10,213,0.1,0.1,48.3,70,29.5,0,59660,0,0
4/29/2009 20:20,213,0.1,0.1,48.5,71,29.5,0,59660,0,0
4/29/2009 20:30,213,0.1,0.1,48.9,68,29.5,0,59660,0,0
4/29/2009 20:40,213,0.1,0.1,51.2,63,29.5,0,59660,0,0
4/29/2009 20:50,213,0.1,0.1,52.5,59,29.5,0,59660,0,0
4/29/2009 21:00,213,0.1,0.1,56.4,54,29.5,0,59660,0,0
4/29/2009 21:10,213,0.1,0.1,56.3,55,29.5,0,59660,0,0
4/29/2009 21:20,213,0.1,0.1,56.4,58,29.4,0,59660,0,0
4/29/2009 21:30,213,0.1,0.1,56.4,59,29.4,0,59660,0,0
4/29/2009 21:40,213,0.1,0.1,56.6,59,29.4,0,59660,0,0
4/29/2009 21:50,213,0.1,0.1,57,59,29.4,0,59660,0,0
4/29/2009 22:00,213,0.1,0.1,57.2,59,29.4,0,59660,0,0
4/29/2009 22:10,213,0.1,0.1,57,60,29.4,0,59660,0,0
4/29/2009 22:20,213,0.1,0.1,57,60,29.4,0,59660,0,0
4/29/2009 22:30,213,0.1,0.1,56.8,61,29.4,0,59660,0,0
4/29/2009 22:40,213,0.1,0.1,56.6,61,29.4,0,59660,0,0
4/29/2009 22:50,213,0.1,0.1,56.6,62,29.4,0,59660,0,0
4/29/2009 23:00,213,0.1,0.1,56.4,62,29.4,0,59660,0,0
4/29/2009 23:10,213,0.1,0.1,56.4,62,29.4,0,59660,0,0
4/29/2009 23:20,213,0.1,0.1,56.3,63,29.4,0,59660,0,0
4/29/2009 23:30,213,0.1,0.1,55.9,63,29.4,0,59660,0,0
4/29/2009 23:40,213,0.1,0.1,55.7,64,29.4,0,59660,0,0
4/29/2009 23:50,213,0.1,0.1,55.5,65,29.4,0,59660,0,0
4/30/2009 0:00,213,0.1,0.1,55.5,66,29.4,0,59660,0,0
4/30/2009 0:10,213,0.1,0.1,55.4,66,29.4,0,59660,0,0
4/30/2009 0:20,213,0.1,0.1,55.2,67,29.4,0,59660,0,0
4/30/2009 0:30,213,0.1,0.1,55.2,68,29.4,0,59660,0,0
4/30/2009 0:40,213,0.1,0.1,55.5,69,29.4,0,59660,0,0
4/30/2009 0:50,213,0.1,0.1,55.5,69,29.4,0,59660,0,0
4/30/2009 1:00,213,0.1,0.1,55.4,69,29.4,0,59660,0,0
4/30/2009 1:10,213,0.1,0.1,55.4,70,29.4,0,59660,0,0
4/30/2009 1:20,213,0.1,0.1,55.4,71,29.4,0,59660,0,0
4/30/2009 1:30,213,0.1,0.1,55.4,71,29.4,0,59660,0,0
4/30/2009 1:40,213,0.1,0.1,55.2,72,29.4,0,59660,0,0
4/30/2009 1:50,213,0.1,0.1,55.4,73,29.4,0,59660,0,0
4/30/2009 2:00,213,0.1,0.1,55.4,73,29.4,0,59660,0,0
4/30/2009 2:10,213,0.1,0.1,55.4,73,29.4,0,59660,0,0
4/30/2009 2:20,213,0.1,0.1,55.2,73,29.4,0,59660,0,0
4/30/2009 2:30,213,0.1,0.1,55.4,73,29.4,0,59660,0,0
4/30/2009 2:40,213,0.1,0.1,55.4,74,29.4,0,59660,0,0
4/30/2009 2:50,213,0.1,0.1,55.4,74,29.4,0,59660,0,0
4/30/2009 3:00,213,0.1,0.1,55.2,75,29.4,0,59660,0,0
4/30/2009 3:10,213,0.1,0.1,55.2,75,29.4,0,59660,0,0
4/30/2009 3:20,213,0.1,0.1,55.2,75,29.4,0,59660,0,0
4/30/2009 3:30,213,0.1,0.1,55.2,75,29.4,0,59660,0,0
4/30/2009 3:40,213,0.1,0.1,55.2,74,29.4,0,59660,0,0
4/30/2009 3:50,213,0.1,0.1,55.4,74,29.4,0,59660,0,0
4/30/2009 4:00,213,0.1,0.1,55.4,74,29.4,0,59660,0,0
4/30/2009 4:10,213,0.1,0.1,55.5,74,29.4,0,59660,0,0
4/30/2009 4:20,213,0.1,0.1,55.5,74,29.4,0,59660,0,0
4/30/2009 4:30,213,0.1,0.1,55.7,73,29.4,0,59660,0,0
4/30/2009 4:40,213,0.1,0.1,55.9,73,29.4,0,59660,0,0
4/30/2009 4:50,213,0.1,0.1,56.1,72,29.4,0,59660,0,0
4/30/2009 5:00,213,0.1,0.1,56.3,71,29.4,0,59660,0,0
4/30/2009 5:10,213,0.1,0.1,56.8,71,29.4,0,59660,0,0
4/30/2009 5:20,213,0.1,0.1,57.2,70,29.4,0,59660,0,0
4/30/2009 5:30,213,0.1,0.1,57.3,69,29.3,0,59660,0,0
4/30/2009 5:40,213,0.1,0.1,57.5,69,29.4,0,59660,0,0
4/30/2009 5:50,213,0.1,0.1,57.9,68,29.3,0,59660,0,0
4/30/2009 6:00,213,0.1,0.1,58.6,66,29.3,0,59660,0,0
4/30/2009 6:10,213,0.1,0.1,59.3,65,29.3,0,59660,0,0
4/30/2009 6:20,213,0.1,0.1,60,64,29.3,0,59660,0,0
4/30/2009 6:30,213,0.1,0.1,60.9,63,29.3,0,59660,0,0
4/30/2009 6:40,213,0.1,0.1,61.7,62,29.3,0,59660,0,0
4/30/2009 6:50,213,0.1,0.1,61.7,62,29.3,0,59660,0,0
4/30/2009 7:00,213,0.1,0.1,61.8,62,29.3,0,59660,0,0
4/30/2009 7:10,213,0.1,0.1,62.6,60,29.3,0,59660,0,0
4/30/2009 7:20,213,0.1,0.1,63.5,60,29.3,0,59660,0,0
4/30/2009 7:30,213,0.1,0.1,63.3,59,29.3,0,59660,0,0
4/30/2009 7:40,213,0.1,0.1,64,59,29.3,0,59660,0,0
4/30/2009 7:50,213,0.1,0.1,64.5,58,29.3,0,59660,0,0
4/30/2009 8:00,213,0.1,0.1,64.5,57,29.3,0,59660,0,0
4/30/2009 8:10,213,0.1,0.1,65.1,58,29.3,0,59660,0,0
4/30/2009 8:20,213,0.1,0.1,65.6,56,29.3,0,59660,0,0
4/30/2009 8:30,213,0.1,0.1,66.2,56,29.3,0,59660,0,0
4/30/2009 8:40,213,0.1,0.1,67.1,55,29.3,0,59660,0,0
4/30/2009 8:50,213,0.1,0.1,68.3,54,29.3,0,59660,0,0
4/30/2009 9:00,213,0.1,0.1,67.8,54,29.3,0,59660,0,0
4/30/2009 9:10,213,0.1,0.1,68.3,55,29.3,0,59660,0,0
4/30/2009 9:20,213,0.1,0.1,68.3,55,29.3,0,59660,0,0
4/30/2009 9:30,213,0.1,0.1,68.3,55,29.3,0,59660,0,0
4/30/2009 9:40,213,0.1,0.1,68.3,55,29.3,0,59680,0,0
4/30/2009 9:50,213,0.1,0.1,68.3,55,29.2,0,59680,0,0
4/30/2009 10:00,213,0.1,0.1,68.3,55,29.2,0,59680,0,0
4/30/2009 10:10,213,0.1,0.1,68.3,55,29.2,0,59680,0,0
4/30/2009 10:20,213,0.1,0.1,68.3,55,29.2,0,59840,0,0
4/30/2009 10:30,213,0.1,0.1,68.9,55,29.2,0,59880,0,0
4/30/2009 10:40,213,0.1,0.1,68.5,57,29.2,0,60180,0,0
4/30/2009 10:50,213,0.1,0.1,68.1,58,29.2,0,60480,0.01,0.01
4/30/2009 11:00,213,0.1,0.1,68.5,56,29.2,0,60540,0,0
4/30/2009 11:10,213,0.1,0.1,68.9,55,29.2,0,60540,0,0
4/30/2009 11:20,213,0.1,0.1,69,56,29.2,0,60550,0,0
4/30/2009 11:30,213,0.1,0.1,68.7,57,29.2,0,60550,0,0
4/30/2009 11:40,213,0.1,0.1,68.9,57,29.2,0,60550,0,0
4/30/2009 11:50,213,0.1,0.1,68.9,58,29.2,0,60550,0,0
4/30/2009 12:00,213,0.1,0.1,69,58,29.2,0,60550,0,0
4/30/2009 12:10,213,0.1,0.1,68.5,58,29.2,0,60550,0,0
4/30/2009 12:20,213,0.1,0.1,68,60,29.2,0,60550,0,0
4/30/2009 12:30,213,0.1,0.1,67.8,61,29.2,0,60550,0,0
4/30/2009 12:40,213,0.1,0.1,67.6,62,29.2,0,60550,0,0
4/30/2009 12:50,213,0.1,0.1,67.4,63,29.2,0,60550,0,0
4/30/2009 13:00,213,0.1,0.1,67.2,65,29.2,0,60550,0,0
4/30/2009 13:10,213,0.1,0.1,65.8,72,29.2,0,61050,0,0
4/30/2009 13:20,213,0.1,0.1,65.1,75,29.2,0,61590,0.03,0.03
4/30/2009 13:30,213,0.1,0.1,64.7,78,29.2,0,62150,0.01,0.01
4/30/2009 13:40,213,0.1,0.1,64.7,79,29.1,0,62310,0,0
4/30/2009 13:50,213,0.1,0.1,64.7,80,29.2,0,62620,0,0
4/30/2009 14:00,213,0.1,0.1,64.7,80,29.1,0,62940,0.01,0.01
4/30/2009 14:10,213,0.1,0.1,64.7,80,29.1,0,63460,0.02,0.02
4/30/2009 14:20,213,0.1,0.1,64.5,80,29.1,0,63920,0.05,0.05
4/30/2009 14:30,213,0.1,0.1,64.7,80,29.1,0,64480,0.03,0.03
4/30/2009 14:40,213,0.1,0.1,64.7,80,29.1,0,64910,0.01,0.01
4/30/2009 14:50,213,0.1,0.1,64.7,80,29.1,0,65100,0,0
4/30/2009 15:00,213,0.1,0.1,64.7,79,29.1,0,65180,0.01,0.01
4/30/2009 15:10,213,0.1,0.1,64.7,79,29.1,0,204,0.05,0.05
4/30/2009 15:20,213,0.1,0.1,64.4,81,29.1,0,774,0.03,0.03
4/30/2009 15:30,213,0.1,0.1,64.4,80,29.1,0,1234,0.01,0.01
4/30/2009 15:40,213,0.1,0.1,64.4,80,29.1,0,1424,0,0
4/30/2009 15:50,213,0.1,0.1,65.1,77,29.1,0,1474,0,0
4/30/2009 16:00,213,0.1,0.1,65.4,76,29,0,1474,0,0
4/30/2009 16:10,213,0.1,0.1,65.6,75,29,0,1494,0,0
4/30/2009 16:20,213,0.1,0.1,65.8,75,29,0,1494,0,0
4/30/2009 16:30,213,0.1,0.1,65.8,75,29,0,1554,0.01,0.01
4/30/2009 16:40,213,0.1,0.1,65.8,75,29,0,1554,0,0
4/30/2009 16:50,213,0.1,0.1,66.2,74,29,0,1554,0,0
4/30/2009 17:00,213,0.1,0.1,66.3,74,29,0,1554,0,0
4/30/2009 17:10,213,0.1,0.1,66.3,74,29,0,1554,0,0
4/30/2009 17:20,213,0.1,0.1,66.3,74,29,0,1644,0.02,0.02
4/30/2009 17:30,213,0.1,0.1,66.3,74,29,0,1814,0,0
4/30/2009 17:40,213,0.1,0.1,66.2,74,29,0,2254,0.03,0.03
4/30/2009 17:50,213,0.1,0.1,66.3,74,29,0,2584,0.06,0.06
4/30/2009 18:00,213,0.1,0.1,65.8,75,29,0,2784,0,0
4/30/2009 18:10,213,0.1,0.1,65.4,78,29,0,3324,0.05,0.05
4/30/2009 18:20,213,0.1,0.1,65.4,77,29,0,3904,0.04,0.04
4/30/2009 18:30,213,0.1,0.1,65.1,78,29,0,4374,0.01,0.01
4/30/2009 18:40,213,0.1,0.1,64.9,79,29,0,4514,0,0
4/30/2009 18:50,213,0.1,0.1,65.3,77,29,0,4564,0,0
4/30/2009 19:00,213,0.1,0.1,65.4,77,29,0,4654,0,0
4/30/2009 19:10,213,0.1,0.1,66,74,29,0,4734,0.04,0.04
4/30/2009 19:20,213,0.1,0.1,66.2,73,29,0,4804,0,0
4/30/2009 19:30,213,0.1,0.1,66.2,72,29,0,4874,0.01,0.01
4/30/2009 19:40,213,0.1,0.1,66.2,72,29,0,4964,0,0
4/30/2009 19:50,213,0.1,0.1,66.2,72,29,0,5014,0,0
4/30/2009 20:00,213,0.1,0.1,66.3,71,29,0,5094,0,0
4/30/2009 20:10,213,0.1,0.1,66.3,70,28.9,0,5104,0,0
4/30/2009 20:20,213,0.1,0.1,66.3,70,29,0,5114,0,0
4/30/2009 20:30,213,0.1,0.1,66.3,69,28.9,0,5134,0,0
4/30/2009 20:40,213,0.1,0.1,66.3,69,29,0,5134,0,0
4/30/2009 20:50,213,0.1,0.1,66.7,68,29,0,5164,0,0
4/30/2009 21:00,213,0.1,0.1,66.9,68,29,0,5184,0,0
4/30/2009 21:10,213,0.1,0.1,66.9,67,29,0,5194,0,0
4/30/2009 21:20,213,0.1,0.1,67.2,66,29,0,5204,0,0
4/30/2009 21:30,213,0.1,0.1,67.6,65,28.9,0,5224,0,0
4/30/2009 21:40,213,0.1,0.1,68,64,28.9,0,5284,0,0
4/30/2009 21:50,213,0.1,0.1,68,65,28.9,0,5324,0,0
4/30/2009 22:00,213,0.1,0.1,68.5,64,29,0,5364,0,0
4/30/2009 22:10,213,0.1,0.1,68.5,64,29,0,5374,0,0
4/30/2009 22:20,213,0.1,0.1,68.1,66,29,0,5394,0,0
4/30/2009 22:30,213,0.1,0.1,67.8,67,29,0,5404,0,0
4/30/2009 22:40,213,0.1,0.1,67.4,69,29,0,5414,0,0
4/30/2009 22:50,213,0.1,0.1,60.9,70,29,0,5544,0.03,0.03
4/30/2009 23:00,213,0.1,0.1,59,80,29,0,5784,0,0
4/30/2009 23:10,213,0.1,0.1,59.5,78,29,0,5784,0,0
4/30/2009 23:20,213,0.1,0.1,59.9,79,29,0,5794,0,0
4/30/2009 23:30,213,0.1,0.1,59.7,78,29,0,5814,0,0
4/30/2009 23:40,213,0.1,0.1,59.7,78,29,0,5814,0,0
4/30/2009 23:50,213,0.1,0.1,59.5,78,29,0,5814,0,0
5/1/2009 0:00,213,0.1,0.1,59.3,79,29,0,5814,0,0
5/1/2009 0:10,213,0.1,0.1,59,80,29,0,5814,0,0
5/1/2009 0:20,213,0.1,0.1,58.2,81,29,0,5814,0,0
5/1/2009 0:30,213,0.1,0.1,57.7,83,29,0,5814,0,0
5/1/2009 0:40,213,0.1,0.1,57.7,83,29,0,5814,0,0
5/1/2009 0:50,213,0.1,0.1,57.7,83,29,0,5814,0,0
5/1/2009 1:00,213,0.1,0.1,58.2,83,29,0,5814,0,0
5/1/2009 1:10,213,0.1,0.1,57.9,83,29,0,5814,0,0
5/1/2009 1:20,213,0.1,0.1,57.5,84,29,0,5814,0,0
5/1/2009 1:30,213,0.1,0.1,57.3,84,29,0,5814,0,0
5/1/2009 1:40,213,0.1,0.1,57.7,84,29,0,5814,0,0
5/1/2009 1:50,213,0.1,0.1,57.5,83,29,0,5814,0,0
5/1/2009 2:00,213,0.1,0.1,57.3,84,29,0,5814,0,0
5/1/2009 2:10,213,0.1,0.1,57.3,84,29,0,5814,0,0
5/1/2009 2:20,213,0.1,0.1,57.9,83,29,0,5814,0,0
5/1/2009 2:30,213,0.1,0.1,58.4,83,29,0,5814,0,0
5/1/2009 2:40,213,0.1,0.1,58.6,81,29,0,5814,0,0
5/1/2009 2:50,213,0.1,0.1,60.2,78,29,0,5814,0,0
5/1/2009 3:00,213,0.1,0.1,60.4,77,29,0,5814,0,0
5/1/2009 3:10,213,0.1,0.1,61.3,75,29,0,5814,0,0
5/1/2009 3:20,213,0.1,0.1,61.8,74,29,0,5814,0,0
5/1/2009 3:30,213,0.1,0.1,62,74,29,0,5814,0,0
5/1/2009 3:40,213,0.1,0.1,62.2,74,29,0,5814,0,0
5/1/2009 3:50,213,0.1,0.1,62.2,74,29,0,5814,0,0
5/1/2009 4:00,213,0.1,0.1,62.2,75,29,0,5814,0,0
5/1/2009 4:10,213,0.1,0.1,62.2,75,29,0,5814,0,0
5/1/2009 4:20,213,0.1,0.1,62.4,74,29,0,5814,0,0
5/1/2009 4:30,213,0.1,0.1,62.4,74,29,0,5814,0,0
5/1/2009 4:40,213,0.1,0.1,62.6,74,29,0,5814,0,0
5/1/2009 4:50,213,0.1,0.1,62.7,74,29,0,5814,0,0
5/1/2009 5:00,213,0.1,0.1,62.7,75,29.1,0,5814,0,0
5/1/2009 5:10,213,0.1,0.1,62.9,75,29,0,5814,0,0
5/1/2009 5:20,213,0.1,0.1,63.1,75,29.1,0,5814,0,0
5/1/2009 5:30,213,0.1,0.1,63.1,75,29.1,0,5814,0,0
5/1/2009 5:40,213,0.1,0.1,63.3,75,29.1,0,5814,0,0
5/1/2009 5:50,213,0.1,0.1,63.5,75,29.1,0,5814,0,0
5/1/2009 6:00,213,0.1,0.1,63.5,75,29,0,5814,0,0
5/1/2009 6:10,213,0.1,0.1,63.6,75,29,0,5814,0,0
5/1/2009 6:20,213,0.1,0.1,63.8,75,29,0,5814,0,0
5/1/2009 6:30,213,0.1,0.1,63.8,75,29,0,5814,0,0
5/1/2009 6:40,213,0.1,0.1,63.8,75,29,0,5814,0,0
5/1/2009 6:50,213,0.1,0.1,64,75,29,0,5814,0,0
5/1/2009 7:00,213,0.1,0.1,64,75,29,0,5814,0,0
5/1/2009 7:10,213,0.1,0.1,64.2,75,29,0,5814,0,0
5/1/2009 7:20,213,0.1,0.1,64.2,75,29,0,5814,0,0
5/1/2009 7:30,213,0.1,0.1,64.2,75,29,0,5814,0,0
5/1/2009 7:40,213,0.1,0.1,64.2,75,29,0,5814,0,0
5/1/2009 7:50,213,0.1,0.1,64.4,75,29,0,5814,0,0
5/1/2009 8:00,213,0.1,0.1,64.4,75,29,0,5814,0,0
5/1/2009 8:10,213,0.1,0.1,64.4,75,29,0,5814,0,0
5/1/2009 8:20,213,0.1,0.1,64.2,75,29.1,0,5844,0.01,0.01
5/1/2009 8:30,213,0.1,0.1,60.6,79,29,0,6014,0,0
5/1/2009 8:40,213,0.1,0.1,58.2,84,29,0,6014,0,0
5/1/2009 8:50,213,0.1,0.1,59.1,84,29.1,0,6014,0,0
5/1/2009 9:00,213,0.1,0.1,58.2,84,29.1,0,6014,0,0
5/1/2009 9:10,213,0.1,0.1,57.2,85,29,0,6014,0,0
5/1/2009 9:20,213,0.1,0.1,56.8,86,29,0,6014,0,0
5/1/2009 9:30,213,0.1,0.1,57,86,29,0,6014,0,0
5/1/2009 9:40,213,0.1,0.1,57,87,29,0,6014,0,0
5/1/2009 9:50,213,0.1,0.1,57.5,85,29,0,6014,0,0
5/1/2009 10:00,213,0.1,0.1,58.1,84,29,0,6014,0,0
5/1/2009 10:10,213,0.1,0.1,58.1,84,29,0,6014,0,0
5/1/2009 10:20,213,0.1,0.1,57.7,85,29,0,6014,0,0
5/1/2009 10:30,213,0.1,0.1,58.2,84,29,0,6014,0,0
5/1/2009 10:40,213,0.1,0.1,59,83,29,0,6014,0,0
5/1/2009 10:50,213,0.1,0.1,59.5,81,29,0,6014,0,0
5/1/2009 11:00,213,0.1,0.1,60,78,29,0,6014,0,0
5/1/2009 11:10,213,0.1,0.1,59.9,77,29,0,6014,0,0
5/1/2009 11:20,213,0.1,0.1,59.9,76,29,0,6014,0,0
5/1/2009 11:30,213,0.1,0.1,59.1,77,29,0,6014,0,0
5/1/2009 11:40,213,0.1,0.1,59,77,29,0,6014,0,0
5/1/2009 11:50,213,0.1,0.1,57.9,78,29,0,6014,0,0
5/1/2009 12:00,213,0.1,0.1,56.6,80,29,0,6014,0,0
5/1/2009 12:10,213,0.1,0.1,57.5,79,29,0,6014,0,0
5/1/2009 12:20,213,0.1,0.1,58.1,76,29,0,6014,0,0
5/1/2009 12:30,213,0.1,0.1,57.9,77,29,0,6014,0,0
5/1/2009 12:40,213,0.1,0.1,58.8,75,29,0,6014,0,0
5/1/2009 12:50,213,0.1,0.1,59.3,73,29,0,6014,0,0
5/1/2009 13:00,213,0.1,0.1,58.2,75,29,0,6014,0,0
5/1/2009 13:10,213,0.1,0.1,57.2,75,29,0,6014,0,0
5/1/2009 13:20,213,0.1,0.1,57,75,29,0,6014,0,0
5/1/2009 13:30,213,0.1,0.1,57.3,76,29,0,6014,0,0
5/1/2009 13:40,213,0.1,0.1,57.5,75,29,0,6014,0,0
5/1/2009 13:50,213,0.1,0.1,57.5,75,29,0,6014,0,0
5/1/2009 14:00,213,0.1,0.1,57,76,29,0,6014,0,0
5/1/2009 14:10,213,0.1,0.1,56.8,74,29,0,6014,0,0
5/1/2009 14:20,213,0.1,0.1,56.3,72,29,0,6014,0,0
5/1/2009 14:30,213,0.1,0.1,56.1,71,29,0,6014,0,0
5/1/2009 14:40,213,0.1,0.1,56.1,69,29,0,6014,0,0
5/1/2009 14:50,213,0.1,0.1,55.9,69,29,0,6014,0,0
5/1/2009 15:00,213,0.1,0.1,55.9,66,29,0,6014,0,0
5/1/2009 15:10,213,0.1,0.1,56.3,66,29,0,6014,0,0
5/1/2009 15:20,213,0.1,0.1,56.4,66,29,0,6144,0,0
5/1/2009 15:30,213,0.1,0.1,56.1,66,29,0,6144,0,0
5/1/2009 15:40,213,0.1,0.1,55,67,29,0,6144,0,0
5/1/2009 15:50,213,0.1,0.1,52.7,71,29,0,6144,0,0
5/1/2009 16:00,213,0.1,0.1,51.6,74,29,0,6144,0,0
5/1/2009 16:10,213,0.1,0.1,50.9,76,29,0,6164,0,0
5/1/2009 16:20,213,0.1,0.1,50.7,77,29,0,6334,0,0
5/1/2009 16:30,213,0.1,0.1,50.9,77,29,0,6394,0,0
5/1/2009 16:40,213,0.1,0.1,51.2,77,29,0,6494,0,0
5/1/2009 16:50,213,0.1,0.1,51.4,76,29.1,0,6504,0,0
5/1/2009 17:00,213,0.1,0.1,51.4,77,29.1,0,6554,0,0
5/1/2009 17:10,213,0.1,0.1,50.7,79,29.1,0,6944,0.14,0.14
5/1/2009 17:20,213,0.1,0.1,50,82,29.1,0,7204,0,0
5/1/2009 17:30,213,0.1,0.1,50.1,82,29.1,0,7524,0.14,0.14
5/1/2009 17:40,213,0.1,0.1,50,84,29.1,0,8124,0.2,0.2
5/1/2009 17:50,213,0.1,0.1,50,87,29.1,0,8654,0.04,0.04
5/1/2009 18:00,213,0.1,0.1,50.1,88,29.1,0,9254,0.04,0.04
5/1/2009 18:10,213,0.1,0.1,50.5,87,29.1,0,9534,0.01,0.01
5/1/2009 18:20,213,0.1,0.1,50.7,87,29.1,0,9984,0.01,0.01
5/1/2009 18:30,213,0.1,0.1,51,88,29.1,0,10584,0.06,0.06
5/1/2009 18:40,213,0.1,0.1,50.5,89,29.1,0,10964,0,0
5/1/2009 18:50,213,0.1,0.1,50.3,89,29.1,0,10964,0,0
5/1/2009 19:00,213,0.1,0.1,50.3,89,29.1,0,10964,0,0
5/1/2009 19:10,213,0.1,0.1,49.8,89,29.1,0,10964,0,0
5/1/2009 19:20,213,0.1,0.1,49.4,90,29.1,0,10964,0,0
5/1/2009 19:30,213,0.1,0.1,49.4,90,29.1,0,10994,0,0
5/1/2009 19:40,213,0.1,0.1,49.4,90,29.1,0,10994,0,0
5/1/2009 19:50,213,0.1,0.1,49.4,90,29.1,0,10994,0,0
5/1/2009 20:00,213,0.1,0.1,49.6,90,29.1,0,11004,0,0
5/1/2009 20:10,213,0.1,0.1,49.8,90,29.1,0,11004,0,0
5/1/2009 20:20,213,0.1,0.1,49.1,90,29.1,0,11004,0,0
5/1/2009 20:30,213,0.1,0.1,47.4,89,29.1,0,11154,0,0
5/1/2009 20:40,213,0.1,0.1,47.1,90,29.1,0,11234,0,0
5/1/2009 20:50,213,0.1,0.1,47.3,90,29.1,0,11234,0,0
5/1/2009 21:00,213,0.1,0.1,47.3,90,29.1,0,11234,0,0
5/1/2009 21:10,213,0.1,0.1,47.3,89,29.1,0,11234,0,0
5/1/2009 21:20,213,0.1,0.1,47.3,88,29.1,0,11234,0,0
5/1/2009 21:30,213,0.1,0.1,47.1,89,29.1,0,11234,0,0
5/1/2009 21:40,213,0.1,0.1,47.4,88,29.1,0,11234,0,0
5/1/2009 21:50,213,0.1,0.1,47.3,88,29.1,0,11234,0,0
5/1/2009 22:00,213,0.1,0.1,47.3,87,29.1,0,11234,0,0
5/1/2009 22:10,213,0.1,0.1,47.3,87,29.1,0,11234,0,0
5/1/2009 22:20,213,0.1,0.1,47.3,85,29.1,0,11234,0,0
5/1/2009 22:30,213,0.1,0.1,47.3,84,29.1,0,11234,0,0
5/1/2009 22:40,213,0.1,0.1,47.1,82,29.1,0,11234,0,0
5/1/2009 22:50,213,0.1,0.1,46.9,80,29.1,0,11234,0,0
5/1/2009 23:00,213,0.1,0.1,46.7,74,29.1,0,11234,0,0
5/1/2009 23:10,213,0.1,0.1,46.7,63,29.1,0,11234,0,0
5/1/2009 23:20,213,0.1,0.1,46.4,68,29.1,0,11234,0,0
5/1/2009 23:30,213,0.1,0.1,46.4,64,29.1,0,11234,0,0
5/1/2009 23:40,213,0.1,0.1,46.4,65,29.1,0,11234,0,0
5/1/2009 23:50,213,0.1,0.1,46.5,62,29.1,0,11234,0,0
5/2/2009 0:00,213,0.1,0.1,46.4,61,29.1,0,11234,0,0
5/2/2009 0:10,213,0.1,0.1,46.4,60,29.1,0,11234,0,0
5/2/2009 0:20,213,0.1,0.1,46.5,59,29.1,0,11234,0,0
5/2/2009 0:30,213,0.1,0.1,46.4,59,29.1,0,11234,0,0
5/2/2009 0:40,213,0.1,0.1,46.4,57,29.1,0,11234,0,0
5/2/2009 0:50,213,0.1,0.1,46.2,59,29.1,0,11234,0,0
5/2/2009 1:00,213,0.1,0.1,46.4,59,29.1,0,11234,0,0
5/2/2009 1:10,213,0.1,0.1,46.4,60,29.1,0,11234,0,0
5/2/2009 1:20,213,0.1,0.1,46.4,61,29.1,0,11234,0,0
5/2/2009 1:30,213,0.1,0.1,46.2,60,29.1,0,11234,0,0
5/2/2009 1:40,213,0.1,0.1,46,63,29.1,0,11234,0,0
5/2/2009 1:50,213,0.1,0.1,46.5,65,29.1,0,11234,0,0
5/2/2009 2:00,213,0.1,0.1,46.7,65,29.2,0,11234,0,0
5/2/2009 2:10,213,0.1,0.1,46.5,65,29.2,0,11234,0,0
5/2/2009 2:20,213,0.1,0.1,45.6,69,29.2,0,11234,0,0
5/2/2009 2:30,213,0.1,0.1,45.5,68,29.2,0,11234,0,0
5/2/2009 2:40,213,0.1,0.1,45.1,70,29.2,0,11234,0,0
5/2/2009 2:50,213,0.1,0.1,44.9,71,29.2,0,11234,0,0
5/2/2009 3:00,213,0.1,0.1,44.9,69,29.2,0,11234,0,0
5/2/2009 3:10,213,0.1,0.1,44.7,72,29.2,0,11234,0,0
5/2/2009 3:20,213,0.1,0.1,43.8,77,29.2,0,11234,0,0
5/2/2009 3:30,213,0.1,0.1,43.8,77,29.2,0,11234,0,0
5/2/2009 3:40,213,0.1,0.1,44,77,29.2,0,11234,0,0
5/2/2009 3:50,213,0.1,0.1,44,77,29.2,0,11234,0,0
5/2/2009 4:00,213,0.1,0.1,44.2,74,29.2,0,11234,0,0
5/2/2009 4:10,213,0.1,0.1,44.7,73,29.2,0,11234,0,0
5/2/2009 4:20,213,0.1,0.1,44.7,72,29.2,0,11234,0,0
5/2/2009 4:30,213,0.1,0.1,45.1,69,29.2,0,11234,0,0
5/2/2009 4:40,213,0.1,0.1,45.8,64,29.2,0,11234,0,0
5/2/2009 4:50,213,0.1,0.1,46.9,60,29.2,0,11234,0,0
5/2/2009 5:00,213,0.1,0.1,47.8,55,29.2,0,11234,0,0
5/2/2009 5:10,213,0.1,0.1,48.5,52,29.2,0,11234,0,0
5/2/2009 5:20,213,0.1,0.1,49.2,48,29.2,0,11234,0,0
5/2/2009 5:30,213,0.1,0.1,49.8,47,29.2,0,11234,0,0
5/2/2009 5:40,213,0.1,0.1,50.5,45,29.2,0,11234,0,0
5/2/2009 5:50,213,0.1,0.1,51,44,29.2,0,11234,0,0
5/2/2009 6:00,213,0.1,0.1,51.6,44,29.2,0,11234,0,0
5/2/2009 6:10,213,0.1,0.1,52.3,43,29.2,0,11234,0,0
5/2/2009 6:20,213,0.1,0.1,52.3,42,29.2,0,11234,0,0
5/2/2009 6:30,213,0.1,0.1,52.7,43,29.2,0,11234,0,0
5/2/2009 6:40,213,0.1,0.1,53,42,29.2,0,11234,0,0
5/2/2009 6:50,213,0.1,0.1,52.7,41,29.2,0,11234,0,0
5/2/2009 7:00,213,0.1,0.1,53,39,29.2,0,11234,0,0
5/2/2009 7:10,213,0.1,0.1,53.2,40,29.2,0,11234,0,0
5/2/2009 7:20,213,0.1,0.1,53.6,37,29.2,0,11234,0,0
5/2/2009 7:30,213,0.1,0.1,54.5,38,29.2,0,11234,0,0
5/2/2009 7:40,213,0.1,0.1,53.9,38,29.2,0,11234,0,0
5/2/2009 7:50,213,0.1,0.1,54.1,42,29.2,0,11234,0,0
5/2/2009 8:00,213,0.1,0.1,52.8,46,29.2,0,11234,0,0
5/2/2009 8:10,213,0.1,0.1,53.2,43,29.2,0,11234,0,0
5/2/2009 8:20,213,0.1,0.1,52.8,49,29.2,0,11234,0,0
5/2/2009 8:30,213,0.1,0.1,53.4,43,29.2,0,11234,0,0
5/2/2009 8:40,213,0.1,0.1,53.7,43,29.2,0,11234,0,0
5/2/2009 8:50,213,0.1,0.1,53.9,44,29.2,0,11234,0,0
5/2/2009 9:00,213,0.1,0.1,53.4,54,29.2,0,11234,0,0
5/2/2009 9:10,213,0.1,0.1,52.3,54,29.2,0,11234,0,0
5/2/2009 9:20,213,0.1,0.1,52.8,54,29.2,0,11234,0,0
5/2/2009 9:30,213,0.1,0.1,52.8,56,29.2,0,11234,0,0
5/2/2009 9:40,213,0.1,0.1,52.5,57,29.1,0,11234,0,0
5/2/2009 9:50,213,0.1,0.1,52.5,57,29.1,0,11234,0,0
5/2/2009 10:00,213,0.1,0.1,53.2,59,29.1,0,11234,0,0
5/2/2009 10:10,213,0.1,0.1,52.1,58,29.1,0,11234,0,0
5/2/2009 10:20,213,0.1,0.1,52.1,60,29.1,0,11234,0,0
5/2/2009 10:30,213,0.1,0.1,51.6,59,29.1,0,11234,0,0
5/2/2009 10:40,213,0.1,0.1,51.8,61,29.1,0,11234,0,0
5/2/2009 10:50,213,0.1,0.1,51.2,65,29.1,0,11234,0,0
5/2/2009 11:00,213,0.1,0.1,51,68,29.1,0,11234,0,0
5/2/2009 11:10,213,0.1,0.1,51,67,29.1,0,11234,0,0
5/2/2009 11:20,213,0.1,0.1,51.6,63,29.1,0,11234,0,0
5/2/2009 11:30,213,0.1,0.1,51.9,66,29.1,0,11234,0,0
5/2/2009 11:40,213,0.1,0.1,52.1,66,29.1,0,11234,0,0
5/2/2009 11:50,213,0.1,0.1,52.3,65,29.1,0,11234,0,0
5/2/2009 12:00,213,0.1,0.1,51.9,61,29.1,0,11234,0,0
5/2/2009 12:10,213,0.1,0.1,52.7,63,29.1,0,11234,0,0
5/2/2009 12:20,213,0.1,0.1,52.7,62,29.1,0,11234,0,0
5/2/2009 12:30,213,0.1,0.1,52.7,63,29.1,0,11234,0,0
5/2/2009 12:40,213,0.1,0.1,52.8,59,29.1,0,11234,0,0
5/2/2009 12:50,213,0.1,0.1,53.6,60,29.1,0,11234,0,0
5/2/2009 13:00,213,0.1,0.1,52.8,59,29.1,0,11234,0,0
5/2/2009 13:10,213,0.1,0.1,53.2,58,29.1,0,11234,0,0
5/2/2009 13:20,213,0.1,0.1,53.6,57,29.1,0,11234,0,0
5/2/2009 13:30,213,0.1,0.1,53.9,55,29.1,0,11234,0,0
5/2/2009 13:40,213,0.1,0.1,54.5,53,29.1,0,11234,0,0
5/2/2009 13:50,213,0.1,0.1,54.8,52,29.1,0,11234,0,0
5/2/2009 14:00,213,0.1,0.1,54.8,51,29.1,0,11234,0,0
5/2/2009 14:10,213,0.1,0.1,55,52,29.1,0,11234,0,0
5/2/2009 14:20,213,0.1,0.1,55.2,52,29.1,0,11234,0,0
5/2/2009 14:30,213,0.1,0.1,55.9,46,29.1,0,11234,0,0
5/2/2009 14:40,213,0.1,0.1,55.9,47,29.1,0,11234,0,0
5/2/2009 14:50,213,0.1,0.1,56.3,45,29.1,0,11234,0,0
5/2/2009 15:00,213,0.1,0.1,56.8,43,29.1,0,11234,0,0
5/2/2009 15:10,213,0.1,0.1,56.6,47,29.1,0,11234,0,0
5/2/2009 15:20,213,0.1,0.1,57,45,29.1,0,11234,0,0
5/2/2009 15:30,213,0.1,0.1,56.6,45,29.1,0,11234,0,0
5/2/2009 15:40,213,0.1,0.1,56.8,47,29.1,0,11234,0,0
5/2/2009 15:50,213,0.1,0.1,57,46,29.1,0,11234,0,0
5/2/2009 16:00,213,0.1,0.1,57,46,29.1,0,11234,0,0
5/2/2009 16:10,213,0.1,0.1,57,46,29.1,0,11234,0,0
5/2/2009 16:20,213,0.1,0.1,57,48,29.1,0,11234,0,0
5/2/2009 16:30,213,0.1,0.1,57,47,29.1,0,11234,0,0
5/2/2009 16:40,213,0.1,0.1,57,47,29.1,0,11234,0,0
5/2/2009 16:50,213,0.1,0.1,57.2,47,29.1,0,11234,0,0
5/2/2009 17:00,213,0.1,0.1,57.2,46,29.1,0,11234,0,0
5/2/2009 17:10,213,0.1,0.1,57.2,45,29.1,0,11234,0,0
5/2/2009 17:20,213,0.1,0.1,57.3,43,29.1,0,11234,0,0
5/2/2009 17:30,213,0.1,0.1,57.3,42,29.1,0,11234,0,0
5/2/2009 17:40,213,0.1,0.1,57.3,41,29.1,0,11234,0,0
5/2/2009 17:50,213,0.1,0.1,57.2,42,29.1,0,11234,0,0
5/2/2009 18:00,213,0.1,0.1,56.8,42,29.1,0,11234,0,0
5/2/2009 18:10,213,0.1,0.1,56.6,42,29.1,0,11234,0,0
5/2/2009 18:20,213,0.1,0.1,56.3,43,29.1,0,11234,0,0
5/2/2009 18:30,213,0.1,0.1,56.1,43,29.1,0,11234,0,0
5/2/2009 18:40,213,0.1,0.1,55.9,44,29.1,0,11234,0,0
5/2/2009 18:50,213,0.1,0.1,55.5,45,29.1,0,11234,0,0
5/2/2009 19:00,213,0.1,0.1,55.5,46,29.1,0,11234,0,0
5/2/2009 19:10,213,0.1,0.1,55.4,46,29.1,0,11234,0,0
5/2/2009 19:20,213,0.1,0.1,55.4,47,29.1,0,11234,0,0
5/2/2009 19:30,213,0.1,0.1,55.4,47,29.1,0,11234,0,0
5/2/2009 19:40,213,0.1,0.1,55.4,48,29.1,0,11234,0,0
5/2/2009 19:50,213,0.1,0.1,55.2,48,29.1,0,11234,0,0
5/2/2009 20:00,213,0.1,0.1,55,48,29.1,0,11234,0,0
5/2/2009 20:10,213,0.1,0.1,54.8,49,29.1,0,11234,0,0
5/2/2009 20:20,213,0.1,0.1,54.6,49,29.1,0,11234,0,0
5/2/2009 20:30,213,0.1,0.1,54.6,49,29.1,0,11234,0,0
5/2/2009 20:40,213,0.1,0.1,54.8,49,29.1,0,11234,0,0
5/2/2009 20:50,213,0.1,0.1,55,49,29.1,0,11234,0,0
5/2/2009 21:00,213,0.1,0.1,55,49,29.1,0,11234,0,0
5/2/2009 21:10,213,0.1,0.1,54.8,50,29.1,0,11234,0,0
5/2/2009 21:20,213,0.1,0.1,55,49,29.1,0,11234,0,0
5/2/2009 21:30,213,0.1,0.1,55.5,48,29.1,0,11234,0,0
5/2/2009 21:40,213,0.1,0.1,55.7,48,29.1,0,11234,0,0
5/2/2009 21:50,213,0.1,0.1,55.5,49,29.1,0,11234,0,0
5/2/2009 22:00,213,0.1,0.1,55.2,51,29.1,0,11234,0,0
5/2/2009 22:10,213,0.1,0.1,55,53,29.1,0,11234,0,0
5/2/2009 22:20,213,0.1,0.1,54.8,52,29.1,0,11234,0,0
5/2/2009 22:30,213,0.1,0.1,54.5,51,29.1,0,11234,0,0
5/2/2009 22:40,213,0.1,0.1,53.7,52,29.1,0,11234,0,0
5/2/2009 22:50,213,0.1,0.1,53.6,53,29.1,0,11234,0,0
5/2/2009 23:00,213,0.1,0.1,53.2,54,29.1,0,11234,0,0
5/2/2009 23:10,213,0.1,0.1,52.8,54,29.1,0,11234,0,0
5/2/2009 23:20,213,0.1,0.1,52.5,55,29.1,0,11234,0,0
5/2/2009 23:30,213,0.1,0.1,52.1,57,29.1,0,11234,0,0
5/2/2009 23:40,213,0.1,0.1,52.1,57,29.1,0,11234,0,0
5/2/2009 23:50,213,0.1,0.1,51.6,58,29.1,0,11234,0,0
5/3/2009 0:00,213,0.1,0.1,51.6,58,29.1,0,11234,0,0
5/3/2009 0:10,213,0.1,0.1,51.6,58,29.1,0,11234,0,0
5/3/2009 0:20,213,0.1,0.1,51.4,59,29.1,0,11234,0,0
5/3/2009 0:30,213,0.1,0.1,51.2,59,29.1,0,11234,0,0
5/3/2009 0:40,213,0.1,0.1,51,60,29.1,0,11234,0,0
5/3/2009 0:50,213,0.1,0.1,51,60,29.1,0,11234,0,0
5/3/2009 1:00,213,0.1,0.1,51,60,29.1,0,11234,0,0
5/3/2009 1:10,213,0.1,0.1,51,59,29.1,0,11234,0,0
5/3/2009 1:20,213,0.1,0.1,51,59,29.1,0,11234,0,0
5/3/2009 1:30,213,0.1,0.1,51,59,29.1,0,11234,0,0
5/3/2009 1:40,213,0.1,0.1,50.9,59,29.1,0,11234,0,0
5/3/2009 1:50,213,0.1,0.1,50.7,59,29.1,0,11234,0,0
5/3/2009 2:00,213,0.1,0.1,50.7,59,29.1,0,11234,0,0
5/3/2009 2:10,213,0.1,0.1,50.3,60,29.1,0,11234,0,0
5/3/2009 2:20,213,0.1,0.1,50.1,61,29.1,0,11234,0,0
5/3/2009 2:30,213,0.1,0.1,50,61,29.1,0,11234,0,0
5/3/2009 2:40,213,0.1,0.1,49.8,62,29.1,0,11234,0,0
5/3/2009 2:50,213,0.1,0.1,49.6,62,29.1,0,11234,0,0
5/3/2009 3:00,213,0.1,0.1,49.6,62,29.1,0,11234,0,0
5/3/2009 3:10,213,0.1,0.1,49.4,62,29.1,0,11234,0,0
5/3/2009 3:20,213,0.1,0.1,49.4,62,29.1,0,11234,0,0
5/3/2009 3:30,213,0.1,0.1,49.4,62,29.1,0,11234,0,0
5/3/2009 3:40,213,0.1,0.1,49.6,61,29.1,0,11234,0,0
5/3/2009 3:50,213,0.1,0.1,49.8,60,29.1,0,11234,0,0
5/3/2009 4:00,213,0.1,0.1,50,60,29.1,0,11234,0,0
5/3/2009 4:10,213,0.1,0.1,50.1,59,29.1,0,11234,0,0
5/3/2009 4:20,213,0.1,0.1,50.3,59,29.1,0,11234,0,0
5/3/2009 4:30,213,0.1,0.1,50.7,58,29.1,0,11234,0,0
5/3/2009 4:40,213,0.1,0.1,51,57,29.2,0,11234,0,0
5/3/2009 4:50,213,0.1,0.1,51.6,56,29.2,0,11234,0,0
5/3/2009 5:00,213,0.1,0.1,52.3,53,29.2,0,11234,0,0
5/3/2009 5:10,213,0.1,0.1,53,51,29.2,0,11234,0,0
5/3/2009 5:20,213,0.1,0.1,53.4,50,29.2,0,11234,0,0
5/3/2009 5:30,213,0.1,0.1,53.9,49,29.2,0,11234,0,0
5/3/2009 5:40,213,0.1,0.1,54.6,49,29.2,0,11234,0,0
5/3/2009 5:50,213,0.1,0.1,55.4,47,29.2,0,11234,0,0
5/3/2009 6:00,213,0.1,0.1,55.9,45,29.2,0,11234,0,0
5/3/2009 6:10,213,0.1,0.1,56.4,45,29.2,0,11234,0,0
5/3/2009 6:20,213,0.1,0.1,56.8,43,29.2,0,11234,0,0
5/3/2009 6:30,213,0.1,0.1,57.5,41,29.2,0,11234,0,0
5/3/2009 6:40,213,0.1,0.1,58.2,39,29.2,0,11234,0,0
5/3/2009 6:50,213,0.1,0.1,59,38,29.2,0,11234,0,0
5/3/2009 7:00,213,0.1,0.1,59.9,34,29.2,0,11234,0,0
5/3/2009 7:10,213,0.1,0.1,60.6,32,29.2,0,11234,0,0
5/3/2009 7:20,213,0.1,0.1,61.5,29,29.2,0,11234,0,0
5/3/2009 7:30,213,0.1,0.1,61.7,26,29.2,0,11234,0,0
5/3/2009 7:40,213,0.1,0.1,61.3,26,29.2,0,11234,0,0
5/3/2009 7:50,213,0.1,0.1,61.1,28,29.2,0,11234,0,0
5/3/2009 8:00,213,0.1,0.1,61.3,29,29.2,0,11234,0,0
5/3/2009 8:10,213,0.1,0.1,61.5,27,29.2,0,11234,0,0
5/3/2009 8:20,213,0.1,0.1,61.5,28,29.2,0,11234,0,0
5/3/2009 8:30,213,0.1,0.1,60.9,28,29.2,0,11234,0,0
5/3/2009 8:40,213,0.1,0.1,60.9,29,29.2,0,11234,0,0
5/3/2009 8:50,213,0.1,0.1,60.4,30,29.2,0,11234,0,0
5/3/2009 9:00,213,0.1,0.1,59.1,46,29.2,0,11234,0,0
5/3/2009 9:10,213,0.1,0.1,55.7,58,29.2,0,11234,0,0
5/3/2009 9:20,213,0.1,0.1,56.8,48,29.2,0,11234,0,0
5/3/2009 9:30,213,0.1,0.1,54.5,62,29.1,0,11234,0,0
5/3/2009 9:40,213,0.1,0.1,52.3,71,29.1,0,11234,0,0
5/3/2009 9:50,213,0.1,0.1,51.9,71,29.1,0,11234,0,0
5/3/2009 10:00,213,0.1,0.1,52.5,67,29.1,0,11234,0,0
5/3/2009 10:10,213,0.1,0.1,52.7,66,29.1,0,11234,0,0
5/3/2009 10:20,213,0.1,0.1,52.3,67,29.1,0,11234,0,0
5/3/2009 10:30,213,0.1,0.1,52.8,63,29.1,0,11234,0,0
5/3/2009 10:40,213,0.1,0.1,54.3,63,29.1,0,11234,0,0
5/3/2009 10:50,213,0.1,0.1,54.5,61,29.1,0,11234,0,0
5/3/2009 11:00,213,0.1,0.1,55.2,59,29.1,0,11234,0,0
5/3/2009 11:10,213,0.1,0.1,55.2,58,29.1,0,11234,0,0
5/3/2009 11:20,213,0.1,0.1,55.4,56,29.1,0,11234,0,0
5/3/2009 11:30,213,0.1,0.1,55.4,55,29.1,0,11234,0,0
5/3/2009 11:40,213,0.1,0.1,55.7,49,29.1,0,11234,0,0
5/3/2009 11:50,213,0.1,0.1,56.1,45,29.2,0,11234,0,0
5/3/2009 12:00,213,0.1,0.1,56.6,44,29.1,0,11234,0,0
5/3/2009 12:10,213,0.1,0.1,57.2,45,29.2,0,11234,0,0
5/3/2009 12:20,213,0.1,0.1,57.7,45,29.1,0,11234,0,0
5/3/2009 12:30,213,0.1,0.1,57.7,38,29.1,0,11234,0,0
5/3/2009 12:40,213,0.1,0.1,57.3,42,29.1,0,11234,0,0
5/3/2009 12:50,213,0.1,0.1,57,43,29.1,0,11234,0,0
5/3/2009 13:00,213,0.1,0.1,57.2,42,29.1,0,11234,0,0
5/3/2009 13:10,213,0.1,0.1,57.9,40,29.1,0,11234,0,0
5/3/2009 13:20,213,0.1,0.1,57.9,39,29.1,0,11234,0,0
5/3/2009 13:30,213,0.1,0.1,57.9,31,29.1,0,11234,0,0
5/3/2009 13:40,213,0.1,0.1,57.7,34,29.1,0,11234,0,0
5/3/2009 13:50,213,0.1,0.1,58.2,29,29.1,0,11234,0,0
5/3/2009 14:00,213,0.1,0.1,58.2,31,29.1,0,11234,0,0
5/3/2009 14:10,213,0.1,0.1,58.6,30,29.1,0,11234,0,0
5/3/2009 14:20,213,0.1,0.1,59.1,29,29.1,0,11234,0,0
5/3/2009 14:30,213,0.1,0.1,58.8,27,29.1,0,11234,0,0
5/3/2009 14:40,213,0.1,0.1,59.1,27,29.1,0,11234,0,0
5/3/2009 14:50,213,0.1,0.1,59.1,27,29.1,0,11234,0,0
5/3/2009 15:00,213,0.1,0.1,59,27,29.1,0,11234,0,0
5/3/2009 15:10,213,0.1,0.1,59,27,29.1,0,11234,0,0
5/3/2009 15:20,213,0.1,0.1,59.3,28,29.1,0,11234,0,0
5/3/2009 15:30,213,0.1,0.1,59.3,29,29.1,0,11234,0,0
5/3/2009 15:40,213,0.1,0.1,59.7,29,29.1,0,11234,0,0
5/3/2009 15:50,213,0.1,0.1,59.9,30,29.1,0,11234,0,0
5/3/2009 16:00,213,0.1,0.1,60,30,29.1,0,11244,0,0
5/3/2009 16:10,213,0.1,0.1,60,30,29.1,0,11244,0,0
5/3/2009 16:20,213,0.1,0.1,60,30,29.1,0,11244,0,0
5/3/2009 16:30,213,0.1,0.1,59.9,31,29.1,0,11244,0,0
5/3/2009 16:40,213,0.1,0.1,59.7,35,29.1,0,11244,0,0
5/3/2009 16:50,213,0.1,0.1,59.7,32,29.1,0,11244,0,0
5/3/2009 17:00,213,0.1,0.1,59.7,31,29.1,0,11244,0,0
5/3/2009 17:10,213,0.1,0.1,59.7,30,29.1,0,11244,0,0
5/3/2009 17:20,213,0.1,0.1,59.7,31,29.1,0,11244,0,0
5/3/2009 17:30,213,0.1,0.1,59.7,31,29.1,0,11244,0,0
5/3/2009 17:40,213,0.1,0.1,59.5,31,29.1,0,11244,0,0
5/3/2009 17:50,213,0.1,0.1,59.5,31,29.1,0,11244,0,0
5/3/2009 18:00,213,0.1,0.1,59,33,29.1,0,11244,0,0
5/3/2009 18:10,213,0.1,0.1,58.6,33,29.1,0,11244,0,0
5/3/2009 18:20,213,0.1,0.1,58.4,33,29.1,0,11244,0,0
5/3/2009 18:30,213,0.1,0.1,58.4,33,29.1,0,11244,0,0
5/3/2009 18:40,213,0.1,0.1,58.2,33,29.2,0,11244,0,0
5/3/2009 18:50,213,0.1,0.1,57.7,35,29.2,0,11244,0,0
5/3/2009 19:00,213,0.1,0.1,57.3,36,29.2,0,11244,0,0
5/3/2009 19:10,213,0.1,0.1,57,37,29.1,0,11244,0,0
5/3/2009 19:20,213,0.1,0.1,56.8,37,29.1,0,11244,0,0
5/3/2009 19:30,213,0.1,0.1,56.6,37,29.1,0,11244,0,0
5/3/2009 19:40,213,0.1,0.1,56.6,36,29.1,0,11244,0,0
5/3/2009 19:50,213,0.1,0.1,56.4,36,29.1,0,11244,0,0
5/3/2009 20:00,213,0.1,0.1,56.6,36,29.1,0,11244,0,0
5/3/2009 20:10,213,0.1,0.1,56.6,35,29.1,0,11244,0,0
5/3/2009 20:20,213,0.1,0.1,56.4,36,29.1,0,11244,0,0
5/3/2009 20:30,213,0.1,0.1,56.3,36,29.1,0,11244,0,0
5/3/2009 20:40,213,0.1,0.1,56.3,37,29.1,0,11244,0,0
5/3/2009 20:50,213,0.1,0.1,55.9,37,29.1,0,11244,0,0
5/3/2009 21:00,213,0.1,0.1,55.7,37,29.1,0,11244,0,0
5/3/2009 21:10,213,0.1,0.1,55.5,37,29.1,0,11244,0,0
5/3/2009 21:20,213,0.1,0.1,55.4,38,29.1,0,11244,0,0
5/3/2009 21:30,213,0.1,0.1,55.2,38,29.2,0,11244,0,0
5/3/2009 21:40,213,0.1,0.1,55,39,29.2,0,11244,0,0
5/3/2009 21:50,213,0.1,0.1,54.6,40,29.2,0,11244,0,0
5/3/2009 22:00,213,0.1,0.1,54.5,40,29.2,0,11244,0,0
5/3/2009 22:10,213,0.1,0.1,54.1,41,29.2,0,11244,0,0
5/3/2009 22:20,213,0.1,0.1,54.1,41,29.2,0,11244,0,0
5/3/2009 22:30,213,0.1,0.1,54.1,41,29.2,0,11244,0,0
5/3/2009 22:40,213,0.1,0.1,54.1,40,29.2,0,11244,0,0
5/3/2009 22:50,213,0.1,0.1,53.9,41,29.2,0,11244,0,0
5/3/2009 23:00,213,0.1,0.1,54.1,41,29.2,0,11244,0,0
5/3/2009 23:10,213,0.1,0.1,54.1,41,29.2,0,11244,0,0
5/3/2009 23:20,213,0.1,0.1,53.7,41,29.2,0,11244,0,0
5/3/2009 23:30,213,0.1,0.1,54.1,40,29.2,0,11244,0,0
5/3/2009 23:40,213,0.1,0.1,54.3,39,29.1,0,11244,0,0
5/3/2009 23:50,213,0.1,0.1,54.5,38,29.1,0,11244,0,0
5/4/2009 0:00,213,0.1,0.1,54.8,38,29.1,0,11244,0,0
5/4/2009 0:10,213,0.1,0.1,54.6,38,29.1,0,11244,0,0
5/4/2009 0:20,213,0.1,0.1,54.8,37,29.1,0,11244,0,0
5/4/2009 0:30,213,0.1,0.1,54.8,38,29.1,0,11244,0,0
5/4/2009 0:40,213,0.1,0.1,55,38,29.1,0,11244,0,0
5/4/2009 0:50,213,0.1,0.1,54.5,38,29.1,0,11244,0,0
5/4/2009 1:00,213,0.1,0.1,54.3,39,29.2,0,11244,0,0
5/4/2009 1:10,213,0.1,0.1,54.5,39,29.2,0,11244,0,0
5/4/2009 1:20,213,0.1,0.1,54.5,38,29.2,0,11244,0,0
5/4/2009 1:30,213,0.1,0.1,54.5,38,29.2,0,11244,0,0
5/4/2009 1:40,213,0.1,0.1,54.6,37,29.2,0,11244,0,0
5/4/2009 1:50,213,0.1,0.1,52.5,49,29.2,0,11244,0,0
5/4/2009 2:00,213,0.1,0.1,53,49,29.2,0,11244,0,0
5/4/2009 2:10,213,0.1,0.1,52.8,52,29.2,0,11244,0,0
5/4/2009 2:20,213,0.1,0.1,52.5,50,29.2,0,11244,0,0
5/4/2009 2:30,213,0.1,0.1,52.1,50,29.2,0,11244,0,0
5/4/2009 2:40,213,0.1,0.1,51.9,50,29.2,0,11244,0,0
5/4/2009 2:50,213,0.1,0.1,51.8,47,29.2,0,11244,0,0
5/4/2009 3:00,213,0.1,0.1,51.6,47,29.2,0,11244,0,0
5/4/2009 3:10,213,0.1,0.1,51.6,46,29.2,0,11244,0,0
5/4/2009 3:20,213,0.1,0.1,51.8,45,29.2,0,11244,0,0
5/4/2009 3:30,213,0.1,0.1,52.1,44,29.2,0,11244,0,0
5/4/2009 3:40,213,0.1,0.1,52.5,43,29.2,0,11244,0,0
5/4/2009 3:50,213,0.1,0.1,52.7,43,29.2,0,11244,0,0
5/4/2009 4:00,213,0.1,0.1,52.7,43,29.2,0,11244,0,0
5/4/2009 4:10,213,0.1,0.1,52.5,44,29.2,0,11244,0,0
5/4/2009 4:20,213,0.1,0.1,52.5,48,29.2,0,11244,0,0
5/4/2009 4:30,213,0.1,0.1,52.1,58,29.2,0,11244,0,0
5/4/2009 4:40,213,0.1,0.1,51.9,58,29.2,0,11244,0,0
5/4/2009 4:50,213,0.1,0.1,51.8,61,29.2,0,11244,0,0
5/4/2009 5:00,213,0.1,0.1,52.1,61,29.2,0,11244,0,0
5/4/2009 5:10,213,0.1,0.1,51.9,59,29.2,0,11244,0,0
5/4/2009 5:20,213,0.1,0.1,51.6,66,29.2,0,11244,0,0
5/4/2009 5:30,213,0.1,0.1,51.4,65,29.2,0,11244,0,0
5/4/2009 5:40,213,0.1,0.1,51.4,63,29.2,0,11244,0,0
5/4/2009 5:50,213,0.1,0.1,51.2,63,29.2,0,11244,0,0
5/4/2009 6:00,213,0.1,0.1,51.2,64,29.2,0,11244,0,0
5/4/2009 6:10,213,0.1,0.1,51,63,29.2,0,11244,0,0
5/4/2009 6:20,213,0.1,0.1,51,65,29.2,0,11244,0,0
5/4/2009 6:30,213,0.1,0.1,51.2,65,29.2,0,11244,0,0
5/4/2009 6:40,213,0.1,0.1,51.4,66,29.2,0,11244,0,0
5/4/2009 6:50,213,0.1,0.1,51.8,66,29.2,0,11244,0,0
5/4/2009 7:00,213,0.1,0.1,51.9,67,29.2,0,11244,0,0
5/4/2009 7:10,213,0.1,0.1,51.9,65,29.2,0,11244,0,0
5/4/2009 7:20,213,0.1,0.1,52.1,63,29.2,0,11244,0,0
5/4/2009 7:30,213,0.1,0.1,52.3,61,29.3,0,11244,0,0
5/4/2009 7:40,213,0.1,0.1,52.7,56,29.2,0,11244,0,0
5/4/2009 7:50,213,0.1,0.1,52.7,57,29.3,0,11244,0,0
5/4/2009 8:00,213,0.1,0.1,51.8,58,29.3,0,11244,0,0
5/4/2009 8:10,213,0.1,0.1,51.4,57,29.3,0,11244,0,0
5/4/2009 8:20,213,0.1,0.1,51.2,55,29.3,0,11244,0,0
5/4/2009 8:30,213,0.1,0.1,51,57,29.3,0,11244,0,0
5/4/2009 8:40,213,0.1,0.1,50.9,58,29.3,0,11244,0,0
5/4/2009 8:50,213,0.1,0.1,50.9,54,29.3,0,11244,0,0
5/4/2009 9:00,213,0.1,0.1,51.4,56,29.3,0,11244,0,0
5/4/2009 9:10,213,0.1,0.1,51.8,56,29.3,0,11244,0,0
5/4/2009 9:20,213,0.1,0.1,51.6,54,29.3,0,11244,0,0
5/4/2009 9:30,213,0.1,0.1,51.8,52,29.3,0,11244,0,0
5/4/2009 9:40,213,0.1,0.1,52.3,53,29.3,0,11244,0,0
5/4/2009 9:50,213,0.1,0.1,52.5,50,29.3,0,11244,0,0
5/4/2009 10:00,213,0.1,0.1,52.8,50,29.3,0,11244,0,0
5/4/2009 10:10,213,0.1,0.1,53.4,47,29.3,0,11244,0,0
5/4/2009 10:20,213,0.1,0.1,53.6,48,29.3,0,11244,0,0
5/4/2009 10:30,213,0.1,0.1,54.1,47,29.3,0,11244,0,0
5/4/2009 10:40,213,0.1,0.1,53.9,46,29.3,0,11244,0,0
5/4/2009 10:50,213,0.1,0.1,54.6,45,29.3,0,11244,0,0
5/4/2009 11:00,213,0.1,0.1,54.8,44,29.3,0,11244,0,0
5/4/2009 11:10,213,0.1,0.1,55,42,29.3,0,11244,0,0
5/4/2009 11:20,213,0.1,0.1,55.2,42,29.3,0,11244,0,0
5/4/2009 11:30,213,0.1,0.1,55,42,29.3,0,11244,0,0
5/4/2009 11:40,213,0.1,0.1,54.6,44,29.3,0,11244,0,0
5/4/2009 11:50,213,0.1,0.1,54.8,46,29.3,0,11244,0,0
5/4/2009 12:00,213,0.1,0.1,55,47,29.3,0,11244,0,0
5/4/2009 12:10,213,0.1,0.1,55,45,29.3,0,11244,0,0
5/4/2009 12:20,213,0.1,0.1,55.4,45,29.3,0,11244,0,0
5/4/2009 12:30,213,0.1,0.1,55.4,47,29.3,0,11244,0,0
5/4/2009 12:40,213,0.1,0.1,55.2,46,29.3,0,11244,0,0
5/4/2009 12:50,213,0.1,0.1,55.2,45,29.3,0,11244,0,0
5/4/2009 13:00,213,0.1,0.1,55.4,44,29.3,0,11244,0,0
5/4/2009 13:10,213,0.1,0.1,55.2,44,29.3,0,11244,0,0
5/4/2009 13:20,213,0.1,0.1,54.8,46,29.3,0,11244,0,0
5/4/2009 13:30,213,0.1,0.1,55.2,46,29.3,0,11244,0,0
5/4/2009 13:40,213,0.1,0.1,55,46,29.3,0,11244,0,0
5/4/2009 13:50,213,0.1,0.1,54.8,47,29.3,0,11244,0,0
5/4/2009 14:00,213,0.1,0.1,55,46,29.3,0,11244,0,0
5/4/2009 14:10,213,0.1,0.1,55,44,29.3,0,11244,0,0
5/4/2009 14:20,213,0.1,0.1,54.6,45,29.3,0,11244,0,0
5/4/2009 14:30,213,0.1,0.1,54.5,45,29.3,0,11244,0,0
5/4/2009 14:40,213,0.1,0.1,54.1,46,29.3,0,11244,0,0
5/4/2009 14:50,213,0.1,0.1,54.1,50,29.3,0,11244,0,0
5/4/2009 15:00,213,0.1,0.1,54.3,48,29.3,0,11244,0,0
5/4/2009 15:10,213,0.1,0.1,54.6,46,29.3,0,11244,0,0
5/4/2009 15:20,213,0.1,0.1,54.8,46,29.3,0,11244,0,0
5/4/2009 15:30,213,0.1,0.1,54.6,47,29.3,0,11244,0,0
5/4/2009 15:40,213,0.1,0.1,54.6,46,29.3,0,11244,0,0
5/4/2009 15:50,213,0.1,0.1,54.5,47,29.3,0,11244,0,0
5/4/2009 16:00,213,0.1,0.1,54.6,47,29.3,0,11244,0,0
5/4/2009 16:10,213,0.1,0.1,54.6,46,29.3,0,11244,0,0
5/4/2009 16:20,213,0.1,0.1,54.3,48,29.3,0,11244,0,0
5/4/2009 16:30,213,0.1,0.1,54.3,45,29.3,0,11244,0,0
5/4/2009 16:40,213,0.1,0.1,54.1,46,29.3,0,11244,0,0
5/4/2009 16:50,213,0.1,0.1,53.7,47,29.3,0,11244,0,0
5/4/2009 17:00,213,0.1,0.1,53.7,45,29.3,0,11244,0,0
5/4/2009 17:10,213,0.1,0.1,53.7,41,29.3,0,11244,0,0
5/4/2009 17:20,213,0.1,0.1,53.7,41,29.3,0,11244,0,0
5/4/2009 17:30,213,0.1,0.1,53.7,41,29.3,0,11244,0,0
5/4/2009 17:40,213,0.1,0.1,53.7,44,29.3,0,11244,0,0
5/4/2009 17:50,213,0.1,0.1,53.6,45,29.3,0,11244,0,0
5/4/2009 18:00,213,0.1,0.1,53.9,42,29.3,0,11244,0,0
5/4/2009 18:10,213,0.1,0.1,53.9,41,29.3,0,11244,0,0
5/4/2009 18:20,213,0.1,0.1,53.9,39,29.3,0,11244,0,0
5/4/2009 18:30,213,0.1,0.1,54.1,36,29.3,0,11244,0,0
5/4/2009 18:40,213,0.1,0.1,54.1,34,29.3,0,11244,0,0
5/4/2009 18:50,213,0.1,0.1,54.3,32,29.3,0,11244,0,0
5/4/2009 19:00,213,0.1,0.1,54.5,31,29.3,0,11244,0,0
5/4/2009 19:10,213,0.1,0.1,54.5,32,29.3,0,11244,0,0
5/4/2009 19:20,213,0.1,0.1,54.5,31,29.3,0,11244,0,0
5/4/2009 19:30,213,0.1,0.1,54.3,33,29.3,0,11244,0,0
5/4/2009 19:40,213,0.1,0.1,54.1,33,29.3,0,11244,0,0
5/4/2009 19:50,213,0.1,0.1,54.3,32,29.3,0,11244,0,0
5/4/2009 20:00,213,0.1,0.1,54.3,32,29.3,0,11244,0,0
5/4/2009 20:10,213,0.1,0.1,54.1,33,29.3,0,11244,0,0
5/4/2009 20:20,213,0.1,0.1,54.1,33,29.3,0,11244,0,0
5/4/2009 20:30,213,0.1,0.1,53.7,34,29.3,0,11244,0,0
5/4/2009 20:40,213,0.1,0.1,53.4,35,29.3,0,11244,0,0
5/4/2009 20:50,213,0.1,0.1,53.4,36,29.3,0,11244,0,0
5/4/2009 21:00,213,0.1,0.1,53.9,36,29.3,0,11244,0,0
5/4/2009 21:10,213,0.1,0.1,54.3,36,29.3,0,11244,0,0
5/4/2009 21:20,213,0.1,0.1,53.7,37,29.3,0,11244,0,0
5/4/2009 21:30,213,0.1,0.1,53,39,29.3,0,11244,0,0
5/4/2009 21:40,213,0.1,0.1,53,40,29.3,0,11244,0,0
5/4/2009 21:50,213,0.1,0.1,52.8,40,29.3,0,11244,0,0
5/4/2009 22:00,213,0.1,0.1,51.9,41,29.3,0,11244,0,0
5/4/2009 22:10,213,0.1,0.1,52.8,41,29.3,0,11244,0,0
5/4/2009 22:20,213,0.1,0.1,52.7,41,29.3,0,11244,0,0
5/4/2009 22:30,213,0.1,0.1,52.5,43,29.3,0,11244,0,0
5/4/2009 22:40,213,0.1,0.1,52.8,47,29.3,0,11244,0,0
5/4/2009 22:50,213,0.1,0.1,52.7,50,29.3,0,11244,0,0
5/4/2009 23:00,213,0.1,0.1,52.3,52,29.3,0,11244,0,0
5/4/2009 23:10,213,0.1,0.1,52.5,55,29.3,0,11244,0,0
5/4/2009 23:20,213,0.1,0.1,52.5,56,29.3,0,11244,0,0
5/4/2009 23:30,213,0.1,0.1,52.8,57,29.3,0,11244,0,0
5/4/2009 23:40,213,0.1,0.1,52.7,59,29.3,0,11244,0,0
5/4/2009 23:50,213,0.1,0.1,52.3,60,29.3,0,11244,0,0
5/5/2009 0:00,213,0.1,0.1,52.1,61,29.3,0,11244,0,0
5/5/2009 0:10,213,0.1,0.1,51.8,64,29.3,0,11244,0,0
5/5/2009 0:20,213,0.1,0.1,51.4,56,29.3,0,11244,0,0
5/5/2009 0:30,213,0.1,0.1,51.4,56,29.3,0,11244,0,0
5/5/2009 0:40,213,0.1,0.1,51.6,56,29.3,0,11244,0,0
5/5/2009 0:50,213,0.1,0.1,51.8,55,29.3,0,11244,0,0
5/5/2009 1:00,213,0.1,0.1,51.6,56,29.3,0,11244,0,0
5/5/2009 1:10,213,0.1,0.1,51.9,57,29.3,0,11244,0,0
5/5/2009 1:20,213,0.1,0.1,51.9,54,29.3,0,11244,0,0
5/5/2009 1:30,213,0.1,0.1,51.9,56,29.3,0,11244,0,0
5/5/2009 1:40,213,0.1,0.1,52.1,59,29.3,0,11244,0,0
5/5/2009 1:50,213,0.1,0.1,52.1,63,29.3,0,11244,0,0
5/5/2009 2:00,213,0.1,0.1,51.6,64,29.3,0,11244,0,0
5/5/2009 2:10,213,0.1,0.1,51.2,64,29.3,0,11244,0,0
5/5/2009 2:20,213,0.1,0.1,50.9,65,29.3,0,11244,0,0
5/5/2009 2:30,213,0.1,0.1,51,65,29.3,0,11244,0,0
5/5/2009 2:40,213,0.1,0.1,51,65,29.3,0,11244,0,0
5/5/2009 2:50,213,0.1,0.1,50.9,65,29.3,0,11244,0,0
5/5/2009 3:00,213,0.1,0.1,51,65,29.3,0,11244,0,0
5/5/2009 3:10,213,0.1,0.1,50.9,65,29.3,0,11244,0,0
5/5/2009 3:20,213,0.1,0.1,50.7,66,29.3,0,11244,0,0
5/5/2009 3:30,213,0.1,0.1,50.7,66,29.3,0,11244,0,0
5/5/2009 3:40,213,0.1,0.1,50.7,66,29.3,0,11244,0,0
5/5/2009 3:50,213,0.1,0.1,50.9,66,29.3,0,11244,0,0
5/5/2009 4:00,213,0.1,0.1,50.9,66,29.3,0,11244,0,0
5/5/2009 4:10,213,0.1,0.1,51,65,29.3,0,11244,0,0
5/5/2009 4:20,213,0.1,0.1,51.4,65,29.3,0,11244,0,0
5/5/2009 4:30,213,0.1,0.1,51.2,68,29.3,0,11244,0,0
5/5/2009 4:40,213,0.1,0.1,52.1,64,29.3,0,11244,0,0
5/5/2009 4:50,213,0.1,0.1,53.2,61,29.3,0,11244,0,0
5/5/2009 5:00,213,0.1,0.1,53.6,59,29.3,0,11244,0,0
5/5/2009 5:10,213,0.1,0.1,54.1,61,29.3,0,11244,0,0
5/5/2009 5:20,213,0.1,0.1,54.1,60,29.3,0,11244,0,0
5/5/2009 5:30,213,0.1,0.1,55,58,29.3,0,11244,0,0
5/5/2009 5:40,213,0.1,0.1,54.6,60,29.3,0,11244,0,0
5/5/2009 5:50,213,0.1,0.1,55.2,59,29.3,0,11244,0,0
5/5/2009 6:00,213,0.1,0.1,55.4,59,29.3,0,11244,0,0
5/5/2009 6:10,213,0.1,0.1,55.5,59,29.3,0,11244,0,0
5/5/2009 6:20,213,0.1,0.1,56.1,57,29.3,0,11244,0,0
5/5/2009 6:30,213,0.1,0.1,56.3,58,29.3,0,11244,0,0
5/5/2009 6:40,213,0.1,0.1,56.4,60,29.3,0,11244,0,0
5/5/2009 6:50,213,0.1,0.1,56.3,60,29.3,0,11244,0,0
5/5/2009 7:00,213,0.1,0.1,57.2,58,29.3,0,11244,0,0
5/5/2009 7:10,213,0.1,0.1,57.7,57,29.3,0,11244,0,0
5/5/2009 7:20,213,0.1,0.1,57.2,61,29.3,0,11244,0,0
5/5/2009 7:30,213,0.1,0.1,56.3,64,29.3,0,11244,0,0
5/5/2009 7:40,213,0.1,0.1,54.8,67,29.3,0,11244,0,0
5/5/2009 7:50,213,0.1,0.1,56.3,60,29.3,0,11244,0,0
5/5/2009 8:00,213,0.1,0.1,55.5,57,29.3,0,11244,0,0
5/5/2009 8:10,213,0.1,0.1,55,59,29.3,0,11244,0,0
5/5/2009 8:20,213,0.1,0.1,54.5,61,29.3,0,11244,0,0
5/5/2009 8:30,213,0.1,0.1,55,61,29.3,0,11244,0,0
5/5/2009 8:40,213,0.1,0.1,53.6,61,29.3,0,11244,0,0
5/5/2009 8:50,213,0.1,0.1,53.7,59,29.3,0,11244,0,0
5/5/2009 9:00,213,0.1,0.1,52.8,58,29.3,0,11244,0,0
5/5/2009 9:10,213,0.1,0.1,52.8,56,29.3,0,11244,0,0
5/5/2009 9:20,213,0.1,0.1,53.4,57,29.3,0,11244,0,0
5/5/2009 9:30,213,0.1,0.1,54.3,53,29.3,0,11244,0,0
5/5/2009 9:40,213,0.1,0.1,54.6,44,29.3,0,11244,0,0
5/5/2009 9:50,213,0.1,0.1,54.6,44,29.3,0,11244,0,0
5/5/2009 10:00,213,0.1,0.1,53.7,48,29.2,0,11244,0,0
5/5/2009 10:10,213,0.1,0.1,55,42,29.2,0,11244,0,0
5/5/2009 10:20,213,0.1,0.1,54.8,44,29.2,0,11244,0,0
5/5/2009 10:30,213,0.1,0.1,55.5,42,29.2,0,11244,0,0
5/5/2009 10:40,213,0.1,0.1,56.3,43,29.2,0,11244,0,0
5/5/2009 10:50,213,0.1,0.1,56.1,45,29.2,0,11244,0,0
5/5/2009 11:00,213,0.1,0.1,55.7,46,29.2,0,11244,0,0
5/5/2009 11:10,213,0.1,0.1,55.7,44,29.2,0,11244,0,0
5/5/2009 11:20,213,0.1,0.1,55.2,45,29.2,0,11244,0,0
5/5/2009 11:30,213,0.1,0.1,55,41,29.2,0,11244,0,0
5/5/2009 11:40,213,0.1,0.1,55.4,42,29.2,0,11244,0,0
5/5/2009 11:50,213,0.1,0.1,55.9,42,29.2,0,11244,0,0
5/5/2009 12:00,213,0.1,0.1,56.4,42,29.2,0,11244,0,0
5/5/2009 12:10,213,0.1,0.1,57.3,40,29.2,0,11244,0,0
5/5/2009 12:20,213,0.1,0.1,58.4,39,29.2,0,11244,0,0
5/5/2009 12:30,213,0.1,0.1,58.2,36,29.2,0,11244,0,0
5/5/2009 12:40,213,0.1,0.1,57.3,40,29.2,0,11244,0,0
5/5/2009 12:50,213,0.1,0.1,57,40,29.2,0,11244,0,0
5/5/2009 13:00,213,0.1,0.1,57.5,40,29.2,0,11244,0,0
5/5/2009 13:10,213,0.1,0.1,57.9,39,29.2,0,11244,0,0
5/5/2009 13:20,213,0.1,0.1,57.9,40,29.2,0,11244,0,0
5/5/2009 13:30,213,0.1,0.1,57.9,41,29.2,0,11244,0,0
5/5/2009 13:40,213,0.1,0.1,57.5,41,29.2,0,11244,0,0
5/5/2009 13:50,213,0.1,0.1,57.2,44,29.2,0,11244,0,0
5/5/2009 14:00,213,0.1,0.1,56.4,45,29.2,0,11244,0,0
5/5/2009 14:10,213,0.1,0.1,57,46,29.2,0,11244,0,0
5/5/2009 14:20,213,0.1,0.1,56.8,46,29.2,0,11244,0,0
5/5/2009 14:30,213,0.1,0.1,57,46,29.2,0,11244,0,0
5/5/2009 14:40,213,0.1,0.1,57,48,29.2,0,11244,0,0
5/5/2009 14:50,213,0.1,0.1,56.8,49,29.2,0,11244,0,0
5/5/2009 15:00,213,0.1,0.1,57.2,47,29.2,0,11244,0,0
5/5/2009 15:10,213,0.1,0.1,57.3,47,29.2,0,11244,0,0
5/5/2009 15:20,213,0.1,0.1,57.5,45,29.2,0,11244,0,0
5/5/2009 15:30,213,0.1,0.1,57.7,44,29.2,0,11244,0,0
5/5/2009 15:40,213,0.1,0.1,57.3,44,29.2,0,11244,0,0
5/5/2009 15:50,213,0.1,0.1,57.2,41,29.1,0,11244,0,0
5/5/2009 16:00,213,0.1,0.1,57.2,42,29.2,0,11244,0,0
5/5/2009 16:10,213,0.1,0.1,57,41,29.2,0,11244,0,0
5/5/2009 16:20,213,0.1,0.1,57,41,29.2,0,11244,0,0
5/5/2009 16:30,213,0.1,0.1,57,42,29.2,0,11244,0,0
5/5/2009 16:40,213,0.1,0.1,56.8,43,29.2,0,11244,0,0
5/5/2009 16:50,213,0.1,0.1,57.2,41,29.2,0,11244,0,0
5/5/2009 17:00,213,0.1,0.1,57.5,41,29.2,0,11244,0,0
5/5/2009 17:10,213,0.1,0.1,57.5,40,29.2,0,11244,0,0
5/5/2009 17:20,213,0.1,0.1,57.5,41,29.2,0,11244,0,0
5/5/2009 17:30,213,0.1,0.1,57.2,45,29.2,0,11244,0,0
5/5/2009 17:40,213,0.1,0.1,56.8,51,29.2,0,11244,0,0
5/5/2009 17:50,213,0.1,0.1,56.6,51,29.2,0,11244,0,0
5/5/2009 18:00,213,0.1,0.1,56.4,50,29.2,0,11244,0,0
5/5/2009 18:10,213,0.1,0.1,56.3,49,29.2,0,11244,0,0
5/5/2009 18:20,213,0.1,0.1,56.1,51,29.2,0,11244,0,0
5/5/2009 18:30,213,0.1,0.1,55.7,51,29.2,0,11244,0,0
5/5/2009 18:40,213,0.1,0.1,55.2,49,29.2,0,11244,0,0
5/5/2009 18:50,213,0.1,0.1,54.3,51,29.2,0,11244,0,0
5/5/2009 19:00,213,0.1,0.1,54.3,52,29.2,0,11244,0,0
5/5/2009 19:10,213,0.1,0.1,54.8,54,29.2,0,11244,0,0
5/5/2009 19:20,213,0.1,0.1,55,53,29.2,0,11244,0,0
5/5/2009 19:30,213,0.1,0.1,55.2,55,29.2,0,11244,0,0
5/5/2009 19:40,213,0.1,0.1,55.4,53,29.2,0,11244,0,0
5/5/2009 19:50,213,0.1,0.1,55.5,51,29.2,0,11244,0,0
5/5/2009 20:00,213,0.1,0.1,55.5,51,29.2,0,11244,0,0
5/5/2009 20:10,213,0.1,0.1,55.2,53,29.2,0,11244,0,0
5/5/2009 20:20,213,0.1,0.1,55.2,53,29.2,0,11244,0,0
5/5/2009 20:30,213,0.1,0.1,55,53,29.2,0,11244,0,0
5/5/2009 20:40,213,0.1,0.1,54.8,57,29.2,0,11244,0,0
5/5/2009 20:50,213,0.1,0.1,55,61,29.2,0,11244,0,0
5/5/2009 21:00,213,0.1,0.1,55.5,63,29.2,0,11244,0,0
5/5/2009 21:10,213,0.1,0.1,55.9,64,29.2,0,11244,0,0
5/5/2009 21:20,213,0.1,0.1,56.1,65,29.2,0,11244,0,0
5/5/2009 21:30,213,0.1,0.1,56.3,65,29.2,0,11244,0,0
5/5/2009 21:40,213,0.1,0.1,56.3,66,29.2,0,11244,0,0
5/5/2009 21:50,213,0.1,0.1,56.3,66,29.2,0,11244,0,0
5/5/2009 22:00,213,0.1,0.1,56.1,66,29.2,0,11244,0,0
5/5/2009 22:10,213,0.1,0.1,55.9,67,29.2,0,11244,0,0
5/5/2009 22:20,213,0.1,0.1,55.7,67,29.1,0,11244,0,0
5/5/2009 22:30,213,0.1,0.1,55.7,67,29.2,0,11244,0,0
5/5/2009 22:40,213,0.1,0.1,55.7,68,29.2,0,11244,0,0
5/5/2009 22:50,213,0.1,0.1,55.5,68,29.2,0,11244,0,0
5/5/2009 23:00,213,0.1,0.1,55.4,68,29.1,0,11244,0,0
5/5/2009 23:10,213,0.1,0.1,55.4,69,29.1,0,11244,0,0
5/5/2009 23:20,213,0.1,0.1,55.2,69,29.1,0,11244,0,0
5/5/2009 23:30,213,0.1,0.1,55.2,69,29.1,0,11244,0,0
5/5/2009 23:40,213,0.1,0.1,55,70,29.1,0,11244,0,0
5/5/2009 23:50,213,0.1,0.1,54.8,70,29.1,0,11244,0,0
5/6/2009 0:00,213,0.1,0.1,54.1,72,29.1,0,11244,0,0
5/6/2009 0:10,213,0.1,0.1,54.1,73,29.1,0,11244,0,0
5/6/2009 0:20,213,0.1,0.1,53.7,73,29.1,0,11244,0,0
5/6/2009 0:30,213,0.1,0.1,53.6,74,29.1,0,11244,0,0
5/6/2009 0:40,213,0.1,0.1,53.4,74,29.1,0,11244,0,0
5/6/2009 0:50,213,0.1,0.1,53.4,75,29.1,0,11244,0,0
5/6/2009 1:00,213,0.1,0.1,53.2,75,29.1,0,11244,0,0
5/6/2009 1:10,213,0.1,0.1,53,76,29.1,0,11244,0,0
5/6/2009 1:20,213,0.1,0.1,52.8,76,29.1,0,11244,0,0
5/6/2009 1:30,213,0.1,0.1,52.7,77,29.1,0,11244,0,0
5/6/2009 1:40,213,0.1,0.1,52.5,78,29.2,0,11244,0,0
5/6/2009 1:50,213,0.1,0.1,52.5,78,29.2,0,11244,0,0
5/6/2009 2:00,213,0.1,0.1,52.5,78,29.2,0,11244,0,0
5/6/2009 2:10,213,0.1,0.1,52.3,79,29.1,0,11244,0,0
5/6/2009 2:20,213,0.1,0.1,52.3,79,29.1,0,11244,0,0
5/6/2009 2:30,213,0.1,0.1,52.5,79,29.2,0,11244,0,0
5/6/2009 2:40,213,0.1,0.1,52.3,80,29.1,0,11244,0,0
5/6/2009 2:50,213,0.1,0.1,52.1,80,29.1,0,11244,0,0
5/6/2009 3:00,213,0.1,0.1,52.1,81,29.2,0,11244,0,0
5/6/2009 3:10,213,0.1,0.1,52.1,81,29.2,0,11244,0,0
5/6/2009 3:20,213,0.1,0.1,52.1,81,29.2,0,11244,0,0
5/6/2009 3:30,213,0.1,0.1,52.1,82,29.2,0,11244,0,0
5/6/2009 3:40,213,0.1,0.1,52.1,82,29.2,0,11244,0,0
5/6/2009 3:50,213,0.1,0.1,52.3,82,29.2,0,11244,0,0
5/6/2009 4:00,213,0.1,0.1,52.7,82,29.2,0,11244,0,0
5/6/2009 4:10,213,0.1,0.1,53,81,29.2,0,11244,0,0
5/6/2009 4:20,213,0.1,0.1,53.6,80,29.2,0,11244,0,0
5/6/2009 4:30,213,0.1,0.1,54.1,79,29.2,0,11244,0,0
5/6/2009 4:40,213,0.1,0.1,54.6,78,29.2,0,11244,0,0
5/6/2009 4:50,213,0.1,0.1,55.4,76,29.2,0,11244,0,0
5/6/2009 5:00,213,0.1,0.1,55.9,75,29.2,0,11244,0,0
5/6/2009 5:10,213,0.1,0.1,56.8,73,29.2,0,11244,0,0
5/6/2009 5:20,213,0.1,0.1,57.5,71,29.2,0,11244,0,0
5/6/2009 5:30,213,0.1,0.1,58.4,69,29.2,0,11244,0,0
5/6/2009 5:40,213,0.1,0.1,59,66,29.2,0,11244,0,0
5/6/2009 5:50,213,0.1,0.1,59.5,66,29.2,0,11244,0,0
5/6/2009 6:00,213,0.1,0.1,60,63,29.2,0,11244,0,0
5/6/2009 6:10,213,0.1,0.1,60.4,64,29.2,0,11244,0,0
5/6/2009 6:20,213,0.1,0.1,60.9,62,29.2,0,11244,0,0
5/6/2009 6:30,213,0.1,0.1,61.5,61,29.2,0,11244,0,0
5/6/2009 6:40,213,0.1,0.1,61.8,60,29.2,0,11244,0,0
5/6/2009 6:50,213,0.1,0.1,62.2,58,29.2,0,11244,0,0
5/6/2009 7:00,213,0.1,0.1,61.5,60,29.2,0,11244,0,0
5/6/2009 7:10,213,0.1,0.1,60.8,62,29.2,0,11244,0,0
5/6/2009 7:20,213,0.1,0.1,60.2,64,29.2,0,11244,0,0
5/6/2009 7:30,213,0.1,0.1,60.2,63,29.2,0,11244,0,0
5/6/2009 7:40,213,0.1,0.1,60.8,62,29.2,0,11244,0,0
5/6/2009 7:50,213,0.1,0.1,60.4,63,29.2,0,11244,0,0
5/6/2009 8:00,213,0.1,0.1,60.4,63,29.2,0,11244,0,0
5/6/2009 8:10,213,0.1,0.1,59.9,64,29.2,0,11244,0,0
5/6/2009 8:20,213,0.1,0.1,59.3,65,29.2,0,11244,0,0
5/6/2009 8:30,213,0.1,0.1,60.4,62,29.2,0,11244,0,0
5/6/2009 8:40,213,0.1,0.1,60,62,29.2,0,11244,0,0
5/6/2009 8:50,213,0.1,0.1,61.1,62,29.1,0,11244,0,0
5/6/2009 9:00,213,0.1,0.1,60.9,60,29.1,0,11244,0,0
5/6/2009 9:10,213,0.1,0.1,60.6,60,29.1,0,11244,0,0
5/6/2009 9:20,213,0.1,0.1,61.1,57,29.1,0,11244,0,0
5/6/2009 9:30,213,0.1,0.1,61.5,58,29.1,0,11244,0,0
5/6/2009 9:40,213,0.1,0.1,61.1,60,29.1,0,11244,0,0
5/6/2009 9:50,213,0.1,0.1,60.6,60,29.1,0,11244,0,0
5/6/2009 10:00,213,0.1,0.1,60.6,60,29.1,0,11244,0,0
5/6/2009 10:10,213,0.1,0.1,60.9,59,29.1,0,11244,0,0
5/6/2009 10:20,213,0.1,0.1,60.8,59,29.1,0,11244,0,0
5/6/2009 10:30,213,0.1,0.1,61.5,59,29.1,0,11244,0,0
5/6/2009 10:40,213,0.1,0.1,61.1,62,29.1,0,11244,0,0
5/6/2009 10:50,213,0.1,0.1,60.8,64,29.1,0,11244,0,0
5/6/2009 11:00,213,0.1,0.1,59.7,67,29.1,0,11244,0,0
5/6/2009 11:10,213,0.1,0.1,59.5,67,29.1,0,11244,0,0
5/6/2009 11:20,213,0.1,0.1,58.8,68,29.1,0,11244,0,0
5/6/2009 11:30,213,0.1,0.1,58.2,69,29.1,0,11244,0,0
5/6/2009 11:40,213,0.1,0.1,58.2,69,29.1,0,11244,0,0
5/6/2009 11:50,213,0.1,0.1,57.7,69,29.1,0,11244,0,0
5/6/2009 12:00,213,0.1,0.1,57,71,29.1,0,11244,0,0
5/6/2009 12:10,213,0.1,0.1,57.2,70,29.1,0,11244,0,0
5/6/2009 12:20,213,0.1,0.1,57.2,71,29.1,0,11244,0,0
5/6/2009 12:30,213,0.1,0.1,56.8,71,29.1,0,11244,0,0
5/6/2009 12:40,213,0.1,0.1,56.3,73,29.1,0,11244,0,0
5/6/2009 12:50,213,0.1,0.1,56.1,74,29.1,0,11244,0,0
5/6/2009 13:00,213,0.1,0.1,55.7,75,29.1,0,11244,0,0
5/6/2009 13:10,213,0.1,0.1,55.5,77,29.1,0,11244,0,0
5/6/2009 13:20,213,0.1,0.1,55.5,75,29.1,0,11244,0,0
5/6/2009 13:30,213,0.1,0.1,56.1,75,29.1,0,11244,0,0
5/6/2009 13:40,213,0.1,0.1,55.9,77,29.1,0,11244,0,0
5/6/2009 13:50,213,0.1,0.1,56.4,76,29.1,0,11254,0,0
5/6/2009 14:00,213,0.1,0.1,57,75,29.1,0,11424,0.02,0.02
5/6/2009 14:10,213,0.1,0.1,58.6,71,29.1,0,12004,0.24,0.24
5/6/2009 14:20,213,0.1,0.1,58.8,75,29.1,0,12604,0.12,0.12
5/6/2009 14:30,213,0.1,0.1,58.6,77,29.1,0,13204,0.12,0.12
5/6/2009 14:40,213,0.1,0.1,58.4,80,29.1,0,13794,0.08,0.08
5/6/2009 14:50,213,0.1,0.1,58.2,82,29.1,0,14394,0.08,0.08
5/6/2009 15:00,213,0.1,0.1,57.9,83,29.1,0,14994,0.09,0.09
5/6/2009 15:10,213,0.1,0.1,56.8,83,29,0,15584,0.11,0.11
5/6/2009 15:20,213,0.1,0.1,56.3,85,29,0,16164,0.04,0.04
5/6/2009 15:30,213,0.1,0.1,56.8,87,29,0,16754,0.07,0.07
5/6/2009 15:40,213,0.1,0.1,55.9,89,29,0,17354,0.06,0.06
5/6/2009 15:50,213,0.1,0.1,55.9,89,29,0,17954,0.1,0.1
5/6/2009 16:00,213,0.1,0.1,55.7,90,29,0,18554,0.09,0.09
5/6/2009 16:10,213,0.1,0.1,55.7,90,29,0,19154,0.03,0.03
5/6/2009 16:20,213,0.1,0.1,55.7,90,29,0,19734,0.01,0.01
5/6/2009 16:30,213,0.1,0.1,55.5,89,29,0,20124,0.01,0.01
5/6/2009 16:40,213,0.1,0.1,55.2,88,29,0,20654,0.04,0.04
5/6/2009 16:50,213,0.1,0.1,54.8,89,29,0,21234,0.03,0.03
5/6/2009 17:00,213,0.1,0.1,54.8,90,29,0,21754,0.03,0.03
5/6/2009 17:10,213,0.1,0.1,54.8,90,29,0,22344,0.04,0.04
5/6/2009 17:20,213,0.1,0.1,54.6,91,29,0,22934,0.03,0.03
5/6/2009 17:30,213,0.1,0.1,54.6,91,29,0,23444,0,0
5/6/2009 17:40,213,0.1,0.1,54.5,91,29,0,23674,0,0
5/6/2009 17:50,213,0.1,0.1,54.3,92,29,0,23914,0,0
5/6/2009 18:00,213,0.1,0.1,54.1,92,29,0,24294,0.03,0.03
5/6/2009 18:10,213,0.1,0.1,53.7,92,29,0,24814,0,0
5/6/2009 18:20,213,0.1,0.1,53.4,92,29,0,24864,0,0
5/6/2009 18:30,213,0.1,0.1,53.4,92,29,0,25064,0.01,0.01
5/6/2009 18:40,213,0.1,0.1,53.2,93,29,0,25234,0,0
5/6/2009 18:50,213,0.1,0.1,52.8,92,29,0,25234,0,0
5/6/2009 19:00,213,0.1,0.1,52.7,93,29,0,25254,0,0
5/6/2009 19:10,213,0.1,0.1,52.8,93,29,0,25254,0,0
5/6/2009 19:20,213,0.1,0.1,53,93,29,0,25254,0,0
5/6/2009 19:30,213,0.1,0.1,52.8,93,29,0,25254,0,0
5/6/2009 19:40,213,0.1,0.1,53,93,28.9,0,25254,0,0
5/6/2009 19:50,213,0.1,0.1,52.8,93,28.9,0,25254,0,0
5/6/2009 20:00,213,0.1,0.1,52.7,93,28.9,0,25254,0,0
5/6/2009 20:10,213,0.1,0.1,52.7,93,28.9,0,25254,0,0
5/6/2009 20:20,213,0.1,0.1,52.3,93,28.9,0,25254,0,0
5/6/2009 20:30,213,0.1,0.1,51.8,93,28.9,0,25254,0,0
5/6/2009 20:40,213,0.1,0.1,50.9,93,28.9,0,25314,0,0
5/6/2009 20:50,213,0.1,0.1,49.1,92,28.9,0,25334,0,0
5/6/2009 21:00,213,0.1,0.1,49.1,93,28.9,0,25694,0.01,0.01
5/6/2009 21:10,213,0.1,0.1,48.9,93,28.9,0,26024,0,0
5/6/2009 21:20,213,0.1,0.1,49.2,93,28.9,0,26104,0,0
5/6/2009 21:30,213,0.1,0.1,49.4,93,28.9,0,26124,0,0
5/6/2009 21:40,213,0.1,0.1,50,93,28.9,0,26124,0,0
5/6/2009 21:50,213,0.1,0.1,50.7,94,28.9,0,26124,0,0
5/6/2009 22:00,213,0.1,0.1,51,94,28.9,0,26124,0,0
5/6/2009 22:10,213,0.1,0.1,51.9,94,28.9,0,26134,0,0
5/6/2009 22:20,213,0.1,0.1,51,93,28.9,0,26134,0,0
5/6/2009 22:30,213,0.1,0.1,50.5,94,28.9,0,26134,0,0
5/6/2009 22:40,213,0.1,0.1,49.6,94,28.9,0,26134,0,0
5/6/2009 22:50,213,0.1,0.1,49.4,94,28.9,0,26134,0,0
5/6/2009 23:00,213,0.1,0.1,49.6,94,28.9,0,26134,0,0
5/6/2009 23:10,213,0.1,0.1,49.6,94,28.9,0,26134,0,0
5/6/2009 23:20,213,0.1,0.1,49.4,94,28.9,0,26134,0,0
5/6/2009 23:30,213,0.1,0.1,49.4,94,28.9,0,26134,0,0
5/6/2009 23:40,213,0.1,0.1,49.2,94,28.9,0,26134,0,0
5/6/2009 23:50,213,0.1,0.1,49.1,94,28.9,0,26134,0,0
5/7/2009 0:00,213,0.1,0.1,48.9,94,28.9,0,26134,0,0
5/7/2009 0:10,213,0.1,0.1,49.2,94,28.9,0,26134,0,0
5/7/2009 0:20,213,0.1,0.1,49.4,94,28.9,0,26144,0,0
5/7/2009 0:30,213,0.1,0.1,49.1,94,28.9,0,26144,0,0
5/7/2009 0:40,213,0.1,0.1,49.2,94,28.9,0,26144,0,0
5/7/2009 0:50,213,0.1,0.1,49.4,94,28.9,0,26144,0,0
5/7/2009 1:00,213,0.1,0.1,49.4,94,28.9,0,26144,0,0
5/7/2009 1:10,213,0.1,0.1,49.4,94,28.9,0,26144,0,0
5/7/2009 1:20,213,0.1,0.1,49.2,94,29,0,26144,0,0
5/7/2009 1:30,213,0.1,0.1,49.6,94,29,0,26144,0,0
5/7/2009 1:40,213,0.1,0.1,49.8,94,29,0,26144,0,0
5/7/2009 1:50,213,0.1,0.1,49.4,94,29,0,26144,0,0
5/7/2009 2:00,213,0.1,0.1,49.2,94,29,0,26144,0,0
5/7/2009 2:10,213,0.1,0.1,49.4,94,29,0,26144,0,0
5/7/2009 2:20,213,0.1,0.1,49.6,94,29,0,26144,0,0
5/7/2009 2:30,213,0.1,0.1,49.8,94,29,0,26144,0,0
5/7/2009 2:40,213,0.1,0.1,50.1,94,29,0,26144,0,0
5/7/2009 2:50,213,0.1,0.1,50.1,94,29,0,26144,0,0
5/7/2009 3:00,213,0.1,0.1,50.1,94,29,0,26144,0,0
5/7/2009 3:10,213,0.1,0.1,50.3,94,29,0,26144,0,0
5/7/2009 3:20,213,0.1,0.1,50.7,94,29,0,26144,0,0
5/7/2009 3:30,213,0.1,0.1,50.7,94,29,0,26144,0,0
5/7/2009 3:40,213,0.1,0.1,50.9,94,29,0,26144,0,0
5/7/2009 3:50,213,0.1,0.1,51,94,29,0,26144,0,0
5/7/2009 4:00,213,0.1,0.1,51,94,29,0,26144,0,0
5/7/2009 4:10,213,0.1,0.1,50.5,94,29,0,26144,0,0
5/7/2009 4:20,213,0.1,0.1,50.9,94,29,0,26144,0,0
5/7/2009 4:30,213,0.1,0.1,51,94,29,0,26144,0,0
5/7/2009 4:40,213,0.1,0.1,51.2,94,29,0,26144,0,0
5/7/2009 4:50,213,0.1,0.1,51.2,94,29,0,26144,0,0
5/7/2009 5:00,213,0.1,0.1,51.4,94,29,0,26144,0,0
5/7/2009 5:10,213,0.1,0.1,52.1,94,29,0,26144,0,0
5/7/2009 5:20,213,0.1,0.1,52.5,94,29,0,26144,0,0
5/7/2009 5:30,213,0.1,0.1,52.3,93,29,0,26144,0,0
5/7/2009 5:40,213,0.1,0.1,52.5,93,29,0,26144,0,0
5/7/2009 5:50,213,0.1,0.1,53,93,29,0,26144,0,0
5/7/2009 6:00,213,0.1,0.1,53.2,93,29,0,26144,0,0
5/7/2009 6:10,213,0.1,0.1,53.6,92,29,0,26144,0,0
5/7/2009 6:20,213,0.1,0.1,53.7,88,29,0,26144,0,0
5/7/2009 6:30,213,0.1,0.1,52.8,89,29,0,26144,0,0
5/7/2009 6:40,213,0.1,0.1,53,89,29,0,26144,0,0
5/7/2009 6:50,213,0.1,0.1,53.7,88,29,0,26144,0,0
5/7/2009 7:00,213,0.1,0.1,54.6,85,29,0,26144,0,0
5/7/2009 7:10,213,0.1,0.1,55.9,82,29,0,26144,0,0
5/7/2009 7:20,213,0.1,0.1,56.4,75,29,0,26144,0,0
5/7/2009 7:30,213,0.1,0.1,55.9,75,29,0,26144,0,0
5/7/2009 7:40,213,0.1,0.1,55.2,80,29,0,26144,0,0
5/7/2009 7:50,213,0.1,0.1,55.9,79,29,0,26144,0,0
5/7/2009 8:00,213,0.1,0.1,55.7,77,29,0,26144,0,0
5/7/2009 8:10,213,0.1,0.1,56.1,76,29,0,26144,0,0
5/7/2009 8:20,213,0.1,0.1,56.4,77,29,0,26144,0,0
5/7/2009 8:30,213,0.1,0.1,56.4,75,29,0,26144,0,0
5/7/2009 8:40,213,0.1,0.1,56.3,74,29,0,26144,0,0
5/7/2009 8:50,213,0.1,0.1,56.6,76,29,0,26144,0,0
5/7/2009 9:00,213,0.1,0.1,56.4,75,29,0,26144,0,0
5/7/2009 9:10,213,0.1,0.1,56.6,76,29,0,26144,0,0
5/7/2009 9:20,213,0.1,0.1,56.4,75,29,0,26144,0,0
5/7/2009 9:30,213,0.1,0.1,56.1,76,29,0,26144,0,0
5/7/2009 9:40,213,0.1,0.1,56.1,78,29,0,26144,0,0
5/7/2009 9:50,213,0.1,0.1,55.9,76,29,0,26144,0,0
5/7/2009 10:00,213,0.1,0.1,55.5,77,29,0,26144,0,0
5/7/2009 10:10,213,0.1,0.1,55.5,76,29,0,26144,0,0
5/7/2009 10:20,213,0.1,0.1,55.2,76,29,0,26144,0,0
5/7/2009 10:30,213,0.1,0.1,55.4,75,29,0,26144,0,0
5/7/2009 10:40,213,0.1,0.1,56.1,74,29,0,26144,0,0
5/7/2009 10:50,213,0.1,0.1,55.7,77,29,0,26144,0,0
5/7/2009 11:00,213,0.1,0.1,55.7,75,29,0,26144,0,0
5/7/2009 11:10,213,0.1,0.1,55.5,78,29,0,26144,0,0
5/7/2009 11:20,213,0.1,0.1,55.4,77,29,0,26144,0,0
5/7/2009 11:30,213,0.1,0.1,57.3,71,29,0,26144,0,0
5/7/2009 11:40,213,0.1,0.1,56.3,75,29,0,26144,0,0
5/7/2009 11:50,213,0.1,0.1,56.4,74,29,0,26144,0,0
5/7/2009 12:00,213,0.1,0.1,56.1,77,29,0,26144,0,0
5/7/2009 12:10,213,0.1,0.1,57.3,73,29,0,26144,0,0
5/7/2009 12:20,213,0.1,0.1,57,75,29,0,26144,0,0
5/7/2009 12:30,213,0.1,0.1,55.7,75,29,0,26144,0,0
5/7/2009 12:40,213,0.1,0.1,54.6,79,29,0,26144,0,0
5/7/2009 12:50,213,0.1,0.1,54.1,81,29,0,26144,0,0
5/7/2009 13:00,213,0.1,0.1,53.7,83,29,0,26144,0,0
5/7/2009 13:10,213,0.1,0.1,53,83,29,0,26144,0,0
5/7/2009 13:20,213,0.1,0.1,52.8,84,29,0,26144,0,0
5/7/2009 13:30,213,0.1,0.1,52.8,84,29,0,26144,0,0
5/7/2009 13:40,213,0.1,0.1,52.8,84,29,0,26144,0,0
5/7/2009 13:50,213,0.1,0.1,53,84,29,0,26294,0,0
5/7/2009 14:00,213,0.1,0.1,53.2,85,29,0,26294,0,0
5/7/2009 14:10,213,0.1,0.1,53.4,85,29,0,26514,0,0
5/7/2009 14:20,213,0.1,0.1,53.2,85,29,0,26634,0.01,0.01
5/7/2009 14:30,213,0.1,0.1,53.4,86,29,0,27214,0.03,0.03
5/7/2009 14:40,213,0.1,0.1,53.6,88,29,0,27804,0.03,0.03
5/7/2009 14:50,213,0.1,0.1,53.7,88,29,0,28414,0.06,0.06
5/7/2009 15:00,213,0.1,0.1,54.1,89,29,0,28864,0.02,0.02
5/7/2009 15:10,213,0.1,0.1,54.3,89,29,0,29044,0,0
5/7/2009 15:20,213,0.1,0.1,54.6,89,29,0,29434,0,0
5/7/2009 15:30,213,0.1,0.1,54.8,88,29,0,29684,0.05,0.05
5/7/2009 15:40,213,0.1,0.1,55,88,29,0,30074,0,0
5/7/2009 15:50,213,0.1,0.1,55.5,87,29,0,30074,0,0
5/7/2009 16:00,213,0.1,0.1,56.1,86,29,0,30074,0,0
5/7/2009 16:10,213,0.1,0.1,56.6,85,29,0,30074,0,0
5/7/2009 16:20,213,0.1,0.1,57,84,29,0,30074,0,0
5/7/2009 16:30,213,0.1,0.1,57,84,29,0,30074,0,0
5/7/2009 16:40,213,0.1,0.1,56.8,85,29,0,30074,0,0
5/7/2009 16:50,213,0.1,0.1,56.8,86,29,0,30074,0,0
5/7/2009 17:00,213,0.1,0.1,56.8,87,29,0,30074,0,0
5/7/2009 17:10,213,0.1,0.1,56.8,87,29,0,30074,0,0
5/7/2009 17:20,213,0.1,0.1,56.8,87,29,0,30074,0,0
5/7/2009 17:30,213,0.1,0.1,56.8,86,29,0,30074,0,0
5/7/2009 17:40,213,0.1,0.1,56.8,87,29,0,30074,0,0
5/7/2009 17:50,213,0.1,0.1,56.8,86,29,0,30074,0,0
5/7/2009 18:00,213,0.1,0.1,56.8,86,29,0,30074,0,0
5/7/2009 18:10,213,0.1,0.1,56.6,86,29,0,30074,0,0
5/7/2009 18:20,213,0.1,0.1,56.6,86,29,0,30074,0,0
5/7/2009 18:30,213,0.1,0.1,56.8,85,29,0,30074,0,0
5/7/2009 18:40,213,0.1,0.1,57.2,84,29,0,30074,0,0
5/7/2009 18:50,213,0.1,0.1,57.2,84,29,0,30074,0,0
5/7/2009 19:00,213,0.1,0.1,57.3,83,29,0,30074,0,0
5/7/2009 19:10,213,0.1,0.1,57.5,83,29,0,30074,0,0
5/7/2009 19:20,213,0.1,0.1,57.7,82,29,0,30074,0,0
5/7/2009 19:30,213,0.1,0.1,57.9,82,29,0,30074,0,0
5/7/2009 19:40,213,0.1,0.1,58.1,81,29,0,30074,0,0
5/7/2009 19:50,213,0.1,0.1,58.1,81,29,0,30074,0,0
5/7/2009 20:00,213,0.1,0.1,58.2,80,29,0,30074,0,0
5/7/2009 20:10,213,0.1,0.1,58.2,80,29,0,30074,0,0
5/7/2009 20:20,213,0.1,0.1,58.4,79,29,0,30074,0,0
5/7/2009 20:30,213,0.1,0.1,58.2,79,29,0,30074,0,0
5/7/2009 20:40,213,0.1,0.1,58.4,78,29,0,30074,0,0
5/7/2009 20:50,213,0.1,0.1,58.8,77,29,0,30074,0,0
5/7/2009 21:00,213,0.1,0.1,59,76,29,0,30074,0,0
5/7/2009 21:10,213,0.1,0.1,59.1,76,29,0,30074,0,0
5/7/2009 21:20,213,0.1,0.1,59.1,76,29,0,30074,0,0
5/7/2009 21:30,213,0.1,0.1,59.1,76,29,0,30074,0,0
5/7/2009 21:40,213,0.1,0.1,59.1,77,29,0,30074,0,0
5/7/2009 21:50,213,0.1,0.1,59.3,77,29,0,30074,0,0
5/7/2009 22:00,213,0.1,0.1,59.5,76,29,0,30074,0,0
5/7/2009 22:10,213,0.1,0.1,59.5,77,29,0,30074,0,0
5/7/2009 22:20,213,0.1,0.1,59.7,77,29,0,30074,0,0
5/7/2009 22:30,213,0.1,0.1,59.9,76,29,0,30074,0,0
5/7/2009 22:40,213,0.1,0.1,60.2,76,29,0,30074,0,0
5/7/2009 22:50,213,0.1,0.1,60.2,76,29,0,30074,0,0
5/7/2009 23:00,213,0.1,0.1,60.4,76,29,0,30074,0,0
5/7/2009 23:10,213,0.1,0.1,60.2,76,29,0,30074,0,0
5/7/2009 23:20,213,0.1,0.1,60.2,76,29,0,30074,0,0
5/7/2009 23:30,213,0.1,0.1,60,77,29,0,30074,0,0
5/7/2009 23:40,213,0.1,0.1,59.7,77,29,0,30074,0,0
5/7/2009 23:50,213,0.1,0.1,59.7,78,29,0,30074,0,0
5/8/2009 0:00,213,0.1,0.1,59.5,78,29,0,30074,0,0
5/8/2009 0:10,213,0.1,0.1,59.5,78,29,0,30074,0,0
5/8/2009 0:20,213,0.1,0.1,59.3,78,29,0,30074,0,0
5/8/2009 0:30,213,0.1,0.1,59.3,78,29,0,30074,0,0
5/8/2009 0:40,213,0.1,0.1,59.5,77,29,0,30074,0,0
5/8/2009 0:50,213,0.1,0.1,60,75,29,0,30074,0,0
5/8/2009 1:00,213,0.1,0.1,59.7,76,29,0,30074,0,0
5/8/2009 1:10,213,0.1,0.1,59.7,75,29,0,30074,0,0
5/8/2009 1:20,213,0.1,0.1,59.5,76,29,0,30324,0.09,0.09
5/8/2009 1:30,213,0.1,0.1,59,79,29,0,30924,0.02,0.02
5/8/2009 1:40,213,0.1,0.1,58.2,81,29,0,31504,0.02,0.02
5/8/2009 1:50,213,0.1,0.1,57.9,82,29,0,31534,0,0
5/8/2009 2:00,213,0.1,0.1,57.5,84,29,0,31534,0,0
5/8/2009 2:10,213,0.1,0.1,57.3,84,29,0,31704,0.07,0.07
5/8/2009 2:20,213,0.1,0.1,57.2,84,29,0,31814,0,0
5/8/2009 2:30,213,0.1,0.1,56.6,84,29,0,31814,0,0
5/8/2009 2:40,213,0.1,0.1,57.3,83,29,0,31814,0,0
5/8/2009 2:50,213,0.1,0.1,57.5,83,29,0,31814,0,0
5/8/2009 3:00,213,0.1,0.1,57.2,84,29,0,31814,0,0
5/8/2009 3:10,213,0.1,0.1,57.2,84,29,0,31814,0,0
5/8/2009 3:20,213,0.1,0.1,57.2,84,29,0,31814,0,0
5/8/2009 3:30,213,0.1,0.1,57.3,84,29,0,31814,0,0
5/8/2009 3:40,213,0.1,0.1,57.3,84,29,0,31814,0,0
5/8/2009 3:50,213,0.1,0.1,57.5,83,29,0,31814,0,0
5/8/2009 4:00,213,0.1,0.1,57.5,84,29,0,31814,0,0
5/8/2009 4:10,213,0.1,0.1,57.7,84,29,0,31814,0,0
5/8/2009 4:20,213,0.1,0.1,58.2,83,29,0,31814,0,0
5/8/2009 4:30,213,0.1,0.1,58.6,82,29,0,31814,0,0
5/8/2009 4:40,213,0.1,0.1,59,81,29,0,31814,0,0
5/8/2009 4:50,213,0.1,0.1,59.3,80,29,0,31814,0,0
5/8/2009 5:00,213,0.1,0.1,59.9,79,29,0,31814,0,0
5/8/2009 5:10,213,0.1,0.1,60.6,78,29,0,31814,0,0
5/8/2009 5:20,213,0.1,0.1,61.3,77,29,0,31814,0,0
5/8/2009 5:30,213,0.1,0.1,61.8,75,29,0,31814,0,0
5/8/2009 5:40,213,0.1,0.1,62.4,75,29,0,31814,0,0
5/8/2009 5:50,213,0.1,0.1,63.1,73,29,0,31814,0,0
5/8/2009 6:00,213,0.1,0.1,63.3,71,29,0,31814,0,0
5/8/2009 6:10,213,0.1,0.1,63.6,72,29,0,31814,0,0
5/8/2009 6:20,213,0.1,0.1,63.6,69,29,0,31814,0,0
5/8/2009 6:30,213,0.1,0.1,63.8,70,29,0,31814,0,0
5/8/2009 6:40,213,0.1,0.1,64,69,29,0,31814,0,0
5/8/2009 6:50,213,0.1,0.1,64.2,67,29,0,31814,0,0
5/8/2009 7:00,213,0.1,0.1,64.7,67,29,0,31814,0,0
5/8/2009 7:10,213,0.1,0.1,64.9,64,29,0,31814,0,0
5/8/2009 7:20,213,0.1,0.1,64.9,65,29,0,31814,0,0
5/8/2009 7:30,213,0.1,0.1,64.9,65,29,0,31814,0,0
5/8/2009 7:40,213,0.1,0.1,64.9,66,28.9,0,31814,0,0
5/8/2009 7:50,213,0.1,0.1,64.9,66,29,0,31814,0,0
5/8/2009 8:00,213,0.1,0.1,64.7,66,29,0,31814,0,0
5/8/2009 8:10,213,0.1,0.1,64.9,66,29,0,31814,0,0
5/8/2009 8:20,213,0.1,0.1,64.9,66,29,0,31814,0,0
5/8/2009 8:30,213,0.1,0.1,63.8,69,29,0,31814,0,0
5/8/2009 8:40,213,0.1,0.1,63.3,70,29,0,31814,0,0
5/8/2009 8:50,213,0.1,0.1,63.6,69,29,0,31814,0,0
5/8/2009 9:00,213,0.1,0.1,63.3,70,29,0,31814,0,0
5/8/2009 9:10,213,0.1,0.1,63.5,69,29,0,31814,0,0
5/8/2009 9:20,213,0.1,0.1,63.5,69,29,0,31814,0,0
5/8/2009 9:30,213,0.1,0.1,62.7,70,29,0,31814,0,0
5/8/2009 9:40,213,0.1,0.1,62.4,69,29,0,31814,0,0
5/8/2009 9:50,213,0.1,0.1,62,71,29,0,31814,0,0
5/8/2009 10:00,213,0.1,0.1,61.5,71,29,0,31814,0,0
5/8/2009 10:10,213,0.1,0.1,61.7,71,29,0,31834,0,0
5/8/2009 10:20,213,0.1,0.1,61.7,71,29,0,31834,0,0
5/8/2009 10:30,213,0.1,0.1,61.3,71,29,0,31834,0,0
5/8/2009 10:40,213,0.1,0.1,62.6,68,29,0,31834,0,0
5/8/2009 10:50,213,0.1,0.1,62.7,67,29,0,31834,0,0
5/8/2009 11:00,213,0.1,0.1,62.2,68,29,0,31874,0,0
5/8/2009 11:10,213,0.1,0.1,63.6,66,29,0,31874,0,0
5/8/2009 11:20,213,0.1,0.1,65.6,63,29,0,31884,0,0
5/8/2009 11:30,213,0.1,0.1,66.5,62,29,0,31884,0,0
5/8/2009 11:40,213,0.1,0.1,67.8,60,29,0,31884,0,0
5/8/2009 11:50,213,0.1,0.1,68.5,56,29,0,31884,0,0
5/8/2009 12:00,213,0.1,0.1,67.1,59,29,0,31974,0,0
5/8/2009 12:10,213,0.1,0.1,67.4,58,29,0,31974,0,0
5/8/2009 12:20,213,0.1,0.1,67.8,58,29,0,31974,0,0
5/8/2009 12:30,213,0.1,0.1,69,55,28.9,0,31974,0,0
5/8/2009 12:40,213,0.1,0.1,69.2,53,28.9,0,31974,0,0
5/8/2009 12:50,213,0.1,0.1,69.8,51,28.9,0,31974,0,0
5/8/2009 13:00,213,0.1,0.1,68.9,54,28.9,0,31974,0,0
5/8/2009 13:10,213,0.1,0.1,70.3,49,28.9,0,31974,0,0
5/8/2009 13:20,213,0.1,0.1,70.7,50,28.9,0,31974,0,0
5/8/2009 13:30,213,0.1,0.1,71.6,49,28.9,0,31974,0,0
5/8/2009 13:40,213,0.1,0.1,71.4,51,28.9,0,31974,0,0
5/8/2009 13:50,213,0.1,0.1,71.2,50,28.9,0,31974,0,0
5/8/2009 14:00,213,0.1,0.1,71.4,51,28.9,0,31974,0,0
5/8/2009 14:10,213,0.1,0.1,71.2,52,28.9,0,31974,0,0
5/8/2009 14:20,213,0.1,0.1,71.2,52,28.9,0,31974,0,0
5/8/2009 14:30,213,0.1,0.1,71,53,28.9,0,31974,0,0
5/8/2009 14:40,213,0.1,0.1,71.2,52,28.9,0,31974,0,0
5/8/2009 14:50,213,0.1,0.1,71.2,52,28.9,0,31974,0,0
5/8/2009 15:00,213,0.1,0.1,70.8,52,28.9,0,31974,0,0
5/8/2009 15:10,213,0.1,0.1,70.8,53,28.9,0,31974,0,0
5/8/2009 15:20,213,0.1,0.1,70.7,55,28.9,0,31974,0,0
5/8/2009 15:30,213,0.1,0.1,70.1,57,28.9,0,31974,0,0
5/8/2009 15:40,213,0.1,0.1,69.8,59,28.9,0,31974,0,0
5/8/2009 15:50,213,0.1,0.1,69.8,59,28.9,0,31974,0,0
5/8/2009 16:00,213,0.1,0.1,69.4,60,28.9,0,31974,0,0
5/8/2009 16:10,213,0.1,0.1,69.2,61,28.9,0,31974,0,0
5/8/2009 16:20,213,0.1,0.1,69.2,60,28.9,0,31974,0,0
5/8/2009 16:30,213,0.1,0.1,69,60,28.9,0,31974,0,0
5/8/2009 16:40,213,0.1,0.1,68.9,60,28.9,0,31974,0,0
5/8/2009 16:50,213,0.1,0.1,68.5,60,28.9,0,31974,0,0
5/8/2009 17:00,213,0.1,0.1,68.5,60,28.9,0,31974,0,0
5/8/2009 17:10,213,0.1,0.1,68.1,61,28.9,0,31974,0,0
5/8/2009 17:20,213,0.1,0.1,68,62,28.9,0,31974,0,0
5/8/2009 17:30,213,0.1,0.1,67.6,62,28.9,0,31974,0,0
5/8/2009 17:40,213,0.1,0.1,67.4,63,28.9,0,31974,0,0
5/8/2009 17:50,213,0.1,0.1,67.4,63,28.9,0,31974,0,0
5/8/2009 18:00,213,0.1,0.1,67.2,64,28.9,0,31974,0,0
5/8/2009 18:10,213,0.1,0.1,67.2,64,28.9,0,31974,0,0
5/8/2009 18:20,213,0.1,0.1,67.1,65,28.9,0,31974,0,0
5/8/2009 18:30,213,0.1,0.1,66.9,65,28.9,0,31974,0,0
5/8/2009 18:40,213,0.1,0.1,66.7,65,28.9,0,31974,0,0
5/8/2009 18:50,213,0.1,0.1,66.5,66,28.9,0,31974,0,0
5/8/2009 19:00,213,0.1,0.1,66.5,66,28.9,0,31974,0,0
5/8/2009 19:10,213,0.1,0.1,66.7,64,28.9,0,31974,0,0
5/8/2009 19:20,213,0.1,0.1,66.5,65,28.9,0,31974,0,0
5/8/2009 19:30,213,0.1,0.1,66.2,66,28.9,0,31974,0,0
5/8/2009 19:40,213,0.1,0.1,66.2,66,28.9,0,31974,0,0
5/8/2009 19:50,213,0.1,0.1,66,67,28.9,0,31974,0,0
5/8/2009 20:00,213,0.1,0.1,65.6,68,28.9,0,31974,0,0
5/8/2009 20:10,213,0.1,0.1,65.4,69,28.9,0,31994,0,0
5/8/2009 20:20,213,0.1,0.1,64.9,70,28.9,0,32154,0,0
5/8/2009 20:30,213,0.1,0.1,64.4,72,28.9,0,32564,0.01,0.01
5/8/2009 20:40,213,0.1,0.1,63.6,75,28.9,0,32614,0,0
5/8/2009 20:50,213,0.1,0.1,63.3,77,28.9,0,32614,0,0
5/8/2009 21:00,213,0.1,0.1,62.9,78,28.9,0,32614,0,0
5/8/2009 21:10,213,0.1,0.1,62.9,78,28.9,0,32614,0,0
5/8/2009 21:20,213,0.1,0.1,62.7,80,28.9,0,32614,0,0
5/8/2009 21:30,213,0.1,0.1,62.7,79,28.9,0,32614,0,0
5/8/2009 21:40,213,0.1,0.1,62.6,80,28.9,0,32614,0,0
5/8/2009 21:50,213,0.1,0.1,62.6,78,28.9,0,32614,0,0
5/8/2009 22:00,213,0.1,0.1,60.8,78,28.9,0,32614,0,0
5/8/2009 22:10,213,0.1,0.1,59.1,84,28.9,0,32614,0,0
5/8/2009 22:20,213,0.1,0.1,58.8,86,28.9,0,32614,0,0
5/8/2009 22:30,213,0.1,0.1,58.2,85,28.9,0,32614,0,0
5/8/2009 22:40,213,0.1,0.1,58.2,86,28.9,0,32614,0,0
5/8/2009 22:50,213,0.1,0.1,58.2,86,28.9,0,32614,0,0
5/8/2009 23:00,213,0.1,0.1,58.8,85,28.9,0,32614,0,0
5/8/2009 23:10,213,0.1,0.1,59.1,85,28.9,0,32614,0,0
5/8/2009 23:20,213,0.1,0.1,59.1,85,28.9,0,32614,0,0
5/8/2009 23:30,213,0.1,0.1,59.3,86,28.9,0,32614,0,0
5/8/2009 23:40,213,0.1,0.1,59.3,87,28.9,0,32614,0,0
5/8/2009 23:50,213,0.1,0.1,59.3,87,28.9,0,32614,0,0
5/9/2009 0:00,213,0.1,0.1,59.1,88,28.9,0,32614,0,0
5/9/2009 0:10,213,0.1,0.1,59.1,87,28.8,0,32614,0,0
5/9/2009 0:20,213,0.1,0.1,59,88,28.8,0,32614,0,0
5/9/2009 0:30,213,0.1,0.1,59,88,28.8,0,32614,0,0
5/9/2009 0:40,213,0.1,0.1,59.3,86,28.8,0,32614,0,0
5/9/2009 0:50,213,0.1,0.1,59.3,85,28.8,0,32614,0,0
5/9/2009 1:00,213,0.1,0.1,59.1,85,28.8,0,32614,0,0
5/9/2009 1:10,213,0.1,0.1,59.3,84,28.8,0,32614,0,0
5/9/2009 1:20,213,0.1,0.1,59.5,84,28.8,0,32614,0,0
5/9/2009 1:30,213,0.1,0.1,59.9,83,28.8,0,32614,0,0
5/9/2009 1:40,213,0.1,0.1,60.4,82,28.8,0,32614,0,0
5/9/2009 1:50,213,0.1,0.1,60.6,82,28.8,0,32614,0,0
5/9/2009 2:00,213,0.1,0.1,60.6,83,28.8,0,32614,0,0
5/9/2009 2:10,213,0.1,0.1,60.8,83,28.8,0,32614,0,0
5/9/2009 2:20,213,0.1,0.1,60.9,83,28.8,0,32614,0,0
5/9/2009 2:30,213,0.1,0.1,60.9,84,28.8,0,32614,0,0
5/9/2009 2:40,213,0.1,0.1,60.9,84,28.8,0,33054,0.01,0.01
5/9/2009 2:50,213,0.1,0.1,60.8,86,28.8,0,33644,0.01,0.01
5/9/2009 3:00,213,0.1,0.1,60.6,86,28.8,0,33794,0,0
5/9/2009 3:10,213,0.1,0.1,60.6,86,28.8,0,33794,0,0
5/9/2009 3:20,213,0.1,0.1,60.6,86,28.8,0,33794,0,0
5/9/2009 3:30,213,0.1,0.1,60.8,86,28.8,0,33794,0,0
5/9/2009 3:40,213,0.1,0.1,60.8,86,28.8,0,33794,0,0
5/9/2009 3:50,213,0.1,0.1,60.9,85,28.8,0,33794,0,0
5/9/2009 4:00,213,0.1,0.1,61.3,85,28.8,0,33794,0,0
5/9/2009 4:10,213,0.1,0.1,61.7,84,28.8,0,33794,0,0
5/9/2009 4:20,213,0.1,0.1,61.8,84,28.8,0,33794,0,0
5/9/2009 4:30,213,0.1,0.1,61.8,84,28.8,0,33794,0,0
5/9/2009 4:40,213,0.1,0.1,62,84,28.8,0,33794,0,0
5/9/2009 4:50,213,0.1,0.1,62.4,83,28.8,0,33794,0,0
5/9/2009 5:00,213,0.1,0.1,62.9,83,28.8,0,33794,0,0
5/9/2009 5:10,213,0.1,0.1,63.3,83,28.8,0,33794,0,0
5/9/2009 5:20,213,0.1,0.1,63.5,82,28.8,0,33794,0,0
5/9/2009 5:30,213,0.1,0.1,63.8,81,28.8,0,33794,0,0
5/9/2009 5:40,213,0.1,0.1,64.2,80,28.8,0,33794,0,0
5/9/2009 5:50,213,0.1,0.1,64.4,80,28.8,0,33794,0,0
5/9/2009 6:00,213,0.1,0.1,64.4,79,28.8,0,33794,0,0
5/9/2009 6:10,213,0.1,0.1,64.5,78,28.8,0,33794,0,0
5/9/2009 6:20,213,0.1,0.1,65.1,76,28.8,0,33794,0,0
5/9/2009 6:30,213,0.1,0.1,65.3,74,28.8,0,33794,0,0
5/9/2009 6:40,213,0.1,0.1,65.4,75,28.8,0,33794,0,0
5/9/2009 6:50,213,0.1,0.1,65.3,75,28.8,0,33794,0,0
5/9/2009 7:00,213,0.1,0.1,65.6,74,28.8,0,33794,0,0
5/9/2009 7:10,213,0.1,0.1,65.4,73,28.8,0,33794,0,0
5/9/2009 7:20,213,0.1,0.1,65.6,72,28.8,0,33794,0,0
5/9/2009 7:30,213,0.1,0.1,66,70,28.8,0,33794,0,0
5/9/2009 7:40,213,0.1,0.1,66.5,68,28.8,0,33794,0,0
5/9/2009 7:50,213,0.1,0.1,66.7,68,28.8,0,33794,0,0
5/9/2009 8:00,213,0.1,0.1,67.2,67,28.8,0,33794,0,0
5/9/2009 8:10,213,0.1,0.1,67.6,66,28.8,0,33794,0,0
5/9/2009 8:20,213,0.1,0.1,67.6,66,28.8,0,33814,0,0
5/9/2009 8:30,213,0.1,0.1,67.6,67,28.8,0,33834,0,0
5/9/2009 8:40,213,0.1,0.1,67.6,66,28.8,0,33954,0,0
5/9/2009 8:50,213,0.1,0.1,68.3,64,28.8,0,33954,0,0
5/9/2009 9:00,213,0.1,0.1,68.9,64,28.8,0,33974,0,0
5/9/2009 9:10,213,0.1,0.1,69.8,61,28.8,0,33974,0,0
5/9/2009 9:20,213,0.1,0.1,69.8,58,28.7,0,34014,0,0
5/9/2009 9:30,213,0.1,0.1,63.8,68,28.8,0,34014,0,0
5/9/2009 9:40,213,0.1,0.1,61.3,72,28.8,0,34124,0,0
5/9/2009 9:50,213,0.1,0.1,61.7,70,28.8,0,34124,0,0
5/9/2009 10:00,213,0.1,0.1,61.8,68,28.8,0,34124,0,0
5/9/2009 10:10,213,0.1,0.1,60.8,70,28.8,0,34124,0,0
5/9/2009 10:20,213,0.1,0.1,60,65,28.8,0,34124,0,0
5/9/2009 10:30,213,0.1,0.1,59.7,62,28.8,0,34124,0,0
5/9/2009 10:40,213,0.1,0.1,59,63,28.8,0,34144,0,0
5/9/2009 10:50,213,0.1,0.1,58.4,63,28.8,0,34154,0,0
5/9/2009 11:00,213,0.1,0.1,57.9,63,28.8,0,34164,0,0
5/9/2009 11:10,213,0.1,0.1,57.5,64,28.8,0,34174,0,0
5/9/2009 11:20,213,0.1,0.1,57.3,65,28.8,0,34194,0,0
5/9/2009 11:30,213,0.1,0.1,57.2,65,28.8,0,34194,0,0
5/9/2009 11:40,213,0.1,0.1,57.2,66,28.8,0,34204,0,0
5/9/2009 11:50,213,0.1,0.1,57.2,67,28.8,0,34264,0,0
5/9/2009 12:00,213,0.1,0.1,57.5,65,28.8,0,34294,0,0
5/9/2009 12:10,213,0.1,0.1,57.3,65,28.9,0,34434,0.01,0.01
5/9/2009 12:20,213,0.1,0.1,56.8,67,28.9,0,34514,0,0
5/9/2009 12:30,213,0.1,0.1,55.9,70,28.9,0,34554,0,0
5/9/2009 12:40,213,0.1,0.1,55.5,71,28.9,0,34554,0,0
5/9/2009 12:50,213,0.1,0.1,54.8,73,28.9,0,34594,0,0
5/9/2009 13:00,213,0.1,0.1,53.7,76,28.9,0,34594,0,0
5/9/2009 13:10,213,0.1,0.1,52.5,77,28.9,0,34594,0,0
5/9/2009 13:20,213,0.1,0.1,52.1,80,28.9,0,34594,0,0
5/9/2009 13:30,213,0.1,0.1,51.6,82,28.9,0,34594,0,0
5/9/2009 13:40,213,0.1,0.1,50.5,86,28.9,0,34594,0,0
5/9/2009 13:50,213,0.1,0.1,49.6,89,28.9,0,34614,0,0
5/9/2009 14:00,213,0.1,0.1,49.8,91,28.9,0,34614,0,0
5/9/2009 14:10,213,0.1,0.1,49.8,91,28.9,0,34614,0,0
5/9/2009 14:20,213,0.1,0.1,50,91,29,0,34614,0,0
5/9/2009 14:30,213,0.1,0.1,50.1,91,29,0,34614,0,0
5/9/2009 14:40,213,0.1,0.1,50.5,90,29,0,34614,0,0
5/9/2009 14:50,213,0.1,0.1,50.5,89,29,0,34614,0,0
5/9/2009 15:00,213,0.1,0.1,50.1,88,29,0,34614,0,0
5/9/2009 15:10,213,0.1,0.1,49.2,85,29,0,34614,0,0
5/9/2009 15:20,213,0.1,0.1,48.5,83,29,0,34614,0,0
5/9/2009 15:30,213,0.1,0.1,48.2,83,29,0,34614,0,0
5/9/2009 15:40,213,0.1,0.1,47.8,84,29,0,34614,0,0
5/9/2009 15:50,213,0.1,0.1,47.4,85,29,0,34614,0,0
5/9/2009 16:00,213,0.1,0.1,47.3,84,29,0,34614,0,0
5/9/2009 16:10,213,0.1,0.1,47.3,83,29,0,34614,0,0
5/9/2009 16:20,213,0.1,0.1,46.7,83,29,0,34614,0,0
5/9/2009 16:30,213,0.1,0.1,46.7,83,29,0,34614,0,0
5/9/2009 16:40,213,0.1,0.1,46.9,83,29,0,34614,0,0
5/9/2009 16:50,213,0.1,0.1,47.1,82,29,0,34614,0,0
5/9/2009 17:00,213,0.1,0.1,47.1,81,29.1,0,34614,0,0
5/9/2009 17:10,213,0.1,0.1,47.1,82,29.1,0,34614,0,0
5/9/2009 17:20,213,0.1,0.1,47.1,82,29.1,0,34614,0,0
5/9/2009 17:30,213,0.1,0.1,47.3,81,29.1,0,34614,0,0
5/9/2009 17:40,213,0.1,0.1,47.6,80,29.1,0,34614,0,0
5/9/2009 17:50,213,0.1,0.1,47.6,79,29.1,0,34614,0,0
5/9/2009 18:00,213,0.1,0.1,47.4,79,29.1,0,34614,0,0
5/9/2009 18:10,213,0.1,0.1,47.4,78,29.1,0,34614,0,0
5/9/2009 18:20,213,0.1,0.1,47.4,80,29.1,0,34614,0,0
5/9/2009 18:30,213,0.1,0.1,47.3,80,29.1,0,34614,0,0
5/9/2009 18:40,213,0.1,0.1,47.3,80,29.1,0,34614,0,0
5/9/2009 18:50,213,0.1,0.1,47.3,79,29.1,0,34614,0,0
5/9/2009 19:00,213,0.1,0.1,47.4,79,29.1,0,34614,0,0
5/9/2009 19:10,213,0.1,0.1,47.4,78,29.1,0,34614,0,0
5/9/2009 19:20,213,0.1,0.1,47.6,78,29.1,0,34614,0,0
5/9/2009 19:30,213,0.1,0.1,47.4,78,29.1,0,34614,0,0
5/9/2009 19:40,213,0.1,0.1,47.4,77,29.1,0,34614,0,0
5/9/2009 19:50,213,0.1,0.1,47.4,77,29.1,0,34614,0,0
5/9/2009 20:00,213,0.1,0.1,47.3,77,29.1,0,34614,0,0
5/9/2009 20:10,213,0.1,0.1,47.4,77,29.1,0,34614,0,0
5/9/2009 20:20,213,0.1,0.1,47.8,76,29.1,0,34614,0,0
5/9/2009 20:30,213,0.1,0.1,48,75,29.1,0,34614,0,0
5/9/2009 20:40,213,0.1,0.1,48,76,29.1,0,34614,0,0
5/9/2009 20:50,213,0.1,0.1,48,73,29.1,0,34614,0,0
5/9/2009 21:00,213,0.1,0.1,48,75,29.1,0,34614,0,0
5/9/2009 21:10,213,0.1,0.1,48,75,29.1,0,34614,0,0
5/9/2009 21:20,213,0.1,0.1,47.3,79,29.1,0,34614,0,0
5/9/2009 21:30,213,0.1,0.1,47.3,79,29.1,0,34614,0,0
5/9/2009 21:40,213,0.1,0.1,47.3,80,29.1,0,34614,0,0
5/9/2009 21:50,213,0.1,0.1,47.3,80,29.1,0,34614,0,0
5/9/2009 22:00,213,0.1,0.1,47.4,79,29.1,0,34614,0,0
5/9/2009 22:10,213,0.1,0.1,47.6,80,29.1,0,34614,0,0
5/9/2009 22:20,213,0.1,0.1,47.6,80,29.1,0,34614,0,0
5/9/2009 22:30,213,0.1,0.1,47.4,80,29.1,0,34614,0,0
5/9/2009 22:40,213,0.1,0.1,47.6,80,29.1,0,34614,0,0
5/9/2009 22:50,213,0.1,0.1,47.6,80,29.1,0,34614,0,0
5/9/2009 23:00,213,0.1,0.1,47.4,81,29.1,0,34614,0,0
5/9/2009 23:10,213,0.1,0.1,47.4,81,29.1,0,34614,0,0
5/9/2009 23:20,213,0.1,0.1,47.4,81,29.1,0,34614,0,0
5/9/2009 23:30,213,0.1,0.1,47.4,81,29.1,0,34614,0,0
5/9/2009 23:40,213,0.1,0.1,48,80,29.1,0,34614,0,0
5/9/2009 23:50,213,0.1,0.1,48,81,29.1,0,34614,0,0
5/10/2009 0:00,213,0.1,0.1,48.2,80,29.1,0,34614,0,0
5/10/2009 0:10,213,0.1,0.1,48.7,79,29.1,0,34614,0,0
5/10/2009 0:20,213,0.1,0.1,49.1,77,29.1,0,34614,0,0
5/10/2009 0:30,213,0.1,0.1,49.2,77,29.1,0,34614,0,0
5/10/2009 0:40,213,0.1,0.1,49.8,76,29.1,0,34614,0,0
5/10/2009 0:50,213,0.1,0.1,50.1,77,29.1,0,34614,0,0
5/10/2009 1:00,213,0.1,0.1,50.3,75,29.1,0,34614,0,0
5/10/2009 1:10,213,0.1,0.1,50.3,75,29.1,0,34614,0,0
5/10/2009 1:20,213,0.1,0.1,50.3,75,29.1,0,34614,0,0
5/10/2009 1:30,213,0.1,0.1,50.1,76,29.1,0,34614,0,0
5/10/2009 1:40,213,0.1,0.1,50,78,29.1,0,34614,0,0
5/10/2009 1:50,213,0.1,0.1,50,79,29.1,0,34614,0,0
5/10/2009 2:00,213,0.1,0.1,49.8,79,29.1,0,34614,0,0
5/10/2009 2:10,213,0.1,0.1,49.2,80,29.1,0,34614,0,0
5/10/2009 2:20,213,0.1,0.1,48.7,81,29.1,0,34614,0,0
5/10/2009 2:30,213,0.1,0.1,48.5,81,29.1,0,34614,0,0
5/10/2009 2:40,213,0.1,0.1,48.2,80,29.2,0,34614,0,0
5/10/2009 2:50,213,0.1,0.1,47.6,80,29.2,0,34614,0,0
5/10/2009 3:00,213,0.1,0.1,46.9,78,29.2,0,34614,0,0
5/10/2009 3:10,213,0.1,0.1,46.7,79,29.2,0,34614,0,0
5/10/2009 3:20,213,0.1,0.1,46.4,75,29.2,0,34614,0,0
5/10/2009 3:30,213,0.1,0.1,46.2,75,29.2,0,34614,0,0
5/10/2009 3:40,213,0.1,0.1,45.8,72,29.2,0,34614,0,0
5/10/2009 3:50,213,0.1,0.1,45.6,72,29.2,0,34614,0,0
5/10/2009 4:00,213,0.1,0.1,45.6,77,29.2,0,34614,0,0
5/10/2009 4:10,213,0.1,0.1,45.6,74,29.2,0,34614,0,0
5/10/2009 4:20,213,0.1,0.1,45.5,71,29.2,0,34614,0,0
5/10/2009 4:30,213,0.1,0.1,45.5,72,29.2,0,34614,0,0
5/10/2009 4:40,213,0.1,0.1,45.5,72,29.2,0,34614,0,0
5/10/2009 4:50,213,0.1,0.1,45.6,74,29.2,0,34614,0,0
5/10/2009 5:00,213,0.1,0.1,45.6,73,29.2,0,34614,0,0
5/10/2009 5:10,213,0.1,0.1,45.6,68,29.2,0,34614,0,0
5/10/2009 5:20,213,0.1,0.1,45.5,70,29.2,0,34614,0,0
5/10/2009 5:30,213,0.1,0.1,45.5,72,29.2,0,34614,0,0
5/10/2009 5:40,213,0.1,0.1,45.5,70,29.2,0,34614,0,0
5/10/2009 5:50,213,0.1,0.1,45.6,70,29.2,0,34614,0,0
5/10/2009 6:00,213,0.1,0.1,45.5,70,29.2,0,34614,0,0
5/10/2009 6:10,213,0.1,0.1,45.1,70,29.2,0,34614,0,0
5/10/2009 6:20,213,0.1,0.1,45.1,68,29.2,0,34614,0,0
5/10/2009 6:30,213,0.1,0.1,45.1,68,29.2,0,34614,0,0
5/10/2009 6:40,213,0.1,0.1,45.1,68,29.2,0,34614,0,0
5/10/2009 6:50,213,0.1,0.1,45.3,69,29.2,0,34614,0,0
5/10/2009 7:00,213,0.1,0.1,45.3,67,29.2,0,34614,0,0
5/10/2009 7:10,213,0.1,0.1,45.5,67,29.2,0,34614,0,0
5/10/2009 7:20,213,0.1,0.1,45.6,68,29.2,0,34614,0,0
5/10/2009 7:30,213,0.1,0.1,45.5,65,29.2,0,34614,0,0
5/10/2009 7:40,213,0.1,0.1,45.3,65,29.2,0,34614,0,0
5/10/2009 7:50,213,0.1,0.1,45.5,66,29.3,0,34614,0,0
5/10/2009 8:00,213,0.1,0.1,45.6,65,29.3,0,34614,0,0
5/10/2009 8:10,213,0.1,0.1,45.6,64,29.3,0,34614,0,0
5/10/2009 8:20,213,0.1,0.1,45.8,67,29.3,0,34614,0,0
5/10/2009 8:30,213,0.1,0.1,45.8,63,29.3,0,34614,0,0
5/10/2009 8:40,213,0.1,0.1,46.4,64,29.3,0,34614,0,0
5/10/2009 8:50,213,0.1,0.1,46.4,64,29.3,0,34614,0,0
5/10/2009 9:00,213,0.1,0.1,46.4,64,29.3,0,34614,0,0
5/10/2009 9:10,213,0.1,0.1,46.4,65,29.3,0,34614,0,0
5/10/2009 9:20,213,0.1,0.1,46.4,65,29.3,0,34614,0,0
5/10/2009 9:30,213,0.1,0.1,46.7,67,29.3,0,34614,0,0
5/10/2009 9:40,213,0.1,0.1,46.9,65,29.3,0,34614,0,0
5/10/2009 9:50,213,0.1,0.1,47.1,67,29.3,0,34614,0,0
5/10/2009 10:00,213,0.1,0.1,47.8,65,29.3,0,34614,0,0
5/10/2009 10:10,213,0.1,0.1,48.2,63,29.3,0,34614,0,0
5/10/2009 10:20,213,0.1,0.1,48,65,29.3,0,34614,0,0
5/10/2009 10:30,213,0.1,0.1,48.2,63,29.3,0,34614,0,0
5/10/2009 10:40,213,0.1,0.1,47.8,63,29.3,0,34614,0,0
5/10/2009 10:50,213,0.1,0.1,48.3,64,29.3,0,34614,0,0
5/10/2009 11:00,213,0.1,0.1,48.3,66,29.3,0,34614,0,0
5/10/2009 11:10,213,0.1,0.1,48.2,62,29.3,0,34614,0,0
5/10/2009 11:20,213,0.1,0.1,48.3,65,29.3,0,34614,0,0
5/10/2009 11:30,213,0.1,0.1,48,68,29.3,0,34614,0,0
5/10/2009 11:40,213,0.1,0.1,48.2,69,29.3,0,34614,0,0
5/10/2009 11:50,213,0.1,0.1,48.3,69,29.3,0,34614,0,0
5/10/2009 12:00,213,0.1,0.1,48.3,71,29.3,0,34614,0,0
5/10/2009 12:10,213,0.1,0.1,48.5,71,29.3,0,34614,0,0
5/10/2009 12:20,213,0.1,0.1,48.2,71,29.3,0,34614,0,0
5/10/2009 12:30,213,0.1,0.1,47.8,71,29.3,0,34614,0,0
5/10/2009 12:40,213,0.1,0.1,47.6,70,29.3,0,34614,0,0
5/10/2009 12:50,213,0.1,0.1,47.8,70,29.3,0,34614,0,0
5/10/2009 13:00,213,0.1,0.1,48,71,29.3,0,34614,0,0
5/10/2009 13:10,213,0.1,0.1,48,70,29.3,0,34614,0,0
5/10/2009 13:20,213,0.1,0.1,47.6,72,29.3,0,34614,0,0
5/10/2009 13:30,213,0.1,0.1,47.3,72,29.3,0,34614,0,0
5/10/2009 13:40,213,0.1,0.1,47.4,72,29.3,0,34614,0,0
5/10/2009 13:50,213,0.1,0.1,47.3,71,29.3,0,34614,0,0
5/10/2009 14:00,213,0.1,0.1,47.6,70,29.3,0,34614,0,0
5/10/2009 14:10,213,0.1,0.1,48,69,29.3,0,34614,0,0
5/10/2009 14:20,213,0.1,0.1,48.2,69,29.3,0,34614,0,0
5/10/2009 14:30,213,0.1,0.1,48.7,69,29.3,0,34614,0,0
5/10/2009 14:40,213,0.1,0.1,48.7,69,29.3,0,34614,0,0
5/10/2009 14:50,213,0.1,0.1,48.3,69,29.3,0,34614,0,0
5/10/2009 15:00,213,0.1,0.1,48.9,69,29.3,0,34614,0,0
5/10/2009 15:10,213,0.1,0.1,48.5,71,29.3,0,34614,0,0
5/10/2009 15:20,213,0.1,0.1,49.1,70,29.3,0,34614,0,0
5/10/2009 15:30,213,0.1,0.1,49.1,70,29.3,0,34614,0,0
5/10/2009 15:40,213,0.1,0.1,48.9,71,29.3,0,34614,0,0
5/10/2009 15:50,213,0.1,0.1,48.9,71,29.3,0,34614,0,0
5/10/2009 16:00,213,0.1,0.1,48.9,72,29.3,0,34614,0,0
5/10/2009 16:10,213,0.1,0.1,48.9,72,29.3,0,34614,0,0
5/10/2009 16:20,213,0.1,0.1,49.1,71,29.3,0,34614,0,0
5/10/2009 16:30,213,0.1,0.1,49.4,70,29.3,0,34614,0,0
5/10/2009 16:40,213,0.1,0.1,49.1,71,29.3,0,34614,0,0
5/10/2009 16:50,213,0.1,0.1,48.5,72,29.3,0,34614,0,0
5/10/2009 17:00,213,0.1,0.1,48.3,73,29.3,0,34614,0,0
5/10/2009 17:10,213,0.1,0.1,48,74,29.3,0,34614,0,0
5/10/2009 17:20,213,0.1,0.1,47.8,74,29.3,0,34614,0,0
5/10/2009 17:30,213,0.1,0.1,47.6,75,29.3,0,34614,0,0
5/10/2009 17:40,213,0.1,0.1,47.6,75,29.3,0,34614,0,0
5/10/2009 17:50,213,0.1,0.1,47.6,74,29.3,0,34614,0,0
5/10/2009 18:00,213,0.1,0.1,48,74,29.3,0,34614,0,0
5/10/2009 18:10,213,0.1,0.1,48,74,29.3,0,34614,0,0
5/10/2009 18:20,213,0.1,0.1,48,74,29.3,0,34614,0,0
5/10/2009 18:30,213,0.1,0.1,48.2,74,29.3,0,34614,0,0
5/10/2009 18:40,213,0.1,0.1,48.3,74,29.3,0,34614,0,0
5/10/2009 18:50,213,0.1,0.1,48.5,73,29.3,0,34614,0,0
5/10/2009 19:00,213,0.1,0.1,48.7,72,29.3,0,34614,0,0
5/10/2009 19:10,213,0.1,0.1,48.7,72,29.3,0,34614,0,0
5/10/2009 19:20,213,0.1,0.1,48.7,70,29.3,0,34614,0,0
5/10/2009 19:30,213,0.1,0.1,48.7,70,29.3,0,34614,0,0
5/10/2009 19:40,213,0.1,0.1,48.5,71,29.3,0,34614,0,0
5/10/2009 19:50,213,0.1,0.1,48.5,70,29.3,0,34614,0,0
5/10/2009 20:00,213,0.1,0.1,48.3,69,29.3,0,34614,0,0
5/10/2009 20:10,213,0.1,0.1,48,71,29.3,0,34614,0,0
5/10/2009 20:20,213,0.1,0.1,48,72,29.3,0,34614,0,0
5/10/2009 20:30,213,0.1,0.1,48,72,29.3,0,34614,0,0
5/10/2009 20:40,213,0.1,0.1,47.8,73,29.3,0,34614,0,0
5/10/2009 20:50,213,0.1,0.1,47.6,73,29.3,0,34614,0,0
5/10/2009 21:00,213,0.1,0.1,47.8,71,29.3,0,34614,0,0
5/10/2009 21:10,213,0.1,0.1,47.4,72,29.3,0,34614,0,0
5/10/2009 21:20,213,0.1,0.1,47.8,71,29.3,0,34614,0,0
5/10/2009 21:30,213,0.1,0.1,47.4,73,29.3,0,34614,0,0
5/10/2009 21:40,213,0.1,0.1,46.7,75,29.3,0,34614,0,0
5/10/2009 21:50,213,0.1,0.1,46.5,76,29.3,0,34614,0,0
5/10/2009 22:00,213,0.1,0.1,46.5,76,29.3,0,34614,0,0
5/10/2009 22:10,213,0.1,0.1,46.5,76,29.3,0,34614,0,0
5/10/2009 22:20,213,0.1,0.1,46.5,76,29.3,0,34614,0,0
5/10/2009 22:30,213,0.1,0.1,46.4,75,29.3,0,34614,0,0
5/10/2009 22:40,213,0.1,0.1,46.2,75,29.3,0,34614,0,0
5/10/2009 22:50,213,0.1,0.1,46.2,75,29.3,0,34614,0,0
5/10/2009 23:00,213,0.1,0.1,46,75,29.3,0,34614,0,0
5/10/2009 23:10,213,0.1,0.1,45.8,74,29.3,0,34614,0,0
5/10/2009 23:20,213,0.1,0.1,45.8,73,29.3,0,34614,0,0
5/10/2009 23:30,213,0.1,0.1,45.6,72,29.3,0,34614,0,0
5/10/2009 23:40,213,0.1,0.1,45.6,72,29.3,0,34614,0,0
5/10/2009 23:50,213,0.1,0.1,45.6,70,29.3,0,34614,0,0
5/11/2009 0:00,213,0.1,0.1,45.3,71,29.3,0,34614,0,0
5/11/2009 0:10,213,0.1,0.1,45.1,70,29.3,0,34614,0,0
5/11/2009 0:20,213,0.1,0.1,45.1,70,29.3,0,34614,0,0
5/11/2009 0:30,213,0.1,0.1,45.3,68,29.3,0,34614,0,0
5/11/2009 0:40,213,0.1,0.1,45.1,69,29.3,0,34614,0,0
5/11/2009 0:50,213,0.1,0.1,45.3,68,29.3,0,34614,0,0
5/11/2009 1:00,213,0.1,0.1,45.5,69,29.3,0,34614,0,0
5/11/2009 1:10,213,0.1,0.1,45.3,69,29.3,0,34614,0,0
5/11/2009 1:20,213,0.1,0.1,45.6,70,29.3,0,34614,0,0
5/11/2009 1:30,213,0.1,0.1,45.5,70,29.3,0,34614,0,0
5/11/2009 1:40,213,0.1,0.1,45.1,69,29.3,0,34614,0,0
5/11/2009 1:50,213,0.1,0.1,45.5,69,29.3,0,34614,0,0
5/11/2009 2:00,213,0.1,0.1,45.6,69,29.3,0,34614,0,0
5/11/2009 2:10,213,0.1,0.1,45.5,71,29.3,0,34614,0,0
5/11/2009 2:20,213,0.1,0.1,45.6,66,29.3,0,34614,0,0
5/11/2009 2:30,213,0.1,0.1,45.8,64,29.3,0,34614,0,0
5/11/2009 2:40,213,0.1,0.1,45.8,63,29.3,0,34614,0,0
5/11/2009 2:50,213,0.1,0.1,45.8,64,29.3,0,34614,0,0
5/11/2009 3:00,213,0.1,0.1,45.6,63,29.3,0,34614,0,0
5/11/2009 3:10,213,0.1,0.1,45.6,64,29.3,0,34614,0,0
5/11/2009 3:20,213,0.1,0.1,45.5,64,29.3,0,34614,0,0
5/11/2009 3:30,213,0.1,0.1,45.5,64,29.3,0,34614,0,0
5/11/2009 3:40,213,0.1,0.1,45.8,63,29.3,0,34614,0,0
5/11/2009 3:50,213,0.1,0.1,46,62,29.3,0,34614,0,0
5/11/2009 4:00,213,0.1,0.1,46.2,62,29.3,0,34614,0,0
5/11/2009 4:10,213,0.1,0.1,46.5,62,29.3,0,34614,0,0
5/11/2009 4:20,213,0.1,0.1,46.5,61,29.3,0,34614,0,0
5/11/2009 4:30,213,0.1,0.1,46.7,60,29.3,0,34614,0,0
5/11/2009 4:40,213,0.1,0.1,47.1,58,29.3,0,34614,0,0
5/11/2009 4:50,213,0.1,0.1,47.6,58,29.3,0,34614,0,0
5/11/2009 5:00,213,0.1,0.1,48,56,29.3,0,34614,0,0
5/11/2009 5:10,213,0.1,0.1,48.7,50,29.3,0,34614,0,0
5/11/2009 5:20,213,0.1,0.1,48.5,50,29.3,0,34614,0,0
5/11/2009 5:30,213,0.1,0.1,48.7,50,29.3,0,34614,0,0
5/11/2009 5:40,213,0.1,0.1,48.7,51,29.3,0,34614,0,0
5/11/2009 5:50,213,0.1,0.1,48.3,52,29.3,0,34614,0,0
5/11/2009 6:00,213,0.1,0.1,49.2,52,29.3,0,34614,0,0
5/11/2009 6:10,213,0.1,0.1,49.4,52,29.3,0,34614,0,0
5/11/2009 6:20,213,0.1,0.1,49.2,59,29.3,0,34614,0,0
5/11/2009 6:30,213,0.1,0.1,49.1,65,29.3,0,34614,0,0
5/11/2009 6:40,213,0.1,0.1,48.5,63,29.3,0,34614,0,0
5/11/2009 6:50,213,0.1,0.1,48,64,29.3,0,34614,0,0
5/11/2009 7:00,213,0.1,0.1,47.8,61,29.3,0,34614,0,0
5/11/2009 7:10,213,0.1,0.1,48,61,29.3,0,34614,0,0
5/11/2009 7:20,213,0.1,0.1,48.3,61,29.3,0,34614,0,0
5/11/2009 7:30,213,0.1,0.1,48.9,60,29.3,0,34614,0,0
5/11/2009 7:40,213,0.1,0.1,49.4,60,29.3,0,34614,0,0
5/11/2009 7:50,213,0.1,0.1,49.4,61,29.3,0,34614,0,0
5/11/2009 8:00,213,0.1,0.1,48.7,62,29.3,0,34614,0,0
5/11/2009 8:10,213,0.1,0.1,49.8,58,29.3,0,34614,0,0
5/11/2009 8:20,213,0.1,0.1,51.4,55,29.3,0,34614,0,0
5/11/2009 8:30,213,0.1,0.1,50.1,58,29.3,0,34614,0,0
5/11/2009 8:40,213,0.1,0.1,49.8,59,29.3,0,34614,0,0
5/11/2009 8:50,213,0.1,0.1,50.5,53,29.3,0,34614,0,0
5/11/2009 9:00,213,0.1,0.1,50.9,47,29.3,0,34614,0,0
5/11/2009 9:10,213,0.1,0.1,51.4,52,29.3,0,34614,0,0
5/11/2009 9:20,213,0.1,0.1,51.6,52,29.3,0,34614,0,0
5/11/2009 9:30,213,0.1,0.1,51,54,29.3,0,34614,0,0
5/11/2009 9:40,213,0.1,0.1,51.9,51,29.3,0,34614,0,0
5/11/2009 9:50,213,0.1,0.1,50.9,53,29.3,0,34614,0,0
5/11/2009 10:00,213,0.1,0.1,51,52,29.3,0,34614,0,0
5/11/2009 10:10,213,0.1,0.1,52.5,50,29.3,0,34614,0,0
5/11/2009 10:20,213,0.1,0.1,51.8,47,29.3,0,34614,0,0
5/11/2009 10:30,213,0.1,0.1,51.9,46,29.3,0,34614,0,0
5/11/2009 10:40,213,0.1,0.1,51.6,48,29.3,0,34614,0,0
5/11/2009 10:50,213,0.1,0.1,52.1,48,29.3,0,34614,0,0
5/11/2009 11:00,213,0.1,0.1,50.7,49,29.3,0,34614,0,0
5/11/2009 11:10,213,0.1,0.1,50.5,50,29.3,0,34614,0,0
5/11/2009 11:20,213,0.1,0.1,51.8,46,29.3,0,34614,0,0
5/11/2009 11:30,213,0.1,0.1,51.2,44,29.3,0,34614,0,0
5/11/2009 11:40,213,0.1,0.1,51.8,44,29.3,0,34614,0,0
5/11/2009 11:50,213,0.1,0.1,51.8,40,29.3,0,34614,0,0
5/11/2009 12:00,213,0.1,0.1,52.7,38,29.3,0,34614,0,0
5/11/2009 12:10,213,0.1,0.1,51.8,42,29.3,0,34614,0,0
5/11/2009 12:20,213,0.1,0.1,51,44,29.3,0,34614,0,0
5/11/2009 12:30,213,0.1,0.1,51.4,42,29.3,0,34614,0,0
5/11/2009 12:40,213,0.1,0.1,51.2,39,29.3,0,34614,0,0
5/11/2009 12:50,213,0.1,0.1,51.8,35,29.3,0,34614,0,0
5/11/2009 13:00,213,0.1,0.1,52.8,32,29.3,0,34614,0,0
5/11/2009 13:10,213,0.1,0.1,52.8,29,29.3,0,34614,0,0
5/11/2009 13:20,213,0.1,0.1,52.8,30,29.3,0,34614,0,0
5/11/2009 13:30,213,0.1,0.1,53.2,32,29.3,0,34614,0,0
5/11/2009 13:40,213,0.1,0.1,53.4,34,29.3,0,34614,0,0
5/11/2009 13:50,213,0.1,0.1,53.7,33,29.3,0,34614,0,0
5/11/2009 14:00,213,0.1,0.1,54.6,33,29.3,0,34614,0,0
5/11/2009 14:10,213,0.1,0.1,54.5,32,29.3,0,34614,0,0
5/11/2009 14:20,213,0.1,0.1,53.9,35,29.3,0,34614,0,0
5/11/2009 14:30,213,0.1,0.1,53.2,38,29.3,0,34614,0,0
5/11/2009 14:40,213,0.1,0.1,52.8,42,29.3,0,34614,0,0
5/11/2009 14:50,213,0.1,0.1,52.3,45,29.3,0,34614,0,0
5/11/2009 15:00,213,0.1,0.1,51.6,47,29.3,0,34614,0,0
5/11/2009 15:10,213,0.1,0.1,50.7,53,29.3,0,34614,0,0
5/11/2009 15:20,213,0.1,0.1,50,53,29.3,0,34614,0,0
5/11/2009 15:30,213,0.1,0.1,50.1,52,29.3,0,34614,0,0
5/11/2009 15:40,213,0.1,0.1,50.7,49,29.3,0,34614,0,0
5/11/2009 15:50,213,0.1,0.1,50.7,49,29.3,0,34614,0,0
5/11/2009 16:00,213,0.1,0.1,50.5,51,29.3,0,34614,0,0
5/11/2009 16:10,213,0.1,0.1,50.7,50,29.3,0,34614,0,0
5/11/2009 16:20,213,0.1,0.1,50.5,50,29.3,0,34614,0,0
5/11/2009 16:30,213,0.1,0.1,50.9,41,29.3,0,34614,0,0
5/11/2009 16:40,213,0.1,0.1,50.9,40,29.3,0,34614,0,0
5/11/2009 16:50,213,0.1,0.1,50.9,39,29.3,0,34614,0,0
5/11/2009 17:00,213,0.1,0.1,50.5,40,29.3,0,34614,0,0
5/11/2009 17:10,213,0.1,0.1,50.1,40,29.3,0,34614,0,0
5/11/2009 17:20,213,0.1,0.1,50,41,29.3,0,34614,0,0
5/11/2009 17:30,213,0.1,0.1,49.8,40,29.3,0,34614,0,0
5/11/2009 17:40,213,0.1,0.1,49.4,41,29.3,0,34614,0,0
5/11/2009 17:50,213,0.1,0.1,48.9,41,29.3,0,34614,0,0
5/11/2009 18:00,213,0.1,0.1,48.9,44,29.3,0,34614,0,0
5/11/2009 18:10,213,0.1,0.1,48.5,44,29.3,0,34614,0,0
5/11/2009 18:20,213,0.1,0.1,48.9,44,29.3,0,34614,0,0
5/11/2009 18:30,213,0.1,0.1,48.9,46,29.3,0,34614,0,0
5/11/2009 18:40,213,0.1,0.1,47.8,48,29.3,0,34614,0,0
5/11/2009 18:50,213,0.1,0.1,47.4,50,29.3,0,34614,0,0
5/11/2009 19:00,213,0.1,0.1,47.4,51,29.3,0,34614,0,0
5/11/2009 19:10,213,0.1,0.1,47.3,52,29.3,0,34614,0,0
5/11/2009 19:20,213,0.1,0.1,47.1,52,29.3,0,34614,0,0
5/11/2009 19:30,213,0.1,0.1,46.7,53,29.3,0,34614,0,0
5/11/2009 19:40,213,0.1,0.1,46.4,54,29.3,0,34614,0,0
5/11/2009 19:50,213,0.1,0.1,46,54,29.3,0,34614,0,0
5/11/2009 20:00,213,0.1,0.1,46,54,29.3,0,34614,0,0
5/11/2009 20:10,213,0.1,0.1,45.6,54,29.3,0,34614,0,0
5/11/2009 20:20,213,0.1,0.1,45.5,54,29.3,0,34614,0,0
5/11/2009 20:30,213,0.1,0.1,45.3,56,29.3,0,34614,0,0
5/11/2009 20:40,213,0.1,0.1,44.9,57,29.3,0,34614,0,0
5/11/2009 20:50,213,0.1,0.1,44.9,56,29.3,0,34614,0,0
5/11/2009 21:00,213,0.1,0.1,44.6,57,29.3,0,34614,0,0
5/11/2009 21:10,213,0.1,0.1,44.4,58,29.3,0,34614,0,0
5/11/2009 21:20,213,0.1,0.1,44.2,58,29.3,0,34614,0,0
5/11/2009 21:30,213,0.1,0.1,44,59,29.3,0,34614,0,0
5/11/2009 21:40,213,0.1,0.1,43.8,59,29.3,0,34614,0,0
5/11/2009 21:50,213,0.1,0.1,43.8,59,29.3,0,34614,0,0
5/11/2009 22:00,213,0.1,0.1,44.2,58,29.3,0,34614,0,0
5/11/2009 22:10,213,0.1,0.1,44.4,58,29.3,0,34614,0,0
5/11/2009 22:20,213,0.1,0.1,44.6,59,29.3,0,34614,0,0
5/11/2009 22:30,213,0.1,0.1,44,60,29.3,0,34614,0,0
5/11/2009 22:40,213,0.1,0.1,43.8,61,29.3,0,34614,0,0
5/11/2009 22:50,213,0.1,0.1,43.7,61,29.3,0,34614,0,0
5/11/2009 23:00,213,0.1,0.1,43.1,62,29.3,0,34614,0,0
5/11/2009 23:10,213,0.1,0.1,42.9,64,29.3,0,34614,0,0
5/11/2009 23:20,213,0.1,0.1,42.9,65,29.3,0,34614,0,0
5/11/2009 23:30,213,0.1,0.1,42.8,65,29.3,0,34614,0,0
5/11/2009 23:40,213,0.1,0.1,42.6,65,29.3,0,34614,0,0
5/11/2009 23:50,213,0.1,0.1,42.6,66,29.3,0,34614,0,0
5/12/2009 0:00,213,0.1,0.1,42.8,66,29.3,0,34614,0,0
5/12/2009 0:10,213,0.1,0.1,42.4,67,29.3,0,34614,0,0
5/12/2009 0:20,213,0.1,0.1,42.2,68,29.3,0,34614,0,0
5/12/2009 0:30,213,0.1,0.1,42,69,29.3,0,34614,0,0
5/12/2009 0:40,213,0.1,0.1,42.4,69,29.3,0,34614,0,0
5/12/2009 0:50,213,0.1,0.1,41.7,70,29.3,0,34614,0,0
5/12/2009 1:00,213,0.1,0.1,41.3,71,29.3,0,34614,0,0
5/12/2009 1:10,213,0.1,0.1,41.3,71,29.3,0,34614,0,0
5/12/2009 1:20,213,0.1,0.1,41.7,70,29.3,0,34614,0,0
5/12/2009 1:30,213,0.1,0.1,41.9,70,29.3,0,34614,0,0
5/12/2009 1:40,213,0.1,0.1,43.1,69,29.3,0,34614,0,0
5/12/2009 1:50,213,0.1,0.1,42,71,29.3,0,34614,0,0
5/12/2009 2:00,213,0.1,0.1,42.2,72,29.3,0,34614,0,0
5/12/2009 2:10,213,0.1,0.1,41.1,73,29.3,0,34614,0,0
5/12/2009 2:20,213,0.1,0.1,40.4,76,29.3,0,34614,0,0
5/12/2009 2:30,213,0.1,0.1,40.1,77,29.3,0,34614,0,0
5/12/2009 2:40,213,0.1,0.1,40.1,78,29.3,0,34614,0,0
5/12/2009 2:50,213,0.1,0.1,39.7,79,29.4,0,34614,0,0
5/12/2009 3:00,213,0.1,0.1,39.5,80,29.4,0,34614,0,0
5/12/2009 3:10,213,0.1,0.1,39.3,80,29.4,0,34614,0,0
5/12/2009 3:20,213,0.1,0.1,39.3,81,29.4,0,34614,0,0
5/12/2009 3:30,213,0.1,0.1,39.9,80,29.4,0,34614,0,0
5/12/2009 3:40,213,0.1,0.1,40.4,79,29.4,0,34614,0,0
5/12/2009 3:50,213,0.1,0.1,41.1,77,29.4,0,34614,0,0
5/12/2009 4:00,213,0.1,0.1,41.7,76,29.4,0,34614,0,0
5/12/2009 4:10,213,0.1,0.1,42.4,75,29.4,0,34614,0,0
5/12/2009 4:20,213,0.1,0.1,42.9,75,29.4,0,34614,0,0
5/12/2009 4:30,213,0.1,0.1,43.8,73,29.4,0,34614,0,0
5/12/2009 4:40,213,0.1,0.1,45.1,72,29.4,0,34614,0,0
5/12/2009 4:50,213,0.1,0.1,46,70,29.4,0,34614,0,0
5/12/2009 5:00,213,0.1,0.1,46.7,69,29.4,0,34614,0,0
5/12/2009 5:10,213,0.1,0.1,47.3,70,29.4,0,34614,0,0
5/12/2009 5:20,213,0.1,0.1,48.3,68,29.4,0,34614,0,0
5/12/2009 5:30,213,0.1,0.1,47.6,68,29.4,0,34614,0,0
5/12/2009 5:40,213,0.1,0.1,47.8,68,29.4,0,34614,0,0
5/12/2009 5:50,213,0.1,0.1,48,70,29.4,0,34614,0,0
5/12/2009 6:00,213,0.1,0.1,48.2,69,29.4,0,34614,0,0
5/12/2009 6:10,213,0.1,0.1,48.7,68,29.4,0,34614,0,0
5/12/2009 6:20,213,0.1,0.1,48.5,66,29.4,0,34614,0,0
5/12/2009 6:30,213,0.1,0.1,48.3,66,29.4,0,34614,0,0
5/12/2009 6:40,213,0.1,0.1,48.5,66,29.5,0,34614,0,0
5/12/2009 6:50,213,0.1,0.1,48.9,62,29.5,0,34614,0,0
5/12/2009 7:00,213,0.1,0.1,49.4,63,29.5,0,34614,0,0
5/12/2009 7:10,213,0.1,0.1,49.8,64,29.5,0,34614,0,0
5/12/2009 7:20,213,0.1,0.1,49.8,65,29.5,0,34614,0,0
5/12/2009 7:30,213,0.1,0.1,49.8,60,29.5,0,34614,0,0
5/12/2009 7:40,213,0.1,0.1,50,61,29.5,0,34614,0,0
5/12/2009 7:50,213,0.1,0.1,50,61,29.5,0,34614,0,0
5/12/2009 8:00,213,0.1,0.1,50,60,29.5,0,34614,0,0
5/12/2009 8:10,213,0.1,0.1,50.5,55,29.5,0,34614,0,0
5/12/2009 8:20,213,0.1,0.1,50.7,56,29.5,0,34614,0,0
5/12/2009 8:30,213,0.1,0.1,51.2,58,29.5,0,34614,0,0
5/12/2009 8:40,213,0.1,0.1,51.6,55,29.5,0,34614,0,0
5/12/2009 8:50,213,0.1,0.1,51.2,55,29.5,0,34614,0,0
5/12/2009 9:00,213,0.1,0.1,51.6,57,29.5,0,34614,0,0
5/12/2009 9:10,213,0.1,0.1,51.8,56,29.5,0,34614,0,0
5/12/2009 9:20,213,0.1,0.1,51.9,60,29.5,0,34614,0,0
5/12/2009 9:30,213,0.1,0.1,51.9,55,29.5,0,34614,0,0
5/12/2009 9:40,213,0.1,0.1,51.6,56,29.5,0,34614,0,0
5/12/2009 9:50,213,0.1,0.1,51.9,57,29.5,0,34614,0,0
5/12/2009 10:00,213,0.1,0.1,52.1,56,29.5,0,34614,0,0
5/12/2009 10:10,213,0.1,0.1,52.1,56,29.5,0,34614,0,0
5/12/2009 10:20,213,0.1,0.1,52.1,53,29.5,0,34614,0,0
5/12/2009 10:30,213,0.1,0.1,52.7,55,29.5,0,34614,0,0
5/12/2009 10:40,213,0.1,0.1,52.1,55,29.5,0,34614,0,0
5/12/2009 10:50,213,0.1,0.1,51.9,55,29.5,0,34614,0,0
5/12/2009 11:00,213,0.1,0.1,52.8,55,29.5,0,34614,0,0
5/12/2009 11:10,213,0.1,0.1,53.2,52,29.5,0,34614,0,0
5/12/2009 11:20,213,0.1,0.1,53.2,52,29.5,0,34614,0,0
5/12/2009 11:30,213,0.1,0.1,52.8,54,29.5,0,34614,0,0
5/12/2009 11:40,213,0.1,0.1,52.8,56,29.5,0,34614,0,0
5/12/2009 11:50,213,0.1,0.1,53.2,54,29.5,0,34614,0,0
5/12/2009 12:00,213,0.1,0.1,53.6,53,29.5,0,34614,0,0
5/12/2009 12:10,213,0.1,0.1,53.6,53,29.5,0,34614,0,0
5/12/2009 12:20,213,0.1,0.1,53.6,51,29.5,0,34614,0,0
5/12/2009 12:30,213,0.1,0.1,54.6,46,29.5,0,34614,0,0
5/12/2009 12:40,213,0.1,0.1,54.6,31,29.4,0,34614,0,0
5/12/2009 12:50,213,0.1,0.1,54.6,34,29.4,0,34614,0,0
5/12/2009 13:00,213,0.1,0.1,55,39,29.4,0,34614,0,0
5/12/2009 13:10,213,0.1,0.1,55,29,29.4,0,34614,0,0
5/12/2009 13:20,213,0.1,0.1,55.4,35,29.4,0,34614,0,0
5/12/2009 13:30,213,0.1,0.1,55.2,23,29.4,0,34614,0,0
5/12/2009 13:40,213,0.1,0.1,55.9,25,29.4,0,34614,0,0
5/12/2009 13:50,213,0.1,0.1,56.1,27,29.4,0,34614,0,0
5/12/2009 14:00,213,0.1,0.1,55.7,28,29.4,0,34614,0,0
5/12/2009 14:10,213,0.1,0.1,55.7,23,29.4,0,34614,0,0
5/12/2009 14:20,213,0.1,0.1,55.7,20,29.4,0,34614,0,0
5/12/2009 14:30,213,0.1,0.1,56.1,31,29.4,0,34614,0,0
5/12/2009 14:40,213,0.1,0.1,55.5,24,29.4,0,34614,0,0
5/12/2009 14:50,213,0.1,0.1,55.5,23,29.4,0,34614,0,0
5/12/2009 15:00,213,0.1,0.1,55.4,28,29.4,0,34614,0,0
5/12/2009 15:10,213,0.1,0.1,55.5,21,29.4,0,34614,0,0
5/12/2009 15:20,213,0.1,0.1,55.7,25,29.4,0,34614,0,0
5/12/2009 15:30,213,0.1,0.1,55.7,26,29.4,0,34614,0,0
5/12/2009 15:40,213,0.1,0.1,55.7,26,29.4,0,34614,0,0
5/12/2009 15:50,213,0.1,0.1,55.7,27,29.4,0,34614,0,0
5/12/2009 16:00,213,0.1,0.1,55.5,27,29.4,0,34614,0,0
5/12/2009 16:10,213,0.1,0.1,55.4,29,29.4,0,34614,0,0
5/12/2009 16:20,213,0.1,0.1,55.4,26,29.4,0,34614,0,0
5/12/2009 16:30,213,0.1,0.1,55.4,27,29.4,0,34614,0,0
5/12/2009 16:40,213,0.1,0.1,55.2,27,29.4,0,34614,0,0
5/12/2009 16:50,213,0.1,0.1,55,29,29.4,0,34614,0,0
5/12/2009 17:00,213,0.1,0.1,54.8,34,29.4,0,34614,0,0
5/12/2009 17:10,213,0.1,0.1,54.5,37,29.4,0,34614,0,0
5/12/2009 17:20,213,0.1,0.1,54.1,41,29.4,0,34614,0,0
5/12/2009 17:30,213,0.1,0.1,53.9,42,29.4,0,34614,0,0
5/12/2009 17:40,213,0.1,0.1,53.7,42,29.4,0,34614,0,0
5/12/2009 17:50,213,0.1,0.1,53.6,40,29.4,0,34614,0,0
5/12/2009 18:00,213,0.1,0.1,53.6,40,29.4,0,34614,0,0
5/12/2009 18:10,213,0.1,0.1,53.4,38,29.4,0,34614,0,0
5/12/2009 18:20,213,0.1,0.1,53.4,39,29.4,0,34614,0,0
5/12/2009 18:30,213,0.1,0.1,53,40,29.4,0,34614,0,0
5/12/2009 18:40,213,0.1,0.1,53.4,37,29.4,0,34614,0,0
5/12/2009 18:50,213,0.1,0.1,53.6,36,29.4,0,34614,0,0
5/12/2009 19:00,213,0.1,0.1,52.8,36,29.4,0,34614,0,0
5/12/2009 19:10,213,0.1,0.1,53,34,29.4,0,34614,0,0
5/12/2009 19:20,213,0.1,0.1,52.7,35,29.4,0,34614,0,0
5/12/2009 19:30,213,0.1,0.1,52.7,35,29.4,0,34614,0,0
5/12/2009 19:40,213,0.1,0.1,52.5,35,29.4,0,34614,0,0
5/12/2009 19:50,213,0.1,0.1,52.3,34,29.4,0,34614,0,0
5/12/2009 20:00,213,0.1,0.1,52.1,34,29.4,0,34614,0,0
5/12/2009 20:10,213,0.1,0.1,52.1,33,29.4,0,34614,0,0
5/12/2009 20:20,213,0.1,0.1,51.8,33,29.4,0,34614,0,0
5/12/2009 20:30,213,0.1,0.1,51.9,32,29.4,0,34614,0,0
5/12/2009 20:40,213,0.1,0.1,51.8,34,29.4,0,34614,0,0
5/12/2009 20:50,213,0.1,0.1,52.1,30,29.4,0,34614,0,0
5/12/2009 21:00,213,0.1,0.1,52.1,31,29.4,0,34614,0,0
5/12/2009 21:10,213,0.1,0.1,52.1,32,29.4,0,34614,0,0
5/12/2009 21:20,213,0.1,0.1,51.9,32,29.4,0,34614,0,0
5/12/2009 21:30,213,0.1,0.1,51.8,33,29.4,0,34614,0,0
5/12/2009 21:40,213,0.1,0.1,51.6,33,29.4,0,34614,0,0
5/12/2009 21:50,213,0.1,0.1,51.4,33,29.4,0,34614,0,0
5/12/2009 22:00,213,0.1,0.1,51.6,31,29.4,0,34614,0,0
5/12/2009 22:10,213,0.1,0.1,51,33,29.4,0,34614,0,0
5/12/2009 22:20,213,0.1,0.1,50.9,33,29.4,0,34614,0,0
5/12/2009 22:30,213,0.1,0.1,51.2,32,29.4,0,34614,0,0
5/12/2009 22:40,213,0.1,0.1,51.8,31,29.4,0,34614,0,0
5/12/2009 22:50,213,0.1,0.1,51.9,31,29.4,0,34614,0,0
5/12/2009 23:00,213,0.1,0.1,52.1,30,29.4,0,34614,0,0
5/12/2009 23:10,213,0.1,0.1,52.1,30,29.4,0,34614,0,0
5/12/2009 23:20,213,0.1,0.1,52.3,30,29.4,0,34614,0,0
5/12/2009 23:30,213,0.1,0.1,52.5,29,29.4,0,34614,0,0
5/12/2009 23:40,213,0.1,0.1,52.5,29,29.4,0,34614,0,0
5/12/2009 23:50,213,0.1,0.1,52.5,29,29.4,0,34614,0,0
5/13/2009 0:00,213,0.1,0.1,52.3,29,29.4,0,34614,0,0
5/13/2009 0:10,213,0.1,0.1,52.3,29,29.4,0,34614,0,0
5/13/2009 0:20,213,0.1,0.1,52.3,29,29.4,0,34614,0,0
5/13/2009 0:30,213,0.1,0.1,52.3,29,29.4,0,34614,0,0
5/13/2009 0:40,213,0.1,0.1,52.3,29,29.4,0,34614,0,0
5/13/2009 0:50,213,0.1,0.1,52.5,30,29.4,0,34614,0,0
5/13/2009 1:00,213,0.1,0.1,52.3,31,29.4,0,34614,0,0
5/13/2009 1:10,213,0.1,0.1,52.3,30,29.4,0,34614,0,0
5/13/2009 1:20,213,0.1,0.1,52.5,31,29.4,0,34614,0,0
5/13/2009 1:30,213,0.1,0.1,52.8,31,29.4,0,34614,0,0
5/13/2009 1:40,213,0.1,0.1,52.8,30,29.4,0,34614,0,0
5/13/2009 1:50,213,0.1,0.1,53,30,29.4,0,34614,0,0
5/13/2009 2:00,213,0.1,0.1,52.8,32,29.4,0,34614,0,0
5/13/2009 2:10,213,0.1,0.1,53,34,29.4,0,34614,0,0
5/13/2009 2:20,213,0.1,0.1,53,36,29.4,0,34614,0,0
5/13/2009 2:30,213,0.1,0.1,52.5,37,29.4,0,34614,0,0
5/13/2009 2:40,213,0.1,0.1,52.1,38,29.4,0,34614,0,0
5/13/2009 2:50,213,0.1,0.1,52.3,39,29.4,0,34614,0,0
5/13/2009 3:00,213,0.1,0.1,51.9,39,29.4,0,34614,0,0
5/13/2009 3:10,213,0.1,0.1,51.6,41,29.4,0,34614,0,0
5/13/2009 3:20,213,0.1,0.1,51.2,41,29.4,0,34614,0,0
5/13/2009 3:30,213,0.1,0.1,51.2,42,29.4,0,34614,0,0
5/13/2009 3:40,213,0.1,0.1,51.2,42,29.4,0,34614,0,0
5/13/2009 3:50,213,0.1,0.1,51.6,42,29.4,0,34614,0,0
5/13/2009 4:00,213,0.1,0.1,52.1,42,29.4,0,34614,0,0
5/13/2009 4:10,213,0.1,0.1,52.3,41,29.4,0,34614,0,0
5/13/2009 4:20,213,0.1,0.1,52.1,41,29.4,0,34614,0,0
5/13/2009 4:30,213,0.1,0.1,52.3,41,29.4,0,34614,0,0
5/13/2009 4:40,213,0.1,0.1,52.7,41,29.4,0,34614,0,0
5/13/2009 4:50,213,0.1,0.1,52.8,41,29.4,0,34614,0,0
5/13/2009 5:00,213,0.1,0.1,53.4,41,29.4,0,34614,0,0
5/13/2009 5:10,213,0.1,0.1,54.1,40,29.4,0,34614,0,0
5/13/2009 5:20,213,0.1,0.1,54.5,40,29.4,0,34614,0,0
5/13/2009 5:30,213,0.1,0.1,54.8,40,29.4,0,34614,0,0
5/13/2009 5:40,213,0.1,0.1,55,40,29.4,0,34614,0,0
5/13/2009 5:50,213,0.1,0.1,55.5,39,29.4,0,34614,0,0
5/13/2009 6:00,213,0.1,0.1,55.9,39,29.4,0,34614,0,0
5/13/2009 6:10,213,0.1,0.1,56.3,38,29.4,0,34614,0,0
5/13/2009 6:20,213,0.1,0.1,56.3,39,29.4,0,34614,0,0
5/13/2009 6:30,213,0.1,0.1,56.6,40,29.4,0,34614,0,0
5/13/2009 6:40,213,0.1,0.1,57,39,29.4,0,34614,0,0
5/13/2009 6:50,213,0.1,0.1,57.5,39,29.4,0,34614,0,0
5/13/2009 7:00,213,0.1,0.1,58.4,38,29.4,0,34614,0,0
5/13/2009 7:10,213,0.1,0.1,59.3,36,29.4,0,34614,0,0
5/13/2009 7:20,213,0.1,0.1,59.9,36,29.4,0,34614,0,0
5/13/2009 7:30,213,0.1,0.1,60.9,35,29.4,0,34614,0,0
5/13/2009 7:40,213,0.1,0.1,61.3,35,29.4,0,34614,0,0
5/13/2009 7:50,213,0.1,0.1,62,35,29.4,0,34614,0,0
5/13/2009 8:00,213,0.1,0.1,62.9,34,29.3,0,34614,0,0
5/13/2009 8:10,213,0.1,0.1,63.6,34,29.3,0,34614,0,0
5/13/2009 8:20,213,0.1,0.1,64.7,34,29.3,0,34614,0,0
5/13/2009 8:30,213,0.1,0.1,65.8,34,29.4,0,34614,0,0
5/13/2009 8:40,213,0.1,0.1,66.2,34,29.4,0,34614,0,0
5/13/2009 8:50,213,0.1,0.1,66,35,29.4,0,34614,0,0
5/13/2009 9:00,213,0.1,0.1,66,34,29.4,0,34614,0,0
5/13/2009 9:10,213,0.1,0.1,66.2,35,29.3,0,34614,0,0
5/13/2009 9:20,213,0.1,0.1,67.1,35,29.4,0,34614,0,0
5/13/2009 9:30,213,0.1,0.1,68.3,34,29.3,0,34614,0,0
5/13/2009 9:40,213,0.1,0.1,68.9,35,29.3,0,34614,0,0
5/13/2009 9:50,213,0.1,0.1,68.5,35,29.3,0,34614,0,0
5/13/2009 10:00,213,0.1,0.1,68.9,35,29.3,0,34614,0,0
5/13/2009 10:10,213,0.1,0.1,68.9,35,29.3,0,34614,0,0
5/13/2009 10:20,213,0.1,0.1,69,35,29.3,0,34614,0,0
5/13/2009 10:30,213,0.1,0.1,69.4,35,29.3,0,34614,0,0
5/13/2009 10:40,213,0.1,0.1,69.4,36,29.3,0,34614,0,0
5/13/2009 10:50,213,0.1,0.1,69.9,36,29.3,0,34614,0,0
5/13/2009 11:00,213,0.1,0.1,69.9,35,29.3,0,34614,0,0
5/13/2009 11:10,213,0.1,0.1,70.5,35,29.3,0,34614,0,0
5/13/2009 11:20,213,0.1,0.1,70.7,34,29.3,0,34614,0,0
5/13/2009 11:30,213,0.1,0.1,70.5,35,29.3,0,34614,0,0
5/13/2009 11:40,213,0.1,0.1,70.5,36,29.3,0,34614,0,0
5/13/2009 11:50,213,0.1,0.1,70.5,35,29.3,0,34614,0,0
5/13/2009 12:00,213,0.1,0.1,70.8,35,29.3,0,34614,0,0
5/13/2009 12:10,213,0.1,0.1,70.8,35,29.3,0,34614,0,0
5/13/2009 12:20,213,0.1,0.1,70.8,36,29.3,0,34614,0,0
5/13/2009 12:30,213,0.1,0.1,70.7,36,29.3,0,34614,0,0
5/13/2009 12:40,213,0.1,0.1,71.2,36,29.3,0,34614,0,0
5/13/2009 12:50,213,0.1,0.1,70.8,35,29.3,0,34614,0,0
5/13/2009 13:00,213,0.1,0.1,71,36,29.3,0,34614,0,0
5/13/2009 13:10,213,0.1,0.1,70.7,36,29.3,0,34614,0,0
5/13/2009 13:20,213,0.1,0.1,70.5,37,29.3,0,34614,0,0
5/13/2009 13:30,213,0.1,0.1,70.5,37,29.3,0,34614,0,0
5/13/2009 13:40,213,0.1,0.1,70.5,36,29.3,0,34624,0,0
5/13/2009 13:50,213,0.1,0.1,70.5,36,29.3,0,34624,0,0
5/13/2009 14:00,213,0.1,0.1,70.7,36,29.3,0,34624,0,0
5/13/2009 14:10,213,0.1,0.1,70.5,36,29.3,0,34624,0,0
5/13/2009 14:20,213,0.1,0.1,70.5,35,29.3,0,34634,0,0
5/13/2009 14:30,213,0.1,0.1,70.3,36,29.2,0,34634,0,0
5/13/2009 14:40,213,0.1,0.1,70.1,35,29.2,0,34634,0,0
5/13/2009 14:50,213,0.1,0.1,70.1,36,29.2,0,34634,0,0
5/13/2009 15:00,213,0.1,0.1,69.9,36,29.2,0,34744,0,0
5/13/2009 15:10,213,0.1,0.1,69.8,36,29.2,0,34744,0,0
5/13/2009 15:20,213,0.1,0.1,69.8,36,29.2,0,34744,0,0
5/13/2009 15:30,213,0.1,0.1,69.8,37,29.2,0,34744,0,0
5/13/2009 15:40,213,0.1,0.1,69.8,36,29.2,0,34744,0,0
5/13/2009 15:50,213,0.1,0.1,69.9,35,29.2,0,34744,0,0
5/13/2009 16:00,213,0.1,0.1,69.8,35,29.2,0,34744,0,0
5/13/2009 16:10,213,0.1,0.1,69.6,34,29.2,0,34744,0,0
5/13/2009 16:20,213,0.1,0.1,69.6,34,29.2,0,34744,0,0
5/13/2009 16:30,213,0.1,0.1,69.6,35,29.2,0,34744,0,0
5/13/2009 16:40,213,0.1,0.1,69.6,35,29.2,0,34744,0,0
5/13/2009 16:50,213,0.1,0.1,69.4,36,29.2,0,34744,0,0
5/13/2009 17:00,213,0.1,0.1,69.4,36,29.2,0,34744,0,0
5/13/2009 17:10,213,0.1,0.1,69,37,29.2,0,34744,0,0
5/13/2009 17:20,213,0.1,0.1,68.9,37,29.2,0,34744,0,0
5/13/2009 17:30,213,0.1,0.1,68.7,38,29.2,0,34764,0,0
5/13/2009 17:40,213,0.1,0.1,68.1,40,29.2,0,34884,0.01,0.01
5/13/2009 17:50,213,0.1,0.1,67.2,42,29.2,0,35264,0,0
5/13/2009 18:00,213,0.1,0.1,66.7,44,29.2,0,35604,0.01,0.01
5/13/2009 18:10,213,0.1,0.1,65.8,47,29.2,0,35964,0,0
5/13/2009 18:20,213,0.1,0.1,65.1,49,29.2,0,36164,0,0
5/13/2009 18:30,213,0.1,0.1,65.1,50,29.2,0,36164,0,0
5/13/2009 18:40,213,0.1,0.1,64.7,50,29.2,0,36164,0,0
5/13/2009 18:50,213,0.1,0.1,64.7,50,29.2,0,36164,0,0
5/13/2009 19:00,213,0.1,0.1,65.1,49,29.2,0,36164,0,0
5/13/2009 19:10,213,0.1,0.1,65.1,48,29.2,0,36164,0,0
5/13/2009 19:20,213,0.1,0.1,65.3,47,29.2,0,36164,0,0
5/13/2009 19:30,213,0.1,0.1,65.4,47,29.2,0,36164,0,0
5/13/2009 19:40,213,0.1,0.1,65.4,47,29.2,0,36164,0,0
5/13/2009 19:50,213,0.1,0.1,65.6,47,29.2,0,36164,0,0
5/13/2009 20:00,213,0.1,0.1,65.8,47,29.2,0,36164,0,0
5/13/2009 20:10,213,0.1,0.1,66,47,29.2,0,36174,0.01,0.01
5/13/2009 20:20,213,0.1,0.1,66,46,29.2,0,36184,0,0
5/13/2009 20:30,213,0.1,0.1,66,46,29.1,0,36184,0,0
5/13/2009 20:40,213,0.1,0.1,66,46,29.1,0,36184,0,0
5/13/2009 20:50,213,0.1,0.1,65.8,46,29.1,0,36194,0,0
5/13/2009 21:00,213,0.1,0.1,66,45,29.1,0,36194,0,0
5/13/2009 21:10,213,0.1,0.1,66.2,45,29.1,0,36204,0,0
5/13/2009 21:20,213,0.1,0.1,66.5,44,29.1,0,36204,0,0
5/13/2009 21:30,213,0.1,0.1,66.9,43,29.1,0,36254,0,0
5/13/2009 21:40,213,0.1,0.1,66.7,45,29.1,0,36354,0,0
5/13/2009 21:50,213,0.1,0.1,66.7,45,29.1,0,36394,0,0
5/13/2009 22:00,213,0.1,0.1,66.7,45,29.1,0,36394,0,0
5/13/2009 22:10,213,0.1,0.1,66.5,46,29.1,0,36414,0,0
5/13/2009 22:20,213,0.1,0.1,65.6,48,29.1,0,36424,0,0
5/13/2009 22:30,213,0.1,0.1,64.9,51,29.1,0,36424,0,0
5/13/2009 22:40,213,0.1,0.1,64.5,53,29.1,0,36524,0,0
5/13/2009 22:50,213,0.1,0.1,64.2,54,29.1,0,36614,0,0
5/13/2009 23:00,213,0.1,0.1,64,55,29.1,0,36634,0,0
5/13/2009 23:10,213,0.1,0.1,63.1,58,29.1,0,36744,0,0
5/13/2009 23:20,213,0.1,0.1,62.7,59,29.1,0,36754,0,0
5/13/2009 23:30,213,0.1,0.1,62.7,59,29.1,0,36774,0,0
5/13/2009 23:40,213,0.1,0.1,62.9,58,29.1,0,36834,0,0
5/13/2009 23:50,213,0.1,0.1,63.1,56,29.1,0,36864,0,0
5/14/2009 0:00,213,0.1,0.1,63.1,56,29.1,0,36874,0,0
5/14/2009 0:10,213,0.1,0.1,63.1,56,29.1,0,36884,0,0
5/14/2009 0:20,213,0.1,0.1,63.3,56,29.1,0,36884,0,0
5/14/2009 0:30,213,0.1,0.1,63.5,55,29.1,0,36914,0,0
5/14/2009 0:40,213,0.1,0.1,63.6,54,29.1,0,36974,0,0
5/14/2009 0:50,213,0.1,0.1,63.6,54,29,0,37014,0,0
5/14/2009 1:00,213,0.1,0.1,63.5,54,29,0,37024,0,0
5/14/2009 1:10,213,0.1,0.1,63.3,54,29,0,37064,0,0
5/14/2009 1:20,213,0.1,0.1,63.5,54,29,0,37074,0,0
5/14/2009 1:30,213,0.1,0.1,63.5,54,29,0,37094,0,0
5/14/2009 1:40,213,0.1,0.1,63.5,54,29,0,37124,0,0
5/14/2009 1:50,213,0.1,0.1,63.8,53,29,0,37184,0,0
5/14/2009 2:00,213,0.1,0.1,64.2,52,29,0,37214,0,0
5/14/2009 2:10,213,0.1,0.1,64.5,52,29,0,37254,0,0
5/14/2009 2:20,213,0.1,0.1,65.3,51,29,0,37324,0,0
5/14/2009 2:30,213,0.1,0.1,65.3,51,29,0,37334,0,0
5/14/2009 2:40,213,0.1,0.1,65.6,51,29,0,37444,0,0
5/14/2009 2:50,213,0.1,0.1,65.8,51,29,0,37554,0,0
5/14/2009 3:00,213,0.1,0.1,65.8,51,29,0,37624,0,0
5/14/2009 3:10,213,0.1,0.1,65.8,51,29,0,37654,0,0
5/14/2009 3:20,213,0.1,0.1,65.8,51,29,0,37744,0,0
5/14/2009 3:30,213,0.1,0.1,66,52,29,0,37854,0,0
5/14/2009 3:40,213,0.1,0.1,66,52,29,0,37904,0,0
5/14/2009 3:50,213,0.1,0.1,65.4,55,29,0,38354,0.01,0.01
5/14/2009 4:00,213,0.1,0.1,64.5,60,29,0,38834,0.02,0.02
5/14/2009 4:10,213,0.1,0.1,61.7,70,29,0,39284,0,0
5/14/2009 4:20,213,0.1,0.1,62.4,68,29,0,39514,0.01,0.01
5/14/2009 4:30,213,0.1,0.1,61.3,75,29,0,39984,0.18,0.18
5/14/2009 4:40,213,0.1,0.1,61.1,75,29,0,40374,0,0
5/14/2009 4:50,213,0.1,0.1,61.7,73,29,0,40424,0,0
5/14/2009 5:00,213,0.1,0.1,61.3,74,29,0,40704,0,0
5/14/2009 5:10,213,0.1,0.1,61.1,74,29,0,40964,0,0
5/14/2009 5:20,213,0.1,0.1,62,72,29,0,41264,0.03,0.03
5/14/2009 5:30,213,0.1,0.1,62.2,71,29,0,41424,0,0
5/14/2009 5:40,213,0.1,0.1,62.6,70,29,0,41574,0.05,0.05
5/14/2009 5:50,213,0.1,0.1,62.4,72,29,0,41924,0,0
5/14/2009 6:00,213,0.1,0.1,62.7,71,29,0,41964,0,0
5/14/2009 6:10,213,0.1,0.1,63.5,69,29,0,41994,0,0
5/14/2009 6:20,213,0.1,0.1,63.6,70,29,0,42334,0,0
5/14/2009 6:30,213,0.1,0.1,64,69,29,0,42354,0,0
5/14/2009 6:40,213,0.1,0.1,64.7,68,29,0,42354,0,0
5/14/2009 6:50,213,0.1,0.1,65.1,68,29,0,42354,0,0
5/14/2009 7:00,213,0.1,0.1,65.6,68,29,0,42434,0.01,0.01
5/14/2009 7:10,213,0.1,0.1,65.1,69,29,0,42674,0,0
5/14/2009 7:20,213,0.1,0.1,65.4,69,29,0,42674,0,0
5/14/2009 7:30,213,0.1,0.1,65.4,70,29,0,42684,0,0
5/14/2009 7:40,213,0.1,0.1,65.1,71,29,0,42764,0,0
5/14/2009 7:50,213,0.1,0.1,64.2,74,29,0,43204,0.05,0.05
5/14/2009 8:00,213,0.1,0.1,63.1,79,29.1,0,43664,0,0
5/14/2009 8:10,213,0.1,0.1,63.1,80,29.1,0,43684,0,0
5/14/2009 8:20,213,0.1,0.1,62.7,81,29.1,0,43964,0.28,0.28
5/14/2009 8:30,213,0.1,0.1,62.4,82,29.1,0,44314,0,0
5/14/2009 8:40,213,0.1,0.1,62.7,80,29.1,0,44324,0,0
5/14/2009 8:50,213,0.1,0.1,63.6,78,29.1,0,44344,0,0
5/14/2009 9:00,213,0.1,0.1,62.2,78,29.1,0,44344,0,0
5/14/2009 9:10,213,0.1,0.1,60.8,78,29.1,0,44344,0,0
5/14/2009 9:20,213,0.1,0.1,60.6,76,29.1,0,44344,0,0
5/14/2009 9:30,213,0.1,0.1,61.1,73,29.1,0,44344,0,0
5/14/2009 9:40,213,0.1,0.1,62.2,69,29.1,0,44344,0,0
5/14/2009 9:50,213,0.1,0.1,62.7,70,29.1,0,44344,0,0
5/14/2009 10:00,213,0.1,0.1,62.6,66,29.1,0,44344,0,0
5/14/2009 10:10,213,0.1,0.1,62,65,29.1,0,44344,0,0
5/14/2009 10:20,213,0.1,0.1,62,64,29.1,0,44344,0,0
5/14/2009 10:30,213,0.1,0.1,61.7,65,29.2,0,44344,0,0
5/14/2009 10:40,213,0.1,0.1,61.1,67,29.2,0,44344,0,0
5/14/2009 10:50,213,0.1,0.1,60.9,67,29.2,0,44344,0,0
5/14/2009 11:00,213,0.1,0.1,61.3,61,29.2,0,44344,0,0
5/14/2009 11:10,213,0.1,0.1,62,55,29.2,0,44344,0,0
5/14/2009 11:20,213,0.1,0.1,63.3,47,29.2,0,44344,0,0
5/14/2009 11:30,213,0.1,0.1,62.2,50,29.2,0,44344,0,0
5/14/2009 11:40,213,0.1,0.1,61.5,53,29.2,0,44344,0,0
5/14/2009 11:50,213,0.1,0.1,61.8,51,29.2,0,44344,0,0
5/14/2009 12:00,213,0.1,0.1,61.8,51,29.2,0,44344,0,0
5/14/2009 12:10,213,0.1,0.1,61.7,53,29.2,0,44344,0,0
5/14/2009 12:20,213,0.1,0.1,62.2,51,29.2,0,44344,0,0
5/14/2009 12:30,213,0.1,0.1,62.6,51,29.2,0,44344,0,0
5/14/2009 12:40,213,0.1,0.1,62.9,48,29.2,0,44344,0,0
5/14/2009 12:50,213,0.1,0.1,62.7,49,29.2,0,44344,0,0
5/14/2009 13:00,213,0.1,0.1,62.4,49,29.2,0,44344,0,0
5/14/2009 13:10,213,0.1,0.1,63.3,46,29.2,0,44344,0,0
5/14/2009 13:20,213,0.1,0.1,63.8,46,29.2,0,44344,0,0
5/14/2009 13:30,213,0.1,0.1,64,45,29.2,0,44344,0,0
5/14/2009 13:40,213,0.1,0.1,63.8,45,29.2,0,44344,0,0
5/14/2009 13:50,213,0.1,0.1,64,44,29.2,0,44344,0,0
5/14/2009 14:00,213,0.1,0.1,64.7,41,29.2,0,44344,0,0
5/14/2009 14:10,213,0.1,0.1,64.7,41,29.2,0,44344,0,0
5/14/2009 14:20,213,0.1,0.1,64.2,43,29.2,0,44344,0,0
5/14/2009 14:30,213,0.1,0.1,63.8,45,29.2,0,44344,0,0
5/14/2009 14:40,213,0.1,0.1,63.8,43,29.2,0,44344,0,0
5/14/2009 14:50,213,0.1,0.1,64,43,29.2,0,44344,0,0
5/14/2009 15:00,213,0.1,0.1,64,43,29.2,0,44344,0,0
5/14/2009 15:10,213,0.1,0.1,63.3,45,29.3,0,44344,0,0
5/14/2009 15:20,213,0.1,0.1,63.6,44,29.3,0,44344,0,0
5/14/2009 15:30,213,0.1,0.1,64.2,43,29.3,0,44344,0,0
5/14/2009 15:40,213,0.1,0.1,64.4,42,29.3,0,44344,0,0
5/14/2009 15:50,213,0.1,0.1,64.2,42,29.3,0,44344,0,0
5/14/2009 16:00,213,0.1,0.1,64.4,42,29.3,0,44344,0,0
5/14/2009 16:10,213,0.1,0.1,64.9,41,29.3,0,44344,0,0
5/14/2009 16:20,213,0.1,0.1,64.7,42,29.3,0,44344,0,0
5/14/2009 16:30,213,0.1,0.1,65.3,41,29.3,0,44344,0,0
5/14/2009 16:40,213,0.1,0.1,65.4,41,29.3,0,44344,0,0
5/14/2009 16:50,213,0.1,0.1,65.6,41,29.3,0,44344,0,0
5/14/2009 17:00,213,0.1,0.1,65.6,41,29.3,0,44344,0,0
5/14/2009 17:10,213,0.1,0.1,65.8,38,29.3,0,44344,0,0
5/14/2009 17:20,213,0.1,0.1,65.8,37,29.3,0,44344,0,0
5/14/2009 17:30,213,0.1,0.1,65.8,35,29.3,0,44344,0,0
5/14/2009 17:40,213,0.1,0.1,65.6,35,29.3,0,44344,0,0
5/14/2009 17:50,213,0.1,0.1,65.6,34,29.3,0,44344,0,0
5/14/2009 18:00,213,0.1,0.1,65.4,35,29.3,0,44344,0,0
5/14/2009 18:10,213,0.1,0.1,64.9,36,29.3,0,44344,0,0
5/14/2009 18:20,213,0.1,0.1,64.2,38,29.3,0,44344,0,0
5/14/2009 18:30,213,0.1,0.1,63.8,39,29.3,0,44344,0,0
5/14/2009 18:40,213,0.1,0.1,63.6,40,29.3,0,44344,0,0
5/14/2009 18:50,213,0.1,0.1,63.5,39,29.3,0,44344,0,0
5/14/2009 19:00,213,0.1,0.1,63.3,40,29.3,0,44344,0,0
5/14/2009 19:10,213,0.1,0.1,62.7,41,29.3,0,44344,0,0
5/14/2009 19:20,213,0.1,0.1,62.2,42,29.3,0,44344,0,0
5/14/2009 19:30,213,0.1,0.1,62,42,29.3,0,44344,0,0
5/14/2009 19:40,213,0.1,0.1,61.7,43,29.3,0,44344,0,0
5/14/2009 19:50,213,0.1,0.1,61.5,44,29.3,0,44344,0,0
5/14/2009 20:00,213,0.1,0.1,61.7,43,29.3,0,44344,0,0
5/14/2009 20:10,213,0.1,0.1,61.7,42,29.3,0,44344,0,0
5/14/2009 20:20,213,0.1,0.1,61.5,43,29.3,0,44344,0,0
5/14/2009 20:30,213,0.1,0.1,61.5,43,29.3,0,44344,0,0
5/14/2009 20:40,213,0.1,0.1,61.3,42,29.3,0,44344,0,0
5/14/2009 20:50,213,0.1,0.1,61.3,43,29.3,0,44344,0,0
5/14/2009 21:00,213,0.1,0.1,60.9,43,29.3,0,44344,0,0
5/14/2009 21:10,213,0.1,0.1,60.8,43,29.3,0,44344,0,0
5/14/2009 21:20,213,0.1,0.1,61.3,42,29.3,0,44344,0,0
5/14/2009 21:30,213,0.1,0.1,61.3,42,29.4,0,44344,0,0
5/14/2009 21:40,213,0.1,0.1,61.3,43,29.4,0,44344,0,0
5/14/2009 21:50,213,0.1,0.1,59,58,29.4,0,44344,0,0
5/14/2009 22:00,213,0.1,0.1,56.4,65,29.4,0,44344,0,0
5/14/2009 22:10,213,0.1,0.1,57.3,58,29.4,0,44344,0,0
5/14/2009 22:20,213,0.1,0.1,56.6,62,29.4,0,44344,0,0
5/14/2009 22:30,213,0.1,0.1,56.3,61,29.4,0,44344,0,0
5/14/2009 22:40,213,0.1,0.1,55.9,62,29.4,0,44344,0,0
5/14/2009 22:50,213,0.1,0.1,55.4,64,29.4,0,44344,0,0
5/14/2009 23:00,213,0.1,0.1,55.2,64,29.4,0,44344,0,0
5/14/2009 23:10,213,0.1,0.1,55,65,29.4,0,44344,0,0
5/14/2009 23:20,213,0.1,0.1,54.5,65,29.4,0,44344,0,0
5/14/2009 23:30,213,0.1,0.1,54.6,63,29.4,0,44344,0,0
5/14/2009 23:40,213,0.1,0.1,55,61,29.4,0,44344,0,0
5/14/2009 23:50,213,0.1,0.1,54.3,61,29.4,0,44344,0,0
5/15/2009 0:00,213,0.1,0.1,54.1,61,29.4,0,44344,0,0
5/15/2009 0:10,213,0.1,0.1,54.1,60,29.4,0,44344,0,0
5/15/2009 0:20,213,0.1,0.1,53.9,62,29.4,0,44344,0,0
5/15/2009 0:30,213,0.1,0.1,54.5,59,29.4,0,44344,0,0
5/15/2009 0:40,213,0.1,0.1,53.2,61,29.4,0,44344,0,0
5/15/2009 0:50,213,0.1,0.1,52.8,62,29.4,0,44344,0,0
5/15/2009 1:00,213,0.1,0.1,52.8,61,29.4,0,44344,0,0
5/15/2009 1:10,213,0.1,0.1,53,61,29.4,0,44344,0,0
5/15/2009 1:20,213,0.1,0.1,53.2,61,29.4,0,44344,0,0
5/15/2009 1:30,213,0.1,0.1,51.8,64,29.4,0,44344,0,0
5/15/2009 1:40,213,0.1,0.1,51.4,66,29.4,0,44344,0,0
5/15/2009 1:50,213,0.1,0.1,51.6,65,29.4,0,44344,0,0
5/15/2009 2:00,213,0.1,0.1,52.5,63,29.4,0,44344,0,0
5/15/2009 2:10,213,0.1,0.1,51.6,64,29.4,0,44344,0,0
5/15/2009 2:20,213,0.1,0.1,50.3,68,29.4,0,44344,0,0
5/15/2009 2:30,213,0.1,0.1,51,67,29.4,0,44344,0,0
5/15/2009 2:40,213,0.1,0.1,49.2,73,29.4,0,44344,0,0
5/15/2009 2:50,213,0.1,0.1,49.1,74,29.4,0,44344,0,0
5/15/2009 3:00,213,0.1,0.1,48.7,74,29.4,0,44344,0,0
5/15/2009 3:10,213,0.1,0.1,50.3,70,29.4,0,44344,0,0
5/15/2009 3:20,213,0.1,0.1,48.3,74,29.4,0,44344,0,0
5/15/2009 3:30,213,0.1,0.1,49.2,72,29.4,0,44344,0,0
5/15/2009 3:40,213,0.1,0.1,50.1,70,29.4,0,44344,0,0
5/15/2009 3:50,213,0.1,0.1,49.6,71,29.4,0,44344,0,0
5/15/2009 4:00,213,0.1,0.1,49.8,71,29.4,0,44344,0,0
5/15/2009 4:10,213,0.1,0.1,50.5,70,29.4,0,44344,0,0
5/15/2009 4:20,213,0.1,0.1,51.4,68,29.4,0,44344,0,0
5/15/2009 4:30,213,0.1,0.1,52.8,65,29.4,0,44344,0,0
5/15/2009 4:40,213,0.1,0.1,53.9,63,29.4,0,44344,0,0
5/15/2009 4:50,213,0.1,0.1,54.8,62,29.4,0,44344,0,0
5/15/2009 5:00,213,0.1,0.1,53.2,68,29.4,0,44344,0,0
5/15/2009 5:10,213,0.1,0.1,53.6,68,29.4,0,44344,0,0
5/15/2009 5:20,213,0.1,0.1,54.1,67,29.4,0,44344,0,0
5/15/2009 5:30,213,0.1,0.1,54.5,68,29.4,0,44344,0,0
5/15/2009 5:40,213,0.1,0.1,54.1,67,29.4,0,44344,0,0
5/15/2009 5:50,213,0.1,0.1,54.1,70,29.4,0,44344,0,0
5/15/2009 6:00,213,0.1,0.1,53.6,73,29.4,0,44344,0,0
5/15/2009 6:10,213,0.1,0.1,54.6,70,29.5,0,44344,0,0
5/15/2009 6:20,213,0.1,0.1,55.5,71,29.5,0,44344,0,0
5/15/2009 6:30,213,0.1,0.1,55.5,68,29.5,0,44344,0,0
5/15/2009 6:40,213,0.1,0.1,56.1,67,29.5,0,44344,0,0
5/15/2009 6:50,213,0.1,0.1,56.4,66,29.5,0,44344,0,0
5/15/2009 7:00,213,0.1,0.1,56.6,63,29.5,0,44344,0,0
5/15/2009 7:10,213,0.1,0.1,57.2,62,29.5,0,44344,0,0
5/15/2009 7:20,213,0.1,0.1,57.5,62,29.4,0,44344,0,0
5/15/2009 7:30,213,0.1,0.1,57.5,62,29.4,0,44344,0,0
5/15/2009 7:40,213,0.1,0.1,57.5,60,29.4,0,44344,0,0
5/15/2009 7:50,213,0.1,0.1,57.5,57,29.4,0,44344,0,0
5/15/2009 8:00,213,0.1,0.1,57.3,57,29.4,0,44344,0,0
5/15/2009 8:10,213,0.1,0.1,57.9,58,29.4,0,44344,0,0
5/15/2009 8:20,213,0.1,0.1,58.2,54,29.4,0,44344,0,0
5/15/2009 8:30,213,0.1,0.1,58.6,56,29.4,0,44344,0,0
5/15/2009 8:40,213,0.1,0.1,58.8,56,29.4,0,44344,0,0
5/15/2009 8:50,213,0.1,0.1,59.5,54,29.4,0,44344,0,0
5/15/2009 9:00,213,0.1,0.1,59.9,54,29.4,0,44344,0,0
5/15/2009 9:10,213,0.1,0.1,58.8,61,29.4,0,44344,0,0
5/15/2009 9:20,213,0.1,0.1,59.7,58,29.4,0,44344,0,0
5/15/2009 9:30,213,0.1,0.1,60.4,56,29.4,0,44344,0,0
5/15/2009 9:40,213,0.1,0.1,60.2,57,29.4,0,44344,0,0
5/15/2009 9:50,213,0.1,0.1,59.9,55,29.4,0,44344,0,0
5/15/2009 10:00,213,0.1,0.1,59.3,60,29.4,0,44344,0,0
5/15/2009 10:10,213,0.1,0.1,59.5,59,29.4,0,44344,0,0
5/15/2009 10:20,213,0.1,0.1,59.5,58,29.4,0,44344,0,0
5/15/2009 10:30,213,0.1,0.1,59.3,60,29.4,0,44344,0,0
5/15/2009 10:40,213,0.1,0.1,58.2,60,29.4,0,44344,0,0
5/15/2009 10:50,213,0.1,0.1,58.4,59,29.4,0,44344,0,0
5/15/2009 11:00,213,0.1,0.1,57,65,29.4,0,44344,0,0
5/15/2009 11:10,213,0.1,0.1,56.8,65,29.4,0,44344,0,0
5/15/2009 11:20,213,0.1,0.1,57.5,64,29.4,0,44344,0,0
5/15/2009 11:30,213,0.1,0.1,58.6,61,29.4,0,44344,0,0
5/15/2009 11:40,213,0.1,0.1,58.1,63,29.4,0,44344,0,0
5/15/2009 11:50,213,0.1,0.1,58.8,63,29.4,0,44344,0,0
5/15/2009 12:00,213,0.1,0.1,59.1,62,29.4,0,44344,0,0
5/15/2009 12:10,213,0.1,0.1,60.2,59,29.4,0,44344,0,0
5/15/2009 12:20,213,0.1,0.1,60.9,57,29.4,0,44344,0,0
5/15/2009 12:30,213,0.1,0.1,61.1,56,29.4,0,44344,0,0
5/15/2009 12:40,213,0.1,0.1,61.5,53,29.4,0,44344,0,0
5/15/2009 12:50,213,0.1,0.1,60.8,59,29.4,0,44344,0,0
5/15/2009 13:00,213,0.1,0.1,61.5,56,29.4,0,44344,0,0
5/15/2009 13:10,213,0.1,0.1,61.3,58,29.4,0,44344,0,0
5/15/2009 13:20,213,0.1,0.1,61.8,56,29.4,0,44344,0,0
5/15/2009 13:30,213,0.1,0.1,61.7,53,29.3,0,44344,0,0
5/15/2009 13:40,213,0.1,0.1,64,45,29.3,0,44344,0,0
5/15/2009 13:50,213,0.1,0.1,64.9,46,29.3,0,44344,0,0
5/15/2009 14:00,213,0.1,0.1,63.1,55,29.3,0,44344,0,0
5/15/2009 14:10,213,0.1,0.1,63.1,54,29.3,0,44344,0,0
5/15/2009 14:20,213,0.1,0.1,63.3,52,29.3,0,44344,0,0
5/15/2009 14:30,213,0.1,0.1,63.3,50,29.3,0,44344,0,0
5/15/2009 14:40,213,0.1,0.1,62.9,51,29.3,0,44344,0,0
5/15/2009 14:50,213,0.1,0.1,62.2,50,29.3,0,44344,0,0
5/15/2009 15:00,213,0.1,0.1,62.4,48,29.3,0,44344,0,0
5/15/2009 15:10,213,0.1,0.1,61.8,47,29.3,0,44344,0,0
5/15/2009 15:20,213,0.1,0.1,60.8,52,29.3,0,44344,0,0
5/15/2009 15:30,213,0.1,0.1,59.9,56,29.3,0,44344,0,0
5/15/2009 15:40,213,0.1,0.1,59.1,55,29.3,0,44344,0,0
5/15/2009 15:50,213,0.1,0.1,57.7,61,29.3,0,44344,0,0
5/15/2009 16:00,213,0.1,0.1,57,63,29.3,0,44344,0,0
5/15/2009 16:10,213,0.1,0.1,56.8,61,29.3,0,44344,0,0
5/15/2009 16:20,213,0.1,0.1,56.1,64,29.3,0,44344,0,0
5/15/2009 16:30,213,0.1,0.1,56.1,65,29.3,0,44344,0,0
5/15/2009 16:40,213,0.1,0.1,56.3,65,29.3,0,44344,0,0
5/15/2009 16:50,213,0.1,0.1,56.3,65,29.3,0,44344,0,0
5/15/2009 17:00,213,0.1,0.1,56.3,64,29.3,0,44344,0,0
5/15/2009 17:10,213,0.1,0.1,56.4,63,29.3,0,44344,0,0
5/15/2009 17:20,213,0.1,0.1,57,63,29.3,0,44344,0,0
5/15/2009 17:30,213,0.1,0.1,57.2,64,29.3,0,44344,0,0
5/15/2009 17:40,213,0.1,0.1,57.2,64,29.3,0,44344,0,0
5/15/2009 17:50,213,0.1,0.1,57.9,62,29.3,0,44344,0,0
5/15/2009 18:00,213,0.1,0.1,58.2,61,29.3,0,44344,0,0
5/15/2009 18:10,213,0.1,0.1,58.2,60,29.3,0,44344,0,0
5/15/2009 18:20,213,0.1,0.1,57.9,61,29.3,0,44344,0,0
5/15/2009 18:30,213,0.1,0.1,57.5,70,29.3,0,44344,0,0
5/15/2009 18:40,213,0.1,0.1,57,71,29.3,0,44344,0,0
5/15/2009 18:50,213,0.1,0.1,57,71,29.3,0,44344,0,0
5/15/2009 19:00,213,0.1,0.1,56.1,72,29.3,0,44344,0,0
5/15/2009 19:10,213,0.1,0.1,55.4,76,29.3,0,44344,0,0
5/15/2009 19:20,213,0.1,0.1,55,77,29.2,0,44344,0,0
5/15/2009 19:30,213,0.1,0.1,54.6,78,29.2,0,44344,0,0
5/15/2009 19:40,213,0.1,0.1,54.8,76,29.2,0,44344,0,0
5/15/2009 19:50,213,0.1,0.1,55.5,73,29.2,0,44344,0,0
5/15/2009 20:00,213,0.1,0.1,56.4,69,29.2,0,44344,0,0
5/15/2009 20:10,213,0.1,0.1,57.7,65,29.2,0,44344,0,0
5/15/2009 20:20,213,0.1,0.1,57.2,69,29.2,0,44344,0,0
5/15/2009 20:30,213,0.1,0.1,57.7,67,29.2,0,44344,0,0
5/15/2009 20:40,213,0.1,0.1,56.8,76,29.2,0,44344,0,0
5/15/2009 20:50,213,0.1,0.1,55.9,78,29.2,0,44344,0,0
5/15/2009 21:00,213,0.1,0.1,55.5,80,29.2,0,44344,0,0
5/15/2009 21:10,213,0.1,0.1,54.6,81,29.2,0,44344,0,0
5/15/2009 21:20,213,0.1,0.1,54.6,80,29.2,0,44344,0,0
5/15/2009 21:30,213,0.1,0.1,54.5,83,29.2,0,44344,0,0
5/15/2009 21:40,213,0.1,0.1,54.1,83,29.2,0,44344,0,0
5/15/2009 21:50,213,0.1,0.1,53.7,83,29.2,0,44344,0,0
5/15/2009 22:00,213,0.1,0.1,53.7,83,29.1,0,44344,0,0
5/15/2009 22:10,213,0.1,0.1,57,73,29.1,0,44344,0,0
5/15/2009 22:20,213,0.1,0.1,61.1,63,29.1,0,44344,0,0
5/15/2009 22:30,213,0.1,0.1,62,61,29.1,0,44344,0,0
5/15/2009 22:40,213,0.1,0.1,63.3,60,29.1,0,44344,0,0
5/15/2009 22:50,213,0.1,0.1,64.9,57,29.1,0,44344,0,0
5/15/2009 23:00,213,0.1,0.1,65.4,56,29.1,0,44344,0,0
5/15/2009 23:10,213,0.1,0.1,65.6,57,29.1,0,44344,0,0
5/15/2009 23:20,213,0.1,0.1,66.2,58,29.1,0,44344,0,0
5/15/2009 23:30,213,0.1,0.1,67.1,59,29.1,0,44344,0,0
5/15/2009 23:40,213,0.1,0.1,67.8,60,29.1,0,44344,0,0
5/15/2009 23:50,213,0.1,0.1,68.3,60,29.1,0,44344,0,0
5/16/2009 0:00,213,0.1,0.1,68.5,61,29.1,0,44344,0,0
5/16/2009 0:10,213,0.1,0.1,68.3,62,29.1,0,44344,0,0
5/16/2009 0:20,213,0.1,0.1,68.5,62,29.1,0,44344,0,0
5/16/2009 0:30,213,0.1,0.1,68.3,63,29.1,0,44344,0,0
5/16/2009 0:40,213,0.1,0.1,68.5,63,29.1,0,44344,0,0
5/16/2009 0:50,213,0.1,0.1,68.5,63,29.1,0,44344,0,0
5/16/2009 1:00,213,0.1,0.1,68.7,63,29.1,0,44344,0,0
5/16/2009 1:10,213,0.1,0.1,68.9,62,29.1,0,44344,0,0
5/16/2009 1:20,213,0.1,0.1,68.7,62,29.1,0,44344,0,0
5/16/2009 1:30,213,0.1,0.1,68.7,63,29.1,0,44344,0,0
5/16/2009 1:40,213,0.1,0.1,68.9,62,29.1,0,44344,0,0
5/16/2009 1:50,213,0.1,0.1,69.4,62,29.1,0,44344,0,0
5/16/2009 2:00,213,0.1,0.1,69.6,62,29.1,0,44344,0,0
5/16/2009 2:10,213,0.1,0.1,69.8,62,29.1,0,44344,0,0
5/16/2009 2:20,213,0.1,0.1,69.6,63,29.1,0,44344,0,0
5/16/2009 2:30,213,0.1,0.1,69.9,62,29.1,0,44344,0,0
5/16/2009 2:40,213,0.1,0.1,69.9,62,29.1,0,44344,0,0
5/16/2009 2:50,213,0.1,0.1,69.8,63,29.1,0,44344,0,0
5/16/2009 3:00,213,0.1,0.1,69.6,64,29,0,44344,0,0
5/16/2009 3:10,213,0.1,0.1,69.4,64,29,0,44344,0,0
5/16/2009 3:20,213,0.1,0.1,69.4,65,29,0,44344,0,0
5/16/2009 3:30,213,0.1,0.1,69.4,65,29,0,44344,0,0
5/16/2009 3:40,213,0.1,0.1,69.6,64,29,0,44344,0,0
5/16/2009 3:50,213,0.1,0.1,70.1,63,29,0,44344,0,0
5/16/2009 4:00,213,0.1,0.1,70.1,64,29,0,44344,0,0
5/16/2009 4:10,213,0.1,0.1,70.5,63,29,0,44344,0,0
5/16/2009 4:20,213,0.1,0.1,71.2,63,29,0,44354,0,0
5/16/2009 4:30,213,0.1,0.1,71.6,63,29,0,44354,0,0
5/16/2009 4:40,213,0.1,0.1,71.7,63,29,0,44354,0,0
5/16/2009 4:50,213,0.1,0.1,71.9,62,29,0,44354,0,0
5/16/2009 5:00,213,0.1,0.1,71.9,62,29,0,44354,0,0
5/16/2009 5:10,213,0.1,0.1,71.7,63,29.1,0,44364,0,0
5/16/2009 5:20,213,0.1,0.1,71.6,64,29.1,0,44364,0,0
5/16/2009 5:30,213,0.1,0.1,71.6,64,29.1,0,44364,0,0
5/16/2009 5:40,213,0.1,0.1,71.6,64,29.1,0,44364,0,0
5/16/2009 5:50,213,0.1,0.1,71.4,64,29.1,0,44364,0,0
5/16/2009 6:00,213,0.1,0.1,71.6,63,29.1,0,44364,0,0
5/16/2009 6:10,213,0.1,0.1,71.6,63,29.1,0,44364,0,0
5/16/2009 6:20,213,0.1,0.1,71.7,63,29.1,0,44364,0,0
5/16/2009 6:30,213,0.1,0.1,71.9,63,29.1,0,44364,0,0
5/16/2009 6:40,213,0.1,0.1,71.9,63,29.1,0,44364,0,0
5/16/2009 6:50,213,0.1,0.1,71.9,63,29.1,0,44364,0,0
5/16/2009 7:00,213,0.1,0.1,72.3,62,29.1,0,44364,0,0
5/16/2009 7:10,213,0.1,0.1,73,61,29.1,0,44364,0,0
5/16/2009 7:20,213,0.1,0.1,73.7,58,29.1,0,44364,0,0
5/16/2009 7:30,213,0.1,0.1,74.3,58,29,0,44364,0,0
5/16/2009 7:40,213,0.1,0.1,73.9,58,29,0,44364,0,0
5/16/2009 7:50,213,0.1,0.1,74.4,56,29,0,44364,0,0
5/16/2009 8:00,213,0.1,0.1,74.1,57,29,0,44364,0,0
5/16/2009 8:10,213,0.1,0.1,73.9,58,29,0,44364,0,0
5/16/2009 8:20,213,0.1,0.1,74.1,58,29,0,44364,0,0
5/16/2009 8:30,213,0.1,0.1,73.9,58,29,0,44364,0,0
5/16/2009 8:40,213,0.1,0.1,74.1,58,29,0,44364,0,0
5/16/2009 8:50,213,0.1,0.1,75.2,55,29,0,44364,0,0
5/16/2009 9:00,213,0.1,0.1,75.2,52,29,0,44364,0,0
5/16/2009 9:10,213,0.1,0.1,65.1,67,29,0,44364,0,0
5/16/2009 9:20,213,0.1,0.1,63.1,72,29,0,44384,0,0
5/16/2009 9:30,213,0.1,0.1,61.7,76,29,0,44864,0.1,0.1
5/16/2009 9:40,213,0.1,0.1,60,81,29,0,45444,0.02,0.02
5/16/2009 9:50,213,0.1,0.1,59.7,84,29,0,45624,0,0
5/16/2009 10:00,213,0.1,0.1,59.7,84,29,0,46094,0,0
5/16/2009 10:10,213,0.1,0.1,60,83,29.1,0,46284,0.01,0.01
5/16/2009 10:20,213,0.1,0.1,59.7,84,29.1,0,46684,0.01,0.01
5/16/2009 10:30,213,0.1,0.1,59.3,86,29.1,0,47024,0,0
5/16/2009 10:40,213,0.1,0.1,59.3,86,29.1,0,47254,0,0
5/16/2009 10:50,213,0.1,0.1,59.5,86,29.1,0,47254,0,0
5/16/2009 11:00,213,0.1,0.1,59.3,87,29,0,47254,0,0
5/16/2009 11:10,213,0.1,0.1,59.7,87,29.1,0,47254,0,0
5/16/2009 11:20,213,0.1,0.1,60.4,86,29.1,0,47254,0,0
5/16/2009 11:30,213,0.1,0.1,61.5,84,29.1,0,47254,0,0
5/16/2009 11:40,213,0.1,0.1,60.8,84,29,0,47254,0,0
5/16/2009 11:50,213,0.1,0.1,60.4,83,29.1,0,47254,0,0
5/16/2009 12:00,213,0.1,0.1,60,84,29.1,0,47254,0,0
5/16/2009 12:10,213,0.1,0.1,60,83,29.1,0,47254,0,0
5/16/2009 12:20,213,0.1,0.1,59.9,84,29.1,0,47254,0,0
5/16/2009 12:30,213,0.1,0.1,59.7,85,29.1,0,47254,0,0
5/16/2009 12:40,213,0.1,0.1,59.5,85,29,0,47254,0,0
5/16/2009 12:50,213,0.1,0.1,58.2,87,29,0,47254,0,0
5/16/2009 13:00,213,0.1,0.1,57.9,88,29,0,47254,0,0
5/16/2009 13:10,213,0.1,0.1,57.9,89,29,0,47254,0,0
5/16/2009 13:20,213,0.1,0.1,57.5,89,29.1,0,47254,0,0
5/16/2009 13:30,213,0.1,0.1,57.2,90,29.1,0,47254,0,0
5/16/2009 13:40,213,0.1,0.1,56.8,90,29.1,0,47254,0,0
5/16/2009 13:50,213,0.1,0.1,56.6,91,29.1,0,47254,0,0
5/16/2009 14:00,213,0.1,0.1,57.3,92,29.1,0,47254,0,0
5/16/2009 14:10,213,0.1,0.1,57.7,92,29.1,0,47294,0,0
5/16/2009 14:20,213,0.1,0.1,57.3,92,29.1,0,47874,0.01,0.01
5/16/2009 14:30,213,0.1,0.1,57.5,92,29.1,0,48134,0,0
5/16/2009 14:40,213,0.1,0.1,57.9,92,29.1,0,48244,0.01,0.01
5/16/2009 14:50,213,0.1,0.1,58.2,92,29.1,0,48274,0,0
5/16/2009 15:00,213,0.1,0.1,58.4,92,29.1,0,48274,0,0
5/16/2009 15:10,213,0.1,0.1,58.4,92,29.1,0,48354,0,0
5/16/2009 15:20,213,0.1,0.1,58.4,92,29.1,0,48354,0,0
5/16/2009 15:30,213,0.1,0.1,58.4,92,29.1,0,48354,0,0
5/16/2009 15:40,213,0.1,0.1,58.4,91,29.1,0,48354,0,0
5/16/2009 15:50,213,0.1,0.1,58.2,90,29.1,0,48354,0,0
5/16/2009 16:00,213,0.1,0.1,58.1,90,29.1,0,48354,0,0
5/16/2009 16:10,213,0.1,0.1,57.7,90,29.1,0,48354,0,0
5/16/2009 16:20,213,0.1,0.1,57.2,90,29.1,0,48354,0,0
5/16/2009 16:30,213,0.1,0.1,57.2,90,29.1,0,48354,0,0
5/16/2009 16:40,213,0.1,0.1,57.2,89,29.1,0,48354,0,0
5/16/2009 16:50,213,0.1,0.1,56.6,88,29.1,0,48354,0,0
5/16/2009 17:00,213,0.1,0.1,56.3,88,29.1,0,48354,0,0
5/16/2009 17:10,213,0.1,0.1,56.1,88,29.1,0,48354,0,0
5/16/2009 17:20,213,0.1,0.1,55.7,87,29.1,0,48354,0,0
5/16/2009 17:30,213,0.1,0.1,55.5,86,29.1,0,48354,0,0
5/16/2009 17:40,213,0.1,0.1,55.5,85,29.1,0,48354,0,0
5/16/2009 17:50,213,0.1,0.1,55.5,84,29.1,0,48354,0,0
5/16/2009 18:00,213,0.1,0.1,55.4,83,29.1,0,48354,0,0
5/16/2009 18:10,213,0.1,0.1,55,82,29.1,0,48354,0,0
5/16/2009 18:20,213,0.1,0.1,54.6,83,29.1,0,48354,0,0
5/16/2009 18:30,213,0.1,0.1,54.3,83,29.1,0,48354,0,0
5/16/2009 18:40,213,0.1,0.1,53.9,81,29.1,0,48354,0,0
5/16/2009 18:50,213,0.1,0.1,53.6,79,29.1,0,48354,0,0
5/16/2009 19:00,213,0.1,0.1,53.6,78,29.2,0,48354,0,0
5/16/2009 19:10,213,0.1,0.1,53.2,80,29.2,0,48354,0,0
5/16/2009 19:20,213,0.1,0.1,53.4,77,29.2,0,48354,0,0
5/16/2009 19:30,213,0.1,0.1,54.3,72,29.2,0,48354,0,0
5/16/2009 19:40,213,0.1,0.1,54.1,73,29.2,0,48354,0,0
5/16/2009 19:50,213,0.1,0.1,53,74,29.2,0,48354,0,0
5/16/2009 20:00,213,0.1,0.1,52.5,70,29.2,0,48354,0,0
5/16/2009 20:10,213,0.1,0.1,51.9,74,29.2,0,48354,0,0
5/16/2009 20:20,213,0.1,0.1,51.4,70,29.2,0,48354,0,0
5/16/2009 20:30,213,0.1,0.1,50.3,72,29.2,0,48354,0,0
5/16/2009 20:40,213,0.1,0.1,49.6,73,29.2,0,48354,0,0
5/16/2009 20:50,213,0.1,0.1,48.9,74,29.2,0,48354,0,0
5/16/2009 21:00,213,0.1,0.1,48.5,75,29.2,0,48354,0,0
5/16/2009 21:10,213,0.1,0.1,48.5,72,29.3,0,48354,0,0
5/16/2009 21:20,213,0.1,0.1,48.3,65,29.3,0,48354,0,0
5/16/2009 21:30,213,0.1,0.1,48.2,60,29.3,0,48354,0,0
5/16/2009 21:40,213,0.1,0.1,48.2,61,29.3,0,48354,0,0
5/16/2009 21:50,213,0.1,0.1,47.6,60,29.3,0,48354,0,0
5/16/2009 22:00,213,0.1,0.1,47.4,61,29.3,0,48354,0,0
5/16/2009 22:10,213,0.1,0.1,47.3,59,29.3,0,48354,0,0
5/16/2009 22:20,213,0.1,0.1,47.1,58,29.3,0,48354,0,0
5/16/2009 22:30,213,0.1,0.1,46.7,58,29.3,0,48354,0,0
5/16/2009 22:40,213,0.1,0.1,46.7,59,29.3,0,48354,0,0
5/16/2009 22:50,213,0.1,0.1,46.7,58,29.3,0,48354,0,0
5/16/2009 23:00,213,0.1,0.1,46.7,58,29.3,0,48354,0,0
5/16/2009 23:10,213,0.1,0.1,46.5,57,29.3,0,48354,0,0
5/16/2009 23:20,213,0.1,0.1,46.7,59,29.3,0,48354,0,0
5/16/2009 23:30,213,0.1,0.1,46.5,57,29.3,0,48354,0,0
5/16/2009 23:40,213,0.1,0.1,46.4,53,29.3,0,48354,0,0
5/16/2009 23:50,213,0.1,0.1,46.5,52,29.3,0,48354,0,0
5/17/2009 0:00,213,0.1,0.1,46.4,52,29.3,0,48354,0,0
5/17/2009 0:10,213,0.1,0.1,46.2,50,29.3,0,48354,0,0
5/17/2009 0:20,213,0.1,0.1,46,53,29.3,0,48354,0,0
5/17/2009 0:30,213,0.1,0.1,46,54,29.3,0,48354,0,0
5/17/2009 0:40,213,0.1,0.1,45.8,54,29.3,0,48354,0,0
5/17/2009 0:50,213,0.1,0.1,45.8,55,29.3,0,48354,0,0
5/17/2009 1:00,213,0.1,0.1,45.8,56,29.3,0,48354,0,0
5/17/2009 1:10,213,0.1,0.1,46,52,29.3,0,48354,0,0
5/17/2009 1:20,213,0.1,0.1,45.8,54,29.3,0,48354,0,0
5/17/2009 1:30,213,0.1,0.1,45.8,54,29.3,0,48354,0,0
5/17/2009 1:40,213,0.1,0.1,45.8,56,29.3,0,48354,0,0
5/17/2009 1:50,213,0.1,0.1,46,57,29.3,0,48354,0,0
5/17/2009 2:00,213,0.1,0.1,46,57,29.3,0,48354,0,0
5/17/2009 2:10,213,0.1,0.1,45.5,57,29.3,0,48354,0,0
5/17/2009 2:20,213,0.1,0.1,45.5,59,29.3,0,48354,0,0
5/17/2009 2:30,213,0.1,0.1,45.3,57,29.3,0,48354,0,0
5/17/2009 2:40,213,0.1,0.1,45.3,59,29.3,0,48354,0,0
5/17/2009 2:50,213,0.1,0.1,45.3,54,29.3,0,48354,0,0
5/17/2009 3:00,213,0.1,0.1,45.5,58,29.4,0,48354,0,0
5/17/2009 3:10,213,0.1,0.1,45.3,57,29.4,0,48354,0,0
5/17/2009 3:20,213,0.1,0.1,45.3,59,29.4,0,48354,0,0
5/17/2009 3:30,213,0.1,0.1,45.5,57,29.4,0,48354,0,0
5/17/2009 3:40,213,0.1,0.1,45.5,52,29.4,0,48354,0,0
5/17/2009 3:50,213,0.1,0.1,45.3,51,29.4,0,48354,0,0
5/17/2009 4:00,213,0.1,0.1,45.1,52,29.4,0,48354,0,0
5/17/2009 4:10,213,0.1,0.1,45.1,50,29.4,0,48354,0,0
5/17/2009 4:20,213,0.1,0.1,44.9,49,29.4,0,48354,0,0
5/17/2009 4:30,213,0.1,0.1,44.9,50,29.4,0,48354,0,0
5/17/2009 4:40,213,0.1,0.1,44.6,49,29.4,0,48354,0,0
5/17/2009 4:50,213,0.1,0.1,44.6,46,29.4,0,48354,0,0
5/17/2009 5:00,213,0.1,0.1,44.6,48,29.4,0,48354,0,0
5/17/2009 5:10,213,0.1,0.1,44.6,44,29.4,0,48354,0,0
5/17/2009 5:20,213,0.1,0.1,44.4,42,29.4,0,48354,0,0
5/17/2009 5:30,213,0.1,0.1,44.4,42,29.4,0,48354,0,0
5/17/2009 5:40,213,0.1,0.1,44.6,43,29.4,0,48354,0,0
5/17/2009 5:50,213,0.1,0.1,44.9,42,29.4,0,48354,0,0
5/17/2009 6:00,213,0.1,0.1,44.9,40,29.4,0,48354,0,0
5/17/2009 6:10,213,0.1,0.1,45.1,41,29.4,0,48354,0,0
5/17/2009 6:20,213,0.1,0.1,44.9,44,29.4,0,48354,0,0
5/17/2009 6:30,213,0.1,0.1,45.3,41,29.4,0,48354,0,0
5/17/2009 6:40,213,0.1,0.1,45.3,41,29.4,0,48354,0,0
5/17/2009 6:50,213,0.1,0.1,45.3,39,29.4,0,48354,0,0
5/17/2009 7:00,213,0.1,0.1,45.6,42,29.4,0,48354,0,0
5/17/2009 7:10,213,0.1,0.1,45.8,44,29.4,0,48354,0,0
5/17/2009 7:20,213,0.1,0.1,45.6,43,29.4,0,48354,0,0
5/17/2009 7:30,213,0.1,0.1,45.8,41,29.4,0,48354,0,0
5/17/2009 7:40,213,0.1,0.1,46,41,29.4,0,48354,0,0
5/17/2009 7:50,213,0.1,0.1,46.2,42,29.4,0,48354,0,0
5/17/2009 8:00,213,0.1,0.1,46.2,37,29.4,0,48354,0,0
5/17/2009 8:10,213,0.1,0.1,46.2,39,29.4,0,48354,0,0
5/17/2009 8:20,213,0.1,0.1,46.2,43,29.4,0,48354,0,0
5/17/2009 8:30,213,0.1,0.1,46.5,42,29.4,0,48354,0,0
5/17/2009 8:40,213,0.1,0.1,46.5,41,29.4,0,48354,0,0
5/17/2009 8:50,213,0.1,0.1,46.4,42,29.4,0,48354,0,0
5/17/2009 9:00,213,0.1,0.1,46.7,42,29.4,0,48354,0,0
5/17/2009 9:10,213,0.1,0.1,47.1,43,29.4,0,48354,0,0
5/17/2009 9:20,213,0.1,0.1,47.1,45,29.4,0,48354,0,0
5/17/2009 9:30,213,0.1,0.1,47.3,44,29.4,0,48354,0,0
5/17/2009 9:40,213,0.1,0.1,47.3,43,29.4,0,48354,0,0
5/17/2009 9:50,213,0.1,0.1,47.6,46,29.4,0,48354,0,0
5/17/2009 10:00,213,0.1,0.1,47.8,42,29.4,0,48354,0,0
5/17/2009 10:10,213,0.1,0.1,48,42,29.4,0,48354,0,0
5/17/2009 10:20,213,0.1,0.1,48.2,44,29.4,0,48354,0,0
5/17/2009 10:30,213,0.1,0.1,48.3,43,29.4,0,48354,0,0
5/17/2009 10:40,213,0.1,0.1,48.5,40,29.4,0,48354,0,0
5/17/2009 10:50,213,0.1,0.1,48.3,39,29.4,0,48354,0,0
5/17/2009 11:00,213,0.1,0.1,48.3,42,29.4,0,48354,0,0
5/17/2009 11:10,213,0.1,0.1,48.5,42,29.4,0,48354,0,0
5/17/2009 11:20,213,0.1,0.1,48.9,39,29.4,0,48354,0,0
5/17/2009 11:30,213,0.1,0.1,48.7,42,29.4,0,48354,0,0
5/17/2009 11:40,213,0.1,0.1,48.7,44,29.4,0,48354,0,0
5/17/2009 11:50,213,0.1,0.1,49.1,42,29.4,0,48354,0,0
5/17/2009 12:00,213,0.1,0.1,48.9,42,29.4,0,48354,0,0
5/17/2009 12:10,213,0.1,0.1,49.1,43,29.4,0,48354,0,0
5/17/2009 12:20,213,0.1,0.1,49.2,44,29.4,0,48354,0,0
5/17/2009 12:30,213,0.1,0.1,49.4,44,29.4,0,48354,0,0
5/17/2009 12:40,213,0.1,0.1,49.6,45,29.4,0,48354,0,0
5/17/2009 12:50,213,0.1,0.1,49.8,45,29.4,0,48354,0,0
5/17/2009 13:00,213,0.1,0.1,49.4,41,29.4,0,48354,0,0
5/17/2009 13:10,213,0.1,0.1,49.8,46,29.4,0,48354,0,0
5/17/2009 13:20,213,0.1,0.1,50.1,46,29.4,0,48354,0,0
5/17/2009 13:30,213,0.1,0.1,49.4,46,29.4,0,48354,0,0
5/17/2009 13:40,213,0.1,0.1,49.6,46,29.4,0,48354,0,0
5/17/2009 13:50,213,0.1,0.1,49.2,44,29.4,0,48354,0,0
5/17/2009 14:00,213,0.1,0.1,49.4,45,29.4,0,48354,0,0
5/17/2009 14:10,213,0.1,0.1,49.6,45,29.4,0,48354,0,0
5/17/2009 14:20,213,0.1,0.1,49.8,46,29.4,0,48354,0,0
5/17/2009 14:30,213,0.1,0.1,50,47,29.4,0,48354,0,0
5/17/2009 14:40,213,0.1,0.1,49.8,45,29.4,0,48354,0,0
5/17/2009 14:50,213,0.1,0.1,49.6,45,29.4,0,48354,0,0
5/17/2009 15:00,213,0.1,0.1,49.8,42,29.4,0,48354,0,0
5/17/2009 15:10,213,0.1,0.1,49.4,47,29.4,0,48354,0,0
5/17/2009 15:20,213,0.1,0.1,50,41,29.4,0,48354,0,0
5/17/2009 15:30,213,0.1,0.1,49.8,41,29.4,0,48354,0,0
5/17/2009 15:40,213,0.1,0.1,50,38,29.4,0,48354,0,0
5/17/2009 15:50,213,0.1,0.1,50.1,35,29.4,0,48354,0,0
5/17/2009 16:00,213,0.1,0.1,50.3,35,29.4,0,48354,0,0
5/17/2009 16:10,213,0.1,0.1,50.5,39,29.4,0,48354,0,0
5/17/2009 16:20,213,0.1,0.1,50.3,38,29.4,0,48354,0,0
5/17/2009 16:30,213,0.1,0.1,50.5,35,29.4,0,48354,0,0
5/17/2009 16:40,213,0.1,0.1,50.1,39,29.4,0,48354,0,0
5/17/2009 16:50,213,0.1,0.1,50,40,29.4,0,48354,0,0
5/17/2009 17:00,213,0.1,0.1,50,41,29.4,0,48354,0,0
5/17/2009 17:10,213,0.1,0.1,49.8,41,29.4,0,48354,0,0
5/17/2009 17:20,213,0.1,0.1,49.4,41,29.4,0,48354,0,0
5/17/2009 17:30,213,0.1,0.1,49.1,42,29.4,0,48354,0,0
5/17/2009 17:40,213,0.1,0.1,48.5,43,29.4,0,48354,0,0
5/17/2009 17:50,213,0.1,0.1,48.3,43,29.4,0,48354,0,0
5/17/2009 18:00,213,0.1,0.1,48,44,29.4,0,48354,0,0
5/17/2009 18:10,213,0.1,0.1,47.8,44,29.4,0,48354,0,0
5/17/2009 18:20,213,0.1,0.1,47.4,45,29.4,0,48354,0,0
5/17/2009 18:30,213,0.1,0.1,46.9,45,29.4,0,48354,0,0
5/17/2009 18:40,213,0.1,0.1,46.9,45,29.4,0,48354,0,0
5/17/2009 18:50,213,0.1,0.1,46.7,46,29.4,0,48354,0,0
5/17/2009 19:00,213,0.1,0.1,46.2,48,29.4,0,48354,0,0
5/17/2009 19:10,213,0.1,0.1,45.6,48,29.4,0,48354,0,0
5/17/2009 19:20,213,0.1,0.1,45.5,48,29.4,0,48354,0,0
5/17/2009 19:30,213,0.1,0.1,45.5,49,29.4,0,48354,0,0
5/17/2009 19:40,213,0.1,0.1,44.9,49,29.4,0,48354,0,0
5/17/2009 19:50,213,0.1,0.1,44.7,50,29.5,0,48354,0,0
5/17/2009 20:00,213,0.1,0.1,44.6,50,29.4,0,48354,0,0
5/17/2009 20:10,213,0.1,0.1,44.7,49,29.4,0,48354,0,0
5/17/2009 20:20,213,0.1,0.1,44.6,49,29.5,0,48354,0,0
5/17/2009 20:30,213,0.1,0.1,44.4,50,29.5,0,48354,0,0
5/17/2009 20:40,213,0.1,0.1,44,51,29.5,0,48354,0,0
5/17/2009 20:50,213,0.1,0.1,44.2,51,29.5,0,48354,0,0
5/17/2009 21:00,213,0.1,0.1,44.4,54,29.5,0,48354,0,0
5/17/2009 21:10,213,0.1,0.1,44.6,53,29.5,0,48354,0,0
5/17/2009 21:20,213,0.1,0.1,44.6,54,29.5,0,48354,0,0
5/17/2009 21:30,213,0.1,0.1,44.2,54,29.5,0,48354,0,0
5/17/2009 21:40,213,0.1,0.1,44.4,60,29.5,0,48354,0,0
5/17/2009 21:50,213,0.1,0.1,44.7,60,29.5,0,48354,0,0
5/17/2009 22:00,213,0.1,0.1,45.1,62,29.5,0,48354,0,0
5/17/2009 22:10,213,0.1,0.1,44.2,64,29.5,0,48354,0,0
5/17/2009 22:20,213,0.1,0.1,46,60,29.5,0,48354,0,0
5/17/2009 22:30,213,0.1,0.1,46.5,51,29.5,0,48354,0,0
5/17/2009 22:40,213,0.1,0.1,47.1,41,29.5,0,48354,0,0
5/17/2009 22:50,213,0.1,0.1,47.1,39,29.5,0,48354,0,0
5/17/2009 23:00,213,0.1,0.1,47.3,32,29.5,0,48354,0,0
5/17/2009 23:10,213,0.1,0.1,47.6,25,29.5,0,48354,0,0
5/17/2009 23:20,213,0.1,0.1,47.4,23,29.5,0,48354,0,0
5/17/2009 23:30,213,0.1,0.1,47.1,25,29.5,0,48354,0,0
5/17/2009 23:40,213,0.1,0.1,46.7,26,29.5,0,48354,0,0
5/17/2009 23:50,213,0.1,0.1,46.5,26,29.5,0,48354,0,0
5/18/2009 0:00,213,0.1,0.1,43.3,46,29.5,0,48354,0,0
5/18/2009 0:10,213,0.1,0.1,42.8,51,29.5,0,48354,0,0
5/18/2009 0:20,213,0.1,0.1,41.5,59,29.5,0,48354,0,0
5/18/2009 0:30,213,0.1,0.1,40.6,60,29.5,0,48354,0,0
5/18/2009 0:40,213,0.1,0.1,41.7,58,29.5,0,48354,0,0
5/18/2009 0:50,213,0.1,0.1,41.9,58,29.5,0,48354,0,0
5/18/2009 1:00,213,0.1,0.1,41.7,57,29.5,0,48354,0,0
5/18/2009 1:10,213,0.1,0.1,41.3,58,29.5,0,48354,0,0
5/18/2009 1:20,213,0.1,0.1,40.2,57,29.5,0,48354,0,0
5/18/2009 1:30,213,0.1,0.1,40.8,51,29.5,0,48354,0,0
5/18/2009 1:40,213,0.1,0.1,41.3,47,29.5,0,48354,0,0
5/18/2009 1:50,213,0.1,0.1,41.1,48,29.5,0,48354,0,0
5/18/2009 2:00,213,0.1,0.1,40.2,51,29.5,0,48354,0,0
5/18/2009 2:10,213,0.1,0.1,39.7,51,29.5,0,48354,0,0
5/18/2009 2:20,213,0.1,0.1,40.4,48,29.5,0,48354,0,0
5/18/2009 2:30,213,0.1,0.1,40.8,48,29.5,0,48354,0,0
5/18/2009 2:40,213,0.1,0.1,39.5,50,29.5,0,48354,0,0
5/18/2009 2:50,213,0.1,0.1,39.9,49,29.5,0,48354,0,0
5/18/2009 3:00,213,0.1,0.1,39.9,48,29.5,0,48354,0,0
5/18/2009 3:10,213,0.1,0.1,39.2,50,29.5,0,48354,0,0
5/18/2009 3:20,213,0.1,0.1,40.2,48,29.5,0,48354,0,0
5/18/2009 3:30,213,0.1,0.1,39.7,51,29.5,0,48354,0,0
5/18/2009 3:40,213,0.1,0.1,40.4,49,29.5,0,48354,0,0
5/18/2009 3:50,213,0.1,0.1,41.3,51,29.5,0,48354,0,0
5/18/2009 4:00,213,0.1,0.1,43.1,45,29.5,0,48354,0,0
5/18/2009 4:10,213,0.1,0.1,44,47,29.5,0,48354,0,0
5/18/2009 4:20,213,0.1,0.1,44.9,46,29.5,0,48354,0,0
5/18/2009 4:30,213,0.1,0.1,45.1,44,29.5,0,48354,0,0
5/18/2009 4:40,213,0.1,0.1,44.9,42,29.5,0,48354,0,0
5/18/2009 4:50,213,0.1,0.1,44.7,48,29.5,0,48354,0,0
5/18/2009 5:00,213,0.1,0.1,44.7,45,29.5,0,48354,0,0
5/18/2009 5:10,213,0.1,0.1,44.7,48,29.5,0,48354,0,0
5/18/2009 5:20,213,0.1,0.1,44.7,49,29.5,0,48354,0,0
5/18/2009 5:30,213,0.1,0.1,44.9,46,29.5,0,48354,0,0
5/18/2009 5:40,213,0.1,0.1,44.6,46,29.6,0,48354,0,0
5/18/2009 5:50,213,0.1,0.1,44.6,44,29.5,0,48354,0,0
5/18/2009 6:00,213,0.1,0.1,45.6,44,29.6,0,48354,0,0
5/18/2009 6:10,213,0.1,0.1,45.6,41,29.6,0,48354,0,0
5/18/2009 6:20,213,0.1,0.1,46,41,29.6,0,48354,0,0
5/18/2009 6:30,213,0.1,0.1,46.4,39,29.6,0,48354,0,0
5/18/2009 6:40,213,0.1,0.1,45.6,40,29.6,0,48354,0,0
5/18/2009 6:50,213,0.1,0.1,45.8,42,29.6,0,48354,0,0
5/18/2009 7:00,213,0.1,0.1,46.4,43,29.6,0,48354,0,0
5/18/2009 7:10,213,0.1,0.1,47.1,40,29.6,0,48354,0,0
5/18/2009 7:20,213,0.1,0.1,47.1,42,29.6,0,48354,0,0
5/18/2009 7:30,213,0.1,0.1,47.4,44,29.6,0,48354,0,0
5/18/2009 7:40,213,0.1,0.1,46.5,46,29.6,0,48354,0,0
5/18/2009 7:50,213,0.1,0.1,47.6,45,29.6,0,48354,0,0
5/18/2009 8:00,213,0.1,0.1,47.4,41,29.6,0,48354,0,0
5/18/2009 8:10,213,0.1,0.1,47.4,36,29.6,0,48354,0,0
5/18/2009 8:20,213,0.1,0.1,47.1,38,29.6,0,48354,0,0
5/18/2009 8:40,0,0.1,0.1,47.3,39,29.6,0,0,0,0
5/18/2009 8:50,0,0.1,0.1,47.4,43,29.6,0,0,0,0
5/18/2009 9:00,0,0.1,0.1,47.3,42,29.6,0,0,0,0
5/18/2009 9:10,0,0.1,0.1,47.3,42,29.6,0,0,0,0
5/18/2009 9:20,0,0.1,0.1,47.1,41,29.6,0,0,0,0
5/18/2009 9:30,0,0.1,0.1,47.1,46,29.6,0,0,0,0
5/18/2009 9:40,0,0.1,0.1,47.6,45,29.6,0,0,0,0
5/18/2009 9:50,0,0.1,0.1,47.4,46,29.6,0,0,0,0
5/18/2009 10:00,0,0.1,0.1,47.6,47,29.6,0,0,0,0
5/18/2009 10:10,0,0.1,0.1,47.3,49,29.6,0,0,0,0
5/18/2009 10:20,0,0.1,0.1,47.6,50,29.6,0,0,0,0
5/18/2009 10:30,0,0.1,0.1,47.6,46,29.6,0,0,0,0
5/18/2009 10:40,0,0.1,0.1,48,47,29.6,0,0,0,0
5/18/2009 10:50,0,0.1,0.1,48,49,29.6,0,0,0,0
5/18/2009 11:00,0,0.1,0.1,48.2,48,29.6,0,0,0,0
5/18/2009 11:10,-Invalid-,-Invalid-,-Invalid-,-Invalid-,-Invalid-,-Invalid-,-Invalid-,-Invalid-,-Invalid-,-Invalid-
5/18/2009 11:20,-Invalid-,-Invalid-,-Invalid-,-Invalid-,-Invalid-,-Invalid-,-Invalid-,-Invalid-,-Invalid-,-Invalid-
5/18/2009 11:30,-Invalid-,-Invalid-,-Invalid-,-Invalid-,-Invalid-,-Invalid-,-Invalid-,-Invalid-,-Invalid-,-Invalid-
5/18/2009 11:40,-Invalid-,-Invalid-,-Invalid-,-Invalid-,-Invalid-,-Invalid-,-Invalid-,-Invalid-,-Invalid-,-Invalid-
5/18/2009 11:50,-Invalid-,-Invalid-,-Invalid-,-Invalid-,-Invalid-,-Invalid-,-Invalid-,-Invalid-,-Invalid-,-Invalid-
5/18/2009 12:00,-Invalid-,-Invalid-,-Invalid-,-Invalid-,-Invalid-,-Invalid-,-Invalid-,-Invalid-,-Invalid-,-Invalid-
5/18/2009 12:10,-Invalid-,-Invalid-,-Invalid-,-Invalid-,-Invalid-,-Invalid-,-Invalid-,-Invalid-,-Invalid-,-Invalid-
5/18/2009 12:20,-Invalid-,-Invalid-,-Invalid-,-Invalid-,-Invalid-,-Invalid-,-Invalid-,-Invalid-,-Invalid-,-Invalid-
5/18/2009 12:30,-Invalid-,-Invalid-,-Invalid-,-Invalid-,-Invalid-,-Invalid-,-Invalid-,-Invalid-,-Invalid-,-Invalid-
5/18/2009 12:40,-Invalid-,-Invalid-,-Invalid-,-Invalid-,-Invalid-,-Invalid-,-Invalid-,-Invalid-,-Invalid-,-Invalid-
5/18/2009 12:50,-Invalid-,-Invalid-,-Invalid-,-Invalid-,-Invalid-,-Invalid-,-Invalid-,-Invalid-,-Invalid-,-Invalid-
5/18/2009 13:00,-Invalid-,-Invalid-,-Invalid-,-Invalid-,-Invalid-,-Invalid-,-Invalid-,-Invalid-,-Invalid-,-Invalid-
5/18/2009 13:10,-Invalid-,-Invalid-,-Invalid-,-Invalid-,-Invalid-,-Invalid-,-Invalid-,-Invalid-,-Invalid-,-Invalid-
5/18/2009 13:20,-Invalid-,-Invalid-,-Invalid-,-Invalid-,-Invalid-,-Invalid-,-Invalid-,-Invalid-,-Invalid-,-Invalid-
5/18/2009 13:30,-Invalid-,-Invalid-,-Invalid-,-Invalid-,-Invalid-,-Invalid-,-Invalid-,-Invalid-,-Invalid-,-Invalid-
5/18/2009 13:40,-Invalid-,-Invalid-,-Invalid-,-Invalid-,-Invalid-,-Invalid-,-Invalid-,-Invalid-,-Invalid-,-Invalid-
5/18/2009 13:50,-Invalid-,-Invalid-,-Invalid-,-Invalid-,-Invalid-,-Invalid-,-Invalid-,-Invalid-,-Invalid-,-Invalid-
5/18/2009 14:00,-Invalid-,-Invalid-,-Invalid-,-Invalid-,-Invalid-,-Invalid-,-Invalid-,-Invalid-,-Invalid-,-Invalid-
5/18/2009 14:10,-Invalid-,-Invalid-,-Invalid-,-Invalid-,-Invalid-,-Invalid-,-Invalid-,-Invalid-,-Invalid-,-Invalid-
5/18/2009 14:20,-Invalid-,-Invalid-,-Invalid-,-Invalid-,-Invalid-,-Invalid-,-Invalid-,-Invalid-,-Invalid-,-Invalid-
5/18/2009 14:30,-Invalid-,-Invalid-,-Invalid-,-Invalid-,-Invalid-,-Invalid-,-Invalid-,-Invalid-,-Invalid-,-Invalid-
5/18/2009 14:40,-Invalid-,-Invalid-,-Invalid-,-Invalid-,-Invalid-,-Invalid-,-Invalid-,-Invalid-,-Invalid-,-Invalid-
5/18/2009 14:50,-Invalid-,-Invalid-,-Invalid-,-Invalid-,-Invalid-,-Invalid-,-Invalid-,-Invalid-,-Invalid-,-Invalid-
5/18/2009 15:00,-Invalid-,-Invalid-,-Invalid-,-Invalid-,-Invalid-,-Invalid-,-Invalid-,-Invalid-,-Invalid-,-Invalid-
5/18/2009 15:10,-Invalid-,-Invalid-,-Invalid-,-Invalid-,-Invalid-,-Invalid-,-Invalid-,-Invalid-,-Invalid-,-Invalid-
5/18/2009 15:20,-Invalid-,-Invalid-,-Invalid-,-Invalid-,-Invalid-,-Invalid-,-Invalid-,-Invalid-,-Invalid-,-Invalid-
5/18/2009 15:30,-Invalid-,-Invalid-,-Invalid-,-Invalid-,-Invalid-,-Invalid-,-Invalid-,-Invalid-,-Invalid-,-Invalid-
5/18/2009 15:40,-Invalid-,-Invalid-,-Invalid-,-Invalid-,-Invalid-,-Invalid-,-Invalid-,-Invalid-,-Invalid-,-Invalid-
5/18/2009 15:50,-Invalid-,-Invalid-,-Invalid-,-Invalid-,-Invalid-,-Invalid-,-Invalid-,-Invalid-,-Invalid-,-Invalid-
5/18/2009 16:00,-Invalid-,-Invalid-,-Invalid-,-Invalid-,-Invalid-,-Invalid-,-Invalid-,-Invalid-,-Invalid-,-Invalid-
5/18/2009 16:10,-Invalid-,-Invalid-,-Invalid-,-Invalid-,-Invalid-,-Invalid-,-Invalid-,-Invalid-,-Invalid-,-Invalid-
5/18/2009 16:20,-Invalid-,-Invalid-,-Invalid-,-Invalid-,-Invalid-,-Invalid-,-Invalid-,-Invalid-,-Invalid-,-Invalid-
5/18/2009 16:30,-Invalid-,-Invalid-,-Invalid-,-Invalid-,-Invalid-,-Invalid-,-Invalid-,-Invalid-,-Invalid-,-Invalid-
5/18/2009 16:40,-Invalid-,-Invalid-,-Invalid-,-Invalid-,-Invalid-,-Invalid-,-Invalid-,-Invalid-,-Invalid-,-Invalid-
5/18/2009 16:50,-Invalid-,-Invalid-,-Invalid-,-Invalid-,-Invalid-,-Invalid-,-Invalid-,-Invalid-,-Invalid-,-Invalid-
5/18/2009 17:00,-Invalid-,-Invalid-,-Invalid-,-Invalid-,-Invalid-,-Invalid-,-Invalid-,-Invalid-,-Invalid-,-Invalid-
5/18/2009 17:10,-Invalid-,-Invalid-,-Invalid-,-Invalid-,-Invalid-,-Invalid-,-Invalid-,-Invalid-,-Invalid-,-Invalid-
5/18/2009 17:20,-Invalid-,-Invalid-,-Invalid-,-Invalid-,-Invalid-,-Invalid-,-Invalid-,-Invalid-,-Invalid-,-Invalid-
5/18/2009 17:30,-Invalid-,-Invalid-,-Invalid-,-Invalid-,-Invalid-,-Invalid-,-Invalid-,-Invalid-,-Invalid-,-Invalid-
5/18/2009 17:40,-Invalid-,-Invalid-,-Invalid-,-Invalid-,-Invalid-,-Invalid-,-Invalid-,-Invalid-,-Invalid-,-Invalid-
5/18/2009 17:50,-Invalid-,-Invalid-,-Invalid-,-Invalid-,-Invalid-,-Invalid-,-Invalid-,-Invalid-,-Invalid-,-Invalid-
5/18/2009 18:00,-Invalid-,-Invalid-,-Invalid-,-Invalid-,-Invalid-,-Invalid-,-Invalid-,-Invalid-,-Invalid-,-Invalid-
5/18/2009 18:10,-Invalid-,-Invalid-,-Invalid-,-Invalid-,-Invalid-,-Invalid-,-Invalid-,-Invalid-,-Invalid-,-Invalid-
5/18/2009 18:20,-Invalid-,-Invalid-,-Invalid-,-Invalid-,-Invalid-,-Invalid-,-Invalid-,-Invalid-,-Invalid-,-Invalid-
5/18/2009 18:30,-Invalid-,-Invalid-,-Invalid-,-Invalid-,-Invalid-,-Invalid-,-Invalid-,-Invalid-,-Invalid-,-Invalid-
5/18/2009 18:40,-Invalid-,-Invalid-,-Invalid-,-Invalid-,-Invalid-,-Invalid-,-Invalid-,-Invalid-,-Invalid-,-Invalid-
5/18/2009 18:50,-Invalid-,-Invalid-,-Invalid-,-Invalid-,-Invalid-,-Invalid-,-Invalid-,-Invalid-,-Invalid-,-Invalid-
5/18/2009 19:00,-Invalid-,-Invalid-,-Invalid-,-Invalid-,-Invalid-,-Invalid-,-Invalid-,-Invalid-,-Invalid-,-Invalid-
5/18/2009 19:10,-Invalid-,-Invalid-,-Invalid-,-Invalid-,-Invalid-,-Invalid-,-Invalid-,-Invalid-,-Invalid-,-Invalid-
5/18/2009 19:20,-Invalid-,-Invalid-,-Invalid-,-Invalid-,-Invalid-,-Invalid-,-Invalid-,-Invalid-,-Invalid-,-Invalid-
5/18/2009 19:30,-Invalid-,-Invalid-,-Invalid-,-Invalid-,-Invalid-,-Invalid-,-Invalid-,-Invalid-,-Invalid-,-Invalid-
5/18/2009 19:40,-Invalid-,-Invalid-,-Invalid-,-Invalid-,-Invalid-,-Invalid-,-Invalid-,-Invalid-,-Invalid-,-Invalid-
5/18/2009 19:50,-Invalid-,-Invalid-,-Invalid-,-Invalid-,-Invalid-,-Invalid-,-Invalid-,-Invalid-,-Invalid-,-Invalid-
5/18/2009 20:00,-Invalid-,-Invalid-,-Invalid-,-Invalid-,-Invalid-,-Invalid-,-Invalid-,-Invalid-,-Invalid-,-Invalid-
5/18/2009 20:10,-Invalid-,-Invalid-,-Invalid-,-Invalid-,-Invalid-,-Invalid-,-Invalid-,-Invalid-,-Invalid-,-Invalid-
5/18/2009 20:20,-Invalid-,-Invalid-,-Invalid-,-Invalid-,-Invalid-,-Invalid-,-Invalid-,-Invalid-,-Invalid-,-Invalid-
5/18/2009 20:30,-Invalid-,-Invalid-,-Invalid-,-Invalid-,-Invalid-,-Invalid-,-Invalid-,-Invalid-,-Invalid-,-Invalid-
5/18/2009 20:40,-Invalid-,-Invalid-,-Invalid-,-Invalid-,-Invalid-,-Invalid-,-Invalid-,-Invalid-,-Invalid-,-Invalid-
5/18/2009 20:50,-Invalid-,-Invalid-,-Invalid-,-Invalid-,-Invalid-,-Invalid-,-Invalid-,-Invalid-,-Invalid-,-Invalid-
5/18/2009 21:00,-Invalid-,-Invalid-,-Invalid-,-Invalid-,-Invalid-,-Invalid-,-Invalid-,-Invalid-,-Invalid-,-Invalid-
5/18/2009 21:10,-Invalid-,-Invalid-,-Invalid-,-Invalid-,-Invalid-,-Invalid-,-Invalid-,-Invalid-,-Invalid-,-Invalid-
5/18/2009 21:20,-Invalid-,-Invalid-,-Invalid-,-Invalid-,-Invalid-,-Invalid-,-Invalid-,-Invalid-,-Invalid-,-Invalid-
5/18/2009 21:30,-Invalid-,-Invalid-,-Invalid-,-Invalid-,-Invalid-,-Invalid-,-Invalid-,-Invalid-,-Invalid-,-Invalid-
5/18/2009 21:40,-Invalid-,-Invalid-,-Invalid-,-Invalid-,-Invalid-,-Invalid-,-Invalid-,-Invalid-,-Invalid-,-Invalid-
5/18/2009 21:50,-Invalid-,-Invalid-,-Invalid-,-Invalid-,-Invalid-,-Invalid-,-Invalid-,-Invalid-,-Invalid-,-Invalid-
5/18/2009 22:00,-Invalid-,-Invalid-,-Invalid-,-Invalid-,-Invalid-,-Invalid-,-Invalid-,-Invalid-,-Invalid-,-Invalid-
5/18/2009 22:10,-Invalid-,-Invalid-,-Invalid-,-Invalid-,-Invalid-,-Invalid-,-Invalid-,-Invalid-,-Invalid-,-Invalid-
5/18/2009 22:20,-Invalid-,-Invalid-,-Invalid-,-Invalid-,-Invalid-,-Invalid-,-Invalid-,-Invalid-,-Invalid-,-Invalid-
5/18/2009 22:30,-Invalid-,-Invalid-,-Invalid-,-Invalid-,-Invalid-,-Invalid-,-Invalid-,-Invalid-,-Invalid-,-Invalid-
5/18/2009 22:40,-Invalid-,-Invalid-,-Invalid-,-Invalid-,-Invalid-,-Invalid-,-Invalid-,-Invalid-,-Invalid-,-Invalid-
5/18/2009 22:50,-Invalid-,-Invalid-,-Invalid-,-Invalid-,-Invalid-,-Invalid-,-Invalid-,-Invalid-,-Invalid-,-Invalid-
5/18/2009 23:00,-Invalid-,-Invalid-,-Invalid-,-Invalid-,-Invalid-,-Invalid-,-Invalid-,-Invalid-,-Invalid-,-Invalid-
5/18/2009 23:10,-Invalid-,-Invalid-,-Invalid-,-Invalid-,-Invalid-,-Invalid-,-Invalid-,-Invalid-,-Invalid-,-Invalid-
5/18/2009 23:20,-Invalid-,-Invalid-,-Invalid-,-Invalid-,-Invalid-,-Invalid-,-Invalid-,-Invalid-,-Invalid-,-Invalid-
5/18/2009 23:30,-Invalid-,-Invalid-,-Invalid-,-Invalid-,-Invalid-,-Invalid-,-Invalid-,-Invalid-,-Invalid-,-Invalid-
5/18/2009 23:40,-Invalid-,-Invalid-,-Invalid-,-Invalid-,-Invalid-,-Invalid-,-Invalid-,-Invalid-,-Invalid-,-Invalid-
5/18/2009 23:50,-Invalid-,-Invalid-,-Invalid-,-Invalid-,-Invalid-,-Invalid-,-Invalid-,-Invalid-,-Invalid-,-Invalid-
5/19/2009 0:00,-Invalid-,-Invalid-,-Invalid-,-Invalid-,-Invalid-,-Invalid-,-Invalid-,-Invalid-,-Invalid-,-Invalid-
5/19/2009 0:10,-Invalid-,-Invalid-,-Invalid-,-Invalid-,-Invalid-,-Invalid-,-Invalid-,-Invalid-,-Invalid-,-Invalid-
5/19/2009 0:20,-Invalid-,-Invalid-,-Invalid-,-Invalid-,-Invalid-,-Invalid-,-Invalid-,-Invalid-,-Invalid-,-Invalid-
5/19/2009 0:30,-Invalid-,-Invalid-,-Invalid-,-Invalid-,-Invalid-,-Invalid-,-Invalid-,-Invalid-,-Invalid-,-Invalid-
5/19/2009 0:40,-Invalid-,-Invalid-,-Invalid-,-Invalid-,-Invalid-,-Invalid-,-Invalid-,-Invalid-,-Invalid-,-Invalid-
5/19/2009 0:50,-Invalid-,-Invalid-,-Invalid-,-Invalid-,-Invalid-,-Invalid-,-Invalid-,-Invalid-,-Invalid-,-Invalid-
5/19/2009 1:00,-Invalid-,-Invalid-,-Invalid-,-Invalid-,-Invalid-,-Invalid-,-Invalid-,-Invalid-,-Invalid-,-Invalid-
5/19/2009 1:10,-Invalid-,-Invalid-,-Invalid-,-Invalid-,-Invalid-,-Invalid-,-Invalid-,-Invalid-,-Invalid-,-Invalid-
5/19/2009 1:20,-Invalid-,-Invalid-,-Invalid-,-Invalid-,-Invalid-,-Invalid-,-Invalid-,-Invalid-,-Invalid-,-Invalid-
5/19/2009 1:30,-Invalid-,-Invalid-,-Invalid-,-Invalid-,-Invalid-,-Invalid-,-Invalid-,-Invalid-,-Invalid-,-Invalid-
5/19/2009 1:40,-Invalid-,-Invalid-,-Invalid-,-Invalid-,-Invalid-,-Invalid-,-Invalid-,-Invalid-,-Invalid-,-Invalid-
5/19/2009 1:50,-Invalid-,-Invalid-,-Invalid-,-Invalid-,-Invalid-,-Invalid-,-Invalid-,-Invalid-,-Invalid-,-Invalid-
5/19/2009 2:00,-Invalid-,-Invalid-,-Invalid-,-Invalid-,-Invalid-,-Invalid-,-Invalid-,-Invalid-,-Invalid-,-Invalid-
5/19/2009 2:10,-Invalid-,-Invalid-,-Invalid-,-Invalid-,-Invalid-,-Invalid-,-Invalid-,-Invalid-,-Invalid-,-Invalid-
5/19/2009 2:20,-Invalid-,-Invalid-,-Invalid-,-Invalid-,-Invalid-,-Invalid-,-Invalid-,-Invalid-,-Invalid-,-Invalid-
5/19/2009 2:30,-Invalid-,-Invalid-,-Invalid-,-Invalid-,-Invalid-,-Invalid-,-Invalid-,-Invalid-,-Invalid-,-Invalid-
5/19/2009 2:40,-Invalid-,-Invalid-,-Invalid-,-Invalid-,-Invalid-,-Invalid-,-Invalid-,-Invalid-,-Invalid-,-Invalid-
5/19/2009 2:50,-Invalid-,-Invalid-,-Invalid-,-Invalid-,-Invalid-,-Invalid-,-Invalid-,-Invalid-,-Invalid-,-Invalid-
5/19/2009 3:00,-Invalid-,-Invalid-,-Invalid-,-Invalid-,-Invalid-,-Invalid-,-Invalid-,-Invalid-,-Invalid-,-Invalid-
5/19/2009 3:10,-Invalid-,-Invalid-,-Invalid-,-Invalid-,-Invalid-,-Invalid-,-Invalid-,-Invalid-,-Invalid-,-Invalid-
5/19/2009 3:20,-Invalid-,-Invalid-,-Invalid-,-Invalid-,-Invalid-,-Invalid-,-Invalid-,-Invalid-,-Invalid-,-Invalid-
5/19/2009 3:30,-Invalid-,-Invalid-,-Invalid-,-Invalid-,-Invalid-,-Invalid-,-Invalid-,-Invalid-,-Invalid-,-Invalid-
5/19/2009 3:40,-Invalid-,-Invalid-,-Invalid-,-Invalid-,-Invalid-,-Invalid-,-Invalid-,-Invalid-,-Invalid-,-Invalid-
5/19/2009 3:50,-Invalid-,-Invalid-,-Invalid-,-Invalid-,-Invalid-,-Invalid-,-Invalid-,-Invalid-,-Invalid-,-Invalid-
5/19/2009 4:00,-Invalid-,-Invalid-,-Invalid-,-Invalid-,-Invalid-,-Invalid-,-Invalid-,-Invalid-,-Invalid-,-Invalid-
5/19/2009 4:10,-Invalid-,-Invalid-,-Invalid-,-Invalid-,-Invalid-,-Invalid-,-Invalid-,-Invalid-,-Invalid-,-Invalid-
5/19/2009 4:20,-Invalid-,-Invalid-,-Invalid-,-Invalid-,-Invalid-,-Invalid-,-Invalid-,-Invalid-,-Invalid-,-Invalid-
5/19/2009 4:30,-Invalid-,-Invalid-,-Invalid-,-Invalid-,-Invalid-,-Invalid-,-Invalid-,-Invalid-,-Invalid-,-Invalid-
5/19/2009 4:40,-Invalid-,-Invalid-,-Invalid-,-Invalid-,-Invalid-,-Invalid-,-Invalid-,-Invalid-,-Invalid-,-Invalid-
5/19/2009 4:50,-Invalid-,-Invalid-,-Invalid-,-Invalid-,-Invalid-,-Invalid-,-Invalid-,-Invalid-,-Invalid-,-Invalid-
5/19/2009 5:00,-Invalid-,-Invalid-,-Invalid-,-Invalid-,-Invalid-,-Invalid-,-Invalid-,-Invalid-,-Invalid-,-Invalid-
5/19/2009 5:10,-Invalid-,-Invalid-,-Invalid-,-Invalid-,-Invalid-,-Invalid-,-Invalid-,-Invalid-,-Invalid-,-Invalid-
5/19/2009 5:20,-Invalid-,-Invalid-,-Invalid-,-Invalid-,-Invalid-,-Invalid-,-Invalid-,-Invalid-,-Invalid-,-Invalid-
5/19/2009 5:30,-Invalid-,-Invalid-,-Invalid-,-Invalid-,-Invalid-,-Invalid-,-Invalid-,-Invalid-,-Invalid-,-Invalid-
5/19/2009 5:40,-Invalid-,-Invalid-,-Invalid-,-Invalid-,-Invalid-,-Invalid-,-Invalid-,-Invalid-,-Invalid-,-Invalid-
5/19/2009 5:50,-Invalid-,-Invalid-,-Invalid-,-Invalid-,-Invalid-,-Invalid-,-Invalid-,-Invalid-,-Invalid-,-Invalid-
5/19/2009 6:00,-Invalid-,-Invalid-,-Invalid-,-Invalid-,-Invalid-,-Invalid-,-Invalid-,-Invalid-,-Invalid-,-Invalid-
5/19/2009 6:10,-Invalid-,-Invalid-,-Invalid-,-Invalid-,-Invalid-,-Invalid-,-Invalid-,-Invalid-,-Invalid-,-Invalid-
5/19/2009 6:20,-Invalid-,-Invalid-,-Invalid-,-Invalid-,-Invalid-,-Invalid-,-Invalid-,-Invalid-,-Invalid-,-Invalid-
5/19/2009 6:30,-Invalid-,-Invalid-,-Invalid-,-Invalid-,-Invalid-,-Invalid-,-Invalid-,-Invalid-,-Invalid-,-Invalid-
5/19/2009 6:40,-Invalid-,-Invalid-,-Invalid-,-Invalid-,-Invalid-,-Invalid-,-Invalid-,-Invalid-,-Invalid-,-Invalid-
5/19/2009 6:50,-Invalid-,-Invalid-,-Invalid-,-Invalid-,-Invalid-,-Invalid-,-Invalid-,-Invalid-,-Invalid-,-Invalid-
5/19/2009 7:00,-Invalid-,-Invalid-,-Invalid-,-Invalid-,-Invalid-,-Invalid-,-Invalid-,-Invalid-,-Invalid-,-Invalid-
5/19/2009 7:10,-Invalid-,-Invalid-,-Invalid-,-Invalid-,-Invalid-,-Invalid-,-Invalid-,-Invalid-,-Invalid-,-Invalid-
5/19/2009 7:20,-Invalid-,-Invalid-,-Invalid-,-Invalid-,-Invalid-,-Invalid-,-Invalid-,-Invalid-,-Invalid-,-Invalid-
5/19/2009 7:30,-Invalid-,-Invalid-,-Invalid-,-Invalid-,-Invalid-,-Invalid-,-Invalid-,-Invalid-,-Invalid-,-Invalid-
5/19/2009 7:40,-Invalid-,-Invalid-,-Invalid-,-Invalid-,-Invalid-,-Invalid-,-Invalid-,-Invalid-,-Invalid-,-Invalid-
5/19/2009 7:50,-Invalid-,-Invalid-,-Invalid-,-Invalid-,-Invalid-,-Invalid-,-Invalid-,-Invalid-,-Invalid-,-Invalid-
5/19/2009 8:00,-Invalid-,-Invalid-,-Invalid-,-Invalid-,-Invalid-,-Invalid-,-Invalid-,-Invalid-,-Invalid-,-Invalid-
5/19/2009 8:10,-Invalid-,-Invalid-,-Invalid-,-Invalid-,-Invalid-,-Invalid-,-Invalid-,-Invalid-,-Invalid-,-Invalid-
5/19/2009 8:20,-Invalid-,-Invalid-,-Invalid-,-Invalid-,-Invalid-,-Invalid-,-Invalid-,-Invalid-,-Invalid-,-Invalid-
5/19/2009 8:30,-Invalid-,-Invalid-,-Invalid-,-Invalid-,-Invalid-,-Invalid-,-Invalid-,-Invalid-,-Invalid-,-Invalid-
5/19/2009 8:40,-Invalid-,-Invalid-,-Invalid-,-Invalid-,-Invalid-,-Invalid-,-Invalid-,-Invalid-,-Invalid-,-Invalid-
5/19/2009 8:50,-Invalid-,-Invalid-,-Invalid-,-Invalid-,-Invalid-,-Invalid-,-Invalid-,-Invalid-,-Invalid-,-Invalid-
5/19/2009 9:00,-Invalid-,-Invalid-,-Invalid-,-Invalid-,-Invalid-,-Invalid-,-Invalid-,-Invalid-,-Invalid-,-Invalid-
5/19/2009 9:10,-Invalid-,-Invalid-,-Invalid-,-Invalid-,-Invalid-,-Invalid-,-Invalid-,-Invalid-,-Invalid-,-Invalid-
5/19/2009 9:20,-Invalid-,-Invalid-,-Invalid-,-Invalid-,-Invalid-,-Invalid-,-Invalid-,-Invalid-,-Invalid-,-Invalid-
5/19/2009 9:30,-Invalid-,-Invalid-,-Invalid-,-Invalid-,-Invalid-,-Invalid-,-Invalid-,-Invalid-,-Invalid-,-Invalid-
5/19/2009 9:40,-Invalid-,-Invalid-,-Invalid-,-Invalid-,-Invalid-,-Invalid-,-Invalid-,-Invalid-,-Invalid-,-Invalid-
5/19/2009 9:50,-Invalid-,-Invalid-,-Invalid-,-Invalid-,-Invalid-,-Invalid-,-Invalid-,-Invalid-,-Invalid-,-Invalid-
5/19/2009 10:00,-Invalid-,-Invalid-,-Invalid-,-Invalid-,-Invalid-,-Invalid-,-Invalid-,-Invalid-,-Invalid-,-Invalid-
5/19/2009 10:10,-Invalid-,-Invalid-,-Invalid-,-Invalid-,-Invalid-,-Invalid-,-Invalid-,-Invalid-,-Invalid-,-Invalid-
5/19/2009 10:20,-Invalid-,-Invalid-,-Invalid-,-Invalid-,-Invalid-,-Invalid-,-Invalid-,-Invalid-,-Invalid-,-Invalid-
5/19/2009 10:30,-Invalid-,-Invalid-,-Invalid-,-Invalid-,-Invalid-,-Invalid-,-Invalid-,-Invalid-,-Invalid-,-Invalid-
5/19/2009 10:40,-Invalid-,-Invalid-,-Invalid-,-Invalid-,-Invalid-,-Invalid-,-Invalid-,-Invalid-,-Invalid-,-Invalid-
5/19/2009 10:50,-Invalid-,-Invalid-,-Invalid-,-Invalid-,-Invalid-,-Invalid-,-Invalid-,-Invalid-,-Invalid-,-Invalid-
5/19/2009 11:00,-Invalid-,-Invalid-,-Invalid-,-Invalid-,-Invalid-,-Invalid-,-Invalid-,-Invalid-,-Invalid-,-Invalid-
5/19/2009 11:10,-Invalid-,-Invalid-,-Invalid-,-Invalid-,-Invalid-,-Invalid-,-Invalid-,-Invalid-,-Invalid-,-Invalid-
5/19/2009 11:20,-Invalid-,-Invalid-,-Invalid-,-Invalid-,-Invalid-,-Invalid-,-Invalid-,-Invalid-,-Invalid-,-Invalid-
5/19/2009 11:30,-Invalid-,-Invalid-,-Invalid-,-Invalid-,-Invalid-,-Invalid-,-Invalid-,-Invalid-,-Invalid-,-Invalid-
5/19/2009 11:40,-Invalid-,-Invalid-,-Invalid-,-Invalid-,-Invalid-,-Invalid-,-Invalid-,-Invalid-,-Invalid-,-Invalid-
5/19/2009 11:50,-Invalid-,-Invalid-,-Invalid-,-Invalid-,-Invalid-,-Invalid-,-Invalid-,-Invalid-,-Invalid-,-Invalid-
5/19/2009 12:00,-Invalid-,-Invalid-,-Invalid-,-Invalid-,-Invalid-,-Invalid-,-Invalid-,-Invalid-,-Invalid-,-Invalid-
5/19/2009 12:10,-Invalid-,-Invalid-,-Invalid-,-Invalid-,-Invalid-,-Invalid-,-Invalid-,-Invalid-,-Invalid-,-Invalid-
5/19/2009 12:20,-Invalid-,-Invalid-,-Invalid-,-Invalid-,-Invalid-,-Invalid-,-Invalid-,-Invalid-,-Invalid-,-Invalid-
5/19/2009 12:30,-Invalid-,-Invalid-,-Invalid-,-Invalid-,-Invalid-,-Invalid-,-Invalid-,-Invalid-,-Invalid-,-Invalid-
5/19/2009 12:40,-Invalid-,-Invalid-,-Invalid-,-Invalid-,-Invalid-,-Invalid-,-Invalid-,-Invalid-,-Invalid-,-Invalid-
5/19/2009 12:50,-Invalid-,-Invalid-,-Invalid-,-Invalid-,-Invalid-,-Invalid-,-Invalid-,-Invalid-,-Invalid-,-Invalid-
5/19/2009 13:00,-Invalid-,-Invalid-,-Invalid-,-Invalid-,-Invalid-,-Invalid-,-Invalid-,-Invalid-,-Invalid-,-Invalid-
5/19/2009 13:10,-Invalid-,-Invalid-,-Invalid-,-Invalid-,-Invalid-,-Invalid-,-Invalid-,-Invalid-,-Invalid-,-Invalid-
5/19/2009 13:20,-Invalid-,-Invalid-,-Invalid-,-Invalid-,-Invalid-,-Invalid-,-Invalid-,-Invalid-,-Invalid-,-Invalid-
5/19/2009 13:30,-Invalid-,-Invalid-,-Invalid-,-Invalid-,-Invalid-,-Invalid-,-Invalid-,-Invalid-,-Invalid-,-Invalid-
5/19/2009 13:40,-Invalid-,-Invalid-,-Invalid-,-Invalid-,-Invalid-,-Invalid-,-Invalid-,-Invalid-,-Invalid-,-Invalid-
5/19/2009 13:50,-Invalid-,-Invalid-,-Invalid-,-Invalid-,-Invalid-,-Invalid-,-Invalid-,-Invalid-,-Invalid-,-Invalid-
5/19/2009 14:00,-Invalid-,-Invalid-,-Invalid-,-Invalid-,-Invalid-,-Invalid-,-Invalid-,-Invalid-,-Invalid-,-Invalid-
5/19/2009 14:10,-Invalid-,-Invalid-,-Invalid-,-Invalid-,-Invalid-,-Invalid-,-Invalid-,-Invalid-,-Invalid-,-Invalid-
5/19/2009 14:20,-Invalid-,-Invalid-,-Invalid-,-Invalid-,-Invalid-,-Invalid-,-Invalid-,-Invalid-,-Invalid-,-Invalid-
5/19/2009 14:30,-Invalid-,-Invalid-,-Invalid-,-Invalid-,-Invalid-,-Invalid-,-Invalid-,-Invalid-,-Invalid-,-Invalid-
5/19/2009 14:40,-Invalid-,-Invalid-,-Invalid-,-Invalid-,-Invalid-,-Invalid-,-Invalid-,-Invalid-,-Invalid-,-Invalid-
5/19/2009 14:50,-Invalid-,-Invalid-,-Invalid-,-Invalid-,-Invalid-,-Invalid-,-Invalid-,-Invalid-,-Invalid-,-Invalid-
5/19/2009 15:00,-Invalid-,-Invalid-,-Invalid-,-Invalid-,-Invalid-,-Invalid-,-Invalid-,-Invalid-,-Invalid-,-Invalid-
5/19/2009 15:10,-Invalid-,-Invalid-,-Invalid-,-Invalid-,-Invalid-,-Invalid-,-Invalid-,-Invalid-,-Invalid-,-Invalid-
5/19/2009 15:20,-Invalid-,-Invalid-,-Invalid-,-Invalid-,-Invalid-,-Invalid-,-Invalid-,-Invalid-,-Invalid-,-Invalid-
5/19/2009 15:30,-Invalid-,-Invalid-,-Invalid-,-Invalid-,-Invalid-,-Invalid-,-Invalid-,-Invalid-,-Invalid-,-Invalid-
5/19/2009 15:40,-Invalid-,-Invalid-,-Invalid-,-Invalid-,-Invalid-,-Invalid-,-Invalid-,-Invalid-,-Invalid-,-Invalid-
5/19/2009 15:50,-Invalid-,-Invalid-,-Invalid-,-Invalid-,-Invalid-,-Invalid-,-Invalid-,-Invalid-,-Invalid-,-Invalid-
5/19/2009 16:00,-Invalid-,-Invalid-,-Invalid-,-Invalid-,-Invalid-,-Invalid-,-Invalid-,-Invalid-,-Invalid-,-Invalid-
5/19/2009 16:10,-Invalid-,-Invalid-,-Invalid-,-Invalid-,-Invalid-,-Invalid-,-Invalid-,-Invalid-,-Invalid-,-Invalid-
5/19/2009 16:20,-Invalid-,-Invalid-,-Invalid-,-Invalid-,-Invalid-,-Invalid-,-Invalid-,-Invalid-,-Invalid-,-Invalid-
5/19/2009 16:30,-Invalid-,-Invalid-,-Invalid-,-Invalid-,-Invalid-,-Invalid-,-Invalid-,-Invalid-,-Invalid-,-Invalid-
5/19/2009 16:40,-Invalid-,-Invalid-,-Invalid-,-Invalid-,-Invalid-,-Invalid-,-Invalid-,-Invalid-,-Invalid-,-Invalid-
5/19/2009 16:50,-Invalid-,-Invalid-,-Invalid-,-Invalid-,-Invalid-,-Invalid-,-Invalid-,-Invalid-,-Invalid-,-Invalid-
5/19/2009 17:00,-Invalid-,-Invalid-,-Invalid-,-Invalid-,-Invalid-,-Invalid-,-Invalid-,-Invalid-,-Invalid-,-Invalid-
5/19/2009 17:10,-Invalid-,-Invalid-,-Invalid-,-Invalid-,-Invalid-,-Invalid-,-Invalid-,-Invalid-,-Invalid-,-Invalid-
5/19/2009 17:20,-Invalid-,-Invalid-,-Invalid-,-Invalid-,-Invalid-,-Invalid-,-Invalid-,-Invalid-,-Invalid-,-Invalid-
5/19/2009 17:30,-Invalid-,-Invalid-,-Invalid-,-Invalid-,-Invalid-,-Invalid-,-Invalid-,-Invalid-,-Invalid-,-Invalid-
5/19/2009 17:40,-Invalid-,-Invalid-,-Invalid-,-Invalid-,-Invalid-,-Invalid-,-Invalid-,-Invalid-,-Invalid-,-Invalid-
5/19/2009 17:50,-Invalid-,-Invalid-,-Invalid-,-Invalid-,-Invalid-,-Invalid-,-Invalid-,-Invalid-,-Invalid-,-Invalid-
5/19/2009 18:00,-Invalid-,-Invalid-,-Invalid-,-Invalid-,-Invalid-,-Invalid-,-Invalid-,-Invalid-,-Invalid-,-Invalid-
5/19/2009 18:10,-Invalid-,-Invalid-,-Invalid-,-Invalid-,-Invalid-,-Invalid-,-Invalid-,-Invalid-,-Invalid-,-Invalid-
5/19/2009 18:20,-Invalid-,-Invalid-,-Invalid-,-Invalid-,-Invalid-,-Invalid-,-Invalid-,-Invalid-,-Invalid-,-Invalid-
5/19/2009 18:30,-Invalid-,-Invalid-,-Invalid-,-Invalid-,-Invalid-,-Invalid-,-Invalid-,-Invalid-,-Invalid-,-Invalid-
5/19/2009 18:40,-Invalid-,-Invalid-,-Invalid-,-Invalid-,-Invalid-,-Invalid-,-Invalid-,-Invalid-,-Invalid-,-Invalid-
5/19/2009 18:50,-Invalid-,-Invalid-,-Invalid-,-Invalid-,-Invalid-,-Invalid-,-Invalid-,-Invalid-,-Invalid-,-Invalid-
5/19/2009 19:00,-Invalid-,-Invalid-,-Invalid-,-Invalid-,-Invalid-,-Invalid-,-Invalid-,-Invalid-,-Invalid-,-Invalid-
5/19/2009 19:10,-Invalid-,-Invalid-,-Invalid-,-Invalid-,-Invalid-,-Invalid-,-Invalid-,-Invalid-,-Invalid-,-Invalid-
5/19/2009 19:20,-Invalid-,-Invalid-,-Invalid-,-Invalid-,-Invalid-,-Invalid-,-Invalid-,-Invalid-,-Invalid-,-Invalid-
5/19/2009 19:30,-Invalid-,-Invalid-,-Invalid-,-Invalid-,-Invalid-,-Invalid-,-Invalid-,-Invalid-,-Invalid-,-Invalid-
5/19/2009 19:40,-Invalid-,-Invalid-,-Invalid-,-Invalid-,-Invalid-,-Invalid-,-Invalid-,-Invalid-,-Invalid-,-Invalid-
5/19/2009 19:50,-Invalid-,-Invalid-,-Invalid-,-Invalid-,-Invalid-,-Invalid-,-Invalid-,-Invalid-,-Invalid-,-Invalid-
5/19/2009 20:00,-Invalid-,-Invalid-,-Invalid-,-Invalid-,-Invalid-,-Invalid-,-Invalid-,-Invalid-,-Invalid-,-Invalid-
5/19/2009 20:10,-Invalid-,-Invalid-,-Invalid-,-Invalid-,-Invalid-,-Invalid-,-Invalid-,-Invalid-,-Invalid-,-Invalid-
5/19/2009 20:20,-Invalid-,-Invalid-,-Invalid-,-Invalid-,-Invalid-,-Invalid-,-Invalid-,-Invalid-,-Invalid-,-Invalid-
5/19/2009 20:30,-Invalid-,-Invalid-,-Invalid-,-Invalid-,-Invalid-,-Invalid-,-Invalid-,-Invalid-,-Invalid-,-Invalid-
5/19/2009 20:40,-Invalid-,-Invalid-,-Invalid-,-Invalid-,-Invalid-,-Invalid-,-Invalid-,-Invalid-,-Invalid-,-Invalid-
5/19/2009 20:50,-Invalid-,-Invalid-,-Invalid-,-Invalid-,-Invalid-,-Invalid-,-Invalid-,-Invalid-,-Invalid-,-Invalid-
5/19/2009 21:00,-Invalid-,-Invalid-,-Invalid-,-Invalid-,-Invalid-,-Invalid-,-Invalid-,-Invalid-,-Invalid-,-Invalid-
5/19/2009 21:10,-Invalid-,-Invalid-,-Invalid-,-Invalid-,-Invalid-,-Invalid-,-Invalid-,-Invalid-,-Invalid-,-Invalid-
5/19/2009 21:20,-Invalid-,-Invalid-,-Invalid-,-Invalid-,-Invalid-,-Invalid-,-Invalid-,-Invalid-,-Invalid-,-Invalid-
5/19/2009 21:30,-Invalid-,-Invalid-,-Invalid-,-Invalid-,-Invalid-,-Invalid-,-Invalid-,-Invalid-,-Invalid-,-Invalid-
5/19/2009 21:40,-Invalid-,-Invalid-,-Invalid-,-Invalid-,-Invalid-,-Invalid-,-Invalid-,-Invalid-,-Invalid-,-Invalid-
5/19/2009 21:50,-Invalid-,-Invalid-,-Invalid-,-Invalid-,-Invalid-,-Invalid-,-Invalid-,-Invalid-,-Invalid-,-Invalid-
5/19/2009 22:00,-Invalid-,-Invalid-,-Invalid-,-Invalid-,-Invalid-,-Invalid-,-Invalid-,-Invalid-,-Invalid-,-Invalid-
5/19/2009 22:10,-Invalid-,-Invalid-,-Invalid-,-Invalid-,-Invalid-,-Invalid-,-Invalid-,-Invalid-,-Invalid-,-Invalid-
5/19/2009 22:20,-Invalid-,-Invalid-,-Invalid-,-Invalid-,-Invalid-,-Invalid-,-Invalid-,-Invalid-,-Invalid-,-Invalid-
5/19/2009 22:30,-Invalid-,-Invalid-,-Invalid-,-Invalid-,-Invalid-,-Invalid-,-Invalid-,-Invalid-,-Invalid-,-Invalid-
5/19/2009 22:40,-Invalid-,-Invalid-,-Invalid-,-Invalid-,-Invalid-,-Invalid-,-Invalid-,-Invalid-,-Invalid-,-Invalid-
5/19/2009 22:50,-Invalid-,-Invalid-,-Invalid-,-Invalid-,-Invalid-,-Invalid-,-Invalid-,-Invalid-,-Invalid-,-Invalid-
5/19/2009 23:00,-Invalid-,-Invalid-,-Invalid-,-Invalid-,-Invalid-,-Invalid-,-Invalid-,-Invalid-,-Invalid-,-Invalid-
5/19/2009 23:10,-Invalid-,-Invalid-,-Invalid-,-Invalid-,-Invalid-,-Invalid-,-Invalid-,-Invalid-,-Invalid-,-Invalid-
5/19/2009 23:20,-Invalid-,-Invalid-,-Invalid-,-Invalid-,-Invalid-,-Invalid-,-Invalid-,-Invalid-,-Invalid-,-Invalid-
5/19/2009 23:30,-Invalid-,-Invalid-,-Invalid-,-Invalid-,-Invalid-,-Invalid-,-Invalid-,-Invalid-,-Invalid-,-Invalid-
5/19/2009 23:40,-Invalid-,-Invalid-,-Invalid-,-Invalid-,-Invalid-,-Invalid-,-Invalid-,-Invalid-,-Invalid-,-Invalid-
5/19/2009 23:50,-Invalid-,-Invalid-,-Invalid-,-Invalid-,-Invalid-,-Invalid-,-Invalid-,-Invalid-,-Invalid-,-Invalid-
5/20/2009 0:00,-Invalid-,-Invalid-,-Invalid-,-Invalid-,-Invalid-,-Invalid-,-Invalid-,-Invalid-,-Invalid-,-Invalid-
5/20/2009 0:10,-Invalid-,-Invalid-,-Invalid-,-Invalid-,-Invalid-,-Invalid-,-Invalid-,-Invalid-,-Invalid-,-Invalid-
5/20/2009 0:20,-Invalid-,-Invalid-,-Invalid-,-Invalid-,-Invalid-,-Invalid-,-Invalid-,-Invalid-,-Invalid-,-Invalid-
5/20/2009 0:30,-Invalid-,-Invalid-,-Invalid-,-Invalid-,-Invalid-,-Invalid-,-Invalid-,-Invalid-,-Invalid-,-Invalid-
5/20/2009 0:40,-Invalid-,-Invalid-,-Invalid-,-Invalid-,-Invalid-,-Invalid-,-Invalid-,-Invalid-,-Invalid-,-Invalid-
5/20/2009 0:50,-Invalid-,-Invalid-,-Invalid-,-Invalid-,-Invalid-,-Invalid-,-Invalid-,-Invalid-,-Invalid-,-Invalid-
5/20/2009 1:00,-Invalid-,-Invalid-,-Invalid-,-Invalid-,-Invalid-,-Invalid-,-Invalid-,-Invalid-,-Invalid-,-Invalid-
5/20/2009 1:10,-Invalid-,-Invalid-,-Invalid-,-Invalid-,-Invalid-,-Invalid-,-Invalid-,-Invalid-,-Invalid-,-Invalid-
5/20/2009 1:20,-Invalid-,-Invalid-,-Invalid-,-Invalid-,-Invalid-,-Invalid-,-Invalid-,-Invalid-,-Invalid-,-Invalid-
5/20/2009 1:30,-Invalid-,-Invalid-,-Invalid-,-Invalid-,-Invalid-,-Invalid-,-Invalid-,-Invalid-,-Invalid-,-Invalid-
5/20/2009 1:40,-Invalid-,-Invalid-,-Invalid-,-Invalid-,-Invalid-,-Invalid-,-Invalid-,-Invalid-,-Invalid-,-Invalid-
5/20/2009 1:50,-Invalid-,-Invalid-,-Invalid-,-Invalid-,-Invalid-,-Invalid-,-Invalid-,-Invalid-,-Invalid-,-Invalid-
5/20/2009 2:00,-Invalid-,-Invalid-,-Invalid-,-Invalid-,-Invalid-,-Invalid-,-Invalid-,-Invalid-,-Invalid-,-Invalid-
5/20/2009 2:10,-Invalid-,-Invalid-,-Invalid-,-Invalid-,-Invalid-,-Invalid-,-Invalid-,-Invalid-,-Invalid-,-Invalid-
5/20/2009 2:20,-Invalid-,-Invalid-,-Invalid-,-Invalid-,-Invalid-,-Invalid-,-Invalid-,-Invalid-,-Invalid-,-Invalid-
5/20/2009 2:30,-Invalid-,-Invalid-,-Invalid-,-Invalid-,-Invalid-,-Invalid-,-Invalid-,-Invalid-,-Invalid-,-Invalid-
5/20/2009 2:40,-Invalid-,-Invalid-,-Invalid-,-Invalid-,-Invalid-,-Invalid-,-Invalid-,-Invalid-,-Invalid-,-Invalid-
5/20/2009 2:50,-Invalid-,-Invalid-,-Invalid-,-Invalid-,-Invalid-,-Invalid-,-Invalid-,-Invalid-,-Invalid-,-Invalid-
5/20/2009 3:00,-Invalid-,-Invalid-,-Invalid-,-Invalid-,-Invalid-,-Invalid-,-Invalid-,-Invalid-,-Invalid-,-Invalid-
5/20/2009 3:10,-Invalid-,-Invalid-,-Invalid-,-Invalid-,-Invalid-,-Invalid-,-Invalid-,-Invalid-,-Invalid-,-Invalid-
5/20/2009 3:20,-Invalid-,-Invalid-,-Invalid-,-Invalid-,-Invalid-,-Invalid-,-Invalid-,-Invalid-,-Invalid-,-Invalid-
5/20/2009 3:30,-Invalid-,-Invalid-,-Invalid-,-Invalid-,-Invalid-,-Invalid-,-Invalid-,-Invalid-,-Invalid-,-Invalid-
5/20/2009 3:40,-Invalid-,-Invalid-,-Invalid-,-Invalid-,-Invalid-,-Invalid-,-Invalid-,-Invalid-,-Invalid-,-Invalid-
5/20/2009 3:50,-Invalid-,-Invalid-,-Invalid-,-Invalid-,-Invalid-,-Invalid-,-Invalid-,-Invalid-,-Invalid-,-Invalid-
5/20/2009 4:00,-Invalid-,-Invalid-,-Invalid-,-Invalid-,-Invalid-,-Invalid-,-Invalid-,-Invalid-,-Invalid-,-Invalid-
5/20/2009 4:10,-Invalid-,-Invalid-,-Invalid-,-Invalid-,-Invalid-,-Invalid-,-Invalid-,-Invalid-,-Invalid-,-Invalid-
5/20/2009 4:20,-Invalid-,-Invalid-,-Invalid-,-Invalid-,-Invalid-,-Invalid-,-Invalid-,-Invalid-,-Invalid-,-Invalid-
5/20/2009 4:30,-Invalid-,-Invalid-,-Invalid-,-Invalid-,-Invalid-,-Invalid-,-Invalid-,-Invalid-,-Invalid-,-Invalid-
5/20/2009 4:40,-Invalid-,-Invalid-,-Invalid-,-Invalid-,-Invalid-,-Invalid-,-Invalid-,-Invalid-,-Invalid-,-Invalid-
5/20/2009 4:50,-Invalid-,-Invalid-,-Invalid-,-Invalid-,-Invalid-,-Invalid-,-Invalid-,-Invalid-,-Invalid-,-Invalid-
5/20/2009 5:00,-Invalid-,-Invalid-,-Invalid-,-Invalid-,-Invalid-,-Invalid-,-Invalid-,-Invalid-,-Invalid-,-Invalid-
5/20/2009 5:10,-Invalid-,-Invalid-,-Invalid-,-Invalid-,-Invalid-,-Invalid-,-Invalid-,-Invalid-,-Invalid-,-Invalid-
5/20/2009 5:20,-Invalid-,-Invalid-,-Invalid-,-Invalid-,-Invalid-,-Invalid-,-Invalid-,-Invalid-,-Invalid-,-Invalid-
5/20/2009 5:30,-Invalid-,-Invalid-,-Invalid-,-Invalid-,-Invalid-,-Invalid-,-Invalid-,-Invalid-,-Invalid-,-Invalid-
5/20/2009 5:40,-Invalid-,-Invalid-,-Invalid-,-Invalid-,-Invalid-,-Invalid-,-Invalid-,-Invalid-,-Invalid-,-Invalid-
5/20/2009 5:50,-Invalid-,-Invalid-,-Invalid-,-Invalid-,-Invalid-,-Invalid-,-Invalid-,-Invalid-,-Invalid-,-Invalid-
5/20/2009 6:00,-Invalid-,-Invalid-,-Invalid-,-Invalid-,-Invalid-,-Invalid-,-Invalid-,-Invalid-,-Invalid-,-Invalid-
5/20/2009 6:10,-Invalid-,-Invalid-,-Invalid-,-Invalid-,-Invalid-,-Invalid-,-Invalid-,-Invalid-,-Invalid-,-Invalid-
5/20/2009 6:20,-Invalid-,-Invalid-,-Invalid-,-Invalid-,-Invalid-,-Invalid-,-Invalid-,-Invalid-,-Invalid-,-Invalid-
5/20/2009 6:30,-Invalid-,-Invalid-,-Invalid-,-Invalid-,-Invalid-,-Invalid-,-Invalid-,-Invalid-,-Invalid-,-Invalid-
5/20/2009 6:40,-Invalid-,-Invalid-,-Invalid-,-Invalid-,-Invalid-,-Invalid-,-Invalid-,-Invalid-,-Invalid-,-Invalid-
5/20/2009 6:50,-Invalid-,-Invalid-,-Invalid-,-Invalid-,-Invalid-,-Invalid-,-Invalid-,-Invalid-,-Invalid-,-Invalid-
5/20/2009 7:00,-Invalid-,-Invalid-,-Invalid-,-Invalid-,-Invalid-,-Invalid-,-Invalid-,-Invalid-,-Invalid-,-Invalid-
5/20/2009 7:10,-Invalid-,-Invalid-,-Invalid-,-Invalid-,-Invalid-,-Invalid-,-Invalid-,-Invalid-,-Invalid-,-Invalid-
5/20/2009 7:20,-Invalid-,-Invalid-,-Invalid-,-Invalid-,-Invalid-,-Invalid-,-Invalid-,-Invalid-,-Invalid-,-Invalid-
5/20/2009 7:30,-Invalid-,-Invalid-,-Invalid-,-Invalid-,-Invalid-,-Invalid-,-Invalid-,-Invalid-,-Invalid-,-Invalid-
5/20/2009 7:40,-Invalid-,-Invalid-,-Invalid-,-Invalid-,-Invalid-,-Invalid-,-Invalid-,-Invalid-,-Invalid-,-Invalid-
5/20/2009 7:50,-Invalid-,-Invalid-,-Invalid-,-Invalid-,-Invalid-,-Invalid-,-Invalid-,-Invalid-,-Invalid-,-Invalid-
5/20/2009 8:00,-Invalid-,-Invalid-,-Invalid-,-Invalid-,-Invalid-,-Invalid-,-Invalid-,-Invalid-,-Invalid-,-Invalid-
5/20/2009 8:10,-Invalid-,-Invalid-,-Invalid-,-Invalid-,-Invalid-,-Invalid-,-Invalid-,-Invalid-,-Invalid-,-Invalid-
5/20/2009 8:20,-Invalid-,-Invalid-,-Invalid-,-Invalid-,-Invalid-,-Invalid-,-Invalid-,-Invalid-,-Invalid-,-Invalid-
5/20/2009 8:30,-Invalid-,-Invalid-,-Invalid-,-Invalid-,-Invalid-,-Invalid-,-Invalid-,-Invalid-,-Invalid-,-Invalid-
5/20/2009 8:40,-Invalid-,-Invalid-,-Invalid-,-Invalid-,-Invalid-,-Invalid-,-Invalid-,-Invalid-,-Invalid-,-Invalid-
5/20/2009 8:50,-Invalid-,-Invalid-,-Invalid-,-Invalid-,-Invalid-,-Invalid-,-Invalid-,-Invalid-,-Invalid-,-Invalid-
5/20/2009 9:00,-Invalid-,-Invalid-,-Invalid-,-Invalid-,-Invalid-,-Invalid-,-Invalid-,-Invalid-,-Invalid-,-Invalid-
5/20/2009 9:10,-Invalid-,-Invalid-,-Invalid-,-Invalid-,-Invalid-,-Invalid-,-Invalid-,-Invalid-,-Invalid-,-Invalid-
5/20/2009 9:20,-Invalid-,-Invalid-,-Invalid-,-Invalid-,-Invalid-,-Invalid-,-Invalid-,-Invalid-,-Invalid-,-Invalid-
5/20/2009 9:30,-Invalid-,-Invalid-,-Invalid-,-Invalid-,-Invalid-,-Invalid-,-Invalid-,-Invalid-,-Invalid-,-Invalid-
5/20/2009 9:40,-Invalid-,-Invalid-,-Invalid-,-Invalid-,-Invalid-,-Invalid-,-Invalid-,-Invalid-,-Invalid-,-Invalid-
5/20/2009 9:50,-Invalid-,-Invalid-,-Invalid-,-Invalid-,-Invalid-,-Invalid-,-Invalid-,-Invalid-,-Invalid-,-Invalid-
5/20/2009 10:00,-Invalid-,-Invalid-,-Invalid-,-Invalid-,-Invalid-,-Invalid-,-Invalid-,-Invalid-,-Invalid-,-Invalid-
5/20/2009 10:10,-Invalid-,-Invalid-,-Invalid-,-Invalid-,-Invalid-,-Invalid-,-Invalid-,-Invalid-,-Invalid-,-Invalid-
5/20/2009 10:20,-Invalid-,-Invalid-,-Invalid-,-Invalid-,-Invalid-,-Invalid-,-Invalid-,-Invalid-,-Invalid-,-Invalid-
5/20/2009 10:30,-Invalid-,-Invalid-,-Invalid-,-Invalid-,-Invalid-,-Invalid-,-Invalid-,-Invalid-,-Invalid-,-Invalid-
5/20/2009 10:40,-Invalid-,-Invalid-,-Invalid-,-Invalid-,-Invalid-,-Invalid-,-Invalid-,-Invalid-,-Invalid-,-Invalid-
5/20/2009 10:50,-Invalid-,-Invalid-,-Invalid-,-Invalid-,-Invalid-,-Invalid-,-Invalid-,-Invalid-,-Invalid-,-Invalid-
5/20/2009 11:00,-Invalid-,-Invalid-,-Invalid-,-Invalid-,-Invalid-,-Invalid-,-Invalid-,-Invalid-,-Invalid-,-Invalid-
5/20/2009 11:10,-Invalid-,-Invalid-,-Invalid-,-Invalid-,-Invalid-,-Invalid-,-Invalid-,-Invalid-,-Invalid-,-Invalid-
5/20/2009 11:20,-Invalid-,-Invalid-,-Invalid-,-Invalid-,-Invalid-,-Invalid-,-Invalid-,-Invalid-,-Invalid-,-Invalid-
5/20/2009 11:30,-Invalid-,-Invalid-,-Invalid-,-Invalid-,-Invalid-,-Invalid-,-Invalid-,-Invalid-,-Invalid-,-Invalid-
5/20/2009 11:40,-Invalid-,-Invalid-,-Invalid-,-Invalid-,-Invalid-,-Invalid-,-Invalid-,-Invalid-,-Invalid-,-Invalid-
5/20/2009 11:50,-Invalid-,-Invalid-,-Invalid-,-Invalid-,-Invalid-,-Invalid-,-Invalid-,-Invalid-,-Invalid-,-Invalid-
5/20/2009 12:00,-Invalid-,-Invalid-,-Invalid-,-Invalid-,-Invalid-,-Invalid-,-Invalid-,-Invalid-,-Invalid-,-Invalid-
5/20/2009 12:10,-Invalid-,-Invalid-,-Invalid-,-Invalid-,-Invalid-,-Invalid-,-Invalid-,-Invalid-,-Invalid-,-Invalid-
5/20/2009 12:20,-Invalid-,-Invalid-,-Invalid-,-Invalid-,-Invalid-,-Invalid-,-Invalid-,-Invalid-,-Invalid-,-Invalid-
5/20/2009 12:30,-Invalid-,-Invalid-,-Invalid-,-Invalid-,-Invalid-,-Invalid-,-Invalid-,-Invalid-,-Invalid-,-Invalid-
5/20/2009 12:40,-Invalid-,-Invalid-,-Invalid-,-Invalid-,-Invalid-,-Invalid-,-Invalid-,-Invalid-,-Invalid-,-Invalid-
5/20/2009 12:50,-Invalid-,-Invalid-,-Invalid-,-Invalid-,-Invalid-,-Invalid-,-Invalid-,-Invalid-,-Invalid-,-Invalid-
5/20/2009 13:00,-Invalid-,-Invalid-,-Invalid-,-Invalid-,-Invalid-,-Invalid-,-Invalid-,-Invalid-,-Invalid-,-Invalid-
5/20/2009 13:10,-Invalid-,-Invalid-,-Invalid-,-Invalid-,-Invalid-,-Invalid-,-Invalid-,-Invalid-,-Invalid-,-Invalid-
5/20/2009 13:20,-Invalid-,-Invalid-,-Invalid-,-Invalid-,-Invalid-,-Invalid-,-Invalid-,-Invalid-,-Invalid-,-Invalid-
5/20/2009 13:30,-Invalid-,-Invalid-,-Invalid-,-Invalid-,-Invalid-,-Invalid-,-Invalid-,-Invalid-,-Invalid-,-Invalid-
5/20/2009 13:40,-Invalid-,-Invalid-,-Invalid-,-Invalid-,-Invalid-,-Invalid-,-Invalid-,-Invalid-,-Invalid-,-Invalid-
5/20/2009 13:50,-Invalid-,-Invalid-,-Invalid-,-Invalid-,-Invalid-,-Invalid-,-Invalid-,-Invalid-,-Invalid-,-Invalid-
5/20/2009 14:00,-Invalid-,-Invalid-,-Invalid-,-Invalid-,-Invalid-,-Invalid-,-Invalid-,-Invalid-,-Invalid-,-Invalid-
5/20/2009 14:10,-Invalid-,-Invalid-,-Invalid-,-Invalid-,-Invalid-,-Invalid-,-Invalid-,-Invalid-,-Invalid-,-Invalid-
5/20/2009 14:20,-Invalid-,-Invalid-,-Invalid-,-Invalid-,-Invalid-,-Invalid-,-Invalid-,-Invalid-,-Invalid-,-Invalid-
5/20/2009 14:30,-Invalid-,-Invalid-,-Invalid-,-Invalid-,-Invalid-,-Invalid-,-Invalid-,-Invalid-,-Invalid-,-Invalid-
5/20/2009 14:40,-Invalid-,-Invalid-,-Invalid-,-Invalid-,-Invalid-,-Invalid-,-Invalid-,-Invalid-,-Invalid-,-Invalid-
5/20/2009 14:50,-Invalid-,-Invalid-,-Invalid-,-Invalid-,-Invalid-,-Invalid-,-Invalid-,-Invalid-,-Invalid-,-Invalid-
5/20/2009 15:00,-Invalid-,-Invalid-,-Invalid-,-Invalid-,-Invalid-,-Invalid-,-Invalid-,-Invalid-,-Invalid-,-Invalid-
5/20/2009 15:10,-Invalid-,-Invalid-,-Invalid-,-Invalid-,-Invalid-,-Invalid-,-Invalid-,-Invalid-,-Invalid-,-Invalid-
5/20/2009 15:20,-Invalid-,-Invalid-,-Invalid-,-Invalid-,-Invalid-,-Invalid-,-Invalid-,-Invalid-,-Invalid-,-Invalid-
5/20/2009 15:30,-Invalid-,-Invalid-,-Invalid-,-Invalid-,-Invalid-,-Invalid-,-Invalid-,-Invalid-,-Invalid-,-Invalid-
5/20/2009 15:40,-Invalid-,-Invalid-,-Invalid-,-Invalid-,-Invalid-,-Invalid-,-Invalid-,-Invalid-,-Invalid-,-Invalid-
5/20/2009 15:50,-Invalid-,-Invalid-,-Invalid-,-Invalid-,-Invalid-,-Invalid-,-Invalid-,-Invalid-,-Invalid-,-Invalid-
5/20/2009 16:00,-Invalid-,-Invalid-,-Invalid-,-Invalid-,-Invalid-,-Invalid-,-Invalid-,-Invalid-,-Invalid-,-Invalid-
5/20/2009 16:10,-Invalid-,-Invalid-,-Invalid-,-Invalid-,-Invalid-,-Invalid-,-Invalid-,-Invalid-,-Invalid-,-Invalid-
5/20/2009 16:20,-Invalid-,-Invalid-,-Invalid-,-Invalid-,-Invalid-,-Invalid-,-Invalid-,-Invalid-,-Invalid-,-Invalid-
5/20/2009 16:30,-Invalid-,-Invalid-,-Invalid-,-Invalid-,-Invalid-,-Invalid-,-Invalid-,-Invalid-,-Invalid-,-Invalid-
5/20/2009 16:40,-Invalid-,-Invalid-,-Invalid-,-Invalid-,-Invalid-,-Invalid-,-Invalid-,-Invalid-,-Invalid-,-Invalid-
5/20/2009 16:50,-Invalid-,-Invalid-,-Invalid-,-Invalid-,-Invalid-,-Invalid-,-Invalid-,-Invalid-,-Invalid-,-Invalid-
5/20/2009 17:00,-Invalid-,-Invalid-,-Invalid-,-Invalid-,-Invalid-,-Invalid-,-Invalid-,-Invalid-,-Invalid-,-Invalid-
5/20/2009 17:10,-Invalid-,-Invalid-,-Invalid-,-Invalid-,-Invalid-,-Invalid-,-Invalid-,-Invalid-,-Invalid-,-Invalid-
5/20/2009 17:20,-Invalid-,-Invalid-,-Invalid-,-Invalid-,-Invalid-,-Invalid-,-Invalid-,-Invalid-,-Invalid-,-Invalid-
5/20/2009 17:30,-Invalid-,-Invalid-,-Invalid-,-Invalid-,-Invalid-,-Invalid-,-Invalid-,-Invalid-,-Invalid-,-Invalid-
5/20/2009 17:40,-Invalid-,-Invalid-,-Invalid-,-Invalid-,-Invalid-,-Invalid-,-Invalid-,-Invalid-,-Invalid-,-Invalid-
5/20/2009 17:50,-Invalid-,-Invalid-,-Invalid-,-Invalid-,-Invalid-,-Invalid-,-Invalid-,-Invalid-,-Invalid-,-Invalid-
5/20/2009 18:00,-Invalid-,-Invalid-,-Invalid-,-Invalid-,-Invalid-,-Invalid-,-Invalid-,-Invalid-,-Invalid-,-Invalid-
5/20/2009 18:10,-Invalid-,-Invalid-,-Invalid-,-Invalid-,-Invalid-,-Invalid-,-Invalid-,-Invalid-,-Invalid-,-Invalid-
5/20/2009 18:20,-Invalid-,-Invalid-,-Invalid-,-Invalid-,-Invalid-,-Invalid-,-Invalid-,-Invalid-,-Invalid-,-Invalid-
5/20/2009 18:30,-Invalid-,-Invalid-,-Invalid-,-Invalid-,-Invalid-,-Invalid-,-Invalid-,-Invalid-,-Invalid-,-Invalid-
5/20/2009 18:40,-Invalid-,-Invalid-,-Invalid-,-Invalid-,-Invalid-,-Invalid-,-Invalid-,-Invalid-,-Invalid-,-Invalid-
5/20/2009 18:50,-Invalid-,-Invalid-,-Invalid-,-Invalid-,-Invalid-,-Invalid-,-Invalid-,-Invalid-,-Invalid-,-Invalid-
5/20/2009 19:00,-Invalid-,-Invalid-,-Invalid-,-Invalid-,-Invalid-,-Invalid-,-Invalid-,-Invalid-,-Invalid-,-Invalid-
5/20/2009 19:10,-Invalid-,-Invalid-,-Invalid-,-Invalid-,-Invalid-,-Invalid-,-Invalid-,-Invalid-,-Invalid-,-Invalid-
5/20/2009 19:20,-Invalid-,-Invalid-,-Invalid-,-Invalid-,-Invalid-,-Invalid-,-Invalid-,-Invalid-,-Invalid-,-Invalid-
5/20/2009 19:30,-Invalid-,-Invalid-,-Invalid-,-Invalid-,-Invalid-,-Invalid-,-Invalid-,-Invalid-,-Invalid-,-Invalid-
5/20/2009 19:40,-Invalid-,-Invalid-,-Invalid-,-Invalid-,-Invalid-,-Invalid-,-Invalid-,-Invalid-,-Invalid-,-Invalid-
5/20/2009 19:50,-Invalid-,-Invalid-,-Invalid-,-Invalid-,-Invalid-,-Invalid-,-Invalid-,-Invalid-,-Invalid-,-Invalid-
5/20/2009 20:00,-Invalid-,-Invalid-,-Invalid-,-Invalid-,-Invalid-,-Invalid-,-Invalid-,-Invalid-,-Invalid-,-Invalid-
5/20/2009 20:10,-Invalid-,-Invalid-,-Invalid-,-Invalid-,-Invalid-,-Invalid-,-Invalid-,-Invalid-,-Invalid-,-Invalid-
5/20/2009 20:20,-Invalid-,-Invalid-,-Invalid-,-Invalid-,-Invalid-,-Invalid-,-Invalid-,-Invalid-,-Invalid-,-Invalid-
5/20/2009 20:30,-Invalid-,-Invalid-,-Invalid-,-Invalid-,-Invalid-,-Invalid-,-Invalid-,-Invalid-,-Invalid-,-Invalid-
5/20/2009 20:40,-Invalid-,-Invalid-,-Invalid-,-Invalid-,-Invalid-,-Invalid-,-Invalid-,-Invalid-,-Invalid-,-Invalid-
5/20/2009 20:50,-Invalid-,-Invalid-,-Invalid-,-Invalid-,-Invalid-,-Invalid-,-Invalid-,-Invalid-,-Invalid-,-Invalid-
5/20/2009 21:00,-Invalid-,-Invalid-,-Invalid-,-Invalid-,-Invalid-,-Invalid-,-Invalid-,-Invalid-,-Invalid-,-Invalid-
5/20/2009 21:10,-Invalid-,-Invalid-,-Invalid-,-Invalid-,-Invalid-,-Invalid-,-Invalid-,-Invalid-,-Invalid-,-Invalid-
5/20/2009 21:20,-Invalid-,-Invalid-,-Invalid-,-Invalid-,-Invalid-,-Invalid-,-Invalid-,-Invalid-,-Invalid-,-Invalid-
5/20/2009 21:30,-Invalid-,-Invalid-,-Invalid-,-Invalid-,-Invalid-,-Invalid-,-Invalid-,-Invalid-,-Invalid-,-Invalid-
5/20/2009 21:40,-Invalid-,-Invalid-,-Invalid-,-Invalid-,-Invalid-,-Invalid-,-Invalid-,-Invalid-,-Invalid-,-Invalid-
5/20/2009 21:50,-Invalid-,-Invalid-,-Invalid-,-Invalid-,-Invalid-,-Invalid-,-Invalid-,-Invalid-,-Invalid-,-Invalid-
5/20/2009 22:00,-Invalid-,-Invalid-,-Invalid-,-Invalid-,-Invalid-,-Invalid-,-Invalid-,-Invalid-,-Invalid-,-Invalid-
5/20/2009 22:10,-Invalid-,-Invalid-,-Invalid-,-Invalid-,-Invalid-,-Invalid-,-Invalid-,-Invalid-,-Invalid-,-Invalid-
5/20/2009 22:20,-Invalid-,-Invalid-,-Invalid-,-Invalid-,-Invalid-,-Invalid-,-Invalid-,-Invalid-,-Invalid-,-Invalid-
5/20/2009 22:30,-Invalid-,-Invalid-,-Invalid-,-Invalid-,-Invalid-,-Invalid-,-Invalid-,-Invalid-,-Invalid-,-Invalid-
5/20/2009 22:40,-Invalid-,-Invalid-,-Invalid-,-Invalid-,-Invalid-,-Invalid-,-Invalid-,-Invalid-,-Invalid-,-Invalid-
5/20/2009 22:50,-Invalid-,-Invalid-,-Invalid-,-Invalid-,-Invalid-,-Invalid-,-Invalid-,-Invalid-,-Invalid-,-Invalid-
5/20/2009 23:00,-Invalid-,-Invalid-,-Invalid-,-Invalid-,-Invalid-,-Invalid-,-Invalid-,-Invalid-,-Invalid-,-Invalid-
5/20/2009 23:10,-Invalid-,-Invalid-,-Invalid-,-Invalid-,-Invalid-,-Invalid-,-Invalid-,-Invalid-,-Invalid-,-Invalid-
5/20/2009 23:20,-Invalid-,-Invalid-,-Invalid-,-Invalid-,-Invalid-,-Invalid-,-Invalid-,-Invalid-,-Invalid-,-Invalid-
5/20/2009 23:30,-Invalid-,-Invalid-,-Invalid-,-Invalid-,-Invalid-,-Invalid-,-Invalid-,-Invalid-,-Invalid-,-Invalid-
5/20/2009 23:40,-Invalid-,-Invalid-,-Invalid-,-Invalid-,-Invalid-,-Invalid-,-Invalid-,-Invalid-,-Invalid-,-Invalid-
5/20/2009 23:50,-Invalid-,-Invalid-,-Invalid-,-Invalid-,-Invalid-,-Invalid-,-Invalid-,-Invalid-,-Invalid-,-Invalid-
5/21/2009 0:00,-Invalid-,-Invalid-,-Invalid-,-Invalid-,-Invalid-,-Invalid-,-Invalid-,-Invalid-,-Invalid-,-Invalid-
5/21/2009 0:10,-Invalid-,-Invalid-,-Invalid-,-Invalid-,-Invalid-,-Invalid-,-Invalid-,-Invalid-,-Invalid-,-Invalid-
5/21/2009 0:20,-Invalid-,-Invalid-,-Invalid-,-Invalid-,-Invalid-,-Invalid-,-Invalid-,-Invalid-,-Invalid-,-Invalid-
5/21/2009 0:30,-Invalid-,-Invalid-,-Invalid-,-Invalid-,-Invalid-,-Invalid-,-Invalid-,-Invalid-,-Invalid-,-Invalid-
5/21/2009 0:40,-Invalid-,-Invalid-,-Invalid-,-Invalid-,-Invalid-,-Invalid-,-Invalid-,-Invalid-,-Invalid-,-Invalid-
5/21/2009 0:50,-Invalid-,-Invalid-,-Invalid-,-Invalid-,-Invalid-,-Invalid-,-Invalid-,-Invalid-,-Invalid-,-Invalid-
5/21/2009 1:00,-Invalid-,-Invalid-,-Invalid-,-Invalid-,-Invalid-,-Invalid-,-Invalid-,-Invalid-,-Invalid-,-Invalid-
5/21/2009 1:10,-Invalid-,-Invalid-,-Invalid-,-Invalid-,-Invalid-,-Invalid-,-Invalid-,-Invalid-,-Invalid-,-Invalid-
5/21/2009 1:20,-Invalid-,-Invalid-,-Invalid-,-Invalid-,-Invalid-,-Invalid-,-Invalid-,-Invalid-,-Invalid-,-Invalid-
5/21/2009 1:30,-Invalid-,-Invalid-,-Invalid-,-Invalid-,-Invalid-,-Invalid-,-Invalid-,-Invalid-,-Invalid-,-Invalid-
5/21/2009 1:40,-Invalid-,-Invalid-,-Invalid-,-Invalid-,-Invalid-,-Invalid-,-Invalid-,-Invalid-,-Invalid-,-Invalid-
5/21/2009 1:50,-Invalid-,-Invalid-,-Invalid-,-Invalid-,-Invalid-,-Invalid-,-Invalid-,-Invalid-,-Invalid-,-Invalid-
5/21/2009 2:00,-Invalid-,-Invalid-,-Invalid-,-Invalid-,-Invalid-,-Invalid-,-Invalid-,-Invalid-,-Invalid-,-Invalid-
5/21/2009 2:10,-Invalid-,-Invalid-,-Invalid-,-Invalid-,-Invalid-,-Invalid-,-Invalid-,-Invalid-,-Invalid-,-Invalid-
5/21/2009 2:20,-Invalid-,-Invalid-,-Invalid-,-Invalid-,-Invalid-,-Invalid-,-Invalid-,-Invalid-,-Invalid-,-Invalid-
5/21/2009 2:30,-Invalid-,-Invalid-,-Invalid-,-Invalid-,-Invalid-,-Invalid-,-Invalid-,-Invalid-,-Invalid-,-Invalid-
5/21/2009 2:40,-Invalid-,-Invalid-,-Invalid-,-Invalid-,-Invalid-,-Invalid-,-Invalid-,-Invalid-,-Invalid-,-Invalid-
5/21/2009 2:50,-Invalid-,-Invalid-,-Invalid-,-Invalid-,-Invalid-,-Invalid-,-Invalid-,-Invalid-,-Invalid-,-Invalid-
5/21/2009 3:00,-Invalid-,-Invalid-,-Invalid-,-Invalid-,-Invalid-,-Invalid-,-Invalid-,-Invalid-,-Invalid-,-Invalid-
5/21/2009 3:10,-Invalid-,-Invalid-,-Invalid-,-Invalid-,-Invalid-,-Invalid-,-Invalid-,-Invalid-,-Invalid-,-Invalid-
5/21/2009 3:20,-Invalid-,-Invalid-,-Invalid-,-Invalid-,-Invalid-,-Invalid-,-Invalid-,-Invalid-,-Invalid-,-Invalid-
5/21/2009 3:30,-Invalid-,-Invalid-,-Invalid-,-Invalid-,-Invalid-,-Invalid-,-Invalid-,-Invalid-,-Invalid-,-Invalid-
5/21/2009 3:40,-Invalid-,-Invalid-,-Invalid-,-Invalid-,-Invalid-,-Invalid-,-Invalid-,-Invalid-,-Invalid-,-Invalid-
5/21/2009 3:50,-Invalid-,-Invalid-,-Invalid-,-Invalid-,-Invalid-,-Invalid-,-Invalid-,-Invalid-,-Invalid-,-Invalid-
5/21/2009 4:00,-Invalid-,-Invalid-,-Invalid-,-Invalid-,-Invalid-,-Invalid-,-Invalid-,-Invalid-,-Invalid-,-Invalid-
5/21/2009 4:10,-Invalid-,-Invalid-,-Invalid-,-Invalid-,-Invalid-,-Invalid-,-Invalid-,-Invalid-,-Invalid-,-Invalid-
5/21/2009 4:20,-Invalid-,-Invalid-,-Invalid-,-Invalid-,-Invalid-,-Invalid-,-Invalid-,-Invalid-,-Invalid-,-Invalid-
5/21/2009 4:30,-Invalid-,-Invalid-,-Invalid-,-Invalid-,-Invalid-,-Invalid-,-Invalid-,-Invalid-,-Invalid-,-Invalid-
5/21/2009 4:40,-Invalid-,-Invalid-,-Invalid-,-Invalid-,-Invalid-,-Invalid-,-Invalid-,-Invalid-,-Invalid-,-Invalid-
5/21/2009 4:50,-Invalid-,-Invalid-,-Invalid-,-Invalid-,-Invalid-,-Invalid-,-Invalid-,-Invalid-,-Invalid-,-Invalid-
5/21/2009 5:00,-Invalid-,-Invalid-,-Invalid-,-Invalid-,-Invalid-,-Invalid-,-Invalid-,-Invalid-,-Invalid-,-Invalid-
5/21/2009 5:10,-Invalid-,-Invalid-,-Invalid-,-Invalid-,-Invalid-,-Invalid-,-Invalid-,-Invalid-,-Invalid-,-Invalid-
5/21/2009 5:20,-Invalid-,-Invalid-,-Invalid-,-Invalid-,-Invalid-,-Invalid-,-Invalid-,-Invalid-,-Invalid-,-Invalid-
5/21/2009 5:30,-Invalid-,-Invalid-,-Invalid-,-Invalid-,-Invalid-,-Invalid-,-Invalid-,-Invalid-,-Invalid-,-Invalid-
5/21/2009 5:40,-Invalid-,-Invalid-,-Invalid-,-Invalid-,-Invalid-,-Invalid-,-Invalid-,-Invalid-,-Invalid-,-Invalid-
5/21/2009 5:50,-Invalid-,-Invalid-,-Invalid-,-Invalid-,-Invalid-,-Invalid-,-Invalid-,-Invalid-,-Invalid-,-Invalid-
5/21/2009 6:00,-Invalid-,-Invalid-,-Invalid-,-Invalid-,-Invalid-,-Invalid-,-Invalid-,-Invalid-,-Invalid-,-Invalid-
5/21/2009 6:10,-Invalid-,-Invalid-,-Invalid-,-Invalid-,-Invalid-,-Invalid-,-Invalid-,-Invalid-,-Invalid-,-Invalid-
5/21/2009 6:20,-Invalid-,-Invalid-,-Invalid-,-Invalid-,-Invalid-,-Invalid-,-Invalid-,-Invalid-,-Invalid-,-Invalid-
5/21/2009 6:30,-Invalid-,-Invalid-,-Invalid-,-Invalid-,-Invalid-,-Invalid-,-Invalid-,-Invalid-,-Invalid-,-Invalid-
5/21/2009 6:40,-Invalid-,-Invalid-,-Invalid-,-Invalid-,-Invalid-,-Invalid-,-Invalid-,-Invalid-,-Invalid-,-Invalid-
5/21/2009 6:50,-Invalid-,-Invalid-,-Invalid-,-Invalid-,-Invalid-,-Invalid-,-Invalid-,-Invalid-,-Invalid-,-Invalid-
5/21/2009 7:00,-Invalid-,-Invalid-,-Invalid-,-Invalid-,-Invalid-,-Invalid-,-Invalid-,-Invalid-,-Invalid-,-Invalid-
5/21/2009 7:10,-Invalid-,-Invalid-,-Invalid-,-Invalid-,-Invalid-,-Invalid-,-Invalid-,-Invalid-,-Invalid-,-Invalid-
5/21/2009 7:20,-Invalid-,-Invalid-,-Invalid-,-Invalid-,-Invalid-,-Invalid-,-Invalid-,-Invalid-,-Invalid-,-Invalid-
5/21/2009 7:30,-Invalid-,-Invalid-,-Invalid-,-Invalid-,-Invalid-,-Invalid-,-Invalid-,-Invalid-,-Invalid-,-Invalid-
5/21/2009 7:40,-Invalid-,-Invalid-,-Invalid-,-Invalid-,-Invalid-,-Invalid-,-Invalid-,-Invalid-,-Invalid-,-Invalid-
5/21/2009 7:50,-Invalid-,-Invalid-,-Invalid-,-Invalid-,-Invalid-,-Invalid-,-Invalid-,-Invalid-,-Invalid-,-Invalid-
5/21/2009 8:00,-Invalid-,-Invalid-,-Invalid-,-Invalid-,-Invalid-,-Invalid-,-Invalid-,-Invalid-,-Invalid-,-Invalid-
5/21/2009 8:10,-Invalid-,-Invalid-,-Invalid-,-Invalid-,-Invalid-,-Invalid-,-Invalid-,-Invalid-,-Invalid-,-Invalid-
5/21/2009 8:20,-Invalid-,-Invalid-,-Invalid-,-Invalid-,-Invalid-,-Invalid-,-Invalid-,-Invalid-,-Invalid-,-Invalid-
5/21/2009 8:30,-Invalid-,-Invalid-,-Invalid-,-Invalid-,-Invalid-,-Invalid-,-Invalid-,-Invalid-,-Invalid-,-Invalid-
5/21/2009 8:40,-Invalid-,-Invalid-,-Invalid-,-Invalid-,-Invalid-,-Invalid-,-Invalid-,-Invalid-,-Invalid-,-Invalid-
5/21/2009 8:50,-Invalid-,-Invalid-,-Invalid-,-Invalid-,-Invalid-,-Invalid-,-Invalid-,-Invalid-,-Invalid-,-Invalid-
5/21/2009 9:00,-Invalid-,-Invalid-,-Invalid-,-Invalid-,-Invalid-,-Invalid-,-Invalid-,-Invalid-,-Invalid-,-Invalid-
5/21/2009 9:10,-Invalid-,-Invalid-,-Invalid-,-Invalid-,-Invalid-,-Invalid-,-Invalid-,-Invalid-,-Invalid-,-Invalid-
5/21/2009 9:20,-Invalid-,-Invalid-,-Invalid-,-Invalid-,-Invalid-,-Invalid-,-Invalid-,-Invalid-,-Invalid-,-Invalid-
5/21/2009 9:30,-Invalid-,-Invalid-,-Invalid-,-Invalid-,-Invalid-,-Invalid-,-Invalid-,-Invalid-,-Invalid-,-Invalid-
5/21/2009 9:40,-Invalid-,-Invalid-,-Invalid-,-Invalid-,-Invalid-,-Invalid-,-Invalid-,-Invalid-,-Invalid-,-Invalid-
5/21/2009 9:50,-Invalid-,-Invalid-,-Invalid-,-Invalid-,-Invalid-,-Invalid-,-Invalid-,-Invalid-,-Invalid-,-Invalid-
5/21/2009 10:00,-Invalid-,-Invalid-,-Invalid-,-Invalid-,-Invalid-,-Invalid-,-Invalid-,-Invalid-,-Invalid-,-Invalid-
5/21/2009 10:10,-Invalid-,-Invalid-,-Invalid-,-Invalid-,-Invalid-,-Invalid-,-Invalid-,-Invalid-,-Invalid-,-Invalid-
5/21/2009 10:20,-Invalid-,-Invalid-,-Invalid-,-Invalid-,-Invalid-,-Invalid-,-Invalid-,-Invalid-,-Invalid-,-Invalid-
5/21/2009 10:30,-Invalid-,-Invalid-,-Invalid-,-Invalid-,-Invalid-,-Invalid-,-Invalid-,-Invalid-,-Invalid-,-Invalid-
5/21/2009 10:40,-Invalid-,-Invalid-,-Invalid-,-Invalid-,-Invalid-,-Invalid-,-Invalid-,-Invalid-,-Invalid-,-Invalid-
5/21/2009 10:50,-Invalid-,-Invalid-,-Invalid-,-Invalid-,-Invalid-,-Invalid-,-Invalid-,-Invalid-,-Invalid-,-Invalid-
5/21/2009 11:00,-Invalid-,-Invalid-,-Invalid-,-Invalid-,-Invalid-,-Invalid-,-Invalid-,-Invalid-,-Invalid-,-Invalid-
5/21/2009 11:10,-Invalid-,-Invalid-,-Invalid-,-Invalid-,-Invalid-,-Invalid-,-Invalid-,-Invalid-,-Invalid-,-Invalid-
5/21/2009 11:20,-Invalid-,-Invalid-,-Invalid-,-Invalid-,-Invalid-,-Invalid-,-Invalid-,-Invalid-,-Invalid-,-Invalid-
5/21/2009 11:30,-Invalid-,-Invalid-,-Invalid-,-Invalid-,-Invalid-,-Invalid-,-Invalid-,-Invalid-,-Invalid-,-Invalid-
5/21/2009 11:40,-Invalid-,-Invalid-,-Invalid-,-Invalid-,-Invalid-,-Invalid-,-Invalid-,-Invalid-,-Invalid-,-Invalid-
5/21/2009 11:50,-Invalid-,-Invalid-,-Invalid-,-Invalid-,-Invalid-,-Invalid-,-Invalid-,-Invalid-,-Invalid-,-Invalid-
5/21/2009 12:00,-Invalid-,-Invalid-,-Invalid-,-Invalid-,-Invalid-,-Invalid-,-Invalid-,-Invalid-,-Invalid-,-Invalid-
5/21/2009 12:10,-Invalid-,-Invalid-,-Invalid-,-Invalid-,-Invalid-,-Invalid-,-Invalid-,-Invalid-,-Invalid-,-Invalid-
5/21/2009 12:20,-Invalid-,-Invalid-,-Invalid-,-Invalid-,-Invalid-,-Invalid-,-Invalid-,-Invalid-,-Invalid-,-Invalid-
5/21/2009 12:30,-Invalid-,-Invalid-,-Invalid-,-Invalid-,-Invalid-,-Invalid-,-Invalid-,-Invalid-,-Invalid-,-Invalid-
5/21/2009 12:40,-Invalid-,-Invalid-,-Invalid-,-Invalid-,-Invalid-,-Invalid-,-Invalid-,-Invalid-,-Invalid-,-Invalid-
5/21/2009 12:50,-Invalid-,-Invalid-,-Invalid-,-Invalid-,-Invalid-,-Invalid-,-Invalid-,-Invalid-,-Invalid-,-Invalid-
5/21/2009 13:00,-Invalid-,-Invalid-,-Invalid-,-Invalid-,-Invalid-,-Invalid-,-Invalid-,-Invalid-,-Invalid-,-Invalid-
5/21/2009 13:10,-Invalid-,-Invalid-,-Invalid-,-Invalid-,-Invalid-,-Invalid-,-Invalid-,-Invalid-,-Invalid-,-Invalid-
5/21/2009 13:20,-Invalid-,-Invalid-,-Invalid-,-Invalid-,-Invalid-,-Invalid-,-Invalid-,-Invalid-,-Invalid-,-Invalid-
5/21/2009 13:30,-Invalid-,-Invalid-,-Invalid-,-Invalid-,-Invalid-,-Invalid-,-Invalid-,-Invalid-,-Invalid-,-Invalid-
5/21/2009 13:40,-Invalid-,-Invalid-,-Invalid-,-Invalid-,-Invalid-,-Invalid-,-Invalid-,-Invalid-,-Invalid-,-Invalid-
5/21/2009 13:50,-Invalid-,-Invalid-,-Invalid-,-Invalid-,-Invalid-,-Invalid-,-Invalid-,-Invalid-,-Invalid-,-Invalid-
5/21/2009 14:00,-Invalid-,-Invalid-,-Invalid-,-Invalid-,-Invalid-,-Invalid-,-Invalid-,-Invalid-,-Invalid-,-Invalid-
5/21/2009 14:10,-Invalid-,-Invalid-,-Invalid-,-Invalid-,-Invalid-,-Invalid-,-Invalid-,-Invalid-,-Invalid-,-Invalid-
5/21/2009 14:20,-Invalid-,-Invalid-,-Invalid-,-Invalid-,-Invalid-,-Invalid-,-Invalid-,-Invalid-,-Invalid-,-Invalid-
5/21/2009 14:30,-Invalid-,-Invalid-,-Invalid-,-Invalid-,-Invalid-,-Invalid-,-Invalid-,-Invalid-,-Invalid-,-Invalid-
5/21/2009 14:40,-Invalid-,-Invalid-,-Invalid-,-Invalid-,-Invalid-,-Invalid-,-Invalid-,-Invalid-,-Invalid-,-Invalid-
5/21/2009 14:50,-Invalid-,-Invalid-,-Invalid-,-Invalid-,-Invalid-,-Invalid-,-Invalid-,-Invalid-,-Invalid-,-Invalid-
5/21/2009 15:00,-Invalid-,-Invalid-,-Invalid-,-Invalid-,-Invalid-,-Invalid-,-Invalid-,-Invalid-,-Invalid-,-Invalid-
5/21/2009 15:10,-Invalid-,-Invalid-,-Invalid-,-Invalid-,-Invalid-,-Invalid-,-Invalid-,-Invalid-,-Invalid-,-Invalid-
5/21/2009 15:20,-Invalid-,-Invalid-,-Invalid-,-Invalid-,-Invalid-,-Invalid-,-Invalid-,-Invalid-,-Invalid-,-Invalid-
5/21/2009 15:30,-Invalid-,-Invalid-,-Invalid-,-Invalid-,-Invalid-,-Invalid-,-Invalid-,-Invalid-,-Invalid-,-Invalid-
5/21/2009 15:40,-Invalid-,-Invalid-,-Invalid-,-Invalid-,-Invalid-,-Invalid-,-Invalid-,-Invalid-,-Invalid-,-Invalid-
5/21/2009 15:50,-Invalid-,-Invalid-,-Invalid-,-Invalid-,-Invalid-,-Invalid-,-Invalid-,-Invalid-,-Invalid-,-Invalid-
5/21/2009 16:00,-Invalid-,-Invalid-,-Invalid-,-Invalid-,-Invalid-,-Invalid-,-Invalid-,-Invalid-,-Invalid-,-Invalid-
5/21/2009 16:10,-Invalid-,-Invalid-,-Invalid-,-Invalid-,-Invalid-,-Invalid-,-Invalid-,-Invalid-,-Invalid-,-Invalid-
5/21/2009 16:20,-Invalid-,-Invalid-,-Invalid-,-Invalid-,-Invalid-,-Invalid-,-Invalid-,-Invalid-,-Invalid-,-Invalid-
5/21/2009 16:30,-Invalid-,-Invalid-,-Invalid-,-Invalid-,-Invalid-,-Invalid-,-Invalid-,-Invalid-,-Invalid-,-Invalid-
5/21/2009 16:40,-Invalid-,-Invalid-,-Invalid-,-Invalid-,-Invalid-,-Invalid-,-Invalid-,-Invalid-,-Invalid-,-Invalid-
5/21/2009 16:50,-Invalid-,-Invalid-,-Invalid-,-Invalid-,-Invalid-,-Invalid-,-Invalid-,-Invalid-,-Invalid-,-Invalid-
5/21/2009 17:00,-Invalid-,-Invalid-,-Invalid-,-Invalid-,-Invalid-,-Invalid-,-Invalid-,-Invalid-,-Invalid-,-Invalid-
5/21/2009 17:10,-Invalid-,-Invalid-,-Invalid-,-Invalid-,-Invalid-,-Invalid-,-Invalid-,-Invalid-,-Invalid-,-Invalid-
5/21/2009 17:20,-Invalid-,-Invalid-,-Invalid-,-Invalid-,-Invalid-,-Invalid-,-Invalid-,-Invalid-,-Invalid-,-Invalid-
5/21/2009 17:30,-Invalid-,-Invalid-,-Invalid-,-Invalid-,-Invalid-,-Invalid-,-Invalid-,-Invalid-,-Invalid-,-Invalid-
5/21/2009 17:40,-Invalid-,-Invalid-,-Invalid-,-Invalid-,-Invalid-,-Invalid-,-Invalid-,-Invalid-,-Invalid-,-Invalid-
5/21/2009 17:50,-Invalid-,-Invalid-,-Invalid-,-Invalid-,-Invalid-,-Invalid-,-Invalid-,-Invalid-,-Invalid-,-Invalid-
5/21/2009 18:00,-Invalid-,-Invalid-,-Invalid-,-Invalid-,-Invalid-,-Invalid-,-Invalid-,-Invalid-,-Invalid-,-Invalid-
5/21/2009 18:10,-Invalid-,-Invalid-,-Invalid-,-Invalid-,-Invalid-,-Invalid-,-Invalid-,-Invalid-,-Invalid-,-Invalid-
5/21/2009 18:20,-Invalid-,-Invalid-,-Invalid-,-Invalid-,-Invalid-,-Invalid-,-Invalid-,-Invalid-,-Invalid-,-Invalid-
5/21/2009 18:30,-Invalid-,-Invalid-,-Invalid-,-Invalid-,-Invalid-,-Invalid-,-Invalid-,-Invalid-,-Invalid-,-Invalid-
5/21/2009 18:40,-Invalid-,-Invalid-,-Invalid-,-Invalid-,-Invalid-,-Invalid-,-Invalid-,-Invalid-,-Invalid-,-Invalid-
5/21/2009 18:50,-Invalid-,-Invalid-,-Invalid-,-Invalid-,-Invalid-,-Invalid-,-Invalid-,-Invalid-,-Invalid-,-Invalid-
5/21/2009 19:00,-Invalid-,-Invalid-,-Invalid-,-Invalid-,-Invalid-,-Invalid-,-Invalid-,-Invalid-,-Invalid-,-Invalid-
5/21/2009 19:10,-Invalid-,-Invalid-,-Invalid-,-Invalid-,-Invalid-,-Invalid-,-Invalid-,-Invalid-,-Invalid-,-Invalid-
5/21/2009 19:20,-Invalid-,-Invalid-,-Invalid-,-Invalid-,-Invalid-,-Invalid-,-Invalid-,-Invalid-,-Invalid-,-Invalid-
5/21/2009 19:30,-Invalid-,-Invalid-,-Invalid-,-Invalid-,-Invalid-,-Invalid-,-Invalid-,-Invalid-,-Invalid-,-Invalid-
5/21/2009 19:40,-Invalid-,-Invalid-,-Invalid-,-Invalid-,-Invalid-,-Invalid-,-Invalid-,-Invalid-,-Invalid-,-Invalid-
5/21/2009 19:50,-Invalid-,-Invalid-,-Invalid-,-Invalid-,-Invalid-,-Invalid-,-Invalid-,-Invalid-,-Invalid-,-Invalid-
5/21/2009 20:00,-Invalid-,-Invalid-,-Invalid-,-Invalid-,-Invalid-,-Invalid-,-Invalid-,-Invalid-,-Invalid-,-Invalid-
5/21/2009 20:10,-Invalid-,-Invalid-,-Invalid-,-Invalid-,-Invalid-,-Invalid-,-Invalid-,-Invalid-,-Invalid-,-Invalid-
5/21/2009 20:20,-Invalid-,-Invalid-,-Invalid-,-Invalid-,-Invalid-,-Invalid-,-Invalid-,-Invalid-,-Invalid-,-Invalid-
5/21/2009 20:30,-Invalid-,-Invalid-,-Invalid-,-Invalid-,-Invalid-,-Invalid-,-Invalid-,-Invalid-,-Invalid-,-Invalid-
5/21/2009 20:40,-Invalid-,-Invalid-,-Invalid-,-Invalid-,-Invalid-,-Invalid-,-Invalid-,-Invalid-,-Invalid-,-Invalid-
5/21/2009 20:50,-Invalid-,-Invalid-,-Invalid-,-Invalid-,-Invalid-,-Invalid-,-Invalid-,-Invalid-,-Invalid-,-Invalid-
5/21/2009 21:00,-Invalid-,-Invalid-,-Invalid-,-Invalid-,-Invalid-,-Invalid-,-Invalid-,-Invalid-,-Invalid-,-Invalid-
5/21/2009 21:10,-Invalid-,-Invalid-,-Invalid-,-Invalid-,-Invalid-,-Invalid-,-Invalid-,-Invalid-,-Invalid-,-Invalid-
5/21/2009 21:20,-Invalid-,-Invalid-,-Invalid-,-Invalid-,-Invalid-,-Invalid-,-Invalid-,-Invalid-,-Invalid-,-Invalid-
5/21/2009 21:30,-Invalid-,-Invalid-,-Invalid-,-Invalid-,-Invalid-,-Invalid-,-Invalid-,-Invalid-,-Invalid-,-Invalid-
5/21/2009 21:40,-Invalid-,-Invalid-,-Invalid-,-Invalid-,-Invalid-,-Invalid-,-Invalid-,-Invalid-,-Invalid-,-Invalid-
5/21/2009 21:50,-Invalid-,-Invalid-,-Invalid-,-Invalid-,-Invalid-,-Invalid-,-Invalid-,-Invalid-,-Invalid-,-Invalid-
5/21/2009 22:00,-Invalid-,-Invalid-,-Invalid-,-Invalid-,-Invalid-,-Invalid-,-Invalid-,-Invalid-,-Invalid-,-Invalid-
5/21/2009 22:10,-Invalid-,-Invalid-,-Invalid-,-Invalid-,-Invalid-,-Invalid-,-Invalid-,-Invalid-,-Invalid-,-Invalid-
5/21/2009 22:20,-Invalid-,-Invalid-,-Invalid-,-Invalid-,-Invalid-,-Invalid-,-Invalid-,-Invalid-,-Invalid-,-Invalid-
5/21/2009 22:30,-Invalid-,-Invalid-,-Invalid-,-Invalid-,-Invalid-,-Invalid-,-Invalid-,-Invalid-,-Invalid-,-Invalid-
5/21/2009 22:40,-Invalid-,-Invalid-,-Invalid-,-Invalid-,-Invalid-,-Invalid-,-Invalid-,-Invalid-,-Invalid-,-Invalid-
5/21/2009 22:50,-Invalid-,-Invalid-,-Invalid-,-Invalid-,-Invalid-,-Invalid-,-Invalid-,-Invalid-,-Invalid-,-Invalid-
5/21/2009 23:00,-Invalid-,-Invalid-,-Invalid-,-Invalid-,-Invalid-,-Invalid-,-Invalid-,-Invalid-,-Invalid-,-Invalid-
5/21/2009 23:10,-Invalid-,-Invalid-,-Invalid-,-Invalid-,-Invalid-,-Invalid-,-Invalid-,-Invalid-,-Invalid-,-Invalid-
5/21/2009 23:20,-Invalid-,-Invalid-,-Invalid-,-Invalid-,-Invalid-,-Invalid-,-Invalid-,-Invalid-,-Invalid-,-Invalid-
5/21/2009 23:30,-Invalid-,-Invalid-,-Invalid-,-Invalid-,-Invalid-,-Invalid-,-Invalid-,-Invalid-,-Invalid-,-Invalid-
5/21/2009 23:40,-Invalid-,-Invalid-,-Invalid-,-Invalid-,-Invalid-,-Invalid-,-Invalid-,-Invalid-,-Invalid-,-Invalid-
5/21/2009 23:50,-Invalid-,-Invalid-,-Invalid-,-Invalid-,-Invalid-,-Invalid-,-Invalid-,-Invalid-,-Invalid-,-Invalid-
5/22/2009 0:00,-Invalid-,-Invalid-,-Invalid-,-Invalid-,-Invalid-,-Invalid-,-Invalid-,-Invalid-,-Invalid-,-Invalid-
5/22/2009 0:10,-Invalid-,-Invalid-,-Invalid-,-Invalid-,-Invalid-,-Invalid-,-Invalid-,-Invalid-,-Invalid-,-Invalid-
5/22/2009 0:20,-Invalid-,-Invalid-,-Invalid-,-Invalid-,-Invalid-,-Invalid-,-Invalid-,-Invalid-,-Invalid-,-Invalid-
5/22/2009 0:30,-Invalid-,-Invalid-,-Invalid-,-Invalid-,-Invalid-,-Invalid-,-Invalid-,-Invalid-,-Invalid-,-Invalid-
5/22/2009 0:40,-Invalid-,-Invalid-,-Invalid-,-Invalid-,-Invalid-,-Invalid-,-Invalid-,-Invalid-,-Invalid-,-Invalid-
5/22/2009 0:50,-Invalid-,-Invalid-,-Invalid-,-Invalid-,-Invalid-,-Invalid-,-Invalid-,-Invalid-,-Invalid-,-Invalid-
5/22/2009 1:00,-Invalid-,-Invalid-,-Invalid-,-Invalid-,-Invalid-,-Invalid-,-Invalid-,-Invalid-,-Invalid-,-Invalid-
5/22/2009 1:10,-Invalid-,-Invalid-,-Invalid-,-Invalid-,-Invalid-,-Invalid-,-Invalid-,-Invalid-,-Invalid-,-Invalid-
5/22/2009 1:20,-Invalid-,-Invalid-,-Invalid-,-Invalid-,-Invalid-,-Invalid-,-Invalid-,-Invalid-,-Invalid-,-Invalid-
5/22/2009 1:30,-Invalid-,-Invalid-,-Invalid-,-Invalid-,-Invalid-,-Invalid-,-Invalid-,-Invalid-,-Invalid-,-Invalid-
5/22/2009 1:40,-Invalid-,-Invalid-,-Invalid-,-Invalid-,-Invalid-,-Invalid-,-Invalid-,-Invalid-,-Invalid-,-Invalid-
5/22/2009 1:50,-Invalid-,-Invalid-,-Invalid-,-Invalid-,-Invalid-,-Invalid-,-Invalid-,-Invalid-,-Invalid-,-Invalid-
5/22/2009 2:00,-Invalid-,-Invalid-,-Invalid-,-Invalid-,-Invalid-,-Invalid-,-Invalid-,-Invalid-,-Invalid-,-Invalid-
5/22/2009 2:10,-Invalid-,-Invalid-,-Invalid-,-Invalid-,-Invalid-,-Invalid-,-Invalid-,-Invalid-,-Invalid-,-Invalid-
5/22/2009 2:20,-Invalid-,-Invalid-,-Invalid-,-Invalid-,-Invalid-,-Invalid-,-Invalid-,-Invalid-,-Invalid-,-Invalid-
5/22/2009 2:30,-Invalid-,-Invalid-,-Invalid-,-Invalid-,-Invalid-,-Invalid-,-Invalid-,-Invalid-,-Invalid-,-Invalid-
5/22/2009 2:40,-Invalid-,-Invalid-,-Invalid-,-Invalid-,-Invalid-,-Invalid-,-Invalid-,-Invalid-,-Invalid-,-Invalid-
5/22/2009 2:50,-Invalid-,-Invalid-,-Invalid-,-Invalid-,-Invalid-,-Invalid-,-Invalid-,-Invalid-,-Invalid-,-Invalid-
5/22/2009 3:00,-Invalid-,-Invalid-,-Invalid-,-Invalid-,-Invalid-,-Invalid-,-Invalid-,-Invalid-,-Invalid-,-Invalid-
5/22/2009 3:10,-Invalid-,-Invalid-,-Invalid-,-Invalid-,-Invalid-,-Invalid-,-Invalid-,-Invalid-,-Invalid-,-Invalid-
5/22/2009 3:20,-Invalid-,-Invalid-,-Invalid-,-Invalid-,-Invalid-,-Invalid-,-Invalid-,-Invalid-,-Invalid-,-Invalid-
5/22/2009 3:30,-Invalid-,-Invalid-,-Invalid-,-Invalid-,-Invalid-,-Invalid-,-Invalid-,-Invalid-,-Invalid-,-Invalid-
5/22/2009 3:40,-Invalid-,-Invalid-,-Invalid-,-Invalid-,-Invalid-,-Invalid-,-Invalid-,-Invalid-,-Invalid-,-Invalid-
5/22/2009 3:50,-Invalid-,-Invalid-,-Invalid-,-Invalid-,-Invalid-,-Invalid-,-Invalid-,-Invalid-,-Invalid-,-Invalid-
5/22/2009 4:00,-Invalid-,-Invalid-,-Invalid-,-Invalid-,-Invalid-,-Invalid-,-Invalid-,-Invalid-,-Invalid-,-Invalid-
5/22/2009 4:10,-Invalid-,-Invalid-,-Invalid-,-Invalid-,-Invalid-,-Invalid-,-Invalid-,-Invalid-,-Invalid-,-Invalid-
5/22/2009 4:20,-Invalid-,-Invalid-,-Invalid-,-Invalid-,-Invalid-,-Invalid-,-Invalid-,-Invalid-,-Invalid-,-Invalid-
5/22/2009 4:30,-Invalid-,-Invalid-,-Invalid-,-Invalid-,-Invalid-,-Invalid-,-Invalid-,-Invalid-,-Invalid-,-Invalid-
5/22/2009 4:40,-Invalid-,-Invalid-,-Invalid-,-Invalid-,-Invalid-,-Invalid-,-Invalid-,-Invalid-,-Invalid-,-Invalid-
5/22/2009 4:50,-Invalid-,-Invalid-,-Invalid-,-Invalid-,-Invalid-,-Invalid-,-Invalid-,-Invalid-,-Invalid-,-Invalid-
5/22/2009 5:00,-Invalid-,-Invalid-,-Invalid-,-Invalid-,-Invalid-,-Invalid-,-Invalid-,-Invalid-,-Invalid-,-Invalid-
5/22/2009 5:10,-Invalid-,-Invalid-,-Invalid-,-Invalid-,-Invalid-,-Invalid-,-Invalid-,-Invalid-,-Invalid-,-Invalid-
5/22/2009 5:20,-Invalid-,-Invalid-,-Invalid-,-Invalid-,-Invalid-,-Invalid-,-Invalid-,-Invalid-,-Invalid-,-Invalid-
5/22/2009 5:30,-Invalid-,-Invalid-,-Invalid-,-Invalid-,-Invalid-,-Invalid-,-Invalid-,-Invalid-,-Invalid-,-Invalid-
5/22/2009 5:40,-Invalid-,-Invalid-,-Invalid-,-Invalid-,-Invalid-,-Invalid-,-Invalid-,-Invalid-,-Invalid-,-Invalid-
5/22/2009 5:50,-Invalid-,-Invalid-,-Invalid-,-Invalid-,-Invalid-,-Invalid-,-Invalid-,-Invalid-,-Invalid-,-Invalid-
5/22/2009 6:00,-Invalid-,-Invalid-,-Invalid-,-Invalid-,-Invalid-,-Invalid-,-Invalid-,-Invalid-,-Invalid-,-Invalid-
5/22/2009 6:10,-Invalid-,-Invalid-,-Invalid-,-Invalid-,-Invalid-,-Invalid-,-Invalid-,-Invalid-,-Invalid-,-Invalid-
5/22/2009 6:20,-Invalid-,-Invalid-,-Invalid-,-Invalid-,-Invalid-,-Invalid-,-Invalid-,-Invalid-,-Invalid-,-Invalid-
5/22/2009 6:30,-Invalid-,-Invalid-,-Invalid-,-Invalid-,-Invalid-,-Invalid-,-Invalid-,-Invalid-,-Invalid-,-Invalid-
5/22/2009 6:40,-Invalid-,-Invalid-,-Invalid-,-Invalid-,-Invalid-,-Invalid-,-Invalid-,-Invalid-,-Invalid-,-Invalid-
5/22/2009 6:50,-Invalid-,-Invalid-,-Invalid-,-Invalid-,-Invalid-,-Invalid-,-Invalid-,-Invalid-,-Invalid-,-Invalid-
5/22/2009 7:00,-Invalid-,-Invalid-,-Invalid-,-Invalid-,-Invalid-,-Invalid-,-Invalid-,-Invalid-,-Invalid-,-Invalid-
5/22/2009 7:10,-Invalid-,-Invalid-,-Invalid-,-Invalid-,-Invalid-,-Invalid-,-Invalid-,-Invalid-,-Invalid-,-Invalid-
5/22/2009 7:20,-Invalid-,-Invalid-,-Invalid-,-Invalid-,-Invalid-,-Invalid-,-Invalid-,-Invalid-,-Invalid-,-Invalid-
5/22/2009 7:30,-Invalid-,-Invalid-,-Invalid-,-Invalid-,-Invalid-,-Invalid-,-Invalid-,-Invalid-,-Invalid-,-Invalid-
5/22/2009 7:40,-Invalid-,-Invalid-,-Invalid-,-Invalid-,-Invalid-,-Invalid-,-Invalid-,-Invalid-,-Invalid-,-Invalid-
5/22/2009 7:50,-Invalid-,-Invalid-,-Invalid-,-Invalid-,-Invalid-,-Invalid-,-Invalid-,-Invalid-,-Invalid-,-Invalid-
5/22/2009 8:00,-Invalid-,-Invalid-,-Invalid-,-Invalid-,-Invalid-,-Invalid-,-Invalid-,-Invalid-,-Invalid-,-Invalid-
5/22/2009 8:10,-Invalid-,-Invalid-,-Invalid-,-Invalid-,-Invalid-,-Invalid-,-Invalid-,-Invalid-,-Invalid-,-Invalid-
5/22/2009 8:20,-Invalid-,-Invalid-,-Invalid-,-Invalid-,-Invalid-,-Invalid-,-Invalid-,-Invalid-,-Invalid-,-Invalid-
5/22/2009 8:30,-Invalid-,-Invalid-,-Invalid-,-Invalid-,-Invalid-,-Invalid-,-Invalid-,-Invalid-,-Invalid-,-Invalid-
5/22/2009 8:40,-Invalid-,-Invalid-,-Invalid-,-Invalid-,-Invalid-,-Invalid-,-Invalid-,-Invalid-,-Invalid-,-Invalid-
5/22/2009 8:50,-Invalid-,-Invalid-,-Invalid-,-Invalid-,-Invalid-,-Invalid-,-Invalid-,-Invalid-,-Invalid-,-Invalid-
5/22/2009 9:00,-Invalid-,-Invalid-,-Invalid-,-Invalid-,-Invalid-,-Invalid-,-Invalid-,-Invalid-,-Invalid-,-Invalid-
5/22/2009 9:10,-Invalid-,-Invalid-,-Invalid-,-Invalid-,-Invalid-,-Invalid-,-Invalid-,-Invalid-,-Invalid-,-Invalid-
5/22/2009 9:20,-Invalid-,-Invalid-,-Invalid-,-Invalid-,-Invalid-,-Invalid-,-Invalid-,-Invalid-,-Invalid-,-Invalid-
5/22/2009 9:30,-Invalid-,-Invalid-,-Invalid-,-Invalid-,-Invalid-,-Invalid-,-Invalid-,-Invalid-,-Invalid-,-Invalid-
5/22/2009 9:40,-Invalid-,-Invalid-,-Invalid-,-Invalid-,-Invalid-,-Invalid-,-Invalid-,-Invalid-,-Invalid-,-Invalid-
5/22/2009 9:50,-Invalid-,-Invalid-,-Invalid-,-Invalid-,-Invalid-,-Invalid-,-Invalid-,-Invalid-,-Invalid-,-Invalid-
5/22/2009 10:00,-Invalid-,-Invalid-,-Invalid-,-Invalid-,-Invalid-,-Invalid-,-Invalid-,-Invalid-,-Invalid-,-Invalid-
5/22/2009 10:10,-Invalid-,-Invalid-,-Invalid-,-Invalid-,-Invalid-,-Invalid-,-Invalid-,-Invalid-,-Invalid-,-Invalid-
5/22/2009 10:20,-Invalid-,-Invalid-,-Invalid-,-Invalid-,-Invalid-,-Invalid-,-Invalid-,-Invalid-,-Invalid-,-Invalid-
5/22/2009 10:30,-Invalid-,-Invalid-,-Invalid-,-Invalid-,-Invalid-,-Invalid-,-Invalid-,-Invalid-,-Invalid-,-Invalid-
5/22/2009 10:40,-Invalid-,-Invalid-,-Invalid-,-Invalid-,-Invalid-,-Invalid-,-Invalid-,-Invalid-,-Invalid-,-Invalid-
5/22/2009 10:50,-Invalid-,-Invalid-,-Invalid-,-Invalid-,-Invalid-,-Invalid-,-Invalid-,-Invalid-,-Invalid-,-Invalid-
5/22/2009 11:00,-Invalid-,-Invalid-,-Invalid-,-Invalid-,-Invalid-,-Invalid-,-Invalid-,-Invalid-,-Invalid-,-Invalid-
5/22/2009 11:10,-Invalid-,-Invalid-,-Invalid-,-Invalid-,-Invalid-,-Invalid-,-Invalid-,-Invalid-,-Invalid-,-Invalid-
5/22/2009 11:20,-Invalid-,-Invalid-,-Invalid-,-Invalid-,-Invalid-,-Invalid-,-Invalid-,-Invalid-,-Invalid-,-Invalid-
5/22/2009 11:30,-Invalid-,-Invalid-,-Invalid-,-Invalid-,-Invalid-,-Invalid-,-Invalid-,-Invalid-,-Invalid-,-Invalid-
5/22/2009 11:40,-Invalid-,-Invalid-,-Invalid-,-Invalid-,-Invalid-,-Invalid-,-Invalid-,-Invalid-,-Invalid-,-Invalid-
5/22/2009 11:50,-Invalid-,-Invalid-,-Invalid-,-Invalid-,-Invalid-,-Invalid-,-Invalid-,-Invalid-,-Invalid-,-Invalid-
5/22/2009 12:00,-Invalid-,-Invalid-,-Invalid-,-Invalid-,-Invalid-,-Invalid-,-Invalid-,-Invalid-,-Invalid-,-Invalid-
5/22/2009 12:10,-Invalid-,-Invalid-,-Invalid-,-Invalid-,-Invalid-,-Invalid-,-Invalid-,-Invalid-,-Invalid-,-Invalid-
5/22/2009 12:20,-Invalid-,-Invalid-,-Invalid-,-Invalid-,-Invalid-,-Invalid-,-Invalid-,-Invalid-,-Invalid-,-Invalid-
5/22/2009 12:30,-Invalid-,-Invalid-,-Invalid-,-Invalid-,-Invalid-,-Invalid-,-Invalid-,-Invalid-,-Invalid-,-Invalid-
5/22/2009 12:40,-Invalid-,-Invalid-,-Invalid-,-Invalid-,-Invalid-,-Invalid-,-Invalid-,-Invalid-,-Invalid-,-Invalid-
5/22/2009 12:50,-Invalid-,-Invalid-,-Invalid-,-Invalid-,-Invalid-,-Invalid-,-Invalid-,-Invalid-,-Invalid-,-Invalid-
5/22/2009 13:00,-Invalid-,-Invalid-,-Invalid-,-Invalid-,-Invalid-,-Invalid-,-Invalid-,-Invalid-,-Invalid-,-Invalid-
5/22/2009 13:10,-Invalid-,-Invalid-,-Invalid-,-Invalid-,-Invalid-,-Invalid-,-Invalid-,-Invalid-,-Invalid-,-Invalid-
5/22/2009 13:20,-Invalid-,-Invalid-,-Invalid-,-Invalid-,-Invalid-,-Invalid-,-Invalid-,-Invalid-,-Invalid-,-Invalid-
5/22/2009 13:30,-Invalid-,-Invalid-,-Invalid-,-Invalid-,-Invalid-,-Invalid-,-Invalid-,-Invalid-,-Invalid-,-Invalid-
5/22/2009 13:40,-Invalid-,-Invalid-,-Invalid-,-Invalid-,-Invalid-,-Invalid-,-Invalid-,-Invalid-,-Invalid-,-Invalid-
5/22/2009 13:50,-Invalid-,-Invalid-,-Invalid-,-Invalid-,-Invalid-,-Invalid-,-Invalid-,-Invalid-,-Invalid-,-Invalid-
5/22/2009 14:00,-Invalid-,-Invalid-,-Invalid-,-Invalid-,-Invalid-,-Invalid-,-Invalid-,-Invalid-,-Invalid-,-Invalid-
5/22/2009 14:10,-Invalid-,-Invalid-,-Invalid-,-Invalid-,-Invalid-,-Invalid-,-Invalid-,-Invalid-,-Invalid-,-Invalid-
5/22/2009 14:20,-Invalid-,-Invalid-,-Invalid-,-Invalid-,-Invalid-,-Invalid-,-Invalid-,-Invalid-,-Invalid-,-Invalid-
5/22/2009 14:30,-Invalid-,-Invalid-,-Invalid-,-Invalid-,-Invalid-,-Invalid-,-Invalid-,-Invalid-,-Invalid-,-Invalid-
5/22/2009 14:40,-Invalid-,-Invalid-,-Invalid-,-Invalid-,-Invalid-,-Invalid-,-Invalid-,-Invalid-,-Invalid-,-Invalid-
5/22/2009 14:50,-Invalid-,-Invalid-,-Invalid-,-Invalid-,-Invalid-,-Invalid-,-Invalid-,-Invalid-,-Invalid-,-Invalid-
5/22/2009 15:00,-Invalid-,-Invalid-,-Invalid-,-Invalid-,-Invalid-,-Invalid-,-Invalid-,-Invalid-,-Invalid-,-Invalid-
5/22/2009 15:10,-Invalid-,-Invalid-,-Invalid-,-Invalid-,-Invalid-,-Invalid-,-Invalid-,-Invalid-,-Invalid-,-Invalid-
5/22/2009 15:20,-Invalid-,-Invalid-,-Invalid-,-Invalid-,-Invalid-,-Invalid-,-Invalid-,-Invalid-,-Invalid-,-Invalid-
5/22/2009 15:30,-Invalid-,-Invalid-,-Invalid-,-Invalid-,-Invalid-,-Invalid-,-Invalid-,-Invalid-,-Invalid-,-Invalid-
5/22/2009 15:40,-Invalid-,-Invalid-,-Invalid-,-Invalid-,-Invalid-,-Invalid-,-Invalid-,-Invalid-,-Invalid-,-Invalid-
5/22/2009 15:50,-Invalid-,-Invalid-,-Invalid-,-Invalid-,-Invalid-,-Invalid-,-Invalid-,-Invalid-,-Invalid-,-Invalid-
5/22/2009 16:00,-Invalid-,-Invalid-,-Invalid-,-Invalid-,-Invalid-,-Invalid-,-Invalid-,-Invalid-,-Invalid-,-Invalid-
5/22/2009 16:10,-Invalid-,-Invalid-,-Invalid-,-Invalid-,-Invalid-,-Invalid-,-Invalid-,-Invalid-,-Invalid-,-Invalid-
5/22/2009 16:20,-Invalid-,-Invalid-,-Invalid-,-Invalid-,-Invalid-,-Invalid-,-Invalid-,-Invalid-,-Invalid-,-Invalid-
5/22/2009 16:30,-Invalid-,-Invalid-,-Invalid-,-Invalid-,-Invalid-,-Invalid-,-Invalid-,-Invalid-,-Invalid-,-Invalid-
5/22/2009 16:40,-Invalid-,-Invalid-,-Invalid-,-Invalid-,-Invalid-,-Invalid-,-Invalid-,-Invalid-,-Invalid-,-Invalid-
5/22/2009 16:50,-Invalid-,-Invalid-,-Invalid-,-Invalid-,-Invalid-,-Invalid-,-Invalid-,-Invalid-,-Invalid-,-Invalid-
5/22/2009 17:00,-Invalid-,-Invalid-,-Invalid-,-Invalid-,-Invalid-,-Invalid-,-Invalid-,-Invalid-,-Invalid-,-Invalid-
5/22/2009 17:10,-Invalid-,-Invalid-,-Invalid-,-Invalid-,-Invalid-,-Invalid-,-Invalid-,-Invalid-,-Invalid-,-Invalid-
5/22/2009 17:20,-Invalid-,-Invalid-,-Invalid-,-Invalid-,-Invalid-,-Invalid-,-Invalid-,-Invalid-,-Invalid-,-Invalid-
5/22/2009 17:30,-Invalid-,-Invalid-,-Invalid-,-Invalid-,-Invalid-,-Invalid-,-Invalid-,-Invalid-,-Invalid-,-Invalid-
5/22/2009 17:40,-Invalid-,-Invalid-,-Invalid-,-Invalid-,-Invalid-,-Invalid-,-Invalid-,-Invalid-,-Invalid-,-Invalid-
5/22/2009 17:50,-Invalid-,-Invalid-,-Invalid-,-Invalid-,-Invalid-,-Invalid-,-Invalid-,-Invalid-,-Invalid-,-Invalid-
5/22/2009 18:00,-Invalid-,-Invalid-,-Invalid-,-Invalid-,-Invalid-,-Invalid-,-Invalid-,-Invalid-,-Invalid-,-Invalid-
5/22/2009 18:10,-Invalid-,-Invalid-,-Invalid-,-Invalid-,-Invalid-,-Invalid-,-Invalid-,-Invalid-,-Invalid-,-Invalid-
5/22/2009 18:20,-Invalid-,-Invalid-,-Invalid-,-Invalid-,-Invalid-,-Invalid-,-Invalid-,-Invalid-,-Invalid-,-Invalid-
5/22/2009 18:30,-Invalid-,-Invalid-,-Invalid-,-Invalid-,-Invalid-,-Invalid-,-Invalid-,-Invalid-,-Invalid-,-Invalid-
5/22/2009 18:40,-Invalid-,-Invalid-,-Invalid-,-Invalid-,-Invalid-,-Invalid-,-Invalid-,-Invalid-,-Invalid-,-Invalid-
5/22/2009 18:50,-Invalid-,-Invalid-,-Invalid-,-Invalid-,-Invalid-,-Invalid-,-Invalid-,-Invalid-,-Invalid-,-Invalid-
5/22/2009 19:00,-Invalid-,-Invalid-,-Invalid-,-Invalid-,-Invalid-,-Invalid-,-Invalid-,-Invalid-,-Invalid-,-Invalid-
5/22/2009 19:10,-Invalid-,-Invalid-,-Invalid-,-Invalid-,-Invalid-,-Invalid-,-Invalid-,-Invalid-,-Invalid-,-Invalid-
5/22/2009 19:20,-Invalid-,-Invalid-,-Invalid-,-Invalid-,-Invalid-,-Invalid-,-Invalid-,-Invalid-,-Invalid-,-Invalid-
5/22/2009 19:30,-Invalid-,-Invalid-,-Invalid-,-Invalid-,-Invalid-,-Invalid-,-Invalid-,-Invalid-,-Invalid-,-Invalid-
5/22/2009 19:40,-Invalid-,-Invalid-,-Invalid-,-Invalid-,-Invalid-,-Invalid-,-Invalid-,-Invalid-,-Invalid-,-Invalid-
5/22/2009 19:50,-Invalid-,-Invalid-,-Invalid-,-Invalid-,-Invalid-,-Invalid-,-Invalid-,-Invalid-,-Invalid-,-Invalid-
5/22/2009 20:00,-Invalid-,-Invalid-,-Invalid-,-Invalid-,-Invalid-,-Invalid-,-Invalid-,-Invalid-,-Invalid-,-Invalid-
5/22/2009 20:10,-Invalid-,-Invalid-,-Invalid-,-Invalid-,-Invalid-,-Invalid-,-Invalid-,-Invalid-,-Invalid-,-Invalid-
5/22/2009 20:20,-Invalid-,-Invalid-,-Invalid-,-Invalid-,-Invalid-,-Invalid-,-Invalid-,-Invalid-,-Invalid-,-Invalid-
5/22/2009 20:30,-Invalid-,-Invalid-,-Invalid-,-Invalid-,-Invalid-,-Invalid-,-Invalid-,-Invalid-,-Invalid-,-Invalid-
5/22/2009 20:40,-Invalid-,-Invalid-,-Invalid-,-Invalid-,-Invalid-,-Invalid-,-Invalid-,-Invalid-,-Invalid-,-Invalid-
5/22/2009 20:50,-Invalid-,-Invalid-,-Invalid-,-Invalid-,-Invalid-,-Invalid-,-Invalid-,-Invalid-,-Invalid-,-Invalid-
5/22/2009 21:00,-Invalid-,-Invalid-,-Invalid-,-Invalid-,-Invalid-,-Invalid-,-Invalid-,-Invalid-,-Invalid-,-Invalid-
5/22/2009 21:10,-Invalid-,-Invalid-,-Invalid-,-Invalid-,-Invalid-,-Invalid-,-Invalid-,-Invalid-,-Invalid-,-Invalid-
5/22/2009 21:20,-Invalid-,-Invalid-,-Invalid-,-Invalid-,-Invalid-,-Invalid-,-Invalid-,-Invalid-,-Invalid-,-Invalid-
5/22/2009 21:30,-Invalid-,-Invalid-,-Invalid-,-Invalid-,-Invalid-,-Invalid-,-Invalid-,-Invalid-,-Invalid-,-Invalid-
5/22/2009 21:40,-Invalid-,-Invalid-,-Invalid-,-Invalid-,-Invalid-,-Invalid-,-Invalid-,-Invalid-,-Invalid-,-Invalid-
5/22/2009 21:50,-Invalid-,-Invalid-,-Invalid-,-Invalid-,-Invalid-,-Invalid-,-Invalid-,-Invalid-,-Invalid-,-Invalid-
5/22/2009 22:00,-Invalid-,-Invalid-,-Invalid-,-Invalid-,-Invalid-,-Invalid-,-Invalid-,-Invalid-,-Invalid-,-Invalid-
5/22/2009 22:10,-Invalid-,-Invalid-,-Invalid-,-Invalid-,-Invalid-,-Invalid-,-Invalid-,-Invalid-,-Invalid-,-Invalid-
5/22/2009 22:20,-Invalid-,-Invalid-,-Invalid-,-Invalid-,-Invalid-,-Invalid-,-Invalid-,-Invalid-,-Invalid-,-Invalid-
5/22/2009 22:30,-Invalid-,-Invalid-,-Invalid-,-Invalid-,-Invalid-,-Invalid-,-Invalid-,-Invalid-,-Invalid-,-Invalid-
5/22/2009 22:40,-Invalid-,-Invalid-,-Invalid-,-Invalid-,-Invalid-,-Invalid-,-Invalid-,-Invalid-,-Invalid-,-Invalid-
5/22/2009 22:50,-Invalid-,-Invalid-,-Invalid-,-Invalid-,-Invalid-,-Invalid-,-Invalid-,-Invalid-,-Invalid-,-Invalid-
5/22/2009 23:00,-Invalid-,-Invalid-,-Invalid-,-Invalid-,-Invalid-,-Invalid-,-Invalid-,-Invalid-,-Invalid-,-Invalid-
5/22/2009 23:10,-Invalid-,-Invalid-,-Invalid-,-Invalid-,-Invalid-,-Invalid-,-Invalid-,-Invalid-,-Invalid-,-Invalid-
5/22/2009 23:20,-Invalid-,-Invalid-,-Invalid-,-Invalid-,-Invalid-,-Invalid-,-Invalid-,-Invalid-,-Invalid-,-Invalid-
5/22/2009 23:30,-Invalid-,-Invalid-,-Invalid-,-Invalid-,-Invalid-,-Invalid-,-Invalid-,-Invalid-,-Invalid-,-Invalid-
5/22/2009 23:40,-Invalid-,-Invalid-,-Invalid-,-Invalid-,-Invalid-,-Invalid-,-Invalid-,-Invalid-,-Invalid-,-Invalid-
5/22/2009 23:50,-Invalid-,-Invalid-,-Invalid-,-Invalid-,-Invalid-,-Invalid-,-Invalid-,-Invalid-,-Invalid-,-Invalid-
5/23/2009 0:00,-Invalid-,-Invalid-,-Invalid-,-Invalid-,-Invalid-,-Invalid-,-Invalid-,-Invalid-,-Invalid-,-Invalid-
5/23/2009 0:10,-Invalid-,-Invalid-,-Invalid-,-Invalid-,-Invalid-,-Invalid-,-Invalid-,-Invalid-,-Invalid-,-Invalid-
5/23/2009 0:20,-Invalid-,-Invalid-,-Invalid-,-Invalid-,-Invalid-,-Invalid-,-Invalid-,-Invalid-,-Invalid-,-Invalid-
5/23/2009 0:30,-Invalid-,-Invalid-,-Invalid-,-Invalid-,-Invalid-,-Invalid-,-Invalid-,-Invalid-,-Invalid-,-Invalid-
5/23/2009 0:40,-Invalid-,-Invalid-,-Invalid-,-Invalid-,-Invalid-,-Invalid-,-Invalid-,-Invalid-,-Invalid-,-Invalid-
5/23/2009 0:50,-Invalid-,-Invalid-,-Invalid-,-Invalid-,-Invalid-,-Invalid-,-Invalid-,-Invalid-,-Invalid-,-Invalid-
5/23/2009 1:00,-Invalid-,-Invalid-,-Invalid-,-Invalid-,-Invalid-,-Invalid-,-Invalid-,-Invalid-,-Invalid-,-Invalid-
5/23/2009 1:10,-Invalid-,-Invalid-,-Invalid-,-Invalid-,-Invalid-,-Invalid-,-Invalid-,-Invalid-,-Invalid-,-Invalid-
5/23/2009 1:20,-Invalid-,-Invalid-,-Invalid-,-Invalid-,-Invalid-,-Invalid-,-Invalid-,-Invalid-,-Invalid-,-Invalid-
5/23/2009 1:30,-Invalid-,-Invalid-,-Invalid-,-Invalid-,-Invalid-,-Invalid-,-Invalid-,-Invalid-,-Invalid-,-Invalid-
5/23/2009 1:40,-Invalid-,-Invalid-,-Invalid-,-Invalid-,-Invalid-,-Invalid-,-Invalid-,-Invalid-,-Invalid-,-Invalid-
5/23/2009 1:50,-Invalid-,-Invalid-,-Invalid-,-Invalid-,-Invalid-,-Invalid-,-Invalid-,-Invalid-,-Invalid-,-Invalid-
5/23/2009 2:00,-Invalid-,-Invalid-,-Invalid-,-Invalid-,-Invalid-,-Invalid-,-Invalid-,-Invalid-,-Invalid-,-Invalid-
5/23/2009 2:10,-Invalid-,-Invalid-,-Invalid-,-Invalid-,-Invalid-,-Invalid-,-Invalid-,-Invalid-,-Invalid-,-Invalid-
5/23/2009 2:20,-Invalid-,-Invalid-,-Invalid-,-Invalid-,-Invalid-,-Invalid-,-Invalid-,-Invalid-,-Invalid-,-Invalid-
5/23/2009 2:30,-Invalid-,-Invalid-,-Invalid-,-Invalid-,-Invalid-,-Invalid-,-Invalid-,-Invalid-,-Invalid-,-Invalid-
5/23/2009 2:40,-Invalid-,-Invalid-,-Invalid-,-Invalid-,-Invalid-,-Invalid-,-Invalid-,-Invalid-,-Invalid-,-Invalid-
5/23/2009 2:50,-Invalid-,-Invalid-,-Invalid-,-Invalid-,-Invalid-,-Invalid-,-Invalid-,-Invalid-,-Invalid-,-Invalid-
5/23/2009 3:00,-Invalid-,-Invalid-,-Invalid-,-Invalid-,-Invalid-,-Invalid-,-Invalid-,-Invalid-,-Invalid-,-Invalid-
5/23/2009 3:10,-Invalid-,-Invalid-,-Invalid-,-Invalid-,-Invalid-,-Invalid-,-Invalid-,-Invalid-,-Invalid-,-Invalid-
5/23/2009 3:20,-Invalid-,-Invalid-,-Invalid-,-Invalid-,-Invalid-,-Invalid-,-Invalid-,-Invalid-,-Invalid-,-Invalid-
5/23/2009 3:30,-Invalid-,-Invalid-,-Invalid-,-Invalid-,-Invalid-,-Invalid-,-Invalid-,-Invalid-,-Invalid-,-Invalid-
5/23/2009 3:40,-Invalid-,-Invalid-,-Invalid-,-Invalid-,-Invalid-,-Invalid-,-Invalid-,-Invalid-,-Invalid-,-Invalid-
5/23/2009 3:50,-Invalid-,-Invalid-,-Invalid-,-Invalid-,-Invalid-,-Invalid-,-Invalid-,-Invalid-,-Invalid-,-Invalid-
5/23/2009 4:00,-Invalid-,-Invalid-,-Invalid-,-Invalid-,-Invalid-,-Invalid-,-Invalid-,-Invalid-,-Invalid-,-Invalid-
5/23/2009 4:10,-Invalid-,-Invalid-,-Invalid-,-Invalid-,-Invalid-,-Invalid-,-Invalid-,-Invalid-,-Invalid-,-Invalid-
5/23/2009 4:20,-Invalid-,-Invalid-,-Invalid-,-Invalid-,-Invalid-,-Invalid-,-Invalid-,-Invalid-,-Invalid-,-Invalid-
5/23/2009 4:30,-Invalid-,-Invalid-,-Invalid-,-Invalid-,-Invalid-,-Invalid-,-Invalid-,-Invalid-,-Invalid-,-Invalid-
5/23/2009 4:40,-Invalid-,-Invalid-,-Invalid-,-Invalid-,-Invalid-,-Invalid-,-Invalid-,-Invalid-,-Invalid-,-Invalid-
5/23/2009 4:50,-Invalid-,-Invalid-,-Invalid-,-Invalid-,-Invalid-,-Invalid-,-Invalid-,-Invalid-,-Invalid-,-Invalid-
5/23/2009 5:00,-Invalid-,-Invalid-,-Invalid-,-Invalid-,-Invalid-,-Invalid-,-Invalid-,-Invalid-,-Invalid-,-Invalid-
5/23/2009 5:10,-Invalid-,-Invalid-,-Invalid-,-Invalid-,-Invalid-,-Invalid-,-Invalid-,-Invalid-,-Invalid-,-Invalid-
5/23/2009 5:20,-Invalid-,-Invalid-,-Invalid-,-Invalid-,-Invalid-,-Invalid-,-Invalid-,-Invalid-,-Invalid-,-Invalid-
5/23/2009 5:30,-Invalid-,-Invalid-,-Invalid-,-Invalid-,-Invalid-,-Invalid-,-Invalid-,-Invalid-,-Invalid-,-Invalid-
5/23/2009 5:40,-Invalid-,-Invalid-,-Invalid-,-Invalid-,-Invalid-,-Invalid-,-Invalid-,-Invalid-,-Invalid-,-Invalid-
5/23/2009 5:50,-Invalid-,-Invalid-,-Invalid-,-Invalid-,-Invalid-,-Invalid-,-Invalid-,-Invalid-,-Invalid-,-Invalid-
5/23/2009 6:00,-Invalid-,-Invalid-,-Invalid-,-Invalid-,-Invalid-,-Invalid-,-Invalid-,-Invalid-,-Invalid-,-Invalid-
5/23/2009 6:10,-Invalid-,-Invalid-,-Invalid-,-Invalid-,-Invalid-,-Invalid-,-Invalid-,-Invalid-,-Invalid-,-Invalid-
5/23/2009 6:20,-Invalid-,-Invalid-,-Invalid-,-Invalid-,-Invalid-,-Invalid-,-Invalid-,-Invalid-,-Invalid-,-Invalid-
5/23/2009 6:30,-Invalid-,-Invalid-,-Invalid-,-Invalid-,-Invalid-,-Invalid-,-Invalid-,-Invalid-,-Invalid-,-Invalid-
5/23/2009 6:40,-Invalid-,-Invalid-,-Invalid-,-Invalid-,-Invalid-,-Invalid-,-Invalid-,-Invalid-,-Invalid-,-Invalid-
5/23/2009 6:50,-Invalid-,-Invalid-,-Invalid-,-Invalid-,-Invalid-,-Invalid-,-Invalid-,-Invalid-,-Invalid-,-Invalid-
5/23/2009 7:00,-Invalid-,-Invalid-,-Invalid-,-Invalid-,-Invalid-,-Invalid-,-Invalid-,-Invalid-,-Invalid-,-Invalid-
5/23/2009 7:10,-Invalid-,-Invalid-,-Invalid-,-Invalid-,-Invalid-,-Invalid-,-Invalid-,-Invalid-,-Invalid-,-Invalid-
5/23/2009 7:20,-Invalid-,-Invalid-,-Invalid-,-Invalid-,-Invalid-,-Invalid-,-Invalid-,-Invalid-,-Invalid-,-Invalid-
5/23/2009 7:30,-Invalid-,-Invalid-,-Invalid-,-Invalid-,-Invalid-,-Invalid-,-Invalid-,-Invalid-,-Invalid-,-Invalid-
5/23/2009 7:40,-Invalid-,-Invalid-,-Invalid-,-Invalid-,-Invalid-,-Invalid-,-Invalid-,-Invalid-,-Invalid-,-Invalid-
5/23/2009 7:50,-Invalid-,-Invalid-,-Invalid-,-Invalid-,-Invalid-,-Invalid-,-Invalid-,-Invalid-,-Invalid-,-Invalid-
5/23/2009 8:00,-Invalid-,-Invalid-,-Invalid-,-Invalid-,-Invalid-,-Invalid-,-Invalid-,-Invalid-,-Invalid-,-Invalid-
5/23/2009 8:10,-Invalid-,-Invalid-,-Invalid-,-Invalid-,-Invalid-,-Invalid-,-Invalid-,-Invalid-,-Invalid-,-Invalid-
5/23/2009 8:20,-Invalid-,-Invalid-,-Invalid-,-Invalid-,-Invalid-,-Invalid-,-Invalid-,-Invalid-,-Invalid-,-Invalid-
5/23/2009 8:30,-Invalid-,-Invalid-,-Invalid-,-Invalid-,-Invalid-,-Invalid-,-Invalid-,-Invalid-,-Invalid-,-Invalid-
5/23/2009 8:40,-Invalid-,-Invalid-,-Invalid-,-Invalid-,-Invalid-,-Invalid-,-Invalid-,-Invalid-,-Invalid-,-Invalid-
5/23/2009 8:50,-Invalid-,-Invalid-,-Invalid-,-Invalid-,-Invalid-,-Invalid-,-Invalid-,-Invalid-,-Invalid-,-Invalid-
5/23/2009 9:00,-Invalid-,-Invalid-,-Invalid-,-Invalid-,-Invalid-,-Invalid-,-Invalid-,-Invalid-,-Invalid-,-Invalid-
5/23/2009 9:10,-Invalid-,-Invalid-,-Invalid-,-Invalid-,-Invalid-,-Invalid-,-Invalid-,-Invalid-,-Invalid-,-Invalid-
5/23/2009 9:20,-Invalid-,-Invalid-,-Invalid-,-Invalid-,-Invalid-,-Invalid-,-Invalid-,-Invalid-,-Invalid-,-Invalid-
5/23/2009 9:30,-Invalid-,-Invalid-,-Invalid-,-Invalid-,-Invalid-,-Invalid-,-Invalid-,-Invalid-,-Invalid-,-Invalid-
5/23/2009 9:40,-Invalid-,-Invalid-,-Invalid-,-Invalid-,-Invalid-,-Invalid-,-Invalid-,-Invalid-,-Invalid-,-Invalid-
5/23/2009 9:50,-Invalid-,-Invalid-,-Invalid-,-Invalid-,-Invalid-,-Invalid-,-Invalid-,-Invalid-,-Invalid-,-Invalid-
5/23/2009 10:00,-Invalid-,-Invalid-,-Invalid-,-Invalid-,-Invalid-,-Invalid-,-Invalid-,-Invalid-,-Invalid-,-Invalid-
5/23/2009 10:10,-Invalid-,-Invalid-,-Invalid-,-Invalid-,-Invalid-,-Invalid-,-Invalid-,-Invalid-,-Invalid-,-Invalid-
5/23/2009 10:20,-Invalid-,-Invalid-,-Invalid-,-Invalid-,-Invalid-,-Invalid-,-Invalid-,-Invalid-,-Invalid-,-Invalid-
5/23/2009 10:30,-Invalid-,-Invalid-,-Invalid-,-Invalid-,-Invalid-,-Invalid-,-Invalid-,-Invalid-,-Invalid-,-Invalid-
5/23/2009 10:40,-Invalid-,-Invalid-,-Invalid-,-Invalid-,-Invalid-,-Invalid-,-Invalid-,-Invalid-,-Invalid-,-Invalid-
5/23/2009 10:50,-Invalid-,-Invalid-,-Invalid-,-Invalid-,-Invalid-,-Invalid-,-Invalid-,-Invalid-,-Invalid-,-Invalid-
5/23/2009 11:00,-Invalid-,-Invalid-,-Invalid-,-Invalid-,-Invalid-,-Invalid-,-Invalid-,-Invalid-,-Invalid-,-Invalid-
5/23/2009 11:10,-Invalid-,-Invalid-,-Invalid-,-Invalid-,-Invalid-,-Invalid-,-Invalid-,-Invalid-,-Invalid-,-Invalid-
5/23/2009 11:20,-Invalid-,-Invalid-,-Invalid-,-Invalid-,-Invalid-,-Invalid-,-Invalid-,-Invalid-,-Invalid-,-Invalid-
5/23/2009 11:30,-Invalid-,-Invalid-,-Invalid-,-Invalid-,-Invalid-,-Invalid-,-Invalid-,-Invalid-,-Invalid-,-Invalid-
5/23/2009 11:40,-Invalid-,-Invalid-,-Invalid-,-Invalid-,-Invalid-,-Invalid-,-Invalid-,-Invalid-,-Invalid-,-Invalid-
5/23/2009 11:50,-Invalid-,-Invalid-,-Invalid-,-Invalid-,-Invalid-,-Invalid-,-Invalid-,-Invalid-,-Invalid-,-Invalid-
5/23/2009 12:00,-Invalid-,-Invalid-,-Invalid-,-Invalid-,-Invalid-,-Invalid-,-Invalid-,-Invalid-,-Invalid-,-Invalid-
5/23/2009 12:10,-Invalid-,-Invalid-,-Invalid-,-Invalid-,-Invalid-,-Invalid-,-Invalid-,-Invalid-,-Invalid-,-Invalid-
5/23/2009 12:20,-Invalid-,-Invalid-,-Invalid-,-Invalid-,-Invalid-,-Invalid-,-Invalid-,-Invalid-,-Invalid-,-Invalid-
5/23/2009 12:30,-Invalid-,-Invalid-,-Invalid-,-Invalid-,-Invalid-,-Invalid-,-Invalid-,-Invalid-,-Invalid-,-Invalid-
5/23/2009 12:40,-Invalid-,-Invalid-,-Invalid-,-Invalid-,-Invalid-,-Invalid-,-Invalid-,-Invalid-,-Invalid-,-Invalid-
5/23/2009 12:50,-Invalid-,-Invalid-,-Invalid-,-Invalid-,-Invalid-,-Invalid-,-Invalid-,-Invalid-,-Invalid-,-Invalid-
5/23/2009 13:00,-Invalid-,-Invalid-,-Invalid-,-Invalid-,-Invalid-,-Invalid-,-Invalid-,-Invalid-,-Invalid-,-Invalid-
5/23/2009 13:10,-Invalid-,-Invalid-,-Invalid-,-Invalid-,-Invalid-,-Invalid-,-Invalid-,-Invalid-,-Invalid-,-Invalid-
5/23/2009 13:20,-Invalid-,-Invalid-,-Invalid-,-Invalid-,-Invalid-,-Invalid-,-Invalid-,-Invalid-,-Invalid-,-Invalid-
5/23/2009 13:30,-Invalid-,-Invalid-,-Invalid-,-Invalid-,-Invalid-,-Invalid-,-Invalid-,-Invalid-,-Invalid-,-Invalid-
5/23/2009 13:40,-Invalid-,-Invalid-,-Invalid-,-Invalid-,-Invalid-,-Invalid-,-Invalid-,-Invalid-,-Invalid-,-Invalid-
5/23/2009 13:50,-Invalid-,-Invalid-,-Invalid-,-Invalid-,-Invalid-,-Invalid-,-Invalid-,-Invalid-,-Invalid-,-Invalid-
5/23/2009 14:00,-Invalid-,-Invalid-,-Invalid-,-Invalid-,-Invalid-,-Invalid-,-Invalid-,-Invalid-,-Invalid-,-Invalid-
5/23/2009 14:10,-Invalid-,-Invalid-,-Invalid-,-Invalid-,-Invalid-,-Invalid-,-Invalid-,-Invalid-,-Invalid-,-Invalid-
5/23/2009 14:20,-Invalid-,-Invalid-,-Invalid-,-Invalid-,-Invalid-,-Invalid-,-Invalid-,-Invalid-,-Invalid-,-Invalid-
5/23/2009 14:30,-Invalid-,-Invalid-,-Invalid-,-Invalid-,-Invalid-,-Invalid-,-Invalid-,-Invalid-,-Invalid-,-Invalid-
5/23/2009 14:40,-Invalid-,-Invalid-,-Invalid-,-Invalid-,-Invalid-,-Invalid-,-Invalid-,-Invalid-,-Invalid-,-Invalid-
5/23/2009 14:50,-Invalid-,-Invalid-,-Invalid-,-Invalid-,-Invalid-,-Invalid-,-Invalid-,-Invalid-,-Invalid-,-Invalid-
5/23/2009 15:00,-Invalid-,-Invalid-,-Invalid-,-Invalid-,-Invalid-,-Invalid-,-Invalid-,-Invalid-,-Invalid-,-Invalid-
5/23/2009 15:10,-Invalid-,-Invalid-,-Invalid-,-Invalid-,-Invalid-,-Invalid-,-Invalid-,-Invalid-,-Invalid-,-Invalid-
5/23/2009 15:20,-Invalid-,-Invalid-,-Invalid-,-Invalid-,-Invalid-,-Invalid-,-Invalid-,-Invalid-,-Invalid-,-Invalid-
5/23/2009 15:30,-Invalid-,-Invalid-,-Invalid-,-Invalid-,-Invalid-,-Invalid-,-Invalid-,-Invalid-,-Invalid-,-Invalid-
5/23/2009 15:40,-Invalid-,-Invalid-,-Invalid-,-Invalid-,-Invalid-,-Invalid-,-Invalid-,-Invalid-,-Invalid-,-Invalid-
5/23/2009 15:50,-Invalid-,-Invalid-,-Invalid-,-Invalid-,-Invalid-,-Invalid-,-Invalid-,-Invalid-,-Invalid-,-Invalid-
5/23/2009 16:00,-Invalid-,-Invalid-,-Invalid-,-Invalid-,-Invalid-,-Invalid-,-Invalid-,-Invalid-,-Invalid-,-Invalid-
5/23/2009 16:10,-Invalid-,-Invalid-,-Invalid-,-Invalid-,-Invalid-,-Invalid-,-Invalid-,-Invalid-,-Invalid-,-Invalid-
5/23/2009 16:20,-Invalid-,-Invalid-,-Invalid-,-Invalid-,-Invalid-,-Invalid-,-Invalid-,-Invalid-,-Invalid-,-Invalid-
5/23/2009 16:30,-Invalid-,-Invalid-,-Invalid-,-Invalid-,-Invalid-,-Invalid-,-Invalid-,-Invalid-,-Invalid-,-Invalid-
5/23/2009 16:40,-Invalid-,-Invalid-,-Invalid-,-Invalid-,-Invalid-,-Invalid-,-Invalid-,-Invalid-,-Invalid-,-Invalid-
5/23/2009 16:50,-Invalid-,-Invalid-,-Invalid-,-Invalid-,-Invalid-,-Invalid-,-Invalid-,-Invalid-,-Invalid-,-Invalid-
5/23/2009 17:00,-Invalid-,-Invalid-,-Invalid-,-Invalid-,-Invalid-,-Invalid-,-Invalid-,-Invalid-,-Invalid-,-Invalid-
5/23/2009 17:10,-Invalid-,-Invalid-,-Invalid-,-Invalid-,-Invalid-,-Invalid-,-Invalid-,-Invalid-,-Invalid-,-Invalid-
5/23/2009 17:20,-Invalid-,-Invalid-,-Invalid-,-Invalid-,-Invalid-,-Invalid-,-Invalid-,-Invalid-,-Invalid-,-Invalid-
5/23/2009 17:30,-Invalid-,-Invalid-,-Invalid-,-Invalid-,-Invalid-,-Invalid-,-Invalid-,-Invalid-,-Invalid-,-Invalid-
5/23/2009 17:40,-Invalid-,-Invalid-,-Invalid-,-Invalid-,-Invalid-,-Invalid-,-Invalid-,-Invalid-,-Invalid-,-Invalid-
5/23/2009 17:50,-Invalid-,-Invalid-,-Invalid-,-Invalid-,-Invalid-,-Invalid-,-Invalid-,-Invalid-,-Invalid-,-Invalid-
5/23/2009 18:00,-Invalid-,-Invalid-,-Invalid-,-Invalid-,-Invalid-,-Invalid-,-Invalid-,-Invalid-,-Invalid-,-Invalid-
5/23/2009 18:10,-Invalid-,-Invalid-,-Invalid-,-Invalid-,-Invalid-,-Invalid-,-Invalid-,-Invalid-,-Invalid-,-Invalid-
5/23/2009 18:20,-Invalid-,-Invalid-,-Invalid-,-Invalid-,-Invalid-,-Invalid-,-Invalid-,-Invalid-,-Invalid-,-Invalid-
5/23/2009 18:30,-Invalid-,-Invalid-,-Invalid-,-Invalid-,-Invalid-,-Invalid-,-Invalid-,-Invalid-,-Invalid-,-Invalid-
5/23/2009 18:40,-Invalid-,-Invalid-,-Invalid-,-Invalid-,-Invalid-,-Invalid-,-Invalid-,-Invalid-,-Invalid-,-Invalid-
5/23/2009 18:50,-Invalid-,-Invalid-,-Invalid-,-Invalid-,-Invalid-,-Invalid-,-Invalid-,-Invalid-,-Invalid-,-Invalid-
5/23/2009 19:00,-Invalid-,-Invalid-,-Invalid-,-Invalid-,-Invalid-,-Invalid-,-Invalid-,-Invalid-,-Invalid-,-Invalid-
5/23/2009 19:10,-Invalid-,-Invalid-,-Invalid-,-Invalid-,-Invalid-,-Invalid-,-Invalid-,-Invalid-,-Invalid-,-Invalid-
5/23/2009 19:20,-Invalid-,-Invalid-,-Invalid-,-Invalid-,-Invalid-,-Invalid-,-Invalid-,-Invalid-,-Invalid-,-Invalid-
5/23/2009 19:30,-Invalid-,-Invalid-,-Invalid-,-Invalid-,-Invalid-,-Invalid-,-Invalid-,-Invalid-,-Invalid-,-Invalid-
5/23/2009 19:40,-Invalid-,-Invalid-,-Invalid-,-Invalid-,-Invalid-,-Invalid-,-Invalid-,-Invalid-,-Invalid-,-Invalid-
5/23/2009 19:50,-Invalid-,-Invalid-,-Invalid-,-Invalid-,-Invalid-,-Invalid-,-Invalid-,-Invalid-,-Invalid-,-Invalid-
5/23/2009 20:00,-Invalid-,-Invalid-,-Invalid-,-Invalid-,-Invalid-,-Invalid-,-Invalid-,-Invalid-,-Invalid-,-Invalid-
5/23/2009 20:10,-Invalid-,-Invalid-,-Invalid-,-Invalid-,-Invalid-,-Invalid-,-Invalid-,-Invalid-,-Invalid-,-Invalid-
5/23/2009 20:20,-Invalid-,-Invalid-,-Invalid-,-Invalid-,-Invalid-,-Invalid-,-Invalid-,-Invalid-,-Invalid-,-Invalid-
5/23/2009 20:30,-Invalid-,-Invalid-,-Invalid-,-Invalid-,-Invalid-,-Invalid-,-Invalid-,-Invalid-,-Invalid-,-Invalid-
5/23/2009 20:40,-Invalid-,-Invalid-,-Invalid-,-Invalid-,-Invalid-,-Invalid-,-Invalid-,-Invalid-,-Invalid-,-Invalid-
5/23/2009 20:50,-Invalid-,-Invalid-,-Invalid-,-Invalid-,-Invalid-,-Invalid-,-Invalid-,-Invalid-,-Invalid-,-Invalid-
5/23/2009 21:00,-Invalid-,-Invalid-,-Invalid-,-Invalid-,-Invalid-,-Invalid-,-Invalid-,-Invalid-,-Invalid-,-Invalid-
5/23/2009 21:10,-Invalid-,-Invalid-,-Invalid-,-Invalid-,-Invalid-,-Invalid-,-Invalid-,-Invalid-,-Invalid-,-Invalid-
5/23/2009 21:20,-Invalid-,-Invalid-,-Invalid-,-Invalid-,-Invalid-,-Invalid-,-Invalid-,-Invalid-,-Invalid-,-Invalid-
5/23/2009 21:30,-Invalid-,-Invalid-,-Invalid-,-Invalid-,-Invalid-,-Invalid-,-Invalid-,-Invalid-,-Invalid-,-Invalid-
5/23/2009 21:40,-Invalid-,-Invalid-,-Invalid-,-Invalid-,-Invalid-,-Invalid-,-Invalid-,-Invalid-,-Invalid-,-Invalid-
5/23/2009 21:50,-Invalid-,-Invalid-,-Invalid-,-Invalid-,-Invalid-,-Invalid-,-Invalid-,-Invalid-,-Invalid-,-Invalid-
5/23/2009 22:00,-Invalid-,-Invalid-,-Invalid-,-Invalid-,-Invalid-,-Invalid-,-Invalid-,-Invalid-,-Invalid-,-Invalid-
5/23/2009 22:10,-Invalid-,-Invalid-,-Invalid-,-Invalid-,-Invalid-,-Invalid-,-Invalid-,-Invalid-,-Invalid-,-Invalid-
5/23/2009 22:20,-Invalid-,-Invalid-,-Invalid-,-Invalid-,-Invalid-,-Invalid-,-Invalid-,-Invalid-,-Invalid-,-Invalid-
5/23/2009 22:30,-Invalid-,-Invalid-,-Invalid-,-Invalid-,-Invalid-,-Invalid-,-Invalid-,-Invalid-,-Invalid-,-Invalid-
5/23/2009 22:40,-Invalid-,-Invalid-,-Invalid-,-Invalid-,-Invalid-,-Invalid-,-Invalid-,-Invalid-,-Invalid-,-Invalid-
5/23/2009 22:50,-Invalid-,-Invalid-,-Invalid-,-Invalid-,-Invalid-,-Invalid-,-Invalid-,-Invalid-,-Invalid-,-Invalid-
5/23/2009 23:00,-Invalid-,-Invalid-,-Invalid-,-Invalid-,-Invalid-,-Invalid-,-Invalid-,-Invalid-,-Invalid-,-Invalid-
5/23/2009 23:10,-Invalid-,-Invalid-,-Invalid-,-Invalid-,-Invalid-,-Invalid-,-Invalid-,-Invalid-,-Invalid-,-Invalid-
5/23/2009 23:20,-Invalid-,-Invalid-,-Invalid-,-Invalid-,-Invalid-,-Invalid-,-Invalid-,-Invalid-,-Invalid-,-Invalid-
5/23/2009 23:30,-Invalid-,-Invalid-,-Invalid-,-Invalid-,-Invalid-,-Invalid-,-Invalid-,-Invalid-,-Invalid-,-Invalid-
5/23/2009 23:40,-Invalid-,-Invalid-,-Invalid-,-Invalid-,-Invalid-,-Invalid-,-Invalid-,-Invalid-,-Invalid-,-Invalid-
5/23/2009 23:50,-Invalid-,-Invalid-,-Invalid-,-Invalid-,-Invalid-,-Invalid-,-Invalid-,-Invalid-,-Invalid-,-Invalid-
5/24/2009 0:00,-Invalid-,-Invalid-,-Invalid-,-Invalid-,-Invalid-,-Invalid-,-Invalid-,-Invalid-,-Invalid-,-Invalid-
5/24/2009 0:10,-Invalid-,-Invalid-,-Invalid-,-Invalid-,-Invalid-,-Invalid-,-Invalid-,-Invalid-,-Invalid-,-Invalid-
5/24/2009 0:20,-Invalid-,-Invalid-,-Invalid-,-Invalid-,-Invalid-,-Invalid-,-Invalid-,-Invalid-,-Invalid-,-Invalid-
5/24/2009 0:30,-Invalid-,-Invalid-,-Invalid-,-Invalid-,-Invalid-,-Invalid-,-Invalid-,-Invalid-,-Invalid-,-Invalid-
5/24/2009 0:40,-Invalid-,-Invalid-,-Invalid-,-Invalid-,-Invalid-,-Invalid-,-Invalid-,-Invalid-,-Invalid-,-Invalid-
5/24/2009 0:50,-Invalid-,-Invalid-,-Invalid-,-Invalid-,-Invalid-,-Invalid-,-Invalid-,-Invalid-,-Invalid-,-Invalid-
5/24/2009 1:00,-Invalid-,-Invalid-,-Invalid-,-Invalid-,-Invalid-,-Invalid-,-Invalid-,-Invalid-,-Invalid-,-Invalid-
5/24/2009 1:10,-Invalid-,-Invalid-,-Invalid-,-Invalid-,-Invalid-,-Invalid-,-Invalid-,-Invalid-,-Invalid-,-Invalid-
5/24/2009 1:20,-Invalid-,-Invalid-,-Invalid-,-Invalid-,-Invalid-,-Invalid-,-Invalid-,-Invalid-,-Invalid-,-Invalid-
5/24/2009 1:30,-Invalid-,-Invalid-,-Invalid-,-Invalid-,-Invalid-,-Invalid-,-Invalid-,-Invalid-,-Invalid-,-Invalid-
5/24/2009 1:40,-Invalid-,-Invalid-,-Invalid-,-Invalid-,-Invalid-,-Invalid-,-Invalid-,-Invalid-,-Invalid-,-Invalid-
5/24/2009 1:50,-Invalid-,-Invalid-,-Invalid-,-Invalid-,-Invalid-,-Invalid-,-Invalid-,-Invalid-,-Invalid-,-Invalid-
5/24/2009 2:00,-Invalid-,-Invalid-,-Invalid-,-Invalid-,-Invalid-,-Invalid-,-Invalid-,-Invalid-,-Invalid-,-Invalid-
5/24/2009 2:10,-Invalid-,-Invalid-,-Invalid-,-Invalid-,-Invalid-,-Invalid-,-Invalid-,-Invalid-,-Invalid-,-Invalid-
5/24/2009 2:20,-Invalid-,-Invalid-,-Invalid-,-Invalid-,-Invalid-,-Invalid-,-Invalid-,-Invalid-,-Invalid-,-Invalid-
5/24/2009 2:30,-Invalid-,-Invalid-,-Invalid-,-Invalid-,-Invalid-,-Invalid-,-Invalid-,-Invalid-,-Invalid-,-Invalid-
5/24/2009 2:40,-Invalid-,-Invalid-,-Invalid-,-Invalid-,-Invalid-,-Invalid-,-Invalid-,-Invalid-,-Invalid-,-Invalid-
5/24/2009 2:50,-Invalid-,-Invalid-,-Invalid-,-Invalid-,-Invalid-,-Invalid-,-Invalid-,-Invalid-,-Invalid-,-Invalid-
5/24/2009 3:00,-Invalid-,-Invalid-,-Invalid-,-Invalid-,-Invalid-,-Invalid-,-Invalid-,-Invalid-,-Invalid-,-Invalid-
5/24/2009 3:10,-Invalid-,-Invalid-,-Invalid-,-Invalid-,-Invalid-,-Invalid-,-Invalid-,-Invalid-,-Invalid-,-Invalid-
5/24/2009 3:20,-Invalid-,-Invalid-,-Invalid-,-Invalid-,-Invalid-,-Invalid-,-Invalid-,-Invalid-,-Invalid-,-Invalid-
5/24/2009 3:30,-Invalid-,-Invalid-,-Invalid-,-Invalid-,-Invalid-,-Invalid-,-Invalid-,-Invalid-,-Invalid-,-Invalid-
5/24/2009 3:40,-Invalid-,-Invalid-,-Invalid-,-Invalid-,-Invalid-,-Invalid-,-Invalid-,-Invalid-,-Invalid-,-Invalid-
5/24/2009 3:50,-Invalid-,-Invalid-,-Invalid-,-Invalid-,-Invalid-,-Invalid-,-Invalid-,-Invalid-,-Invalid-,-Invalid-
5/24/2009 4:00,-Invalid-,-Invalid-,-Invalid-,-Invalid-,-Invalid-,-Invalid-,-Invalid-,-Invalid-,-Invalid-,-Invalid-
5/24/2009 4:10,-Invalid-,-Invalid-,-Invalid-,-Invalid-,-Invalid-,-Invalid-,-Invalid-,-Invalid-,-Invalid-,-Invalid-
5/24/2009 4:20,-Invalid-,-Invalid-,-Invalid-,-Invalid-,-Invalid-,-Invalid-,-Invalid-,-Invalid-,-Invalid-,-Invalid-
5/24/2009 4:30,-Invalid-,-Invalid-,-Invalid-,-Invalid-,-Invalid-,-Invalid-,-Invalid-,-Invalid-,-Invalid-,-Invalid-
5/24/2009 4:40,-Invalid-,-Invalid-,-Invalid-,-Invalid-,-Invalid-,-Invalid-,-Invalid-,-Invalid-,-Invalid-,-Invalid-
5/24/2009 4:50,-Invalid-,-Invalid-,-Invalid-,-Invalid-,-Invalid-,-Invalid-,-Invalid-,-Invalid-,-Invalid-,-Invalid-
5/24/2009 5:00,-Invalid-,-Invalid-,-Invalid-,-Invalid-,-Invalid-,-Invalid-,-Invalid-,-Invalid-,-Invalid-,-Invalid-
5/24/2009 5:10,-Invalid-,-Invalid-,-Invalid-,-Invalid-,-Invalid-,-Invalid-,-Invalid-,-Invalid-,-Invalid-,-Invalid-
5/24/2009 5:20,-Invalid-,-Invalid-,-Invalid-,-Invalid-,-Invalid-,-Invalid-,-Invalid-,-Invalid-,-Invalid-,-Invalid-
5/24/2009 5:30,-Invalid-,-Invalid-,-Invalid-,-Invalid-,-Invalid-,-Invalid-,-Invalid-,-Invalid-,-Invalid-,-Invalid-
5/24/2009 5:40,-Invalid-,-Invalid-,-Invalid-,-Invalid-,-Invalid-,-Invalid-,-Invalid-,-Invalid-,-Invalid-,-Invalid-
5/24/2009 5:50,-Invalid-,-Invalid-,-Invalid-,-Invalid-,-Invalid-,-Invalid-,-Invalid-,-Invalid-,-Invalid-,-Invalid-
5/24/2009 6:00,-Invalid-,-Invalid-,-Invalid-,-Invalid-,-Invalid-,-Invalid-,-Invalid-,-Invalid-,-Invalid-,-Invalid-
5/24/2009 6:10,-Invalid-,-Invalid-,-Invalid-,-Invalid-,-Invalid-,-Invalid-,-Invalid-,-Invalid-,-Invalid-,-Invalid-
5/24/2009 6:20,-Invalid-,-Invalid-,-Invalid-,-Invalid-,-Invalid-,-Invalid-,-Invalid-,-Invalid-,-Invalid-,-Invalid-
5/24/2009 6:30,-Invalid-,-Invalid-,-Invalid-,-Invalid-,-Invalid-,-Invalid-,-Invalid-,-Invalid-,-Invalid-,-Invalid-
5/24/2009 6:40,-Invalid-,-Invalid-,-Invalid-,-Invalid-,-Invalid-,-Invalid-,-Invalid-,-Invalid-,-Invalid-,-Invalid-
5/24/2009 6:50,-Invalid-,-Invalid-,-Invalid-,-Invalid-,-Invalid-,-Invalid-,-Invalid-,-Invalid-,-Invalid-,-Invalid-
5/24/2009 7:00,-Invalid-,-Invalid-,-Invalid-,-Invalid-,-Invalid-,-Invalid-,-Invalid-,-Invalid-,-Invalid-,-Invalid-
5/24/2009 7:10,-Invalid-,-Invalid-,-Invalid-,-Invalid-,-Invalid-,-Invalid-,-Invalid-,-Invalid-,-Invalid-,-Invalid-
5/24/2009 7:20,-Invalid-,-Invalid-,-Invalid-,-Invalid-,-Invalid-,-Invalid-,-Invalid-,-Invalid-,-Invalid-,-Invalid-
5/24/2009 7:30,-Invalid-,-Invalid-,-Invalid-,-Invalid-,-Invalid-,-Invalid-,-Invalid-,-Invalid-,-Invalid-,-Invalid-
5/24/2009 7:40,-Invalid-,-Invalid-,-Invalid-,-Invalid-,-Invalid-,-Invalid-,-Invalid-,-Invalid-,-Invalid-,-Invalid-
5/24/2009 7:50,-Invalid-,-Invalid-,-Invalid-,-Invalid-,-Invalid-,-Invalid-,-Invalid-,-Invalid-,-Invalid-,-Invalid-
5/24/2009 8:00,-Invalid-,-Invalid-,-Invalid-,-Invalid-,-Invalid-,-Invalid-,-Invalid-,-Invalid-,-Invalid-,-Invalid-
5/24/2009 8:10,-Invalid-,-Invalid-,-Invalid-,-Invalid-,-Invalid-,-Invalid-,-Invalid-,-Invalid-,-Invalid-,-Invalid-
5/24/2009 8:20,-Invalid-,-Invalid-,-Invalid-,-Invalid-,-Invalid-,-Invalid-,-Invalid-,-Invalid-,-Invalid-,-Invalid-
5/24/2009 8:30,-Invalid-,-Invalid-,-Invalid-,-Invalid-,-Invalid-,-Invalid-,-Invalid-,-Invalid-,-Invalid-,-Invalid-
5/24/2009 8:40,-Invalid-,-Invalid-,-Invalid-,-Invalid-,-Invalid-,-Invalid-,-Invalid-,-Invalid-,-Invalid-,-Invalid-
5/24/2009 8:50,-Invalid-,-Invalid-,-Invalid-,-Invalid-,-Invalid-,-Invalid-,-Invalid-,-Invalid-,-Invalid-,-Invalid-
5/24/2009 9:00,-Invalid-,-Invalid-,-Invalid-,-Invalid-,-Invalid-,-Invalid-,-Invalid-,-Invalid-,-Invalid-,-Invalid-
5/24/2009 9:10,-Invalid-,-Invalid-,-Invalid-,-Invalid-,-Invalid-,-Invalid-,-Invalid-,-Invalid-,-Invalid-,-Invalid-
5/24/2009 9:20,-Invalid-,-Invalid-,-Invalid-,-Invalid-,-Invalid-,-Invalid-,-Invalid-,-Invalid-,-Invalid-,-Invalid-
5/24/2009 9:30,-Invalid-,-Invalid-,-Invalid-,-Invalid-,-Invalid-,-Invalid-,-Invalid-,-Invalid-,-Invalid-,-Invalid-
5/24/2009 9:40,-Invalid-,-Invalid-,-Invalid-,-Invalid-,-Invalid-,-Invalid-,-Invalid-,-Invalid-,-Invalid-,-Invalid-
5/24/2009 9:50,-Invalid-,-Invalid-,-Invalid-,-Invalid-,-Invalid-,-Invalid-,-Invalid-,-Invalid-,-Invalid-,-Invalid-
5/24/2009 10:00,-Invalid-,-Invalid-,-Invalid-,-Invalid-,-Invalid-,-Invalid-,-Invalid-,-Invalid-,-Invalid-,-Invalid-
5/24/2009 10:10,-Invalid-,-Invalid-,-Invalid-,-Invalid-,-Invalid-,-Invalid-,-Invalid-,-Invalid-,-Invalid-,-Invalid-
5/24/2009 10:20,-Invalid-,-Invalid-,-Invalid-,-Invalid-,-Invalid-,-Invalid-,-Invalid-,-Invalid-,-Invalid-,-Invalid-
5/24/2009 10:30,-Invalid-,-Invalid-,-Invalid-,-Invalid-,-Invalid-,-Invalid-,-Invalid-,-Invalid-,-Invalid-,-Invalid-
5/24/2009 10:40,-Invalid-,-Invalid-,-Invalid-,-Invalid-,-Invalid-,-Invalid-,-Invalid-,-Invalid-,-Invalid-,-Invalid-
5/24/2009 10:50,-Invalid-,-Invalid-,-Invalid-,-Invalid-,-Invalid-,-Invalid-,-Invalid-,-Invalid-,-Invalid-,-Invalid-
5/24/2009 11:00,-Invalid-,-Invalid-,-Invalid-,-Invalid-,-Invalid-,-Invalid-,-Invalid-,-Invalid-,-Invalid-,-Invalid-
5/24/2009 11:10,-Invalid-,-Invalid-,-Invalid-,-Invalid-,-Invalid-,-Invalid-,-Invalid-,-Invalid-,-Invalid-,-Invalid-
5/24/2009 11:20,-Invalid-,-Invalid-,-Invalid-,-Invalid-,-Invalid-,-Invalid-,-Invalid-,-Invalid-,-Invalid-,-Invalid-
5/24/2009 11:30,-Invalid-,-Invalid-,-Invalid-,-Invalid-,-Invalid-,-Invalid-,-Invalid-,-Invalid-,-Invalid-,-Invalid-
5/24/2009 11:40,-Invalid-,-Invalid-,-Invalid-,-Invalid-,-Invalid-,-Invalid-,-Invalid-,-Invalid-,-Invalid-,-Invalid-
5/24/2009 11:50,-Invalid-,-Invalid-,-Invalid-,-Invalid-,-Invalid-,-Invalid-,-Invalid-,-Invalid-,-Invalid-,-Invalid-
5/24/2009 12:00,-Invalid-,-Invalid-,-Invalid-,-Invalid-,-Invalid-,-Invalid-,-Invalid-,-Invalid-,-Invalid-,-Invalid-
5/24/2009 12:10,-Invalid-,-Invalid-,-Invalid-,-Invalid-,-Invalid-,-Invalid-,-Invalid-,-Invalid-,-Invalid-,-Invalid-
5/24/2009 12:20,-Invalid-,-Invalid-,-Invalid-,-Invalid-,-Invalid-,-Invalid-,-Invalid-,-Invalid-,-Invalid-,-Invalid-
5/24/2009 12:30,-Invalid-,-Invalid-,-Invalid-,-Invalid-,-Invalid-,-Invalid-,-Invalid-,-Invalid-,-Invalid-,-Invalid-
5/24/2009 12:40,-Invalid-,-Invalid-,-Invalid-,-Invalid-,-Invalid-,-Invalid-,-Invalid-,-Invalid-,-Invalid-,-Invalid-
5/24/2009 12:50,-Invalid-,-Invalid-,-Invalid-,-Invalid-,-Invalid-,-Invalid-,-Invalid-,-Invalid-,-Invalid-,-Invalid-
5/24/2009 13:00,-Invalid-,-Invalid-,-Invalid-,-Invalid-,-Invalid-,-Invalid-,-Invalid-,-Invalid-,-Invalid-,-Invalid-
5/24/2009 13:10,-Invalid-,-Invalid-,-Invalid-,-Invalid-,-Invalid-,-Invalid-,-Invalid-,-Invalid-,-Invalid-,-Invalid-
5/24/2009 13:20,-Invalid-,-Invalid-,-Invalid-,-Invalid-,-Invalid-,-Invalid-,-Invalid-,-Invalid-,-Invalid-,-Invalid-
5/24/2009 13:30,-Invalid-,-Invalid-,-Invalid-,-Invalid-,-Invalid-,-Invalid-,-Invalid-,-Invalid-,-Invalid-,-Invalid-
5/24/2009 13:40,-Invalid-,-Invalid-,-Invalid-,-Invalid-,-Invalid-,-Invalid-,-Invalid-,-Invalid-,-Invalid-,-Invalid-
5/24/2009 13:50,-Invalid-,-Invalid-,-Invalid-,-Invalid-,-Invalid-,-Invalid-,-Invalid-,-Invalid-,-Invalid-,-Invalid-
5/24/2009 14:00,-Invalid-,-Invalid-,-Invalid-,-Invalid-,-Invalid-,-Invalid-,-Invalid-,-Invalid-,-Invalid-,-Invalid-
5/24/2009 14:10,-Invalid-,-Invalid-,-Invalid-,-Invalid-,-Invalid-,-Invalid-,-Invalid-,-Invalid-,-Invalid-,-Invalid-
5/24/2009 14:20,-Invalid-,-Invalid-,-Invalid-,-Invalid-,-Invalid-,-Invalid-,-Invalid-,-Invalid-,-Invalid-,-Invalid-
5/24/2009 14:30,-Invalid-,-Invalid-,-Invalid-,-Invalid-,-Invalid-,-Invalid-,-Invalid-,-Invalid-,-Invalid-,-Invalid-
5/24/2009 14:40,-Invalid-,-Invalid-,-Invalid-,-Invalid-,-Invalid-,-Invalid-,-Invalid-,-Invalid-,-Invalid-,-Invalid-
5/24/2009 14:50,-Invalid-,-Invalid-,-Invalid-,-Invalid-,-Invalid-,-Invalid-,-Invalid-,-Invalid-,-Invalid-,-Invalid-
5/24/2009 15:00,-Invalid-,-Invalid-,-Invalid-,-Invalid-,-Invalid-,-Invalid-,-Invalid-,-Invalid-,-Invalid-,-Invalid-
5/24/2009 15:10,-Invalid-,-Invalid-,-Invalid-,-Invalid-,-Invalid-,-Invalid-,-Invalid-,-Invalid-,-Invalid-,-Invalid-
5/24/2009 15:20,-Invalid-,-Invalid-,-Invalid-,-Invalid-,-Invalid-,-Invalid-,-Invalid-,-Invalid-,-Invalid-,-Invalid-
5/24/2009 15:30,-Invalid-,-Invalid-,-Invalid-,-Invalid-,-Invalid-,-Invalid-,-Invalid-,-Invalid-,-Invalid-,-Invalid-
5/24/2009 15:40,-Invalid-,-Invalid-,-Invalid-,-Invalid-,-Invalid-,-Invalid-,-Invalid-,-Invalid-,-Invalid-,-Invalid-
5/24/2009 15:50,-Invalid-,-Invalid-,-Invalid-,-Invalid-,-Invalid-,-Invalid-,-Invalid-,-Invalid-,-Invalid-,-Invalid-
5/24/2009 16:00,-Invalid-,-Invalid-,-Invalid-,-Invalid-,-Invalid-,-Invalid-,-Invalid-,-Invalid-,-Invalid-,-Invalid-
5/24/2009 16:10,-Invalid-,-Invalid-,-Invalid-,-Invalid-,-Invalid-,-Invalid-,-Invalid-,-Invalid-,-Invalid-,-Invalid-
5/24/2009 16:20,-Invalid-,-Invalid-,-Invalid-,-Invalid-,-Invalid-,-Invalid-,-Invalid-,-Invalid-,-Invalid-,-Invalid-
5/24/2009 16:30,-Invalid-,-Invalid-,-Invalid-,-Invalid-,-Invalid-,-Invalid-,-Invalid-,-Invalid-,-Invalid-,-Invalid-
5/24/2009 16:40,-Invalid-,-Invalid-,-Invalid-,-Invalid-,-Invalid-,-Invalid-,-Invalid-,-Invalid-,-Invalid-,-Invalid-
5/24/2009 16:50,-Invalid-,-Invalid-,-Invalid-,-Invalid-,-Invalid-,-Invalid-,-Invalid-,-Invalid-,-Invalid-,-Invalid-
5/24/2009 17:00,-Invalid-,-Invalid-,-Invalid-,-Invalid-,-Invalid-,-Invalid-,-Invalid-,-Invalid-,-Invalid-,-Invalid-
5/24/2009 17:10,-Invalid-,-Invalid-,-Invalid-,-Invalid-,-Invalid-,-Invalid-,-Invalid-,-Invalid-,-Invalid-,-Invalid-
5/24/2009 17:20,-Invalid-,-Invalid-,-Invalid-,-Invalid-,-Invalid-,-Invalid-,-Invalid-,-Invalid-,-Invalid-,-Invalid-
5/24/2009 17:30,-Invalid-,-Invalid-,-Invalid-,-Invalid-,-Invalid-,-Invalid-,-Invalid-,-Invalid-,-Invalid-,-Invalid-
5/24/2009 17:40,-Invalid-,-Invalid-,-Invalid-,-Invalid-,-Invalid-,-Invalid-,-Invalid-,-Invalid-,-Invalid-,-Invalid-
5/24/2009 17:50,-Invalid-,-Invalid-,-Invalid-,-Invalid-,-Invalid-,-Invalid-,-Invalid-,-Invalid-,-Invalid-,-Invalid-
5/24/2009 18:00,-Invalid-,-Invalid-,-Invalid-,-Invalid-,-Invalid-,-Invalid-,-Invalid-,-Invalid-,-Invalid-,-Invalid-
5/24/2009 18:10,-Invalid-,-Invalid-,-Invalid-,-Invalid-,-Invalid-,-Invalid-,-Invalid-,-Invalid-,-Invalid-,-Invalid-
5/24/2009 18:20,-Invalid-,-Invalid-,-Invalid-,-Invalid-,-Invalid-,-Invalid-,-Invalid-,-Invalid-,-Invalid-,-Invalid-
5/24/2009 18:30,-Invalid-,-Invalid-,-Invalid-,-Invalid-,-Invalid-,-Invalid-,-Invalid-,-Invalid-,-Invalid-,-Invalid-
5/24/2009 18:40,-Invalid-,-Invalid-,-Invalid-,-Invalid-,-Invalid-,-Invalid-,-Invalid-,-Invalid-,-Invalid-,-Invalid-
5/24/2009 18:50,-Invalid-,-Invalid-,-Invalid-,-Invalid-,-Invalid-,-Invalid-,-Invalid-,-Invalid-,-Invalid-,-Invalid-
5/24/2009 19:00,-Invalid-,-Invalid-,-Invalid-,-Invalid-,-Invalid-,-Invalid-,-Invalid-,-Invalid-,-Invalid-,-Invalid-
5/24/2009 19:10,-Invalid-,-Invalid-,-Invalid-,-Invalid-,-Invalid-,-Invalid-,-Invalid-,-Invalid-,-Invalid-,-Invalid-
5/24/2009 19:20,-Invalid-,-Invalid-,-Invalid-,-Invalid-,-Invalid-,-Invalid-,-Invalid-,-Invalid-,-Invalid-,-Invalid-
5/24/2009 19:30,-Invalid-,-Invalid-,-Invalid-,-Invalid-,-Invalid-,-Invalid-,-Invalid-,-Invalid-,-Invalid-,-Invalid-
5/24/2009 19:40,-Invalid-,-Invalid-,-Invalid-,-Invalid-,-Invalid-,-Invalid-,-Invalid-,-Invalid-,-Invalid-,-Invalid-
5/24/2009 19:50,-Invalid-,-Invalid-,-Invalid-,-Invalid-,-Invalid-,-Invalid-,-Invalid-,-Invalid-,-Invalid-,-Invalid-
5/24/2009 20:00,-Invalid-,-Invalid-,-Invalid-,-Invalid-,-Invalid-,-Invalid-,-Invalid-,-Invalid-,-Invalid-,-Invalid-
5/24/2009 20:10,-Invalid-,-Invalid-,-Invalid-,-Invalid-,-Invalid-,-Invalid-,-Invalid-,-Invalid-,-Invalid-,-Invalid-
5/24/2009 20:20,-Invalid-,-Invalid-,-Invalid-,-Invalid-,-Invalid-,-Invalid-,-Invalid-,-Invalid-,-Invalid-,-Invalid-
5/24/2009 20:30,-Invalid-,-Invalid-,-Invalid-,-Invalid-,-Invalid-,-Invalid-,-Invalid-,-Invalid-,-Invalid-,-Invalid-
5/24/2009 20:40,-Invalid-,-Invalid-,-Invalid-,-Invalid-,-Invalid-,-Invalid-,-Invalid-,-Invalid-,-Invalid-,-Invalid-
5/24/2009 20:50,-Invalid-,-Invalid-,-Invalid-,-Invalid-,-Invalid-,-Invalid-,-Invalid-,-Invalid-,-Invalid-,-Invalid-
5/24/2009 21:00,-Invalid-,-Invalid-,-Invalid-,-Invalid-,-Invalid-,-Invalid-,-Invalid-,-Invalid-,-Invalid-,-Invalid-
5/24/2009 21:10,-Invalid-,-Invalid-,-Invalid-,-Invalid-,-Invalid-,-Invalid-,-Invalid-,-Invalid-,-Invalid-,-Invalid-
5/24/2009 21:20,-Invalid-,-Invalid-,-Invalid-,-Invalid-,-Invalid-,-Invalid-,-Invalid-,-Invalid-,-Invalid-,-Invalid-
5/24/2009 21:30,-Invalid-,-Invalid-,-Invalid-,-Invalid-,-Invalid-,-Invalid-,-Invalid-,-Invalid-,-Invalid-,-Invalid-
5/24/2009 21:40,-Invalid-,-Invalid-,-Invalid-,-Invalid-,-Invalid-,-Invalid-,-Invalid-,-Invalid-,-Invalid-,-Invalid-
5/24/2009 21:50,-Invalid-,-Invalid-,-Invalid-,-Invalid-,-Invalid-,-Invalid-,-Invalid-,-Invalid-,-Invalid-,-Invalid-
5/24/2009 22:00,-Invalid-,-Invalid-,-Invalid-,-Invalid-,-Invalid-,-Invalid-,-Invalid-,-Invalid-,-Invalid-,-Invalid-
5/24/2009 22:10,-Invalid-,-Invalid-,-Invalid-,-Invalid-,-Invalid-,-Invalid-,-Invalid-,-Invalid-,-Invalid-,-Invalid-
5/24/2009 22:20,-Invalid-,-Invalid-,-Invalid-,-Invalid-,-Invalid-,-Invalid-,-Invalid-,-Invalid-,-Invalid-,-Invalid-
5/24/2009 22:30,-Invalid-,-Invalid-,-Invalid-,-Invalid-,-Invalid-,-Invalid-,-Invalid-,-Invalid-,-Invalid-,-Invalid-
5/24/2009 22:40,-Invalid-,-Invalid-,-Invalid-,-Invalid-,-Invalid-,-Invalid-,-Invalid-,-Invalid-,-Invalid-,-Invalid-
5/24/2009 22:50,-Invalid-,-Invalid-,-Invalid-,-Invalid-,-Invalid-,-Invalid-,-Invalid-,-Invalid-,-Invalid-,-Invalid-
5/24/2009 23:00,-Invalid-,-Invalid-,-Invalid-,-Invalid-,-Invalid-,-Invalid-,-Invalid-,-Invalid-,-Invalid-,-Invalid-
5/24/2009 23:10,-Invalid-,-Invalid-,-Invalid-,-Invalid-,-Invalid-,-Invalid-,-Invalid-,-Invalid-,-Invalid-,-Invalid-
5/24/2009 23:20,-Invalid-,-Invalid-,-Invalid-,-Invalid-,-Invalid-,-Invalid-,-Invalid-,-Invalid-,-Invalid-,-Invalid-
5/24/2009 23:30,-Invalid-,-Invalid-,-Invalid-,-Invalid-,-Invalid-,-Invalid-,-Invalid-,-Invalid-,-Invalid-,-Invalid-
5/24/2009 23:40,-Invalid-,-Invalid-,-Invalid-,-Invalid-,-Invalid-,-Invalid-,-Invalid-,-Invalid-,-Invalid-,-Invalid-
5/24/2009 23:50,-Invalid-,-Invalid-,-Invalid-,-Invalid-,-Invalid-,-Invalid-,-Invalid-,-Invalid-,-Invalid-,-Invalid-
5/25/2009 0:00,-Invalid-,-Invalid-,-Invalid-,-Invalid-,-Invalid-,-Invalid-,-Invalid-,-Invalid-,-Invalid-,-Invalid-
5/25/2009 0:10,-Invalid-,-Invalid-,-Invalid-,-Invalid-,-Invalid-,-Invalid-,-Invalid-,-Invalid-,-Invalid-,-Invalid-
5/25/2009 0:20,-Invalid-,-Invalid-,-Invalid-,-Invalid-,-Invalid-,-Invalid-,-Invalid-,-Invalid-,-Invalid-,-Invalid-
5/25/2009 0:30,-Invalid-,-Invalid-,-Invalid-,-Invalid-,-Invalid-,-Invalid-,-Invalid-,-Invalid-,-Invalid-,-Invalid-
5/25/2009 0:40,-Invalid-,-Invalid-,-Invalid-,-Invalid-,-Invalid-,-Invalid-,-Invalid-,-Invalid-,-Invalid-,-Invalid-
5/25/2009 0:50,-Invalid-,-Invalid-,-Invalid-,-Invalid-,-Invalid-,-Invalid-,-Invalid-,-Invalid-,-Invalid-,-Invalid-
5/25/2009 1:00,-Invalid-,-Invalid-,-Invalid-,-Invalid-,-Invalid-,-Invalid-,-Invalid-,-Invalid-,-Invalid-,-Invalid-
5/25/2009 1:10,-Invalid-,-Invalid-,-Invalid-,-Invalid-,-Invalid-,-Invalid-,-Invalid-,-Invalid-,-Invalid-,-Invalid-
5/25/2009 1:20,-Invalid-,-Invalid-,-Invalid-,-Invalid-,-Invalid-,-Invalid-,-Invalid-,-Invalid-,-Invalid-,-Invalid-
5/25/2009 1:30,-Invalid-,-Invalid-,-Invalid-,-Invalid-,-Invalid-,-Invalid-,-Invalid-,-Invalid-,-Invalid-,-Invalid-
5/25/2009 1:40,-Invalid-,-Invalid-,-Invalid-,-Invalid-,-Invalid-,-Invalid-,-Invalid-,-Invalid-,-Invalid-,-Invalid-
5/25/2009 1:50,-Invalid-,-Invalid-,-Invalid-,-Invalid-,-Invalid-,-Invalid-,-Invalid-,-Invalid-,-Invalid-,-Invalid-
5/25/2009 2:00,-Invalid-,-Invalid-,-Invalid-,-Invalid-,-Invalid-,-Invalid-,-Invalid-,-Invalid-,-Invalid-,-Invalid-
5/25/2009 2:10,-Invalid-,-Invalid-,-Invalid-,-Invalid-,-Invalid-,-Invalid-,-Invalid-,-Invalid-,-Invalid-,-Invalid-
5/25/2009 2:20,-Invalid-,-Invalid-,-Invalid-,-Invalid-,-Invalid-,-Invalid-,-Invalid-,-Invalid-,-Invalid-,-Invalid-
5/25/2009 2:30,-Invalid-,-Invalid-,-Invalid-,-Invalid-,-Invalid-,-Invalid-,-Invalid-,-Invalid-,-Invalid-,-Invalid-
5/25/2009 2:40,-Invalid-,-Invalid-,-Invalid-,-Invalid-,-Invalid-,-Invalid-,-Invalid-,-Invalid-,-Invalid-,-Invalid-
5/25/2009 2:50,-Invalid-,-Invalid-,-Invalid-,-Invalid-,-Invalid-,-Invalid-,-Invalid-,-Invalid-,-Invalid-,-Invalid-
5/25/2009 3:00,-Invalid-,-Invalid-,-Invalid-,-Invalid-,-Invalid-,-Invalid-,-Invalid-,-Invalid-,-Invalid-,-Invalid-
5/25/2009 3:10,-Invalid-,-Invalid-,-Invalid-,-Invalid-,-Invalid-,-Invalid-,-Invalid-,-Invalid-,-Invalid-,-Invalid-
5/25/2009 3:20,-Invalid-,-Invalid-,-Invalid-,-Invalid-,-Invalid-,-Invalid-,-Invalid-,-Invalid-,-Invalid-,-Invalid-
5/25/2009 3:30,-Invalid-,-Invalid-,-Invalid-,-Invalid-,-Invalid-,-Invalid-,-Invalid-,-Invalid-,-Invalid-,-Invalid-
5/25/2009 3:40,-Invalid-,-Invalid-,-Invalid-,-Invalid-,-Invalid-,-Invalid-,-Invalid-,-Invalid-,-Invalid-,-Invalid-
5/25/2009 3:50,-Invalid-,-Invalid-,-Invalid-,-Invalid-,-Invalid-,-Invalid-,-Invalid-,-Invalid-,-Invalid-,-Invalid-
5/25/2009 4:00,-Invalid-,-Invalid-,-Invalid-,-Invalid-,-Invalid-,-Invalid-,-Invalid-,-Invalid-,-Invalid-,-Invalid-
5/25/2009 4:10,-Invalid-,-Invalid-,-Invalid-,-Invalid-,-Invalid-,-Invalid-,-Invalid-,-Invalid-,-Invalid-,-Invalid-
5/25/2009 4:20,-Invalid-,-Invalid-,-Invalid-,-Invalid-,-Invalid-,-Invalid-,-Invalid-,-Invalid-,-Invalid-,-Invalid-
5/25/2009 4:30,-Invalid-,-Invalid-,-Invalid-,-Invalid-,-Invalid-,-Invalid-,-Invalid-,-Invalid-,-Invalid-,-Invalid-
5/25/2009 4:40,-Invalid-,-Invalid-,-Invalid-,-Invalid-,-Invalid-,-Invalid-,-Invalid-,-Invalid-,-Invalid-,-Invalid-
5/25/2009 4:50,-Invalid-,-Invalid-,-Invalid-,-Invalid-,-Invalid-,-Invalid-,-Invalid-,-Invalid-,-Invalid-,-Invalid-
5/25/2009 5:00,-Invalid-,-Invalid-,-Invalid-,-Invalid-,-Invalid-,-Invalid-,-Invalid-,-Invalid-,-Invalid-,-Invalid-
5/25/2009 5:10,-Invalid-,-Invalid-,-Invalid-,-Invalid-,-Invalid-,-Invalid-,-Invalid-,-Invalid-,-Invalid-,-Invalid-
5/25/2009 5:20,-Invalid-,-Invalid-,-Invalid-,-Invalid-,-Invalid-,-Invalid-,-Invalid-,-Invalid-,-Invalid-,-Invalid-
5/25/2009 5:30,-Invalid-,-Invalid-,-Invalid-,-Invalid-,-Invalid-,-Invalid-,-Invalid-,-Invalid-,-Invalid-,-Invalid-
5/25/2009 5:40,-Invalid-,-Invalid-,-Invalid-,-Invalid-,-Invalid-,-Invalid-,-Invalid-,-Invalid-,-Invalid-,-Invalid-
5/25/2009 5:50,-Invalid-,-Invalid-,-Invalid-,-Invalid-,-Invalid-,-Invalid-,-Invalid-,-Invalid-,-Invalid-,-Invalid-
5/25/2009 6:00,-Invalid-,-Invalid-,-Invalid-,-Invalid-,-Invalid-,-Invalid-,-Invalid-,-Invalid-,-Invalid-,-Invalid-
5/25/2009 6:10,-Invalid-,-Invalid-,-Invalid-,-Invalid-,-Invalid-,-Invalid-,-Invalid-,-Invalid-,-Invalid-,-Invalid-
5/25/2009 6:20,-Invalid-,-Invalid-,-Invalid-,-Invalid-,-Invalid-,-Invalid-,-Invalid-,-Invalid-,-Invalid-,-Invalid-
5/25/2009 6:30,-Invalid-,-Invalid-,-Invalid-,-Invalid-,-Invalid-,-Invalid-,-Invalid-,-Invalid-,-Invalid-,-Invalid-
5/25/2009 6:40,-Invalid-,-Invalid-,-Invalid-,-Invalid-,-Invalid-,-Invalid-,-Invalid-,-Invalid-,-Invalid-,-Invalid-
5/25/2009 6:50,-Invalid-,-Invalid-,-Invalid-,-Invalid-,-Invalid-,-Invalid-,-Invalid-,-Invalid-,-Invalid-,-Invalid-
5/25/2009 7:00,-Invalid-,-Invalid-,-Invalid-,-Invalid-,-Invalid-,-Invalid-,-Invalid-,-Invalid-,-Invalid-,-Invalid-
5/25/2009 7:10,-Invalid-,-Invalid-,-Invalid-,-Invalid-,-Invalid-,-Invalid-,-Invalid-,-Invalid-,-Invalid-,-Invalid-
5/25/2009 7:20,-Invalid-,-Invalid-,-Invalid-,-Invalid-,-Invalid-,-Invalid-,-Invalid-,-Invalid-,-Invalid-,-Invalid-
5/25/2009 7:30,-Invalid-,-Invalid-,-Invalid-,-Invalid-,-Invalid-,-Invalid-,-Invalid-,-Invalid-,-Invalid-,-Invalid-
5/25/2009 7:40,-Invalid-,-Invalid-,-Invalid-,-Invalid-,-Invalid-,-Invalid-,-Invalid-,-Invalid-,-Invalid-,-Invalid-
5/25/2009 7:50,-Invalid-,-Invalid-,-Invalid-,-Invalid-,-Invalid-,-Invalid-,-Invalid-,-Invalid-,-Invalid-,-Invalid-
5/25/2009 8:00,-Invalid-,-Invalid-,-Invalid-,-Invalid-,-Invalid-,-Invalid-,-Invalid-,-Invalid-,-Invalid-,-Invalid-
5/25/2009 8:10,-Invalid-,-Invalid-,-Invalid-,-Invalid-,-Invalid-,-Invalid-,-Invalid-,-Invalid-,-Invalid-,-Invalid-
5/25/2009 8:20,-Invalid-,-Invalid-,-Invalid-,-Invalid-,-Invalid-,-Invalid-,-Invalid-,-Invalid-,-Invalid-,-Invalid-
5/25/2009 8:30,-Invalid-,-Invalid-,-Invalid-,-Invalid-,-Invalid-,-Invalid-,-Invalid-,-Invalid-,-Invalid-,-Invalid-
5/25/2009 8:40,-Invalid-,-Invalid-,-Invalid-,-Invalid-,-Invalid-,-Invalid-,-Invalid-,-Invalid-,-Invalid-,-Invalid-
5/25/2009 8:50,-Invalid-,-Invalid-,-Invalid-,-Invalid-,-Invalid-,-Invalid-,-Invalid-,-Invalid-,-Invalid-,-Invalid-
5/25/2009 9:00,-Invalid-,-Invalid-,-Invalid-,-Invalid-,-Invalid-,-Invalid-,-Invalid-,-Invalid-,-Invalid-,-Invalid-
5/25/2009 9:10,-Invalid-,-Invalid-,-Invalid-,-Invalid-,-Invalid-,-Invalid-,-Invalid-,-Invalid-,-Invalid-,-Invalid-
5/25/2009 9:20,-Invalid-,-Invalid-,-Invalid-,-Invalid-,-Invalid-,-Invalid-,-Invalid-,-Invalid-,-Invalid-,-Invalid-
5/25/2009 9:30,-Invalid-,-Invalid-,-Invalid-,-Invalid-,-Invalid-,-Invalid-,-Invalid-,-Invalid-,-Invalid-,-Invalid-
5/25/2009 9:40,-Invalid-,-Invalid-,-Invalid-,-Invalid-,-Invalid-,-Invalid-,-Invalid-,-Invalid-,-Invalid-,-Invalid-
5/25/2009 9:50,-Invalid-,-Invalid-,-Invalid-,-Invalid-,-Invalid-,-Invalid-,-Invalid-,-Invalid-,-Invalid-,-Invalid-
5/25/2009 10:00,-Invalid-,-Invalid-,-Invalid-,-Invalid-,-Invalid-,-Invalid-,-Invalid-,-Invalid-,-Invalid-,-Invalid-
5/25/2009 10:10,-Invalid-,-Invalid-,-Invalid-,-Invalid-,-Invalid-,-Invalid-,-Invalid-,-Invalid-,-Invalid-,-Invalid-
5/25/2009 10:20,-Invalid-,-Invalid-,-Invalid-,-Invalid-,-Invalid-,-Invalid-,-Invalid-,-Invalid-,-Invalid-,-Invalid-
5/25/2009 10:30,-Invalid-,-Invalid-,-Invalid-,-Invalid-,-Invalid-,-Invalid-,-Invalid-,-Invalid-,-Invalid-,-Invalid-
5/25/2009 10:40,-Invalid-,-Invalid-,-Invalid-,-Invalid-,-Invalid-,-Invalid-,-Invalid-,-Invalid-,-Invalid-,-Invalid-
5/25/2009 10:50,-Invalid-,-Invalid-,-Invalid-,-Invalid-,-Invalid-,-Invalid-,-Invalid-,-Invalid-,-Invalid-,-Invalid-
5/25/2009 11:00,-Invalid-,-Invalid-,-Invalid-,-Invalid-,-Invalid-,-Invalid-,-Invalid-,-Invalid-,-Invalid-,-Invalid-
5/25/2009 11:10,-Invalid-,-Invalid-,-Invalid-,-Invalid-,-Invalid-,-Invalid-,-Invalid-,-Invalid-,-Invalid-,-Invalid-
5/25/2009 11:20,-Invalid-,-Invalid-,-Invalid-,-Invalid-,-Invalid-,-Invalid-,-Invalid-,-Invalid-,-Invalid-,-Invalid-
5/25/2009 11:30,-Invalid-,-Invalid-,-Invalid-,-Invalid-,-Invalid-,-Invalid-,-Invalid-,-Invalid-,-Invalid-,-Invalid-
5/25/2009 11:40,-Invalid-,-Invalid-,-Invalid-,-Invalid-,-Invalid-,-Invalid-,-Invalid-,-Invalid-,-Invalid-,-Invalid-
5/25/2009 11:50,-Invalid-,-Invalid-,-Invalid-,-Invalid-,-Invalid-,-Invalid-,-Invalid-,-Invalid-,-Invalid-,-Invalid-
5/25/2009 12:00,-Invalid-,-Invalid-,-Invalid-,-Invalid-,-Invalid-,-Invalid-,-Invalid-,-Invalid-,-Invalid-,-Invalid-
5/25/2009 12:10,-Invalid-,-Invalid-,-Invalid-,-Invalid-,-Invalid-,-Invalid-,-Invalid-,-Invalid-,-Invalid-,-Invalid-
5/25/2009 12:20,-Invalid-,-Invalid-,-Invalid-,-Invalid-,-Invalid-,-Invalid-,-Invalid-,-Invalid-,-Invalid-,-Invalid-
5/25/2009 12:30,-Invalid-,-Invalid-,-Invalid-,-Invalid-,-Invalid-,-Invalid-,-Invalid-,-Invalid-,-Invalid-,-Invalid-
5/25/2009 12:40,-Invalid-,-Invalid-,-Invalid-,-Invalid-,-Invalid-,-Invalid-,-Invalid-,-Invalid-,-Invalid-,-Invalid-
5/25/2009 12:50,-Invalid-,-Invalid-,-Invalid-,-Invalid-,-Invalid-,-Invalid-,-Invalid-,-Invalid-,-Invalid-,-Invalid-
5/25/2009 13:00,-Invalid-,-Invalid-,-Invalid-,-Invalid-,-Invalid-,-Invalid-,-Invalid-,-Invalid-,-Invalid-,-Invalid-
5/25/2009 13:10,-Invalid-,-Invalid-,-Invalid-,-Invalid-,-Invalid-,-Invalid-,-Invalid-,-Invalid-,-Invalid-,-Invalid-
5/25/2009 13:20,-Invalid-,-Invalid-,-Invalid-,-Invalid-,-Invalid-,-Invalid-,-Invalid-,-Invalid-,-Invalid-,-Invalid-
5/25/2009 13:30,-Invalid-,-Invalid-,-Invalid-,-Invalid-,-Invalid-,-Invalid-,-Invalid-,-Invalid-,-Invalid-,-Invalid-
5/25/2009 13:40,-Invalid-,-Invalid-,-Invalid-,-Invalid-,-Invalid-,-Invalid-,-Invalid-,-Invalid-,-Invalid-,-Invalid-
5/25/2009 13:50,-Invalid-,-Invalid-,-Invalid-,-Invalid-,-Invalid-,-Invalid-,-Invalid-,-Invalid-,-Invalid-,-Invalid-
5/25/2009 14:00,-Invalid-,-Invalid-,-Invalid-,-Invalid-,-Invalid-,-Invalid-,-Invalid-,-Invalid-,-Invalid-,-Invalid-
5/25/2009 14:10,-Invalid-,-Invalid-,-Invalid-,-Invalid-,-Invalid-,-Invalid-,-Invalid-,-Invalid-,-Invalid-,-Invalid-
5/25/2009 14:20,-Invalid-,-Invalid-,-Invalid-,-Invalid-,-Invalid-,-Invalid-,-Invalid-,-Invalid-,-Invalid-,-Invalid-
5/25/2009 14:30,-Invalid-,-Invalid-,-Invalid-,-Invalid-,-Invalid-,-Invalid-,-Invalid-,-Invalid-,-Invalid-,-Invalid-
5/25/2009 14:40,-Invalid-,-Invalid-,-Invalid-,-Invalid-,-Invalid-,-Invalid-,-Invalid-,-Invalid-,-Invalid-,-Invalid-
5/25/2009 14:50,-Invalid-,-Invalid-,-Invalid-,-Invalid-,-Invalid-,-Invalid-,-Invalid-,-Invalid-,-Invalid-,-Invalid-
5/25/2009 15:00,-Invalid-,-Invalid-,-Invalid-,-Invalid-,-Invalid-,-Invalid-,-Invalid-,-Invalid-,-Invalid-,-Invalid-
5/25/2009 15:10,-Invalid-,-Invalid-,-Invalid-,-Invalid-,-Invalid-,-Invalid-,-Invalid-,-Invalid-,-Invalid-,-Invalid-
5/25/2009 15:20,-Invalid-,-Invalid-,-Invalid-,-Invalid-,-Invalid-,-Invalid-,-Invalid-,-Invalid-,-Invalid-,-Invalid-
5/25/2009 15:30,-Invalid-,-Invalid-,-Invalid-,-Invalid-,-Invalid-,-Invalid-,-Invalid-,-Invalid-,-Invalid-,-Invalid-
5/25/2009 15:40,-Invalid-,-Invalid-,-Invalid-,-Invalid-,-Invalid-,-Invalid-,-Invalid-,-Invalid-,-Invalid-,-Invalid-
5/25/2009 15:50,-Invalid-,-Invalid-,-Invalid-,-Invalid-,-Invalid-,-Invalid-,-Invalid-,-Invalid-,-Invalid-,-Invalid-
5/25/2009 16:00,-Invalid-,-Invalid-,-Invalid-,-Invalid-,-Invalid-,-Invalid-,-Invalid-,-Invalid-,-Invalid-,-Invalid-
5/25/2009 16:10,-Invalid-,-Invalid-,-Invalid-,-Invalid-,-Invalid-,-Invalid-,-Invalid-,-Invalid-,-Invalid-,-Invalid-
5/25/2009 16:20,-Invalid-,-Invalid-,-Invalid-,-Invalid-,-Invalid-,-Invalid-,-Invalid-,-Invalid-,-Invalid-,-Invalid-
5/25/2009 16:30,-Invalid-,-Invalid-,-Invalid-,-Invalid-,-Invalid-,-Invalid-,-Invalid-,-Invalid-,-Invalid-,-Invalid-
5/25/2009 16:40,-Invalid-,-Invalid-,-Invalid-,-Invalid-,-Invalid-,-Invalid-,-Invalid-,-Invalid-,-Invalid-,-Invalid-
5/25/2009 16:50,-Invalid-,-Invalid-,-Invalid-,-Invalid-,-Invalid-,-Invalid-,-Invalid-,-Invalid-,-Invalid-,-Invalid-
5/25/2009 17:00,-Invalid-,-Invalid-,-Invalid-,-Invalid-,-Invalid-,-Invalid-,-Invalid-,-Invalid-,-Invalid-,-Invalid-
5/25/2009 17:10,-Invalid-,-Invalid-,-Invalid-,-Invalid-,-Invalid-,-Invalid-,-Invalid-,-Invalid-,-Invalid-,-Invalid-
5/25/2009 17:20,-Invalid-,-Invalid-,-Invalid-,-Invalid-,-Invalid-,-Invalid-,-Invalid-,-Invalid-,-Invalid-,-Invalid-
5/25/2009 17:30,-Invalid-,-Invalid-,-Invalid-,-Invalid-,-Invalid-,-Invalid-,-Invalid-,-Invalid-,-Invalid-,-Invalid-
5/25/2009 17:40,-Invalid-,-Invalid-,-Invalid-,-Invalid-,-Invalid-,-Invalid-,-Invalid-,-Invalid-,-Invalid-,-Invalid-
5/25/2009 17:50,-Invalid-,-Invalid-,-Invalid-,-Invalid-,-Invalid-,-Invalid-,-Invalid-,-Invalid-,-Invalid-,-Invalid-
5/25/2009 18:00,-Invalid-,-Invalid-,-Invalid-,-Invalid-,-Invalid-,-Invalid-,-Invalid-,-Invalid-,-Invalid-,-Invalid-
5/25/2009 18:10,-Invalid-,-Invalid-,-Invalid-,-Invalid-,-Invalid-,-Invalid-,-Invalid-,-Invalid-,-Invalid-,-Invalid-
5/25/2009 18:20,-Invalid-,-Invalid-,-Invalid-,-Invalid-,-Invalid-,-Invalid-,-Invalid-,-Invalid-,-Invalid-,-Invalid-
5/25/2009 18:30,-Invalid-,-Invalid-,-Invalid-,-Invalid-,-Invalid-,-Invalid-,-Invalid-,-Invalid-,-Invalid-,-Invalid-
5/25/2009 18:40,-Invalid-,-Invalid-,-Invalid-,-Invalid-,-Invalid-,-Invalid-,-Invalid-,-Invalid-,-Invalid-,-Invalid-
5/25/2009 18:50,-Invalid-,-Invalid-,-Invalid-,-Invalid-,-Invalid-,-Invalid-,-Invalid-,-Invalid-,-Invalid-,-Invalid-
5/25/2009 19:00,-Invalid-,-Invalid-,-Invalid-,-Invalid-,-Invalid-,-Invalid-,-Invalid-,-Invalid-,-Invalid-,-Invalid-
5/25/2009 19:10,-Invalid-,-Invalid-,-Invalid-,-Invalid-,-Invalid-,-Invalid-,-Invalid-,-Invalid-,-Invalid-,-Invalid-
5/25/2009 19:20,-Invalid-,-Invalid-,-Invalid-,-Invalid-,-Invalid-,-Invalid-,-Invalid-,-Invalid-,-Invalid-,-Invalid-
5/25/2009 19:30,-Invalid-,-Invalid-,-Invalid-,-Invalid-,-Invalid-,-Invalid-,-Invalid-,-Invalid-,-Invalid-,-Invalid-
5/25/2009 19:40,-Invalid-,-Invalid-,-Invalid-,-Invalid-,-Invalid-,-Invalid-,-Invalid-,-Invalid-,-Invalid-,-Invalid-
5/25/2009 19:50,-Invalid-,-Invalid-,-Invalid-,-Invalid-,-Invalid-,-Invalid-,-Invalid-,-Invalid-,-Invalid-,-Invalid-
5/25/2009 20:00,-Invalid-,-Invalid-,-Invalid-,-Invalid-,-Invalid-,-Invalid-,-Invalid-,-Invalid-,-Invalid-,-Invalid-
5/25/2009 20:10,-Invalid-,-Invalid-,-Invalid-,-Invalid-,-Invalid-,-Invalid-,-Invalid-,-Invalid-,-Invalid-,-Invalid-
5/25/2009 20:20,-Invalid-,-Invalid-,-Invalid-,-Invalid-,-Invalid-,-Invalid-,-Invalid-,-Invalid-,-Invalid-,-Invalid-
5/25/2009 20:30,-Invalid-,-Invalid-,-Invalid-,-Invalid-,-Invalid-,-Invalid-,-Invalid-,-Invalid-,-Invalid-,-Invalid-
5/25/2009 20:40,-Invalid-,-Invalid-,-Invalid-,-Invalid-,-Invalid-,-Invalid-,-Invalid-,-Invalid-,-Invalid-,-Invalid-
5/25/2009 20:50,-Invalid-,-Invalid-,-Invalid-,-Invalid-,-Invalid-,-Invalid-,-Invalid-,-Invalid-,-Invalid-,-Invalid-
5/25/2009 21:00,-Invalid-,-Invalid-,-Invalid-,-Invalid-,-Invalid-,-Invalid-,-Invalid-,-Invalid-,-Invalid-,-Invalid-
5/25/2009 21:10,-Invalid-,-Invalid-,-Invalid-,-Invalid-,-Invalid-,-Invalid-,-Invalid-,-Invalid-,-Invalid-,-Invalid-
5/25/2009 21:20,-Invalid-,-Invalid-,-Invalid-,-Invalid-,-Invalid-,-Invalid-,-Invalid-,-Invalid-,-Invalid-,-Invalid-
5/25/2009 21:30,-Invalid-,-Invalid-,-Invalid-,-Invalid-,-Invalid-,-Invalid-,-Invalid-,-Invalid-,-Invalid-,-Invalid-
5/25/2009 21:40,-Invalid-,-Invalid-,-Invalid-,-Invalid-,-Invalid-,-Invalid-,-Invalid-,-Invalid-,-Invalid-,-Invalid-
5/25/2009 21:50,-Invalid-,-Invalid-,-Invalid-,-Invalid-,-Invalid-,-Invalid-,-Invalid-,-Invalid-,-Invalid-,-Invalid-
5/25/2009 22:00,-Invalid-,-Invalid-,-Invalid-,-Invalid-,-Invalid-,-Invalid-,-Invalid-,-Invalid-,-Invalid-,-Invalid-
5/25/2009 22:10,-Invalid-,-Invalid-,-Invalid-,-Invalid-,-Invalid-,-Invalid-,-Invalid-,-Invalid-,-Invalid-,-Invalid-
5/25/2009 22:20,-Invalid-,-Invalid-,-Invalid-,-Invalid-,-Invalid-,-Invalid-,-Invalid-,-Invalid-,-Invalid-,-Invalid-
5/25/2009 22:30,-Invalid-,-Invalid-,-Invalid-,-Invalid-,-Invalid-,-Invalid-,-Invalid-,-Invalid-,-Invalid-,-Invalid-
5/25/2009 22:40,-Invalid-,-Invalid-,-Invalid-,-Invalid-,-Invalid-,-Invalid-,-Invalid-,-Invalid-,-Invalid-,-Invalid-
5/25/2009 22:50,-Invalid-,-Invalid-,-Invalid-,-Invalid-,-Invalid-,-Invalid-,-Invalid-,-Invalid-,-Invalid-,-Invalid-
5/25/2009 23:00,-Invalid-,-Invalid-,-Invalid-,-Invalid-,-Invalid-,-Invalid-,-Invalid-,-Invalid-,-Invalid-,-Invalid-
5/25/2009 23:10,-Invalid-,-Invalid-,-Invalid-,-Invalid-,-Invalid-,-Invalid-,-Invalid-,-Invalid-,-Invalid-,-Invalid-
5/25/2009 23:20,-Invalid-,-Invalid-,-Invalid-,-Invalid-,-Invalid-,-Invalid-,-Invalid-,-Invalid-,-Invalid-,-Invalid-
5/25/2009 23:30,-Invalid-,-Invalid-,-Invalid-,-Invalid-,-Invalid-,-Invalid-,-Invalid-,-Invalid-,-Invalid-,-Invalid-
5/25/2009 23:40,-Invalid-,-Invalid-,-Invalid-,-Invalid-,-Invalid-,-Invalid-,-Invalid-,-Invalid-,-Invalid-,-Invalid-
5/25/2009 23:50,-Invalid-,-Invalid-,-Invalid-,-Invalid-,-Invalid-,-Invalid-,-Invalid-,-Invalid-,-Invalid-,-Invalid-
5/26/2009 0:00,-Invalid-,-Invalid-,-Invalid-,-Invalid-,-Invalid-,-Invalid-,-Invalid-,-Invalid-,-Invalid-,-Invalid-
5/26/2009 0:10,-Invalid-,-Invalid-,-Invalid-,-Invalid-,-Invalid-,-Invalid-,-Invalid-,-Invalid-,-Invalid-,-Invalid-
5/26/2009 0:20,-Invalid-,-Invalid-,-Invalid-,-Invalid-,-Invalid-,-Invalid-,-Invalid-,-Invalid-,-Invalid-,-Invalid-
5/26/2009 0:30,-Invalid-,-Invalid-,-Invalid-,-Invalid-,-Invalid-,-Invalid-,-Invalid-,-Invalid-,-Invalid-,-Invalid-
5/26/2009 0:40,-Invalid-,-Invalid-,-Invalid-,-Invalid-,-Invalid-,-Invalid-,-Invalid-,-Invalid-,-Invalid-,-Invalid-
5/26/2009 0:50,-Invalid-,-Invalid-,-Invalid-,-Invalid-,-Invalid-,-Invalid-,-Invalid-,-Invalid-,-Invalid-,-Invalid-
5/26/2009 1:00,-Invalid-,-Invalid-,-Invalid-,-Invalid-,-Invalid-,-Invalid-,-Invalid-,-Invalid-,-Invalid-,-Invalid-
5/26/2009 1:10,-Invalid-,-Invalid-,-Invalid-,-Invalid-,-Invalid-,-Invalid-,-Invalid-,-Invalid-,-Invalid-,-Invalid-
5/26/2009 1:20,-Invalid-,-Invalid-,-Invalid-,-Invalid-,-Invalid-,-Invalid-,-Invalid-,-Invalid-,-Invalid-,-Invalid-
5/26/2009 1:30,-Invalid-,-Invalid-,-Invalid-,-Invalid-,-Invalid-,-Invalid-,-Invalid-,-Invalid-,-Invalid-,-Invalid-
5/26/2009 1:40,-Invalid-,-Invalid-,-Invalid-,-Invalid-,-Invalid-,-Invalid-,-Invalid-,-Invalid-,-Invalid-,-Invalid-
5/26/2009 1:50,-Invalid-,-Invalid-,-Invalid-,-Invalid-,-Invalid-,-Invalid-,-Invalid-,-Invalid-,-Invalid-,-Invalid-
5/26/2009 2:00,-Invalid-,-Invalid-,-Invalid-,-Invalid-,-Invalid-,-Invalid-,-Invalid-,-Invalid-,-Invalid-,-Invalid-
5/26/2009 2:10,-Invalid-,-Invalid-,-Invalid-,-Invalid-,-Invalid-,-Invalid-,-Invalid-,-Invalid-,-Invalid-,-Invalid-
5/26/2009 2:20,-Invalid-,-Invalid-,-Invalid-,-Invalid-,-Invalid-,-Invalid-,-Invalid-,-Invalid-,-Invalid-,-Invalid-
5/26/2009 2:30,-Invalid-,-Invalid-,-Invalid-,-Invalid-,-Invalid-,-Invalid-,-Invalid-,-Invalid-,-Invalid-,-Invalid-
5/26/2009 2:40,-Invalid-,-Invalid-,-Invalid-,-Invalid-,-Invalid-,-Invalid-,-Invalid-,-Invalid-,-Invalid-,-Invalid-
5/26/2009 2:50,-Invalid-,-Invalid-,-Invalid-,-Invalid-,-Invalid-,-Invalid-,-Invalid-,-Invalid-,-Invalid-,-Invalid-
5/26/2009 3:00,-Invalid-,-Invalid-,-Invalid-,-Invalid-,-Invalid-,-Invalid-,-Invalid-,-Invalid-,-Invalid-,-Invalid-
5/26/2009 3:10,-Invalid-,-Invalid-,-Invalid-,-Invalid-,-Invalid-,-Invalid-,-Invalid-,-Invalid-,-Invalid-,-Invalid-
5/26/2009 3:20,-Invalid-,-Invalid-,-Invalid-,-Invalid-,-Invalid-,-Invalid-,-Invalid-,-Invalid-,-Invalid-,-Invalid-
5/26/2009 3:30,-Invalid-,-Invalid-,-Invalid-,-Invalid-,-Invalid-,-Invalid-,-Invalid-,-Invalid-,-Invalid-,-Invalid-
5/26/2009 3:40,-Invalid-,-Invalid-,-Invalid-,-Invalid-,-Invalid-,-Invalid-,-Invalid-,-Invalid-,-Invalid-,-Invalid-
5/26/2009 3:50,-Invalid-,-Invalid-,-Invalid-,-Invalid-,-Invalid-,-Invalid-,-Invalid-,-Invalid-,-Invalid-,-Invalid-
5/26/2009 4:00,-Invalid-,-Invalid-,-Invalid-,-Invalid-,-Invalid-,-Invalid-,-Invalid-,-Invalid-,-Invalid-,-Invalid-
5/26/2009 4:10,-Invalid-,-Invalid-,-Invalid-,-Invalid-,-Invalid-,-Invalid-,-Invalid-,-Invalid-,-Invalid-,-Invalid-
5/26/2009 4:20,-Invalid-,-Invalid-,-Invalid-,-Invalid-,-Invalid-,-Invalid-,-Invalid-,-Invalid-,-Invalid-,-Invalid-
5/26/2009 4:30,-Invalid-,-Invalid-,-Invalid-,-Invalid-,-Invalid-,-Invalid-,-Invalid-,-Invalid-,-Invalid-,-Invalid-
5/26/2009 4:40,-Invalid-,-Invalid-,-Invalid-,-Invalid-,-Invalid-,-Invalid-,-Invalid-,-Invalid-,-Invalid-,-Invalid-
5/26/2009 4:50,-Invalid-,-Invalid-,-Invalid-,-Invalid-,-Invalid-,-Invalid-,-Invalid-,-Invalid-,-Invalid-,-Invalid-
5/26/2009 5:00,-Invalid-,-Invalid-,-Invalid-,-Invalid-,-Invalid-,-Invalid-,-Invalid-,-Invalid-,-Invalid-,-Invalid-
5/26/2009 5:10,-Invalid-,-Invalid-,-Invalid-,-Invalid-,-Invalid-,-Invalid-,-Invalid-,-Invalid-,-Invalid-,-Invalid-
5/26/2009 5:20,-Invalid-,-Invalid-,-Invalid-,-Invalid-,-Invalid-,-Invalid-,-Invalid-,-Invalid-,-Invalid-,-Invalid-
5/26/2009 5:30,-Invalid-,-Invalid-,-Invalid-,-Invalid-,-Invalid-,-Invalid-,-Invalid-,-Invalid-,-Invalid-,-Invalid-
5/26/2009 5:40,-Invalid-,-Invalid-,-Invalid-,-Invalid-,-Invalid-,-Invalid-,-Invalid-,-Invalid-,-Invalid-,-Invalid-
5/26/2009 5:50,-Invalid-,-Invalid-,-Invalid-,-Invalid-,-Invalid-,-Invalid-,-Invalid-,-Invalid-,-Invalid-,-Invalid-
5/26/2009 6:00,-Invalid-,-Invalid-,-Invalid-,-Invalid-,-Invalid-,-Invalid-,-Invalid-,-Invalid-,-Invalid-,-Invalid-
5/26/2009 6:10,-Invalid-,-Invalid-,-Invalid-,-Invalid-,-Invalid-,-Invalid-,-Invalid-,-Invalid-,-Invalid-,-Invalid-
5/26/2009 6:20,-Invalid-,-Invalid-,-Invalid-,-Invalid-,-Invalid-,-Invalid-,-Invalid-,-Invalid-,-Invalid-,-Invalid-
5/26/2009 6:30,-Invalid-,-Invalid-,-Invalid-,-Invalid-,-Invalid-,-Invalid-,-Invalid-,-Invalid-,-Invalid-,-Invalid-
5/26/2009 6:40,-Invalid-,-Invalid-,-Invalid-,-Invalid-,-Invalid-,-Invalid-,-Invalid-,-Invalid-,-Invalid-,-Invalid-
5/26/2009 6:50,-Invalid-,-Invalid-,-Invalid-,-Invalid-,-Invalid-,-Invalid-,-Invalid-,-Invalid-,-Invalid-,-Invalid-
5/26/2009 7:00,-Invalid-,-Invalid-,-Invalid-,-Invalid-,-Invalid-,-Invalid-,-Invalid-,-Invalid-,-Invalid-,-Invalid-
5/26/2009 7:10,-Invalid-,-Invalid-,-Invalid-,-Invalid-,-Invalid-,-Invalid-,-Invalid-,-Invalid-,-Invalid-,-Invalid-
5/26/2009 7:20,-Invalid-,-Invalid-,-Invalid-,-Invalid-,-Invalid-,-Invalid-,-Invalid-,-Invalid-,-Invalid-,-Invalid-
5/26/2009 7:30,-Invalid-,-Invalid-,-Invalid-,-Invalid-,-Invalid-,-Invalid-,-Invalid-,-Invalid-,-Invalid-,-Invalid-
5/26/2009 7:40,-Invalid-,-Invalid-,-Invalid-,-Invalid-,-Invalid-,-Invalid-,-Invalid-,-Invalid-,-Invalid-,-Invalid-
5/26/2009 7:50,-Invalid-,-Invalid-,-Invalid-,-Invalid-,-Invalid-,-Invalid-,-Invalid-,-Invalid-,-Invalid-,-Invalid-
5/26/2009 8:00,-Invalid-,-Invalid-,-Invalid-,-Invalid-,-Invalid-,-Invalid-,-Invalid-,-Invalid-,-Invalid-,-Invalid-
5/26/2009 8:10,-Invalid-,-Invalid-,-Invalid-,-Invalid-,-Invalid-,-Invalid-,-Invalid-,-Invalid-,-Invalid-,-Invalid-
5/26/2009 8:20,-Invalid-,-Invalid-,-Invalid-,-Invalid-,-Invalid-,-Invalid-,-Invalid-,-Invalid-,-Invalid-,-Invalid-
5/26/2009 8:30,-Invalid-,-Invalid-,-Invalid-,-Invalid-,-Invalid-,-Invalid-,-Invalid-,-Invalid-,-Invalid-,-Invalid-
5/26/2009 8:40,-Invalid-,-Invalid-,-Invalid-,-Invalid-,-Invalid-,-Invalid-,-Invalid-,-Invalid-,-Invalid-,-Invalid-
5/26/2009 8:50,-Invalid-,-Invalid-,-Invalid-,-Invalid-,-Invalid-,-Invalid-,-Invalid-,-Invalid-,-Invalid-,-Invalid-
5/26/2009 9:00,-Invalid-,-Invalid-,-Invalid-,-Invalid-,-Invalid-,-Invalid-,-Invalid-,-Invalid-,-Invalid-,-Invalid-
5/26/2009 9:10,-Invalid-,-Invalid-,-Invalid-,-Invalid-,-Invalid-,-Invalid-,-Invalid-,-Invalid-,-Invalid-,-Invalid-
5/26/2009 9:20,-Invalid-,-Invalid-,-Invalid-,-Invalid-,-Invalid-,-Invalid-,-Invalid-,-Invalid-,-Invalid-,-Invalid-
5/26/2009 9:30,-Invalid-,-Invalid-,-Invalid-,-Invalid-,-Invalid-,-Invalid-,-Invalid-,-Invalid-,-Invalid-,-Invalid-
5/26/2009 9:40,-Invalid-,-Invalid-,-Invalid-,-Invalid-,-Invalid-,-Invalid-,-Invalid-,-Invalid-,-Invalid-,-Invalid-
5/26/2009 9:50,-Invalid-,-Invalid-,-Invalid-,-Invalid-,-Invalid-,-Invalid-,-Invalid-,-Invalid-,-Invalid-,-Invalid-
5/26/2009 10:00,-Invalid-,-Invalid-,-Invalid-,-Invalid-,-Invalid-,-Invalid-,-Invalid-,-Invalid-,-Invalid-,-Invalid-
5/26/2009 10:10,-Invalid-,-Invalid-,-Invalid-,-Invalid-,-Invalid-,-Invalid-,-Invalid-,-Invalid-,-Invalid-,-Invalid-
5/26/2009 10:20,-Invalid-,-Invalid-,-Invalid-,-Invalid-,-Invalid-,-Invalid-,-Invalid-,-Invalid-,-Invalid-,-Invalid-
5/26/2009 10:30,-Invalid-,-Invalid-,-Invalid-,-Invalid-,-Invalid-,-Invalid-,-Invalid-,-Invalid-,-Invalid-,-Invalid-
5/26/2009 10:40,-Invalid-,-Invalid-,-Invalid-,-Invalid-,-Invalid-,-Invalid-,-Invalid-,-Invalid-,-Invalid-,-Invalid-
5/26/2009 10:50,-Invalid-,-Invalid-,-Invalid-,-Invalid-,-Invalid-,-Invalid-,-Invalid-,-Invalid-,-Invalid-,-Invalid-
5/26/2009 11:00,-Invalid-,-Invalid-,-Invalid-,-Invalid-,-Invalid-,-Invalid-,-Invalid-,-Invalid-,-Invalid-,-Invalid-
5/26/2009 11:10,-Invalid-,-Invalid-,-Invalid-,-Invalid-,-Invalid-,-Invalid-,-Invalid-,-Invalid-,-Invalid-,-Invalid-
5/26/2009 11:20,-Invalid-,-Invalid-,-Invalid-,-Invalid-,-Invalid-,-Invalid-,-Invalid-,-Invalid-,-Invalid-,-Invalid-
5/26/2009 11:30,-Invalid-,-Invalid-,-Invalid-,-Invalid-,-Invalid-,-Invalid-,-Invalid-,-Invalid-,-Invalid-,-Invalid-
5/26/2009 11:40,-Invalid-,-Invalid-,-Invalid-,-Invalid-,-Invalid-,-Invalid-,-Invalid-,-Invalid-,-Invalid-,-Invalid-
5/26/2009 11:50,-Invalid-,-Invalid-,-Invalid-,-Invalid-,-Invalid-,-Invalid-,-Invalid-,-Invalid-,-Invalid-,-Invalid-
5/26/2009 12:00,-Invalid-,-Invalid-,-Invalid-,-Invalid-,-Invalid-,-Invalid-,-Invalid-,-Invalid-,-Invalid-,-Invalid-
5/26/2009 12:10,-Invalid-,-Invalid-,-Invalid-,-Invalid-,-Invalid-,-Invalid-,-Invalid-,-Invalid-,-Invalid-,-Invalid-
5/26/2009 12:20,-Invalid-,-Invalid-,-Invalid-,-Invalid-,-Invalid-,-Invalid-,-Invalid-,-Invalid-,-Invalid-,-Invalid-
5/26/2009 12:30,-Invalid-,-Invalid-,-Invalid-,-Invalid-,-Invalid-,-Invalid-,-Invalid-,-Invalid-,-Invalid-,-Invalid-
5/26/2009 12:40,-Invalid-,-Invalid-,-Invalid-,-Invalid-,-Invalid-,-Invalid-,-Invalid-,-Invalid-,-Invalid-,-Invalid-
5/26/2009 12:50,-Invalid-,-Invalid-,-Invalid-,-Invalid-,-Invalid-,-Invalid-,-Invalid-,-Invalid-,-Invalid-,-Invalid-
5/26/2009 13:00,-Invalid-,-Invalid-,-Invalid-,-Invalid-,-Invalid-,-Invalid-,-Invalid-,-Invalid-,-Invalid-,-Invalid-
5/26/2009 13:10,-Invalid-,-Invalid-,-Invalid-,-Invalid-,-Invalid-,-Invalid-,-Invalid-,-Invalid-,-Invalid-,-Invalid-
5/26/2009 13:20,-Invalid-,-Invalid-,-Invalid-,-Invalid-,-Invalid-,-Invalid-,-Invalid-,-Invalid-,-Invalid-,-Invalid-
5/26/2009 13:30,-Invalid-,-Invalid-,-Invalid-,-Invalid-,-Invalid-,-Invalid-,-Invalid-,-Invalid-,-Invalid-,-Invalid-
5/26/2009 13:40,-Invalid-,-Invalid-,-Invalid-,-Invalid-,-Invalid-,-Invalid-,-Invalid-,-Invalid-,-Invalid-,-Invalid-
5/26/2009 13:50,-Invalid-,-Invalid-,-Invalid-,-Invalid-,-Invalid-,-Invalid-,-Invalid-,-Invalid-,-Invalid-,-Invalid-
5/26/2009 14:00,-Invalid-,-Invalid-,-Invalid-,-Invalid-,-Invalid-,-Invalid-,-Invalid-,-Invalid-,-Invalid-,-Invalid-
5/26/2009 14:10,-Invalid-,-Invalid-,-Invalid-,-Invalid-,-Invalid-,-Invalid-,-Invalid-,-Invalid-,-Invalid-,-Invalid-
5/26/2009 14:20,-Invalid-,-Invalid-,-Invalid-,-Invalid-,-Invalid-,-Invalid-,-Invalid-,-Invalid-,-Invalid-,-Invalid-
5/26/2009 14:30,-Invalid-,-Invalid-,-Invalid-,-Invalid-,-Invalid-,-Invalid-,-Invalid-,-Invalid-,-Invalid-,-Invalid-
5/26/2009 14:40,-Invalid-,-Invalid-,-Invalid-,-Invalid-,-Invalid-,-Invalid-,-Invalid-,-Invalid-,-Invalid-,-Invalid-
5/26/2009 14:50,-Invalid-,-Invalid-,-Invalid-,-Invalid-,-Invalid-,-Invalid-,-Invalid-,-Invalid-,-Invalid-,-Invalid-
5/26/2009 15:00,-Invalid-,-Invalid-,-Invalid-,-Invalid-,-Invalid-,-Invalid-,-Invalid-,-Invalid-,-Invalid-,-Invalid-
5/26/2009 15:10,-Invalid-,-Invalid-,-Invalid-,-Invalid-,-Invalid-,-Invalid-,-Invalid-,-Invalid-,-Invalid-,-Invalid-
5/26/2009 15:20,-Invalid-,-Invalid-,-Invalid-,-Invalid-,-Invalid-,-Invalid-,-Invalid-,-Invalid-,-Invalid-,-Invalid-
5/26/2009 15:30,-Invalid-,-Invalid-,-Invalid-,-Invalid-,-Invalid-,-Invalid-,-Invalid-,-Invalid-,-Invalid-,-Invalid-
5/26/2009 15:40,-Invalid-,-Invalid-,-Invalid-,-Invalid-,-Invalid-,-Invalid-,-Invalid-,-Invalid-,-Invalid-,-Invalid-
5/26/2009 15:50,-Invalid-,-Invalid-,-Invalid-,-Invalid-,-Invalid-,-Invalid-,-Invalid-,-Invalid-,-Invalid-,-Invalid-
5/26/2009 16:00,-Invalid-,-Invalid-,-Invalid-,-Invalid-,-Invalid-,-Invalid-,-Invalid-,-Invalid-,-Invalid-,-Invalid-
5/26/2009 16:10,-Invalid-,-Invalid-,-Invalid-,-Invalid-,-Invalid-,-Invalid-,-Invalid-,-Invalid-,-Invalid-,-Invalid-
5/26/2009 16:20,-Invalid-,-Invalid-,-Invalid-,-Invalid-,-Invalid-,-Invalid-,-Invalid-,-Invalid-,-Invalid-,-Invalid-
5/26/2009 16:30,-Invalid-,-Invalid-,-Invalid-,-Invalid-,-Invalid-,-Invalid-,-Invalid-,-Invalid-,-Invalid-,-Invalid-
5/26/2009 16:40,-Invalid-,-Invalid-,-Invalid-,-Invalid-,-Invalid-,-Invalid-,-Invalid-,-Invalid-,-Invalid-,-Invalid-
5/26/2009 16:50,-Invalid-,-Invalid-,-Invalid-,-Invalid-,-Invalid-,-Invalid-,-Invalid-,-Invalid-,-Invalid-,-Invalid-
5/26/2009 17:00,-Invalid-,-Invalid-,-Invalid-,-Invalid-,-Invalid-,-Invalid-,-Invalid-,-Invalid-,-Invalid-,-Invalid-
5/26/2009 17:10,-Invalid-,-Invalid-,-Invalid-,-Invalid-,-Invalid-,-Invalid-,-Invalid-,-Invalid-,-Invalid-,-Invalid-
5/26/2009 17:20,-Invalid-,-Invalid-,-Invalid-,-Invalid-,-Invalid-,-Invalid-,-Invalid-,-Invalid-,-Invalid-,-Invalid-
5/26/2009 17:30,-Invalid-,-Invalid-,-Invalid-,-Invalid-,-Invalid-,-Invalid-,-Invalid-,-Invalid-,-Invalid-,-Invalid-
5/26/2009 17:40,-Invalid-,-Invalid-,-Invalid-,-Invalid-,-Invalid-,-Invalid-,-Invalid-,-Invalid-,-Invalid-,-Invalid-
5/26/2009 17:50,-Invalid-,-Invalid-,-Invalid-,-Invalid-,-Invalid-,-Invalid-,-Invalid-,-Invalid-,-Invalid-,-Invalid-
5/26/2009 18:00,-Invalid-,-Invalid-,-Invalid-,-Invalid-,-Invalid-,-Invalid-,-Invalid-,-Invalid-,-Invalid-,-Invalid-
5/26/2009 18:10,-Invalid-,-Invalid-,-Invalid-,-Invalid-,-Invalid-,-Invalid-,-Invalid-,-Invalid-,-Invalid-,-Invalid-
5/26/2009 18:20,-Invalid-,-Invalid-,-Invalid-,-Invalid-,-Invalid-,-Invalid-,-Invalid-,-Invalid-,-Invalid-,-Invalid-
5/26/2009 18:30,-Invalid-,-Invalid-,-Invalid-,-Invalid-,-Invalid-,-Invalid-,-Invalid-,-Invalid-,-Invalid-,-Invalid-
5/26/2009 18:40,-Invalid-,-Invalid-,-Invalid-,-Invalid-,-Invalid-,-Invalid-,-Invalid-,-Invalid-,-Invalid-,-Invalid-
5/26/2009 18:50,-Invalid-,-Invalid-,-Invalid-,-Invalid-,-Invalid-,-Invalid-,-Invalid-,-Invalid-,-Invalid-,-Invalid-
5/26/2009 19:00,-Invalid-,-Invalid-,-Invalid-,-Invalid-,-Invalid-,-Invalid-,-Invalid-,-Invalid-,-Invalid-,-Invalid-
5/26/2009 19:10,-Invalid-,-Invalid-,-Invalid-,-Invalid-,-Invalid-,-Invalid-,-Invalid-,-Invalid-,-Invalid-,-Invalid-
5/26/2009 19:20,-Invalid-,-Invalid-,-Invalid-,-Invalid-,-Invalid-,-Invalid-,-Invalid-,-Invalid-,-Invalid-,-Invalid-
5/26/2009 19:30,-Invalid-,-Invalid-,-Invalid-,-Invalid-,-Invalid-,-Invalid-,-Invalid-,-Invalid-,-Invalid-,-Invalid-
5/26/2009 19:40,-Invalid-,-Invalid-,-Invalid-,-Invalid-,-Invalid-,-Invalid-,-Invalid-,-Invalid-,-Invalid-,-Invalid-
5/26/2009 19:50,-Invalid-,-Invalid-,-Invalid-,-Invalid-,-Invalid-,-Invalid-,-Invalid-,-Invalid-,-Invalid-,-Invalid-
5/26/2009 20:00,-Invalid-,-Invalid-,-Invalid-,-Invalid-,-Invalid-,-Invalid-,-Invalid-,-Invalid-,-Invalid-,-Invalid-
5/26/2009 20:10,-Invalid-,-Invalid-,-Invalid-,-Invalid-,-Invalid-,-Invalid-,-Invalid-,-Invalid-,-Invalid-,-Invalid-
5/26/2009 20:20,-Invalid-,-Invalid-,-Invalid-,-Invalid-,-Invalid-,-Invalid-,-Invalid-,-Invalid-,-Invalid-,-Invalid-
5/26/2009 20:30,-Invalid-,-Invalid-,-Invalid-,-Invalid-,-Invalid-,-Invalid-,-Invalid-,-Invalid-,-Invalid-,-Invalid-
5/26/2009 20:40,-Invalid-,-Invalid-,-Invalid-,-Invalid-,-Invalid-,-Invalid-,-Invalid-,-Invalid-,-Invalid-,-Invalid-
5/26/2009 20:50,-Invalid-,-Invalid-,-Invalid-,-Invalid-,-Invalid-,-Invalid-,-Invalid-,-Invalid-,-Invalid-,-Invalid-
5/26/2009 21:00,-Invalid-,-Invalid-,-Invalid-,-Invalid-,-Invalid-,-Invalid-,-Invalid-,-Invalid-,-Invalid-,-Invalid-
5/26/2009 21:10,-Invalid-,-Invalid-,-Invalid-,-Invalid-,-Invalid-,-Invalid-,-Invalid-,-Invalid-,-Invalid-,-Invalid-
5/26/2009 21:20,-Invalid-,-Invalid-,-Invalid-,-Invalid-,-Invalid-,-Invalid-,-Invalid-,-Invalid-,-Invalid-,-Invalid-
5/26/2009 21:30,-Invalid-,-Invalid-,-Invalid-,-Invalid-,-Invalid-,-Invalid-,-Invalid-,-Invalid-,-Invalid-,-Invalid-
5/26/2009 21:40,-Invalid-,-Invalid-,-Invalid-,-Invalid-,-Invalid-,-Invalid-,-Invalid-,-Invalid-,-Invalid-,-Invalid-
5/26/2009 21:50,-Invalid-,-Invalid-,-Invalid-,-Invalid-,-Invalid-,-Invalid-,-Invalid-,-Invalid-,-Invalid-,-Invalid-
5/26/2009 22:00,-Invalid-,-Invalid-,-Invalid-,-Invalid-,-Invalid-,-Invalid-,-Invalid-,-Invalid-,-Invalid-,-Invalid-
5/26/2009 22:10,-Invalid-,-Invalid-,-Invalid-,-Invalid-,-Invalid-,-Invalid-,-Invalid-,-Invalid-,-Invalid-,-Invalid-
5/26/2009 22:20,-Invalid-,-Invalid-,-Invalid-,-Invalid-,-Invalid-,-Invalid-,-Invalid-,-Invalid-,-Invalid-,-Invalid-
5/26/2009 22:30,-Invalid-,-Invalid-,-Invalid-,-Invalid-,-Invalid-,-Invalid-,-Invalid-,-Invalid-,-Invalid-,-Invalid-
5/26/2009 22:40,-Invalid-,-Invalid-,-Invalid-,-Invalid-,-Invalid-,-Invalid-,-Invalid-,-Invalid-,-Invalid-,-Invalid-
5/26/2009 22:50,-Invalid-,-Invalid-,-Invalid-,-Invalid-,-Invalid-,-Invalid-,-Invalid-,-Invalid-,-Invalid-,-Invalid-
5/26/2009 23:00,-Invalid-,-Invalid-,-Invalid-,-Invalid-,-Invalid-,-Invalid-,-Invalid-,-Invalid-,-Invalid-,-Invalid-
5/26/2009 23:10,-Invalid-,-Invalid-,-Invalid-,-Invalid-,-Invalid-,-Invalid-,-Invalid-,-Invalid-,-Invalid-,-Invalid-
5/26/2009 23:20,-Invalid-,-Invalid-,-Invalid-,-Invalid-,-Invalid-,-Invalid-,-Invalid-,-Invalid-,-Invalid-,-Invalid-
5/26/2009 23:30,-Invalid-,-Invalid-,-Invalid-,-Invalid-,-Invalid-,-Invalid-,-Invalid-,-Invalid-,-Invalid-,-Invalid-
5/26/2009 23:40,-Invalid-,-Invalid-,-Invalid-,-Invalid-,-Invalid-,-Invalid-,-Invalid-,-Invalid-,-Invalid-,-Invalid-
5/26/2009 23:50,-Invalid-,-Invalid-,-Invalid-,-Invalid-,-Invalid-,-Invalid-,-Invalid-,-Invalid-,-Invalid-,-Invalid-
5/27/2009 0:00,-Invalid-,-Invalid-,-Invalid-,-Invalid-,-Invalid-,-Invalid-,-Invalid-,-Invalid-,-Invalid-,-Invalid-
5/27/2009 0:10,-Invalid-,-Invalid-,-Invalid-,-Invalid-,-Invalid-,-Invalid-,-Invalid-,-Invalid-,-Invalid-,-Invalid-
5/27/2009 0:20,-Invalid-,-Invalid-,-Invalid-,-Invalid-,-Invalid-,-Invalid-,-Invalid-,-Invalid-,-Invalid-,-Invalid-
5/27/2009 0:30,-Invalid-,-Invalid-,-Invalid-,-Invalid-,-Invalid-,-Invalid-,-Invalid-,-Invalid-,-Invalid-,-Invalid-
5/27/2009 0:40,-Invalid-,-Invalid-,-Invalid-,-Invalid-,-Invalid-,-Invalid-,-Invalid-,-Invalid-,-Invalid-,-Invalid-
5/27/2009 0:50,-Invalid-,-Invalid-,-Invalid-,-Invalid-,-Invalid-,-Invalid-,-Invalid-,-Invalid-,-Invalid-,-Invalid-
5/27/2009 1:00,-Invalid-,-Invalid-,-Invalid-,-Invalid-,-Invalid-,-Invalid-,-Invalid-,-Invalid-,-Invalid-,-Invalid-
5/27/2009 1:10,-Invalid-,-Invalid-,-Invalid-,-Invalid-,-Invalid-,-Invalid-,-Invalid-,-Invalid-,-Invalid-,-Invalid-
5/27/2009 1:20,-Invalid-,-Invalid-,-Invalid-,-Invalid-,-Invalid-,-Invalid-,-Invalid-,-Invalid-,-Invalid-,-Invalid-
5/27/2009 1:30,-Invalid-,-Invalid-,-Invalid-,-Invalid-,-Invalid-,-Invalid-,-Invalid-,-Invalid-,-Invalid-,-Invalid-
5/27/2009 1:40,-Invalid-,-Invalid-,-Invalid-,-Invalid-,-Invalid-,-Invalid-,-Invalid-,-Invalid-,-Invalid-,-Invalid-
5/27/2009 1:50,-Invalid-,-Invalid-,-Invalid-,-Invalid-,-Invalid-,-Invalid-,-Invalid-,-Invalid-,-Invalid-,-Invalid-
5/27/2009 2:00,-Invalid-,-Invalid-,-Invalid-,-Invalid-,-Invalid-,-Invalid-,-Invalid-,-Invalid-,-Invalid-,-Invalid-
5/27/2009 2:10,-Invalid-,-Invalid-,-Invalid-,-Invalid-,-Invalid-,-Invalid-,-Invalid-,-Invalid-,-Invalid-,-Invalid-
5/27/2009 2:20,-Invalid-,-Invalid-,-Invalid-,-Invalid-,-Invalid-,-Invalid-,-Invalid-,-Invalid-,-Invalid-,-Invalid-
5/27/2009 2:30,-Invalid-,-Invalid-,-Invalid-,-Invalid-,-Invalid-,-Invalid-,-Invalid-,-Invalid-,-Invalid-,-Invalid-
5/27/2009 2:40,-Invalid-,-Invalid-,-Invalid-,-Invalid-,-Invalid-,-Invalid-,-Invalid-,-Invalid-,-Invalid-,-Invalid-
5/27/2009 2:50,-Invalid-,-Invalid-,-Invalid-,-Invalid-,-Invalid-,-Invalid-,-Invalid-,-Invalid-,-Invalid-,-Invalid-
5/27/2009 3:00,-Invalid-,-Invalid-,-Invalid-,-Invalid-,-Invalid-,-Invalid-,-Invalid-,-Invalid-,-Invalid-,-Invalid-
5/27/2009 3:10,-Invalid-,-Invalid-,-Invalid-,-Invalid-,-Invalid-,-Invalid-,-Invalid-,-Invalid-,-Invalid-,-Invalid-
5/27/2009 3:20,-Invalid-,-Invalid-,-Invalid-,-Invalid-,-Invalid-,-Invalid-,-Invalid-,-Invalid-,-Invalid-,-Invalid-
5/27/2009 3:30,-Invalid-,-Invalid-,-Invalid-,-Invalid-,-Invalid-,-Invalid-,-Invalid-,-Invalid-,-Invalid-,-Invalid-
5/27/2009 3:40,-Invalid-,-Invalid-,-Invalid-,-Invalid-,-Invalid-,-Invalid-,-Invalid-,-Invalid-,-Invalid-,-Invalid-
5/27/2009 3:50,-Invalid-,-Invalid-,-Invalid-,-Invalid-,-Invalid-,-Invalid-,-Invalid-,-Invalid-,-Invalid-,-Invalid-
5/27/2009 4:00,-Invalid-,-Invalid-,-Invalid-,-Invalid-,-Invalid-,-Invalid-,-Invalid-,-Invalid-,-Invalid-,-Invalid-
5/27/2009 4:10,-Invalid-,-Invalid-,-Invalid-,-Invalid-,-Invalid-,-Invalid-,-Invalid-,-Invalid-,-Invalid-,-Invalid-
5/27/2009 4:20,-Invalid-,-Invalid-,-Invalid-,-Invalid-,-Invalid-,-Invalid-,-Invalid-,-Invalid-,-Invalid-,-Invalid-
5/27/2009 4:30,-Invalid-,-Invalid-,-Invalid-,-Invalid-,-Invalid-,-Invalid-,-Invalid-,-Invalid-,-Invalid-,-Invalid-
5/27/2009 4:40,-Invalid-,-Invalid-,-Invalid-,-Invalid-,-Invalid-,-Invalid-,-Invalid-,-Invalid-,-Invalid-,-Invalid-
5/27/2009 4:50,-Invalid-,-Invalid-,-Invalid-,-Invalid-,-Invalid-,-Invalid-,-Invalid-,-Invalid-,-Invalid-,-Invalid-
5/27/2009 5:00,-Invalid-,-Invalid-,-Invalid-,-Invalid-,-Invalid-,-Invalid-,-Invalid-,-Invalid-,-Invalid-,-Invalid-
5/27/2009 5:10,-Invalid-,-Invalid-,-Invalid-,-Invalid-,-Invalid-,-Invalid-,-Invalid-,-Invalid-,-Invalid-,-Invalid-
5/27/2009 5:20,-Invalid-,-Invalid-,-Invalid-,-Invalid-,-Invalid-,-Invalid-,-Invalid-,-Invalid-,-Invalid-,-Invalid-
5/27/2009 5:30,-Invalid-,-Invalid-,-Invalid-,-Invalid-,-Invalid-,-Invalid-,-Invalid-,-Invalid-,-Invalid-,-Invalid-
5/27/2009 5:40,-Invalid-,-Invalid-,-Invalid-,-Invalid-,-Invalid-,-Invalid-,-Invalid-,-Invalid-,-Invalid-,-Invalid-
5/27/2009 5:50,-Invalid-,-Invalid-,-Invalid-,-Invalid-,-Invalid-,-Invalid-,-Invalid-,-Invalid-,-Invalid-,-Invalid-
5/27/2009 6:00,-Invalid-,-Invalid-,-Invalid-,-Invalid-,-Invalid-,-Invalid-,-Invalid-,-Invalid-,-Invalid-,-Invalid-
5/27/2009 6:10,-Invalid-,-Invalid-,-Invalid-,-Invalid-,-Invalid-,-Invalid-,-Invalid-,-Invalid-,-Invalid-,-Invalid-
5/27/2009 6:20,-Invalid-,-Invalid-,-Invalid-,-Invalid-,-Invalid-,-Invalid-,-Invalid-,-Invalid-,-Invalid-,-Invalid-
5/27/2009 6:30,-Invalid-,-Invalid-,-Invalid-,-Invalid-,-Invalid-,-Invalid-,-Invalid-,-Invalid-,-Invalid-,-Invalid-
5/27/2009 6:40,-Invalid-,-Invalid-,-Invalid-,-Invalid-,-Invalid-,-Invalid-,-Invalid-,-Invalid-,-Invalid-,-Invalid-
5/27/2009 6:50,-Invalid-,-Invalid-,-Invalid-,-Invalid-,-Invalid-,-Invalid-,-Invalid-,-Invalid-,-Invalid-,-Invalid-
5/27/2009 7:00,-Invalid-,-Invalid-,-Invalid-,-Invalid-,-Invalid-,-Invalid-,-Invalid-,-Invalid-,-Invalid-,-Invalid-
5/27/2009 7:10,-Invalid-,-Invalid-,-Invalid-,-Invalid-,-Invalid-,-Invalid-,-Invalid-,-Invalid-,-Invalid-,-Invalid-
5/27/2009 7:20,-Invalid-,-Invalid-,-Invalid-,-Invalid-,-Invalid-,-Invalid-,-Invalid-,-Invalid-,-Invalid-,-Invalid-
5/27/2009 7:30,-Invalid-,-Invalid-,-Invalid-,-Invalid-,-Invalid-,-Invalid-,-Invalid-,-Invalid-,-Invalid-,-Invalid-
5/27/2009 7:40,-Invalid-,-Invalid-,-Invalid-,-Invalid-,-Invalid-,-Invalid-,-Invalid-,-Invalid-,-Invalid-,-Invalid-
5/27/2009 7:50,-Invalid-,-Invalid-,-Invalid-,-Invalid-,-Invalid-,-Invalid-,-Invalid-,-Invalid-,-Invalid-,-Invalid-
5/27/2009 8:00,-Invalid-,-Invalid-,-Invalid-,-Invalid-,-Invalid-,-Invalid-,-Invalid-,-Invalid-,-Invalid-,-Invalid-
5/27/2009 8:10,-Invalid-,-Invalid-,-Invalid-,-Invalid-,-Invalid-,-Invalid-,-Invalid-,-Invalid-,-Invalid-,-Invalid-
5/27/2009 8:20,-Invalid-,-Invalid-,-Invalid-,-Invalid-,-Invalid-,-Invalid-,-Invalid-,-Invalid-,-Invalid-,-Invalid-
5/27/2009 8:30,-Invalid-,-Invalid-,-Invalid-,-Invalid-,-Invalid-,-Invalid-,-Invalid-,-Invalid-,-Invalid-,-Invalid-
5/27/2009 8:40,-Invalid-,-Invalid-,-Invalid-,-Invalid-,-Invalid-,-Invalid-,-Invalid-,-Invalid-,-Invalid-,-Invalid-
5/27/2009 8:50,-Invalid-,-Invalid-,-Invalid-,-Invalid-,-Invalid-,-Invalid-,-Invalid-,-Invalid-,-Invalid-,-Invalid-
5/27/2009 9:00,-Invalid-,-Invalid-,-Invalid-,-Invalid-,-Invalid-,-Invalid-,-Invalid-,-Invalid-,-Invalid-,-Invalid-
5/27/2009 9:10,-Invalid-,-Invalid-,-Invalid-,-Invalid-,-Invalid-,-Invalid-,-Invalid-,-Invalid-,-Invalid-,-Invalid-
5/27/2009 9:20,-Invalid-,-Invalid-,-Invalid-,-Invalid-,-Invalid-,-Invalid-,-Invalid-,-Invalid-,-Invalid-,-Invalid-
5/27/2009 9:30,-Invalid-,-Invalid-,-Invalid-,-Invalid-,-Invalid-,-Invalid-,-Invalid-,-Invalid-,-Invalid-,-Invalid-
5/27/2009 9:40,-Invalid-,-Invalid-,-Invalid-,-Invalid-,-Invalid-,-Invalid-,-Invalid-,-Invalid-,-Invalid-,-Invalid-
5/27/2009 9:50,-Invalid-,-Invalid-,-Invalid-,-Invalid-,-Invalid-,-Invalid-,-Invalid-,-Invalid-,-Invalid-,-Invalid-
5/27/2009 10:00,-Invalid-,-Invalid-,-Invalid-,-Invalid-,-Invalid-,-Invalid-,-Invalid-,-Invalid-,-Invalid-,-Invalid-
5/27/2009 10:10,-Invalid-,-Invalid-,-Invalid-,-Invalid-,-Invalid-,-Invalid-,-Invalid-,-Invalid-,-Invalid-,-Invalid-
5/27/2009 10:20,-Invalid-,-Invalid-,-Invalid-,-Invalid-,-Invalid-,-Invalid-,-Invalid-,-Invalid-,-Invalid-,-Invalid-
5/27/2009 10:30,-Invalid-,-Invalid-,-Invalid-,-Invalid-,-Invalid-,-Invalid-,-Invalid-,-Invalid-,-Invalid-,-Invalid-
5/27/2009 10:40,-Invalid-,-Invalid-,-Invalid-,-Invalid-,-Invalid-,-Invalid-,-Invalid-,-Invalid-,-Invalid-,-Invalid-
5/27/2009 10:50,-Invalid-,-Invalid-,-Invalid-,-Invalid-,-Invalid-,-Invalid-,-Invalid-,-Invalid-,-Invalid-,-Invalid-
5/27/2009 11:00,-Invalid-,-Invalid-,-Invalid-,-Invalid-,-Invalid-,-Invalid-,-Invalid-,-Invalid-,-Invalid-,-Invalid-
5/27/2009 11:10,-Invalid-,-Invalid-,-Invalid-,-Invalid-,-Invalid-,-Invalid-,-Invalid-,-Invalid-,-Invalid-,-Invalid-
5/27/2009 11:20,-Invalid-,-Invalid-,-Invalid-,-Invalid-,-Invalid-,-Invalid-,-Invalid-,-Invalid-,-Invalid-,-Invalid-
5/27/2009 11:30,-Invalid-,-Invalid-,-Invalid-,-Invalid-,-Invalid-,-Invalid-,-Invalid-,-Invalid-,-Invalid-,-Invalid-
5/27/2009 11:40,-Invalid-,-Invalid-,-Invalid-,-Invalid-,-Invalid-,-Invalid-,-Invalid-,-Invalid-,-Invalid-,-Invalid-
5/27/2009 11:50,-Invalid-,-Invalid-,-Invalid-,-Invalid-,-Invalid-,-Invalid-,-Invalid-,-Invalid-,-Invalid-,-Invalid-
5/27/2009 12:00,-Invalid-,-Invalid-,-Invalid-,-Invalid-,-Invalid-,-Invalid-,-Invalid-,-Invalid-,-Invalid-,-Invalid-
5/27/2009 12:10,-Invalid-,-Invalid-,-Invalid-,-Invalid-,-Invalid-,-Invalid-,-Invalid-,-Invalid-,-Invalid-,-Invalid-
5/27/2009 12:20,-Invalid-,-Invalid-,-Invalid-,-Invalid-,-Invalid-,-Invalid-,-Invalid-,-Invalid-,-Invalid-,-Invalid-
5/27/2009 12:30,-Invalid-,-Invalid-,-Invalid-,-Invalid-,-Invalid-,-Invalid-,-Invalid-,-Invalid-,-Invalid-,-Invalid-
5/27/2009 12:40,-Invalid-,-Invalid-,-Invalid-,-Invalid-,-Invalid-,-Invalid-,-Invalid-,-Invalid-,-Invalid-,-Invalid-
5/27/2009 12:50,-Invalid-,-Invalid-,-Invalid-,-Invalid-,-Invalid-,-Invalid-,-Invalid-,-Invalid-,-Invalid-,-Invalid-
5/27/2009 13:00,-Invalid-,-Invalid-,-Invalid-,-Invalid-,-Invalid-,-Invalid-,-Invalid-,-Invalid-,-Invalid-,-Invalid-
5/27/2009 13:10,-Invalid-,-Invalid-,-Invalid-,-Invalid-,-Invalid-,-Invalid-,-Invalid-,-Invalid-,-Invalid-,-Invalid-
5/27/2009 13:20,-Invalid-,-Invalid-,-Invalid-,-Invalid-,-Invalid-,-Invalid-,-Invalid-,-Invalid-,-Invalid-,-Invalid-
5/27/2009 13:30,-Invalid-,-Invalid-,-Invalid-,-Invalid-,-Invalid-,-Invalid-,-Invalid-,-Invalid-,-Invalid-,-Invalid-
5/27/2009 13:40,-Invalid-,-Invalid-,-Invalid-,-Invalid-,-Invalid-,-Invalid-,-Invalid-,-Invalid-,-Invalid-,-Invalid-
5/27/2009 13:50,-Invalid-,-Invalid-,-Invalid-,-Invalid-,-Invalid-,-Invalid-,-Invalid-,-Invalid-,-Invalid-,-Invalid-
5/27/2009 14:00,-Invalid-,-Invalid-,-Invalid-,-Invalid-,-Invalid-,-Invalid-,-Invalid-,-Invalid-,-Invalid-,-Invalid-
5/27/2009 14:10,-Invalid-,-Invalid-,-Invalid-,-Invalid-,-Invalid-,-Invalid-,-Invalid-,-Invalid-,-Invalid-,-Invalid-
5/27/2009 14:20,-Invalid-,-Invalid-,-Invalid-,-Invalid-,-Invalid-,-Invalid-,-Invalid-,-Invalid-,-Invalid-,-Invalid-
5/27/2009 14:30,-Invalid-,-Invalid-,-Invalid-,-Invalid-,-Invalid-,-Invalid-,-Invalid-,-Invalid-,-Invalid-,-Invalid-
5/27/2009 14:40,-Invalid-,-Invalid-,-Invalid-,-Invalid-,-Invalid-,-Invalid-,-Invalid-,-Invalid-,-Invalid-,-Invalid-
5/27/2009 14:50,-Invalid-,-Invalid-,-Invalid-,-Invalid-,-Invalid-,-Invalid-,-Invalid-,-Invalid-,-Invalid-,-Invalid-
5/27/2009 15:00,-Invalid-,-Invalid-,-Invalid-,-Invalid-,-Invalid-,-Invalid-,-Invalid-,-Invalid-,-Invalid-,-Invalid-
5/27/2009 15:10,-Invalid-,-Invalid-,-Invalid-,-Invalid-,-Invalid-,-Invalid-,-Invalid-,-Invalid-,-Invalid-,-Invalid-
5/27/2009 15:20,-Invalid-,-Invalid-,-Invalid-,-Invalid-,-Invalid-,-Invalid-,-Invalid-,-Invalid-,-Invalid-,-Invalid-
5/27/2009 15:30,-Invalid-,-Invalid-,-Invalid-,-Invalid-,-Invalid-,-Invalid-,-Invalid-,-Invalid-,-Invalid-,-Invalid-
5/27/2009 15:40,-Invalid-,-Invalid-,-Invalid-,-Invalid-,-Invalid-,-Invalid-,-Invalid-,-Invalid-,-Invalid-,-Invalid-
5/27/2009 15:50,-Invalid-,-Invalid-,-Invalid-,-Invalid-,-Invalid-,-Invalid-,-Invalid-,-Invalid-,-Invalid-,-Invalid-
5/27/2009 16:00,-Invalid-,-Invalid-,-Invalid-,-Invalid-,-Invalid-,-Invalid-,-Invalid-,-Invalid-,-Invalid-,-Invalid-
5/27/2009 16:10,-Invalid-,-Invalid-,-Invalid-,-Invalid-,-Invalid-,-Invalid-,-Invalid-,-Invalid-,-Invalid-,-Invalid-
5/27/2009 16:20,-Invalid-,-Invalid-,-Invalid-,-Invalid-,-Invalid-,-Invalid-,-Invalid-,-Invalid-,-Invalid-,-Invalid-
5/27/2009 16:30,-Invalid-,-Invalid-,-Invalid-,-Invalid-,-Invalid-,-Invalid-,-Invalid-,-Invalid-,-Invalid-,-Invalid-
5/27/2009 16:40,-Invalid-,-Invalid-,-Invalid-,-Invalid-,-Invalid-,-Invalid-,-Invalid-,-Invalid-,-Invalid-,-Invalid-
5/27/2009 16:50,-Invalid-,-Invalid-,-Invalid-,-Invalid-,-Invalid-,-Invalid-,-Invalid-,-Invalid-,-Invalid-,-Invalid-
5/27/2009 17:00,-Invalid-,-Invalid-,-Invalid-,-Invalid-,-Invalid-,-Invalid-,-Invalid-,-Invalid-,-Invalid-,-Invalid-
5/27/2009 17:10,-Invalid-,-Invalid-,-Invalid-,-Invalid-,-Invalid-,-Invalid-,-Invalid-,-Invalid-,-Invalid-,-Invalid-
5/27/2009 17:20,-Invalid-,-Invalid-,-Invalid-,-Invalid-,-Invalid-,-Invalid-,-Invalid-,-Invalid-,-Invalid-,-Invalid-
5/27/2009 17:30,-Invalid-,-Invalid-,-Invalid-,-Invalid-,-Invalid-,-Invalid-,-Invalid-,-Invalid-,-Invalid-,-Invalid-
5/27/2009 17:40,-Invalid-,-Invalid-,-Invalid-,-Invalid-,-Invalid-,-Invalid-,-Invalid-,-Invalid-,-Invalid-,-Invalid-
5/27/2009 17:50,-Invalid-,-Invalid-,-Invalid-,-Invalid-,-Invalid-,-Invalid-,-Invalid-,-Invalid-,-Invalid-,-Invalid-
5/27/2009 18:00,-Invalid-,-Invalid-,-Invalid-,-Invalid-,-Invalid-,-Invalid-,-Invalid-,-Invalid-,-Invalid-,-Invalid-
5/27/2009 18:10,-Invalid-,-Invalid-,-Invalid-,-Invalid-,-Invalid-,-Invalid-,-Invalid-,-Invalid-,-Invalid-,-Invalid-
5/27/2009 18:20,-Invalid-,-Invalid-,-Invalid-,-Invalid-,-Invalid-,-Invalid-,-Invalid-,-Invalid-,-Invalid-,-Invalid-
5/27/2009 18:30,-Invalid-,-Invalid-,-Invalid-,-Invalid-,-Invalid-,-Invalid-,-Invalid-,-Invalid-,-Invalid-,-Invalid-
5/27/2009 18:40,-Invalid-,-Invalid-,-Invalid-,-Invalid-,-Invalid-,-Invalid-,-Invalid-,-Invalid-,-Invalid-,-Invalid-
5/27/2009 18:50,-Invalid-,-Invalid-,-Invalid-,-Invalid-,-Invalid-,-Invalid-,-Invalid-,-Invalid-,-Invalid-,-Invalid-
5/27/2009 19:00,-Invalid-,-Invalid-,-Invalid-,-Invalid-,-Invalid-,-Invalid-,-Invalid-,-Invalid-,-Invalid-,-Invalid-
5/27/2009 19:10,-Invalid-,-Invalid-,-Invalid-,-Invalid-,-Invalid-,-Invalid-,-Invalid-,-Invalid-,-Invalid-,-Invalid-
5/27/2009 19:20,-Invalid-,-Invalid-,-Invalid-,-Invalid-,-Invalid-,-Invalid-,-Invalid-,-Invalid-,-Invalid-,-Invalid-
5/27/2009 19:30,-Invalid-,-Invalid-,-Invalid-,-Invalid-,-Invalid-,-Invalid-,-Invalid-,-Invalid-,-Invalid-,-Invalid-
5/27/2009 19:40,-Invalid-,-Invalid-,-Invalid-,-Invalid-,-Invalid-,-Invalid-,-Invalid-,-Invalid-,-Invalid-,-Invalid-
5/27/2009 19:50,-Invalid-,-Invalid-,-Invalid-,-Invalid-,-Invalid-,-Invalid-,-Invalid-,-Invalid-,-Invalid-,-Invalid-
5/27/2009 20:00,-Invalid-,-Invalid-,-Invalid-,-Invalid-,-Invalid-,-Invalid-,-Invalid-,-Invalid-,-Invalid-,-Invalid-
5/27/2009 20:10,-Invalid-,-Invalid-,-Invalid-,-Invalid-,-Invalid-,-Invalid-,-Invalid-,-Invalid-,-Invalid-,-Invalid-
5/27/2009 20:20,-Invalid-,-Invalid-,-Invalid-,-Invalid-,-Invalid-,-Invalid-,-Invalid-,-Invalid-,-Invalid-,-Invalid-
5/27/2009 20:30,-Invalid-,-Invalid-,-Invalid-,-Invalid-,-Invalid-,-Invalid-,-Invalid-,-Invalid-,-Invalid-,-Invalid-
5/27/2009 20:40,-Invalid-,-Invalid-,-Invalid-,-Invalid-,-Invalid-,-Invalid-,-Invalid-,-Invalid-,-Invalid-,-Invalid-
5/27/2009 20:50,-Invalid-,-Invalid-,-Invalid-,-Invalid-,-Invalid-,-Invalid-,-Invalid-,-Invalid-,-Invalid-,-Invalid-
5/27/2009 21:00,-Invalid-,-Invalid-,-Invalid-,-Invalid-,-Invalid-,-Invalid-,-Invalid-,-Invalid-,-Invalid-,-Invalid-
5/27/2009 21:10,-Invalid-,-Invalid-,-Invalid-,-Invalid-,-Invalid-,-Invalid-,-Invalid-,-Invalid-,-Invalid-,-Invalid-
5/27/2009 21:20,-Invalid-,-Invalid-,-Invalid-,-Invalid-,-Invalid-,-Invalid-,-Invalid-,-Invalid-,-Invalid-,-Invalid-
5/27/2009 21:30,-Invalid-,-Invalid-,-Invalid-,-Invalid-,-Invalid-,-Invalid-,-Invalid-,-Invalid-,-Invalid-,-Invalid-
5/27/2009 21:40,-Invalid-,-Invalid-,-Invalid-,-Invalid-,-Invalid-,-Invalid-,-Invalid-,-Invalid-,-Invalid-,-Invalid-
5/27/2009 21:50,-Invalid-,-Invalid-,-Invalid-,-Invalid-,-Invalid-,-Invalid-,-Invalid-,-Invalid-,-Invalid-,-Invalid-
5/27/2009 22:00,-Invalid-,-Invalid-,-Invalid-,-Invalid-,-Invalid-,-Invalid-,-Invalid-,-Invalid-,-Invalid-,-Invalid-
5/27/2009 22:10,-Invalid-,-Invalid-,-Invalid-,-Invalid-,-Invalid-,-Invalid-,-Invalid-,-Invalid-,-Invalid-,-Invalid-
5/27/2009 22:20,-Invalid-,-Invalid-,-Invalid-,-Invalid-,-Invalid-,-Invalid-,-Invalid-,-Invalid-,-Invalid-,-Invalid-
5/27/2009 22:30,-Invalid-,-Invalid-,-Invalid-,-Invalid-,-Invalid-,-Invalid-,-Invalid-,-Invalid-,-Invalid-,-Invalid-
5/27/2009 22:40,-Invalid-,-Invalid-,-Invalid-,-Invalid-,-Invalid-,-Invalid-,-Invalid-,-Invalid-,-Invalid-,-Invalid-
5/27/2009 22:50,-Invalid-,-Invalid-,-Invalid-,-Invalid-,-Invalid-,-Invalid-,-Invalid-,-Invalid-,-Invalid-,-Invalid-
5/27/2009 23:00,-Invalid-,-Invalid-,-Invalid-,-Invalid-,-Invalid-,-Invalid-,-Invalid-,-Invalid-,-Invalid-,-Invalid-
5/27/2009 23:10,-Invalid-,-Invalid-,-Invalid-,-Invalid-,-Invalid-,-Invalid-,-Invalid-,-Invalid-,-Invalid-,-Invalid-
5/27/2009 23:20,-Invalid-,-Invalid-,-Invalid-,-Invalid-,-Invalid-,-Invalid-,-Invalid-,-Invalid-,-Invalid-,-Invalid-
5/27/2009 23:30,-Invalid-,-Invalid-,-Invalid-,-Invalid-,-Invalid-,-Invalid-,-Invalid-,-Invalid-,-Invalid-,-Invalid-
5/27/2009 23:40,-Invalid-,-Invalid-,-Invalid-,-Invalid-,-Invalid-,-Invalid-,-Invalid-,-Invalid-,-Invalid-,-Invalid-
5/27/2009 23:50,-Invalid-,-Invalid-,-Invalid-,-Invalid-,-Invalid-,-Invalid-,-Invalid-,-Invalid-,-Invalid-,-Invalid-
5/28/2009 0:00,-Invalid-,-Invalid-,-Invalid-,-Invalid-,-Invalid-,-Invalid-,-Invalid-,-Invalid-,-Invalid-,-Invalid-
5/28/2009 0:10,-Invalid-,-Invalid-,-Invalid-,-Invalid-,-Invalid-,-Invalid-,-Invalid-,-Invalid-,-Invalid-,-Invalid-
5/28/2009 0:20,-Invalid-,-Invalid-,-Invalid-,-Invalid-,-Invalid-,-Invalid-,-Invalid-,-Invalid-,-Invalid-,-Invalid-
5/28/2009 0:30,-Invalid-,-Invalid-,-Invalid-,-Invalid-,-Invalid-,-Invalid-,-Invalid-,-Invalid-,-Invalid-,-Invalid-
5/28/2009 0:40,-Invalid-,-Invalid-,-Invalid-,-Invalid-,-Invalid-,-Invalid-,-Invalid-,-Invalid-,-Invalid-,-Invalid-
5/28/2009 0:50,-Invalid-,-Invalid-,-Invalid-,-Invalid-,-Invalid-,-Invalid-,-Invalid-,-Invalid-,-Invalid-,-Invalid-
5/28/2009 1:00,-Invalid-,-Invalid-,-Invalid-,-Invalid-,-Invalid-,-Invalid-,-Invalid-,-Invalid-,-Invalid-,-Invalid-
5/28/2009 1:10,-Invalid-,-Invalid-,-Invalid-,-Invalid-,-Invalid-,-Invalid-,-Invalid-,-Invalid-,-Invalid-,-Invalid-
5/28/2009 1:20,-Invalid-,-Invalid-,-Invalid-,-Invalid-,-Invalid-,-Invalid-,-Invalid-,-Invalid-,-Invalid-,-Invalid-
5/28/2009 1:30,-Invalid-,-Invalid-,-Invalid-,-Invalid-,-Invalid-,-Invalid-,-Invalid-,-Invalid-,-Invalid-,-Invalid-
5/28/2009 1:40,-Invalid-,-Invalid-,-Invalid-,-Invalid-,-Invalid-,-Invalid-,-Invalid-,-Invalid-,-Invalid-,-Invalid-
5/28/2009 1:50,-Invalid-,-Invalid-,-Invalid-,-Invalid-,-Invalid-,-Invalid-,-Invalid-,-Invalid-,-Invalid-,-Invalid-
5/28/2009 2:00,-Invalid-,-Invalid-,-Invalid-,-Invalid-,-Invalid-,-Invalid-,-Invalid-,-Invalid-,-Invalid-,-Invalid-
5/28/2009 2:10,-Invalid-,-Invalid-,-Invalid-,-Invalid-,-Invalid-,-Invalid-,-Invalid-,-Invalid-,-Invalid-,-Invalid-
5/28/2009 2:20,-Invalid-,-Invalid-,-Invalid-,-Invalid-,-Invalid-,-Invalid-,-Invalid-,-Invalid-,-Invalid-,-Invalid-
5/28/2009 2:30,-Invalid-,-Invalid-,-Invalid-,-Invalid-,-Invalid-,-Invalid-,-Invalid-,-Invalid-,-Invalid-,-Invalid-
5/28/2009 2:40,-Invalid-,-Invalid-,-Invalid-,-Invalid-,-Invalid-,-Invalid-,-Invalid-,-Invalid-,-Invalid-,-Invalid-
5/28/2009 2:50,-Invalid-,-Invalid-,-Invalid-,-Invalid-,-Invalid-,-Invalid-,-Invalid-,-Invalid-,-Invalid-,-Invalid-
5/28/2009 3:00,-Invalid-,-Invalid-,-Invalid-,-Invalid-,-Invalid-,-Invalid-,-Invalid-,-Invalid-,-Invalid-,-Invalid-
5/28/2009 3:10,-Invalid-,-Invalid-,-Invalid-,-Invalid-,-Invalid-,-Invalid-,-Invalid-,-Invalid-,-Invalid-,-Invalid-
5/28/2009 3:20,-Invalid-,-Invalid-,-Invalid-,-Invalid-,-Invalid-,-Invalid-,-Invalid-,-Invalid-,-Invalid-,-Invalid-
5/28/2009 3:30,-Invalid-,-Invalid-,-Invalid-,-Invalid-,-Invalid-,-Invalid-,-Invalid-,-Invalid-,-Invalid-,-Invalid-
5/28/2009 3:40,-Invalid-,-Invalid-,-Invalid-,-Invalid-,-Invalid-,-Invalid-,-Invalid-,-Invalid-,-Invalid-,-Invalid-
5/28/2009 3:50,-Invalid-,-Invalid-,-Invalid-,-Invalid-,-Invalid-,-Invalid-,-Invalid-,-Invalid-,-Invalid-,-Invalid-
5/28/2009 4:00,-Invalid-,-Invalid-,-Invalid-,-Invalid-,-Invalid-,-Invalid-,-Invalid-,-Invalid-,-Invalid-,-Invalid-
5/28/2009 4:10,-Invalid-,-Invalid-,-Invalid-,-Invalid-,-Invalid-,-Invalid-,-Invalid-,-Invalid-,-Invalid-,-Invalid-
5/28/2009 4:20,-Invalid-,-Invalid-,-Invalid-,-Invalid-,-Invalid-,-Invalid-,-Invalid-,-Invalid-,-Invalid-,-Invalid-
5/28/2009 4:30,-Invalid-,-Invalid-,-Invalid-,-Invalid-,-Invalid-,-Invalid-,-Invalid-,-Invalid-,-Invalid-,-Invalid-
5/28/2009 4:40,-Invalid-,-Invalid-,-Invalid-,-Invalid-,-Invalid-,-Invalid-,-Invalid-,-Invalid-,-Invalid-,-Invalid-
5/28/2009 4:50,-Invalid-,-Invalid-,-Invalid-,-Invalid-,-Invalid-,-Invalid-,-Invalid-,-Invalid-,-Invalid-,-Invalid-
5/28/2009 5:00,-Invalid-,-Invalid-,-Invalid-,-Invalid-,-Invalid-,-Invalid-,-Invalid-,-Invalid-,-Invalid-,-Invalid-
5/28/2009 5:10,-Invalid-,-Invalid-,-Invalid-,-Invalid-,-Invalid-,-Invalid-,-Invalid-,-Invalid-,-Invalid-,-Invalid-
5/28/2009 5:20,-Invalid-,-Invalid-,-Invalid-,-Invalid-,-Invalid-,-Invalid-,-Invalid-,-Invalid-,-Invalid-,-Invalid-
5/28/2009 5:30,-Invalid-,-Invalid-,-Invalid-,-Invalid-,-Invalid-,-Invalid-,-Invalid-,-Invalid-,-Invalid-,-Invalid-
5/28/2009 5:40,-Invalid-,-Invalid-,-Invalid-,-Invalid-,-Invalid-,-Invalid-,-Invalid-,-Invalid-,-Invalid-,-Invalid-
5/28/2009 5:50,-Invalid-,-Invalid-,-Invalid-,-Invalid-,-Invalid-,-Invalid-,-Invalid-,-Invalid-,-Invalid-,-Invalid-
5/28/2009 6:00,-Invalid-,-Invalid-,-Invalid-,-Invalid-,-Invalid-,-Invalid-,-Invalid-,-Invalid-,-Invalid-,-Invalid-
5/28/2009 6:10,-Invalid-,-Invalid-,-Invalid-,-Invalid-,-Invalid-,-Invalid-,-Invalid-,-Invalid-,-Invalid-,-Invalid-
5/28/2009 6:20,-Invalid-,-Invalid-,-Invalid-,-Invalid-,-Invalid-,-Invalid-,-Invalid-,-Invalid-,-Invalid-,-Invalid-
5/28/2009 6:30,-Invalid-,-Invalid-,-Invalid-,-Invalid-,-Invalid-,-Invalid-,-Invalid-,-Invalid-,-Invalid-,-Invalid-
5/28/2009 6:40,-Invalid-,-Invalid-,-Invalid-,-Invalid-,-Invalid-,-Invalid-,-Invalid-,-Invalid-,-Invalid-,-Invalid-
5/28/2009 6:50,-Invalid-,-Invalid-,-Invalid-,-Invalid-,-Invalid-,-Invalid-,-Invalid-,-Invalid-,-Invalid-,-Invalid-
5/28/2009 7:00,-Invalid-,-Invalid-,-Invalid-,-Invalid-,-Invalid-,-Invalid-,-Invalid-,-Invalid-,-Invalid-,-Invalid-
5/28/2009 7:10,-Invalid-,-Invalid-,-Invalid-,-Invalid-,-Invalid-,-Invalid-,-Invalid-,-Invalid-,-Invalid-,-Invalid-
5/28/2009 7:20,-Invalid-,-Invalid-,-Invalid-,-Invalid-,-Invalid-,-Invalid-,-Invalid-,-Invalid-,-Invalid-,-Invalid-
5/28/2009 7:30,-Invalid-,-Invalid-,-Invalid-,-Invalid-,-Invalid-,-Invalid-,-Invalid-,-Invalid-,-Invalid-,-Invalid-
5/28/2009 7:40,-Invalid-,-Invalid-,-Invalid-,-Invalid-,-Invalid-,-Invalid-,-Invalid-,-Invalid-,-Invalid-,-Invalid-
5/28/2009 7:50,-Invalid-,-Invalid-,-Invalid-,-Invalid-,-Invalid-,-Invalid-,-Invalid-,-Invalid-,-Invalid-,-Invalid-
5/28/2009 8:00,-Invalid-,-Invalid-,-Invalid-,-Invalid-,-Invalid-,-Invalid-,-Invalid-,-Invalid-,-Invalid-,-Invalid-
5/28/2009 8:10,-Invalid-,-Invalid-,-Invalid-,-Invalid-,-Invalid-,-Invalid-,-Invalid-,-Invalid-,-Invalid-,-Invalid-
5/28/2009 8:20,-Invalid-,-Invalid-,-Invalid-,-Invalid-,-Invalid-,-Invalid-,-Invalid-,-Invalid-,-Invalid-,-Invalid-
5/28/2009 8:30,-Invalid-,-Invalid-,-Invalid-,-Invalid-,-Invalid-,-Invalid-,-Invalid-,-Invalid-,-Invalid-,-Invalid-
5/28/2009 8:40,-Invalid-,-Invalid-,-Invalid-,-Invalid-,-Invalid-,-Invalid-,-Invalid-,-Invalid-,-Invalid-,-Invalid-
5/28/2009 8:50,-Invalid-,-Invalid-,-Invalid-,-Invalid-,-Invalid-,-Invalid-,-Invalid-,-Invalid-,-Invalid-,-Invalid-
5/28/2009 9:00,-Invalid-,-Invalid-,-Invalid-,-Invalid-,-Invalid-,-Invalid-,-Invalid-,-Invalid-,-Invalid-,-Invalid-
5/28/2009 9:10,-Invalid-,-Invalid-,-Invalid-,-Invalid-,-Invalid-,-Invalid-,-Invalid-,-Invalid-,-Invalid-,-Invalid-
5/28/2009 9:20,-Invalid-,-Invalid-,-Invalid-,-Invalid-,-Invalid-,-Invalid-,-Invalid-,-Invalid-,-Invalid-,-Invalid-
5/28/2009 9:30,-Invalid-,-Invalid-,-Invalid-,-Invalid-,-Invalid-,-Invalid-,-Invalid-,-Invalid-,-Invalid-,-Invalid-
5/28/2009 9:40,-Invalid-,-Invalid-,-Invalid-,-Invalid-,-Invalid-,-Invalid-,-Invalid-,-Invalid-,-Invalid-,-Invalid-
5/28/2009 9:50,-Invalid-,-Invalid-,-Invalid-,-Invalid-,-Invalid-,-Invalid-,-Invalid-,-Invalid-,-Invalid-,-Invalid-
5/28/2009 10:00,-Invalid-,-Invalid-,-Invalid-,-Invalid-,-Invalid-,-Invalid-,-Invalid-,-Invalid-,-Invalid-,-Invalid-
5/28/2009 10:10,-Invalid-,-Invalid-,-Invalid-,-Invalid-,-Invalid-,-Invalid-,-Invalid-,-Invalid-,-Invalid-,-Invalid-
5/28/2009 10:20,-Invalid-,-Invalid-,-Invalid-,-Invalid-,-Invalid-,-Invalid-,-Invalid-,-Invalid-,-Invalid-,-Invalid-
5/28/2009 10:30,-Invalid-,-Invalid-,-Invalid-,-Invalid-,-Invalid-,-Invalid-,-Invalid-,-Invalid-,-Invalid-,-Invalid-
5/28/2009 10:40,-Invalid-,-Invalid-,-Invalid-,-Invalid-,-Invalid-,-Invalid-,-Invalid-,-Invalid-,-Invalid-,-Invalid-
5/28/2009 10:50,-Invalid-,-Invalid-,-Invalid-,-Invalid-,-Invalid-,-Invalid-,-Invalid-,-Invalid-,-Invalid-,-Invalid-
5/28/2009 11:00,-Invalid-,-Invalid-,-Invalid-,-Invalid-,-Invalid-,-Invalid-,-Invalid-,-Invalid-,-Invalid-,-Invalid-
5/28/2009 11:10,-Invalid-,-Invalid-,-Invalid-,-Invalid-,-Invalid-,-Invalid-,-Invalid-,-Invalid-,-Invalid-,-Invalid-
5/28/2009 11:20,-Invalid-,-Invalid-,-Invalid-,-Invalid-,-Invalid-,-Invalid-,-Invalid-,-Invalid-,-Invalid-,-Invalid-
5/28/2009 11:30,-Invalid-,-Invalid-,-Invalid-,-Invalid-,-Invalid-,-Invalid-,-Invalid-,-Invalid-,-Invalid-,-Invalid-
5/28/2009 11:40,-Invalid-,-Invalid-,-Invalid-,-Invalid-,-Invalid-,-Invalid-,-Invalid-,-Invalid-,-Invalid-,-Invalid-
5/28/2009 11:50,-Invalid-,-Invalid-,-Invalid-,-Invalid-,-Invalid-,-Invalid-,-Invalid-,-Invalid-,-Invalid-,-Invalid-
5/28/2009 12:00,-Invalid-,-Invalid-,-Invalid-,-Invalid-,-Invalid-,-Invalid-,-Invalid-,-Invalid-,-Invalid-,-Invalid-
5/28/2009 12:10,-Invalid-,-Invalid-,-Invalid-,-Invalid-,-Invalid-,-Invalid-,-Invalid-,-Invalid-,-Invalid-,-Invalid-
5/28/2009 12:20,-Invalid-,-Invalid-,-Invalid-,-Invalid-,-Invalid-,-Invalid-,-Invalid-,-Invalid-,-Invalid-,-Invalid-
5/28/2009 12:30,-Invalid-,-Invalid-,-Invalid-,-Invalid-,-Invalid-,-Invalid-,-Invalid-,-Invalid-,-Invalid-,-Invalid-
5/28/2009 12:40,-Invalid-,-Invalid-,-Invalid-,-Invalid-,-Invalid-,-Invalid-,-Invalid-,-Invalid-,-Invalid-,-Invalid-
5/28/2009 12:50,-Invalid-,-Invalid-,-Invalid-,-Invalid-,-Invalid-,-Invalid-,-Invalid-,-Invalid-,-Invalid-,-Invalid-
5/28/2009 13:00,-Invalid-,-Invalid-,-Invalid-,-Invalid-,-Invalid-,-Invalid-,-Invalid-,-Invalid-,-Invalid-,-Invalid-
5/28/2009 13:10,-Invalid-,-Invalid-,-Invalid-,-Invalid-,-Invalid-,-Invalid-,-Invalid-,-Invalid-,-Invalid-,-Invalid-
5/28/2009 13:20,-Invalid-,-Invalid-,-Invalid-,-Invalid-,-Invalid-,-Invalid-,-Invalid-,-Invalid-,-Invalid-,-Invalid-
5/28/2009 13:30,-Invalid-,-Invalid-,-Invalid-,-Invalid-,-Invalid-,-Invalid-,-Invalid-,-Invalid-,-Invalid-,-Invalid-
5/28/2009 13:40,-Invalid-,-Invalid-,-Invalid-,-Invalid-,-Invalid-,-Invalid-,-Invalid-,-Invalid-,-Invalid-,-Invalid-
5/28/2009 13:50,-Invalid-,-Invalid-,-Invalid-,-Invalid-,-Invalid-,-Invalid-,-Invalid-,-Invalid-,-Invalid-,-Invalid-
5/28/2009 14:00,-Invalid-,-Invalid-,-Invalid-,-Invalid-,-Invalid-,-Invalid-,-Invalid-,-Invalid-,-Invalid-,-Invalid-
5/28/2009 14:10,-Invalid-,-Invalid-,-Invalid-,-Invalid-,-Invalid-,-Invalid-,-Invalid-,-Invalid-,-Invalid-,-Invalid-
5/28/2009 14:20,-Invalid-,-Invalid-,-Invalid-,-Invalid-,-Invalid-,-Invalid-,-Invalid-,-Invalid-,-Invalid-,-Invalid-
5/28/2009 14:30,-Invalid-,-Invalid-,-Invalid-,-Invalid-,-Invalid-,-Invalid-,-Invalid-,-Invalid-,-Invalid-,-Invalid-
5/28/2009 14:40,-Invalid-,-Invalid-,-Invalid-,-Invalid-,-Invalid-,-Invalid-,-Invalid-,-Invalid-,-Invalid-,-Invalid-
5/28/2009 14:50,-Invalid-,-Invalid-,-Invalid-,-Invalid-,-Invalid-,-Invalid-,-Invalid-,-Invalid-,-Invalid-,-Invalid-
5/28/2009 15:00,-Invalid-,-Invalid-,-Invalid-,-Invalid-,-Invalid-,-Invalid-,-Invalid-,-Invalid-,-Invalid-,-Invalid-
5/28/2009 15:10,-Invalid-,-Invalid-,-Invalid-,-Invalid-,-Invalid-,-Invalid-,-Invalid-,-Invalid-,-Invalid-,-Invalid-
5/28/2009 15:20,-Invalid-,-Invalid-,-Invalid-,-Invalid-,-Invalid-,-Invalid-,-Invalid-,-Invalid-,-Invalid-,-Invalid-
5/28/2009 15:30,-Invalid-,-Invalid-,-Invalid-,-Invalid-,-Invalid-,-Invalid-,-Invalid-,-Invalid-,-Invalid-,-Invalid-
5/28/2009 15:40,-Invalid-,-Invalid-,-Invalid-,-Invalid-,-Invalid-,-Invalid-,-Invalid-,-Invalid-,-Invalid-,-Invalid-
5/28/2009 15:50,-Invalid-,-Invalid-,-Invalid-,-Invalid-,-Invalid-,-Invalid-,-Invalid-,-Invalid-,-Invalid-,-Invalid-
5/28/2009 16:00,-Invalid-,-Invalid-,-Invalid-,-Invalid-,-Invalid-,-Invalid-,-Invalid-,-Invalid-,-Invalid-,-Invalid-
5/28/2009 16:10,-Invalid-,-Invalid-,-Invalid-,-Invalid-,-Invalid-,-Invalid-,-Invalid-,-Invalid-,-Invalid-,-Invalid-
5/28/2009 16:20,-Invalid-,-Invalid-,-Invalid-,-Invalid-,-Invalid-,-Invalid-,-Invalid-,-Invalid-,-Invalid-,-Invalid-
5/28/2009 16:30,-Invalid-,-Invalid-,-Invalid-,-Invalid-,-Invalid-,-Invalid-,-Invalid-,-Invalid-,-Invalid-,-Invalid-
5/28/2009 16:40,-Invalid-,-Invalid-,-Invalid-,-Invalid-,-Invalid-,-Invalid-,-Invalid-,-Invalid-,-Invalid-,-Invalid-
5/28/2009 16:50,-Invalid-,-Invalid-,-Invalid-,-Invalid-,-Invalid-,-Invalid-,-Invalid-,-Invalid-,-Invalid-,-Invalid-
5/28/2009 17:00,-Invalid-,-Invalid-,-Invalid-,-Invalid-,-Invalid-,-Invalid-,-Invalid-,-Invalid-,-Invalid-,-Invalid-
5/28/2009 17:10,-Invalid-,-Invalid-,-Invalid-,-Invalid-,-Invalid-,-Invalid-,-Invalid-,-Invalid-,-Invalid-,-Invalid-
5/28/2009 17:20,-Invalid-,-Invalid-,-Invalid-,-Invalid-,-Invalid-,-Invalid-,-Invalid-,-Invalid-,-Invalid-,-Invalid-
5/28/2009 17:30,-Invalid-,-Invalid-,-Invalid-,-Invalid-,-Invalid-,-Invalid-,-Invalid-,-Invalid-,-Invalid-,-Invalid-
5/28/2009 17:40,-Invalid-,-Invalid-,-Invalid-,-Invalid-,-Invalid-,-Invalid-,-Invalid-,-Invalid-,-Invalid-,-Invalid-
5/28/2009 17:50,-Invalid-,-Invalid-,-Invalid-,-Invalid-,-Invalid-,-Invalid-,-Invalid-,-Invalid-,-Invalid-,-Invalid-
5/28/2009 18:00,-Invalid-,-Invalid-,-Invalid-,-Invalid-,-Invalid-,-Invalid-,-Invalid-,-Invalid-,-Invalid-,-Invalid-
5/28/2009 18:10,-Invalid-,-Invalid-,-Invalid-,-Invalid-,-Invalid-,-Invalid-,-Invalid-,-Invalid-,-Invalid-,-Invalid-
5/28/2009 18:20,-Invalid-,-Invalid-,-Invalid-,-Invalid-,-Invalid-,-Invalid-,-Invalid-,-Invalid-,-Invalid-,-Invalid-
5/28/2009 18:30,-Invalid-,-Invalid-,-Invalid-,-Invalid-,-Invalid-,-Invalid-,-Invalid-,-Invalid-,-Invalid-,-Invalid-
5/28/2009 18:40,-Invalid-,-Invalid-,-Invalid-,-Invalid-,-Invalid-,-Invalid-,-Invalid-,-Invalid-,-Invalid-,-Invalid-
5/28/2009 18:50,-Invalid-,-Invalid-,-Invalid-,-Invalid-,-Invalid-,-Invalid-,-Invalid-,-Invalid-,-Invalid-,-Invalid-
5/28/2009 19:00,-Invalid-,-Invalid-,-Invalid-,-Invalid-,-Invalid-,-Invalid-,-Invalid-,-Invalid-,-Invalid-,-Invalid-
5/28/2009 19:10,-Invalid-,-Invalid-,-Invalid-,-Invalid-,-Invalid-,-Invalid-,-Invalid-,-Invalid-,-Invalid-,-Invalid-
5/28/2009 19:20,-Invalid-,-Invalid-,-Invalid-,-Invalid-,-Invalid-,-Invalid-,-Invalid-,-Invalid-,-Invalid-,-Invalid-
5/28/2009 19:30,-Invalid-,-Invalid-,-Invalid-,-Invalid-,-Invalid-,-Invalid-,-Invalid-,-Invalid-,-Invalid-,-Invalid-
5/28/2009 19:40,-Invalid-,-Invalid-,-Invalid-,-Invalid-,-Invalid-,-Invalid-,-Invalid-,-Invalid-,-Invalid-,-Invalid-
5/28/2009 19:50,-Invalid-,-Invalid-,-Invalid-,-Invalid-,-Invalid-,-Invalid-,-Invalid-,-Invalid-,-Invalid-,-Invalid-
5/28/2009 20:00,-Invalid-,-Invalid-,-Invalid-,-Invalid-,-Invalid-,-Invalid-,-Invalid-,-Invalid-,-Invalid-,-Invalid-
5/28/2009 20:10,-Invalid-,-Invalid-,-Invalid-,-Invalid-,-Invalid-,-Invalid-,-Invalid-,-Invalid-,-Invalid-,-Invalid-
5/28/2009 20:20,-Invalid-,-Invalid-,-Invalid-,-Invalid-,-Invalid-,-Invalid-,-Invalid-,-Invalid-,-Invalid-,-Invalid-
5/28/2009 20:30,-Invalid-,-Invalid-,-Invalid-,-Invalid-,-Invalid-,-Invalid-,-Invalid-,-Invalid-,-Invalid-,-Invalid-
5/28/2009 20:40,-Invalid-,-Invalid-,-Invalid-,-Invalid-,-Invalid-,-Invalid-,-Invalid-,-Invalid-,-Invalid-,-Invalid-
5/28/2009 20:50,-Invalid-,-Invalid-,-Invalid-,-Invalid-,-Invalid-,-Invalid-,-Invalid-,-Invalid-,-Invalid-,-Invalid-
5/28/2009 21:00,-Invalid-,-Invalid-,-Invalid-,-Invalid-,-Invalid-,-Invalid-,-Invalid-,-Invalid-,-Invalid-,-Invalid-
5/28/2009 21:10,-Invalid-,-Invalid-,-Invalid-,-Invalid-,-Invalid-,-Invalid-,-Invalid-,-Invalid-,-Invalid-,-Invalid-
5/28/2009 21:20,-Invalid-,-Invalid-,-Invalid-,-Invalid-,-Invalid-,-Invalid-,-Invalid-,-Invalid-,-Invalid-,-Invalid-
5/28/2009 21:30,-Invalid-,-Invalid-,-Invalid-,-Invalid-,-Invalid-,-Invalid-,-Invalid-,-Invalid-,-Invalid-,-Invalid-
5/28/2009 21:40,-Invalid-,-Invalid-,-Invalid-,-Invalid-,-Invalid-,-Invalid-,-Invalid-,-Invalid-,-Invalid-,-Invalid-
5/28/2009 21:50,-Invalid-,-Invalid-,-Invalid-,-Invalid-,-Invalid-,-Invalid-,-Invalid-,-Invalid-,-Invalid-,-Invalid-
5/28/2009 22:00,-Invalid-,-Invalid-,-Invalid-,-Invalid-,-Invalid-,-Invalid-,-Invalid-,-Invalid-,-Invalid-,-Invalid-
5/28/2009 22:10,-Invalid-,-Invalid-,-Invalid-,-Invalid-,-Invalid-,-Invalid-,-Invalid-,-Invalid-,-Invalid-,-Invalid-
5/28/2009 22:20,-Invalid-,-Invalid-,-Invalid-,-Invalid-,-Invalid-,-Invalid-,-Invalid-,-Invalid-,-Invalid-,-Invalid-
5/28/2009 22:30,-Invalid-,-Invalid-,-Invalid-,-Invalid-,-Invalid-,-Invalid-,-Invalid-,-Invalid-,-Invalid-,-Invalid-
5/28/2009 22:40,-Invalid-,-Invalid-,-Invalid-,-Invalid-,-Invalid-,-Invalid-,-Invalid-,-Invalid-,-Invalid-,-Invalid-
5/28/2009 22:50,-Invalid-,-Invalid-,-Invalid-,-Invalid-,-Invalid-,-Invalid-,-Invalid-,-Invalid-,-Invalid-,-Invalid-
5/28/2009 23:00,-Invalid-,-Invalid-,-Invalid-,-Invalid-,-Invalid-,-Invalid-,-Invalid-,-Invalid-,-Invalid-,-Invalid-
5/28/2009 23:10,-Invalid-,-Invalid-,-Invalid-,-Invalid-,-Invalid-,-Invalid-,-Invalid-,-Invalid-,-Invalid-,-Invalid-
5/28/2009 23:20,-Invalid-,-Invalid-,-Invalid-,-Invalid-,-Invalid-,-Invalid-,-Invalid-,-Invalid-,-Invalid-,-Invalid-
5/28/2009 23:30,-Invalid-,-Invalid-,-Invalid-,-Invalid-,-Invalid-,-Invalid-,-Invalid-,-Invalid-,-Invalid-,-Invalid-
5/28/2009 23:40,-Invalid-,-Invalid-,-Invalid-,-Invalid-,-Invalid-,-Invalid-,-Invalid-,-Invalid-,-Invalid-,-Invalid-
5/28/2009 23:50,-Invalid-,-Invalid-,-Invalid-,-Invalid-,-Invalid-,-Invalid-,-Invalid-,-Invalid-,-Invalid-,-Invalid-
5/29/2009 0:00,-Invalid-,-Invalid-,-Invalid-,-Invalid-,-Invalid-,-Invalid-,-Invalid-,-Invalid-,-Invalid-,-Invalid-
5/29/2009 0:10,-Invalid-,-Invalid-,-Invalid-,-Invalid-,-Invalid-,-Invalid-,-Invalid-,-Invalid-,-Invalid-,-Invalid-
5/29/2009 0:20,-Invalid-,-Invalid-,-Invalid-,-Invalid-,-Invalid-,-Invalid-,-Invalid-,-Invalid-,-Invalid-,-Invalid-
5/29/2009 0:30,-Invalid-,-Invalid-,-Invalid-,-Invalid-,-Invalid-,-Invalid-,-Invalid-,-Invalid-,-Invalid-,-Invalid-
5/29/2009 0:40,-Invalid-,-Invalid-,-Invalid-,-Invalid-,-Invalid-,-Invalid-,-Invalid-,-Invalid-,-Invalid-,-Invalid-
5/29/2009 0:50,-Invalid-,-Invalid-,-Invalid-,-Invalid-,-Invalid-,-Invalid-,-Invalid-,-Invalid-,-Invalid-,-Invalid-
5/29/2009 1:00,-Invalid-,-Invalid-,-Invalid-,-Invalid-,-Invalid-,-Invalid-,-Invalid-,-Invalid-,-Invalid-,-Invalid-
5/29/2009 1:10,-Invalid-,-Invalid-,-Invalid-,-Invalid-,-Invalid-,-Invalid-,-Invalid-,-Invalid-,-Invalid-,-Invalid-
5/29/2009 1:20,-Invalid-,-Invalid-,-Invalid-,-Invalid-,-Invalid-,-Invalid-,-Invalid-,-Invalid-,-Invalid-,-Invalid-
5/29/2009 1:30,-Invalid-,-Invalid-,-Invalid-,-Invalid-,-Invalid-,-Invalid-,-Invalid-,-Invalid-,-Invalid-,-Invalid-
5/29/2009 1:40,-Invalid-,-Invalid-,-Invalid-,-Invalid-,-Invalid-,-Invalid-,-Invalid-,-Invalid-,-Invalid-,-Invalid-
5/29/2009 1:50,-Invalid-,-Invalid-,-Invalid-,-Invalid-,-Invalid-,-Invalid-,-Invalid-,-Invalid-,-Invalid-,-Invalid-
5/29/2009 2:00,-Invalid-,-Invalid-,-Invalid-,-Invalid-,-Invalid-,-Invalid-,-Invalid-,-Invalid-,-Invalid-,-Invalid-
5/29/2009 2:10,-Invalid-,-Invalid-,-Invalid-,-Invalid-,-Invalid-,-Invalid-,-Invalid-,-Invalid-,-Invalid-,-Invalid-
5/29/2009 2:20,-Invalid-,-Invalid-,-Invalid-,-Invalid-,-Invalid-,-Invalid-,-Invalid-,-Invalid-,-Invalid-,-Invalid-
5/29/2009 2:30,-Invalid-,-Invalid-,-Invalid-,-Invalid-,-Invalid-,-Invalid-,-Invalid-,-Invalid-,-Invalid-,-Invalid-
5/29/2009 2:40,-Invalid-,-Invalid-,-Invalid-,-Invalid-,-Invalid-,-Invalid-,-Invalid-,-Invalid-,-Invalid-,-Invalid-
5/29/2009 2:50,-Invalid-,-Invalid-,-Invalid-,-Invalid-,-Invalid-,-Invalid-,-Invalid-,-Invalid-,-Invalid-,-Invalid-
5/29/2009 3:00,-Invalid-,-Invalid-,-Invalid-,-Invalid-,-Invalid-,-Invalid-,-Invalid-,-Invalid-,-Invalid-,-Invalid-
5/29/2009 3:10,-Invalid-,-Invalid-,-Invalid-,-Invalid-,-Invalid-,-Invalid-,-Invalid-,-Invalid-,-Invalid-,-Invalid-
5/29/2009 3:20,-Invalid-,-Invalid-,-Invalid-,-Invalid-,-Invalid-,-Invalid-,-Invalid-,-Invalid-,-Invalid-,-Invalid-
5/29/2009 3:30,-Invalid-,-Invalid-,-Invalid-,-Invalid-,-Invalid-,-Invalid-,-Invalid-,-Invalid-,-Invalid-,-Invalid-
5/29/2009 3:40,-Invalid-,-Invalid-,-Invalid-,-Invalid-,-Invalid-,-Invalid-,-Invalid-,-Invalid-,-Invalid-,-Invalid-
5/29/2009 3:50,-Invalid-,-Invalid-,-Invalid-,-Invalid-,-Invalid-,-Invalid-,-Invalid-,-Invalid-,-Invalid-,-Invalid-
5/29/2009 4:00,-Invalid-,-Invalid-,-Invalid-,-Invalid-,-Invalid-,-Invalid-,-Invalid-,-Invalid-,-Invalid-,-Invalid-
5/29/2009 4:10,-Invalid-,-Invalid-,-Invalid-,-Invalid-,-Invalid-,-Invalid-,-Invalid-,-Invalid-,-Invalid-,-Invalid-
5/29/2009 4:20,-Invalid-,-Invalid-,-Invalid-,-Invalid-,-Invalid-,-Invalid-,-Invalid-,-Invalid-,-Invalid-,-Invalid-
5/29/2009 4:30,-Invalid-,-Invalid-,-Invalid-,-Invalid-,-Invalid-,-Invalid-,-Invalid-,-Invalid-,-Invalid-,-Invalid-
5/29/2009 4:40,-Invalid-,-Invalid-,-Invalid-,-Invalid-,-Invalid-,-Invalid-,-Invalid-,-Invalid-,-Invalid-,-Invalid-
5/29/2009 4:50,-Invalid-,-Invalid-,-Invalid-,-Invalid-,-Invalid-,-Invalid-,-Invalid-,-Invalid-,-Invalid-,-Invalid-
5/29/2009 5:00,-Invalid-,-Invalid-,-Invalid-,-Invalid-,-Invalid-,-Invalid-,-Invalid-,-Invalid-,-Invalid-,-Invalid-
5/29/2009 5:10,-Invalid-,-Invalid-,-Invalid-,-Invalid-,-Invalid-,-Invalid-,-Invalid-,-Invalid-,-Invalid-,-Invalid-
5/29/2009 5:20,-Invalid-,-Invalid-,-Invalid-,-Invalid-,-Invalid-,-Invalid-,-Invalid-,-Invalid-,-Invalid-,-Invalid-
5/29/2009 5:30,-Invalid-,-Invalid-,-Invalid-,-Invalid-,-Invalid-,-Invalid-,-Invalid-,-Invalid-,-Invalid-,-Invalid-
5/29/2009 5:40,-Invalid-,-Invalid-,-Invalid-,-Invalid-,-Invalid-,-Invalid-,-Invalid-,-Invalid-,-Invalid-,-Invalid-
5/29/2009 5:50,-Invalid-,-Invalid-,-Invalid-,-Invalid-,-Invalid-,-Invalid-,-Invalid-,-Invalid-,-Invalid-,-Invalid-
5/29/2009 6:00,-Invalid-,-Invalid-,-Invalid-,-Invalid-,-Invalid-,-Invalid-,-Invalid-,-Invalid-,-Invalid-,-Invalid-
5/29/2009 6:10,-Invalid-,-Invalid-,-Invalid-,-Invalid-,-Invalid-,-Invalid-,-Invalid-,-Invalid-,-Invalid-,-Invalid-
5/29/2009 6:20,-Invalid-,-Invalid-,-Invalid-,-Invalid-,-Invalid-,-Invalid-,-Invalid-,-Invalid-,-Invalid-,-Invalid-
5/29/2009 6:30,-Invalid-,-Invalid-,-Invalid-,-Invalid-,-Invalid-,-Invalid-,-Invalid-,-Invalid-,-Invalid-,-Invalid-
5/29/2009 6:40,-Invalid-,-Invalid-,-Invalid-,-Invalid-,-Invalid-,-Invalid-,-Invalid-,-Invalid-,-Invalid-,-Invalid-
5/29/2009 6:50,-Invalid-,-Invalid-,-Invalid-,-Invalid-,-Invalid-,-Invalid-,-Invalid-,-Invalid-,-Invalid-,-Invalid-
5/29/2009 7:00,-Invalid-,-Invalid-,-Invalid-,-Invalid-,-Invalid-,-Invalid-,-Invalid-,-Invalid-,-Invalid-,-Invalid-
5/29/2009 7:10,-Invalid-,-Invalid-,-Invalid-,-Invalid-,-Invalid-,-Invalid-,-Invalid-,-Invalid-,-Invalid-,-Invalid-
5/29/2009 7:20,-Invalid-,-Invalid-,-Invalid-,-Invalid-,-Invalid-,-Invalid-,-Invalid-,-Invalid-,-Invalid-,-Invalid-
5/29/2009 7:30,-Invalid-,-Invalid-,-Invalid-,-Invalid-,-Invalid-,-Invalid-,-Invalid-,-Invalid-,-Invalid-,-Invalid-
5/29/2009 7:40,-Invalid-,-Invalid-,-Invalid-,-Invalid-,-Invalid-,-Invalid-,-Invalid-,-Invalid-,-Invalid-,-Invalid-
5/29/2009 7:50,-Invalid-,-Invalid-,-Invalid-,-Invalid-,-Invalid-,-Invalid-,-Invalid-,-Invalid-,-Invalid-,-Invalid-
5/29/2009 8:00,-Invalid-,-Invalid-,-Invalid-,-Invalid-,-Invalid-,-Invalid-,-Invalid-,-Invalid-,-Invalid-,-Invalid-
5/29/2009 8:10,-Invalid-,-Invalid-,-Invalid-,-Invalid-,-Invalid-,-Invalid-,-Invalid-,-Invalid-,-Invalid-,-Invalid-
5/29/2009 8:20,-Invalid-,-Invalid-,-Invalid-,-Invalid-,-Invalid-,-Invalid-,-Invalid-,-Invalid-,-Invalid-,-Invalid-
5/29/2009 8:30,-Invalid-,-Invalid-,-Invalid-,-Invalid-,-Invalid-,-Invalid-,-Invalid-,-Invalid-,-Invalid-,-Invalid-
5/29/2009 8:40,-Invalid-,-Invalid-,-Invalid-,-Invalid-,-Invalid-,-Invalid-,-Invalid-,-Invalid-,-Invalid-,-Invalid-
5/29/2009 8:50,-Invalid-,-Invalid-,-Invalid-,-Invalid-,-Invalid-,-Invalid-,-Invalid-,-Invalid-,-Invalid-,-Invalid-
5/29/2009 9:00,-Invalid-,-Invalid-,-Invalid-,-Invalid-,-Invalid-,-Invalid-,-Invalid-,-Invalid-,-Invalid-,-Invalid-
5/29/2009 9:10,-Invalid-,-Invalid-,-Invalid-,-Invalid-,-Invalid-,-Invalid-,-Invalid-,-Invalid-,-Invalid-,-Invalid-
5/29/2009 9:20,-Invalid-,-Invalid-,-Invalid-,-Invalid-,-Invalid-,-Invalid-,-Invalid-,-Invalid-,-Invalid-,-Invalid-
5/29/2009 9:30,-Invalid-,-Invalid-,-Invalid-,-Invalid-,-Invalid-,-Invalid-,-Invalid-,-Invalid-,-Invalid-,-Invalid-
5/29/2009 9:40,-Invalid-,-Invalid-,-Invalid-,-Invalid-,-Invalid-,-Invalid-,-Invalid-,-Invalid-,-Invalid-,-Invalid-
5/29/2009 9:50,-Invalid-,-Invalid-,-Invalid-,-Invalid-,-Invalid-,-Invalid-,-Invalid-,-Invalid-,-Invalid-,-Invalid-
5/29/2009 10:00,-Invalid-,-Invalid-,-Invalid-,-Invalid-,-Invalid-,-Invalid-,-Invalid-,-Invalid-,-Invalid-,-Invalid-
5/29/2009 10:10,-Invalid-,-Invalid-,-Invalid-,-Invalid-,-Invalid-,-Invalid-,-Invalid-,-Invalid-,-Invalid-,-Invalid-
5/29/2009 10:20,-Invalid-,-Invalid-,-Invalid-,-Invalid-,-Invalid-,-Invalid-,-Invalid-,-Invalid-,-Invalid-,-Invalid-
5/29/2009 10:30,-Invalid-,-Invalid-,-Invalid-,-Invalid-,-Invalid-,-Invalid-,-Invalid-,-Invalid-,-Invalid-,-Invalid-
5/29/2009 10:40,-Invalid-,-Invalid-,-Invalid-,-Invalid-,-Invalid-,-Invalid-,-Invalid-,-Invalid-,-Invalid-,-Invalid-
5/29/2009 10:50,-Invalid-,-Invalid-,-Invalid-,-Invalid-,-Invalid-,-Invalid-,-Invalid-,-Invalid-,-Invalid-,-Invalid-
5/29/2009 11:00,-Invalid-,-Invalid-,-Invalid-,-Invalid-,-Invalid-,-Invalid-,-Invalid-,-Invalid-,-Invalid-,-Invalid-
5/29/2009 11:10,-Invalid-,-Invalid-,-Invalid-,-Invalid-,-Invalid-,-Invalid-,-Invalid-,-Invalid-,-Invalid-,-Invalid-
5/29/2009 11:20,-Invalid-,-Invalid-,-Invalid-,-Invalid-,-Invalid-,-Invalid-,-Invalid-,-Invalid-,-Invalid-,-Invalid-
5/29/2009 11:30,-Invalid-,-Invalid-,-Invalid-,-Invalid-,-Invalid-,-Invalid-,-Invalid-,-Invalid-,-Invalid-,-Invalid-
5/29/2009 11:40,-Invalid-,-Invalid-,-Invalid-,-Invalid-,-Invalid-,-Invalid-,-Invalid-,-Invalid-,-Invalid-,-Invalid-
5/29/2009 11:50,-Invalid-,-Invalid-,-Invalid-,-Invalid-,-Invalid-,-Invalid-,-Invalid-,-Invalid-,-Invalid-,-Invalid-
5/29/2009 12:00,-Invalid-,-Invalid-,-Invalid-,-Invalid-,-Invalid-,-Invalid-,-Invalid-,-Invalid-,-Invalid-,-Invalid-
5/29/2009 12:10,-Invalid-,-Invalid-,-Invalid-,-Invalid-,-Invalid-,-Invalid-,-Invalid-,-Invalid-,-Invalid-,-Invalid-
5/29/2009 12:20,-Invalid-,-Invalid-,-Invalid-,-Invalid-,-Invalid-,-Invalid-,-Invalid-,-Invalid-,-Invalid-,-Invalid-
5/29/2009 12:30,-Invalid-,-Invalid-,-Invalid-,-Invalid-,-Invalid-,-Invalid-,-Invalid-,-Invalid-,-Invalid-,-Invalid-
5/29/2009 12:40,-Invalid-,-Invalid-,-Invalid-,-Invalid-,-Invalid-,-Invalid-,-Invalid-,-Invalid-,-Invalid-,-Invalid-
5/29/2009 12:50,-Invalid-,-Invalid-,-Invalid-,-Invalid-,-Invalid-,-Invalid-,-Invalid-,-Invalid-,-Invalid-,-Invalid-
5/29/2009 13:00,-Invalid-,-Invalid-,-Invalid-,-Invalid-,-Invalid-,-Invalid-,-Invalid-,-Invalid-,-Invalid-,-Invalid-
5/29/2009 13:10,-Invalid-,-Invalid-,-Invalid-,-Invalid-,-Invalid-,-Invalid-,-Invalid-,-Invalid-,-Invalid-,-Invalid-
5/29/2009 13:20,-Invalid-,-Invalid-,-Invalid-,-Invalid-,-Invalid-,-Invalid-,-Invalid-,-Invalid-,-Invalid-,-Invalid-
5/29/2009 13:30,-Invalid-,-Invalid-,-Invalid-,-Invalid-,-Invalid-,-Invalid-,-Invalid-,-Invalid-,-Invalid-,-Invalid-
5/29/2009 13:40,-Invalid-,-Invalid-,-Invalid-,-Invalid-,-Invalid-,-Invalid-,-Invalid-,-Invalid-,-Invalid-,-Invalid-
5/29/2009 13:50,-Invalid-,-Invalid-,-Invalid-,-Invalid-,-Invalid-,-Invalid-,-Invalid-,-Invalid-,-Invalid-,-Invalid-
5/29/2009 14:00,-Invalid-,-Invalid-,-Invalid-,-Invalid-,-Invalid-,-Invalid-,-Invalid-,-Invalid-,-Invalid-,-Invalid-
5/29/2009 14:10,-Invalid-,-Invalid-,-Invalid-,-Invalid-,-Invalid-,-Invalid-,-Invalid-,-Invalid-,-Invalid-,-Invalid-
5/29/2009 14:20,-Invalid-,-Invalid-,-Invalid-,-Invalid-,-Invalid-,-Invalid-,-Invalid-,-Invalid-,-Invalid-,-Invalid-
5/29/2009 14:30,-Invalid-,-Invalid-,-Invalid-,-Invalid-,-Invalid-,-Invalid-,-Invalid-,-Invalid-,-Invalid-,-Invalid-
5/29/2009 14:40,-Invalid-,-Invalid-,-Invalid-,-Invalid-,-Invalid-,-Invalid-,-Invalid-,-Invalid-,-Invalid-,-Invalid-
5/29/2009 14:50,-Invalid-,-Invalid-,-Invalid-,-Invalid-,-Invalid-,-Invalid-,-Invalid-,-Invalid-,-Invalid-,-Invalid-
5/29/2009 15:00,-Invalid-,-Invalid-,-Invalid-,-Invalid-,-Invalid-,-Invalid-,-Invalid-,-Invalid-,-Invalid-,-Invalid-
5/29/2009 15:10,-Invalid-,-Invalid-,-Invalid-,-Invalid-,-Invalid-,-Invalid-,-Invalid-,-Invalid-,-Invalid-,-Invalid-
5/29/2009 15:20,-Invalid-,-Invalid-,-Invalid-,-Invalid-,-Invalid-,-Invalid-,-Invalid-,-Invalid-,-Invalid-,-Invalid-
5/29/2009 15:30,-Invalid-,-Invalid-,-Invalid-,-Invalid-,-Invalid-,-Invalid-,-Invalid-,-Invalid-,-Invalid-,-Invalid-
5/29/2009 15:40,-Invalid-,-Invalid-,-Invalid-,-Invalid-,-Invalid-,-Invalid-,-Invalid-,-Invalid-,-Invalid-,-Invalid-
5/29/2009 15:50,-Invalid-,-Invalid-,-Invalid-,-Invalid-,-Invalid-,-Invalid-,-Invalid-,-Invalid-,-Invalid-,-Invalid-
5/29/2009 16:00,-Invalid-,-Invalid-,-Invalid-,-Invalid-,-Invalid-,-Invalid-,-Invalid-,-Invalid-,-Invalid-,-Invalid-
5/29/2009 16:10,-Invalid-,-Invalid-,-Invalid-,-Invalid-,-Invalid-,-Invalid-,-Invalid-,-Invalid-,-Invalid-,-Invalid-
5/29/2009 16:20,-Invalid-,-Invalid-,-Invalid-,-Invalid-,-Invalid-,-Invalid-,-Invalid-,-Invalid-,-Invalid-,-Invalid-
5/29/2009 16:30,-Invalid-,-Invalid-,-Invalid-,-Invalid-,-Invalid-,-Invalid-,-Invalid-,-Invalid-,-Invalid-,-Invalid-
5/29/2009 16:40,-Invalid-,-Invalid-,-Invalid-,-Invalid-,-Invalid-,-Invalid-,-Invalid-,-Invalid-,-Invalid-,-Invalid-
5/29/2009 16:50,-Invalid-,-Invalid-,-Invalid-,-Invalid-,-Invalid-,-Invalid-,-Invalid-,-Invalid-,-Invalid-,-Invalid-
5/29/2009 17:00,-Invalid-,-Invalid-,-Invalid-,-Invalid-,-Invalid-,-Invalid-,-Invalid-,-Invalid-,-Invalid-,-Invalid-
5/29/2009 17:10,-Invalid-,-Invalid-,-Invalid-,-Invalid-,-Invalid-,-Invalid-,-Invalid-,-Invalid-,-Invalid-,-Invalid-
5/29/2009 17:20,-Invalid-,-Invalid-,-Invalid-,-Invalid-,-Invalid-,-Invalid-,-Invalid-,-Invalid-,-Invalid-,-Invalid-
5/29/2009 17:30,-Invalid-,-Invalid-,-Invalid-,-Invalid-,-Invalid-,-Invalid-,-Invalid-,-Invalid-,-Invalid-,-Invalid-
5/29/2009 17:40,-Invalid-,-Invalid-,-Invalid-,-Invalid-,-Invalid-,-Invalid-,-Invalid-,-Invalid-,-Invalid-,-Invalid-
5/29/2009 17:50,-Invalid-,-Invalid-,-Invalid-,-Invalid-,-Invalid-,-Invalid-,-Invalid-,-Invalid-,-Invalid-,-Invalid-
5/29/2009 18:00,-Invalid-,-Invalid-,-Invalid-,-Invalid-,-Invalid-,-Invalid-,-Invalid-,-Invalid-,-Invalid-,-Invalid-
5/29/2009 18:10,-Invalid-,-Invalid-,-Invalid-,-Invalid-,-Invalid-,-Invalid-,-Invalid-,-Invalid-,-Invalid-,-Invalid-
5/29/2009 18:20,-Invalid-,-Invalid-,-Invalid-,-Invalid-,-Invalid-,-Invalid-,-Invalid-,-Invalid-,-Invalid-,-Invalid-
5/29/2009 18:30,-Invalid-,-Invalid-,-Invalid-,-Invalid-,-Invalid-,-Invalid-,-Invalid-,-Invalid-,-Invalid-,-Invalid-
5/29/2009 18:40,-Invalid-,-Invalid-,-Invalid-,-Invalid-,-Invalid-,-Invalid-,-Invalid-,-Invalid-,-Invalid-,-Invalid-
5/29/2009 18:50,-Invalid-,-Invalid-,-Invalid-,-Invalid-,-Invalid-,-Invalid-,-Invalid-,-Invalid-,-Invalid-,-Invalid-
5/29/2009 19:00,-Invalid-,-Invalid-,-Invalid-,-Invalid-,-Invalid-,-Invalid-,-Invalid-,-Invalid-,-Invalid-,-Invalid-
5/29/2009 19:10,-Invalid-,-Invalid-,-Invalid-,-Invalid-,-Invalid-,-Invalid-,-Invalid-,-Invalid-,-Invalid-,-Invalid-
5/29/2009 19:20,-Invalid-,-Invalid-,-Invalid-,-Invalid-,-Invalid-,-Invalid-,-Invalid-,-Invalid-,-Invalid-,-Invalid-
5/29/2009 19:30,-Invalid-,-Invalid-,-Invalid-,-Invalid-,-Invalid-,-Invalid-,-Invalid-,-Invalid-,-Invalid-,-Invalid-
5/29/2009 19:40,-Invalid-,-Invalid-,-Invalid-,-Invalid-,-Invalid-,-Invalid-,-Invalid-,-Invalid-,-Invalid-,-Invalid-
5/29/2009 19:50,-Invalid-,-Invalid-,-Invalid-,-Invalid-,-Invalid-,-Invalid-,-Invalid-,-Invalid-,-Invalid-,-Invalid-
5/29/2009 20:00,-Invalid-,-Invalid-,-Invalid-,-Invalid-,-Invalid-,-Invalid-,-Invalid-,-Invalid-,-Invalid-,-Invalid-
5/29/2009 20:10,-Invalid-,-Invalid-,-Invalid-,-Invalid-,-Invalid-,-Invalid-,-Invalid-,-Invalid-,-Invalid-,-Invalid-
5/29/2009 20:20,-Invalid-,-Invalid-,-Invalid-,-Invalid-,-Invalid-,-Invalid-,-Invalid-,-Invalid-,-Invalid-,-Invalid-
5/29/2009 20:30,-Invalid-,-Invalid-,-Invalid-,-Invalid-,-Invalid-,-Invalid-,-Invalid-,-Invalid-,-Invalid-,-Invalid-
5/29/2009 20:40,-Invalid-,-Invalid-,-Invalid-,-Invalid-,-Invalid-,-Invalid-,-Invalid-,-Invalid-,-Invalid-,-Invalid-
5/29/2009 20:50,-Invalid-,-Invalid-,-Invalid-,-Invalid-,-Invalid-,-Invalid-,-Invalid-,-Invalid-,-Invalid-,-Invalid-
5/29/2009 21:00,-Invalid-,-Invalid-,-Invalid-,-Invalid-,-Invalid-,-Invalid-,-Invalid-,-Invalid-,-Invalid-,-Invalid-
5/29/2009 21:10,-Invalid-,-Invalid-,-Invalid-,-Invalid-,-Invalid-,-Invalid-,-Invalid-,-Invalid-,-Invalid-,-Invalid-
5/29/2009 21:20,-Invalid-,-Invalid-,-Invalid-,-Invalid-,-Invalid-,-Invalid-,-Invalid-,-Invalid-,-Invalid-,-Invalid-
5/29/2009 21:30,-Invalid-,-Invalid-,-Invalid-,-Invalid-,-Invalid-,-Invalid-,-Invalid-,-Invalid-,-Invalid-,-Invalid-
5/29/2009 21:40,-Invalid-,-Invalid-,-Invalid-,-Invalid-,-Invalid-,-Invalid-,-Invalid-,-Invalid-,-Invalid-,-Invalid-
5/29/2009 21:50,-Invalid-,-Invalid-,-Invalid-,-Invalid-,-Invalid-,-Invalid-,-Invalid-,-Invalid-,-Invalid-,-Invalid-
5/29/2009 22:00,-Invalid-,-Invalid-,-Invalid-,-Invalid-,-Invalid-,-Invalid-,-Invalid-,-Invalid-,-Invalid-,-Invalid-
5/29/2009 22:10,-Invalid-,-Invalid-,-Invalid-,-Invalid-,-Invalid-,-Invalid-,-Invalid-,-Invalid-,-Invalid-,-Invalid-
5/29/2009 22:20,-Invalid-,-Invalid-,-Invalid-,-Invalid-,-Invalid-,-Invalid-,-Invalid-,-Invalid-,-Invalid-,-Invalid-
5/29/2009 22:30,-Invalid-,-Invalid-,-Invalid-,-Invalid-,-Invalid-,-Invalid-,-Invalid-,-Invalid-,-Invalid-,-Invalid-
5/29/2009 22:40,-Invalid-,-Invalid-,-Invalid-,-Invalid-,-Invalid-,-Invalid-,-Invalid-,-Invalid-,-Invalid-,-Invalid-
5/29/2009 22:50,-Invalid-,-Invalid-,-Invalid-,-Invalid-,-Invalid-,-Invalid-,-Invalid-,-Invalid-,-Invalid-,-Invalid-
5/29/2009 23:00,-Invalid-,-Invalid-,-Invalid-,-Invalid-,-Invalid-,-Invalid-,-Invalid-,-Invalid-,-Invalid-,-Invalid-
5/29/2009 23:10,-Invalid-,-Invalid-,-Invalid-,-Invalid-,-Invalid-,-Invalid-,-Invalid-,-Invalid-,-Invalid-,-Invalid-
5/29/2009 23:20,-Invalid-,-Invalid-,-Invalid-,-Invalid-,-Invalid-,-Invalid-,-Invalid-,-Invalid-,-Invalid-,-Invalid-
5/29/2009 23:30,-Invalid-,-Invalid-,-Invalid-,-Invalid-,-Invalid-,-Invalid-,-Invalid-,-Invalid-,-Invalid-,-Invalid-
5/29/2009 23:40,-Invalid-,-Invalid-,-Invalid-,-Invalid-,-Invalid-,-Invalid-,-Invalid-,-Invalid-,-Invalid-,-Invalid-
5/29/2009 23:50,-Invalid-,-Invalid-,-Invalid-,-Invalid-,-Invalid-,-Invalid-,-Invalid-,-Invalid-,-Invalid-,-Invalid-
5/30/2009 0:00,-Invalid-,-Invalid-,-Invalid-,-Invalid-,-Invalid-,-Invalid-,-Invalid-,-Invalid-,-Invalid-,-Invalid-
5/30/2009 0:10,-Invalid-,-Invalid-,-Invalid-,-Invalid-,-Invalid-,-Invalid-,-Invalid-,-Invalid-,-Invalid-,-Invalid-
5/30/2009 0:20,-Invalid-,-Invalid-,-Invalid-,-Invalid-,-Invalid-,-Invalid-,-Invalid-,-Invalid-,-Invalid-,-Invalid-
5/30/2009 0:30,-Invalid-,-Invalid-,-Invalid-,-Invalid-,-Invalid-,-Invalid-,-Invalid-,-Invalid-,-Invalid-,-Invalid-
5/30/2009 0:40,-Invalid-,-Invalid-,-Invalid-,-Invalid-,-Invalid-,-Invalid-,-Invalid-,-Invalid-,-Invalid-,-Invalid-
5/30/2009 0:50,-Invalid-,-Invalid-,-Invalid-,-Invalid-,-Invalid-,-Invalid-,-Invalid-,-Invalid-,-Invalid-,-Invalid-
5/30/2009 1:00,-Invalid-,-Invalid-,-Invalid-,-Invalid-,-Invalid-,-Invalid-,-Invalid-,-Invalid-,-Invalid-,-Invalid-
5/30/2009 1:10,-Invalid-,-Invalid-,-Invalid-,-Invalid-,-Invalid-,-Invalid-,-Invalid-,-Invalid-,-Invalid-,-Invalid-
5/30/2009 1:20,-Invalid-,-Invalid-,-Invalid-,-Invalid-,-Invalid-,-Invalid-,-Invalid-,-Invalid-,-Invalid-,-Invalid-
5/30/2009 1:30,-Invalid-,-Invalid-,-Invalid-,-Invalid-,-Invalid-,-Invalid-,-Invalid-,-Invalid-,-Invalid-,-Invalid-
5/30/2009 1:40,-Invalid-,-Invalid-,-Invalid-,-Invalid-,-Invalid-,-Invalid-,-Invalid-,-Invalid-,-Invalid-,-Invalid-
5/30/2009 1:50,-Invalid-,-Invalid-,-Invalid-,-Invalid-,-Invalid-,-Invalid-,-Invalid-,-Invalid-,-Invalid-,-Invalid-
5/30/2009 2:00,-Invalid-,-Invalid-,-Invalid-,-Invalid-,-Invalid-,-Invalid-,-Invalid-,-Invalid-,-Invalid-,-Invalid-
5/30/2009 2:10,-Invalid-,-Invalid-,-Invalid-,-Invalid-,-Invalid-,-Invalid-,-Invalid-,-Invalid-,-Invalid-,-Invalid-
5/30/2009 2:20,-Invalid-,-Invalid-,-Invalid-,-Invalid-,-Invalid-,-Invalid-,-Invalid-,-Invalid-,-Invalid-,-Invalid-
5/30/2009 2:30,-Invalid-,-Invalid-,-Invalid-,-Invalid-,-Invalid-,-Invalid-,-Invalid-,-Invalid-,-Invalid-,-Invalid-
5/30/2009 2:40,-Invalid-,-Invalid-,-Invalid-,-Invalid-,-Invalid-,-Invalid-,-Invalid-,-Invalid-,-Invalid-,-Invalid-
5/30/2009 2:50,-Invalid-,-Invalid-,-Invalid-,-Invalid-,-Invalid-,-Invalid-,-Invalid-,-Invalid-,-Invalid-,-Invalid-
5/30/2009 3:00,-Invalid-,-Invalid-,-Invalid-,-Invalid-,-Invalid-,-Invalid-,-Invalid-,-Invalid-,-Invalid-,-Invalid-
5/30/2009 3:10,-Invalid-,-Invalid-,-Invalid-,-Invalid-,-Invalid-,-Invalid-,-Invalid-,-Invalid-,-Invalid-,-Invalid-
5/30/2009 3:20,-Invalid-,-Invalid-,-Invalid-,-Invalid-,-Invalid-,-Invalid-,-Invalid-,-Invalid-,-Invalid-,-Invalid-
5/30/2009 3:30,-Invalid-,-Invalid-,-Invalid-,-Invalid-,-Invalid-,-Invalid-,-Invalid-,-Invalid-,-Invalid-,-Invalid-
5/30/2009 3:40,-Invalid-,-Invalid-,-Invalid-,-Invalid-,-Invalid-,-Invalid-,-Invalid-,-Invalid-,-Invalid-,-Invalid-
5/30/2009 3:50,-Invalid-,-Invalid-,-Invalid-,-Invalid-,-Invalid-,-Invalid-,-Invalid-,-Invalid-,-Invalid-,-Invalid-
5/30/2009 4:00,-Invalid-,-Invalid-,-Invalid-,-Invalid-,-Invalid-,-Invalid-,-Invalid-,-Invalid-,-Invalid-,-Invalid-
5/30/2009 4:10,-Invalid-,-Invalid-,-Invalid-,-Invalid-,-Invalid-,-Invalid-,-Invalid-,-Invalid-,-Invalid-,-Invalid-
5/30/2009 4:20,-Invalid-,-Invalid-,-Invalid-,-Invalid-,-Invalid-,-Invalid-,-Invalid-,-Invalid-,-Invalid-,-Invalid-
5/30/2009 4:30,-Invalid-,-Invalid-,-Invalid-,-Invalid-,-Invalid-,-Invalid-,-Invalid-,-Invalid-,-Invalid-,-Invalid-
5/30/2009 4:40,-Invalid-,-Invalid-,-Invalid-,-Invalid-,-Invalid-,-Invalid-,-Invalid-,-Invalid-,-Invalid-,-Invalid-
5/30/2009 4:50,-Invalid-,-Invalid-,-Invalid-,-Invalid-,-Invalid-,-Invalid-,-Invalid-,-Invalid-,-Invalid-,-Invalid-
5/30/2009 5:00,-Invalid-,-Invalid-,-Invalid-,-Invalid-,-Invalid-,-Invalid-,-Invalid-,-Invalid-,-Invalid-,-Invalid-
5/30/2009 5:10,-Invalid-,-Invalid-,-Invalid-,-Invalid-,-Invalid-,-Invalid-,-Invalid-,-Invalid-,-Invalid-,-Invalid-
5/30/2009 5:20,-Invalid-,-Invalid-,-Invalid-,-Invalid-,-Invalid-,-Invalid-,-Invalid-,-Invalid-,-Invalid-,-Invalid-
5/30/2009 5:30,-Invalid-,-Invalid-,-Invalid-,-Invalid-,-Invalid-,-Invalid-,-Invalid-,-Invalid-,-Invalid-,-Invalid-
5/30/2009 5:40,-Invalid-,-Invalid-,-Invalid-,-Invalid-,-Invalid-,-Invalid-,-Invalid-,-Invalid-,-Invalid-,-Invalid-
5/30/2009 5:50,-Invalid-,-Invalid-,-Invalid-,-Invalid-,-Invalid-,-Invalid-,-Invalid-,-Invalid-,-Invalid-,-Invalid-
5/30/2009 6:00,-Invalid-,-Invalid-,-Invalid-,-Invalid-,-Invalid-,-Invalid-,-Invalid-,-Invalid-,-Invalid-,-Invalid-
5/30/2009 6:10,-Invalid-,-Invalid-,-Invalid-,-Invalid-,-Invalid-,-Invalid-,-Invalid-,-Invalid-,-Invalid-,-Invalid-
5/30/2009 6:20,-Invalid-,-Invalid-,-Invalid-,-Invalid-,-Invalid-,-Invalid-,-Invalid-,-Invalid-,-Invalid-,-Invalid-
5/30/2009 6:30,-Invalid-,-Invalid-,-Invalid-,-Invalid-,-Invalid-,-Invalid-,-Invalid-,-Invalid-,-Invalid-,-Invalid-
5/30/2009 6:40,-Invalid-,-Invalid-,-Invalid-,-Invalid-,-Invalid-,-Invalid-,-Invalid-,-Invalid-,-Invalid-,-Invalid-
5/30/2009 6:50,-Invalid-,-Invalid-,-Invalid-,-Invalid-,-Invalid-,-Invalid-,-Invalid-,-Invalid-,-Invalid-,-Invalid-
5/30/2009 7:00,-Invalid-,-Invalid-,-Invalid-,-Invalid-,-Invalid-,-Invalid-,-Invalid-,-Invalid-,-Invalid-,-Invalid-
5/30/2009 7:10,-Invalid-,-Invalid-,-Invalid-,-Invalid-,-Invalid-,-Invalid-,-Invalid-,-Invalid-,-Invalid-,-Invalid-
5/30/2009 7:20,-Invalid-,-Invalid-,-Invalid-,-Invalid-,-Invalid-,-Invalid-,-Invalid-,-Invalid-,-Invalid-,-Invalid-
5/30/2009 7:30,-Invalid-,-Invalid-,-Invalid-,-Invalid-,-Invalid-,-Invalid-,-Invalid-,-Invalid-,-Invalid-,-Invalid-
5/30/2009 7:40,-Invalid-,-Invalid-,-Invalid-,-Invalid-,-Invalid-,-Invalid-,-Invalid-,-Invalid-,-Invalid-,-Invalid-
5/30/2009 7:50,-Invalid-,-Invalid-,-Invalid-,-Invalid-,-Invalid-,-Invalid-,-Invalid-,-Invalid-,-Invalid-,-Invalid-
5/30/2009 8:00,-Invalid-,-Invalid-,-Invalid-,-Invalid-,-Invalid-,-Invalid-,-Invalid-,-Invalid-,-Invalid-,-Invalid-
5/30/2009 8:10,-Invalid-,-Invalid-,-Invalid-,-Invalid-,-Invalid-,-Invalid-,-Invalid-,-Invalid-,-Invalid-,-Invalid-
5/30/2009 8:20,-Invalid-,-Invalid-,-Invalid-,-Invalid-,-Invalid-,-Invalid-,-Invalid-,-Invalid-,-Invalid-,-Invalid-
5/30/2009 8:30,-Invalid-,-Invalid-,-Invalid-,-Invalid-,-Invalid-,-Invalid-,-Invalid-,-Invalid-,-Invalid-,-Invalid-
5/30/2009 8:40,-Invalid-,-Invalid-,-Invalid-,-Invalid-,-Invalid-,-Invalid-,-Invalid-,-Invalid-,-Invalid-,-Invalid-
5/30/2009 8:50,-Invalid-,-Invalid-,-Invalid-,-Invalid-,-Invalid-,-Invalid-,-Invalid-,-Invalid-,-Invalid-,-Invalid-
5/30/2009 9:00,-Invalid-,-Invalid-,-Invalid-,-Invalid-,-Invalid-,-Invalid-,-Invalid-,-Invalid-,-Invalid-,-Invalid-
5/30/2009 9:10,-Invalid-,-Invalid-,-Invalid-,-Invalid-,-Invalid-,-Invalid-,-Invalid-,-Invalid-,-Invalid-,-Invalid-
5/30/2009 9:20,-Invalid-,-Invalid-,-Invalid-,-Invalid-,-Invalid-,-Invalid-,-Invalid-,-Invalid-,-Invalid-,-Invalid-
5/30/2009 9:30,-Invalid-,-Invalid-,-Invalid-,-Invalid-,-Invalid-,-Invalid-,-Invalid-,-Invalid-,-Invalid-,-Invalid-
5/30/2009 9:40,-Invalid-,-Invalid-,-Invalid-,-Invalid-,-Invalid-,-Invalid-,-Invalid-,-Invalid-,-Invalid-,-Invalid-
5/30/2009 9:50,-Invalid-,-Invalid-,-Invalid-,-Invalid-,-Invalid-,-Invalid-,-Invalid-,-Invalid-,-Invalid-,-Invalid-
5/30/2009 10:00,-Invalid-,-Invalid-,-Invalid-,-Invalid-,-Invalid-,-Invalid-,-Invalid-,-Invalid-,-Invalid-,-Invalid-
5/30/2009 10:10,-Invalid-,-Invalid-,-Invalid-,-Invalid-,-Invalid-,-Invalid-,-Invalid-,-Invalid-,-Invalid-,-Invalid-
5/30/2009 10:20,-Invalid-,-Invalid-,-Invalid-,-Invalid-,-Invalid-,-Invalid-,-Invalid-,-Invalid-,-Invalid-,-Invalid-
5/30/2009 10:30,-Invalid-,-Invalid-,-Invalid-,-Invalid-,-Invalid-,-Invalid-,-Invalid-,-Invalid-,-Invalid-,-Invalid-
5/30/2009 10:40,-Invalid-,-Invalid-,-Invalid-,-Invalid-,-Invalid-,-Invalid-,-Invalid-,-Invalid-,-Invalid-,-Invalid-
5/30/2009 10:50,-Invalid-,-Invalid-,-Invalid-,-Invalid-,-Invalid-,-Invalid-,-Invalid-,-Invalid-,-Invalid-,-Invalid-
5/30/2009 11:00,-Invalid-,-Invalid-,-Invalid-,-Invalid-,-Invalid-,-Invalid-,-Invalid-,-Invalid-,-Invalid-,-Invalid-
5/30/2009 11:10,-Invalid-,-Invalid-,-Invalid-,-Invalid-,-Invalid-,-Invalid-,-Invalid-,-Invalid-,-Invalid-,-Invalid-
5/30/2009 11:20,-Invalid-,-Invalid-,-Invalid-,-Invalid-,-Invalid-,-Invalid-,-Invalid-,-Invalid-,-Invalid-,-Invalid-
5/30/2009 11:30,-Invalid-,-Invalid-,-Invalid-,-Invalid-,-Invalid-,-Invalid-,-Invalid-,-Invalid-,-Invalid-,-Invalid-
5/30/2009 11:40,-Invalid-,-Invalid-,-Invalid-,-Invalid-,-Invalid-,-Invalid-,-Invalid-,-Invalid-,-Invalid-,-Invalid-
5/30/2009 11:50,-Invalid-,-Invalid-,-Invalid-,-Invalid-,-Invalid-,-Invalid-,-Invalid-,-Invalid-,-Invalid-,-Invalid-
5/30/2009 12:00,-Invalid-,-Invalid-,-Invalid-,-Invalid-,-Invalid-,-Invalid-,-Invalid-,-Invalid-,-Invalid-,-Invalid-
5/30/2009 12:10,-Invalid-,-Invalid-,-Invalid-,-Invalid-,-Invalid-,-Invalid-,-Invalid-,-Invalid-,-Invalid-,-Invalid-
5/30/2009 12:20,-Invalid-,-Invalid-,-Invalid-,-Invalid-,-Invalid-,-Invalid-,-Invalid-,-Invalid-,-Invalid-,-Invalid-
5/30/2009 12:30,-Invalid-,-Invalid-,-Invalid-,-Invalid-,-Invalid-,-Invalid-,-Invalid-,-Invalid-,-Invalid-,-Invalid-
5/30/2009 12:40,-Invalid-,-Invalid-,-Invalid-,-Invalid-,-Invalid-,-Invalid-,-Invalid-,-Invalid-,-Invalid-,-Invalid-
5/30/2009 12:50,-Invalid-,-Invalid-,-Invalid-,-Invalid-,-Invalid-,-Invalid-,-Invalid-,-Invalid-,-Invalid-,-Invalid-
5/30/2009 13:00,-Invalid-,-Invalid-,-Invalid-,-Invalid-,-Invalid-,-Invalid-,-Invalid-,-Invalid-,-Invalid-,-Invalid-
5/30/2009 13:10,-Invalid-,-Invalid-,-Invalid-,-Invalid-,-Invalid-,-Invalid-,-Invalid-,-Invalid-,-Invalid-,-Invalid-
5/30/2009 13:20,-Invalid-,-Invalid-,-Invalid-,-Invalid-,-Invalid-,-Invalid-,-Invalid-,-Invalid-,-Invalid-,-Invalid-
5/30/2009 13:30,-Invalid-,-Invalid-,-Invalid-,-Invalid-,-Invalid-,-Invalid-,-Invalid-,-Invalid-,-Invalid-,-Invalid-
5/30/2009 13:40,-Invalid-,-Invalid-,-Invalid-,-Invalid-,-Invalid-,-Invalid-,-Invalid-,-Invalid-,-Invalid-,-Invalid-
5/30/2009 13:50,-Invalid-,-Invalid-,-Invalid-,-Invalid-,-Invalid-,-Invalid-,-Invalid-,-Invalid-,-Invalid-,-Invalid-
5/30/2009 14:00,-Invalid-,-Invalid-,-Invalid-,-Invalid-,-Invalid-,-Invalid-,-Invalid-,-Invalid-,-Invalid-,-Invalid-
5/30/2009 14:10,-Invalid-,-Invalid-,-Invalid-,-Invalid-,-Invalid-,-Invalid-,-Invalid-,-Invalid-,-Invalid-,-Invalid-
5/30/2009 14:20,-Invalid-,-Invalid-,-Invalid-,-Invalid-,-Invalid-,-Invalid-,-Invalid-,-Invalid-,-Invalid-,-Invalid-
5/30/2009 14:30,-Invalid-,-Invalid-,-Invalid-,-Invalid-,-Invalid-,-Invalid-,-Invalid-,-Invalid-,-Invalid-,-Invalid-
5/30/2009 14:40,-Invalid-,-Invalid-,-Invalid-,-Invalid-,-Invalid-,-Invalid-,-Invalid-,-Invalid-,-Invalid-,-Invalid-
5/30/2009 14:50,-Invalid-,-Invalid-,-Invalid-,-Invalid-,-Invalid-,-Invalid-,-Invalid-,-Invalid-,-Invalid-,-Invalid-
5/30/2009 15:00,-Invalid-,-Invalid-,-Invalid-,-Invalid-,-Invalid-,-Invalid-,-Invalid-,-Invalid-,-Invalid-,-Invalid-
5/30/2009 15:10,-Invalid-,-Invalid-,-Invalid-,-Invalid-,-Invalid-,-Invalid-,-Invalid-,-Invalid-,-Invalid-,-Invalid-
5/30/2009 15:20,-Invalid-,-Invalid-,-Invalid-,-Invalid-,-Invalid-,-Invalid-,-Invalid-,-Invalid-,-Invalid-,-Invalid-
5/30/2009 15:30,-Invalid-,-Invalid-,-Invalid-,-Invalid-,-Invalid-,-Invalid-,-Invalid-,-Invalid-,-Invalid-,-Invalid-
5/30/2009 15:40,-Invalid-,-Invalid-,-Invalid-,-Invalid-,-Invalid-,-Invalid-,-Invalid-,-Invalid-,-Invalid-,-Invalid-
5/30/2009 15:50,-Invalid-,-Invalid-,-Invalid-,-Invalid-,-Invalid-,-Invalid-,-Invalid-,-Invalid-,-Invalid-,-Invalid-
5/30/2009 16:00,-Invalid-,-Invalid-,-Invalid-,-Invalid-,-Invalid-,-Invalid-,-Invalid-,-Invalid-,-Invalid-,-Invalid-
5/30/2009 16:10,-Invalid-,-Invalid-,-Invalid-,-Invalid-,-Invalid-,-Invalid-,-Invalid-,-Invalid-,-Invalid-,-Invalid-
5/30/2009 16:20,-Invalid-,-Invalid-,-Invalid-,-Invalid-,-Invalid-,-Invalid-,-Invalid-,-Invalid-,-Invalid-,-Invalid-
5/30/2009 16:30,-Invalid-,-Invalid-,-Invalid-,-Invalid-,-Invalid-,-Invalid-,-Invalid-,-Invalid-,-Invalid-,-Invalid-
5/30/2009 16:40,-Invalid-,-Invalid-,-Invalid-,-Invalid-,-Invalid-,-Invalid-,-Invalid-,-Invalid-,-Invalid-,-Invalid-
5/30/2009 16:50,-Invalid-,-Invalid-,-Invalid-,-Invalid-,-Invalid-,-Invalid-,-Invalid-,-Invalid-,-Invalid-,-Invalid-
5/30/2009 17:00,-Invalid-,-Invalid-,-Invalid-,-Invalid-,-Invalid-,-Invalid-,-Invalid-,-Invalid-,-Invalid-,-Invalid-
5/30/2009 17:10,-Invalid-,-Invalid-,-Invalid-,-Invalid-,-Invalid-,-Invalid-,-Invalid-,-Invalid-,-Invalid-,-Invalid-
5/30/2009 17:20,-Invalid-,-Invalid-,-Invalid-,-Invalid-,-Invalid-,-Invalid-,-Invalid-,-Invalid-,-Invalid-,-Invalid-
5/30/2009 17:30,-Invalid-,-Invalid-,-Invalid-,-Invalid-,-Invalid-,-Invalid-,-Invalid-,-Invalid-,-Invalid-,-Invalid-
5/30/2009 17:40,-Invalid-,-Invalid-,-Invalid-,-Invalid-,-Invalid-,-Invalid-,-Invalid-,-Invalid-,-Invalid-,-Invalid-
5/30/2009 17:50,-Invalid-,-Invalid-,-Invalid-,-Invalid-,-Invalid-,-Invalid-,-Invalid-,-Invalid-,-Invalid-,-Invalid-
5/30/2009 18:00,-Invalid-,-Invalid-,-Invalid-,-Invalid-,-Invalid-,-Invalid-,-Invalid-,-Invalid-,-Invalid-,-Invalid-
5/30/2009 18:10,-Invalid-,-Invalid-,-Invalid-,-Invalid-,-Invalid-,-Invalid-,-Invalid-,-Invalid-,-Invalid-,-Invalid-
5/30/2009 18:20,-Invalid-,-Invalid-,-Invalid-,-Invalid-,-Invalid-,-Invalid-,-Invalid-,-Invalid-,-Invalid-,-Invalid-
5/30/2009 18:30,-Invalid-,-Invalid-,-Invalid-,-Invalid-,-Invalid-,-Invalid-,-Invalid-,-Invalid-,-Invalid-,-Invalid-
5/30/2009 18:40,-Invalid-,-Invalid-,-Invalid-,-Invalid-,-Invalid-,-Invalid-,-Invalid-,-Invalid-,-Invalid-,-Invalid-
5/30/2009 18:50,-Invalid-,-Invalid-,-Invalid-,-Invalid-,-Invalid-,-Invalid-,-Invalid-,-Invalid-,-Invalid-,-Invalid-
5/30/2009 19:00,-Invalid-,-Invalid-,-Invalid-,-Invalid-,-Invalid-,-Invalid-,-Invalid-,-Invalid-,-Invalid-,-Invalid-
5/30/2009 19:10,-Invalid-,-Invalid-,-Invalid-,-Invalid-,-Invalid-,-Invalid-,-Invalid-,-Invalid-,-Invalid-,-Invalid-
5/30/2009 19:20,-Invalid-,-Invalid-,-Invalid-,-Invalid-,-Invalid-,-Invalid-,-Invalid-,-Invalid-,-Invalid-,-Invalid-
5/30/2009 19:30,-Invalid-,-Invalid-,-Invalid-,-Invalid-,-Invalid-,-Invalid-,-Invalid-,-Invalid-,-Invalid-,-Invalid-
5/30/2009 19:40,-Invalid-,-Invalid-,-Invalid-,-Invalid-,-Invalid-,-Invalid-,-Invalid-,-Invalid-,-Invalid-,-Invalid-
5/30/2009 19:50,-Invalid-,-Invalid-,-Invalid-,-Invalid-,-Invalid-,-Invalid-,-Invalid-,-Invalid-,-Invalid-,-Invalid-
5/30/2009 20:00,-Invalid-,-Invalid-,-Invalid-,-Invalid-,-Invalid-,-Invalid-,-Invalid-,-Invalid-,-Invalid-,-Invalid-
5/30/2009 20:10,-Invalid-,-Invalid-,-Invalid-,-Invalid-,-Invalid-,-Invalid-,-Invalid-,-Invalid-,-Invalid-,-Invalid-
5/30/2009 20:20,-Invalid-,-Invalid-,-Invalid-,-Invalid-,-Invalid-,-Invalid-,-Invalid-,-Invalid-,-Invalid-,-Invalid-
5/30/2009 20:30,-Invalid-,-Invalid-,-Invalid-,-Invalid-,-Invalid-,-Invalid-,-Invalid-,-Invalid-,-Invalid-,-Invalid-
5/30/2009 20:40,-Invalid-,-Invalid-,-Invalid-,-Invalid-,-Invalid-,-Invalid-,-Invalid-,-Invalid-,-Invalid-,-Invalid-
5/30/2009 20:50,-Invalid-,-Invalid-,-Invalid-,-Invalid-,-Invalid-,-Invalid-,-Invalid-,-Invalid-,-Invalid-,-Invalid-
5/30/2009 21:00,-Invalid-,-Invalid-,-Invalid-,-Invalid-,-Invalid-,-Invalid-,-Invalid-,-Invalid-,-Invalid-,-Invalid-
5/30/2009 21:10,-Invalid-,-Invalid-,-Invalid-,-Invalid-,-Invalid-,-Invalid-,-Invalid-,-Invalid-,-Invalid-,-Invalid-
5/30/2009 21:20,-Invalid-,-Invalid-,-Invalid-,-Invalid-,-Invalid-,-Invalid-,-Invalid-,-Invalid-,-Invalid-,-Invalid-
5/30/2009 21:30,-Invalid-,-Invalid-,-Invalid-,-Invalid-,-Invalid-,-Invalid-,-Invalid-,-Invalid-,-Invalid-,-Invalid-
5/30/2009 21:40,-Invalid-,-Invalid-,-Invalid-,-Invalid-,-Invalid-,-Invalid-,-Invalid-,-Invalid-,-Invalid-,-Invalid-
5/30/2009 21:50,-Invalid-,-Invalid-,-Invalid-,-Invalid-,-Invalid-,-Invalid-,-Invalid-,-Invalid-,-Invalid-,-Invalid-
5/30/2009 22:00,-Invalid-,-Invalid-,-Invalid-,-Invalid-,-Invalid-,-Invalid-,-Invalid-,-Invalid-,-Invalid-,-Invalid-
5/30/2009 22:10,-Invalid-,-Invalid-,-Invalid-,-Invalid-,-Invalid-,-Invalid-,-Invalid-,-Invalid-,-Invalid-,-Invalid-
5/30/2009 22:20,-Invalid-,-Invalid-,-Invalid-,-Invalid-,-Invalid-,-Invalid-,-Invalid-,-Invalid-,-Invalid-,-Invalid-
5/30/2009 22:30,-Invalid-,-Invalid-,-Invalid-,-Invalid-,-Invalid-,-Invalid-,-Invalid-,-Invalid-,-Invalid-,-Invalid-
5/30/2009 22:40,-Invalid-,-Invalid-,-Invalid-,-Invalid-,-Invalid-,-Invalid-,-Invalid-,-Invalid-,-Invalid-,-Invalid-
5/30/2009 22:50,-Invalid-,-Invalid-,-Invalid-,-Invalid-,-Invalid-,-Invalid-,-Invalid-,-Invalid-,-Invalid-,-Invalid-
5/30/2009 23:00,-Invalid-,-Invalid-,-Invalid-,-Invalid-,-Invalid-,-Invalid-,-Invalid-,-Invalid-,-Invalid-,-Invalid-
5/30/2009 23:10,-Invalid-,-Invalid-,-Invalid-,-Invalid-,-Invalid-,-Invalid-,-Invalid-,-Invalid-,-Invalid-,-Invalid-
5/30/2009 23:20,-Invalid-,-Invalid-,-Invalid-,-Invalid-,-Invalid-,-Invalid-,-Invalid-,-Invalid-,-Invalid-,-Invalid-
5/30/2009 23:30,-Invalid-,-Invalid-,-Invalid-,-Invalid-,-Invalid-,-Invalid-,-Invalid-,-Invalid-,-Invalid-,-Invalid-
5/30/2009 23:40,-Invalid-,-Invalid-,-Invalid-,-Invalid-,-Invalid-,-Invalid-,-Invalid-,-Invalid-,-Invalid-,-Invalid-
5/30/2009 23:50,-Invalid-,-Invalid-,-Invalid-,-Invalid-,-Invalid-,-Invalid-,-Invalid-,-Invalid-,-Invalid-,-Invalid-
5/31/2009 0:00,-Invalid-,-Invalid-,-Invalid-,-Invalid-,-Invalid-,-Invalid-,-Invalid-,-Invalid-,-Invalid-,-Invalid-
5/31/2009 0:10,-Invalid-,-Invalid-,-Invalid-,-Invalid-,-Invalid-,-Invalid-,-Invalid-,-Invalid-,-Invalid-,-Invalid-
5/31/2009 0:20,-Invalid-,-Invalid-,-Invalid-,-Invalid-,-Invalid-,-Invalid-,-Invalid-,-Invalid-,-Invalid-,-Invalid-
5/31/2009 0:30,-Invalid-,-Invalid-,-Invalid-,-Invalid-,-Invalid-,-Invalid-,-Invalid-,-Invalid-,-Invalid-,-Invalid-
5/31/2009 0:40,-Invalid-,-Invalid-,-Invalid-,-Invalid-,-Invalid-,-Invalid-,-Invalid-,-Invalid-,-Invalid-,-Invalid-
5/31/2009 0:50,-Invalid-,-Invalid-,-Invalid-,-Invalid-,-Invalid-,-Invalid-,-Invalid-,-Invalid-,-Invalid-,-Invalid-
5/31/2009 1:00,-Invalid-,-Invalid-,-Invalid-,-Invalid-,-Invalid-,-Invalid-,-Invalid-,-Invalid-,-Invalid-,-Invalid-
5/31/2009 1:10,-Invalid-,-Invalid-,-Invalid-,-Invalid-,-Invalid-,-Invalid-,-Invalid-,-Invalid-,-Invalid-,-Invalid-
5/31/2009 1:20,-Invalid-,-Invalid-,-Invalid-,-Invalid-,-Invalid-,-Invalid-,-Invalid-,-Invalid-,-Invalid-,-Invalid-
5/31/2009 1:30,-Invalid-,-Invalid-,-Invalid-,-Invalid-,-Invalid-,-Invalid-,-Invalid-,-Invalid-,-Invalid-,-Invalid-
5/31/2009 1:40,-Invalid-,-Invalid-,-Invalid-,-Invalid-,-Invalid-,-Invalid-,-Invalid-,-Invalid-,-Invalid-,-Invalid-
5/31/2009 1:50,-Invalid-,-Invalid-,-Invalid-,-Invalid-,-Invalid-,-Invalid-,-Invalid-,-Invalid-,-Invalid-,-Invalid-
5/31/2009 2:00,-Invalid-,-Invalid-,-Invalid-,-Invalid-,-Invalid-,-Invalid-,-Invalid-,-Invalid-,-Invalid-,-Invalid-
5/31/2009 2:10,-Invalid-,-Invalid-,-Invalid-,-Invalid-,-Invalid-,-Invalid-,-Invalid-,-Invalid-,-Invalid-,-Invalid-
5/31/2009 2:20,-Invalid-,-Invalid-,-Invalid-,-Invalid-,-Invalid-,-Invalid-,-Invalid-,-Invalid-,-Invalid-,-Invalid-
5/31/2009 2:30,-Invalid-,-Invalid-,-Invalid-,-Invalid-,-Invalid-,-Invalid-,-Invalid-,-Invalid-,-Invalid-,-Invalid-
5/31/2009 2:40,-Invalid-,-Invalid-,-Invalid-,-Invalid-,-Invalid-,-Invalid-,-Invalid-,-Invalid-,-Invalid-,-Invalid-
5/31/2009 2:50,-Invalid-,-Invalid-,-Invalid-,-Invalid-,-Invalid-,-Invalid-,-Invalid-,-Invalid-,-Invalid-,-Invalid-
5/31/2009 3:00,-Invalid-,-Invalid-,-Invalid-,-Invalid-,-Invalid-,-Invalid-,-Invalid-,-Invalid-,-Invalid-,-Invalid-
5/31/2009 3:10,-Invalid-,-Invalid-,-Invalid-,-Invalid-,-Invalid-,-Invalid-,-Invalid-,-Invalid-,-Invalid-,-Invalid-
5/31/2009 3:20,-Invalid-,-Invalid-,-Invalid-,-Invalid-,-Invalid-,-Invalid-,-Invalid-,-Invalid-,-Invalid-,-Invalid-
5/31/2009 3:30,-Invalid-,-Invalid-,-Invalid-,-Invalid-,-Invalid-,-Invalid-,-Invalid-,-Invalid-,-Invalid-,-Invalid-
5/31/2009 3:40,-Invalid-,-Invalid-,-Invalid-,-Invalid-,-Invalid-,-Invalid-,-Invalid-,-Invalid-,-Invalid-,-Invalid-
5/31/2009 3:50,-Invalid-,-Invalid-,-Invalid-,-Invalid-,-Invalid-,-Invalid-,-Invalid-,-Invalid-,-Invalid-,-Invalid-
5/31/2009 4:00,-Invalid-,-Invalid-,-Invalid-,-Invalid-,-Invalid-,-Invalid-,-Invalid-,-Invalid-,-Invalid-,-Invalid-
5/31/2009 4:10,-Invalid-,-Invalid-,-Invalid-,-Invalid-,-Invalid-,-Invalid-,-Invalid-,-Invalid-,-Invalid-,-Invalid-
5/31/2009 4:20,-Invalid-,-Invalid-,-Invalid-,-Invalid-,-Invalid-,-Invalid-,-Invalid-,-Invalid-,-Invalid-,-Invalid-
5/31/2009 4:30,-Invalid-,-Invalid-,-Invalid-,-Invalid-,-Invalid-,-Invalid-,-Invalid-,-Invalid-,-Invalid-,-Invalid-
5/31/2009 4:40,-Invalid-,-Invalid-,-Invalid-,-Invalid-,-Invalid-,-Invalid-,-Invalid-,-Invalid-,-Invalid-,-Invalid-
5/31/2009 4:50,-Invalid-,-Invalid-,-Invalid-,-Invalid-,-Invalid-,-Invalid-,-Invalid-,-Invalid-,-Invalid-,-Invalid-
5/31/2009 5:00,-Invalid-,-Invalid-,-Invalid-,-Invalid-,-Invalid-,-Invalid-,-Invalid-,-Invalid-,-Invalid-,-Invalid-
5/31/2009 5:10,-Invalid-,-Invalid-,-Invalid-,-Invalid-,-Invalid-,-Invalid-,-Invalid-,-Invalid-,-Invalid-,-Invalid-
5/31/2009 5:20,-Invalid-,-Invalid-,-Invalid-,-Invalid-,-Invalid-,-Invalid-,-Invalid-,-Invalid-,-Invalid-,-Invalid-
5/31/2009 5:30,-Invalid-,-Invalid-,-Invalid-,-Invalid-,-Invalid-,-Invalid-,-Invalid-,-Invalid-,-Invalid-,-Invalid-
5/31/2009 5:40,-Invalid-,-Invalid-,-Invalid-,-Invalid-,-Invalid-,-Invalid-,-Invalid-,-Invalid-,-Invalid-,-Invalid-
5/31/2009 5:50,-Invalid-,-Invalid-,-Invalid-,-Invalid-,-Invalid-,-Invalid-,-Invalid-,-Invalid-,-Invalid-,-Invalid-
5/31/2009 6:00,-Invalid-,-Invalid-,-Invalid-,-Invalid-,-Invalid-,-Invalid-,-Invalid-,-Invalid-,-Invalid-,-Invalid-
5/31/2009 6:10,-Invalid-,-Invalid-,-Invalid-,-Invalid-,-Invalid-,-Invalid-,-Invalid-,-Invalid-,-Invalid-,-Invalid-
5/31/2009 6:20,-Invalid-,-Invalid-,-Invalid-,-Invalid-,-Invalid-,-Invalid-,-Invalid-,-Invalid-,-Invalid-,-Invalid-
5/31/2009 6:30,-Invalid-,-Invalid-,-Invalid-,-Invalid-,-Invalid-,-Invalid-,-Invalid-,-Invalid-,-Invalid-,-Invalid-
5/31/2009 6:40,-Invalid-,-Invalid-,-Invalid-,-Invalid-,-Invalid-,-Invalid-,-Invalid-,-Invalid-,-Invalid-,-Invalid-
5/31/2009 6:50,-Invalid-,-Invalid-,-Invalid-,-Invalid-,-Invalid-,-Invalid-,-Invalid-,-Invalid-,-Invalid-,-Invalid-
5/31/2009 7:00,-Invalid-,-Invalid-,-Invalid-,-Invalid-,-Invalid-,-Invalid-,-Invalid-,-Invalid-,-Invalid-,-Invalid-
5/31/2009 7:10,-Invalid-,-Invalid-,-Invalid-,-Invalid-,-Invalid-,-Invalid-,-Invalid-,-Invalid-,-Invalid-,-Invalid-
5/31/2009 7:20,-Invalid-,-Invalid-,-Invalid-,-Invalid-,-Invalid-,-Invalid-,-Invalid-,-Invalid-,-Invalid-,-Invalid-
5/31/2009 7:30,-Invalid-,-Invalid-,-Invalid-,-Invalid-,-Invalid-,-Invalid-,-Invalid-,-Invalid-,-Invalid-,-Invalid-
5/31/2009 7:40,-Invalid-,-Invalid-,-Invalid-,-Invalid-,-Invalid-,-Invalid-,-Invalid-,-Invalid-,-Invalid-,-Invalid-
5/31/2009 7:50,-Invalid-,-Invalid-,-Invalid-,-Invalid-,-Invalid-,-Invalid-,-Invalid-,-Invalid-,-Invalid-,-Invalid-
5/31/2009 8:00,-Invalid-,-Invalid-,-Invalid-,-Invalid-,-Invalid-,-Invalid-,-Invalid-,-Invalid-,-Invalid-,-Invalid-
5/31/2009 8:10,-Invalid-,-Invalid-,-Invalid-,-Invalid-,-Invalid-,-Invalid-,-Invalid-,-Invalid-,-Invalid-,-Invalid-
5/31/2009 8:20,-Invalid-,-Invalid-,-Invalid-,-Invalid-,-Invalid-,-Invalid-,-Invalid-,-Invalid-,-Invalid-,-Invalid-
5/31/2009 8:30,-Invalid-,-Invalid-,-Invalid-,-Invalid-,-Invalid-,-Invalid-,-Invalid-,-Invalid-,-Invalid-,-Invalid-
5/31/2009 8:40,-Invalid-,-Invalid-,-Invalid-,-Invalid-,-Invalid-,-Invalid-,-Invalid-,-Invalid-,-Invalid-,-Invalid-
5/31/2009 8:50,-Invalid-,-Invalid-,-Invalid-,-Invalid-,-Invalid-,-Invalid-,-Invalid-,-Invalid-,-Invalid-,-Invalid-
5/31/2009 9:00,-Invalid-,-Invalid-,-Invalid-,-Invalid-,-Invalid-,-Invalid-,-Invalid-,-Invalid-,-Invalid-,-Invalid-
5/31/2009 9:10,-Invalid-,-Invalid-,-Invalid-,-Invalid-,-Invalid-,-Invalid-,-Invalid-,-Invalid-,-Invalid-,-Invalid-
5/31/2009 9:20,-Invalid-,-Invalid-,-Invalid-,-Invalid-,-Invalid-,-Invalid-,-Invalid-,-Invalid-,-Invalid-,-Invalid-
5/31/2009 9:30,-Invalid-,-Invalid-,-Invalid-,-Invalid-,-Invalid-,-Invalid-,-Invalid-,-Invalid-,-Invalid-,-Invalid-
5/31/2009 9:40,-Invalid-,-Invalid-,-Invalid-,-Invalid-,-Invalid-,-Invalid-,-Invalid-,-Invalid-,-Invalid-,-Invalid-
5/31/2009 9:50,-Invalid-,-Invalid-,-Invalid-,-Invalid-,-Invalid-,-Invalid-,-Invalid-,-Invalid-,-Invalid-,-Invalid-
5/31/2009 10:00,-Invalid-,-Invalid-,-Invalid-,-Invalid-,-Invalid-,-Invalid-,-Invalid-,-Invalid-,-Invalid-,-Invalid-
5/31/2009 10:10,-Invalid-,-Invalid-,-Invalid-,-Invalid-,-Invalid-,-Invalid-,-Invalid-,-Invalid-,-Invalid-,-Invalid-
5/31/2009 10:20,-Invalid-,-Invalid-,-Invalid-,-Invalid-,-Invalid-,-Invalid-,-Invalid-,-Invalid-,-Invalid-,-Invalid-
5/31/2009 10:30,-Invalid-,-Invalid-,-Invalid-,-Invalid-,-Invalid-,-Invalid-,-Invalid-,-Invalid-,-Invalid-,-Invalid-
5/31/2009 10:40,-Invalid-,-Invalid-,-Invalid-,-Invalid-,-Invalid-,-Invalid-,-Invalid-,-Invalid-,-Invalid-,-Invalid-
5/31/2009 10:50,-Invalid-,-Invalid-,-Invalid-,-Invalid-,-Invalid-,-Invalid-,-Invalid-,-Invalid-,-Invalid-,-Invalid-
5/31/2009 11:00,-Invalid-,-Invalid-,-Invalid-,-Invalid-,-Invalid-,-Invalid-,-Invalid-,-Invalid-,-Invalid-,-Invalid-
5/31/2009 11:10,-Invalid-,-Invalid-,-Invalid-,-Invalid-,-Invalid-,-Invalid-,-Invalid-,-Invalid-,-Invalid-,-Invalid-
5/31/2009 11:20,-Invalid-,-Invalid-,-Invalid-,-Invalid-,-Invalid-,-Invalid-,-Invalid-,-Invalid-,-Invalid-,-Invalid-
5/31/2009 11:30,-Invalid-,-Invalid-,-Invalid-,-Invalid-,-Invalid-,-Invalid-,-Invalid-,-Invalid-,-Invalid-,-Invalid-
5/31/2009 11:40,-Invalid-,-Invalid-,-Invalid-,-Invalid-,-Invalid-,-Invalid-,-Invalid-,-Invalid-,-Invalid-,-Invalid-
5/31/2009 11:50,-Invalid-,-Invalid-,-Invalid-,-Invalid-,-Invalid-,-Invalid-,-Invalid-,-Invalid-,-Invalid-,-Invalid-
5/31/2009 12:00,-Invalid-,-Invalid-,-Invalid-,-Invalid-,-Invalid-,-Invalid-,-Invalid-,-Invalid-,-Invalid-,-Invalid-
5/31/2009 12:10,-Invalid-,-Invalid-,-Invalid-,-Invalid-,-Invalid-,-Invalid-,-Invalid-,-Invalid-,-Invalid-,-Invalid-
5/31/2009 12:20,-Invalid-,-Invalid-,-Invalid-,-Invalid-,-Invalid-,-Invalid-,-Invalid-,-Invalid-,-Invalid-,-Invalid-
5/31/2009 12:30,-Invalid-,-Invalid-,-Invalid-,-Invalid-,-Invalid-,-Invalid-,-Invalid-,-Invalid-,-Invalid-,-Invalid-
5/31/2009 12:40,-Invalid-,-Invalid-,-Invalid-,-Invalid-,-Invalid-,-Invalid-,-Invalid-,-Invalid-,-Invalid-,-Invalid-
5/31/2009 12:50,-Invalid-,-Invalid-,-Invalid-,-Invalid-,-Invalid-,-Invalid-,-Invalid-,-Invalid-,-Invalid-,-Invalid-
5/31/2009 13:00,-Invalid-,-Invalid-,-Invalid-,-Invalid-,-Invalid-,-Invalid-,-Invalid-,-Invalid-,-Invalid-,-Invalid-
5/31/2009 13:10,-Invalid-,-Invalid-,-Invalid-,-Invalid-,-Invalid-,-Invalid-,-Invalid-,-Invalid-,-Invalid-,-Invalid-
5/31/2009 13:20,-Invalid-,-Invalid-,-Invalid-,-Invalid-,-Invalid-,-Invalid-,-Invalid-,-Invalid-,-Invalid-,-Invalid-
5/31/2009 13:30,-Invalid-,-Invalid-,-Invalid-,-Invalid-,-Invalid-,-Invalid-,-Invalid-,-Invalid-,-Invalid-,-Invalid-
5/31/2009 13:40,-Invalid-,-Invalid-,-Invalid-,-Invalid-,-Invalid-,-Invalid-,-Invalid-,-Invalid-,-Invalid-,-Invalid-
5/31/2009 13:50,-Invalid-,-Invalid-,-Invalid-,-Invalid-,-Invalid-,-Invalid-,-Invalid-,-Invalid-,-Invalid-,-Invalid-
5/31/2009 14:00,-Invalid-,-Invalid-,-Invalid-,-Invalid-,-Invalid-,-Invalid-,-Invalid-,-Invalid-,-Invalid-,-Invalid-
5/31/2009 14:10,-Invalid-,-Invalid-,-Invalid-,-Invalid-,-Invalid-,-Invalid-,-Invalid-,-Invalid-,-Invalid-,-Invalid-
5/31/2009 14:20,-Invalid-,-Invalid-,-Invalid-,-Invalid-,-Invalid-,-Invalid-,-Invalid-,-Invalid-,-Invalid-,-Invalid-
5/31/2009 14:30,-Invalid-,-Invalid-,-Invalid-,-Invalid-,-Invalid-,-Invalid-,-Invalid-,-Invalid-,-Invalid-,-Invalid-
5/31/2009 14:40,-Invalid-,-Invalid-,-Invalid-,-Invalid-,-Invalid-,-Invalid-,-Invalid-,-Invalid-,-Invalid-,-Invalid-
5/31/2009 14:50,-Invalid-,-Invalid-,-Invalid-,-Invalid-,-Invalid-,-Invalid-,-Invalid-,-Invalid-,-Invalid-,-Invalid-
5/31/2009 15:00,-Invalid-,-Invalid-,-Invalid-,-Invalid-,-Invalid-,-Invalid-,-Invalid-,-Invalid-,-Invalid-,-Invalid-
5/31/2009 15:10,-Invalid-,-Invalid-,-Invalid-,-Invalid-,-Invalid-,-Invalid-,-Invalid-,-Invalid-,-Invalid-,-Invalid-
5/31/2009 15:20,-Invalid-,-Invalid-,-Invalid-,-Invalid-,-Invalid-,-Invalid-,-Invalid-,-Invalid-,-Invalid-,-Invalid-
5/31/2009 15:30,-Invalid-,-Invalid-,-Invalid-,-Invalid-,-Invalid-,-Invalid-,-Invalid-,-Invalid-,-Invalid-,-Invalid-
5/31/2009 15:40,-Invalid-,-Invalid-,-Invalid-,-Invalid-,-Invalid-,-Invalid-,-Invalid-,-Invalid-,-Invalid-,-Invalid-
5/31/2009 15:50,-Invalid-,-Invalid-,-Invalid-,-Invalid-,-Invalid-,-Invalid-,-Invalid-,-Invalid-,-Invalid-,-Invalid-
5/31/2009 16:00,-Invalid-,-Invalid-,-Invalid-,-Invalid-,-Invalid-,-Invalid-,-Invalid-,-Invalid-,-Invalid-,-Invalid-
5/31/2009 16:10,-Invalid-,-Invalid-,-Invalid-,-Invalid-,-Invalid-,-Invalid-,-Invalid-,-Invalid-,-Invalid-,-Invalid-
5/31/2009 16:20,-Invalid-,-Invalid-,-Invalid-,-Invalid-,-Invalid-,-Invalid-,-Invalid-,-Invalid-,-Invalid-,-Invalid-
5/31/2009 16:30,-Invalid-,-Invalid-,-Invalid-,-Invalid-,-Invalid-,-Invalid-,-Invalid-,-Invalid-,-Invalid-,-Invalid-
5/31/2009 16:40,-Invalid-,-Invalid-,-Invalid-,-Invalid-,-Invalid-,-Invalid-,-Invalid-,-Invalid-,-Invalid-,-Invalid-
5/31/2009 16:50,-Invalid-,-Invalid-,-Invalid-,-Invalid-,-Invalid-,-Invalid-,-Invalid-,-Invalid-,-Invalid-,-Invalid-
5/31/2009 17:00,-Invalid-,-Invalid-,-Invalid-,-Invalid-,-Invalid-,-Invalid-,-Invalid-,-Invalid-,-Invalid-,-Invalid-
5/31/2009 17:10,-Invalid-,-Invalid-,-Invalid-,-Invalid-,-Invalid-,-Invalid-,-Invalid-,-Invalid-,-Invalid-,-Invalid-
5/31/2009 17:20,-Invalid-,-Invalid-,-Invalid-,-Invalid-,-Invalid-,-Invalid-,-Invalid-,-Invalid-,-Invalid-,-Invalid-
5/31/2009 17:30,-Invalid-,-Invalid-,-Invalid-,-Invalid-,-Invalid-,-Invalid-,-Invalid-,-Invalid-,-Invalid-,-Invalid-
5/31/2009 17:40,-Invalid-,-Invalid-,-Invalid-,-Invalid-,-Invalid-,-Invalid-,-Invalid-,-Invalid-,-Invalid-,-Invalid-
5/31/2009 17:50,-Invalid-,-Invalid-,-Invalid-,-Invalid-,-Invalid-,-Invalid-,-Invalid-,-Invalid-,-Invalid-,-Invalid-
5/31/2009 18:00,-Invalid-,-Invalid-,-Invalid-,-Invalid-,-Invalid-,-Invalid-,-Invalid-,-Invalid-,-Invalid-,-Invalid-
5/31/2009 18:10,-Invalid-,-Invalid-,-Invalid-,-Invalid-,-Invalid-,-Invalid-,-Invalid-,-Invalid-,-Invalid-,-Invalid-
5/31/2009 18:20,-Invalid-,-Invalid-,-Invalid-,-Invalid-,-Invalid-,-Invalid-,-Invalid-,-Invalid-,-Invalid-,-Invalid-
5/31/2009 18:30,-Invalid-,-Invalid-,-Invalid-,-Invalid-,-Invalid-,-Invalid-,-Invalid-,-Invalid-,-Invalid-,-Invalid-
5/31/2009 18:40,-Invalid-,-Invalid-,-Invalid-,-Invalid-,-Invalid-,-Invalid-,-Invalid-,-Invalid-,-Invalid-,-Invalid-
5/31/2009 18:50,-Invalid-,-Invalid-,-Invalid-,-Invalid-,-Invalid-,-Invalid-,-Invalid-,-Invalid-,-Invalid-,-Invalid-
5/31/2009 19:00,-Invalid-,-Invalid-,-Invalid-,-Invalid-,-Invalid-,-Invalid-,-Invalid-,-Invalid-,-Invalid-,-Invalid-
5/31/2009 19:10,-Invalid-,-Invalid-,-Invalid-,-Invalid-,-Invalid-,-Invalid-,-Invalid-,-Invalid-,-Invalid-,-Invalid-
5/31/2009 19:20,-Invalid-,-Invalid-,-Invalid-,-Invalid-,-Invalid-,-Invalid-,-Invalid-,-Invalid-,-Invalid-,-Invalid-
5/31/2009 19:30,-Invalid-,-Invalid-,-Invalid-,-Invalid-,-Invalid-,-Invalid-,-Invalid-,-Invalid-,-Invalid-,-Invalid-
5/31/2009 19:40,-Invalid-,-Invalid-,-Invalid-,-Invalid-,-Invalid-,-Invalid-,-Invalid-,-Invalid-,-Invalid-,-Invalid-
5/31/2009 19:50,-Invalid-,-Invalid-,-Invalid-,-Invalid-,-Invalid-,-Invalid-,-Invalid-,-Invalid-,-Invalid-,-Invalid-
5/31/2009 20:00,-Invalid-,-Invalid-,-Invalid-,-Invalid-,-Invalid-,-Invalid-,-Invalid-,-Invalid-,-Invalid-,-Invalid-
5/31/2009 20:10,-Invalid-,-Invalid-,-Invalid-,-Invalid-,-Invalid-,-Invalid-,-Invalid-,-Invalid-,-Invalid-,-Invalid-
5/31/2009 20:20,-Invalid-,-Invalid-,-Invalid-,-Invalid-,-Invalid-,-Invalid-,-Invalid-,-Invalid-,-Invalid-,-Invalid-
5/31/2009 20:30,-Invalid-,-Invalid-,-Invalid-,-Invalid-,-Invalid-,-Invalid-,-Invalid-,-Invalid-,-Invalid-,-Invalid-
5/31/2009 20:40,-Invalid-,-Invalid-,-Invalid-,-Invalid-,-Invalid-,-Invalid-,-Invalid-,-Invalid-,-Invalid-,-Invalid-
5/31/2009 20:50,-Invalid-,-Invalid-,-Invalid-,-Invalid-,-Invalid-,-Invalid-,-Invalid-,-Invalid-,-Invalid-,-Invalid-
5/31/2009 21:00,-Invalid-,-Invalid-,-Invalid-,-Invalid-,-Invalid-,-Invalid-,-Invalid-,-Invalid-,-Invalid-,-Invalid-
5/31/2009 21:10,-Invalid-,-Invalid-,-Invalid-,-Invalid-,-Invalid-,-Invalid-,-Invalid-,-Invalid-,-Invalid-,-Invalid-
5/31/2009 21:20,-Invalid-,-Invalid-,-Invalid-,-Invalid-,-Invalid-,-Invalid-,-Invalid-,-Invalid-,-Invalid-,-Invalid-
5/31/2009 21:30,-Invalid-,-Invalid-,-Invalid-,-Invalid-,-Invalid-,-Invalid-,-Invalid-,-Invalid-,-Invalid-,-Invalid-
5/31/2009 21:40,-Invalid-,-Invalid-,-Invalid-,-Invalid-,-Invalid-,-Invalid-,-Invalid-,-Invalid-,-Invalid-,-Invalid-
5/31/2009 21:50,-Invalid-,-Invalid-,-Invalid-,-Invalid-,-Invalid-,-Invalid-,-Invalid-,-Invalid-,-Invalid-,-Invalid-
5/31/2009 22:00,-Invalid-,-Invalid-,-Invalid-,-Invalid-,-Invalid-,-Invalid-,-Invalid-,-Invalid-,-Invalid-,-Invalid-
5/31/2009 22:10,-Invalid-,-Invalid-,-Invalid-,-Invalid-,-Invalid-,-Invalid-,-Invalid-,-Invalid-,-Invalid-,-Invalid-
5/31/2009 22:20,-Invalid-,-Invalid-,-Invalid-,-Invalid-,-Invalid-,-Invalid-,-Invalid-,-Invalid-,-Invalid-,-Invalid-
5/31/2009 22:30,-Invalid-,-Invalid-,-Invalid-,-Invalid-,-Invalid-,-Invalid-,-Invalid-,-Invalid-,-Invalid-,-Invalid-
5/31/2009 22:40,-Invalid-,-Invalid-,-Invalid-,-Invalid-,-Invalid-,-Invalid-,-Invalid-,-Invalid-,-Invalid-,-Invalid-
5/31/2009 22:50,-Invalid-,-Invalid-,-Invalid-,-Invalid-,-Invalid-,-Invalid-,-Invalid-,-Invalid-,-Invalid-,-Invalid-
5/31/2009 23:00,-Invalid-,-Invalid-,-Invalid-,-Invalid-,-Invalid-,-Invalid-,-Invalid-,-Invalid-,-Invalid-,-Invalid-
5/31/2009 23:10,-Invalid-,-Invalid-,-Invalid-,-Invalid-,-Invalid-,-Invalid-,-Invalid-,-Invalid-,-Invalid-,-Invalid-
5/31/2009 23:20,-Invalid-,-Invalid-,-Invalid-,-Invalid-,-Invalid-,-Invalid-,-Invalid-,-Invalid-,-Invalid-,-Invalid-
5/31/2009 23:30,-Invalid-,-Invalid-,-Invalid-,-Invalid-,-Invalid-,-Invalid-,-Invalid-,-Invalid-,-Invalid-,-Invalid-
5/31/2009 23:40,-Invalid-,-Invalid-,-Invalid-,-Invalid-,-Invalid-,-Invalid-,-Invalid-,-Invalid-,-Invalid-,-Invalid-
5/31/2009 23:50,-Invalid-,-Invalid-,-Invalid-,-Invalid-,-Invalid-,-Invalid-,-Invalid-,-Invalid-,-Invalid-,-Invalid-
6/1/2009 0:00,-Invalid-,-Invalid-,-Invalid-,-Invalid-,-Invalid-,-Invalid-,-Invalid-,-Invalid-,-Invalid-,-Invalid-
6/1/2009 0:10,-Invalid-,-Invalid-,-Invalid-,-Invalid-,-Invalid-,-Invalid-,-Invalid-,-Invalid-,-Invalid-,-Invalid-
6/1/2009 0:20,-Invalid-,-Invalid-,-Invalid-,-Invalid-,-Invalid-,-Invalid-,-Invalid-,-Invalid-,-Invalid-,-Invalid-
6/1/2009 0:30,-Invalid-,-Invalid-,-Invalid-,-Invalid-,-Invalid-,-Invalid-,-Invalid-,-Invalid-,-Invalid-,-Invalid-
6/1/2009 0:40,-Invalid-,-Invalid-,-Invalid-,-Invalid-,-Invalid-,-Invalid-,-Invalid-,-Invalid-,-Invalid-,-Invalid-
6/1/2009 0:50,-Invalid-,-Invalid-,-Invalid-,-Invalid-,-Invalid-,-Invalid-,-Invalid-,-Invalid-,-Invalid-,-Invalid-
6/1/2009 1:00,-Invalid-,-Invalid-,-Invalid-,-Invalid-,-Invalid-,-Invalid-,-Invalid-,-Invalid-,-Invalid-,-Invalid-
6/1/2009 1:10,-Invalid-,-Invalid-,-Invalid-,-Invalid-,-Invalid-,-Invalid-,-Invalid-,-Invalid-,-Invalid-,-Invalid-
6/1/2009 1:20,-Invalid-,-Invalid-,-Invalid-,-Invalid-,-Invalid-,-Invalid-,-Invalid-,-Invalid-,-Invalid-,-Invalid-
6/1/2009 1:30,-Invalid-,-Invalid-,-Invalid-,-Invalid-,-Invalid-,-Invalid-,-Invalid-,-Invalid-,-Invalid-,-Invalid-
6/1/2009 1:40,-Invalid-,-Invalid-,-Invalid-,-Invalid-,-Invalid-,-Invalid-,-Invalid-,-Invalid-,-Invalid-,-Invalid-
6/1/2009 1:50,-Invalid-,-Invalid-,-Invalid-,-Invalid-,-Invalid-,-Invalid-,-Invalid-,-Invalid-,-Invalid-,-Invalid-
6/1/2009 2:00,-Invalid-,-Invalid-,-Invalid-,-Invalid-,-Invalid-,-Invalid-,-Invalid-,-Invalid-,-Invalid-,-Invalid-
6/1/2009 2:10,-Invalid-,-Invalid-,-Invalid-,-Invalid-,-Invalid-,-Invalid-,-Invalid-,-Invalid-,-Invalid-,-Invalid-
6/1/2009 2:20,-Invalid-,-Invalid-,-Invalid-,-Invalid-,-Invalid-,-Invalid-,-Invalid-,-Invalid-,-Invalid-,-Invalid-
6/1/2009 2:30,-Invalid-,-Invalid-,-Invalid-,-Invalid-,-Invalid-,-Invalid-,-Invalid-,-Invalid-,-Invalid-,-Invalid-
6/1/2009 2:40,-Invalid-,-Invalid-,-Invalid-,-Invalid-,-Invalid-,-Invalid-,-Invalid-,-Invalid-,-Invalid-,-Invalid-
6/1/2009 2:50,-Invalid-,-Invalid-,-Invalid-,-Invalid-,-Invalid-,-Invalid-,-Invalid-,-Invalid-,-Invalid-,-Invalid-
6/1/2009 3:00,-Invalid-,-Invalid-,-Invalid-,-Invalid-,-Invalid-,-Invalid-,-Invalid-,-Invalid-,-Invalid-,-Invalid-
6/1/2009 3:10,-Invalid-,-Invalid-,-Invalid-,-Invalid-,-Invalid-,-Invalid-,-Invalid-,-Invalid-,-Invalid-,-Invalid-
6/1/2009 3:20,-Invalid-,-Invalid-,-Invalid-,-Invalid-,-Invalid-,-Invalid-,-Invalid-,-Invalid-,-Invalid-,-Invalid-
6/1/2009 3:30,-Invalid-,-Invalid-,-Invalid-,-Invalid-,-Invalid-,-Invalid-,-Invalid-,-Invalid-,-Invalid-,-Invalid-
6/1/2009 3:40,-Invalid-,-Invalid-,-Invalid-,-Invalid-,-Invalid-,-Invalid-,-Invalid-,-Invalid-,-Invalid-,-Invalid-
6/1/2009 3:50,-Invalid-,-Invalid-,-Invalid-,-Invalid-,-Invalid-,-Invalid-,-Invalid-,-Invalid-,-Invalid-,-Invalid-
6/1/2009 4:00,-Invalid-,-Invalid-,-Invalid-,-Invalid-,-Invalid-,-Invalid-,-Invalid-,-Invalid-,-Invalid-,-Invalid-
6/1/2009 4:10,-Invalid-,-Invalid-,-Invalid-,-Invalid-,-Invalid-,-Invalid-,-Invalid-,-Invalid-,-Invalid-,-Invalid-
6/1/2009 4:20,-Invalid-,-Invalid-,-Invalid-,-Invalid-,-Invalid-,-Invalid-,-Invalid-,-Invalid-,-Invalid-,-Invalid-
6/1/2009 4:30,-Invalid-,-Invalid-,-Invalid-,-Invalid-,-Invalid-,-Invalid-,-Invalid-,-Invalid-,-Invalid-,-Invalid-
6/1/2009 4:40,-Invalid-,-Invalid-,-Invalid-,-Invalid-,-Invalid-,-Invalid-,-Invalid-,-Invalid-,-Invalid-,-Invalid-
6/1/2009 4:50,-Invalid-,-Invalid-,-Invalid-,-Invalid-,-Invalid-,-Invalid-,-Invalid-,-Invalid-,-Invalid-,-Invalid-
6/1/2009 5:00,-Invalid-,-Invalid-,-Invalid-,-Invalid-,-Invalid-,-Invalid-,-Invalid-,-Invalid-,-Invalid-,-Invalid-
6/1/2009 5:10,-Invalid-,-Invalid-,-Invalid-,-Invalid-,-Invalid-,-Invalid-,-Invalid-,-Invalid-,-Invalid-,-Invalid-
6/1/2009 5:20,-Invalid-,-Invalid-,-Invalid-,-Invalid-,-Invalid-,-Invalid-,-Invalid-,-Invalid-,-Invalid-,-Invalid-
6/1/2009 5:30,-Invalid-,-Invalid-,-Invalid-,-Invalid-,-Invalid-,-Invalid-,-Invalid-,-Invalid-,-Invalid-,-Invalid-
6/1/2009 5:40,-Invalid-,-Invalid-,-Invalid-,-Invalid-,-Invalid-,-Invalid-,-Invalid-,-Invalid-,-Invalid-,-Invalid-
6/1/2009 5:50,-Invalid-,-Invalid-,-Invalid-,-Invalid-,-Invalid-,-Invalid-,-Invalid-,-Invalid-,-Invalid-,-Invalid-
6/1/2009 6:00,-Invalid-,-Invalid-,-Invalid-,-Invalid-,-Invalid-,-Invalid-,-Invalid-,-Invalid-,-Invalid-,-Invalid-
6/1/2009 6:10,-Invalid-,-Invalid-,-Invalid-,-Invalid-,-Invalid-,-Invalid-,-Invalid-,-Invalid-,-Invalid-,-Invalid-
6/1/2009 6:20,-Invalid-,-Invalid-,-Invalid-,-Invalid-,-Invalid-,-Invalid-,-Invalid-,-Invalid-,-Invalid-,-Invalid-
6/1/2009 6:30,-Invalid-,-Invalid-,-Invalid-,-Invalid-,-Invalid-,-Invalid-,-Invalid-,-Invalid-,-Invalid-,-Invalid-
6/1/2009 6:40,-Invalid-,-Invalid-,-Invalid-,-Invalid-,-Invalid-,-Invalid-,-Invalid-,-Invalid-,-Invalid-,-Invalid-
6/1/2009 6:50,-Invalid-,-Invalid-,-Invalid-,-Invalid-,-Invalid-,-Invalid-,-Invalid-,-Invalid-,-Invalid-,-Invalid-
6/1/2009 7:00,-Invalid-,-Invalid-,-Invalid-,-Invalid-,-Invalid-,-Invalid-,-Invalid-,-Invalid-,-Invalid-,-Invalid-
6/1/2009 7:10,-Invalid-,-Invalid-,-Invalid-,-Invalid-,-Invalid-,-Invalid-,-Invalid-,-Invalid-,-Invalid-,-Invalid-
6/1/2009 7:20,-Invalid-,-Invalid-,-Invalid-,-Invalid-,-Invalid-,-Invalid-,-Invalid-,-Invalid-,-Invalid-,-Invalid-
6/1/2009 7:30,-Invalid-,-Invalid-,-Invalid-,-Invalid-,-Invalid-,-Invalid-,-Invalid-,-Invalid-,-Invalid-,-Invalid-
6/1/2009 7:40,-Invalid-,-Invalid-,-Invalid-,-Invalid-,-Invalid-,-Invalid-,-Invalid-,-Invalid-,-Invalid-,-Invalid-
6/1/2009 7:50,-Invalid-,-Invalid-,-Invalid-,-Invalid-,-Invalid-,-Invalid-,-Invalid-,-Invalid-,-Invalid-,-Invalid-
6/1/2009 8:00,-Invalid-,-Invalid-,-Invalid-,-Invalid-,-Invalid-,-Invalid-,-Invalid-,-Invalid-,-Invalid-,-Invalid-
6/1/2009 8:10,-Invalid-,-Invalid-,-Invalid-,-Invalid-,-Invalid-,-Invalid-,-Invalid-,-Invalid-,-Invalid-,-Invalid-
6/1/2009 8:20,-Invalid-,-Invalid-,-Invalid-,-Invalid-,-Invalid-,-Invalid-,-Invalid-,-Invalid-,-Invalid-,-Invalid-
6/1/2009 8:30,-Invalid-,-Invalid-,-Invalid-,-Invalid-,-Invalid-,-Invalid-,-Invalid-,-Invalid-,-Invalid-,-Invalid-
6/1/2009 8:40,-Invalid-,-Invalid-,-Invalid-,-Invalid-,-Invalid-,-Invalid-,-Invalid-,-Invalid-,-Invalid-,-Invalid-
6/1/2009 8:50,-Invalid-,-Invalid-,-Invalid-,-Invalid-,-Invalid-,-Invalid-,-Invalid-,-Invalid-,-Invalid-,-Invalid-
6/1/2009 9:00,-Invalid-,-Invalid-,-Invalid-,-Invalid-,-Invalid-,-Invalid-,-Invalid-,-Invalid-,-Invalid-,-Invalid-
6/1/2009 9:10,-Invalid-,-Invalid-,-Invalid-,-Invalid-,-Invalid-,-Invalid-,-Invalid-,-Invalid-,-Invalid-,-Invalid-
6/1/2009 9:20,-Invalid-,-Invalid-,-Invalid-,-Invalid-,-Invalid-,-Invalid-,-Invalid-,-Invalid-,-Invalid-,-Invalid-
6/1/2009 9:30,-Invalid-,-Invalid-,-Invalid-,-Invalid-,-Invalid-,-Invalid-,-Invalid-,-Invalid-,-Invalid-,-Invalid-
6/1/2009 9:40,-Invalid-,-Invalid-,-Invalid-,-Invalid-,-Invalid-,-Invalid-,-Invalid-,-Invalid-,-Invalid-,-Invalid-
6/1/2009 9:50,-Invalid-,-Invalid-,-Invalid-,-Invalid-,-Invalid-,-Invalid-,-Invalid-,-Invalid-,-Invalid-,-Invalid-
6/1/2009 10:00,-Invalid-,-Invalid-,-Invalid-,-Invalid-,-Invalid-,-Invalid-,-Invalid-,-Invalid-,-Invalid-,-Invalid-
6/1/2009 10:10,-Invalid-,-Invalid-,-Invalid-,-Invalid-,-Invalid-,-Invalid-,-Invalid-,-Invalid-,-Invalid-,-Invalid-
6/1/2009 10:20,-Invalid-,-Invalid-,-Invalid-,-Invalid-,-Invalid-,-Invalid-,-Invalid-,-Invalid-,-Invalid-,-Invalid-
6/1/2009 10:30,-Invalid-,-Invalid-,-Invalid-,-Invalid-,-Invalid-,-Invalid-,-Invalid-,-Invalid-,-Invalid-,-Invalid-
6/1/2009 10:40,-Invalid-,-Invalid-,-Invalid-,-Invalid-,-Invalid-,-Invalid-,-Invalid-,-Invalid-,-Invalid-,-Invalid-
6/1/2009 10:50,-Invalid-,-Invalid-,-Invalid-,-Invalid-,-Invalid-,-Invalid-,-Invalid-,-Invalid-,-Invalid-,-Invalid-
6/1/2009 11:00,-Invalid-,-Invalid-,-Invalid-,-Invalid-,-Invalid-,-Invalid-,-Invalid-,-Invalid-,-Invalid-,-Invalid-
6/1/2009 11:10,-Invalid-,-Invalid-,-Invalid-,-Invalid-,-Invalid-,-Invalid-,-Invalid-,-Invalid-,-Invalid-,-Invalid-
6/1/2009 11:20,-Invalid-,-Invalid-,-Invalid-,-Invalid-,-Invalid-,-Invalid-,-Invalid-,-Invalid-,-Invalid-,-Invalid-
6/1/2009 11:30,-Invalid-,-Invalid-,-Invalid-,-Invalid-,-Invalid-,-Invalid-,-Invalid-,-Invalid-,-Invalid-,-Invalid-
6/1/2009 11:40,-Invalid-,-Invalid-,-Invalid-,-Invalid-,-Invalid-,-Invalid-,-Invalid-,-Invalid-,-Invalid-,-Invalid-
6/1/2009 11:50,-Invalid-,-Invalid-,-Invalid-,-Invalid-,-Invalid-,-Invalid-,-Invalid-,-Invalid-,-Invalid-,-Invalid-
6/1/2009 12:00,-Invalid-,-Invalid-,-Invalid-,-Invalid-,-Invalid-,-Invalid-,-Invalid-,-Invalid-,-Invalid-,-Invalid-
6/1/2009 12:10,-Invalid-,-Invalid-,-Invalid-,-Invalid-,-Invalid-,-Invalid-,-Invalid-,-Invalid-,-Invalid-,-Invalid-
6/1/2009 12:20,-Invalid-,-Invalid-,-Invalid-,-Invalid-,-Invalid-,-Invalid-,-Invalid-,-Invalid-,-Invalid-,-Invalid-
6/1/2009 12:30,-Invalid-,-Invalid-,-Invalid-,-Invalid-,-Invalid-,-Invalid-,-Invalid-,-Invalid-,-Invalid-,-Invalid-
6/1/2009 12:40,-Invalid-,-Invalid-,-Invalid-,-Invalid-,-Invalid-,-Invalid-,-Invalid-,-Invalid-,-Invalid-,-Invalid-
6/1/2009 12:50,-Invalid-,-Invalid-,-Invalid-,-Invalid-,-Invalid-,-Invalid-,-Invalid-,-Invalid-,-Invalid-,-Invalid-
6/1/2009 13:00,-Invalid-,-Invalid-,-Invalid-,-Invalid-,-Invalid-,-Invalid-,-Invalid-,-Invalid-,-Invalid-,-Invalid-
6/1/2009 13:10,-Invalid-,-Invalid-,-Invalid-,-Invalid-,-Invalid-,-Invalid-,-Invalid-,-Invalid-,-Invalid-,-Invalid-
6/1/2009 13:20,-Invalid-,-Invalid-,-Invalid-,-Invalid-,-Invalid-,-Invalid-,-Invalid-,-Invalid-,-Invalid-,-Invalid-
6/1/2009 13:30,-Invalid-,-Invalid-,-Invalid-,-Invalid-,-Invalid-,-Invalid-,-Invalid-,-Invalid-,-Invalid-,-Invalid-
6/1/2009 13:40,-Invalid-,-Invalid-,-Invalid-,-Invalid-,-Invalid-,-Invalid-,-Invalid-,-Invalid-,-Invalid-,-Invalid-
6/1/2009 13:50,-Invalid-,-Invalid-,-Invalid-,-Invalid-,-Invalid-,-Invalid-,-Invalid-,-Invalid-,-Invalid-,-Invalid-
6/1/2009 14:00,-Invalid-,-Invalid-,-Invalid-,-Invalid-,-Invalid-,-Invalid-,-Invalid-,-Invalid-,-Invalid-,-Invalid-
6/1/2009 14:10,-Invalid-,-Invalid-,-Invalid-,-Invalid-,-Invalid-,-Invalid-,-Invalid-,-Invalid-,-Invalid-,-Invalid-
6/1/2009 14:20,-Invalid-,-Invalid-,-Invalid-,-Invalid-,-Invalid-,-Invalid-,-Invalid-,-Invalid-,-Invalid-,-Invalid-
6/1/2009 14:30,-Invalid-,-Invalid-,-Invalid-,-Invalid-,-Invalid-,-Invalid-,-Invalid-,-Invalid-,-Invalid-,-Invalid-
6/1/2009 14:40,-Invalid-,-Invalid-,-Invalid-,-Invalid-,-Invalid-,-Invalid-,-Invalid-,-Invalid-,-Invalid-,-Invalid-
6/1/2009 14:50,-Invalid-,-Invalid-,-Invalid-,-Invalid-,-Invalid-,-Invalid-,-Invalid-,-Invalid-,-Invalid-,-Invalid-
6/1/2009 15:00,-Invalid-,-Invalid-,-Invalid-,-Invalid-,-Invalid-,-Invalid-,-Invalid-,-Invalid-,-Invalid-,-Invalid-
6/1/2009 15:10,-Invalid-,-Invalid-,-Invalid-,-Invalid-,-Invalid-,-Invalid-,-Invalid-,-Invalid-,-Invalid-,-Invalid-
6/1/2009 15:20,-Invalid-,-Invalid-,-Invalid-,-Invalid-,-Invalid-,-Invalid-,-Invalid-,-Invalid-,-Invalid-,-Invalid-
6/1/2009 15:30,-Invalid-,-Invalid-,-Invalid-,-Invalid-,-Invalid-,-Invalid-,-Invalid-,-Invalid-,-Invalid-,-Invalid-
6/1/2009 15:40,-Invalid-,-Invalid-,-Invalid-,-Invalid-,-Invalid-,-Invalid-,-Invalid-,-Invalid-,-Invalid-,-Invalid-
6/1/2009 15:50,-Invalid-,-Invalid-,-Invalid-,-Invalid-,-Invalid-,-Invalid-,-Invalid-,-Invalid-,-Invalid-,-Invalid-
6/1/2009 16:00,-Invalid-,-Invalid-,-Invalid-,-Invalid-,-Invalid-,-Invalid-,-Invalid-,-Invalid-,-Invalid-,-Invalid-
6/1/2009 16:10,-Invalid-,-Invalid-,-Invalid-,-Invalid-,-Invalid-,-Invalid-,-Invalid-,-Invalid-,-Invalid-,-Invalid-
6/1/2009 16:20,-Invalid-,-Invalid-,-Invalid-,-Invalid-,-Invalid-,-Invalid-,-Invalid-,-Invalid-,-Invalid-,-Invalid-
6/1/2009 16:30,-Invalid-,-Invalid-,-Invalid-,-Invalid-,-Invalid-,-Invalid-,-Invalid-,-Invalid-,-Invalid-,-Invalid-
6/1/2009 16:40,-Invalid-,-Invalid-,-Invalid-,-Invalid-,-Invalid-,-Invalid-,-Invalid-,-Invalid-,-Invalid-,-Invalid-
6/1/2009 16:50,-Invalid-,-Invalid-,-Invalid-,-Invalid-,-Invalid-,-Invalid-,-Invalid-,-Invalid-,-Invalid-,-Invalid-
6/1/2009 17:00,-Invalid-,-Invalid-,-Invalid-,-Invalid-,-Invalid-,-Invalid-,-Invalid-,-Invalid-,-Invalid-,-Invalid-
6/1/2009 17:10,-Invalid-,-Invalid-,-Invalid-,-Invalid-,-Invalid-,-Invalid-,-Invalid-,-Invalid-,-Invalid-,-Invalid-
6/1/2009 17:20,-Invalid-,-Invalid-,-Invalid-,-Invalid-,-Invalid-,-Invalid-,-Invalid-,-Invalid-,-Invalid-,-Invalid-
6/1/2009 17:30,-Invalid-,-Invalid-,-Invalid-,-Invalid-,-Invalid-,-Invalid-,-Invalid-,-Invalid-,-Invalid-,-Invalid-
6/1/2009 17:40,-Invalid-,-Invalid-,-Invalid-,-Invalid-,-Invalid-,-Invalid-,-Invalid-,-Invalid-,-Invalid-,-Invalid-
6/1/2009 17:50,-Invalid-,-Invalid-,-Invalid-,-Invalid-,-Invalid-,-Invalid-,-Invalid-,-Invalid-,-Invalid-,-Invalid-
6/1/2009 18:00,-Invalid-,-Invalid-,-Invalid-,-Invalid-,-Invalid-,-Invalid-,-Invalid-,-Invalid-,-Invalid-,-Invalid-
6/1/2009 18:10,-Invalid-,-Invalid-,-Invalid-,-Invalid-,-Invalid-,-Invalid-,-Invalid-,-Invalid-,-Invalid-,-Invalid-
6/1/2009 18:20,-Invalid-,-Invalid-,-Invalid-,-Invalid-,-Invalid-,-Invalid-,-Invalid-,-Invalid-,-Invalid-,-Invalid-
6/1/2009 18:30,-Invalid-,-Invalid-,-Invalid-,-Invalid-,-Invalid-,-Invalid-,-Invalid-,-Invalid-,-Invalid-,-Invalid-
6/1/2009 18:40,-Invalid-,-Invalid-,-Invalid-,-Invalid-,-Invalid-,-Invalid-,-Invalid-,-Invalid-,-Invalid-,-Invalid-
6/1/2009 18:50,-Invalid-,-Invalid-,-Invalid-,-Invalid-,-Invalid-,-Invalid-,-Invalid-,-Invalid-,-Invalid-,-Invalid-
6/1/2009 19:00,-Invalid-,-Invalid-,-Invalid-,-Invalid-,-Invalid-,-Invalid-,-Invalid-,-Invalid-,-Invalid-,-Invalid-
6/1/2009 19:10,-Invalid-,-Invalid-,-Invalid-,-Invalid-,-Invalid-,-Invalid-,-Invalid-,-Invalid-,-Invalid-,-Invalid-
6/1/2009 19:20,-Invalid-,-Invalid-,-Invalid-,-Invalid-,-Invalid-,-Invalid-,-Invalid-,-Invalid-,-Invalid-,-Invalid-
6/1/2009 19:30,-Invalid-,-Invalid-,-Invalid-,-Invalid-,-Invalid-,-Invalid-,-Invalid-,-Invalid-,-Invalid-,-Invalid-
6/1/2009 19:40,-Invalid-,-Invalid-,-Invalid-,-Invalid-,-Invalid-,-Invalid-,-Invalid-,-Invalid-,-Invalid-,-Invalid-
6/1/2009 19:50,-Invalid-,-Invalid-,-Invalid-,-Invalid-,-Invalid-,-Invalid-,-Invalid-,-Invalid-,-Invalid-,-Invalid-
6/1/2009 20:00,-Invalid-,-Invalid-,-Invalid-,-Invalid-,-Invalid-,-Invalid-,-Invalid-,-Invalid-,-Invalid-,-Invalid-
6/1/2009 20:10,-Invalid-,-Invalid-,-Invalid-,-Invalid-,-Invalid-,-Invalid-,-Invalid-,-Invalid-,-Invalid-,-Invalid-
6/1/2009 20:20,-Invalid-,-Invalid-,-Invalid-,-Invalid-,-Invalid-,-Invalid-,-Invalid-,-Invalid-,-Invalid-,-Invalid-
6/1/2009 20:30,-Invalid-,-Invalid-,-Invalid-,-Invalid-,-Invalid-,-Invalid-,-Invalid-,-Invalid-,-Invalid-,-Invalid-
6/1/2009 20:40,-Invalid-,-Invalid-,-Invalid-,-Invalid-,-Invalid-,-Invalid-,-Invalid-,-Invalid-,-Invalid-,-Invalid-
6/1/2009 20:50,-Invalid-,-Invalid-,-Invalid-,-Invalid-,-Invalid-,-Invalid-,-Invalid-,-Invalid-,-Invalid-,-Invalid-
6/1/2009 21:00,-Invalid-,-Invalid-,-Invalid-,-Invalid-,-Invalid-,-Invalid-,-Invalid-,-Invalid-,-Invalid-,-Invalid-
6/1/2009 21:10,-Invalid-,-Invalid-,-Invalid-,-Invalid-,-Invalid-,-Invalid-,-Invalid-,-Invalid-,-Invalid-,-Invalid-
6/1/2009 21:20,-Invalid-,-Invalid-,-Invalid-,-Invalid-,-Invalid-,-Invalid-,-Invalid-,-Invalid-,-Invalid-,-Invalid-
6/1/2009 21:30,-Invalid-,-Invalid-,-Invalid-,-Invalid-,-Invalid-,-Invalid-,-Invalid-,-Invalid-,-Invalid-,-Invalid-
6/1/2009 21:40,-Invalid-,-Invalid-,-Invalid-,-Invalid-,-Invalid-,-Invalid-,-Invalid-,-Invalid-,-Invalid-,-Invalid-
6/1/2009 21:50,-Invalid-,-Invalid-,-Invalid-,-Invalid-,-Invalid-,-Invalid-,-Invalid-,-Invalid-,-Invalid-,-Invalid-
6/1/2009 22:00,-Invalid-,-Invalid-,-Invalid-,-Invalid-,-Invalid-,-Invalid-,-Invalid-,-Invalid-,-Invalid-,-Invalid-
6/1/2009 22:10,-Invalid-,-Invalid-,-Invalid-,-Invalid-,-Invalid-,-Invalid-,-Invalid-,-Invalid-,-Invalid-,-Invalid-
6/1/2009 22:20,-Invalid-,-Invalid-,-Invalid-,-Invalid-,-Invalid-,-Invalid-,-Invalid-,-Invalid-,-Invalid-,-Invalid-
6/1/2009 22:30,-Invalid-,-Invalid-,-Invalid-,-Invalid-,-Invalid-,-Invalid-,-Invalid-,-Invalid-,-Invalid-,-Invalid-
6/1/2009 22:40,-Invalid-,-Invalid-,-Invalid-,-Invalid-,-Invalid-,-Invalid-,-Invalid-,-Invalid-,-Invalid-,-Invalid-
6/1/2009 22:50,-Invalid-,-Invalid-,-Invalid-,-Invalid-,-Invalid-,-Invalid-,-Invalid-,-Invalid-,-Invalid-,-Invalid-
6/1/2009 23:00,-Invalid-,-Invalid-,-Invalid-,-Invalid-,-Invalid-,-Invalid-,-Invalid-,-Invalid-,-Invalid-,-Invalid-
6/1/2009 23:10,-Invalid-,-Invalid-,-Invalid-,-Invalid-,-Invalid-,-Invalid-,-Invalid-,-Invalid-,-Invalid-,-Invalid-
6/1/2009 23:20,-Invalid-,-Invalid-,-Invalid-,-Invalid-,-Invalid-,-Invalid-,-Invalid-,-Invalid-,-Invalid-,-Invalid-
6/1/2009 23:30,-Invalid-,-Invalid-,-Invalid-,-Invalid-,-Invalid-,-Invalid-,-Invalid-,-Invalid-,-Invalid-,-Invalid-
6/1/2009 23:40,-Invalid-,-Invalid-,-Invalid-,-Invalid-,-Invalid-,-Invalid-,-Invalid-,-Invalid-,-Invalid-,-Invalid-
6/1/2009 23:50,-Invalid-,-Invalid-,-Invalid-,-Invalid-,-Invalid-,-Invalid-,-Invalid-,-Invalid-,-Invalid-,-Invalid-
6/2/2009 0:00,-Invalid-,-Invalid-,-Invalid-,-Invalid-,-Invalid-,-Invalid-,-Invalid-,-Invalid-,-Invalid-,-Invalid-
6/2/2009 0:10,-Invalid-,-Invalid-,-Invalid-,-Invalid-,-Invalid-,-Invalid-,-Invalid-,-Invalid-,-Invalid-,-Invalid-
6/2/2009 0:20,-Invalid-,-Invalid-,-Invalid-,-Invalid-,-Invalid-,-Invalid-,-Invalid-,-Invalid-,-Invalid-,-Invalid-
6/2/2009 0:30,-Invalid-,-Invalid-,-Invalid-,-Invalid-,-Invalid-,-Invalid-,-Invalid-,-Invalid-,-Invalid-,-Invalid-
6/2/2009 0:40,-Invalid-,-Invalid-,-Invalid-,-Invalid-,-Invalid-,-Invalid-,-Invalid-,-Invalid-,-Invalid-,-Invalid-
6/2/2009 0:50,-Invalid-,-Invalid-,-Invalid-,-Invalid-,-Invalid-,-Invalid-,-Invalid-,-Invalid-,-Invalid-,-Invalid-
6/2/2009 1:00,-Invalid-,-Invalid-,-Invalid-,-Invalid-,-Invalid-,-Invalid-,-Invalid-,-Invalid-,-Invalid-,-Invalid-
6/2/2009 1:10,-Invalid-,-Invalid-,-Invalid-,-Invalid-,-Invalid-,-Invalid-,-Invalid-,-Invalid-,-Invalid-,-Invalid-
6/2/2009 1:20,-Invalid-,-Invalid-,-Invalid-,-Invalid-,-Invalid-,-Invalid-,-Invalid-,-Invalid-,-Invalid-,-Invalid-
6/2/2009 1:30,-Invalid-,-Invalid-,-Invalid-,-Invalid-,-Invalid-,-Invalid-,-Invalid-,-Invalid-,-Invalid-,-Invalid-
6/2/2009 1:40,-Invalid-,-Invalid-,-Invalid-,-Invalid-,-Invalid-,-Invalid-,-Invalid-,-Invalid-,-Invalid-,-Invalid-
6/2/2009 1:50,-Invalid-,-Invalid-,-Invalid-,-Invalid-,-Invalid-,-Invalid-,-Invalid-,-Invalid-,-Invalid-,-Invalid-
6/2/2009 2:00,-Invalid-,-Invalid-,-Invalid-,-Invalid-,-Invalid-,-Invalid-,-Invalid-,-Invalid-,-Invalid-,-Invalid-
6/2/2009 2:10,-Invalid-,-Invalid-,-Invalid-,-Invalid-,-Invalid-,-Invalid-,-Invalid-,-Invalid-,-Invalid-,-Invalid-
6/2/2009 2:20,-Invalid-,-Invalid-,-Invalid-,-Invalid-,-Invalid-,-Invalid-,-Invalid-,-Invalid-,-Invalid-,-Invalid-
6/2/2009 2:30,-Invalid-,-Invalid-,-Invalid-,-Invalid-,-Invalid-,-Invalid-,-Invalid-,-Invalid-,-Invalid-,-Invalid-
6/2/2009 2:40,-Invalid-,-Invalid-,-Invalid-,-Invalid-,-Invalid-,-Invalid-,-Invalid-,-Invalid-,-Invalid-,-Invalid-
6/2/2009 2:50,-Invalid-,-Invalid-,-Invalid-,-Invalid-,-Invalid-,-Invalid-,-Invalid-,-Invalid-,-Invalid-,-Invalid-
6/2/2009 3:00,-Invalid-,-Invalid-,-Invalid-,-Invalid-,-Invalid-,-Invalid-,-Invalid-,-Invalid-,-Invalid-,-Invalid-
6/2/2009 3:10,-Invalid-,-Invalid-,-Invalid-,-Invalid-,-Invalid-,-Invalid-,-Invalid-,-Invalid-,-Invalid-,-Invalid-
6/2/2009 3:20,-Invalid-,-Invalid-,-Invalid-,-Invalid-,-Invalid-,-Invalid-,-Invalid-,-Invalid-,-Invalid-,-Invalid-
6/2/2009 3:30,-Invalid-,-Invalid-,-Invalid-,-Invalid-,-Invalid-,-Invalid-,-Invalid-,-Invalid-,-Invalid-,-Invalid-
6/2/2009 3:40,-Invalid-,-Invalid-,-Invalid-,-Invalid-,-Invalid-,-Invalid-,-Invalid-,-Invalid-,-Invalid-,-Invalid-
6/2/2009 3:50,-Invalid-,-Invalid-,-Invalid-,-Invalid-,-Invalid-,-Invalid-,-Invalid-,-Invalid-,-Invalid-,-Invalid-
6/2/2009 4:00,-Invalid-,-Invalid-,-Invalid-,-Invalid-,-Invalid-,-Invalid-,-Invalid-,-Invalid-,-Invalid-,-Invalid-
6/2/2009 4:10,-Invalid-,-Invalid-,-Invalid-,-Invalid-,-Invalid-,-Invalid-,-Invalid-,-Invalid-,-Invalid-,-Invalid-
6/2/2009 4:20,-Invalid-,-Invalid-,-Invalid-,-Invalid-,-Invalid-,-Invalid-,-Invalid-,-Invalid-,-Invalid-,-Invalid-
6/2/2009 4:30,-Invalid-,-Invalid-,-Invalid-,-Invalid-,-Invalid-,-Invalid-,-Invalid-,-Invalid-,-Invalid-,-Invalid-
6/2/2009 4:40,-Invalid-,-Invalid-,-Invalid-,-Invalid-,-Invalid-,-Invalid-,-Invalid-,-Invalid-,-Invalid-,-Invalid-
6/2/2009 4:50,-Invalid-,-Invalid-,-Invalid-,-Invalid-,-Invalid-,-Invalid-,-Invalid-,-Invalid-,-Invalid-,-Invalid-
6/2/2009 5:00,-Invalid-,-Invalid-,-Invalid-,-Invalid-,-Invalid-,-Invalid-,-Invalid-,-Invalid-,-Invalid-,-Invalid-
6/2/2009 5:10,-Invalid-,-Invalid-,-Invalid-,-Invalid-,-Invalid-,-Invalid-,-Invalid-,-Invalid-,-Invalid-,-Invalid-
6/2/2009 5:20,-Invalid-,-Invalid-,-Invalid-,-Invalid-,-Invalid-,-Invalid-,-Invalid-,-Invalid-,-Invalid-,-Invalid-
6/2/2009 5:30,-Invalid-,-Invalid-,-Invalid-,-Invalid-,-Invalid-,-Invalid-,-Invalid-,-Invalid-,-Invalid-,-Invalid-
6/2/2009 5:40,-Invalid-,-Invalid-,-Invalid-,-Invalid-,-Invalid-,-Invalid-,-Invalid-,-Invalid-,-Invalid-,-Invalid-
6/2/2009 5:50,-Invalid-,-Invalid-,-Invalid-,-Invalid-,-Invalid-,-Invalid-,-Invalid-,-Invalid-,-Invalid-,-Invalid-
6/2/2009 6:00,-Invalid-,-Invalid-,-Invalid-,-Invalid-,-Invalid-,-Invalid-,-Invalid-,-Invalid-,-Invalid-,-Invalid-
6/2/2009 6:10,-Invalid-,-Invalid-,-Invalid-,-Invalid-,-Invalid-,-Invalid-,-Invalid-,-Invalid-,-Invalid-,-Invalid-
6/2/2009 6:20,-Invalid-,-Invalid-,-Invalid-,-Invalid-,-Invalid-,-Invalid-,-Invalid-,-Invalid-,-Invalid-,-Invalid-
6/2/2009 6:30,-Invalid-,-Invalid-,-Invalid-,-Invalid-,-Invalid-,-Invalid-,-Invalid-,-Invalid-,-Invalid-,-Invalid-
6/2/2009 6:40,-Invalid-,-Invalid-,-Invalid-,-Invalid-,-Invalid-,-Invalid-,-Invalid-,-Invalid-,-Invalid-,-Invalid-
6/2/2009 6:50,-Invalid-,-Invalid-,-Invalid-,-Invalid-,-Invalid-,-Invalid-,-Invalid-,-Invalid-,-Invalid-,-Invalid-
6/2/2009 7:00,-Invalid-,-Invalid-,-Invalid-,-Invalid-,-Invalid-,-Invalid-,-Invalid-,-Invalid-,-Invalid-,-Invalid-
6/2/2009 7:10,-Invalid-,-Invalid-,-Invalid-,-Invalid-,-Invalid-,-Invalid-,-Invalid-,-Invalid-,-Invalid-,-Invalid-
6/2/2009 7:20,-Invalid-,-Invalid-,-Invalid-,-Invalid-,-Invalid-,-Invalid-,-Invalid-,-Invalid-,-Invalid-,-Invalid-
6/2/2009 7:30,-Invalid-,-Invalid-,-Invalid-,-Invalid-,-Invalid-,-Invalid-,-Invalid-,-Invalid-,-Invalid-,-Invalid-
6/2/2009 7:40,-Invalid-,-Invalid-,-Invalid-,-Invalid-,-Invalid-,-Invalid-,-Invalid-,-Invalid-,-Invalid-,-Invalid-
6/2/2009 7:50,-Invalid-,-Invalid-,-Invalid-,-Invalid-,-Invalid-,-Invalid-,-Invalid-,-Invalid-,-Invalid-,-Invalid-
6/2/2009 8:00,-Invalid-,-Invalid-,-Invalid-,-Invalid-,-Invalid-,-Invalid-,-Invalid-,-Invalid-,-Invalid-,-Invalid-
6/2/2009 8:10,-Invalid-,-Invalid-,-Invalid-,-Invalid-,-Invalid-,-Invalid-,-Invalid-,-Invalid-,-Invalid-,-Invalid-
6/2/2009 8:20,-Invalid-,-Invalid-,-Invalid-,-Invalid-,-Invalid-,-Invalid-,-Invalid-,-Invalid-,-Invalid-,-Invalid-
6/2/2009 8:30,-Invalid-,-Invalid-,-Invalid-,-Invalid-,-Invalid-,-Invalid-,-Invalid-,-Invalid-,-Invalid-,-Invalid-
6/2/2009 8:40,-Invalid-,-Invalid-,-Invalid-,-Invalid-,-Invalid-,-Invalid-,-Invalid-,-Invalid-,-Invalid-,-Invalid-
6/2/2009 8:50,-Invalid-,-Invalid-,-Invalid-,-Invalid-,-Invalid-,-Invalid-,-Invalid-,-Invalid-,-Invalid-,-Invalid-
6/2/2009 9:00,-Invalid-,-Invalid-,-Invalid-,-Invalid-,-Invalid-,-Invalid-,-Invalid-,-Invalid-,-Invalid-,-Invalid-
6/2/2009 9:10,-Invalid-,-Invalid-,-Invalid-,-Invalid-,-Invalid-,-Invalid-,-Invalid-,-Invalid-,-Invalid-,-Invalid-
6/2/2009 9:20,-Invalid-,-Invalid-,-Invalid-,-Invalid-,-Invalid-,-Invalid-,-Invalid-,-Invalid-,-Invalid-,-Invalid-
6/2/2009 9:30,-Invalid-,-Invalid-,-Invalid-,-Invalid-,-Invalid-,-Invalid-,-Invalid-,-Invalid-,-Invalid-,-Invalid-
6/2/2009 9:40,-Invalid-,-Invalid-,-Invalid-,-Invalid-,-Invalid-,-Invalid-,-Invalid-,-Invalid-,-Invalid-,-Invalid-
6/2/2009 9:50,-Invalid-,-Invalid-,-Invalid-,-Invalid-,-Invalid-,-Invalid-,-Invalid-,-Invalid-,-Invalid-,-Invalid-
6/2/2009 10:00,-Invalid-,-Invalid-,-Invalid-,-Invalid-,-Invalid-,-Invalid-,-Invalid-,-Invalid-,-Invalid-,-Invalid-
6/2/2009 10:10,-Invalid-,-Invalid-,-Invalid-,-Invalid-,-Invalid-,-Invalid-,-Invalid-,-Invalid-,-Invalid-,-Invalid-
6/2/2009 10:20,-Invalid-,-Invalid-,-Invalid-,-Invalid-,-Invalid-,-Invalid-,-Invalid-,-Invalid-,-Invalid-,-Invalid-
6/2/2009 10:30,-Invalid-,-Invalid-,-Invalid-,-Invalid-,-Invalid-,-Invalid-,-Invalid-,-Invalid-,-Invalid-,-Invalid-
6/2/2009 10:40,-Invalid-,-Invalid-,-Invalid-,-Invalid-,-Invalid-,-Invalid-,-Invalid-,-Invalid-,-Invalid-,-Invalid-
6/2/2009 10:50,-Invalid-,-Invalid-,-Invalid-,-Invalid-,-Invalid-,-Invalid-,-Invalid-,-Invalid-,-Invalid-,-Invalid-
6/2/2009 11:00,-Invalid-,-Invalid-,-Invalid-,-Invalid-,-Invalid-,-Invalid-,-Invalid-,-Invalid-,-Invalid-,-Invalid-
6/2/2009 11:10,-Invalid-,-Invalid-,-Invalid-,-Invalid-,-Invalid-,-Invalid-,-Invalid-,-Invalid-,-Invalid-,-Invalid-
6/2/2009 11:20,-Invalid-,-Invalid-,-Invalid-,-Invalid-,-Invalid-,-Invalid-,-Invalid-,-Invalid-,-Invalid-,-Invalid-
6/2/2009 11:30,-Invalid-,-Invalid-,-Invalid-,-Invalid-,-Invalid-,-Invalid-,-Invalid-,-Invalid-,-Invalid-,-Invalid-
6/2/2009 11:40,-Invalid-,-Invalid-,-Invalid-,-Invalid-,-Invalid-,-Invalid-,-Invalid-,-Invalid-,-Invalid-,-Invalid-
6/2/2009 11:50,-Invalid-,-Invalid-,-Invalid-,-Invalid-,-Invalid-,-Invalid-,-Invalid-,-Invalid-,-Invalid-,-Invalid-
6/2/2009 12:00,-Invalid-,-Invalid-,-Invalid-,-Invalid-,-Invalid-,-Invalid-,-Invalid-,-Invalid-,-Invalid-,-Invalid-
6/2/2009 12:10,-Invalid-,-Invalid-,-Invalid-,-Invalid-,-Invalid-,-Invalid-,-Invalid-,-Invalid-,-Invalid-,-Invalid-
6/2/2009 12:20,-Invalid-,-Invalid-,-Invalid-,-Invalid-,-Invalid-,-Invalid-,-Invalid-,-Invalid-,-Invalid-,-Invalid-
6/2/2009 12:30,-Invalid-,-Invalid-,-Invalid-,-Invalid-,-Invalid-,-Invalid-,-Invalid-,-Invalid-,-Invalid-,-Invalid-
6/2/2009 12:40,-Invalid-,-Invalid-,-Invalid-,-Invalid-,-Invalid-,-Invalid-,-Invalid-,-Invalid-,-Invalid-,-Invalid-
6/2/2009 12:50,-Invalid-,-Invalid-,-Invalid-,-Invalid-,-Invalid-,-Invalid-,-Invalid-,-Invalid-,-Invalid-,-Invalid-
6/2/2009 13:00,-Invalid-,-Invalid-,-Invalid-,-Invalid-,-Invalid-,-Invalid-,-Invalid-,-Invalid-,-Invalid-,-Invalid-
6/2/2009 13:10,-Invalid-,-Invalid-,-Invalid-,-Invalid-,-Invalid-,-Invalid-,-Invalid-,-Invalid-,-Invalid-,-Invalid-
6/2/2009 13:20,-Invalid-,-Invalid-,-Invalid-,-Invalid-,-Invalid-,-Invalid-,-Invalid-,-Invalid-,-Invalid-,-Invalid-
6/2/2009 13:30,-Invalid-,-Invalid-,-Invalid-,-Invalid-,-Invalid-,-Invalid-,-Invalid-,-Invalid-,-Invalid-,-Invalid-
6/2/2009 13:40,-Invalid-,-Invalid-,-Invalid-,-Invalid-,-Invalid-,-Invalid-,-Invalid-,-Invalid-,-Invalid-,-Invalid-
6/2/2009 13:50,-Invalid-,-Invalid-,-Invalid-,-Invalid-,-Invalid-,-Invalid-,-Invalid-,-Invalid-,-Invalid-,-Invalid-
6/2/2009 14:00,-Invalid-,-Invalid-,-Invalid-,-Invalid-,-Invalid-,-Invalid-,-Invalid-,-Invalid-,-Invalid-,-Invalid-
6/2/2009 14:10,-Invalid-,-Invalid-,-Invalid-,-Invalid-,-Invalid-,-Invalid-,-Invalid-,-Invalid-,-Invalid-,-Invalid-
6/2/2009 14:20,-Invalid-,-Invalid-,-Invalid-,-Invalid-,-Invalid-,-Invalid-,-Invalid-,-Invalid-,-Invalid-,-Invalid-
6/2/2009 14:30,-Invalid-,-Invalid-,-Invalid-,-Invalid-,-Invalid-,-Invalid-,-Invalid-,-Invalid-,-Invalid-,-Invalid-
6/2/2009 14:40,-Invalid-,-Invalid-,-Invalid-,-Invalid-,-Invalid-,-Invalid-,-Invalid-,-Invalid-,-Invalid-,-Invalid-
6/2/2009 14:50,-Invalid-,-Invalid-,-Invalid-,-Invalid-,-Invalid-,-Invalid-,-Invalid-,-Invalid-,-Invalid-,-Invalid-
6/2/2009 15:00,-Invalid-,-Invalid-,-Invalid-,-Invalid-,-Invalid-,-Invalid-,-Invalid-,-Invalid-,-Invalid-,-Invalid-
6/2/2009 15:10,-Invalid-,-Invalid-,-Invalid-,-Invalid-,-Invalid-,-Invalid-,-Invalid-,-Invalid-,-Invalid-,-Invalid-
6/2/2009 15:20,-Invalid-,-Invalid-,-Invalid-,-Invalid-,-Invalid-,-Invalid-,-Invalid-,-Invalid-,-Invalid-,-Invalid-
6/2/2009 15:30,-Invalid-,-Invalid-,-Invalid-,-Invalid-,-Invalid-,-Invalid-,-Invalid-,-Invalid-,-Invalid-,-Invalid-
6/2/2009 15:40,-Invalid-,-Invalid-,-Invalid-,-Invalid-,-Invalid-,-Invalid-,-Invalid-,-Invalid-,-Invalid-,-Invalid-
6/2/2009 15:50,-Invalid-,-Invalid-,-Invalid-,-Invalid-,-Invalid-,-Invalid-,-Invalid-,-Invalid-,-Invalid-,-Invalid-
6/2/2009 16:00,-Invalid-,-Invalid-,-Invalid-,-Invalid-,-Invalid-,-Invalid-,-Invalid-,-Invalid-,-Invalid-,-Invalid-
6/2/2009 16:10,-Invalid-,-Invalid-,-Invalid-,-Invalid-,-Invalid-,-Invalid-,-Invalid-,-Invalid-,-Invalid-,-Invalid-
6/2/2009 16:20,-Invalid-,-Invalid-,-Invalid-,-Invalid-,-Invalid-,-Invalid-,-Invalid-,-Invalid-,-Invalid-,-Invalid-
6/2/2009 16:30,-Invalid-,-Invalid-,-Invalid-,-Invalid-,-Invalid-,-Invalid-,-Invalid-,-Invalid-,-Invalid-,-Invalid-
6/2/2009 16:40,-Invalid-,-Invalid-,-Invalid-,-Invalid-,-Invalid-,-Invalid-,-Invalid-,-Invalid-,-Invalid-,-Invalid-
6/2/2009 16:50,-Invalid-,-Invalid-,-Invalid-,-Invalid-,-Invalid-,-Invalid-,-Invalid-,-Invalid-,-Invalid-,-Invalid-
6/2/2009 17:00,-Invalid-,-Invalid-,-Invalid-,-Invalid-,-Invalid-,-Invalid-,-Invalid-,-Invalid-,-Invalid-,-Invalid-
6/2/2009 17:10,-Invalid-,-Invalid-,-Invalid-,-Invalid-,-Invalid-,-Invalid-,-Invalid-,-Invalid-,-Invalid-,-Invalid-
6/2/2009 17:20,-Invalid-,-Invalid-,-Invalid-,-Invalid-,-Invalid-,-Invalid-,-Invalid-,-Invalid-,-Invalid-,-Invalid-
6/2/2009 17:30,-Invalid-,-Invalid-,-Invalid-,-Invalid-,-Invalid-,-Invalid-,-Invalid-,-Invalid-,-Invalid-,-Invalid-
6/2/2009 17:40,-Invalid-,-Invalid-,-Invalid-,-Invalid-,-Invalid-,-Invalid-,-Invalid-,-Invalid-,-Invalid-,-Invalid-
6/2/2009 17:50,-Invalid-,-Invalid-,-Invalid-,-Invalid-,-Invalid-,-Invalid-,-Invalid-,-Invalid-,-Invalid-,-Invalid-
6/2/2009 18:00,-Invalid-,-Invalid-,-Invalid-,-Invalid-,-Invalid-,-Invalid-,-Invalid-,-Invalid-,-Invalid-,-Invalid-
6/2/2009 18:10,-Invalid-,-Invalid-,-Invalid-,-Invalid-,-Invalid-,-Invalid-,-Invalid-,-Invalid-,-Invalid-,-Invalid-
6/2/2009 18:20,-Invalid-,-Invalid-,-Invalid-,-Invalid-,-Invalid-,-Invalid-,-Invalid-,-Invalid-,-Invalid-,-Invalid-
6/2/2009 18:30,-Invalid-,-Invalid-,-Invalid-,-Invalid-,-Invalid-,-Invalid-,-Invalid-,-Invalid-,-Invalid-,-Invalid-
6/2/2009 18:40,-Invalid-,-Invalid-,-Invalid-,-Invalid-,-Invalid-,-Invalid-,-Invalid-,-Invalid-,-Invalid-,-Invalid-
6/2/2009 18:50,-Invalid-,-Invalid-,-Invalid-,-Invalid-,-Invalid-,-Invalid-,-Invalid-,-Invalid-,-Invalid-,-Invalid-
6/2/2009 19:00,-Invalid-,-Invalid-,-Invalid-,-Invalid-,-Invalid-,-Invalid-,-Invalid-,-Invalid-,-Invalid-,-Invalid-
6/2/2009 19:10,-Invalid-,-Invalid-,-Invalid-,-Invalid-,-Invalid-,-Invalid-,-Invalid-,-Invalid-,-Invalid-,-Invalid-
6/2/2009 19:20,-Invalid-,-Invalid-,-Invalid-,-Invalid-,-Invalid-,-Invalid-,-Invalid-,-Invalid-,-Invalid-,-Invalid-
6/2/2009 19:30,-Invalid-,-Invalid-,-Invalid-,-Invalid-,-Invalid-,-Invalid-,-Invalid-,-Invalid-,-Invalid-,-Invalid-
6/2/2009 19:40,-Invalid-,-Invalid-,-Invalid-,-Invalid-,-Invalid-,-Invalid-,-Invalid-,-Invalid-,-Invalid-,-Invalid-
6/2/2009 19:50,-Invalid-,-Invalid-,-Invalid-,-Invalid-,-Invalid-,-Invalid-,-Invalid-,-Invalid-,-Invalid-,-Invalid-
6/2/2009 20:00,-Invalid-,-Invalid-,-Invalid-,-Invalid-,-Invalid-,-Invalid-,-Invalid-,-Invalid-,-Invalid-,-Invalid-
6/2/2009 20:10,-Invalid-,-Invalid-,-Invalid-,-Invalid-,-Invalid-,-Invalid-,-Invalid-,-Invalid-,-Invalid-,-Invalid-
6/2/2009 20:20,-Invalid-,-Invalid-,-Invalid-,-Invalid-,-Invalid-,-Invalid-,-Invalid-,-Invalid-,-Invalid-,-Invalid-
6/2/2009 20:30,-Invalid-,-Invalid-,-Invalid-,-Invalid-,-Invalid-,-Invalid-,-Invalid-,-Invalid-,-Invalid-,-Invalid-
6/2/2009 20:40,-Invalid-,-Invalid-,-Invalid-,-Invalid-,-Invalid-,-Invalid-,-Invalid-,-Invalid-,-Invalid-,-Invalid-
6/2/2009 20:50,-Invalid-,-Invalid-,-Invalid-,-Invalid-,-Invalid-,-Invalid-,-Invalid-,-Invalid-,-Invalid-,-Invalid-
6/2/2009 21:00,-Invalid-,-Invalid-,-Invalid-,-Invalid-,-Invalid-,-Invalid-,-Invalid-,-Invalid-,-Invalid-,-Invalid-
6/2/2009 21:10,-Invalid-,-Invalid-,-Invalid-,-Invalid-,-Invalid-,-Invalid-,-Invalid-,-Invalid-,-Invalid-,-Invalid-
6/2/2009 21:20,-Invalid-,-Invalid-,-Invalid-,-Invalid-,-Invalid-,-Invalid-,-Invalid-,-Invalid-,-Invalid-,-Invalid-
6/2/2009 21:30,-Invalid-,-Invalid-,-Invalid-,-Invalid-,-Invalid-,-Invalid-,-Invalid-,-Invalid-,-Invalid-,-Invalid-
6/2/2009 21:40,-Invalid-,-Invalid-,-Invalid-,-Invalid-,-Invalid-,-Invalid-,-Invalid-,-Invalid-,-Invalid-,-Invalid-
6/2/2009 21:50,-Invalid-,-Invalid-,-Invalid-,-Invalid-,-Invalid-,-Invalid-,-Invalid-,-Invalid-,-Invalid-,-Invalid-
6/2/2009 22:00,-Invalid-,-Invalid-,-Invalid-,-Invalid-,-Invalid-,-Invalid-,-Invalid-,-Invalid-,-Invalid-,-Invalid-
6/2/2009 22:10,-Invalid-,-Invalid-,-Invalid-,-Invalid-,-Invalid-,-Invalid-,-Invalid-,-Invalid-,-Invalid-,-Invalid-
6/2/2009 22:20,-Invalid-,-Invalid-,-Invalid-,-Invalid-,-Invalid-,-Invalid-,-Invalid-,-Invalid-,-Invalid-,-Invalid-
6/2/2009 22:30,-Invalid-,-Invalid-,-Invalid-,-Invalid-,-Invalid-,-Invalid-,-Invalid-,-Invalid-,-Invalid-,-Invalid-
6/2/2009 22:40,-Invalid-,-Invalid-,-Invalid-,-Invalid-,-Invalid-,-Invalid-,-Invalid-,-Invalid-,-Invalid-,-Invalid-
6/2/2009 22:50,-Invalid-,-Invalid-,-Invalid-,-Invalid-,-Invalid-,-Invalid-,-Invalid-,-Invalid-,-Invalid-,-Invalid-
6/2/2009 23:00,-Invalid-,-Invalid-,-Invalid-,-Invalid-,-Invalid-,-Invalid-,-Invalid-,-Invalid-,-Invalid-,-Invalid-
6/2/2009 23:10,-Invalid-,-Invalid-,-Invalid-,-Invalid-,-Invalid-,-Invalid-,-Invalid-,-Invalid-,-Invalid-,-Invalid-
6/2/2009 23:20,-Invalid-,-Invalid-,-Invalid-,-Invalid-,-Invalid-,-Invalid-,-Invalid-,-Invalid-,-Invalid-,-Invalid-
6/2/2009 23:30,-Invalid-,-Invalid-,-Invalid-,-Invalid-,-Invalid-,-Invalid-,-Invalid-,-Invalid-,-Invalid-,-Invalid-
6/2/2009 23:40,-Invalid-,-Invalid-,-Invalid-,-Invalid-,-Invalid-,-Invalid-,-Invalid-,-Invalid-,-Invalid-,-Invalid-
6/2/2009 23:50,-Invalid-,-Invalid-,-Invalid-,-Invalid-,-Invalid-,-Invalid-,-Invalid-,-Invalid-,-Invalid-,-Invalid-
6/3/2009 0:00,-Invalid-,-Invalid-,-Invalid-,-Invalid-,-Invalid-,-Invalid-,-Invalid-,-Invalid-,-Invalid-,-Invalid-
6/3/2009 0:10,-Invalid-,-Invalid-,-Invalid-,-Invalid-,-Invalid-,-Invalid-,-Invalid-,-Invalid-,-Invalid-,-Invalid-
6/3/2009 0:20,-Invalid-,-Invalid-,-Invalid-,-Invalid-,-Invalid-,-Invalid-,-Invalid-,-Invalid-,-Invalid-,-Invalid-
6/3/2009 0:30,-Invalid-,-Invalid-,-Invalid-,-Invalid-,-Invalid-,-Invalid-,-Invalid-,-Invalid-,-Invalid-,-Invalid-
6/3/2009 0:40,-Invalid-,-Invalid-,-Invalid-,-Invalid-,-Invalid-,-Invalid-,-Invalid-,-Invalid-,-Invalid-,-Invalid-
6/3/2009 0:50,-Invalid-,-Invalid-,-Invalid-,-Invalid-,-Invalid-,-Invalid-,-Invalid-,-Invalid-,-Invalid-,-Invalid-
6/3/2009 1:00,-Invalid-,-Invalid-,-Invalid-,-Invalid-,-Invalid-,-Invalid-,-Invalid-,-Invalid-,-Invalid-,-Invalid-
6/3/2009 1:10,-Invalid-,-Invalid-,-Invalid-,-Invalid-,-Invalid-,-Invalid-,-Invalid-,-Invalid-,-Invalid-,-Invalid-
6/3/2009 1:20,-Invalid-,-Invalid-,-Invalid-,-Invalid-,-Invalid-,-Invalid-,-Invalid-,-Invalid-,-Invalid-,-Invalid-
6/3/2009 1:30,-Invalid-,-Invalid-,-Invalid-,-Invalid-,-Invalid-,-Invalid-,-Invalid-,-Invalid-,-Invalid-,-Invalid-
6/3/2009 1:40,-Invalid-,-Invalid-,-Invalid-,-Invalid-,-Invalid-,-Invalid-,-Invalid-,-Invalid-,-Invalid-,-Invalid-
6/3/2009 1:50,-Invalid-,-Invalid-,-Invalid-,-Invalid-,-Invalid-,-Invalid-,-Invalid-,-Invalid-,-Invalid-,-Invalid-
6/3/2009 2:00,-Invalid-,-Invalid-,-Invalid-,-Invalid-,-Invalid-,-Invalid-,-Invalid-,-Invalid-,-Invalid-,-Invalid-
6/3/2009 2:10,-Invalid-,-Invalid-,-Invalid-,-Invalid-,-Invalid-,-Invalid-,-Invalid-,-Invalid-,-Invalid-,-Invalid-
6/3/2009 2:20,-Invalid-,-Invalid-,-Invalid-,-Invalid-,-Invalid-,-Invalid-,-Invalid-,-Invalid-,-Invalid-,-Invalid-
6/3/2009 2:30,-Invalid-,-Invalid-,-Invalid-,-Invalid-,-Invalid-,-Invalid-,-Invalid-,-Invalid-,-Invalid-,-Invalid-
6/3/2009 2:40,-Invalid-,-Invalid-,-Invalid-,-Invalid-,-Invalid-,-Invalid-,-Invalid-,-Invalid-,-Invalid-,-Invalid-
6/3/2009 2:50,-Invalid-,-Invalid-,-Invalid-,-Invalid-,-Invalid-,-Invalid-,-Invalid-,-Invalid-,-Invalid-,-Invalid-
6/3/2009 3:00,-Invalid-,-Invalid-,-Invalid-,-Invalid-,-Invalid-,-Invalid-,-Invalid-,-Invalid-,-Invalid-,-Invalid-
6/3/2009 3:10,-Invalid-,-Invalid-,-Invalid-,-Invalid-,-Invalid-,-Invalid-,-Invalid-,-Invalid-,-Invalid-,-Invalid-
6/3/2009 3:20,-Invalid-,-Invalid-,-Invalid-,-Invalid-,-Invalid-,-Invalid-,-Invalid-,-Invalid-,-Invalid-,-Invalid-
6/3/2009 3:30,-Invalid-,-Invalid-,-Invalid-,-Invalid-,-Invalid-,-Invalid-,-Invalid-,-Invalid-,-Invalid-,-Invalid-
6/3/2009 3:40,-Invalid-,-Invalid-,-Invalid-,-Invalid-,-Invalid-,-Invalid-,-Invalid-,-Invalid-,-Invalid-,-Invalid-
6/3/2009 3:50,-Invalid-,-Invalid-,-Invalid-,-Invalid-,-Invalid-,-Invalid-,-Invalid-,-Invalid-,-Invalid-,-Invalid-
6/3/2009 4:00,-Invalid-,-Invalid-,-Invalid-,-Invalid-,-Invalid-,-Invalid-,-Invalid-,-Invalid-,-Invalid-,-Invalid-
6/3/2009 4:10,-Invalid-,-Invalid-,-Invalid-,-Invalid-,-Invalid-,-Invalid-,-Invalid-,-Invalid-,-Invalid-,-Invalid-
6/3/2009 4:20,-Invalid-,-Invalid-,-Invalid-,-Invalid-,-Invalid-,-Invalid-,-Invalid-,-Invalid-,-Invalid-,-Invalid-
6/3/2009 4:30,-Invalid-,-Invalid-,-Invalid-,-Invalid-,-Invalid-,-Invalid-,-Invalid-,-Invalid-,-Invalid-,-Invalid-
6/3/2009 4:40,-Invalid-,-Invalid-,-Invalid-,-Invalid-,-Invalid-,-Invalid-,-Invalid-,-Invalid-,-Invalid-,-Invalid-
6/3/2009 4:50,-Invalid-,-Invalid-,-Invalid-,-Invalid-,-Invalid-,-Invalid-,-Invalid-,-Invalid-,-Invalid-,-Invalid-
6/3/2009 5:00,-Invalid-,-Invalid-,-Invalid-,-Invalid-,-Invalid-,-Invalid-,-Invalid-,-Invalid-,-Invalid-,-Invalid-
6/3/2009 5:10,-Invalid-,-Invalid-,-Invalid-,-Invalid-,-Invalid-,-Invalid-,-Invalid-,-Invalid-,-Invalid-,-Invalid-
6/3/2009 5:20,-Invalid-,-Invalid-,-Invalid-,-Invalid-,-Invalid-,-Invalid-,-Invalid-,-Invalid-,-Invalid-,-Invalid-
6/3/2009 5:30,-Invalid-,-Invalid-,-Invalid-,-Invalid-,-Invalid-,-Invalid-,-Invalid-,-Invalid-,-Invalid-,-Invalid-
6/3/2009 5:40,-Invalid-,-Invalid-,-Invalid-,-Invalid-,-Invalid-,-Invalid-,-Invalid-,-Invalid-,-Invalid-,-Invalid-
6/3/2009 5:50,-Invalid-,-Invalid-,-Invalid-,-Invalid-,-Invalid-,-Invalid-,-Invalid-,-Invalid-,-Invalid-,-Invalid-
6/3/2009 6:00,-Invalid-,-Invalid-,-Invalid-,-Invalid-,-Invalid-,-Invalid-,-Invalid-,-Invalid-,-Invalid-,-Invalid-
6/3/2009 6:10,-Invalid-,-Invalid-,-Invalid-,-Invalid-,-Invalid-,-Invalid-,-Invalid-,-Invalid-,-Invalid-,-Invalid-
6/3/2009 6:20,-Invalid-,-Invalid-,-Invalid-,-Invalid-,-Invalid-,-Invalid-,-Invalid-,-Invalid-,-Invalid-,-Invalid-
6/3/2009 6:30,-Invalid-,-Invalid-,-Invalid-,-Invalid-,-Invalid-,-Invalid-,-Invalid-,-Invalid-,-Invalid-,-Invalid-
6/3/2009 6:40,-Invalid-,-Invalid-,-Invalid-,-Invalid-,-Invalid-,-Invalid-,-Invalid-,-Invalid-,-Invalid-,-Invalid-
6/3/2009 6:50,-Invalid-,-Invalid-,-Invalid-,-Invalid-,-Invalid-,-Invalid-,-Invalid-,-Invalid-,-Invalid-,-Invalid-
6/3/2009 7:00,-Invalid-,-Invalid-,-Invalid-,-Invalid-,-Invalid-,-Invalid-,-Invalid-,-Invalid-,-Invalid-,-Invalid-
6/3/2009 7:10,-Invalid-,-Invalid-,-Invalid-,-Invalid-,-Invalid-,-Invalid-,-Invalid-,-Invalid-,-Invalid-,-Invalid-
6/3/2009 7:20,-Invalid-,-Invalid-,-Invalid-,-Invalid-,-Invalid-,-Invalid-,-Invalid-,-Invalid-,-Invalid-,-Invalid-
6/3/2009 7:30,-Invalid-,-Invalid-,-Invalid-,-Invalid-,-Invalid-,-Invalid-,-Invalid-,-Invalid-,-Invalid-,-Invalid-
6/3/2009 7:40,-Invalid-,-Invalid-,-Invalid-,-Invalid-,-Invalid-,-Invalid-,-Invalid-,-Invalid-,-Invalid-,-Invalid-
6/3/2009 7:50,-Invalid-,-Invalid-,-Invalid-,-Invalid-,-Invalid-,-Invalid-,-Invalid-,-Invalid-,-Invalid-,-Invalid-
6/3/2009 8:00,-Invalid-,-Invalid-,-Invalid-,-Invalid-,-Invalid-,-Invalid-,-Invalid-,-Invalid-,-Invalid-,-Invalid-
6/3/2009 8:10,-Invalid-,-Invalid-,-Invalid-,-Invalid-,-Invalid-,-Invalid-,-Invalid-,-Invalid-,-Invalid-,-Invalid-
6/3/2009 8:20,-Invalid-,-Invalid-,-Invalid-,-Invalid-,-Invalid-,-Invalid-,-Invalid-,-Invalid-,-Invalid-,-Invalid-
6/3/2009 8:30,-Invalid-,-Invalid-,-Invalid-,-Invalid-,-Invalid-,-Invalid-,-Invalid-,-Invalid-,-Invalid-,-Invalid-
6/3/2009 8:40,-Invalid-,-Invalid-,-Invalid-,-Invalid-,-Invalid-,-Invalid-,-Invalid-,-Invalid-,-Invalid-,-Invalid-
6/3/2009 8:50,-Invalid-,-Invalid-,-Invalid-,-Invalid-,-Invalid-,-Invalid-,-Invalid-,-Invalid-,-Invalid-,-Invalid-
6/3/2009 9:00,-Invalid-,-Invalid-,-Invalid-,-Invalid-,-Invalid-,-Invalid-,-Invalid-,-Invalid-,-Invalid-,-Invalid-
6/3/2009 9:10,-Invalid-,-Invalid-,-Invalid-,-Invalid-,-Invalid-,-Invalid-,-Invalid-,-Invalid-,-Invalid-,-Invalid-
6/3/2009 9:20,-Invalid-,-Invalid-,-Invalid-,-Invalid-,-Invalid-,-Invalid-,-Invalid-,-Invalid-,-Invalid-,-Invalid-
6/3/2009 9:30,-Invalid-,-Invalid-,-Invalid-,-Invalid-,-Invalid-,-Invalid-,-Invalid-,-Invalid-,-Invalid-,-Invalid-
6/3/2009 9:40,-Invalid-,-Invalid-,-Invalid-,-Invalid-,-Invalid-,-Invalid-,-Invalid-,-Invalid-,-Invalid-,-Invalid-
6/3/2009 9:50,-Invalid-,-Invalid-,-Invalid-,-Invalid-,-Invalid-,-Invalid-,-Invalid-,-Invalid-,-Invalid-,-Invalid-
6/3/2009 10:00,-Invalid-,-Invalid-,-Invalid-,-Invalid-,-Invalid-,-Invalid-,-Invalid-,-Invalid-,-Invalid-,-Invalid-
6/3/2009 10:10,-Invalid-,-Invalid-,-Invalid-,-Invalid-,-Invalid-,-Invalid-,-Invalid-,-Invalid-,-Invalid-,-Invalid-
6/3/2009 10:20,-Invalid-,-Invalid-,-Invalid-,-Invalid-,-Invalid-,-Invalid-,-Invalid-,-Invalid-,-Invalid-,-Invalid-
6/3/2009 10:30,-Invalid-,-Invalid-,-Invalid-,-Invalid-,-Invalid-,-Invalid-,-Invalid-,-Invalid-,-Invalid-,-Invalid-
6/3/2009 10:40,-Invalid-,-Invalid-,-Invalid-,-Invalid-,-Invalid-,-Invalid-,-Invalid-,-Invalid-,-Invalid-,-Invalid-
6/3/2009 10:50,-Invalid-,-Invalid-,-Invalid-,-Invalid-,-Invalid-,-Invalid-,-Invalid-,-Invalid-,-Invalid-,-Invalid-
6/3/2009 11:00,-Invalid-,-Invalid-,-Invalid-,-Invalid-,-Invalid-,-Invalid-,-Invalid-,-Invalid-,-Invalid-,-Invalid-
6/3/2009 11:10,-Invalid-,-Invalid-,-Invalid-,-Invalid-,-Invalid-,-Invalid-,-Invalid-,-Invalid-,-Invalid-,-Invalid-
6/3/2009 11:20,-Invalid-,-Invalid-,-Invalid-,-Invalid-,-Invalid-,-Invalid-,-Invalid-,-Invalid-,-Invalid-,-Invalid-
6/3/2009 11:30,-Invalid-,-Invalid-,-Invalid-,-Invalid-,-Invalid-,-Invalid-,-Invalid-,-Invalid-,-Invalid-,-Invalid-
6/3/2009 11:40,-Invalid-,-Invalid-,-Invalid-,-Invalid-,-Invalid-,-Invalid-,-Invalid-,-Invalid-,-Invalid-,-Invalid-
6/3/2009 11:50,-Invalid-,-Invalid-,-Invalid-,-Invalid-,-Invalid-,-Invalid-,-Invalid-,-Invalid-,-Invalid-,-Invalid-
6/3/2009 12:00,-Invalid-,-Invalid-,-Invalid-,-Invalid-,-Invalid-,-Invalid-,-Invalid-,-Invalid-,-Invalid-,-Invalid-
6/3/2009 12:10,-Invalid-,-Invalid-,-Invalid-,-Invalid-,-Invalid-,-Invalid-,-Invalid-,-Invalid-,-Invalid-,-Invalid-
6/3/2009 12:20,-Invalid-,-Invalid-,-Invalid-,-Invalid-,-Invalid-,-Invalid-,-Invalid-,-Invalid-,-Invalid-,-Invalid-
6/3/2009 12:30,-Invalid-,-Invalid-,-Invalid-,-Invalid-,-Invalid-,-Invalid-,-Invalid-,-Invalid-,-Invalid-,-Invalid-
6/3/2009 12:40,-Invalid-,-Invalid-,-Invalid-,-Invalid-,-Invalid-,-Invalid-,-Invalid-,-Invalid-,-Invalid-,-Invalid-
6/3/2009 12:50,-Invalid-,-Invalid-,-Invalid-,-Invalid-,-Invalid-,-Invalid-,-Invalid-,-Invalid-,-Invalid-,-Invalid-
6/3/2009 13:00,-Invalid-,-Invalid-,-Invalid-,-Invalid-,-Invalid-,-Invalid-,-Invalid-,-Invalid-,-Invalid-,-Invalid-
6/3/2009 13:10,-Invalid-,-Invalid-,-Invalid-,-Invalid-,-Invalid-,-Invalid-,-Invalid-,-Invalid-,-Invalid-,-Invalid-
6/3/2009 13:20,-Invalid-,-Invalid-,-Invalid-,-Invalid-,-Invalid-,-Invalid-,-Invalid-,-Invalid-,-Invalid-,-Invalid-
6/3/2009 13:30,-Invalid-,-Invalid-,-Invalid-,-Invalid-,-Invalid-,-Invalid-,-Invalid-,-Invalid-,-Invalid-,-Invalid-
6/3/2009 13:40,-Invalid-,-Invalid-,-Invalid-,-Invalid-,-Invalid-,-Invalid-,-Invalid-,-Invalid-,-Invalid-,-Invalid-
6/3/2009 13:50,-Invalid-,-Invalid-,-Invalid-,-Invalid-,-Invalid-,-Invalid-,-Invalid-,-Invalid-,-Invalid-,-Invalid-
6/3/2009 14:00,-Invalid-,-Invalid-,-Invalid-,-Invalid-,-Invalid-,-Invalid-,-Invalid-,-Invalid-,-Invalid-,-Invalid-
6/3/2009 14:10,-Invalid-,-Invalid-,-Invalid-,-Invalid-,-Invalid-,-Invalid-,-Invalid-,-Invalid-,-Invalid-,-Invalid-
6/3/2009 14:20,-Invalid-,-Invalid-,-Invalid-,-Invalid-,-Invalid-,-Invalid-,-Invalid-,-Invalid-,-Invalid-,-Invalid-
6/3/2009 14:30,-Invalid-,-Invalid-,-Invalid-,-Invalid-,-Invalid-,-Invalid-,-Invalid-,-Invalid-,-Invalid-,-Invalid-
6/3/2009 14:40,-Invalid-,-Invalid-,-Invalid-,-Invalid-,-Invalid-,-Invalid-,-Invalid-,-Invalid-,-Invalid-,-Invalid-
6/3/2009 14:50,-Invalid-,-Invalid-,-Invalid-,-Invalid-,-Invalid-,-Invalid-,-Invalid-,-Invalid-,-Invalid-,-Invalid-
6/3/2009 15:00,-Invalid-,-Invalid-,-Invalid-,-Invalid-,-Invalid-,-Invalid-,-Invalid-,-Invalid-,-Invalid-,-Invalid-
6/3/2009 15:10,-Invalid-,-Invalid-,-Invalid-,-Invalid-,-Invalid-,-Invalid-,-Invalid-,-Invalid-,-Invalid-,-Invalid-
6/3/2009 15:20,-Invalid-,-Invalid-,-Invalid-,-Invalid-,-Invalid-,-Invalid-,-Invalid-,-Invalid-,-Invalid-,-Invalid-
6/3/2009 15:30,-Invalid-,-Invalid-,-Invalid-,-Invalid-,-Invalid-,-Invalid-,-Invalid-,-Invalid-,-Invalid-,-Invalid-
6/3/2009 15:40,-Invalid-,-Invalid-,-Invalid-,-Invalid-,-Invalid-,-Invalid-,-Invalid-,-Invalid-,-Invalid-,-Invalid-
6/3/2009 15:50,-Invalid-,-Invalid-,-Invalid-,-Invalid-,-Invalid-,-Invalid-,-Invalid-,-Invalid-,-Invalid-,-Invalid-
6/3/2009 16:00,-Invalid-,-Invalid-,-Invalid-,-Invalid-,-Invalid-,-Invalid-,-Invalid-,-Invalid-,-Invalid-,-Invalid-
6/3/2009 16:10,-Invalid-,-Invalid-,-Invalid-,-Invalid-,-Invalid-,-Invalid-,-Invalid-,-Invalid-,-Invalid-,-Invalid-
6/3/2009 16:20,-Invalid-,-Invalid-,-Invalid-,-Invalid-,-Invalid-,-Invalid-,-Invalid-,-Invalid-,-Invalid-,-Invalid-
6/3/2009 16:30,-Invalid-,-Invalid-,-Invalid-,-Invalid-,-Invalid-,-Invalid-,-Invalid-,-Invalid-,-Invalid-,-Invalid-
6/3/2009 16:40,-Invalid-,-Invalid-,-Invalid-,-Invalid-,-Invalid-,-Invalid-,-Invalid-,-Invalid-,-Invalid-,-Invalid-
6/3/2009 16:50,-Invalid-,-Invalid-,-Invalid-,-Invalid-,-Invalid-,-Invalid-,-Invalid-,-Invalid-,-Invalid-,-Invalid-
6/3/2009 17:00,-Invalid-,-Invalid-,-Invalid-,-Invalid-,-Invalid-,-Invalid-,-Invalid-,-Invalid-,-Invalid-,-Invalid-
6/3/2009 17:10,-Invalid-,-Invalid-,-Invalid-,-Invalid-,-Invalid-,-Invalid-,-Invalid-,-Invalid-,-Invalid-,-Invalid-
6/3/2009 17:20,-Invalid-,-Invalid-,-Invalid-,-Invalid-,-Invalid-,-Invalid-,-Invalid-,-Invalid-,-Invalid-,-Invalid-
6/3/2009 17:30,-Invalid-,-Invalid-,-Invalid-,-Invalid-,-Invalid-,-Invalid-,-Invalid-,-Invalid-,-Invalid-,-Invalid-
6/3/2009 17:40,-Invalid-,-Invalid-,-Invalid-,-Invalid-,-Invalid-,-Invalid-,-Invalid-,-Invalid-,-Invalid-,-Invalid-
6/3/2009 17:50,-Invalid-,-Invalid-,-Invalid-,-Invalid-,-Invalid-,-Invalid-,-Invalid-,-Invalid-,-Invalid-,-Invalid-
6/3/2009 18:00,-Invalid-,-Invalid-,-Invalid-,-Invalid-,-Invalid-,-Invalid-,-Invalid-,-Invalid-,-Invalid-,-Invalid-
6/3/2009 18:10,-Invalid-,-Invalid-,-Invalid-,-Invalid-,-Invalid-,-Invalid-,-Invalid-,-Invalid-,-Invalid-,-Invalid-
6/3/2009 18:20,-Invalid-,-Invalid-,-Invalid-,-Invalid-,-Invalid-,-Invalid-,-Invalid-,-Invalid-,-Invalid-,-Invalid-
6/3/2009 18:30,-Invalid-,-Invalid-,-Invalid-,-Invalid-,-Invalid-,-Invalid-,-Invalid-,-Invalid-,-Invalid-,-Invalid-
6/3/2009 18:40,-Invalid-,-Invalid-,-Invalid-,-Invalid-,-Invalid-,-Invalid-,-Invalid-,-Invalid-,-Invalid-,-Invalid-
6/3/2009 18:50,-Invalid-,-Invalid-,-Invalid-,-Invalid-,-Invalid-,-Invalid-,-Invalid-,-Invalid-,-Invalid-,-Invalid-
6/3/2009 19:00,-Invalid-,-Invalid-,-Invalid-,-Invalid-,-Invalid-,-Invalid-,-Invalid-,-Invalid-,-Invalid-,-Invalid-
6/3/2009 19:10,-Invalid-,-Invalid-,-Invalid-,-Invalid-,-Invalid-,-Invalid-,-Invalid-,-Invalid-,-Invalid-,-Invalid-
6/3/2009 19:20,-Invalid-,-Invalid-,-Invalid-,-Invalid-,-Invalid-,-Invalid-,-Invalid-,-Invalid-,-Invalid-,-Invalid-
6/3/2009 19:30,-Invalid-,-Invalid-,-Invalid-,-Invalid-,-Invalid-,-Invalid-,-Invalid-,-Invalid-,-Invalid-,-Invalid-
6/3/2009 19:40,-Invalid-,-Invalid-,-Invalid-,-Invalid-,-Invalid-,-Invalid-,-Invalid-,-Invalid-,-Invalid-,-Invalid-
6/3/2009 19:50,-Invalid-,-Invalid-,-Invalid-,-Invalid-,-Invalid-,-Invalid-,-Invalid-,-Invalid-,-Invalid-,-Invalid-
6/3/2009 20:00,-Invalid-,-Invalid-,-Invalid-,-Invalid-,-Invalid-,-Invalid-,-Invalid-,-Invalid-,-Invalid-,-Invalid-
6/3/2009 20:10,-Invalid-,-Invalid-,-Invalid-,-Invalid-,-Invalid-,-Invalid-,-Invalid-,-Invalid-,-Invalid-,-Invalid-
6/3/2009 20:20,-Invalid-,-Invalid-,-Invalid-,-Invalid-,-Invalid-,-Invalid-,-Invalid-,-Invalid-,-Invalid-,-Invalid-
6/3/2009 20:30,-Invalid-,-Invalid-,-Invalid-,-Invalid-,-Invalid-,-Invalid-,-Invalid-,-Invalid-,-Invalid-,-Invalid-
6/3/2009 20:40,-Invalid-,-Invalid-,-Invalid-,-Invalid-,-Invalid-,-Invalid-,-Invalid-,-Invalid-,-Invalid-,-Invalid-
6/3/2009 20:50,-Invalid-,-Invalid-,-Invalid-,-Invalid-,-Invalid-,-Invalid-,-Invalid-,-Invalid-,-Invalid-,-Invalid-
6/3/2009 21:00,-Invalid-,-Invalid-,-Invalid-,-Invalid-,-Invalid-,-Invalid-,-Invalid-,-Invalid-,-Invalid-,-Invalid-
6/3/2009 21:10,-Invalid-,-Invalid-,-Invalid-,-Invalid-,-Invalid-,-Invalid-,-Invalid-,-Invalid-,-Invalid-,-Invalid-
6/3/2009 21:20,-Invalid-,-Invalid-,-Invalid-,-Invalid-,-Invalid-,-Invalid-,-Invalid-,-Invalid-,-Invalid-,-Invalid-
6/3/2009 21:30,-Invalid-,-Invalid-,-Invalid-,-Invalid-,-Invalid-,-Invalid-,-Invalid-,-Invalid-,-Invalid-,-Invalid-
6/3/2009 21:40,-Invalid-,-Invalid-,-Invalid-,-Invalid-,-Invalid-,-Invalid-,-Invalid-,-Invalid-,-Invalid-,-Invalid-
6/3/2009 21:50,-Invalid-,-Invalid-,-Invalid-,-Invalid-,-Invalid-,-Invalid-,-Invalid-,-Invalid-,-Invalid-,-Invalid-
6/3/2009 22:00,-Invalid-,-Invalid-,-Invalid-,-Invalid-,-Invalid-,-Invalid-,-Invalid-,-Invalid-,-Invalid-,-Invalid-
6/3/2009 22:10,-Invalid-,-Invalid-,-Invalid-,-Invalid-,-Invalid-,-Invalid-,-Invalid-,-Invalid-,-Invalid-,-Invalid-
6/3/2009 22:20,-Invalid-,-Invalid-,-Invalid-,-Invalid-,-Invalid-,-Invalid-,-Invalid-,-Invalid-,-Invalid-,-Invalid-
6/3/2009 22:30,-Invalid-,-Invalid-,-Invalid-,-Invalid-,-Invalid-,-Invalid-,-Invalid-,-Invalid-,-Invalid-,-Invalid-
6/3/2009 22:40,-Invalid-,-Invalid-,-Invalid-,-Invalid-,-Invalid-,-Invalid-,-Invalid-,-Invalid-,-Invalid-,-Invalid-
6/3/2009 22:50,-Invalid-,-Invalid-,-Invalid-,-Invalid-,-Invalid-,-Invalid-,-Invalid-,-Invalid-,-Invalid-,-Invalid-
6/3/2009 23:00,-Invalid-,-Invalid-,-Invalid-,-Invalid-,-Invalid-,-Invalid-,-Invalid-,-Invalid-,-Invalid-,-Invalid-
6/3/2009 23:10,-Invalid-,-Invalid-,-Invalid-,-Invalid-,-Invalid-,-Invalid-,-Invalid-,-Invalid-,-Invalid-,-Invalid-
6/3/2009 23:20,-Invalid-,-Invalid-,-Invalid-,-Invalid-,-Invalid-,-Invalid-,-Invalid-,-Invalid-,-Invalid-,-Invalid-
6/3/2009 23:30,-Invalid-,-Invalid-,-Invalid-,-Invalid-,-Invalid-,-Invalid-,-Invalid-,-Invalid-,-Invalid-,-Invalid-
6/3/2009 23:40,-Invalid-,-Invalid-,-Invalid-,-Invalid-,-Invalid-,-Invalid-,-Invalid-,-Invalid-,-Invalid-,-Invalid-
6/3/2009 23:50,-Invalid-,-Invalid-,-Invalid-,-Invalid-,-Invalid-,-Invalid-,-Invalid-,-Invalid-,-Invalid-,-Invalid-
6/4/2009 0:00,-Invalid-,-Invalid-,-Invalid-,-Invalid-,-Invalid-,-Invalid-,-Invalid-,-Invalid-,-Invalid-,-Invalid-
6/4/2009 0:10,-Invalid-,-Invalid-,-Invalid-,-Invalid-,-Invalid-,-Invalid-,-Invalid-,-Invalid-,-Invalid-,-Invalid-
6/4/2009 0:20,-Invalid-,-Invalid-,-Invalid-,-Invalid-,-Invalid-,-Invalid-,-Invalid-,-Invalid-,-Invalid-,-Invalid-
6/4/2009 0:30,-Invalid-,-Invalid-,-Invalid-,-Invalid-,-Invalid-,-Invalid-,-Invalid-,-Invalid-,-Invalid-,-Invalid-
6/4/2009 0:40,-Invalid-,-Invalid-,-Invalid-,-Invalid-,-Invalid-,-Invalid-,-Invalid-,-Invalid-,-Invalid-,-Invalid-
6/4/2009 0:50,-Invalid-,-Invalid-,-Invalid-,-Invalid-,-Invalid-,-Invalid-,-Invalid-,-Invalid-,-Invalid-,-Invalid-
6/4/2009 1:00,-Invalid-,-Invalid-,-Invalid-,-Invalid-,-Invalid-,-Invalid-,-Invalid-,-Invalid-,-Invalid-,-Invalid-
6/4/2009 1:10,-Invalid-,-Invalid-,-Invalid-,-Invalid-,-Invalid-,-Invalid-,-Invalid-,-Invalid-,-Invalid-,-Invalid-
6/4/2009 1:20,-Invalid-,-Invalid-,-Invalid-,-Invalid-,-Invalid-,-Invalid-,-Invalid-,-Invalid-,-Invalid-,-Invalid-
6/4/2009 1:30,-Invalid-,-Invalid-,-Invalid-,-Invalid-,-Invalid-,-Invalid-,-Invalid-,-Invalid-,-Invalid-,-Invalid-
6/4/2009 1:40,-Invalid-,-Invalid-,-Invalid-,-Invalid-,-Invalid-,-Invalid-,-Invalid-,-Invalid-,-Invalid-,-Invalid-
6/4/2009 1:50,-Invalid-,-Invalid-,-Invalid-,-Invalid-,-Invalid-,-Invalid-,-Invalid-,-Invalid-,-Invalid-,-Invalid-
6/4/2009 2:00,-Invalid-,-Invalid-,-Invalid-,-Invalid-,-Invalid-,-Invalid-,-Invalid-,-Invalid-,-Invalid-,-Invalid-
6/4/2009 2:10,-Invalid-,-Invalid-,-Invalid-,-Invalid-,-Invalid-,-Invalid-,-Invalid-,-Invalid-,-Invalid-,-Invalid-
6/4/2009 2:20,-Invalid-,-Invalid-,-Invalid-,-Invalid-,-Invalid-,-Invalid-,-Invalid-,-Invalid-,-Invalid-,-Invalid-
6/4/2009 2:30,-Invalid-,-Invalid-,-Invalid-,-Invalid-,-Invalid-,-Invalid-,-Invalid-,-Invalid-,-Invalid-,-Invalid-
6/4/2009 2:40,-Invalid-,-Invalid-,-Invalid-,-Invalid-,-Invalid-,-Invalid-,-Invalid-,-Invalid-,-Invalid-,-Invalid-
6/4/2009 2:50,-Invalid-,-Invalid-,-Invalid-,-Invalid-,-Invalid-,-Invalid-,-Invalid-,-Invalid-,-Invalid-,-Invalid-
6/4/2009 3:00,-Invalid-,-Invalid-,-Invalid-,-Invalid-,-Invalid-,-Invalid-,-Invalid-,-Invalid-,-Invalid-,-Invalid-
6/4/2009 3:10,-Invalid-,-Invalid-,-Invalid-,-Invalid-,-Invalid-,-Invalid-,-Invalid-,-Invalid-,-Invalid-,-Invalid-
6/4/2009 3:20,-Invalid-,-Invalid-,-Invalid-,-Invalid-,-Invalid-,-Invalid-,-Invalid-,-Invalid-,-Invalid-,-Invalid-
6/4/2009 3:30,-Invalid-,-Invalid-,-Invalid-,-Invalid-,-Invalid-,-Invalid-,-Invalid-,-Invalid-,-Invalid-,-Invalid-
6/4/2009 3:40,-Invalid-,-Invalid-,-Invalid-,-Invalid-,-Invalid-,-Invalid-,-Invalid-,-Invalid-,-Invalid-,-Invalid-
6/4/2009 3:50,-Invalid-,-Invalid-,-Invalid-,-Invalid-,-Invalid-,-Invalid-,-Invalid-,-Invalid-,-Invalid-,-Invalid-
6/4/2009 4:00,-Invalid-,-Invalid-,-Invalid-,-Invalid-,-Invalid-,-Invalid-,-Invalid-,-Invalid-,-Invalid-,-Invalid-
6/4/2009 4:10,-Invalid-,-Invalid-,-Invalid-,-Invalid-,-Invalid-,-Invalid-,-Invalid-,-Invalid-,-Invalid-,-Invalid-
6/4/2009 4:20,-Invalid-,-Invalid-,-Invalid-,-Invalid-,-Invalid-,-Invalid-,-Invalid-,-Invalid-,-Invalid-,-Invalid-
6/4/2009 4:30,-Invalid-,-Invalid-,-Invalid-,-Invalid-,-Invalid-,-Invalid-,-Invalid-,-Invalid-,-Invalid-,-Invalid-
6/4/2009 4:40,-Invalid-,-Invalid-,-Invalid-,-Invalid-,-Invalid-,-Invalid-,-Invalid-,-Invalid-,-Invalid-,-Invalid-
6/4/2009 4:50,-Invalid-,-Invalid-,-Invalid-,-Invalid-,-Invalid-,-Invalid-,-Invalid-,-Invalid-,-Invalid-,-Invalid-
6/4/2009 5:00,-Invalid-,-Invalid-,-Invalid-,-Invalid-,-Invalid-,-Invalid-,-Invalid-,-Invalid-,-Invalid-,-Invalid-
6/4/2009 5:10,-Invalid-,-Invalid-,-Invalid-,-Invalid-,-Invalid-,-Invalid-,-Invalid-,-Invalid-,-Invalid-,-Invalid-
6/4/2009 5:20,-Invalid-,-Invalid-,-Invalid-,-Invalid-,-Invalid-,-Invalid-,-Invalid-,-Invalid-,-Invalid-,-Invalid-
6/4/2009 5:30,-Invalid-,-Invalid-,-Invalid-,-Invalid-,-Invalid-,-Invalid-,-Invalid-,-Invalid-,-Invalid-,-Invalid-
6/4/2009 5:40,-Invalid-,-Invalid-,-Invalid-,-Invalid-,-Invalid-,-Invalid-,-Invalid-,-Invalid-,-Invalid-,-Invalid-
6/4/2009 5:50,-Invalid-,-Invalid-,-Invalid-,-Invalid-,-Invalid-,-Invalid-,-Invalid-,-Invalid-,-Invalid-,-Invalid-
6/4/2009 6:00,-Invalid-,-Invalid-,-Invalid-,-Invalid-,-Invalid-,-Invalid-,-Invalid-,-Invalid-,-Invalid-,-Invalid-
6/4/2009 6:10,-Invalid-,-Invalid-,-Invalid-,-Invalid-,-Invalid-,-Invalid-,-Invalid-,-Invalid-,-Invalid-,-Invalid-
6/4/2009 6:20,-Invalid-,-Invalid-,-Invalid-,-Invalid-,-Invalid-,-Invalid-,-Invalid-,-Invalid-,-Invalid-,-Invalid-
6/4/2009 6:30,-Invalid-,-Invalid-,-Invalid-,-Invalid-,-Invalid-,-Invalid-,-Invalid-,-Invalid-,-Invalid-,-Invalid-
6/4/2009 6:40,-Invalid-,-Invalid-,-Invalid-,-Invalid-,-Invalid-,-Invalid-,-Invalid-,-Invalid-,-Invalid-,-Invalid-
6/4/2009 6:50,-Invalid-,-Invalid-,-Invalid-,-Invalid-,-Invalid-,-Invalid-,-Invalid-,-Invalid-,-Invalid-,-Invalid-
6/4/2009 7:00,-Invalid-,-Invalid-,-Invalid-,-Invalid-,-Invalid-,-Invalid-,-Invalid-,-Invalid-,-Invalid-,-Invalid-
6/4/2009 7:10,-Invalid-,-Invalid-,-Invalid-,-Invalid-,-Invalid-,-Invalid-,-Invalid-,-Invalid-,-Invalid-,-Invalid-
6/4/2009 7:20,-Invalid-,-Invalid-,-Invalid-,-Invalid-,-Invalid-,-Invalid-,-Invalid-,-Invalid-,-Invalid-,-Invalid-
6/4/2009 7:30,-Invalid-,-Invalid-,-Invalid-,-Invalid-,-Invalid-,-Invalid-,-Invalid-,-Invalid-,-Invalid-,-Invalid-
6/4/2009 7:40,-Invalid-,-Invalid-,-Invalid-,-Invalid-,-Invalid-,-Invalid-,-Invalid-,-Invalid-,-Invalid-,-Invalid-
6/4/2009 7:50,-Invalid-,-Invalid-,-Invalid-,-Invalid-,-Invalid-,-Invalid-,-Invalid-,-Invalid-,-Invalid-,-Invalid-
6/4/2009 8:00,-Invalid-,-Invalid-,-Invalid-,-Invalid-,-Invalid-,-Invalid-,-Invalid-,-Invalid-,-Invalid-,-Invalid-
6/4/2009 8:10,-Invalid-,-Invalid-,-Invalid-,-Invalid-,-Invalid-,-Invalid-,-Invalid-,-Invalid-,-Invalid-,-Invalid-
6/4/2009 8:20,-Invalid-,-Invalid-,-Invalid-,-Invalid-,-Invalid-,-Invalid-,-Invalid-,-Invalid-,-Invalid-,-Invalid-
6/4/2009 8:30,-Invalid-,-Invalid-,-Invalid-,-Invalid-,-Invalid-,-Invalid-,-Invalid-,-Invalid-,-Invalid-,-Invalid-
6/4/2009 8:40,-Invalid-,-Invalid-,-Invalid-,-Invalid-,-Invalid-,-Invalid-,-Invalid-,-Invalid-,-Invalid-,-Invalid-
6/4/2009 8:50,-Invalid-,-Invalid-,-Invalid-,-Invalid-,-Invalid-,-Invalid-,-Invalid-,-Invalid-,-Invalid-,-Invalid-
6/4/2009 9:00,-Invalid-,-Invalid-,-Invalid-,-Invalid-,-Invalid-,-Invalid-,-Invalid-,-Invalid-,-Invalid-,-Invalid-
6/4/2009 9:10,-Invalid-,-Invalid-,-Invalid-,-Invalid-,-Invalid-,-Invalid-,-Invalid-,-Invalid-,-Invalid-,-Invalid-
6/4/2009 9:20,-Invalid-,-Invalid-,-Invalid-,-Invalid-,-Invalid-,-Invalid-,-Invalid-,-Invalid-,-Invalid-,-Invalid-
6/4/2009 9:30,-Invalid-,-Invalid-,-Invalid-,-Invalid-,-Invalid-,-Invalid-,-Invalid-,-Invalid-,-Invalid-,-Invalid-
6/4/2009 9:40,-Invalid-,-Invalid-,-Invalid-,-Invalid-,-Invalid-,-Invalid-,-Invalid-,-Invalid-,-Invalid-,-Invalid-
6/4/2009 9:50,-Invalid-,-Invalid-,-Invalid-,-Invalid-,-Invalid-,-Invalid-,-Invalid-,-Invalid-,-Invalid-,-Invalid-
6/4/2009 10:00,-Invalid-,-Invalid-,-Invalid-,-Invalid-,-Invalid-,-Invalid-,-Invalid-,-Invalid-,-Invalid-,-Invalid-
6/4/2009 10:10,-Invalid-,-Invalid-,-Invalid-,-Invalid-,-Invalid-,-Invalid-,-Invalid-,-Invalid-,-Invalid-,-Invalid-
6/4/2009 10:20,-Invalid-,-Invalid-,-Invalid-,-Invalid-,-Invalid-,-Invalid-,-Invalid-,-Invalid-,-Invalid-,-Invalid-
6/4/2009 10:30,-Invalid-,-Invalid-,-Invalid-,-Invalid-,-Invalid-,-Invalid-,-Invalid-,-Invalid-,-Invalid-,-Invalid-
6/4/2009 10:40,-Invalid-,-Invalid-,-Invalid-,-Invalid-,-Invalid-,-Invalid-,-Invalid-,-Invalid-,-Invalid-,-Invalid-
6/4/2009 10:50,-Invalid-,-Invalid-,-Invalid-,-Invalid-,-Invalid-,-Invalid-,-Invalid-,-Invalid-,-Invalid-,-Invalid-
6/4/2009 11:00,-Invalid-,-Invalid-,-Invalid-,-Invalid-,-Invalid-,-Invalid-,-Invalid-,-Invalid-,-Invalid-,-Invalid-
6/4/2009 11:10,-Invalid-,-Invalid-,-Invalid-,-Invalid-,-Invalid-,-Invalid-,-Invalid-,-Invalid-,-Invalid-,-Invalid-
6/4/2009 11:20,-Invalid-,-Invalid-,-Invalid-,-Invalid-,-Invalid-,-Invalid-,-Invalid-,-Invalid-,-Invalid-,-Invalid-
6/4/2009 11:30,-Invalid-,-Invalid-,-Invalid-,-Invalid-,-Invalid-,-Invalid-,-Invalid-,-Invalid-,-Invalid-,-Invalid-
6/4/2009 11:40,-Invalid-,-Invalid-,-Invalid-,-Invalid-,-Invalid-,-Invalid-,-Invalid-,-Invalid-,-Invalid-,-Invalid-
6/4/2009 11:50,-Invalid-,-Invalid-,-Invalid-,-Invalid-,-Invalid-,-Invalid-,-Invalid-,-Invalid-,-Invalid-,-Invalid-
6/4/2009 12:00,-Invalid-,-Invalid-,-Invalid-,-Invalid-,-Invalid-,-Invalid-,-Invalid-,-Invalid-,-Invalid-,-Invalid-
6/4/2009 12:10,-Invalid-,-Invalid-,-Invalid-,-Invalid-,-Invalid-,-Invalid-,-Invalid-,-Invalid-,-Invalid-,-Invalid-
6/4/2009 12:20,-Invalid-,-Invalid-,-Invalid-,-Invalid-,-Invalid-,-Invalid-,-Invalid-,-Invalid-,-Invalid-,-Invalid-
6/4/2009 12:30,-Invalid-,-Invalid-,-Invalid-,-Invalid-,-Invalid-,-Invalid-,-Invalid-,-Invalid-,-Invalid-,-Invalid-
6/4/2009 12:40,-Invalid-,-Invalid-,-Invalid-,-Invalid-,-Invalid-,-Invalid-,-Invalid-,-Invalid-,-Invalid-,-Invalid-
6/4/2009 12:50,-Invalid-,-Invalid-,-Invalid-,-Invalid-,-Invalid-,-Invalid-,-Invalid-,-Invalid-,-Invalid-,-Invalid-
6/4/2009 13:00,-Invalid-,-Invalid-,-Invalid-,-Invalid-,-Invalid-,-Invalid-,-Invalid-,-Invalid-,-Invalid-,-Invalid-
6/4/2009 13:10,-Invalid-,-Invalid-,-Invalid-,-Invalid-,-Invalid-,-Invalid-,-Invalid-,-Invalid-,-Invalid-,-Invalid-
6/4/2009 13:20,-Invalid-,-Invalid-,-Invalid-,-Invalid-,-Invalid-,-Invalid-,-Invalid-,-Invalid-,-Invalid-,-Invalid-
6/4/2009 13:30,-Invalid-,-Invalid-,-Invalid-,-Invalid-,-Invalid-,-Invalid-,-Invalid-,-Invalid-,-Invalid-,-Invalid-
6/4/2009 13:40,-Invalid-,-Invalid-,-Invalid-,-Invalid-,-Invalid-,-Invalid-,-Invalid-,-Invalid-,-Invalid-,-Invalid-
6/4/2009 13:50,-Invalid-,-Invalid-,-Invalid-,-Invalid-,-Invalid-,-Invalid-,-Invalid-,-Invalid-,-Invalid-,-Invalid-
6/4/2009 14:00,-Invalid-,-Invalid-,-Invalid-,-Invalid-,-Invalid-,-Invalid-,-Invalid-,-Invalid-,-Invalid-,-Invalid-
6/4/2009 14:10,-Invalid-,-Invalid-,-Invalid-,-Invalid-,-Invalid-,-Invalid-,-Invalid-,-Invalid-,-Invalid-,-Invalid-
6/4/2009 14:20,-Invalid-,-Invalid-,-Invalid-,-Invalid-,-Invalid-,-Invalid-,-Invalid-,-Invalid-,-Invalid-,-Invalid-
6/4/2009 14:30,-Invalid-,-Invalid-,-Invalid-,-Invalid-,-Invalid-,-Invalid-,-Invalid-,-Invalid-,-Invalid-,-Invalid-
6/4/2009 14:40,-Invalid-,-Invalid-,-Invalid-,-Invalid-,-Invalid-,-Invalid-,-Invalid-,-Invalid-,-Invalid-,-Invalid-
6/4/2009 14:50,-Invalid-,-Invalid-,-Invalid-,-Invalid-,-Invalid-,-Invalid-,-Invalid-,-Invalid-,-Invalid-,-Invalid-
6/4/2009 15:00,-Invalid-,-Invalid-,-Invalid-,-Invalid-,-Invalid-,-Invalid-,-Invalid-,-Invalid-,-Invalid-,-Invalid-
6/4/2009 15:10,-Invalid-,-Invalid-,-Invalid-,-Invalid-,-Invalid-,-Invalid-,-Invalid-,-Invalid-,-Invalid-,-Invalid-
6/4/2009 15:20,-Invalid-,-Invalid-,-Invalid-,-Invalid-,-Invalid-,-Invalid-,-Invalid-,-Invalid-,-Invalid-,-Invalid-
6/4/2009 15:30,-Invalid-,-Invalid-,-Invalid-,-Invalid-,-Invalid-,-Invalid-,-Invalid-,-Invalid-,-Invalid-,-Invalid-
6/4/2009 15:40,-Invalid-,-Invalid-,-Invalid-,-Invalid-,-Invalid-,-Invalid-,-Invalid-,-Invalid-,-Invalid-,-Invalid-
6/4/2009 15:50,-Invalid-,-Invalid-,-Invalid-,-Invalid-,-Invalid-,-Invalid-,-Invalid-,-Invalid-,-Invalid-,-Invalid-
6/4/2009 16:00,-Invalid-,-Invalid-,-Invalid-,-Invalid-,-Invalid-,-Invalid-,-Invalid-,-Invalid-,-Invalid-,-Invalid-
6/4/2009 16:10,-Invalid-,-Invalid-,-Invalid-,-Invalid-,-Invalid-,-Invalid-,-Invalid-,-Invalid-,-Invalid-,-Invalid-
6/4/2009 16:20,-Invalid-,-Invalid-,-Invalid-,-Invalid-,-Invalid-,-Invalid-,-Invalid-,-Invalid-,-Invalid-,-Invalid-
6/4/2009 16:30,-Invalid-,-Invalid-,-Invalid-,-Invalid-,-Invalid-,-Invalid-,-Invalid-,-Invalid-,-Invalid-,-Invalid-
6/4/2009 16:40,-Invalid-,-Invalid-,-Invalid-,-Invalid-,-Invalid-,-Invalid-,-Invalid-,-Invalid-,-Invalid-,-Invalid-
6/4/2009 16:50,-Invalid-,-Invalid-,-Invalid-,-Invalid-,-Invalid-,-Invalid-,-Invalid-,-Invalid-,-Invalid-,-Invalid-
6/4/2009 17:00,-Invalid-,-Invalid-,-Invalid-,-Invalid-,-Invalid-,-Invalid-,-Invalid-,-Invalid-,-Invalid-,-Invalid-
6/4/2009 17:10,-Invalid-,-Invalid-,-Invalid-,-Invalid-,-Invalid-,-Invalid-,-Invalid-,-Invalid-,-Invalid-,-Invalid-
6/4/2009 17:20,-Invalid-,-Invalid-,-Invalid-,-Invalid-,-Invalid-,-Invalid-,-Invalid-,-Invalid-,-Invalid-,-Invalid-
6/4/2009 17:30,-Invalid-,-Invalid-,-Invalid-,-Invalid-,-Invalid-,-Invalid-,-Invalid-,-Invalid-,-Invalid-,-Invalid-
6/4/2009 17:40,-Invalid-,-Invalid-,-Invalid-,-Invalid-,-Invalid-,-Invalid-,-Invalid-,-Invalid-,-Invalid-,-Invalid-
6/4/2009 17:50,-Invalid-,-Invalid-,-Invalid-,-Invalid-,-Invalid-,-Invalid-,-Invalid-,-Invalid-,-Invalid-,-Invalid-
6/4/2009 18:00,-Invalid-,-Invalid-,-Invalid-,-Invalid-,-Invalid-,-Invalid-,-Invalid-,-Invalid-,-Invalid-,-Invalid-
6/4/2009 18:10,-Invalid-,-Invalid-,-Invalid-,-Invalid-,-Invalid-,-Invalid-,-Invalid-,-Invalid-,-Invalid-,-Invalid-
6/4/2009 18:20,-Invalid-,-Invalid-,-Invalid-,-Invalid-,-Invalid-,-Invalid-,-Invalid-,-Invalid-,-Invalid-,-Invalid-
6/4/2009 18:30,-Invalid-,-Invalid-,-Invalid-,-Invalid-,-Invalid-,-Invalid-,-Invalid-,-Invalid-,-Invalid-,-Invalid-
6/4/2009 18:40,-Invalid-,-Invalid-,-Invalid-,-Invalid-,-Invalid-,-Invalid-,-Invalid-,-Invalid-,-Invalid-,-Invalid-
6/4/2009 18:50,-Invalid-,-Invalid-,-Invalid-,-Invalid-,-Invalid-,-Invalid-,-Invalid-,-Invalid-,-Invalid-,-Invalid-
6/4/2009 19:00,-Invalid-,-Invalid-,-Invalid-,-Invalid-,-Invalid-,-Invalid-,-Invalid-,-Invalid-,-Invalid-,-Invalid-
6/4/2009 19:10,-Invalid-,-Invalid-,-Invalid-,-Invalid-,-Invalid-,-Invalid-,-Invalid-,-Invalid-,-Invalid-,-Invalid-
6/4/2009 19:20,-Invalid-,-Invalid-,-Invalid-,-Invalid-,-Invalid-,-Invalid-,-Invalid-,-Invalid-,-Invalid-,-Invalid-
6/4/2009 19:30,-Invalid-,-Invalid-,-Invalid-,-Invalid-,-Invalid-,-Invalid-,-Invalid-,-Invalid-,-Invalid-,-Invalid-
6/4/2009 19:40,-Invalid-,-Invalid-,-Invalid-,-Invalid-,-Invalid-,-Invalid-,-Invalid-,-Invalid-,-Invalid-,-Invalid-
6/4/2009 19:50,-Invalid-,-Invalid-,-Invalid-,-Invalid-,-Invalid-,-Invalid-,-Invalid-,-Invalid-,-Invalid-,-Invalid-
6/4/2009 20:00,-Invalid-,-Invalid-,-Invalid-,-Invalid-,-Invalid-,-Invalid-,-Invalid-,-Invalid-,-Invalid-,-Invalid-
6/4/2009 20:10,-Invalid-,-Invalid-,-Invalid-,-Invalid-,-Invalid-,-Invalid-,-Invalid-,-Invalid-,-Invalid-,-Invalid-
6/4/2009 20:20,-Invalid-,-Invalid-,-Invalid-,-Invalid-,-Invalid-,-Invalid-,-Invalid-,-Invalid-,-Invalid-,-Invalid-
6/4/2009 20:30,-Invalid-,-Invalid-,-Invalid-,-Invalid-,-Invalid-,-Invalid-,-Invalid-,-Invalid-,-Invalid-,-Invalid-
6/4/2009 20:40,-Invalid-,-Invalid-,-Invalid-,-Invalid-,-Invalid-,-Invalid-,-Invalid-,-Invalid-,-Invalid-,-Invalid-
6/4/2009 20:50,-Invalid-,-Invalid-,-Invalid-,-Invalid-,-Invalid-,-Invalid-,-Invalid-,-Invalid-,-Invalid-,-Invalid-
6/4/2009 21:00,-Invalid-,-Invalid-,-Invalid-,-Invalid-,-Invalid-,-Invalid-,-Invalid-,-Invalid-,-Invalid-,-Invalid-
6/4/2009 21:10,-Invalid-,-Invalid-,-Invalid-,-Invalid-,-Invalid-,-Invalid-,-Invalid-,-Invalid-,-Invalid-,-Invalid-
6/4/2009 21:20,-Invalid-,-Invalid-,-Invalid-,-Invalid-,-Invalid-,-Invalid-,-Invalid-,-Invalid-,-Invalid-,-Invalid-
6/4/2009 21:30,-Invalid-,-Invalid-,-Invalid-,-Invalid-,-Invalid-,-Invalid-,-Invalid-,-Invalid-,-Invalid-,-Invalid-
6/4/2009 21:40,-Invalid-,-Invalid-,-Invalid-,-Invalid-,-Invalid-,-Invalid-,-Invalid-,-Invalid-,-Invalid-,-Invalid-
6/4/2009 21:50,-Invalid-,-Invalid-,-Invalid-,-Invalid-,-Invalid-,-Invalid-,-Invalid-,-Invalid-,-Invalid-,-Invalid-
6/4/2009 22:00,-Invalid-,-Invalid-,-Invalid-,-Invalid-,-Invalid-,-Invalid-,-Invalid-,-Invalid-,-Invalid-,-Invalid-
6/4/2009 22:10,-Invalid-,-Invalid-,-Invalid-,-Invalid-,-Invalid-,-Invalid-,-Invalid-,-Invalid-,-Invalid-,-Invalid-
6/4/2009 22:20,-Invalid-,-Invalid-,-Invalid-,-Invalid-,-Invalid-,-Invalid-,-Invalid-,-Invalid-,-Invalid-,-Invalid-
6/4/2009 22:30,-Invalid-,-Invalid-,-Invalid-,-Invalid-,-Invalid-,-Invalid-,-Invalid-,-Invalid-,-Invalid-,-Invalid-
6/4/2009 22:40,-Invalid-,-Invalid-,-Invalid-,-Invalid-,-Invalid-,-Invalid-,-Invalid-,-Invalid-,-Invalid-,-Invalid-
6/4/2009 22:50,-Invalid-,-Invalid-,-Invalid-,-Invalid-,-Invalid-,-Invalid-,-Invalid-,-Invalid-,-Invalid-,-Invalid-
6/4/2009 23:00,-Invalid-,-Invalid-,-Invalid-,-Invalid-,-Invalid-,-Invalid-,-Invalid-,-Invalid-,-Invalid-,-Invalid-
6/4/2009 23:10,-Invalid-,-Invalid-,-Invalid-,-Invalid-,-Invalid-,-Invalid-,-Invalid-,-Invalid-,-Invalid-,-Invalid-
6/4/2009 23:20,-Invalid-,-Invalid-,-Invalid-,-Invalid-,-Invalid-,-Invalid-,-Invalid-,-Invalid-,-Invalid-,-Invalid-
6/4/2009 23:30,-Invalid-,-Invalid-,-Invalid-,-Invalid-,-Invalid-,-Invalid-,-Invalid-,-Invalid-,-Invalid-,-Invalid-
6/4/2009 23:40,-Invalid-,-Invalid-,-Invalid-,-Invalid-,-Invalid-,-Invalid-,-Invalid-,-Invalid-,-Invalid-,-Invalid-
6/4/2009 23:50,-Invalid-,-Invalid-,-Invalid-,-Invalid-,-Invalid-,-Invalid-,-Invalid-,-Invalid-,-Invalid-,-Invalid-
6/5/2009 0:00,-Invalid-,-Invalid-,-Invalid-,-Invalid-,-Invalid-,-Invalid-,-Invalid-,-Invalid-,-Invalid-,-Invalid-
6/5/2009 0:10,-Invalid-,-Invalid-,-Invalid-,-Invalid-,-Invalid-,-Invalid-,-Invalid-,-Invalid-,-Invalid-,-Invalid-
6/5/2009 0:20,-Invalid-,-Invalid-,-Invalid-,-Invalid-,-Invalid-,-Invalid-,-Invalid-,-Invalid-,-Invalid-,-Invalid-
6/5/2009 0:30,-Invalid-,-Invalid-,-Invalid-,-Invalid-,-Invalid-,-Invalid-,-Invalid-,-Invalid-,-Invalid-,-Invalid-
6/5/2009 0:40,-Invalid-,-Invalid-,-Invalid-,-Invalid-,-Invalid-,-Invalid-,-Invalid-,-Invalid-,-Invalid-,-Invalid-
6/5/2009 0:50,-Invalid-,-Invalid-,-Invalid-,-Invalid-,-Invalid-,-Invalid-,-Invalid-,-Invalid-,-Invalid-,-Invalid-
6/5/2009 1:00,-Invalid-,-Invalid-,-Invalid-,-Invalid-,-Invalid-,-Invalid-,-Invalid-,-Invalid-,-Invalid-,-Invalid-
6/5/2009 1:10,-Invalid-,-Invalid-,-Invalid-,-Invalid-,-Invalid-,-Invalid-,-Invalid-,-Invalid-,-Invalid-,-Invalid-
6/5/2009 1:20,-Invalid-,-Invalid-,-Invalid-,-Invalid-,-Invalid-,-Invalid-,-Invalid-,-Invalid-,-Invalid-,-Invalid-
6/5/2009 1:30,-Invalid-,-Invalid-,-Invalid-,-Invalid-,-Invalid-,-Invalid-,-Invalid-,-Invalid-,-Invalid-,-Invalid-
6/5/2009 1:40,-Invalid-,-Invalid-,-Invalid-,-Invalid-,-Invalid-,-Invalid-,-Invalid-,-Invalid-,-Invalid-,-Invalid-
6/5/2009 1:50,-Invalid-,-Invalid-,-Invalid-,-Invalid-,-Invalid-,-Invalid-,-Invalid-,-Invalid-,-Invalid-,-Invalid-
6/5/2009 2:00,-Invalid-,-Invalid-,-Invalid-,-Invalid-,-Invalid-,-Invalid-,-Invalid-,-Invalid-,-Invalid-,-Invalid-
6/5/2009 2:10,-Invalid-,-Invalid-,-Invalid-,-Invalid-,-Invalid-,-Invalid-,-Invalid-,-Invalid-,-Invalid-,-Invalid-
6/5/2009 2:20,-Invalid-,-Invalid-,-Invalid-,-Invalid-,-Invalid-,-Invalid-,-Invalid-,-Invalid-,-Invalid-,-Invalid-
6/5/2009 2:30,-Invalid-,-Invalid-,-Invalid-,-Invalid-,-Invalid-,-Invalid-,-Invalid-,-Invalid-,-Invalid-,-Invalid-
6/5/2009 2:40,-Invalid-,-Invalid-,-Invalid-,-Invalid-,-Invalid-,-Invalid-,-Invalid-,-Invalid-,-Invalid-,-Invalid-
6/5/2009 2:50,-Invalid-,-Invalid-,-Invalid-,-Invalid-,-Invalid-,-Invalid-,-Invalid-,-Invalid-,-Invalid-,-Invalid-
6/5/2009 3:00,-Invalid-,-Invalid-,-Invalid-,-Invalid-,-Invalid-,-Invalid-,-Invalid-,-Invalid-,-Invalid-,-Invalid-
6/5/2009 3:10,-Invalid-,-Invalid-,-Invalid-,-Invalid-,-Invalid-,-Invalid-,-Invalid-,-Invalid-,-Invalid-,-Invalid-
6/5/2009 3:20,-Invalid-,-Invalid-,-Invalid-,-Invalid-,-Invalid-,-Invalid-,-Invalid-,-Invalid-,-Invalid-,-Invalid-
6/5/2009 3:30,-Invalid-,-Invalid-,-Invalid-,-Invalid-,-Invalid-,-Invalid-,-Invalid-,-Invalid-,-Invalid-,-Invalid-
6/5/2009 3:40,-Invalid-,-Invalid-,-Invalid-,-Invalid-,-Invalid-,-Invalid-,-Invalid-,-Invalid-,-Invalid-,-Invalid-
6/5/2009 3:50,-Invalid-,-Invalid-,-Invalid-,-Invalid-,-Invalid-,-Invalid-,-Invalid-,-Invalid-,-Invalid-,-Invalid-
6/5/2009 4:00,-Invalid-,-Invalid-,-Invalid-,-Invalid-,-Invalid-,-Invalid-,-Invalid-,-Invalid-,-Invalid-,-Invalid-
6/5/2009 4:10,-Invalid-,-Invalid-,-Invalid-,-Invalid-,-Invalid-,-Invalid-,-Invalid-,-Invalid-,-Invalid-,-Invalid-
6/5/2009 4:20,-Invalid-,-Invalid-,-Invalid-,-Invalid-,-Invalid-,-Invalid-,-Invalid-,-Invalid-,-Invalid-,-Invalid-
6/5/2009 4:30,-Invalid-,-Invalid-,-Invalid-,-Invalid-,-Invalid-,-Invalid-,-Invalid-,-Invalid-,-Invalid-,-Invalid-
6/5/2009 4:40,-Invalid-,-Invalid-,-Invalid-,-Invalid-,-Invalid-,-Invalid-,-Invalid-,-Invalid-,-Invalid-,-Invalid-
6/5/2009 4:50,-Invalid-,-Invalid-,-Invalid-,-Invalid-,-Invalid-,-Invalid-,-Invalid-,-Invalid-,-Invalid-,-Invalid-
6/5/2009 5:00,-Invalid-,-Invalid-,-Invalid-,-Invalid-,-Invalid-,-Invalid-,-Invalid-,-Invalid-,-Invalid-,-Invalid-
6/5/2009 5:10,-Invalid-,-Invalid-,-Invalid-,-Invalid-,-Invalid-,-Invalid-,-Invalid-,-Invalid-,-Invalid-,-Invalid-
6/5/2009 5:20,-Invalid-,-Invalid-,-Invalid-,-Invalid-,-Invalid-,-Invalid-,-Invalid-,-Invalid-,-Invalid-,-Invalid-
6/5/2009 5:30,-Invalid-,-Invalid-,-Invalid-,-Invalid-,-Invalid-,-Invalid-,-Invalid-,-Invalid-,-Invalid-,-Invalid-
6/5/2009 5:40,-Invalid-,-Invalid-,-Invalid-,-Invalid-,-Invalid-,-Invalid-,-Invalid-,-Invalid-,-Invalid-,-Invalid-
6/5/2009 5:50,-Invalid-,-Invalid-,-Invalid-,-Invalid-,-Invalid-,-Invalid-,-Invalid-,-Invalid-,-Invalid-,-Invalid-
6/5/2009 6:00,-Invalid-,-Invalid-,-Invalid-,-Invalid-,-Invalid-,-Invalid-,-Invalid-,-Invalid-,-Invalid-,-Invalid-
6/5/2009 6:10,-Invalid-,-Invalid-,-Invalid-,-Invalid-,-Invalid-,-Invalid-,-Invalid-,-Invalid-,-Invalid-,-Invalid-
6/5/2009 6:20,-Invalid-,-Invalid-,-Invalid-,-Invalid-,-Invalid-,-Invalid-,-Invalid-,-Invalid-,-Invalid-,-Invalid-
6/5/2009 6:30,-Invalid-,-Invalid-,-Invalid-,-Invalid-,-Invalid-,-Invalid-,-Invalid-,-Invalid-,-Invalid-,-Invalid-
6/5/2009 6:40,-Invalid-,-Invalid-,-Invalid-,-Invalid-,-Invalid-,-Invalid-,-Invalid-,-Invalid-,-Invalid-,-Invalid-
6/5/2009 6:50,-Invalid-,-Invalid-,-Invalid-,-Invalid-,-Invalid-,-Invalid-,-Invalid-,-Invalid-,-Invalid-,-Invalid-
6/5/2009 7:00,-Invalid-,-Invalid-,-Invalid-,-Invalid-,-Invalid-,-Invalid-,-Invalid-,-Invalid-,-Invalid-,-Invalid-
6/5/2009 7:10,-Invalid-,-Invalid-,-Invalid-,-Invalid-,-Invalid-,-Invalid-,-Invalid-,-Invalid-,-Invalid-,-Invalid-
6/5/2009 7:20,-Invalid-,-Invalid-,-Invalid-,-Invalid-,-Invalid-,-Invalid-,-Invalid-,-Invalid-,-Invalid-,-Invalid-
6/5/2009 7:30,-Invalid-,-Invalid-,-Invalid-,-Invalid-,-Invalid-,-Invalid-,-Invalid-,-Invalid-,-Invalid-,-Invalid-
6/5/2009 7:40,-Invalid-,-Invalid-,-Invalid-,-Invalid-,-Invalid-,-Invalid-,-Invalid-,-Invalid-,-Invalid-,-Invalid-
6/5/2009 7:50,-Invalid-,-Invalid-,-Invalid-,-Invalid-,-Invalid-,-Invalid-,-Invalid-,-Invalid-,-Invalid-,-Invalid-
6/5/2009 8:00,-Invalid-,-Invalid-,-Invalid-,-Invalid-,-Invalid-,-Invalid-,-Invalid-,-Invalid-,-Invalid-,-Invalid-
6/5/2009 8:10,-Invalid-,-Invalid-,-Invalid-,-Invalid-,-Invalid-,-Invalid-,-Invalid-,-Invalid-,-Invalid-,-Invalid-
6/5/2009 8:20,-Invalid-,-Invalid-,-Invalid-,-Invalid-,-Invalid-,-Invalid-,-Invalid-,-Invalid-,-Invalid-,-Invalid-
6/5/2009 8:30,-Invalid-,-Invalid-,-Invalid-,-Invalid-,-Invalid-,-Invalid-,-Invalid-,-Invalid-,-Invalid-,-Invalid-
6/5/2009 8:40,-Invalid-,-Invalid-,-Invalid-,-Invalid-,-Invalid-,-Invalid-,-Invalid-,-Invalid-,-Invalid-,-Invalid-
6/5/2009 8:50,-Invalid-,-Invalid-,-Invalid-,-Invalid-,-Invalid-,-Invalid-,-Invalid-,-Invalid-,-Invalid-,-Invalid-
6/5/2009 9:00,-Invalid-,-Invalid-,-Invalid-,-Invalid-,-Invalid-,-Invalid-,-Invalid-,-Invalid-,-Invalid-,-Invalid-
6/5/2009 9:10,-Invalid-,-Invalid-,-Invalid-,-Invalid-,-Invalid-,-Invalid-,-Invalid-,-Invalid-,-Invalid-,-Invalid-
6/5/2009 9:20,-Invalid-,-Invalid-,-Invalid-,-Invalid-,-Invalid-,-Invalid-,-Invalid-,-Invalid-,-Invalid-,-Invalid-
6/5/2009 9:30,-Invalid-,-Invalid-,-Invalid-,-Invalid-,-Invalid-,-Invalid-,-Invalid-,-Invalid-,-Invalid-,-Invalid-
6/5/2009 9:40,-Invalid-,-Invalid-,-Invalid-,-Invalid-,-Invalid-,-Invalid-,-Invalid-,-Invalid-,-Invalid-,-Invalid-
6/5/2009 9:50,-Invalid-,-Invalid-,-Invalid-,-Invalid-,-Invalid-,-Invalid-,-Invalid-,-Invalid-,-Invalid-,-Invalid-
6/5/2009 10:00,-Invalid-,-Invalid-,-Invalid-,-Invalid-,-Invalid-,-Invalid-,-Invalid-,-Invalid-,-Invalid-,-Invalid-
6/5/2009 10:10,-Invalid-,-Invalid-,-Invalid-,-Invalid-,-Invalid-,-Invalid-,-Invalid-,-Invalid-,-Invalid-,-Invalid-
6/5/2009 10:20,-Invalid-,-Invalid-,-Invalid-,-Invalid-,-Invalid-,-Invalid-,-Invalid-,-Invalid-,-Invalid-,-Invalid-
6/5/2009 10:30,-Invalid-,-Invalid-,-Invalid-,-Invalid-,-Invalid-,-Invalid-,-Invalid-,-Invalid-,-Invalid-,-Invalid-
6/5/2009 10:40,-Invalid-,-Invalid-,-Invalid-,-Invalid-,-Invalid-,-Invalid-,-Invalid-,-Invalid-,-Invalid-,-Invalid-
6/5/2009 10:50,-Invalid-,-Invalid-,-Invalid-,-Invalid-,-Invalid-,-Invalid-,-Invalid-,-Invalid-,-Invalid-,-Invalid-
6/5/2009 11:00,-Invalid-,-Invalid-,-Invalid-,-Invalid-,-Invalid-,-Invalid-,-Invalid-,-Invalid-,-Invalid-,-Invalid-
6/5/2009 11:10,-Invalid-,-Invalid-,-Invalid-,-Invalid-,-Invalid-,-Invalid-,-Invalid-,-Invalid-,-Invalid-,-Invalid-
6/5/2009 11:20,-Invalid-,-Invalid-,-Invalid-,-Invalid-,-Invalid-,-Invalid-,-Invalid-,-Invalid-,-Invalid-,-Invalid-
6/5/2009 11:30,-Invalid-,-Invalid-,-Invalid-,-Invalid-,-Invalid-,-Invalid-,-Invalid-,-Invalid-,-Invalid-,-Invalid-
6/5/2009 11:40,-Invalid-,-Invalid-,-Invalid-,-Invalid-,-Invalid-,-Invalid-,-Invalid-,-Invalid-,-Invalid-,-Invalid-
6/5/2009 11:50,-Invalid-,-Invalid-,-Invalid-,-Invalid-,-Invalid-,-Invalid-,-Invalid-,-Invalid-,-Invalid-,-Invalid-
6/5/2009 12:00,-Invalid-,-Invalid-,-Invalid-,-Invalid-,-Invalid-,-Invalid-,-Invalid-,-Invalid-,-Invalid-,-Invalid-
6/5/2009 12:10,-Invalid-,-Invalid-,-Invalid-,-Invalid-,-Invalid-,-Invalid-,-Invalid-,-Invalid-,-Invalid-,-Invalid-
6/5/2009 12:20,-Invalid-,-Invalid-,-Invalid-,-Invalid-,-Invalid-,-Invalid-,-Invalid-,-Invalid-,-Invalid-,-Invalid-
6/5/2009 12:30,-Invalid-,-Invalid-,-Invalid-,-Invalid-,-Invalid-,-Invalid-,-Invalid-,-Invalid-,-Invalid-,-Invalid-
6/5/2009 12:40,-Invalid-,-Invalid-,-Invalid-,-Invalid-,-Invalid-,-Invalid-,-Invalid-,-Invalid-,-Invalid-,-Invalid-
6/5/2009 12:50,-Invalid-,-Invalid-,-Invalid-,-Invalid-,-Invalid-,-Invalid-,-Invalid-,-Invalid-,-Invalid-,-Invalid-
6/5/2009 13:00,-Invalid-,-Invalid-,-Invalid-,-Invalid-,-Invalid-,-Invalid-,-Invalid-,-Invalid-,-Invalid-,-Invalid-
6/5/2009 13:10,-Invalid-,-Invalid-,-Invalid-,-Invalid-,-Invalid-,-Invalid-,-Invalid-,-Invalid-,-Invalid-,-Invalid-
6/5/2009 13:20,-Invalid-,-Invalid-,-Invalid-,-Invalid-,-Invalid-,-Invalid-,-Invalid-,-Invalid-,-Invalid-,-Invalid-
6/5/2009 13:30,-Invalid-,-Invalid-,-Invalid-,-Invalid-,-Invalid-,-Invalid-,-Invalid-,-Invalid-,-Invalid-,-Invalid-
6/5/2009 13:40,-Invalid-,-Invalid-,-Invalid-,-Invalid-,-Invalid-,-Invalid-,-Invalid-,-Invalid-,-Invalid-,-Invalid-
6/5/2009 13:50,-Invalid-,-Invalid-,-Invalid-,-Invalid-,-Invalid-,-Invalid-,-Invalid-,-Invalid-,-Invalid-,-Invalid-
6/5/2009 14:00,-Invalid-,-Invalid-,-Invalid-,-Invalid-,-Invalid-,-Invalid-,-Invalid-,-Invalid-,-Invalid-,-Invalid-
6/5/2009 14:10,-Invalid-,-Invalid-,-Invalid-,-Invalid-,-Invalid-,-Invalid-,-Invalid-,-Invalid-,-Invalid-,-Invalid-
6/5/2009 14:20,-Invalid-,-Invalid-,-Invalid-,-Invalid-,-Invalid-,-Invalid-,-Invalid-,-Invalid-,-Invalid-,-Invalid-
6/5/2009 14:30,-Invalid-,-Invalid-,-Invalid-,-Invalid-,-Invalid-,-Invalid-,-Invalid-,-Invalid-,-Invalid-,-Invalid-
6/5/2009 14:40,-Invalid-,-Invalid-,-Invalid-,-Invalid-,-Invalid-,-Invalid-,-Invalid-,-Invalid-,-Invalid-,-Invalid-
6/5/2009 14:50,-Invalid-,-Invalid-,-Invalid-,-Invalid-,-Invalid-,-Invalid-,-Invalid-,-Invalid-,-Invalid-,-Invalid-
6/5/2009 15:00,-Invalid-,-Invalid-,-Invalid-,-Invalid-,-Invalid-,-Invalid-,-Invalid-,-Invalid-,-Invalid-,-Invalid-
6/5/2009 15:10,-Invalid-,-Invalid-,-Invalid-,-Invalid-,-Invalid-,-Invalid-,-Invalid-,-Invalid-,-Invalid-,-Invalid-
6/5/2009 15:20,-Invalid-,-Invalid-,-Invalid-,-Invalid-,-Invalid-,-Invalid-,-Invalid-,-Invalid-,-Invalid-,-Invalid-
6/5/2009 15:30,-Invalid-,-Invalid-,-Invalid-,-Invalid-,-Invalid-,-Invalid-,-Invalid-,-Invalid-,-Invalid-,-Invalid-
6/5/2009 15:40,-Invalid-,-Invalid-,-Invalid-,-Invalid-,-Invalid-,-Invalid-,-Invalid-,-Invalid-,-Invalid-,-Invalid-
6/5/2009 15:50,-Invalid-,-Invalid-,-Invalid-,-Invalid-,-Invalid-,-Invalid-,-Invalid-,-Invalid-,-Invalid-,-Invalid-
6/5/2009 16:00,-Invalid-,-Invalid-,-Invalid-,-Invalid-,-Invalid-,-Invalid-,-Invalid-,-Invalid-,-Invalid-,-Invalid-
6/5/2009 16:10,-Invalid-,-Invalid-,-Invalid-,-Invalid-,-Invalid-,-Invalid-,-Invalid-,-Invalid-,-Invalid-,-Invalid-
6/5/2009 16:20,-Invalid-,-Invalid-,-Invalid-,-Invalid-,-Invalid-,-Invalid-,-Invalid-,-Invalid-,-Invalid-,-Invalid-
6/5/2009 16:30,-Invalid-,-Invalid-,-Invalid-,-Invalid-,-Invalid-,-Invalid-,-Invalid-,-Invalid-,-Invalid-,-Invalid-
6/5/2009 16:40,-Invalid-,-Invalid-,-Invalid-,-Invalid-,-Invalid-,-Invalid-,-Invalid-,-Invalid-,-Invalid-,-Invalid-
6/5/2009 16:50,-Invalid-,-Invalid-,-Invalid-,-Invalid-,-Invalid-,-Invalid-,-Invalid-,-Invalid-,-Invalid-,-Invalid-
6/5/2009 17:00,-Invalid-,-Invalid-,-Invalid-,-Invalid-,-Invalid-,-Invalid-,-Invalid-,-Invalid-,-Invalid-,-Invalid-
6/5/2009 17:10,-Invalid-,-Invalid-,-Invalid-,-Invalid-,-Invalid-,-Invalid-,-Invalid-,-Invalid-,-Invalid-,-Invalid-
6/5/2009 17:20,-Invalid-,-Invalid-,-Invalid-,-Invalid-,-Invalid-,-Invalid-,-Invalid-,-Invalid-,-Invalid-,-Invalid-
6/5/2009 17:30,-Invalid-,-Invalid-,-Invalid-,-Invalid-,-Invalid-,-Invalid-,-Invalid-,-Invalid-,-Invalid-,-Invalid-
6/5/2009 17:40,-Invalid-,-Invalid-,-Invalid-,-Invalid-,-Invalid-,-Invalid-,-Invalid-,-Invalid-,-Invalid-,-Invalid-
6/5/2009 17:50,-Invalid-,-Invalid-,-Invalid-,-Invalid-,-Invalid-,-Invalid-,-Invalid-,-Invalid-,-Invalid-,-Invalid-
6/5/2009 18:00,-Invalid-,-Invalid-,-Invalid-,-Invalid-,-Invalid-,-Invalid-,-Invalid-,-Invalid-,-Invalid-,-Invalid-
6/5/2009 18:10,-Invalid-,-Invalid-,-Invalid-,-Invalid-,-Invalid-,-Invalid-,-Invalid-,-Invalid-,-Invalid-,-Invalid-
6/5/2009 18:20,-Invalid-,-Invalid-,-Invalid-,-Invalid-,-Invalid-,-Invalid-,-Invalid-,-Invalid-,-Invalid-,-Invalid-
6/5/2009 18:30,-Invalid-,-Invalid-,-Invalid-,-Invalid-,-Invalid-,-Invalid-,-Invalid-,-Invalid-,-Invalid-,-Invalid-
6/5/2009 18:40,-Invalid-,-Invalid-,-Invalid-,-Invalid-,-Invalid-,-Invalid-,-Invalid-,-Invalid-,-Invalid-,-Invalid-
6/5/2009 18:50,-Invalid-,-Invalid-,-Invalid-,-Invalid-,-Invalid-,-Invalid-,-Invalid-,-Invalid-,-Invalid-,-Invalid-
6/5/2009 19:00,-Invalid-,-Invalid-,-Invalid-,-Invalid-,-Invalid-,-Invalid-,-Invalid-,-Invalid-,-Invalid-,-Invalid-
6/5/2009 19:10,-Invalid-,-Invalid-,-Invalid-,-Invalid-,-Invalid-,-Invalid-,-Invalid-,-Invalid-,-Invalid-,-Invalid-
6/5/2009 19:20,-Invalid-,-Invalid-,-Invalid-,-Invalid-,-Invalid-,-Invalid-,-Invalid-,-Invalid-,-Invalid-,-Invalid-
6/5/2009 19:30,-Invalid-,-Invalid-,-Invalid-,-Invalid-,-Invalid-,-Invalid-,-Invalid-,-Invalid-,-Invalid-,-Invalid-
6/5/2009 19:40,-Invalid-,-Invalid-,-Invalid-,-Invalid-,-Invalid-,-Invalid-,-Invalid-,-Invalid-,-Invalid-,-Invalid-
6/5/2009 19:50,-Invalid-,-Invalid-,-Invalid-,-Invalid-,-Invalid-,-Invalid-,-Invalid-,-Invalid-,-Invalid-,-Invalid-
6/5/2009 20:00,-Invalid-,-Invalid-,-Invalid-,-Invalid-,-Invalid-,-Invalid-,-Invalid-,-Invalid-,-Invalid-,-Invalid-
6/5/2009 20:10,-Invalid-,-Invalid-,-Invalid-,-Invalid-,-Invalid-,-Invalid-,-Invalid-,-Invalid-,-Invalid-,-Invalid-
6/5/2009 20:20,-Invalid-,-Invalid-,-Invalid-,-Invalid-,-Invalid-,-Invalid-,-Invalid-,-Invalid-,-Invalid-,-Invalid-
6/5/2009 20:30,-Invalid-,-Invalid-,-Invalid-,-Invalid-,-Invalid-,-Invalid-,-Invalid-,-Invalid-,-Invalid-,-Invalid-
6/5/2009 20:40,-Invalid-,-Invalid-,-Invalid-,-Invalid-,-Invalid-,-Invalid-,-Invalid-,-Invalid-,-Invalid-,-Invalid-
6/5/2009 20:50,-Invalid-,-Invalid-,-Invalid-,-Invalid-,-Invalid-,-Invalid-,-Invalid-,-Invalid-,-Invalid-,-Invalid-
6/5/2009 21:00,-Invalid-,-Invalid-,-Invalid-,-Invalid-,-Invalid-,-Invalid-,-Invalid-,-Invalid-,-Invalid-,-Invalid-
6/5/2009 21:10,-Invalid-,-Invalid-,-Invalid-,-Invalid-,-Invalid-,-Invalid-,-Invalid-,-Invalid-,-Invalid-,-Invalid-
6/5/2009 21:20,-Invalid-,-Invalid-,-Invalid-,-Invalid-,-Invalid-,-Invalid-,-Invalid-,-Invalid-,-Invalid-,-Invalid-
6/5/2009 21:30,-Invalid-,-Invalid-,-Invalid-,-Invalid-,-Invalid-,-Invalid-,-Invalid-,-Invalid-,-Invalid-,-Invalid-
6/5/2009 21:40,-Invalid-,-Invalid-,-Invalid-,-Invalid-,-Invalid-,-Invalid-,-Invalid-,-Invalid-,-Invalid-,-Invalid-
6/5/2009 21:50,-Invalid-,-Invalid-,-Invalid-,-Invalid-,-Invalid-,-Invalid-,-Invalid-,-Invalid-,-Invalid-,-Invalid-
6/5/2009 22:00,-Invalid-,-Invalid-,-Invalid-,-Invalid-,-Invalid-,-Invalid-,-Invalid-,-Invalid-,-Invalid-,-Invalid-
6/5/2009 22:10,-Invalid-,-Invalid-,-Invalid-,-Invalid-,-Invalid-,-Invalid-,-Invalid-,-Invalid-,-Invalid-,-Invalid-
6/5/2009 22:20,-Invalid-,-Invalid-,-Invalid-,-Invalid-,-Invalid-,-Invalid-,-Invalid-,-Invalid-,-Invalid-,-Invalid-
6/5/2009 22:30,-Invalid-,-Invalid-,-Invalid-,-Invalid-,-Invalid-,-Invalid-,-Invalid-,-Invalid-,-Invalid-,-Invalid-
6/5/2009 22:40,-Invalid-,-Invalid-,-Invalid-,-Invalid-,-Invalid-,-Invalid-,-Invalid-,-Invalid-,-Invalid-,-Invalid-
6/5/2009 22:50,-Invalid-,-Invalid-,-Invalid-,-Invalid-,-Invalid-,-Invalid-,-Invalid-,-Invalid-,-Invalid-,-Invalid-
6/5/2009 23:00,-Invalid-,-Invalid-,-Invalid-,-Invalid-,-Invalid-,-Invalid-,-Invalid-,-Invalid-,-Invalid-,-Invalid-
6/5/2009 23:10,-Invalid-,-Invalid-,-Invalid-,-Invalid-,-Invalid-,-Invalid-,-Invalid-,-Invalid-,-Invalid-,-Invalid-
6/5/2009 23:20,-Invalid-,-Invalid-,-Invalid-,-Invalid-,-Invalid-,-Invalid-,-Invalid-,-Invalid-,-Invalid-,-Invalid-
6/5/2009 23:30,-Invalid-,-Invalid-,-Invalid-,-Invalid-,-Invalid-,-Invalid-,-Invalid-,-Invalid-,-Invalid-,-Invalid-
6/5/2009 23:40,-Invalid-,-Invalid-,-Invalid-,-Invalid-,-Invalid-,-Invalid-,-Invalid-,-Invalid-,-Invalid-,-Invalid-
6/5/2009 23:50,-Invalid-,-Invalid-,-Invalid-,-Invalid-,-Invalid-,-Invalid-,-Invalid-,-Invalid-,-Invalid-,-Invalid-
6/6/2009 0:00,-Invalid-,-Invalid-,-Invalid-,-Invalid-,-Invalid-,-Invalid-,-Invalid-,-Invalid-,-Invalid-,-Invalid-
6/6/2009 0:10,-Invalid-,-Invalid-,-Invalid-,-Invalid-,-Invalid-,-Invalid-,-Invalid-,-Invalid-,-Invalid-,-Invalid-
6/6/2009 0:20,-Invalid-,-Invalid-,-Invalid-,-Invalid-,-Invalid-,-Invalid-,-Invalid-,-Invalid-,-Invalid-,-Invalid-
6/6/2009 0:30,-Invalid-,-Invalid-,-Invalid-,-Invalid-,-Invalid-,-Invalid-,-Invalid-,-Invalid-,-Invalid-,-Invalid-
6/6/2009 0:40,-Invalid-,-Invalid-,-Invalid-,-Invalid-,-Invalid-,-Invalid-,-Invalid-,-Invalid-,-Invalid-,-Invalid-
6/6/2009 0:50,-Invalid-,-Invalid-,-Invalid-,-Invalid-,-Invalid-,-Invalid-,-Invalid-,-Invalid-,-Invalid-,-Invalid-
6/6/2009 1:00,-Invalid-,-Invalid-,-Invalid-,-Invalid-,-Invalid-,-Invalid-,-Invalid-,-Invalid-,-Invalid-,-Invalid-
6/6/2009 1:10,-Invalid-,-Invalid-,-Invalid-,-Invalid-,-Invalid-,-Invalid-,-Invalid-,-Invalid-,-Invalid-,-Invalid-
6/6/2009 1:20,-Invalid-,-Invalid-,-Invalid-,-Invalid-,-Invalid-,-Invalid-,-Invalid-,-Invalid-,-Invalid-,-Invalid-
6/6/2009 1:30,-Invalid-,-Invalid-,-Invalid-,-Invalid-,-Invalid-,-Invalid-,-Invalid-,-Invalid-,-Invalid-,-Invalid-
6/6/2009 1:40,-Invalid-,-Invalid-,-Invalid-,-Invalid-,-Invalid-,-Invalid-,-Invalid-,-Invalid-,-Invalid-,-Invalid-
6/6/2009 1:50,-Invalid-,-Invalid-,-Invalid-,-Invalid-,-Invalid-,-Invalid-,-Invalid-,-Invalid-,-Invalid-,-Invalid-
6/6/2009 2:00,-Invalid-,-Invalid-,-Invalid-,-Invalid-,-Invalid-,-Invalid-,-Invalid-,-Invalid-,-Invalid-,-Invalid-
6/6/2009 2:10,-Invalid-,-Invalid-,-Invalid-,-Invalid-,-Invalid-,-Invalid-,-Invalid-,-Invalid-,-Invalid-,-Invalid-
6/6/2009 2:20,-Invalid-,-Invalid-,-Invalid-,-Invalid-,-Invalid-,-Invalid-,-Invalid-,-Invalid-,-Invalid-,-Invalid-
6/6/2009 2:30,-Invalid-,-Invalid-,-Invalid-,-Invalid-,-Invalid-,-Invalid-,-Invalid-,-Invalid-,-Invalid-,-Invalid-
6/6/2009 2:40,-Invalid-,-Invalid-,-Invalid-,-Invalid-,-Invalid-,-Invalid-,-Invalid-,-Invalid-,-Invalid-,-Invalid-
6/6/2009 2:50,-Invalid-,-Invalid-,-Invalid-,-Invalid-,-Invalid-,-Invalid-,-Invalid-,-Invalid-,-Invalid-,-Invalid-
6/6/2009 3:00,-Invalid-,-Invalid-,-Invalid-,-Invalid-,-Invalid-,-Invalid-,-Invalid-,-Invalid-,-Invalid-,-Invalid-
6/6/2009 3:10,-Invalid-,-Invalid-,-Invalid-,-Invalid-,-Invalid-,-Invalid-,-Invalid-,-Invalid-,-Invalid-,-Invalid-
6/6/2009 3:20,-Invalid-,-Invalid-,-Invalid-,-Invalid-,-Invalid-,-Invalid-,-Invalid-,-Invalid-,-Invalid-,-Invalid-
6/6/2009 3:30,-Invalid-,-Invalid-,-Invalid-,-Invalid-,-Invalid-,-Invalid-,-Invalid-,-Invalid-,-Invalid-,-Invalid-
6/6/2009 3:40,-Invalid-,-Invalid-,-Invalid-,-Invalid-,-Invalid-,-Invalid-,-Invalid-,-Invalid-,-Invalid-,-Invalid-
6/6/2009 3:50,-Invalid-,-Invalid-,-Invalid-,-Invalid-,-Invalid-,-Invalid-,-Invalid-,-Invalid-,-Invalid-,-Invalid-
6/6/2009 4:00,-Invalid-,-Invalid-,-Invalid-,-Invalid-,-Invalid-,-Invalid-,-Invalid-,-Invalid-,-Invalid-,-Invalid-
6/6/2009 4:10,-Invalid-,-Invalid-,-Invalid-,-Invalid-,-Invalid-,-Invalid-,-Invalid-,-Invalid-,-Invalid-,-Invalid-
6/6/2009 4:20,-Invalid-,-Invalid-,-Invalid-,-Invalid-,-Invalid-,-Invalid-,-Invalid-,-Invalid-,-Invalid-,-Invalid-
6/6/2009 4:30,-Invalid-,-Invalid-,-Invalid-,-Invalid-,-Invalid-,-Invalid-,-Invalid-,-Invalid-,-Invalid-,-Invalid-
6/6/2009 4:40,-Invalid-,-Invalid-,-Invalid-,-Invalid-,-Invalid-,-Invalid-,-Invalid-,-Invalid-,-Invalid-,-Invalid-
6/6/2009 4:50,-Invalid-,-Invalid-,-Invalid-,-Invalid-,-Invalid-,-Invalid-,-Invalid-,-Invalid-,-Invalid-,-Invalid-
6/6/2009 5:00,-Invalid-,-Invalid-,-Invalid-,-Invalid-,-Invalid-,-Invalid-,-Invalid-,-Invalid-,-Invalid-,-Invalid-
6/6/2009 5:10,-Invalid-,-Invalid-,-Invalid-,-Invalid-,-Invalid-,-Invalid-,-Invalid-,-Invalid-,-Invalid-,-Invalid-
6/6/2009 5:20,-Invalid-,-Invalid-,-Invalid-,-Invalid-,-Invalid-,-Invalid-,-Invalid-,-Invalid-,-Invalid-,-Invalid-
6/6/2009 5:30,-Invalid-,-Invalid-,-Invalid-,-Invalid-,-Invalid-,-Invalid-,-Invalid-,-Invalid-,-Invalid-,-Invalid-
6/6/2009 5:40,-Invalid-,-Invalid-,-Invalid-,-Invalid-,-Invalid-,-Invalid-,-Invalid-,-Invalid-,-Invalid-,-Invalid-
6/6/2009 5:50,-Invalid-,-Invalid-,-Invalid-,-Invalid-,-Invalid-,-Invalid-,-Invalid-,-Invalid-,-Invalid-,-Invalid-
6/6/2009 6:00,-Invalid-,-Invalid-,-Invalid-,-Invalid-,-Invalid-,-Invalid-,-Invalid-,-Invalid-,-Invalid-,-Invalid-
6/6/2009 6:10,-Invalid-,-Invalid-,-Invalid-,-Invalid-,-Invalid-,-Invalid-,-Invalid-,-Invalid-,-Invalid-,-Invalid-
6/6/2009 6:20,-Invalid-,-Invalid-,-Invalid-,-Invalid-,-Invalid-,-Invalid-,-Invalid-,-Invalid-,-Invalid-,-Invalid-
6/6/2009 6:30,-Invalid-,-Invalid-,-Invalid-,-Invalid-,-Invalid-,-Invalid-,-Invalid-,-Invalid-,-Invalid-,-Invalid-
6/6/2009 6:40,-Invalid-,-Invalid-,-Invalid-,-Invalid-,-Invalid-,-Invalid-,-Invalid-,-Invalid-,-Invalid-,-Invalid-
6/6/2009 6:50,-Invalid-,-Invalid-,-Invalid-,-Invalid-,-Invalid-,-Invalid-,-Invalid-,-Invalid-,-Invalid-,-Invalid-
6/6/2009 7:00,-Invalid-,-Invalid-,-Invalid-,-Invalid-,-Invalid-,-Invalid-,-Invalid-,-Invalid-,-Invalid-,-Invalid-
6/6/2009 7:10,-Invalid-,-Invalid-,-Invalid-,-Invalid-,-Invalid-,-Invalid-,-Invalid-,-Invalid-,-Invalid-,-Invalid-
6/6/2009 7:20,-Invalid-,-Invalid-,-Invalid-,-Invalid-,-Invalid-,-Invalid-,-Invalid-,-Invalid-,-Invalid-,-Invalid-
6/6/2009 7:30,-Invalid-,-Invalid-,-Invalid-,-Invalid-,-Invalid-,-Invalid-,-Invalid-,-Invalid-,-Invalid-,-Invalid-
6/6/2009 7:40,-Invalid-,-Invalid-,-Invalid-,-Invalid-,-Invalid-,-Invalid-,-Invalid-,-Invalid-,-Invalid-,-Invalid-
6/6/2009 7:50,-Invalid-,-Invalid-,-Invalid-,-Invalid-,-Invalid-,-Invalid-,-Invalid-,-Invalid-,-Invalid-,-Invalid-
6/6/2009 8:00,-Invalid-,-Invalid-,-Invalid-,-Invalid-,-Invalid-,-Invalid-,-Invalid-,-Invalid-,-Invalid-,-Invalid-
6/6/2009 8:10,-Invalid-,-Invalid-,-Invalid-,-Invalid-,-Invalid-,-Invalid-,-Invalid-,-Invalid-,-Invalid-,-Invalid-
6/6/2009 8:20,-Invalid-,-Invalid-,-Invalid-,-Invalid-,-Invalid-,-Invalid-,-Invalid-,-Invalid-,-Invalid-,-Invalid-
6/6/2009 8:30,-Invalid-,-Invalid-,-Invalid-,-Invalid-,-Invalid-,-Invalid-,-Invalid-,-Invalid-,-Invalid-,-Invalid-
6/6/2009 8:40,-Invalid-,-Invalid-,-Invalid-,-Invalid-,-Invalid-,-Invalid-,-Invalid-,-Invalid-,-Invalid-,-Invalid-
6/6/2009 8:50,-Invalid-,-Invalid-,-Invalid-,-Invalid-,-Invalid-,-Invalid-,-Invalid-,-Invalid-,-Invalid-,-Invalid-
6/6/2009 9:00,-Invalid-,-Invalid-,-Invalid-,-Invalid-,-Invalid-,-Invalid-,-Invalid-,-Invalid-,-Invalid-,-Invalid-
6/6/2009 9:10,-Invalid-,-Invalid-,-Invalid-,-Invalid-,-Invalid-,-Invalid-,-Invalid-,-Invalid-,-Invalid-,-Invalid-
6/6/2009 9:20,-Invalid-,-Invalid-,-Invalid-,-Invalid-,-Invalid-,-Invalid-,-Invalid-,-Invalid-,-Invalid-,-Invalid-
6/6/2009 9:30,-Invalid-,-Invalid-,-Invalid-,-Invalid-,-Invalid-,-Invalid-,-Invalid-,-Invalid-,-Invalid-,-Invalid-
6/6/2009 9:40,-Invalid-,-Invalid-,-Invalid-,-Invalid-,-Invalid-,-Invalid-,-Invalid-,-Invalid-,-Invalid-,-Invalid-
6/6/2009 9:50,-Invalid-,-Invalid-,-Invalid-,-Invalid-,-Invalid-,-Invalid-,-Invalid-,-Invalid-,-Invalid-,-Invalid-
6/6/2009 10:00,-Invalid-,-Invalid-,-Invalid-,-Invalid-,-Invalid-,-Invalid-,-Invalid-,-Invalid-,-Invalid-,-Invalid-
6/6/2009 10:10,-Invalid-,-Invalid-,-Invalid-,-Invalid-,-Invalid-,-Invalid-,-Invalid-,-Invalid-,-Invalid-,-Invalid-
6/6/2009 10:20,-Invalid-,-Invalid-,-Invalid-,-Invalid-,-Invalid-,-Invalid-,-Invalid-,-Invalid-,-Invalid-,-Invalid-
6/6/2009 10:30,-Invalid-,-Invalid-,-Invalid-,-Invalid-,-Invalid-,-Invalid-,-Invalid-,-Invalid-,-Invalid-,-Invalid-
6/6/2009 10:40,-Invalid-,-Invalid-,-Invalid-,-Invalid-,-Invalid-,-Invalid-,-Invalid-,-Invalid-,-Invalid-,-Invalid-
6/6/2009 10:50,-Invalid-,-Invalid-,-Invalid-,-Invalid-,-Invalid-,-Invalid-,-Invalid-,-Invalid-,-Invalid-,-Invalid-
6/6/2009 11:00,-Invalid-,-Invalid-,-Invalid-,-Invalid-,-Invalid-,-Invalid-,-Invalid-,-Invalid-,-Invalid-,-Invalid-
6/6/2009 11:10,-Invalid-,-Invalid-,-Invalid-,-Invalid-,-Invalid-,-Invalid-,-Invalid-,-Invalid-,-Invalid-,-Invalid-
6/6/2009 11:20,-Invalid-,-Invalid-,-Invalid-,-Invalid-,-Invalid-,-Invalid-,-Invalid-,-Invalid-,-Invalid-,-Invalid-
6/6/2009 11:30,-Invalid-,-Invalid-,-Invalid-,-Invalid-,-Invalid-,-Invalid-,-Invalid-,-Invalid-,-Invalid-,-Invalid-
6/6/2009 11:40,-Invalid-,-Invalid-,-Invalid-,-Invalid-,-Invalid-,-Invalid-,-Invalid-,-Invalid-,-Invalid-,-Invalid-
6/6/2009 11:50,-Invalid-,-Invalid-,-Invalid-,-Invalid-,-Invalid-,-Invalid-,-Invalid-,-Invalid-,-Invalid-,-Invalid-
6/6/2009 12:00,-Invalid-,-Invalid-,-Invalid-,-Invalid-,-Invalid-,-Invalid-,-Invalid-,-Invalid-,-Invalid-,-Invalid-
6/6/2009 12:10,-Invalid-,-Invalid-,-Invalid-,-Invalid-,-Invalid-,-Invalid-,-Invalid-,-Invalid-,-Invalid-,-Invalid-
6/6/2009 12:20,-Invalid-,-Invalid-,-Invalid-,-Invalid-,-Invalid-,-Invalid-,-Invalid-,-Invalid-,-Invalid-,-Invalid-
6/6/2009 12:30,-Invalid-,-Invalid-,-Invalid-,-Invalid-,-Invalid-,-Invalid-,-Invalid-,-Invalid-,-Invalid-,-Invalid-
6/6/2009 12:40,-Invalid-,-Invalid-,-Invalid-,-Invalid-,-Invalid-,-Invalid-,-Invalid-,-Invalid-,-Invalid-,-Invalid-
6/6/2009 12:50,-Invalid-,-Invalid-,-Invalid-,-Invalid-,-Invalid-,-Invalid-,-Invalid-,-Invalid-,-Invalid-,-Invalid-
6/6/2009 13:00,-Invalid-,-Invalid-,-Invalid-,-Invalid-,-Invalid-,-Invalid-,-Invalid-,-Invalid-,-Invalid-,-Invalid-
6/6/2009 13:10,-Invalid-,-Invalid-,-Invalid-,-Invalid-,-Invalid-,-Invalid-,-Invalid-,-Invalid-,-Invalid-,-Invalid-
6/6/2009 13:20,-Invalid-,-Invalid-,-Invalid-,-Invalid-,-Invalid-,-Invalid-,-Invalid-,-Invalid-,-Invalid-,-Invalid-
6/6/2009 13:30,-Invalid-,-Invalid-,-Invalid-,-Invalid-,-Invalid-,-Invalid-,-Invalid-,-Invalid-,-Invalid-,-Invalid-
6/6/2009 13:40,-Invalid-,-Invalid-,-Invalid-,-Invalid-,-Invalid-,-Invalid-,-Invalid-,-Invalid-,-Invalid-,-Invalid-
6/6/2009 13:50,-Invalid-,-Invalid-,-Invalid-,-Invalid-,-Invalid-,-Invalid-,-Invalid-,-Invalid-,-Invalid-,-Invalid-
6/6/2009 14:00,-Invalid-,-Invalid-,-Invalid-,-Invalid-,-Invalid-,-Invalid-,-Invalid-,-Invalid-,-Invalid-,-Invalid-
6/6/2009 14:10,-Invalid-,-Invalid-,-Invalid-,-Invalid-,-Invalid-,-Invalid-,-Invalid-,-Invalid-,-Invalid-,-Invalid-
6/6/2009 14:20,-Invalid-,-Invalid-,-Invalid-,-Invalid-,-Invalid-,-Invalid-,-Invalid-,-Invalid-,-Invalid-,-Invalid-
6/6/2009 14:30,-Invalid-,-Invalid-,-Invalid-,-Invalid-,-Invalid-,-Invalid-,-Invalid-,-Invalid-,-Invalid-,-Invalid-
6/6/2009 14:40,-Invalid-,-Invalid-,-Invalid-,-Invalid-,-Invalid-,-Invalid-,-Invalid-,-Invalid-,-Invalid-,-Invalid-
6/6/2009 14:50,-Invalid-,-Invalid-,-Invalid-,-Invalid-,-Invalid-,-Invalid-,-Invalid-,-Invalid-,-Invalid-,-Invalid-
6/6/2009 15:00,-Invalid-,-Invalid-,-Invalid-,-Invalid-,-Invalid-,-Invalid-,-Invalid-,-Invalid-,-Invalid-,-Invalid-
6/6/2009 15:10,-Invalid-,-Invalid-,-Invalid-,-Invalid-,-Invalid-,-Invalid-,-Invalid-,-Invalid-,-Invalid-,-Invalid-
6/6/2009 15:20,-Invalid-,-Invalid-,-Invalid-,-Invalid-,-Invalid-,-Invalid-,-Invalid-,-Invalid-,-Invalid-,-Invalid-
6/6/2009 15:30,-Invalid-,-Invalid-,-Invalid-,-Invalid-,-Invalid-,-Invalid-,-Invalid-,-Invalid-,-Invalid-,-Invalid-
6/6/2009 15:40,-Invalid-,-Invalid-,-Invalid-,-Invalid-,-Invalid-,-Invalid-,-Invalid-,-Invalid-,-Invalid-,-Invalid-
6/6/2009 15:50,-Invalid-,-Invalid-,-Invalid-,-Invalid-,-Invalid-,-Invalid-,-Invalid-,-Invalid-,-Invalid-,-Invalid-
6/6/2009 16:00,-Invalid-,-Invalid-,-Invalid-,-Invalid-,-Invalid-,-Invalid-,-Invalid-,-Invalid-,-Invalid-,-Invalid-
6/6/2009 16:10,-Invalid-,-Invalid-,-Invalid-,-Invalid-,-Invalid-,-Invalid-,-Invalid-,-Invalid-,-Invalid-,-Invalid-
6/6/2009 16:20,-Invalid-,-Invalid-,-Invalid-,-Invalid-,-Invalid-,-Invalid-,-Invalid-,-Invalid-,-Invalid-,-Invalid-
6/6/2009 16:30,-Invalid-,-Invalid-,-Invalid-,-Invalid-,-Invalid-,-Invalid-,-Invalid-,-Invalid-,-Invalid-,-Invalid-
6/6/2009 16:40,-Invalid-,-Invalid-,-Invalid-,-Invalid-,-Invalid-,-Invalid-,-Invalid-,-Invalid-,-Invalid-,-Invalid-
6/6/2009 16:50,-Invalid-,-Invalid-,-Invalid-,-Invalid-,-Invalid-,-Invalid-,-Invalid-,-Invalid-,-Invalid-,-Invalid-
6/6/2009 17:00,-Invalid-,-Invalid-,-Invalid-,-Invalid-,-Invalid-,-Invalid-,-Invalid-,-Invalid-,-Invalid-,-Invalid-
6/6/2009 17:10,-Invalid-,-Invalid-,-Invalid-,-Invalid-,-Invalid-,-Invalid-,-Invalid-,-Invalid-,-Invalid-,-Invalid-
6/6/2009 17:20,-Invalid-,-Invalid-,-Invalid-,-Invalid-,-Invalid-,-Invalid-,-Invalid-,-Invalid-,-Invalid-,-Invalid-
6/6/2009 17:30,-Invalid-,-Invalid-,-Invalid-,-Invalid-,-Invalid-,-Invalid-,-Invalid-,-Invalid-,-Invalid-,-Invalid-
6/6/2009 17:40,-Invalid-,-Invalid-,-Invalid-,-Invalid-,-Invalid-,-Invalid-,-Invalid-,-Invalid-,-Invalid-,-Invalid-
6/6/2009 17:50,-Invalid-,-Invalid-,-Invalid-,-Invalid-,-Invalid-,-Invalid-,-Invalid-,-Invalid-,-Invalid-,-Invalid-
6/6/2009 18:00,-Invalid-,-Invalid-,-Invalid-,-Invalid-,-Invalid-,-Invalid-,-Invalid-,-Invalid-,-Invalid-,-Invalid-
6/6/2009 18:10,-Invalid-,-Invalid-,-Invalid-,-Invalid-,-Invalid-,-Invalid-,-Invalid-,-Invalid-,-Invalid-,-Invalid-
6/6/2009 18:20,-Invalid-,-Invalid-,-Invalid-,-Invalid-,-Invalid-,-Invalid-,-Invalid-,-Invalid-,-Invalid-,-Invalid-
6/6/2009 18:30,-Invalid-,-Invalid-,-Invalid-,-Invalid-,-Invalid-,-Invalid-,-Invalid-,-Invalid-,-Invalid-,-Invalid-
6/6/2009 18:40,-Invalid-,-Invalid-,-Invalid-,-Invalid-,-Invalid-,-Invalid-,-Invalid-,-Invalid-,-Invalid-,-Invalid-
6/6/2009 18:50,-Invalid-,-Invalid-,-Invalid-,-Invalid-,-Invalid-,-Invalid-,-Invalid-,-Invalid-,-Invalid-,-Invalid-
6/6/2009 19:00,-Invalid-,-Invalid-,-Invalid-,-Invalid-,-Invalid-,-Invalid-,-Invalid-,-Invalid-,-Invalid-,-Invalid-
6/6/2009 19:10,-Invalid-,-Invalid-,-Invalid-,-Invalid-,-Invalid-,-Invalid-,-Invalid-,-Invalid-,-Invalid-,-Invalid-
6/6/2009 19:20,-Invalid-,-Invalid-,-Invalid-,-Invalid-,-Invalid-,-Invalid-,-Invalid-,-Invalid-,-Invalid-,-Invalid-
6/6/2009 19:30,-Invalid-,-Invalid-,-Invalid-,-Invalid-,-Invalid-,-Invalid-,-Invalid-,-Invalid-,-Invalid-,-Invalid-
6/6/2009 19:40,-Invalid-,-Invalid-,-Invalid-,-Invalid-,-Invalid-,-Invalid-,-Invalid-,-Invalid-,-Invalid-,-Invalid-
6/6/2009 19:50,-Invalid-,-Invalid-,-Invalid-,-Invalid-,-Invalid-,-Invalid-,-Invalid-,-Invalid-,-Invalid-,-Invalid-
6/6/2009 20:00,-Invalid-,-Invalid-,-Invalid-,-Invalid-,-Invalid-,-Invalid-,-Invalid-,-Invalid-,-Invalid-,-Invalid-
6/6/2009 20:10,-Invalid-,-Invalid-,-Invalid-,-Invalid-,-Invalid-,-Invalid-,-Invalid-,-Invalid-,-Invalid-,-Invalid-
6/6/2009 20:20,-Invalid-,-Invalid-,-Invalid-,-Invalid-,-Invalid-,-Invalid-,-Invalid-,-Invalid-,-Invalid-,-Invalid-
6/6/2009 20:30,-Invalid-,-Invalid-,-Invalid-,-Invalid-,-Invalid-,-Invalid-,-Invalid-,-Invalid-,-Invalid-,-Invalid-
6/6/2009 20:40,-Invalid-,-Invalid-,-Invalid-,-Invalid-,-Invalid-,-Invalid-,-Invalid-,-Invalid-,-Invalid-,-Invalid-
6/6/2009 20:50,-Invalid-,-Invalid-,-Invalid-,-Invalid-,-Invalid-,-Invalid-,-Invalid-,-Invalid-,-Invalid-,-Invalid-
6/6/2009 21:00,-Invalid-,-Invalid-,-Invalid-,-Invalid-,-Invalid-,-Invalid-,-Invalid-,-Invalid-,-Invalid-,-Invalid-
6/6/2009 21:10,-Invalid-,-Invalid-,-Invalid-,-Invalid-,-Invalid-,-Invalid-,-Invalid-,-Invalid-,-Invalid-,-Invalid-
6/6/2009 21:20,-Invalid-,-Invalid-,-Invalid-,-Invalid-,-Invalid-,-Invalid-,-Invalid-,-Invalid-,-Invalid-,-Invalid-
6/6/2009 21:30,-Invalid-,-Invalid-,-Invalid-,-Invalid-,-Invalid-,-Invalid-,-Invalid-,-Invalid-,-Invalid-,-Invalid-
6/6/2009 21:40,-Invalid-,-Invalid-,-Invalid-,-Invalid-,-Invalid-,-Invalid-,-Invalid-,-Invalid-,-Invalid-,-Invalid-
6/6/2009 21:50,-Invalid-,-Invalid-,-Invalid-,-Invalid-,-Invalid-,-Invalid-,-Invalid-,-Invalid-,-Invalid-,-Invalid-
6/6/2009 22:00,-Invalid-,-Invalid-,-Invalid-,-Invalid-,-Invalid-,-Invalid-,-Invalid-,-Invalid-,-Invalid-,-Invalid-
6/6/2009 22:10,-Invalid-,-Invalid-,-Invalid-,-Invalid-,-Invalid-,-Invalid-,-Invalid-,-Invalid-,-Invalid-,-Invalid-
6/6/2009 22:20,-Invalid-,-Invalid-,-Invalid-,-Invalid-,-Invalid-,-Invalid-,-Invalid-,-Invalid-,-Invalid-,-Invalid-
6/6/2009 22:30,-Invalid-,-Invalid-,-Invalid-,-Invalid-,-Invalid-,-Invalid-,-Invalid-,-Invalid-,-Invalid-,-Invalid-
6/6/2009 22:40,-Invalid-,-Invalid-,-Invalid-,-Invalid-,-Invalid-,-Invalid-,-Invalid-,-Invalid-,-Invalid-,-Invalid-
6/6/2009 22:50,-Invalid-,-Invalid-,-Invalid-,-Invalid-,-Invalid-,-Invalid-,-Invalid-,-Invalid-,-Invalid-,-Invalid-
6/6/2009 23:00,-Invalid-,-Invalid-,-Invalid-,-Invalid-,-Invalid-,-Invalid-,-Invalid-,-Invalid-,-Invalid-,-Invalid-
6/6/2009 23:10,-Invalid-,-Invalid-,-Invalid-,-Invalid-,-Invalid-,-Invalid-,-Invalid-,-Invalid-,-Invalid-,-Invalid-
6/6/2009 23:20,-Invalid-,-Invalid-,-Invalid-,-Invalid-,-Invalid-,-Invalid-,-Invalid-,-Invalid-,-Invalid-,-Invalid-
6/6/2009 23:30,-Invalid-,-Invalid-,-Invalid-,-Invalid-,-Invalid-,-Invalid-,-Invalid-,-Invalid-,-Invalid-,-Invalid-
6/6/2009 23:40,-Invalid-,-Invalid-,-Invalid-,-Invalid-,-Invalid-,-Invalid-,-Invalid-,-Invalid-,-Invalid-,-Invalid-
6/6/2009 23:50,-Invalid-,-Invalid-,-Invalid-,-Invalid-,-Invalid-,-Invalid-,-Invalid-,-Invalid-,-Invalid-,-Invalid-
6/7/2009 0:00,-Invalid-,-Invalid-,-Invalid-,-Invalid-,-Invalid-,-Invalid-,-Invalid-,-Invalid-,-Invalid-,-Invalid-
6/7/2009 0:10,-Invalid-,-Invalid-,-Invalid-,-Invalid-,-Invalid-,-Invalid-,-Invalid-,-Invalid-,-Invalid-,-Invalid-
6/7/2009 0:20,-Invalid-,-Invalid-,-Invalid-,-Invalid-,-Invalid-,-Invalid-,-Invalid-,-Invalid-,-Invalid-,-Invalid-
6/7/2009 0:30,-Invalid-,-Invalid-,-Invalid-,-Invalid-,-Invalid-,-Invalid-,-Invalid-,-Invalid-,-Invalid-,-Invalid-
6/7/2009 0:40,-Invalid-,-Invalid-,-Invalid-,-Invalid-,-Invalid-,-Invalid-,-Invalid-,-Invalid-,-Invalid-,-Invalid-
6/7/2009 0:50,-Invalid-,-Invalid-,-Invalid-,-Invalid-,-Invalid-,-Invalid-,-Invalid-,-Invalid-,-Invalid-,-Invalid-
6/7/2009 1:00,-Invalid-,-Invalid-,-Invalid-,-Invalid-,-Invalid-,-Invalid-,-Invalid-,-Invalid-,-Invalid-,-Invalid-
6/7/2009 1:10,-Invalid-,-Invalid-,-Invalid-,-Invalid-,-Invalid-,-Invalid-,-Invalid-,-Invalid-,-Invalid-,-Invalid-
6/7/2009 1:20,-Invalid-,-Invalid-,-Invalid-,-Invalid-,-Invalid-,-Invalid-,-Invalid-,-Invalid-,-Invalid-,-Invalid-
6/7/2009 1:30,-Invalid-,-Invalid-,-Invalid-,-Invalid-,-Invalid-,-Invalid-,-Invalid-,-Invalid-,-Invalid-,-Invalid-
6/7/2009 1:40,-Invalid-,-Invalid-,-Invalid-,-Invalid-,-Invalid-,-Invalid-,-Invalid-,-Invalid-,-Invalid-,-Invalid-
6/7/2009 1:50,-Invalid-,-Invalid-,-Invalid-,-Invalid-,-Invalid-,-Invalid-,-Invalid-,-Invalid-,-Invalid-,-Invalid-
6/7/2009 2:00,-Invalid-,-Invalid-,-Invalid-,-Invalid-,-Invalid-,-Invalid-,-Invalid-,-Invalid-,-Invalid-,-Invalid-
6/7/2009 2:10,-Invalid-,-Invalid-,-Invalid-,-Invalid-,-Invalid-,-Invalid-,-Invalid-,-Invalid-,-Invalid-,-Invalid-
6/7/2009 2:20,-Invalid-,-Invalid-,-Invalid-,-Invalid-,-Invalid-,-Invalid-,-Invalid-,-Invalid-,-Invalid-,-Invalid-
6/7/2009 2:30,-Invalid-,-Invalid-,-Invalid-,-Invalid-,-Invalid-,-Invalid-,-Invalid-,-Invalid-,-Invalid-,-Invalid-
6/7/2009 2:40,-Invalid-,-Invalid-,-Invalid-,-Invalid-,-Invalid-,-Invalid-,-Invalid-,-Invalid-,-Invalid-,-Invalid-
6/7/2009 2:50,-Invalid-,-Invalid-,-Invalid-,-Invalid-,-Invalid-,-Invalid-,-Invalid-,-Invalid-,-Invalid-,-Invalid-
6/7/2009 3:00,-Invalid-,-Invalid-,-Invalid-,-Invalid-,-Invalid-,-Invalid-,-Invalid-,-Invalid-,-Invalid-,-Invalid-
6/7/2009 3:10,-Invalid-,-Invalid-,-Invalid-,-Invalid-,-Invalid-,-Invalid-,-Invalid-,-Invalid-,-Invalid-,-Invalid-
6/7/2009 3:20,-Invalid-,-Invalid-,-Invalid-,-Invalid-,-Invalid-,-Invalid-,-Invalid-,-Invalid-,-Invalid-,-Invalid-
6/7/2009 3:30,-Invalid-,-Invalid-,-Invalid-,-Invalid-,-Invalid-,-Invalid-,-Invalid-,-Invalid-,-Invalid-,-Invalid-
6/7/2009 3:40,-Invalid-,-Invalid-,-Invalid-,-Invalid-,-Invalid-,-Invalid-,-Invalid-,-Invalid-,-Invalid-,-Invalid-
6/7/2009 3:50,-Invalid-,-Invalid-,-Invalid-,-Invalid-,-Invalid-,-Invalid-,-Invalid-,-Invalid-,-Invalid-,-Invalid-
6/7/2009 4:00,-Invalid-,-Invalid-,-Invalid-,-Invalid-,-Invalid-,-Invalid-,-Invalid-,-Invalid-,-Invalid-,-Invalid-
6/7/2009 4:10,-Invalid-,-Invalid-,-Invalid-,-Invalid-,-Invalid-,-Invalid-,-Invalid-,-Invalid-,-Invalid-,-Invalid-
6/7/2009 4:20,-Invalid-,-Invalid-,-Invalid-,-Invalid-,-Invalid-,-Invalid-,-Invalid-,-Invalid-,-Invalid-,-Invalid-
6/7/2009 4:30,-Invalid-,-Invalid-,-Invalid-,-Invalid-,-Invalid-,-Invalid-,-Invalid-,-Invalid-,-Invalid-,-Invalid-
6/7/2009 4:40,-Invalid-,-Invalid-,-Invalid-,-Invalid-,-Invalid-,-Invalid-,-Invalid-,-Invalid-,-Invalid-,-Invalid-
6/7/2009 4:50,-Invalid-,-Invalid-,-Invalid-,-Invalid-,-Invalid-,-Invalid-,-Invalid-,-Invalid-,-Invalid-,-Invalid-
6/7/2009 5:00,-Invalid-,-Invalid-,-Invalid-,-Invalid-,-Invalid-,-Invalid-,-Invalid-,-Invalid-,-Invalid-,-Invalid-
6/7/2009 5:10,-Invalid-,-Invalid-,-Invalid-,-Invalid-,-Invalid-,-Invalid-,-Invalid-,-Invalid-,-Invalid-,-Invalid-
6/7/2009 5:20,-Invalid-,-Invalid-,-Invalid-,-Invalid-,-Invalid-,-Invalid-,-Invalid-,-Invalid-,-Invalid-,-Invalid-
6/7/2009 5:30,-Invalid-,-Invalid-,-Invalid-,-Invalid-,-Invalid-,-Invalid-,-Invalid-,-Invalid-,-Invalid-,-Invalid-
6/7/2009 5:40,-Invalid-,-Invalid-,-Invalid-,-Invalid-,-Invalid-,-Invalid-,-Invalid-,-Invalid-,-Invalid-,-Invalid-
6/7/2009 5:50,-Invalid-,-Invalid-,-Invalid-,-Invalid-,-Invalid-,-Invalid-,-Invalid-,-Invalid-,-Invalid-,-Invalid-
6/7/2009 6:00,-Invalid-,-Invalid-,-Invalid-,-Invalid-,-Invalid-,-Invalid-,-Invalid-,-Invalid-,-Invalid-,-Invalid-
6/7/2009 6:10,-Invalid-,-Invalid-,-Invalid-,-Invalid-,-Invalid-,-Invalid-,-Invalid-,-Invalid-,-Invalid-,-Invalid-
6/7/2009 6:20,-Invalid-,-Invalid-,-Invalid-,-Invalid-,-Invalid-,-Invalid-,-Invalid-,-Invalid-,-Invalid-,-Invalid-
6/7/2009 6:30,-Invalid-,-Invalid-,-Invalid-,-Invalid-,-Invalid-,-Invalid-,-Invalid-,-Invalid-,-Invalid-,-Invalid-
6/7/2009 6:40,-Invalid-,-Invalid-,-Invalid-,-Invalid-,-Invalid-,-Invalid-,-Invalid-,-Invalid-,-Invalid-,-Invalid-
6/7/2009 6:50,-Invalid-,-Invalid-,-Invalid-,-Invalid-,-Invalid-,-Invalid-,-Invalid-,-Invalid-,-Invalid-,-Invalid-
6/7/2009 7:00,-Invalid-,-Invalid-,-Invalid-,-Invalid-,-Invalid-,-Invalid-,-Invalid-,-Invalid-,-Invalid-,-Invalid-
6/7/2009 7:10,-Invalid-,-Invalid-,-Invalid-,-Invalid-,-Invalid-,-Invalid-,-Invalid-,-Invalid-,-Invalid-,-Invalid-
6/7/2009 7:20,-Invalid-,-Invalid-,-Invalid-,-Invalid-,-Invalid-,-Invalid-,-Invalid-,-Invalid-,-Invalid-,-Invalid-
6/7/2009 7:30,-Invalid-,-Invalid-,-Invalid-,-Invalid-,-Invalid-,-Invalid-,-Invalid-,-Invalid-,-Invalid-,-Invalid-
6/7/2009 7:40,-Invalid-,-Invalid-,-Invalid-,-Invalid-,-Invalid-,-Invalid-,-Invalid-,-Invalid-,-Invalid-,-Invalid-
6/7/2009 7:50,-Invalid-,-Invalid-,-Invalid-,-Invalid-,-Invalid-,-Invalid-,-Invalid-,-Invalid-,-Invalid-,-Invalid-
6/7/2009 8:00,-Invalid-,-Invalid-,-Invalid-,-Invalid-,-Invalid-,-Invalid-,-Invalid-,-Invalid-,-Invalid-,-Invalid-
6/7/2009 8:10,-Invalid-,-Invalid-,-Invalid-,-Invalid-,-Invalid-,-Invalid-,-Invalid-,-Invalid-,-Invalid-,-Invalid-
6/7/2009 8:20,-Invalid-,-Invalid-,-Invalid-,-Invalid-,-Invalid-,-Invalid-,-Invalid-,-Invalid-,-Invalid-,-Invalid-
6/7/2009 8:30,-Invalid-,-Invalid-,-Invalid-,-Invalid-,-Invalid-,-Invalid-,-Invalid-,-Invalid-,-Invalid-,-Invalid-
6/7/2009 8:40,-Invalid-,-Invalid-,-Invalid-,-Invalid-,-Invalid-,-Invalid-,-Invalid-,-Invalid-,-Invalid-,-Invalid-
6/7/2009 8:50,-Invalid-,-Invalid-,-Invalid-,-Invalid-,-Invalid-,-Invalid-,-Invalid-,-Invalid-,-Invalid-,-Invalid-
6/7/2009 9:00,-Invalid-,-Invalid-,-Invalid-,-Invalid-,-Invalid-,-Invalid-,-Invalid-,-Invalid-,-Invalid-,-Invalid-
6/7/2009 9:10,-Invalid-,-Invalid-,-Invalid-,-Invalid-,-Invalid-,-Invalid-,-Invalid-,-Invalid-,-Invalid-,-Invalid-
6/7/2009 9:20,-Invalid-,-Invalid-,-Invalid-,-Invalid-,-Invalid-,-Invalid-,-Invalid-,-Invalid-,-Invalid-,-Invalid-
6/7/2009 9:30,-Invalid-,-Invalid-,-Invalid-,-Invalid-,-Invalid-,-Invalid-,-Invalid-,-Invalid-,-Invalid-,-Invalid-
6/7/2009 9:40,-Invalid-,-Invalid-,-Invalid-,-Invalid-,-Invalid-,-Invalid-,-Invalid-,-Invalid-,-Invalid-,-Invalid-
6/7/2009 9:50,-Invalid-,-Invalid-,-Invalid-,-Invalid-,-Invalid-,-Invalid-,-Invalid-,-Invalid-,-Invalid-,-Invalid-
6/7/2009 10:00,-Invalid-,-Invalid-,-Invalid-,-Invalid-,-Invalid-,-Invalid-,-Invalid-,-Invalid-,-Invalid-,-Invalid-
6/7/2009 10:10,-Invalid-,-Invalid-,-Invalid-,-Invalid-,-Invalid-,-Invalid-,-Invalid-,-Invalid-,-Invalid-,-Invalid-
6/7/2009 10:20,-Invalid-,-Invalid-,-Invalid-,-Invalid-,-Invalid-,-Invalid-,-Invalid-,-Invalid-,-Invalid-,-Invalid-
6/7/2009 10:30,-Invalid-,-Invalid-,-Invalid-,-Invalid-,-Invalid-,-Invalid-,-Invalid-,-Invalid-,-Invalid-,-Invalid-
6/7/2009 10:40,-Invalid-,-Invalid-,-Invalid-,-Invalid-,-Invalid-,-Invalid-,-Invalid-,-Invalid-,-Invalid-,-Invalid-
6/7/2009 10:50,-Invalid-,-Invalid-,-Invalid-,-Invalid-,-Invalid-,-Invalid-,-Invalid-,-Invalid-,-Invalid-,-Invalid-
6/7/2009 11:00,-Invalid-,-Invalid-,-Invalid-,-Invalid-,-Invalid-,-Invalid-,-Invalid-,-Invalid-,-Invalid-,-Invalid-
6/7/2009 11:10,-Invalid-,-Invalid-,-Invalid-,-Invalid-,-Invalid-,-Invalid-,-Invalid-,-Invalid-,-Invalid-,-Invalid-
6/7/2009 11:20,-Invalid-,-Invalid-,-Invalid-,-Invalid-,-Invalid-,-Invalid-,-Invalid-,-Invalid-,-Invalid-,-Invalid-
6/7/2009 11:30,-Invalid-,-Invalid-,-Invalid-,-Invalid-,-Invalid-,-Invalid-,-Invalid-,-Invalid-,-Invalid-,-Invalid-
6/7/2009 11:40,-Invalid-,-Invalid-,-Invalid-,-Invalid-,-Invalid-,-Invalid-,-Invalid-,-Invalid-,-Invalid-,-Invalid-
6/7/2009 11:50,-Invalid-,-Invalid-,-Invalid-,-Invalid-,-Invalid-,-Invalid-,-Invalid-,-Invalid-,-Invalid-,-Invalid-
6/7/2009 12:00,-Invalid-,-Invalid-,-Invalid-,-Invalid-,-Invalid-,-Invalid-,-Invalid-,-Invalid-,-Invalid-,-Invalid-
6/7/2009 12:10,-Invalid-,-Invalid-,-Invalid-,-Invalid-,-Invalid-,-Invalid-,-Invalid-,-Invalid-,-Invalid-,-Invalid-
6/7/2009 12:20,-Invalid-,-Invalid-,-Invalid-,-Invalid-,-Invalid-,-Invalid-,-Invalid-,-Invalid-,-Invalid-,-Invalid-
6/7/2009 12:30,-Invalid-,-Invalid-,-Invalid-,-Invalid-,-Invalid-,-Invalid-,-Invalid-,-Invalid-,-Invalid-,-Invalid-
6/7/2009 12:40,-Invalid-,-Invalid-,-Invalid-,-Invalid-,-Invalid-,-Invalid-,-Invalid-,-Invalid-,-Invalid-,-Invalid-
6/7/2009 12:50,-Invalid-,-Invalid-,-Invalid-,-Invalid-,-Invalid-,-Invalid-,-Invalid-,-Invalid-,-Invalid-,-Invalid-
6/7/2009 13:00,-Invalid-,-Invalid-,-Invalid-,-Invalid-,-Invalid-,-Invalid-,-Invalid-,-Invalid-,-Invalid-,-Invalid-
6/7/2009 13:10,-Invalid-,-Invalid-,-Invalid-,-Invalid-,-Invalid-,-Invalid-,-Invalid-,-Invalid-,-Invalid-,-Invalid-
6/7/2009 13:20,-Invalid-,-Invalid-,-Invalid-,-Invalid-,-Invalid-,-Invalid-,-Invalid-,-Invalid-,-Invalid-,-Invalid-
6/7/2009 13:30,-Invalid-,-Invalid-,-Invalid-,-Invalid-,-Invalid-,-Invalid-,-Invalid-,-Invalid-,-Invalid-,-Invalid-
6/7/2009 13:40,-Invalid-,-Invalid-,-Invalid-,-Invalid-,-Invalid-,-Invalid-,-Invalid-,-Invalid-,-Invalid-,-Invalid-
6/7/2009 13:50,-Invalid-,-Invalid-,-Invalid-,-Invalid-,-Invalid-,-Invalid-,-Invalid-,-Invalid-,-Invalid-,-Invalid-
6/7/2009 14:00,-Invalid-,-Invalid-,-Invalid-,-Invalid-,-Invalid-,-Invalid-,-Invalid-,-Invalid-,-Invalid-,-Invalid-
6/7/2009 14:10,-Invalid-,-Invalid-,-Invalid-,-Invalid-,-Invalid-,-Invalid-,-Invalid-,-Invalid-,-Invalid-,-Invalid-
6/7/2009 14:20,-Invalid-,-Invalid-,-Invalid-,-Invalid-,-Invalid-,-Invalid-,-Invalid-,-Invalid-,-Invalid-,-Invalid-
6/7/2009 14:30,-Invalid-,-Invalid-,-Invalid-,-Invalid-,-Invalid-,-Invalid-,-Invalid-,-Invalid-,-Invalid-,-Invalid-
6/7/2009 14:40,-Invalid-,-Invalid-,-Invalid-,-Invalid-,-Invalid-,-Invalid-,-Invalid-,-Invalid-,-Invalid-,-Invalid-
6/7/2009 14:50,-Invalid-,-Invalid-,-Invalid-,-Invalid-,-Invalid-,-Invalid-,-Invalid-,-Invalid-,-Invalid-,-Invalid-
6/7/2009 15:00,-Invalid-,-Invalid-,-Invalid-,-Invalid-,-Invalid-,-Invalid-,-Invalid-,-Invalid-,-Invalid-,-Invalid-
6/7/2009 15:10,-Invalid-,-Invalid-,-Invalid-,-Invalid-,-Invalid-,-Invalid-,-Invalid-,-Invalid-,-Invalid-,-Invalid-
6/7/2009 15:20,-Invalid-,-Invalid-,-Invalid-,-Invalid-,-Invalid-,-Invalid-,-Invalid-,-Invalid-,-Invalid-,-Invalid-
6/7/2009 15:30,-Invalid-,-Invalid-,-Invalid-,-Invalid-,-Invalid-,-Invalid-,-Invalid-,-Invalid-,-Invalid-,-Invalid-
6/7/2009 15:40,-Invalid-,-Invalid-,-Invalid-,-Invalid-,-Invalid-,-Invalid-,-Invalid-,-Invalid-,-Invalid-,-Invalid-
6/7/2009 15:50,-Invalid-,-Invalid-,-Invalid-,-Invalid-,-Invalid-,-Invalid-,-Invalid-,-Invalid-,-Invalid-,-Invalid-
6/7/2009 16:00,-Invalid-,-Invalid-,-Invalid-,-Invalid-,-Invalid-,-Invalid-,-Invalid-,-Invalid-,-Invalid-,-Invalid-
6/7/2009 16:10,-Invalid-,-Invalid-,-Invalid-,-Invalid-,-Invalid-,-Invalid-,-Invalid-,-Invalid-,-Invalid-,-Invalid-
6/7/2009 16:20,-Invalid-,-Invalid-,-Invalid-,-Invalid-,-Invalid-,-Invalid-,-Invalid-,-Invalid-,-Invalid-,-Invalid-
6/7/2009 16:30,-Invalid-,-Invalid-,-Invalid-,-Invalid-,-Invalid-,-Invalid-,-Invalid-,-Invalid-,-Invalid-,-Invalid-
6/7/2009 16:40,-Invalid-,-Invalid-,-Invalid-,-Invalid-,-Invalid-,-Invalid-,-Invalid-,-Invalid-,-Invalid-,-Invalid-
6/7/2009 16:50,-Invalid-,-Invalid-,-Invalid-,-Invalid-,-Invalid-,-Invalid-,-Invalid-,-Invalid-,-Invalid-,-Invalid-
6/7/2009 17:00,-Invalid-,-Invalid-,-Invalid-,-Invalid-,-Invalid-,-Invalid-,-Invalid-,-Invalid-,-Invalid-,-Invalid-
6/7/2009 17:10,-Invalid-,-Invalid-,-Invalid-,-Invalid-,-Invalid-,-Invalid-,-Invalid-,-Invalid-,-Invalid-,-Invalid-
6/7/2009 17:20,-Invalid-,-Invalid-,-Invalid-,-Invalid-,-Invalid-,-Invalid-,-Invalid-,-Invalid-,-Invalid-,-Invalid-
6/7/2009 17:30,-Invalid-,-Invalid-,-Invalid-,-Invalid-,-Invalid-,-Invalid-,-Invalid-,-Invalid-,-Invalid-,-Invalid-
6/7/2009 17:40,-Invalid-,-Invalid-,-Invalid-,-Invalid-,-Invalid-,-Invalid-,-Invalid-,-Invalid-,-Invalid-,-Invalid-
6/7/2009 17:50,-Invalid-,-Invalid-,-Invalid-,-Invalid-,-Invalid-,-Invalid-,-Invalid-,-Invalid-,-Invalid-,-Invalid-
6/7/2009 18:00,-Invalid-,-Invalid-,-Invalid-,-Invalid-,-Invalid-,-Invalid-,-Invalid-,-Invalid-,-Invalid-,-Invalid-
6/7/2009 18:10,-Invalid-,-Invalid-,-Invalid-,-Invalid-,-Invalid-,-Invalid-,-Invalid-,-Invalid-,-Invalid-,-Invalid-
6/7/2009 18:20,-Invalid-,-Invalid-,-Invalid-,-Invalid-,-Invalid-,-Invalid-,-Invalid-,-Invalid-,-Invalid-,-Invalid-
6/7/2009 18:30,-Invalid-,-Invalid-,-Invalid-,-Invalid-,-Invalid-,-Invalid-,-Invalid-,-Invalid-,-Invalid-,-Invalid-
6/7/2009 18:40,-Invalid-,-Invalid-,-Invalid-,-Invalid-,-Invalid-,-Invalid-,-Invalid-,-Invalid-,-Invalid-,-Invalid-
6/7/2009 18:50,-Invalid-,-Invalid-,-Invalid-,-Invalid-,-Invalid-,-Invalid-,-Invalid-,-Invalid-,-Invalid-,-Invalid-
6/7/2009 19:00,-Invalid-,-Invalid-,-Invalid-,-Invalid-,-Invalid-,-Invalid-,-Invalid-,-Invalid-,-Invalid-,-Invalid-
6/7/2009 19:10,-Invalid-,-Invalid-,-Invalid-,-Invalid-,-Invalid-,-Invalid-,-Invalid-,-Invalid-,-Invalid-,-Invalid-
6/7/2009 19:20,-Invalid-,-Invalid-,-Invalid-,-Invalid-,-Invalid-,-Invalid-,-Invalid-,-Invalid-,-Invalid-,-Invalid-
6/7/2009 19:30,-Invalid-,-Invalid-,-Invalid-,-Invalid-,-Invalid-,-Invalid-,-Invalid-,-Invalid-,-Invalid-,-Invalid-
6/7/2009 19:40,-Invalid-,-Invalid-,-Invalid-,-Invalid-,-Invalid-,-Invalid-,-Invalid-,-Invalid-,-Invalid-,-Invalid-
6/7/2009 19:50,-Invalid-,-Invalid-,-Invalid-,-Invalid-,-Invalid-,-Invalid-,-Invalid-,-Invalid-,-Invalid-,-Invalid-
6/7/2009 20:00,-Invalid-,-Invalid-,-Invalid-,-Invalid-,-Invalid-,-Invalid-,-Invalid-,-Invalid-,-Invalid-,-Invalid-
6/7/2009 20:10,-Invalid-,-Invalid-,-Invalid-,-Invalid-,-Invalid-,-Invalid-,-Invalid-,-Invalid-,-Invalid-,-Invalid-
6/7/2009 20:20,-Invalid-,-Invalid-,-Invalid-,-Invalid-,-Invalid-,-Invalid-,-Invalid-,-Invalid-,-Invalid-,-Invalid-
6/7/2009 20:30,-Invalid-,-Invalid-,-Invalid-,-Invalid-,-Invalid-,-Invalid-,-Invalid-,-Invalid-,-Invalid-,-Invalid-
6/7/2009 20:40,-Invalid-,-Invalid-,-Invalid-,-Invalid-,-Invalid-,-Invalid-,-Invalid-,-Invalid-,-Invalid-,-Invalid-
6/7/2009 20:50,-Invalid-,-Invalid-,-Invalid-,-Invalid-,-Invalid-,-Invalid-,-Invalid-,-Invalid-,-Invalid-,-Invalid-
6/7/2009 21:00,-Invalid-,-Invalid-,-Invalid-,-Invalid-,-Invalid-,-Invalid-,-Invalid-,-Invalid-,-Invalid-,-Invalid-
6/7/2009 21:10,-Invalid-,-Invalid-,-Invalid-,-Invalid-,-Invalid-,-Invalid-,-Invalid-,-Invalid-,-Invalid-,-Invalid-
6/7/2009 21:20,-Invalid-,-Invalid-,-Invalid-,-Invalid-,-Invalid-,-Invalid-,-Invalid-,-Invalid-,-Invalid-,-Invalid-
6/7/2009 21:30,-Invalid-,-Invalid-,-Invalid-,-Invalid-,-Invalid-,-Invalid-,-Invalid-,-Invalid-,-Invalid-,-Invalid-
6/7/2009 21:40,-Invalid-,-Invalid-,-Invalid-,-Invalid-,-Invalid-,-Invalid-,-Invalid-,-Invalid-,-Invalid-,-Invalid-
6/7/2009 21:50,-Invalid-,-Invalid-,-Invalid-,-Invalid-,-Invalid-,-Invalid-,-Invalid-,-Invalid-,-Invalid-,-Invalid-
6/7/2009 22:00,-Invalid-,-Invalid-,-Invalid-,-Invalid-,-Invalid-,-Invalid-,-Invalid-,-Invalid-,-Invalid-,-Invalid-
6/7/2009 22:10,-Invalid-,-Invalid-,-Invalid-,-Invalid-,-Invalid-,-Invalid-,-Invalid-,-Invalid-,-Invalid-,-Invalid-
6/7/2009 22:20,-Invalid-,-Invalid-,-Invalid-,-Invalid-,-Invalid-,-Invalid-,-Invalid-,-Invalid-,-Invalid-,-Invalid-
6/7/2009 22:30,-Invalid-,-Invalid-,-Invalid-,-Invalid-,-Invalid-,-Invalid-,-Invalid-,-Invalid-,-Invalid-,-Invalid-
6/7/2009 22:40,-Invalid-,-Invalid-,-Invalid-,-Invalid-,-Invalid-,-Invalid-,-Invalid-,-Invalid-,-Invalid-,-Invalid-
6/7/2009 22:50,-Invalid-,-Invalid-,-Invalid-,-Invalid-,-Invalid-,-Invalid-,-Invalid-,-Invalid-,-Invalid-,-Invalid-
6/7/2009 23:00,-Invalid-,-Invalid-,-Invalid-,-Invalid-,-Invalid-,-Invalid-,-Invalid-,-Invalid-,-Invalid-,-Invalid-
6/7/2009 23:10,-Invalid-,-Invalid-,-Invalid-,-Invalid-,-Invalid-,-Invalid-,-Invalid-,-Invalid-,-Invalid-,-Invalid-
6/7/2009 23:20,-Invalid-,-Invalid-,-Invalid-,-Invalid-,-Invalid-,-Invalid-,-Invalid-,-Invalid-,-Invalid-,-Invalid-
6/7/2009 23:30,-Invalid-,-Invalid-,-Invalid-,-Invalid-,-Invalid-,-Invalid-,-Invalid-,-Invalid-,-Invalid-,-Invalid-
6/7/2009 23:40,-Invalid-,-Invalid-,-Invalid-,-Invalid-,-Invalid-,-Invalid-,-Invalid-,-Invalid-,-Invalid-,-Invalid-
6/7/2009 23:50,-Invalid-,-Invalid-,-Invalid-,-Invalid-,-Invalid-,-Invalid-,-Invalid-,-Invalid-,-Invalid-,-Invalid-
6/8/2009 0:00,-Invalid-,-Invalid-,-Invalid-,-Invalid-,-Invalid-,-Invalid-,-Invalid-,-Invalid-,-Invalid-,-Invalid-
6/8/2009 0:10,-Invalid-,-Invalid-,-Invalid-,-Invalid-,-Invalid-,-Invalid-,-Invalid-,-Invalid-,-Invalid-,-Invalid-
6/8/2009 0:20,-Invalid-,-Invalid-,-Invalid-,-Invalid-,-Invalid-,-Invalid-,-Invalid-,-Invalid-,-Invalid-,-Invalid-
6/8/2009 0:30,-Invalid-,-Invalid-,-Invalid-,-Invalid-,-Invalid-,-Invalid-,-Invalid-,-Invalid-,-Invalid-,-Invalid-
6/8/2009 0:40,-Invalid-,-Invalid-,-Invalid-,-Invalid-,-Invalid-,-Invalid-,-Invalid-,-Invalid-,-Invalid-,-Invalid-
6/8/2009 0:50,-Invalid-,-Invalid-,-Invalid-,-Invalid-,-Invalid-,-Invalid-,-Invalid-,-Invalid-,-Invalid-,-Invalid-
6/8/2009 1:00,-Invalid-,-Invalid-,-Invalid-,-Invalid-,-Invalid-,-Invalid-,-Invalid-,-Invalid-,-Invalid-,-Invalid-
6/8/2009 1:10,-Invalid-,-Invalid-,-Invalid-,-Invalid-,-Invalid-,-Invalid-,-Invalid-,-Invalid-,-Invalid-,-Invalid-
6/8/2009 1:20,-Invalid-,-Invalid-,-Invalid-,-Invalid-,-Invalid-,-Invalid-,-Invalid-,-Invalid-,-Invalid-,-Invalid-
6/8/2009 1:30,-Invalid-,-Invalid-,-Invalid-,-Invalid-,-Invalid-,-Invalid-,-Invalid-,-Invalid-,-Invalid-,-Invalid-
6/8/2009 1:40,-Invalid-,-Invalid-,-Invalid-,-Invalid-,-Invalid-,-Invalid-,-Invalid-,-Invalid-,-Invalid-,-Invalid-
6/8/2009 1:50,-Invalid-,-Invalid-,-Invalid-,-Invalid-,-Invalid-,-Invalid-,-Invalid-,-Invalid-,-Invalid-,-Invalid-
6/8/2009 2:00,-Invalid-,-Invalid-,-Invalid-,-Invalid-,-Invalid-,-Invalid-,-Invalid-,-Invalid-,-Invalid-,-Invalid-
6/8/2009 2:10,-Invalid-,-Invalid-,-Invalid-,-Invalid-,-Invalid-,-Invalid-,-Invalid-,-Invalid-,-Invalid-,-Invalid-
6/8/2009 2:20,-Invalid-,-Invalid-,-Invalid-,-Invalid-,-Invalid-,-Invalid-,-Invalid-,-Invalid-,-Invalid-,-Invalid-
6/8/2009 2:30,-Invalid-,-Invalid-,-Invalid-,-Invalid-,-Invalid-,-Invalid-,-Invalid-,-Invalid-,-Invalid-,-Invalid-
6/8/2009 2:40,-Invalid-,-Invalid-,-Invalid-,-Invalid-,-Invalid-,-Invalid-,-Invalid-,-Invalid-,-Invalid-,-Invalid-
6/8/2009 2:50,-Invalid-,-Invalid-,-Invalid-,-Invalid-,-Invalid-,-Invalid-,-Invalid-,-Invalid-,-Invalid-,-Invalid-
6/8/2009 3:00,-Invalid-,-Invalid-,-Invalid-,-Invalid-,-Invalid-,-Invalid-,-Invalid-,-Invalid-,-Invalid-,-Invalid-
6/8/2009 3:10,-Invalid-,-Invalid-,-Invalid-,-Invalid-,-Invalid-,-Invalid-,-Invalid-,-Invalid-,-Invalid-,-Invalid-
6/8/2009 3:20,-Invalid-,-Invalid-,-Invalid-,-Invalid-,-Invalid-,-Invalid-,-Invalid-,-Invalid-,-Invalid-,-Invalid-
6/8/2009 3:30,-Invalid-,-Invalid-,-Invalid-,-Invalid-,-Invalid-,-Invalid-,-Invalid-,-Invalid-,-Invalid-,-Invalid-
6/8/2009 3:40,-Invalid-,-Invalid-,-Invalid-,-Invalid-,-Invalid-,-Invalid-,-Invalid-,-Invalid-,-Invalid-,-Invalid-
6/8/2009 3:50,-Invalid-,-Invalid-,-Invalid-,-Invalid-,-Invalid-,-Invalid-,-Invalid-,-Invalid-,-Invalid-,-Invalid-
6/8/2009 4:00,-Invalid-,-Invalid-,-Invalid-,-Invalid-,-Invalid-,-Invalid-,-Invalid-,-Invalid-,-Invalid-,-Invalid-
6/8/2009 4:10,-Invalid-,-Invalid-,-Invalid-,-Invalid-,-Invalid-,-Invalid-,-Invalid-,-Invalid-,-Invalid-,-Invalid-
6/8/2009 4:20,-Invalid-,-Invalid-,-Invalid-,-Invalid-,-Invalid-,-Invalid-,-Invalid-,-Invalid-,-Invalid-,-Invalid-
6/8/2009 4:30,-Invalid-,-Invalid-,-Invalid-,-Invalid-,-Invalid-,-Invalid-,-Invalid-,-Invalid-,-Invalid-,-Invalid-
6/8/2009 4:40,-Invalid-,-Invalid-,-Invalid-,-Invalid-,-Invalid-,-Invalid-,-Invalid-,-Invalid-,-Invalid-,-Invalid-
6/8/2009 4:50,-Invalid-,-Invalid-,-Invalid-,-Invalid-,-Invalid-,-Invalid-,-Invalid-,-Invalid-,-Invalid-,-Invalid-
6/8/2009 5:00,-Invalid-,-Invalid-,-Invalid-,-Invalid-,-Invalid-,-Invalid-,-Invalid-,-Invalid-,-Invalid-,-Invalid-
6/8/2009 5:10,-Invalid-,-Invalid-,-Invalid-,-Invalid-,-Invalid-,-Invalid-,-Invalid-,-Invalid-,-Invalid-,-Invalid-
6/8/2009 5:20,-Invalid-,-Invalid-,-Invalid-,-Invalid-,-Invalid-,-Invalid-,-Invalid-,-Invalid-,-Invalid-,-Invalid-
6/8/2009 5:30,-Invalid-,-Invalid-,-Invalid-,-Invalid-,-Invalid-,-Invalid-,-Invalid-,-Invalid-,-Invalid-,-Invalid-
6/8/2009 5:40,-Invalid-,-Invalid-,-Invalid-,-Invalid-,-Invalid-,-Invalid-,-Invalid-,-Invalid-,-Invalid-,-Invalid-
6/8/2009 5:50,-Invalid-,-Invalid-,-Invalid-,-Invalid-,-Invalid-,-Invalid-,-Invalid-,-Invalid-,-Invalid-,-Invalid-
6/8/2009 6:00,-Invalid-,-Invalid-,-Invalid-,-Invalid-,-Invalid-,-Invalid-,-Invalid-,-Invalid-,-Invalid-,-Invalid-
6/8/2009 6:10,-Invalid-,-Invalid-,-Invalid-,-Invalid-,-Invalid-,-Invalid-,-Invalid-,-Invalid-,-Invalid-,-Invalid-
6/8/2009 6:20,-Invalid-,-Invalid-,-Invalid-,-Invalid-,-Invalid-,-Invalid-,-Invalid-,-Invalid-,-Invalid-,-Invalid-
6/8/2009 6:30,-Invalid-,-Invalid-,-Invalid-,-Invalid-,-Invalid-,-Invalid-,-Invalid-,-Invalid-,-Invalid-,-Invalid-
6/8/2009 6:40,-Invalid-,-Invalid-,-Invalid-,-Invalid-,-Invalid-,-Invalid-,-Invalid-,-Invalid-,-Invalid-,-Invalid-
6/8/2009 6:50,-Invalid-,-Invalid-,-Invalid-,-Invalid-,-Invalid-,-Invalid-,-Invalid-,-Invalid-,-Invalid-,-Invalid-
6/8/2009 7:00,-Invalid-,-Invalid-,-Invalid-,-Invalid-,-Invalid-,-Invalid-,-Invalid-,-Invalid-,-Invalid-,-Invalid-
6/8/2009 7:10,-Invalid-,-Invalid-,-Invalid-,-Invalid-,-Invalid-,-Invalid-,-Invalid-,-Invalid-,-Invalid-,-Invalid-
6/8/2009 7:20,-Invalid-,-Invalid-,-Invalid-,-Invalid-,-Invalid-,-Invalid-,-Invalid-,-Invalid-,-Invalid-,-Invalid-
6/8/2009 7:30,-Invalid-,-Invalid-,-Invalid-,-Invalid-,-Invalid-,-Invalid-,-Invalid-,-Invalid-,-Invalid-,-Invalid-
6/8/2009 7:40,-Invalid-,-Invalid-,-Invalid-,-Invalid-,-Invalid-,-Invalid-,-Invalid-,-Invalid-,-Invalid-,-Invalid-
6/8/2009 7:50,-Invalid-,-Invalid-,-Invalid-,-Invalid-,-Invalid-,-Invalid-,-Invalid-,-Invalid-,-Invalid-,-Invalid-
6/8/2009 8:00,-Invalid-,-Invalid-,-Invalid-,-Invalid-,-Invalid-,-Invalid-,-Invalid-,-Invalid-,-Invalid-,-Invalid-
6/8/2009 8:10,-Invalid-,-Invalid-,-Invalid-,-Invalid-,-Invalid-,-Invalid-,-Invalid-,-Invalid-,-Invalid-,-Invalid-
6/8/2009 8:20,-Invalid-,-Invalid-,-Invalid-,-Invalid-,-Invalid-,-Invalid-,-Invalid-,-Invalid-,-Invalid-,-Invalid-
6/8/2009 8:30,-Invalid-,-Invalid-,-Invalid-,-Invalid-,-Invalid-,-Invalid-,-Invalid-,-Invalid-,-Invalid-,-Invalid-
6/8/2009 8:40,-Invalid-,-Invalid-,-Invalid-,-Invalid-,-Invalid-,-Invalid-,-Invalid-,-Invalid-,-Invalid-,-Invalid-
6/8/2009 8:50,-Invalid-,-Invalid-,-Invalid-,-Invalid-,-Invalid-,-Invalid-,-Invalid-,-Invalid-,-Invalid-,-Invalid-
6/8/2009 9:00,-Invalid-,-Invalid-,-Invalid-,-Invalid-,-Invalid-,-Invalid-,-Invalid-,-Invalid-,-Invalid-,-Invalid-
6/8/2009 9:10,-Invalid-,-Invalid-,-Invalid-,-Invalid-,-Invalid-,-Invalid-,-Invalid-,-Invalid-,-Invalid-,-Invalid-
6/8/2009 9:20,-Invalid-,-Invalid-,-Invalid-,-Invalid-,-Invalid-,-Invalid-,-Invalid-,-Invalid-,-Invalid-,-Invalid-
6/8/2009 9:30,-Invalid-,-Invalid-,-Invalid-,-Invalid-,-Invalid-,-Invalid-,-Invalid-,-Invalid-,-Invalid-,-Invalid-
6/8/2009 9:40,-Invalid-,-Invalid-,-Invalid-,-Invalid-,-Invalid-,-Invalid-,-Invalid-,-Invalid-,-Invalid-,-Invalid-
6/8/2009 9:50,-Invalid-,-Invalid-,-Invalid-,-Invalid-,-Invalid-,-Invalid-,-Invalid-,-Invalid-,-Invalid-,-Invalid-
6/8/2009 10:00,-Invalid-,-Invalid-,-Invalid-,-Invalid-,-Invalid-,-Invalid-,-Invalid-,-Invalid-,-Invalid-,-Invalid-
6/8/2009 10:10,-Invalid-,-Invalid-,-Invalid-,-Invalid-,-Invalid-,-Invalid-,-Invalid-,-Invalid-,-Invalid-,-Invalid-
6/8/2009 10:20,-Invalid-,-Invalid-,-Invalid-,-Invalid-,-Invalid-,-Invalid-,-Invalid-,-Invalid-,-Invalid-,-Invalid-
6/8/2009 10:30,-Invalid-,-Invalid-,-Invalid-,-Invalid-,-Invalid-,-Invalid-,-Invalid-,-Invalid-,-Invalid-,-Invalid-
6/8/2009 10:40,-Invalid-,-Invalid-,-Invalid-,-Invalid-,-Invalid-,-Invalid-,-Invalid-,-Invalid-,-Invalid-,-Invalid-
6/8/2009 10:50,-Invalid-,-Invalid-,-Invalid-,-Invalid-,-Invalid-,-Invalid-,-Invalid-,-Invalid-,-Invalid-,-Invalid-
6/8/2009 11:00,-Invalid-,-Invalid-,-Invalid-,-Invalid-,-Invalid-,-Invalid-,-Invalid-,-Invalid-,-Invalid-,-Invalid-
6/8/2009 11:10,-Invalid-,-Invalid-,-Invalid-,-Invalid-,-Invalid-,-Invalid-,-Invalid-,-Invalid-,-Invalid-,-Invalid-
6/8/2009 11:20,-Invalid-,-Invalid-,-Invalid-,-Invalid-,-Invalid-,-Invalid-,-Invalid-,-Invalid-,-Invalid-,-Invalid-
6/8/2009 11:30,-Invalid-,-Invalid-,-Invalid-,-Invalid-,-Invalid-,-Invalid-,-Invalid-,-Invalid-,-Invalid-,-Invalid-
6/8/2009 11:40,-Invalid-,-Invalid-,-Invalid-,-Invalid-,-Invalid-,-Invalid-,-Invalid-,-Invalid-,-Invalid-,-Invalid-
6/8/2009 11:50,-Invalid-,-Invalid-,-Invalid-,-Invalid-,-Invalid-,-Invalid-,-Invalid-,-Invalid-,-Invalid-,-Invalid-
6/8/2009 12:00,-Invalid-,-Invalid-,-Invalid-,-Invalid-,-Invalid-,-Invalid-,-Invalid-,-Invalid-,-Invalid-,-Invalid-
6/8/2009 12:10,-Invalid-,-Invalid-,-Invalid-,-Invalid-,-Invalid-,-Invalid-,-Invalid-,-Invalid-,-Invalid-,-Invalid-
6/8/2009 12:20,-Invalid-,-Invalid-,-Invalid-,-Invalid-,-Invalid-,-Invalid-,-Invalid-,-Invalid-,-Invalid-,-Invalid-
6/8/2009 12:30,-Invalid-,-Invalid-,-Invalid-,-Invalid-,-Invalid-,-Invalid-,-Invalid-,-Invalid-,-Invalid-,-Invalid-
6/8/2009 12:40,-Invalid-,-Invalid-,-Invalid-,-Invalid-,-Invalid-,-Invalid-,-Invalid-,-Invalid-,-Invalid-,-Invalid-
6/8/2009 12:50,-Invalid-,-Invalid-,-Invalid-,-Invalid-,-Invalid-,-Invalid-,-Invalid-,-Invalid-,-Invalid-,-Invalid-
6/8/2009 13:00,-Invalid-,-Invalid-,-Invalid-,-Invalid-,-Invalid-,-Invalid-,-Invalid-,-Invalid-,-Invalid-,-Invalid-
6/8/2009 13:10,-Invalid-,-Invalid-,-Invalid-,-Invalid-,-Invalid-,-Invalid-,-Invalid-,-Invalid-,-Invalid-,-Invalid-
6/8/2009 13:20,-Invalid-,-Invalid-,-Invalid-,-Invalid-,-Invalid-,-Invalid-,-Invalid-,-Invalid-,-Invalid-,-Invalid-
6/8/2009 13:30,-Invalid-,-Invalid-,-Invalid-,-Invalid-,-Invalid-,-Invalid-,-Invalid-,-Invalid-,-Invalid-,-Invalid-
6/8/2009 13:40,-Invalid-,-Invalid-,-Invalid-,-Invalid-,-Invalid-,-Invalid-,-Invalid-,-Invalid-,-Invalid-,-Invalid-
6/8/2009 13:50,-Invalid-,-Invalid-,-Invalid-,-Invalid-,-Invalid-,-Invalid-,-Invalid-,-Invalid-,-Invalid-,-Invalid-
6/8/2009 14:00,-Invalid-,-Invalid-,-Invalid-,-Invalid-,-Invalid-,-Invalid-,-Invalid-,-Invalid-,-Invalid-,-Invalid-
6/8/2009 14:10,-Invalid-,-Invalid-,-Invalid-,-Invalid-,-Invalid-,-Invalid-,-Invalid-,-Invalid-,-Invalid-,-Invalid-
6/8/2009 14:20,-Invalid-,-Invalid-,-Invalid-,-Invalid-,-Invalid-,-Invalid-,-Invalid-,-Invalid-,-Invalid-,-Invalid-
6/8/2009 14:30,-Invalid-,-Invalid-,-Invalid-,-Invalid-,-Invalid-,-Invalid-,-Invalid-,-Invalid-,-Invalid-,-Invalid-
6/8/2009 14:40,-Invalid-,-Invalid-,-Invalid-,-Invalid-,-Invalid-,-Invalid-,-Invalid-,-Invalid-,-Invalid-,-Invalid-
6/8/2009 14:50,-Invalid-,-Invalid-,-Invalid-,-Invalid-,-Invalid-,-Invalid-,-Invalid-,-Invalid-,-Invalid-,-Invalid-
6/8/2009 15:00,-Invalid-,-Invalid-,-Invalid-,-Invalid-,-Invalid-,-Invalid-,-Invalid-,-Invalid-,-Invalid-,-Invalid-
6/8/2009 15:10,-Invalid-,-Invalid-,-Invalid-,-Invalid-,-Invalid-,-Invalid-,-Invalid-,-Invalid-,-Invalid-,-Invalid-
6/8/2009 15:20,-Invalid-,-Invalid-,-Invalid-,-Invalid-,-Invalid-,-Invalid-,-Invalid-,-Invalid-,-Invalid-,-Invalid-
6/8/2009 15:30,-Invalid-,-Invalid-,-Invalid-,-Invalid-,-Invalid-,-Invalid-,-Invalid-,-Invalid-,-Invalid-,-Invalid-
6/8/2009 15:40,-Invalid-,-Invalid-,-Invalid-,-Invalid-,-Invalid-,-Invalid-,-Invalid-,-Invalid-,-Invalid-,-Invalid-
6/8/2009 15:50,-Invalid-,-Invalid-,-Invalid-,-Invalid-,-Invalid-,-Invalid-,-Invalid-,-Invalid-,-Invalid-,-Invalid-
6/8/2009 16:00,-Invalid-,-Invalid-,-Invalid-,-Invalid-,-Invalid-,-Invalid-,-Invalid-,-Invalid-,-Invalid-,-Invalid-
6/8/2009 16:10,-Invalid-,-Invalid-,-Invalid-,-Invalid-,-Invalid-,-Invalid-,-Invalid-,-Invalid-,-Invalid-,-Invalid-
6/8/2009 16:20,-Invalid-,-Invalid-,-Invalid-,-Invalid-,-Invalid-,-Invalid-,-Invalid-,-Invalid-,-Invalid-,-Invalid-
6/8/2009 16:30,-Invalid-,-Invalid-,-Invalid-,-Invalid-,-Invalid-,-Invalid-,-Invalid-,-Invalid-,-Invalid-,-Invalid-
6/8/2009 16:40,-Invalid-,-Invalid-,-Invalid-,-Invalid-,-Invalid-,-Invalid-,-Invalid-,-Invalid-,-Invalid-,-Invalid-
6/8/2009 16:50,-Invalid-,-Invalid-,-Invalid-,-Invalid-,-Invalid-,-Invalid-,-Invalid-,-Invalid-,-Invalid-,-Invalid-
6/8/2009 17:00,-Invalid-,-Invalid-,-Invalid-,-Invalid-,-Invalid-,-Invalid-,-Invalid-,-Invalid-,-Invalid-,-Invalid-
6/8/2009 17:10,-Invalid-,-Invalid-,-Invalid-,-Invalid-,-Invalid-,-Invalid-,-Invalid-,-Invalid-,-Invalid-,-Invalid-
6/8/2009 17:20,-Invalid-,-Invalid-,-Invalid-,-Invalid-,-Invalid-,-Invalid-,-Invalid-,-Invalid-,-Invalid-,-Invalid-
6/8/2009 17:30,-Invalid-,-Invalid-,-Invalid-,-Invalid-,-Invalid-,-Invalid-,-Invalid-,-Invalid-,-Invalid-,-Invalid-
6/8/2009 17:40,-Invalid-,-Invalid-,-Invalid-,-Invalid-,-Invalid-,-Invalid-,-Invalid-,-Invalid-,-Invalid-,-Invalid-
6/8/2009 17:50,-Invalid-,-Invalid-,-Invalid-,-Invalid-,-Invalid-,-Invalid-,-Invalid-,-Invalid-,-Invalid-,-Invalid-
6/8/2009 18:00,-Invalid-,-Invalid-,-Invalid-,-Invalid-,-Invalid-,-Invalid-,-Invalid-,-Invalid-,-Invalid-,-Invalid-
6/8/2009 18:10,-Invalid-,-Invalid-,-Invalid-,-Invalid-,-Invalid-,-Invalid-,-Invalid-,-Invalid-,-Invalid-,-Invalid-
6/8/2009 18:20,-Invalid-,-Invalid-,-Invalid-,-Invalid-,-Invalid-,-Invalid-,-Invalid-,-Invalid-,-Invalid-,-Invalid-
6/8/2009 18:30,-Invalid-,-Invalid-,-Invalid-,-Invalid-,-Invalid-,-Invalid-,-Invalid-,-Invalid-,-Invalid-,-Invalid-
6/8/2009 18:40,-Invalid-,-Invalid-,-Invalid-,-Invalid-,-Invalid-,-Invalid-,-Invalid-,-Invalid-,-Invalid-,-Invalid-
6/8/2009 18:50,-Invalid-,-Invalid-,-Invalid-,-Invalid-,-Invalid-,-Invalid-,-Invalid-,-Invalid-,-Invalid-,-Invalid-
6/8/2009 19:00,-Invalid-,-Invalid-,-Invalid-,-Invalid-,-Invalid-,-Invalid-,-Invalid-,-Invalid-,-Invalid-,-Invalid-
6/8/2009 19:10,-Invalid-,-Invalid-,-Invalid-,-Invalid-,-Invalid-,-Invalid-,-Invalid-,-Invalid-,-Invalid-,-Invalid-
6/8/2009 19:20,-Invalid-,-Invalid-,-Invalid-,-Invalid-,-Invalid-,-Invalid-,-Invalid-,-Invalid-,-Invalid-,-Invalid-
6/8/2009 19:30,-Invalid-,-Invalid-,-Invalid-,-Invalid-,-Invalid-,-Invalid-,-Invalid-,-Invalid-,-Invalid-,-Invalid-
6/8/2009 19:40,-Invalid-,-Invalid-,-Invalid-,-Invalid-,-Invalid-,-Invalid-,-Invalid-,-Invalid-,-Invalid-,-Invalid-
6/8/2009 19:50,-Invalid-,-Invalid-,-Invalid-,-Invalid-,-Invalid-,-Invalid-,-Invalid-,-Invalid-,-Invalid-,-Invalid-
6/8/2009 20:00,-Invalid-,-Invalid-,-Invalid-,-Invalid-,-Invalid-,-Invalid-,-Invalid-,-Invalid-,-Invalid-,-Invalid-
6/8/2009 20:10,-Invalid-,-Invalid-,-Invalid-,-Invalid-,-Invalid-,-Invalid-,-Invalid-,-Invalid-,-Invalid-,-Invalid-
6/8/2009 20:20,-Invalid-,-Invalid-,-Invalid-,-Invalid-,-Invalid-,-Invalid-,-Invalid-,-Invalid-,-Invalid-,-Invalid-
6/8/2009 20:30,-Invalid-,-Invalid-,-Invalid-,-Invalid-,-Invalid-,-Invalid-,-Invalid-,-Invalid-,-Invalid-,-Invalid-
6/8/2009 20:40,-Invalid-,-Invalid-,-Invalid-,-Invalid-,-Invalid-,-Invalid-,-Invalid-,-Invalid-,-Invalid-,-Invalid-
6/8/2009 20:50,-Invalid-,-Invalid-,-Invalid-,-Invalid-,-Invalid-,-Invalid-,-Invalid-,-Invalid-,-Invalid-,-Invalid-
6/8/2009 21:00,-Invalid-,-Invalid-,-Invalid-,-Invalid-,-Invalid-,-Invalid-,-Invalid-,-Invalid-,-Invalid-,-Invalid-
6/8/2009 21:10,-Invalid-,-Invalid-,-Invalid-,-Invalid-,-Invalid-,-Invalid-,-Invalid-,-Invalid-,-Invalid-,-Invalid-
6/8/2009 21:20,-Invalid-,-Invalid-,-Invalid-,-Invalid-,-Invalid-,-Invalid-,-Invalid-,-Invalid-,-Invalid-,-Invalid-
6/8/2009 21:30,-Invalid-,-Invalid-,-Invalid-,-Invalid-,-Invalid-,-Invalid-,-Invalid-,-Invalid-,-Invalid-,-Invalid-
6/8/2009 21:40,-Invalid-,-Invalid-,-Invalid-,-Invalid-,-Invalid-,-Invalid-,-Invalid-,-Invalid-,-Invalid-,-Invalid-
6/8/2009 21:50,-Invalid-,-Invalid-,-Invalid-,-Invalid-,-Invalid-,-Invalid-,-Invalid-,-Invalid-,-Invalid-,-Invalid-
6/8/2009 22:00,-Invalid-,-Invalid-,-Invalid-,-Invalid-,-Invalid-,-Invalid-,-Invalid-,-Invalid-,-Invalid-,-Invalid-
6/8/2009 22:10,-Invalid-,-Invalid-,-Invalid-,-Invalid-,-Invalid-,-Invalid-,-Invalid-,-Invalid-,-Invalid-,-Invalid-
6/8/2009 22:20,-Invalid-,-Invalid-,-Invalid-,-Invalid-,-Invalid-,-Invalid-,-Invalid-,-Invalid-,-Invalid-,-Invalid-
6/8/2009 22:30,-Invalid-,-Invalid-,-Invalid-,-Invalid-,-Invalid-,-Invalid-,-Invalid-,-Invalid-,-Invalid-,-Invalid-
6/8/2009 22:40,-Invalid-,-Invalid-,-Invalid-,-Invalid-,-Invalid-,-Invalid-,-Invalid-,-Invalid-,-Invalid-,-Invalid-
6/8/2009 22:50,-Invalid-,-Invalid-,-Invalid-,-Invalid-,-Invalid-,-Invalid-,-Invalid-,-Invalid-,-Invalid-,-Invalid-
6/8/2009 23:00,-Invalid-,-Invalid-,-Invalid-,-Invalid-,-Invalid-,-Invalid-,-Invalid-,-Invalid-,-Invalid-,-Invalid-
6/8/2009 23:10,-Invalid-,-Invalid-,-Invalid-,-Invalid-,-Invalid-,-Invalid-,-Invalid-,-Invalid-,-Invalid-,-Invalid-
6/8/2009 23:20,-Invalid-,-Invalid-,-Invalid-,-Invalid-,-Invalid-,-Invalid-,-Invalid-,-Invalid-,-Invalid-,-Invalid-
6/8/2009 23:30,-Invalid-,-Invalid-,-Invalid-,-Invalid-,-Invalid-,-Invalid-,-Invalid-,-Invalid-,-Invalid-,-Invalid-
6/8/2009 23:40,-Invalid-,-Invalid-,-Invalid-,-Invalid-,-Invalid-,-Invalid-,-Invalid-,-Invalid-,-Invalid-,-Invalid-
6/8/2009 23:50,-Invalid-,-Invalid-,-Invalid-,-Invalid-,-Invalid-,-Invalid-,-Invalid-,-Invalid-,-Invalid-,-Invalid-
6/9/2009 0:00,-Invalid-,-Invalid-,-Invalid-,-Invalid-,-Invalid-,-Invalid-,-Invalid-,-Invalid-,-Invalid-,-Invalid-
6/9/2009 0:10,-Invalid-,-Invalid-,-Invalid-,-Invalid-,-Invalid-,-Invalid-,-Invalid-,-Invalid-,-Invalid-,-Invalid-
6/9/2009 0:20,-Invalid-,-Invalid-,-Invalid-,-Invalid-,-Invalid-,-Invalid-,-Invalid-,-Invalid-,-Invalid-,-Invalid-
6/9/2009 0:30,-Invalid-,-Invalid-,-Invalid-,-Invalid-,-Invalid-,-Invalid-,-Invalid-,-Invalid-,-Invalid-,-Invalid-
6/9/2009 0:40,-Invalid-,-Invalid-,-Invalid-,-Invalid-,-Invalid-,-Invalid-,-Invalid-,-Invalid-,-Invalid-,-Invalid-
6/9/2009 0:50,-Invalid-,-Invalid-,-Invalid-,-Invalid-,-Invalid-,-Invalid-,-Invalid-,-Invalid-,-Invalid-,-Invalid-
6/9/2009 1:00,-Invalid-,-Invalid-,-Invalid-,-Invalid-,-Invalid-,-Invalid-,-Invalid-,-Invalid-,-Invalid-,-Invalid-
6/9/2009 1:10,-Invalid-,-Invalid-,-Invalid-,-Invalid-,-Invalid-,-Invalid-,-Invalid-,-Invalid-,-Invalid-,-Invalid-
6/9/2009 1:20,-Invalid-,-Invalid-,-Invalid-,-Invalid-,-Invalid-,-Invalid-,-Invalid-,-Invalid-,-Invalid-,-Invalid-
6/9/2009 1:30,-Invalid-,-Invalid-,-Invalid-,-Invalid-,-Invalid-,-Invalid-,-Invalid-,-Invalid-,-Invalid-,-Invalid-
6/9/2009 1:40,-Invalid-,-Invalid-,-Invalid-,-Invalid-,-Invalid-,-Invalid-,-Invalid-,-Invalid-,-Invalid-,-Invalid-
6/9/2009 1:50,-Invalid-,-Invalid-,-Invalid-,-Invalid-,-Invalid-,-Invalid-,-Invalid-,-Invalid-,-Invalid-,-Invalid-
6/9/2009 2:00,-Invalid-,-Invalid-,-Invalid-,-Invalid-,-Invalid-,-Invalid-,-Invalid-,-Invalid-,-Invalid-,-Invalid-
6/9/2009 2:10,-Invalid-,-Invalid-,-Invalid-,-Invalid-,-Invalid-,-Invalid-,-Invalid-,-Invalid-,-Invalid-,-Invalid-
6/9/2009 2:20,-Invalid-,-Invalid-,-Invalid-,-Invalid-,-Invalid-,-Invalid-,-Invalid-,-Invalid-,-Invalid-,-Invalid-
6/9/2009 2:30,-Invalid-,-Invalid-,-Invalid-,-Invalid-,-Invalid-,-Invalid-,-Invalid-,-Invalid-,-Invalid-,-Invalid-
6/9/2009 2:40,-Invalid-,-Invalid-,-Invalid-,-Invalid-,-Invalid-,-Invalid-,-Invalid-,-Invalid-,-Invalid-,-Invalid-
6/9/2009 2:50,-Invalid-,-Invalid-,-Invalid-,-Invalid-,-Invalid-,-Invalid-,-Invalid-,-Invalid-,-Invalid-,-Invalid-
6/9/2009 3:00,-Invalid-,-Invalid-,-Invalid-,-Invalid-,-Invalid-,-Invalid-,-Invalid-,-Invalid-,-Invalid-,-Invalid-
6/9/2009 3:10,-Invalid-,-Invalid-,-Invalid-,-Invalid-,-Invalid-,-Invalid-,-Invalid-,-Invalid-,-Invalid-,-Invalid-
6/9/2009 3:20,-Invalid-,-Invalid-,-Invalid-,-Invalid-,-Invalid-,-Invalid-,-Invalid-,-Invalid-,-Invalid-,-Invalid-
6/9/2009 3:30,-Invalid-,-Invalid-,-Invalid-,-Invalid-,-Invalid-,-Invalid-,-Invalid-,-Invalid-,-Invalid-,-Invalid-
6/9/2009 3:40,-Invalid-,-Invalid-,-Invalid-,-Invalid-,-Invalid-,-Invalid-,-Invalid-,-Invalid-,-Invalid-,-Invalid-
6/9/2009 3:50,-Invalid-,-Invalid-,-Invalid-,-Invalid-,-Invalid-,-Invalid-,-Invalid-,-Invalid-,-Invalid-,-Invalid-
6/9/2009 4:00,-Invalid-,-Invalid-,-Invalid-,-Invalid-,-Invalid-,-Invalid-,-Invalid-,-Invalid-,-Invalid-,-Invalid-
6/9/2009 4:10,-Invalid-,-Invalid-,-Invalid-,-Invalid-,-Invalid-,-Invalid-,-Invalid-,-Invalid-,-Invalid-,-Invalid-
6/9/2009 4:20,-Invalid-,-Invalid-,-Invalid-,-Invalid-,-Invalid-,-Invalid-,-Invalid-,-Invalid-,-Invalid-,-Invalid-
6/9/2009 4:30,-Invalid-,-Invalid-,-Invalid-,-Invalid-,-Invalid-,-Invalid-,-Invalid-,-Invalid-,-Invalid-,-Invalid-
6/9/2009 4:40,-Invalid-,-Invalid-,-Invalid-,-Invalid-,-Invalid-,-Invalid-,-Invalid-,-Invalid-,-Invalid-,-Invalid-
6/9/2009 4:50,-Invalid-,-Invalid-,-Invalid-,-Invalid-,-Invalid-,-Invalid-,-Invalid-,-Invalid-,-Invalid-,-Invalid-
6/9/2009 5:00,-Invalid-,-Invalid-,-Invalid-,-Invalid-,-Invalid-,-Invalid-,-Invalid-,-Invalid-,-Invalid-,-Invalid-
6/9/2009 5:10,-Invalid-,-Invalid-,-Invalid-,-Invalid-,-Invalid-,-Invalid-,-Invalid-,-Invalid-,-Invalid-,-Invalid-
6/9/2009 5:20,-Invalid-,-Invalid-,-Invalid-,-Invalid-,-Invalid-,-Invalid-,-Invalid-,-Invalid-,-Invalid-,-Invalid-
6/9/2009 5:30,-Invalid-,-Invalid-,-Invalid-,-Invalid-,-Invalid-,-Invalid-,-Invalid-,-Invalid-,-Invalid-,-Invalid-
6/9/2009 5:40,-Invalid-,-Invalid-,-Invalid-,-Invalid-,-Invalid-,-Invalid-,-Invalid-,-Invalid-,-Invalid-,-Invalid-
6/9/2009 5:50,-Invalid-,-Invalid-,-Invalid-,-Invalid-,-Invalid-,-Invalid-,-Invalid-,-Invalid-,-Invalid-,-Invalid-
6/9/2009 6:00,-Invalid-,-Invalid-,-Invalid-,-Invalid-,-Invalid-,-Invalid-,-Invalid-,-Invalid-,-Invalid-,-Invalid-
6/9/2009 6:10,-Invalid-,-Invalid-,-Invalid-,-Invalid-,-Invalid-,-Invalid-,-Invalid-,-Invalid-,-Invalid-,-Invalid-
6/9/2009 6:20,-Invalid-,-Invalid-,-Invalid-,-Invalid-,-Invalid-,-Invalid-,-Invalid-,-Invalid-,-Invalid-,-Invalid-
6/9/2009 6:30,-Invalid-,-Invalid-,-Invalid-,-Invalid-,-Invalid-,-Invalid-,-Invalid-,-Invalid-,-Invalid-,-Invalid-
6/9/2009 6:40,-Invalid-,-Invalid-,-Invalid-,-Invalid-,-Invalid-,-Invalid-,-Invalid-,-Invalid-,-Invalid-,-Invalid-
6/9/2009 6:50,-Invalid-,-Invalid-,-Invalid-,-Invalid-,-Invalid-,-Invalid-,-Invalid-,-Invalid-,-Invalid-,-Invalid-
6/9/2009 7:00,-Invalid-,-Invalid-,-Invalid-,-Invalid-,-Invalid-,-Invalid-,-Invalid-,-Invalid-,-Invalid-,-Invalid-
6/9/2009 7:10,-Invalid-,-Invalid-,-Invalid-,-Invalid-,-Invalid-,-Invalid-,-Invalid-,-Invalid-,-Invalid-,-Invalid-
6/9/2009 7:20,-Invalid-,-Invalid-,-Invalid-,-Invalid-,-Invalid-,-Invalid-,-Invalid-,-Invalid-,-Invalid-,-Invalid-
6/9/2009 7:30,-Invalid-,-Invalid-,-Invalid-,-Invalid-,-Invalid-,-Invalid-,-Invalid-,-Invalid-,-Invalid-,-Invalid-
6/9/2009 7:40,-Invalid-,-Invalid-,-Invalid-,-Invalid-,-Invalid-,-Invalid-,-Invalid-,-Invalid-,-Invalid-,-Invalid-
6/9/2009 7:50,-Invalid-,-Invalid-,-Invalid-,-Invalid-,-Invalid-,-Invalid-,-Invalid-,-Invalid-,-Invalid-,-Invalid-
6/9/2009 8:00,-Invalid-,-Invalid-,-Invalid-,-Invalid-,-Invalid-,-Invalid-,-Invalid-,-Invalid-,-Invalid-,-Invalid-
6/9/2009 8:10,-Invalid-,-Invalid-,-Invalid-,-Invalid-,-Invalid-,-Invalid-,-Invalid-,-Invalid-,-Invalid-,-Invalid-
6/9/2009 8:20,-Invalid-,-Invalid-,-Invalid-,-Invalid-,-Invalid-,-Invalid-,-Invalid-,-Invalid-,-Invalid-,-Invalid-
6/9/2009 8:30,-Invalid-,-Invalid-,-Invalid-,-Invalid-,-Invalid-,-Invalid-,-Invalid-,-Invalid-,-Invalid-,-Invalid-
6/9/2009 8:40,-Invalid-,-Invalid-,-Invalid-,-Invalid-,-Invalid-,-Invalid-,-Invalid-,-Invalid-,-Invalid-,-Invalid-
6/9/2009 8:50,-Invalid-,-Invalid-,-Invalid-,-Invalid-,-Invalid-,-Invalid-,-Invalid-,-Invalid-,-Invalid-,-Invalid-
6/9/2009 9:00,-Invalid-,-Invalid-,-Invalid-,-Invalid-,-Invalid-,-Invalid-,-Invalid-,-Invalid-,-Invalid-,-Invalid-
6/9/2009 9:10,-Invalid-,-Invalid-,-Invalid-,-Invalid-,-Invalid-,-Invalid-,-Invalid-,-Invalid-,-Invalid-,-Invalid-
6/9/2009 9:20,-Invalid-,-Invalid-,-Invalid-,-Invalid-,-Invalid-,-Invalid-,-Invalid-,-Invalid-,-Invalid-,-Invalid-
6/9/2009 9:30,-Invalid-,-Invalid-,-Invalid-,-Invalid-,-Invalid-,-Invalid-,-Invalid-,-Invalid-,-Invalid-,-Invalid-
6/9/2009 9:40,-Invalid-,-Invalid-,-Invalid-,-Invalid-,-Invalid-,-Invalid-,-Invalid-,-Invalid-,-Invalid-,-Invalid-
6/9/2009 9:50,-Invalid-,-Invalid-,-Invalid-,-Invalid-,-Invalid-,-Invalid-,-Invalid-,-Invalid-,-Invalid-,-Invalid-
6/9/2009 10:00,-Invalid-,-Invalid-,-Invalid-,-Invalid-,-Invalid-,-Invalid-,-Invalid-,-Invalid-,-Invalid-,-Invalid-
6/9/2009 10:10,-Invalid-,-Invalid-,-Invalid-,-Invalid-,-Invalid-,-Invalid-,-Invalid-,-Invalid-,-Invalid-,-Invalid-
6/9/2009 10:20,-Invalid-,-Invalid-,-Invalid-,-Invalid-,-Invalid-,-Invalid-,-Invalid-,-Invalid-,-Invalid-,-Invalid-
6/9/2009 10:30,-Invalid-,-Invalid-,-Invalid-,-Invalid-,-Invalid-,-Invalid-,-Invalid-,-Invalid-,-Invalid-,-Invalid-
6/9/2009 10:40,-Invalid-,-Invalid-,-Invalid-,-Invalid-,-Invalid-,-Invalid-,-Invalid-,-Invalid-,-Invalid-,-Invalid-
6/9/2009 10:50,-Invalid-,-Invalid-,-Invalid-,-Invalid-,-Invalid-,-Invalid-,-Invalid-,-Invalid-,-Invalid-,-Invalid-
6/9/2009 11:00,-Invalid-,-Invalid-,-Invalid-,-Invalid-,-Invalid-,-Invalid-,-Invalid-,-Invalid-,-Invalid-,-Invalid-
6/9/2009 11:10,-Invalid-,-Invalid-,-Invalid-,-Invalid-,-Invalid-,-Invalid-,-Invalid-,-Invalid-,-Invalid-,-Invalid-
6/9/2009 11:20,-Invalid-,-Invalid-,-Invalid-,-Invalid-,-Invalid-,-Invalid-,-Invalid-,-Invalid-,-Invalid-,-Invalid-
6/9/2009 11:30,-Invalid-,-Invalid-,-Invalid-,-Invalid-,-Invalid-,-Invalid-,-Invalid-,-Invalid-,-Invalid-,-Invalid-
6/9/2009 11:40,-Invalid-,-Invalid-,-Invalid-,-Invalid-,-Invalid-,-Invalid-,-Invalid-,-Invalid-,-Invalid-,-Invalid-
6/9/2009 11:50,-Invalid-,-Invalid-,-Invalid-,-Invalid-,-Invalid-,-Invalid-,-Invalid-,-Invalid-,-Invalid-,-Invalid-
6/9/2009 12:00,-Invalid-,-Invalid-,-Invalid-,-Invalid-,-Invalid-,-Invalid-,-Invalid-,-Invalid-,-Invalid-,-Invalid-
6/9/2009 12:10,-Invalid-,-Invalid-,-Invalid-,-Invalid-,-Invalid-,-Invalid-,-Invalid-,-Invalid-,-Invalid-,-Invalid-
6/9/2009 12:20,-Invalid-,-Invalid-,-Invalid-,-Invalid-,-Invalid-,-Invalid-,-Invalid-,-Invalid-,-Invalid-,-Invalid-
6/9/2009 12:30,-Invalid-,-Invalid-,-Invalid-,-Invalid-,-Invalid-,-Invalid-,-Invalid-,-Invalid-,-Invalid-,-Invalid-
6/9/2009 12:40,-Invalid-,-Invalid-,-Invalid-,-Invalid-,-Invalid-,-Invalid-,-Invalid-,-Invalid-,-Invalid-,-Invalid-
6/9/2009 12:50,-Invalid-,-Invalid-,-Invalid-,-Invalid-,-Invalid-,-Invalid-,-Invalid-,-Invalid-,-Invalid-,-Invalid-
6/9/2009 13:00,-Invalid-,-Invalid-,-Invalid-,-Invalid-,-Invalid-,-Invalid-,-Invalid-,-Invalid-,-Invalid-,-Invalid-
6/9/2009 13:10,-Invalid-,-Invalid-,-Invalid-,-Invalid-,-Invalid-,-Invalid-,-Invalid-,-Invalid-,-Invalid-,-Invalid-
6/9/2009 13:20,-Invalid-,-Invalid-,-Invalid-,-Invalid-,-Invalid-,-Invalid-,-Invalid-,-Invalid-,-Invalid-,-Invalid-
6/9/2009 13:30,-Invalid-,-Invalid-,-Invalid-,-Invalid-,-Invalid-,-Invalid-,-Invalid-,-Invalid-,-Invalid-,-Invalid-
6/9/2009 13:40,-Invalid-,-Invalid-,-Invalid-,-Invalid-,-Invalid-,-Invalid-,-Invalid-,-Invalid-,-Invalid-,-Invalid-
6/9/2009 13:50,-Invalid-,-Invalid-,-Invalid-,-Invalid-,-Invalid-,-Invalid-,-Invalid-,-Invalid-,-Invalid-,-Invalid-
6/9/2009 14:00,-Invalid-,-Invalid-,-Invalid-,-Invalid-,-Invalid-,-Invalid-,-Invalid-,-Invalid-,-Invalid-,-Invalid-
6/9/2009 14:10,-Invalid-,-Invalid-,-Invalid-,-Invalid-,-Invalid-,-Invalid-,-Invalid-,-Invalid-,-Invalid-,-Invalid-
6/9/2009 14:20,-Invalid-,-Invalid-,-Invalid-,-Invalid-,-Invalid-,-Invalid-,-Invalid-,-Invalid-,-Invalid-,-Invalid-
6/9/2009 14:30,-Invalid-,-Invalid-,-Invalid-,-Invalid-,-Invalid-,-Invalid-,-Invalid-,-Invalid-,-Invalid-,-Invalid-
6/9/2009 14:40,-Invalid-,-Invalid-,-Invalid-,-Invalid-,-Invalid-,-Invalid-,-Invalid-,-Invalid-,-Invalid-,-Invalid-
6/9/2009 14:50,-Invalid-,-Invalid-,-Invalid-,-Invalid-,-Invalid-,-Invalid-,-Invalid-,-Invalid-,-Invalid-,-Invalid-
6/9/2009 15:00,-Invalid-,-Invalid-,-Invalid-,-Invalid-,-Invalid-,-Invalid-,-Invalid-,-Invalid-,-Invalid-,-Invalid-
6/9/2009 15:10,-Invalid-,-Invalid-,-Invalid-,-Invalid-,-Invalid-,-Invalid-,-Invalid-,-Invalid-,-Invalid-,-Invalid-
6/9/2009 15:20,-Invalid-,-Invalid-,-Invalid-,-Invalid-,-Invalid-,-Invalid-,-Invalid-,-Invalid-,-Invalid-,-Invalid-
6/9/2009 15:30,-Invalid-,-Invalid-,-Invalid-,-Invalid-,-Invalid-,-Invalid-,-Invalid-,-Invalid-,-Invalid-,-Invalid-
6/9/2009 15:40,-Invalid-,-Invalid-,-Invalid-,-Invalid-,-Invalid-,-Invalid-,-Invalid-,-Invalid-,-Invalid-,-Invalid-
6/9/2009 15:50,-Invalid-,-Invalid-,-Invalid-,-Invalid-,-Invalid-,-Invalid-,-Invalid-,-Invalid-,-Invalid-,-Invalid-
6/9/2009 16:00,-Invalid-,-Invalid-,-Invalid-,-Invalid-,-Invalid-,-Invalid-,-Invalid-,-Invalid-,-Invalid-,-Invalid-
6/9/2009 16:10,-Invalid-,-Invalid-,-Invalid-,-Invalid-,-Invalid-,-Invalid-,-Invalid-,-Invalid-,-Invalid-,-Invalid-
6/9/2009 16:20,-Invalid-,-Invalid-,-Invalid-,-Invalid-,-Invalid-,-Invalid-,-Invalid-,-Invalid-,-Invalid-,-Invalid-
6/9/2009 16:30,-Invalid-,-Invalid-,-Invalid-,-Invalid-,-Invalid-,-Invalid-,-Invalid-,-Invalid-,-Invalid-,-Invalid-
6/9/2009 16:40,-Invalid-,-Invalid-,-Invalid-,-Invalid-,-Invalid-,-Invalid-,-Invalid-,-Invalid-,-Invalid-,-Invalid-
6/9/2009 16:50,-Invalid-,-Invalid-,-Invalid-,-Invalid-,-Invalid-,-Invalid-,-Invalid-,-Invalid-,-Invalid-,-Invalid-
6/9/2009 17:00,-Invalid-,-Invalid-,-Invalid-,-Invalid-,-Invalid-,-Invalid-,-Invalid-,-Invalid-,-Invalid-,-Invalid-
6/9/2009 17:10,-Invalid-,-Invalid-,-Invalid-,-Invalid-,-Invalid-,-Invalid-,-Invalid-,-Invalid-,-Invalid-,-Invalid-
6/9/2009 17:20,-Invalid-,-Invalid-,-Invalid-,-Invalid-,-Invalid-,-Invalid-,-Invalid-,-Invalid-,-Invalid-,-Invalid-
6/9/2009 17:30,-Invalid-,-Invalid-,-Invalid-,-Invalid-,-Invalid-,-Invalid-,-Invalid-,-Invalid-,-Invalid-,-Invalid-
6/9/2009 17:40,-Invalid-,-Invalid-,-Invalid-,-Invalid-,-Invalid-,-Invalid-,-Invalid-,-Invalid-,-Invalid-,-Invalid-
6/9/2009 17:50,-Invalid-,-Invalid-,-Invalid-,-Invalid-,-Invalid-,-Invalid-,-Invalid-,-Invalid-,-Invalid-,-Invalid-
6/9/2009 18:00,-Invalid-,-Invalid-,-Invalid-,-Invalid-,-Invalid-,-Invalid-,-Invalid-,-Invalid-,-Invalid-,-Invalid-
6/9/2009 18:10,-Invalid-,-Invalid-,-Invalid-,-Invalid-,-Invalid-,-Invalid-,-Invalid-,-Invalid-,-Invalid-,-Invalid-
6/9/2009 18:20,-Invalid-,-Invalid-,-Invalid-,-Invalid-,-Invalid-,-Invalid-,-Invalid-,-Invalid-,-Invalid-,-Invalid-
6/9/2009 18:30,-Invalid-,-Invalid-,-Invalid-,-Invalid-,-Invalid-,-Invalid-,-Invalid-,-Invalid-,-Invalid-,-Invalid-
6/9/2009 18:40,-Invalid-,-Invalid-,-Invalid-,-Invalid-,-Invalid-,-Invalid-,-Invalid-,-Invalid-,-Invalid-,-Invalid-
6/9/2009 18:50,-Invalid-,-Invalid-,-Invalid-,-Invalid-,-Invalid-,-Invalid-,-Invalid-,-Invalid-,-Invalid-,-Invalid-
6/9/2009 19:00,-Invalid-,-Invalid-,-Invalid-,-Invalid-,-Invalid-,-Invalid-,-Invalid-,-Invalid-,-Invalid-,-Invalid-
6/9/2009 19:10,-Invalid-,-Invalid-,-Invalid-,-Invalid-,-Invalid-,-Invalid-,-Invalid-,-Invalid-,-Invalid-,-Invalid-
6/9/2009 19:20,-Invalid-,-Invalid-,-Invalid-,-Invalid-,-Invalid-,-Invalid-,-Invalid-,-Invalid-,-Invalid-,-Invalid-
6/9/2009 19:30,-Invalid-,-Invalid-,-Invalid-,-Invalid-,-Invalid-,-Invalid-,-Invalid-,-Invalid-,-Invalid-,-Invalid-
6/9/2009 19:40,-Invalid-,-Invalid-,-Invalid-,-Invalid-,-Invalid-,-Invalid-,-Invalid-,-Invalid-,-Invalid-,-Invalid-
6/9/2009 19:50,-Invalid-,-Invalid-,-Invalid-,-Invalid-,-Invalid-,-Invalid-,-Invalid-,-Invalid-,-Invalid-,-Invalid-
6/9/2009 20:00,-Invalid-,-Invalid-,-Invalid-,-Invalid-,-Invalid-,-Invalid-,-Invalid-,-Invalid-,-Invalid-,-Invalid-
6/9/2009 20:10,-Invalid-,-Invalid-,-Invalid-,-Invalid-,-Invalid-,-Invalid-,-Invalid-,-Invalid-,-Invalid-,-Invalid-
6/9/2009 20:20,-Invalid-,-Invalid-,-Invalid-,-Invalid-,-Invalid-,-Invalid-,-Invalid-,-Invalid-,-Invalid-,-Invalid-
6/9/2009 20:30,-Invalid-,-Invalid-,-Invalid-,-Invalid-,-Invalid-,-Invalid-,-Invalid-,-Invalid-,-Invalid-,-Invalid-
6/9/2009 20:40,-Invalid-,-Invalid-,-Invalid-,-Invalid-,-Invalid-,-Invalid-,-Invalid-,-Invalid-,-Invalid-,-Invalid-
6/9/2009 20:50,-Invalid-,-Invalid-,-Invalid-,-Invalid-,-Invalid-,-Invalid-,-Invalid-,-Invalid-,-Invalid-,-Invalid-
6/9/2009 21:00,-Invalid-,-Invalid-,-Invalid-,-Invalid-,-Invalid-,-Invalid-,-Invalid-,-Invalid-,-Invalid-,-Invalid-
6/9/2009 21:10,-Invalid-,-Invalid-,-Invalid-,-Invalid-,-Invalid-,-Invalid-,-Invalid-,-Invalid-,-Invalid-,-Invalid-
6/9/2009 21:20,-Invalid-,-Invalid-,-Invalid-,-Invalid-,-Invalid-,-Invalid-,-Invalid-,-Invalid-,-Invalid-,-Invalid-
6/9/2009 21:30,-Invalid-,-Invalid-,-Invalid-,-Invalid-,-Invalid-,-Invalid-,-Invalid-,-Invalid-,-Invalid-,-Invalid-
6/9/2009 21:40,-Invalid-,-Invalid-,-Invalid-,-Invalid-,-Invalid-,-Invalid-,-Invalid-,-Invalid-,-Invalid-,-Invalid-
6/9/2009 21:50,-Invalid-,-Invalid-,-Invalid-,-Invalid-,-Invalid-,-Invalid-,-Invalid-,-Invalid-,-Invalid-,-Invalid-
6/9/2009 22:00,-Invalid-,-Invalid-,-Invalid-,-Invalid-,-Invalid-,-Invalid-,-Invalid-,-Invalid-,-Invalid-,-Invalid-
6/9/2009 22:10,-Invalid-,-Invalid-,-Invalid-,-Invalid-,-Invalid-,-Invalid-,-Invalid-,-Invalid-,-Invalid-,-Invalid-
6/9/2009 22:20,-Invalid-,-Invalid-,-Invalid-,-Invalid-,-Invalid-,-Invalid-,-Invalid-,-Invalid-,-Invalid-,-Invalid-
6/9/2009 22:30,-Invalid-,-Invalid-,-Invalid-,-Invalid-,-Invalid-,-Invalid-,-Invalid-,-Invalid-,-Invalid-,-Invalid-
6/9/2009 22:40,-Invalid-,-Invalid-,-Invalid-,-Invalid-,-Invalid-,-Invalid-,-Invalid-,-Invalid-,-Invalid-,-Invalid-
6/9/2009 22:50,-Invalid-,-Invalid-,-Invalid-,-Invalid-,-Invalid-,-Invalid-,-Invalid-,-Invalid-,-Invalid-,-Invalid-
6/9/2009 23:00,-Invalid-,-Invalid-,-Invalid-,-Invalid-,-Invalid-,-Invalid-,-Invalid-,-Invalid-,-Invalid-,-Invalid-
6/9/2009 23:10,-Invalid-,-Invalid-,-Invalid-,-Invalid-,-Invalid-,-Invalid-,-Invalid-,-Invalid-,-Invalid-,-Invalid-
6/9/2009 23:20,-Invalid-,-Invalid-,-Invalid-,-Invalid-,-Invalid-,-Invalid-,-Invalid-,-Invalid-,-Invalid-,-Invalid-
6/9/2009 23:30,-Invalid-,-Invalid-,-Invalid-,-Invalid-,-Invalid-,-Invalid-,-Invalid-,-Invalid-,-Invalid-,-Invalid-
6/9/2009 23:40,-Invalid-,-Invalid-,-Invalid-,-Invalid-,-Invalid-,-Invalid-,-Invalid-,-Invalid-,-Invalid-,-Invalid-
6/9/2009 23:50,-Invalid-,-Invalid-,-Invalid-,-Invalid-,-Invalid-,-Invalid-,-Invalid-,-Invalid-,-Invalid-,-Invalid-
6/10/2009 0:00,-Invalid-,-Invalid-,-Invalid-,-Invalid-,-Invalid-,-Invalid-,-Invalid-,-Invalid-,-Invalid-,-Invalid-
6/10/2009 0:10,-Invalid-,-Invalid-,-Invalid-,-Invalid-,-Invalid-,-Invalid-,-Invalid-,-Invalid-,-Invalid-,-Invalid-
6/10/2009 0:20,-Invalid-,-Invalid-,-Invalid-,-Invalid-,-Invalid-,-Invalid-,-Invalid-,-Invalid-,-Invalid-,-Invalid-
6/10/2009 0:30,-Invalid-,-Invalid-,-Invalid-,-Invalid-,-Invalid-,-Invalid-,-Invalid-,-Invalid-,-Invalid-,-Invalid-
6/10/2009 0:40,-Invalid-,-Invalid-,-Invalid-,-Invalid-,-Invalid-,-Invalid-,-Invalid-,-Invalid-,-Invalid-,-Invalid-
6/10/2009 0:50,-Invalid-,-Invalid-,-Invalid-,-Invalid-,-Invalid-,-Invalid-,-Invalid-,-Invalid-,-Invalid-,-Invalid-
6/10/2009 1:00,-Invalid-,-Invalid-,-Invalid-,-Invalid-,-Invalid-,-Invalid-,-Invalid-,-Invalid-,-Invalid-,-Invalid-
6/10/2009 1:10,-Invalid-,-Invalid-,-Invalid-,-Invalid-,-Invalid-,-Invalid-,-Invalid-,-Invalid-,-Invalid-,-Invalid-
6/10/2009 1:20,-Invalid-,-Invalid-,-Invalid-,-Invalid-,-Invalid-,-Invalid-,-Invalid-,-Invalid-,-Invalid-,-Invalid-
6/10/2009 1:30,-Invalid-,-Invalid-,-Invalid-,-Invalid-,-Invalid-,-Invalid-,-Invalid-,-Invalid-,-Invalid-,-Invalid-
6/10/2009 1:40,-Invalid-,-Invalid-,-Invalid-,-Invalid-,-Invalid-,-Invalid-,-Invalid-,-Invalid-,-Invalid-,-Invalid-
6/10/2009 1:50,-Invalid-,-Invalid-,-Invalid-,-Invalid-,-Invalid-,-Invalid-,-Invalid-,-Invalid-,-Invalid-,-Invalid-
6/10/2009 2:00,-Invalid-,-Invalid-,-Invalid-,-Invalid-,-Invalid-,-Invalid-,-Invalid-,-Invalid-,-Invalid-,-Invalid-
6/10/2009 2:10,-Invalid-,-Invalid-,-Invalid-,-Invalid-,-Invalid-,-Invalid-,-Invalid-,-Invalid-,-Invalid-,-Invalid-
6/10/2009 2:20,-Invalid-,-Invalid-,-Invalid-,-Invalid-,-Invalid-,-Invalid-,-Invalid-,-Invalid-,-Invalid-,-Invalid-
6/10/2009 2:30,-Invalid-,-Invalid-,-Invalid-,-Invalid-,-Invalid-,-Invalid-,-Invalid-,-Invalid-,-Invalid-,-Invalid-
6/10/2009 2:40,-Invalid-,-Invalid-,-Invalid-,-Invalid-,-Invalid-,-Invalid-,-Invalid-,-Invalid-,-Invalid-,-Invalid-
6/10/2009 2:50,-Invalid-,-Invalid-,-Invalid-,-Invalid-,-Invalid-,-Invalid-,-Invalid-,-Invalid-,-Invalid-,-Invalid-
6/10/2009 3:00,-Invalid-,-Invalid-,-Invalid-,-Invalid-,-Invalid-,-Invalid-,-Invalid-,-Invalid-,-Invalid-,-Invalid-
6/10/2009 3:10,-Invalid-,-Invalid-,-Invalid-,-Invalid-,-Invalid-,-Invalid-,-Invalid-,-Invalid-,-Invalid-,-Invalid-
6/10/2009 3:20,-Invalid-,-Invalid-,-Invalid-,-Invalid-,-Invalid-,-Invalid-,-Invalid-,-Invalid-,-Invalid-,-Invalid-
6/10/2009 3:30,-Invalid-,-Invalid-,-Invalid-,-Invalid-,-Invalid-,-Invalid-,-Invalid-,-Invalid-,-Invalid-,-Invalid-
6/10/2009 3:40,-Invalid-,-Invalid-,-Invalid-,-Invalid-,-Invalid-,-Invalid-,-Invalid-,-Invalid-,-Invalid-,-Invalid-
6/10/2009 3:50,-Invalid-,-Invalid-,-Invalid-,-Invalid-,-Invalid-,-Invalid-,-Invalid-,-Invalid-,-Invalid-,-Invalid-
6/10/2009 4:00,-Invalid-,-Invalid-,-Invalid-,-Invalid-,-Invalid-,-Invalid-,-Invalid-,-Invalid-,-Invalid-,-Invalid-
6/10/2009 4:10,-Invalid-,-Invalid-,-Invalid-,-Invalid-,-Invalid-,-Invalid-,-Invalid-,-Invalid-,-Invalid-,-Invalid-
6/10/2009 4:20,-Invalid-,-Invalid-,-Invalid-,-Invalid-,-Invalid-,-Invalid-,-Invalid-,-Invalid-,-Invalid-,-Invalid-
6/10/2009 4:30,-Invalid-,-Invalid-,-Invalid-,-Invalid-,-Invalid-,-Invalid-,-Invalid-,-Invalid-,-Invalid-,-Invalid-
6/10/2009 4:40,-Invalid-,-Invalid-,-Invalid-,-Invalid-,-Invalid-,-Invalid-,-Invalid-,-Invalid-,-Invalid-,-Invalid-
6/10/2009 4:50,-Invalid-,-Invalid-,-Invalid-,-Invalid-,-Invalid-,-Invalid-,-Invalid-,-Invalid-,-Invalid-,-Invalid-
6/10/2009 5:00,-Invalid-,-Invalid-,-Invalid-,-Invalid-,-Invalid-,-Invalid-,-Invalid-,-Invalid-,-Invalid-,-Invalid-
6/10/2009 5:10,-Invalid-,-Invalid-,-Invalid-,-Invalid-,-Invalid-,-Invalid-,-Invalid-,-Invalid-,-Invalid-,-Invalid-
6/10/2009 5:20,-Invalid-,-Invalid-,-Invalid-,-Invalid-,-Invalid-,-Invalid-,-Invalid-,-Invalid-,-Invalid-,-Invalid-
6/10/2009 5:30,-Invalid-,-Invalid-,-Invalid-,-Invalid-,-Invalid-,-Invalid-,-Invalid-,-Invalid-,-Invalid-,-Invalid-
6/10/2009 5:40,-Invalid-,-Invalid-,-Invalid-,-Invalid-,-Invalid-,-Invalid-,-Invalid-,-Invalid-,-Invalid-,-Invalid-
6/10/2009 5:50,-Invalid-,-Invalid-,-Invalid-,-Invalid-,-Invalid-,-Invalid-,-Invalid-,-Invalid-,-Invalid-,-Invalid-
6/10/2009 6:00,-Invalid-,-Invalid-,-Invalid-,-Invalid-,-Invalid-,-Invalid-,-Invalid-,-Invalid-,-Invalid-,-Invalid-
6/10/2009 6:10,-Invalid-,-Invalid-,-Invalid-,-Invalid-,-Invalid-,-Invalid-,-Invalid-,-Invalid-,-Invalid-,-Invalid-
6/10/2009 6:20,-Invalid-,-Invalid-,-Invalid-,-Invalid-,-Invalid-,-Invalid-,-Invalid-,-Invalid-,-Invalid-,-Invalid-
6/10/2009 6:30,-Invalid-,-Invalid-,-Invalid-,-Invalid-,-Invalid-,-Invalid-,-Invalid-,-Invalid-,-Invalid-,-Invalid-
6/10/2009 6:40,-Invalid-,-Invalid-,-Invalid-,-Invalid-,-Invalid-,-Invalid-,-Invalid-,-Invalid-,-Invalid-,-Invalid-
6/10/2009 6:50,-Invalid-,-Invalid-,-Invalid-,-Invalid-,-Invalid-,-Invalid-,-Invalid-,-Invalid-,-Invalid-,-Invalid-
6/10/2009 7:00,-Invalid-,-Invalid-,-Invalid-,-Invalid-,-Invalid-,-Invalid-,-Invalid-,-Invalid-,-Invalid-,-Invalid-
6/10/2009 7:10,-Invalid-,-Invalid-,-Invalid-,-Invalid-,-Invalid-,-Invalid-,-Invalid-,-Invalid-,-Invalid-,-Invalid-
6/10/2009 7:20,-Invalid-,-Invalid-,-Invalid-,-Invalid-,-Invalid-,-Invalid-,-Invalid-,-Invalid-,-Invalid-,-Invalid-
6/10/2009 7:30,-Invalid-,-Invalid-,-Invalid-,-Invalid-,-Invalid-,-Invalid-,-Invalid-,-Invalid-,-Invalid-,-Invalid-
6/10/2009 7:40,-Invalid-,-Invalid-,-Invalid-,-Invalid-,-Invalid-,-Invalid-,-Invalid-,-Invalid-,-Invalid-,-Invalid-
6/10/2009 7:50,-Invalid-,-Invalid-,-Invalid-,-Invalid-,-Invalid-,-Invalid-,-Invalid-,-Invalid-,-Invalid-,-Invalid-
6/10/2009 8:00,-Invalid-,-Invalid-,-Invalid-,-Invalid-,-Invalid-,-Invalid-,-Invalid-,-Invalid-,-Invalid-,-Invalid-
6/10/2009 8:10,-Invalid-,-Invalid-,-Invalid-,-Invalid-,-Invalid-,-Invalid-,-Invalid-,-Invalid-,-Invalid-,-Invalid-
6/10/2009 8:20,-Invalid-,-Invalid-,-Invalid-,-Invalid-,-Invalid-,-Invalid-,-Invalid-,-Invalid-,-Invalid-,-Invalid-
6/10/2009 8:30,-Invalid-,-Invalid-,-Invalid-,-Invalid-,-Invalid-,-Invalid-,-Invalid-,-Invalid-,-Invalid-,-Invalid-
6/10/2009 8:40,-Invalid-,-Invalid-,-Invalid-,-Invalid-,-Invalid-,-Invalid-,-Invalid-,-Invalid-,-Invalid-,-Invalid-
6/10/2009 8:50,-Invalid-,-Invalid-,-Invalid-,-Invalid-,-Invalid-,-Invalid-,-Invalid-,-Invalid-,-Invalid-,-Invalid-
6/10/2009 9:00,-Invalid-,-Invalid-,-Invalid-,-Invalid-,-Invalid-,-Invalid-,-Invalid-,-Invalid-,-Invalid-,-Invalid-
6/10/2009 9:10,-Invalid-,-Invalid-,-Invalid-,-Invalid-,-Invalid-,-Invalid-,-Invalid-,-Invalid-,-Invalid-,-Invalid-
6/10/2009 9:20,-Invalid-,-Invalid-,-Invalid-,-Invalid-,-Invalid-,-Invalid-,-Invalid-,-Invalid-,-Invalid-,-Invalid-
6/10/2009 9:30,-Invalid-,-Invalid-,-Invalid-,-Invalid-,-Invalid-,-Invalid-,-Invalid-,-Invalid-,-Invalid-,-Invalid-
6/10/2009 9:40,-Invalid-,-Invalid-,-Invalid-,-Invalid-,-Invalid-,-Invalid-,-Invalid-,-Invalid-,-Invalid-,-Invalid-
6/10/2009 9:50,-Invalid-,-Invalid-,-Invalid-,-Invalid-,-Invalid-,-Invalid-,-Invalid-,-Invalid-,-Invalid-,-Invalid-
6/10/2009 10:00,-Invalid-,-Invalid-,-Invalid-,-Invalid-,-Invalid-,-Invalid-,-Invalid-,-Invalid-,-Invalid-,-Invalid-
6/10/2009 10:10,-Invalid-,-Invalid-,-Invalid-,-Invalid-,-Invalid-,-Invalid-,-Invalid-,-Invalid-,-Invalid-,-Invalid-
6/10/2009 10:20,-Invalid-,-Invalid-,-Invalid-,-Invalid-,-Invalid-,-Invalid-,-Invalid-,-Invalid-,-Invalid-,-Invalid-
6/10/2009 10:30,-Invalid-,-Invalid-,-Invalid-,-Invalid-,-Invalid-,-Invalid-,-Invalid-,-Invalid-,-Invalid-,-Invalid-
6/10/2009 10:40,-Invalid-,-Invalid-,-Invalid-,-Invalid-,-Invalid-,-Invalid-,-Invalid-,-Invalid-,-Invalid-,-Invalid-
6/10/2009 10:50,-Invalid-,-Invalid-,-Invalid-,-Invalid-,-Invalid-,-Invalid-,-Invalid-,-Invalid-,-Invalid-,-Invalid-
6/10/2009 11:00,-Invalid-,-Invalid-,-Invalid-,-Invalid-,-Invalid-,-Invalid-,-Invalid-,-Invalid-,-Invalid-,-Invalid-
6/10/2009 11:10,-Invalid-,-Invalid-,-Invalid-,-Invalid-,-Invalid-,-Invalid-,-Invalid-,-Invalid-,-Invalid-,-Invalid-
6/10/2009 11:20,-Invalid-,-Invalid-,-Invalid-,-Invalid-,-Invalid-,-Invalid-,-Invalid-,-Invalid-,-Invalid-,-Invalid-
6/10/2009 11:30,-Invalid-,-Invalid-,-Invalid-,-Invalid-,-Invalid-,-Invalid-,-Invalid-,-Invalid-,-Invalid-,-Invalid-
6/10/2009 11:40,-Invalid-,-Invalid-,-Invalid-,-Invalid-,-Invalid-,-Invalid-,-Invalid-,-Invalid-,-Invalid-,-Invalid-
6/10/2009 11:50,-Invalid-,-Invalid-,-Invalid-,-Invalid-,-Invalid-,-Invalid-,-Invalid-,-Invalid-,-Invalid-,-Invalid-
6/10/2009 12:00,-Invalid-,-Invalid-,-Invalid-,-Invalid-,-Invalid-,-Invalid-,-Invalid-,-Invalid-,-Invalid-,-Invalid-
6/10/2009 12:10,-Invalid-,-Invalid-,-Invalid-,-Invalid-,-Invalid-,-Invalid-,-Invalid-,-Invalid-,-Invalid-,-Invalid-
6/10/2009 12:20,-Invalid-,-Invalid-,-Invalid-,-Invalid-,-Invalid-,-Invalid-,-Invalid-,-Invalid-,-Invalid-,-Invalid-
6/10/2009 12:30,-Invalid-,-Invalid-,-Invalid-,-Invalid-,-Invalid-,-Invalid-,-Invalid-,-Invalid-,-Invalid-,-Invalid-
6/10/2009 12:40,-Invalid-,-Invalid-,-Invalid-,-Invalid-,-Invalid-,-Invalid-,-Invalid-,-Invalid-,-Invalid-,-Invalid-
6/10/2009 12:50,-Invalid-,-Invalid-,-Invalid-,-Invalid-,-Invalid-,-Invalid-,-Invalid-,-Invalid-,-Invalid-,-Invalid-
6/10/2009 13:00,-Invalid-,-Invalid-,-Invalid-,-Invalid-,-Invalid-,-Invalid-,-Invalid-,-Invalid-,-Invalid-,-Invalid-
6/10/2009 13:10,-Invalid-,-Invalid-,-Invalid-,-Invalid-,-Invalid-,-Invalid-,-Invalid-,-Invalid-,-Invalid-,-Invalid-
6/10/2009 13:20,-Invalid-,-Invalid-,-Invalid-,-Invalid-,-Invalid-,-Invalid-,-Invalid-,-Invalid-,-Invalid-,-Invalid-
6/10/2009 13:30,-Invalid-,-Invalid-,-Invalid-,-Invalid-,-Invalid-,-Invalid-,-Invalid-,-Invalid-,-Invalid-,-Invalid-
6/10/2009 13:40,-Invalid-,-Invalid-,-Invalid-,-Invalid-,-Invalid-,-Invalid-,-Invalid-,-Invalid-,-Invalid-,-Invalid-
6/10/2009 13:50,-Invalid-,-Invalid-,-Invalid-,-Invalid-,-Invalid-,-Invalid-,-Invalid-,-Invalid-,-Invalid-,-Invalid-
6/10/2009 14:00,-Invalid-,-Invalid-,-Invalid-,-Invalid-,-Invalid-,-Invalid-,-Invalid-,-Invalid-,-Invalid-,-Invalid-
6/10/2009 14:10,-Invalid-,-Invalid-,-Invalid-,-Invalid-,-Invalid-,-Invalid-,-Invalid-,-Invalid-,-Invalid-,-Invalid-
6/10/2009 14:20,-Invalid-,-Invalid-,-Invalid-,-Invalid-,-Invalid-,-Invalid-,-Invalid-,-Invalid-,-Invalid-,-Invalid-
6/10/2009 14:30,-Invalid-,-Invalid-,-Invalid-,-Invalid-,-Invalid-,-Invalid-,-Invalid-,-Invalid-,-Invalid-,-Invalid-
6/10/2009 14:40,-Invalid-,-Invalid-,-Invalid-,-Invalid-,-Invalid-,-Invalid-,-Invalid-,-Invalid-,-Invalid-,-Invalid-
6/10/2009 14:50,-Invalid-,-Invalid-,-Invalid-,-Invalid-,-Invalid-,-Invalid-,-Invalid-,-Invalid-,-Invalid-,-Invalid-
6/10/2009 15:00,-Invalid-,-Invalid-,-Invalid-,-Invalid-,-Invalid-,-Invalid-,-Invalid-,-Invalid-,-Invalid-,-Invalid-
6/10/2009 15:10,-Invalid-,-Invalid-,-Invalid-,-Invalid-,-Invalid-,-Invalid-,-Invalid-,-Invalid-,-Invalid-,-Invalid-
6/10/2009 15:20,-Invalid-,-Invalid-,-Invalid-,-Invalid-,-Invalid-,-Invalid-,-Invalid-,-Invalid-,-Invalid-,-Invalid-
6/10/2009 15:30,-Invalid-,-Invalid-,-Invalid-,-Invalid-,-Invalid-,-Invalid-,-Invalid-,-Invalid-,-Invalid-,-Invalid-
6/10/2009 15:40,-Invalid-,-Invalid-,-Invalid-,-Invalid-,-Invalid-,-Invalid-,-Invalid-,-Invalid-,-Invalid-,-Invalid-
6/10/2009 15:50,-Invalid-,-Invalid-,-Invalid-,-Invalid-,-Invalid-,-Invalid-,-Invalid-,-Invalid-,-Invalid-,-Invalid-
6/10/2009 16:00,-Invalid-,-Invalid-,-Invalid-,-Invalid-,-Invalid-,-Invalid-,-Invalid-,-Invalid-,-Invalid-,-Invalid-
6/10/2009 16:10,-Invalid-,-Invalid-,-Invalid-,-Invalid-,-Invalid-,-Invalid-,-Invalid-,-Invalid-,-Invalid-,-Invalid-
6/10/2009 16:20,-Invalid-,-Invalid-,-Invalid-,-Invalid-,-Invalid-,-Invalid-,-Invalid-,-Invalid-,-Invalid-,-Invalid-
6/10/2009 16:30,-Invalid-,-Invalid-,-Invalid-,-Invalid-,-Invalid-,-Invalid-,-Invalid-,-Invalid-,-Invalid-,-Invalid-
6/10/2009 16:40,-Invalid-,-Invalid-,-Invalid-,-Invalid-,-Invalid-,-Invalid-,-Invalid-,-Invalid-,-Invalid-,-Invalid-
6/10/2009 16:50,-Invalid-,-Invalid-,-Invalid-,-Invalid-,-Invalid-,-Invalid-,-Invalid-,-Invalid-,-Invalid-,-Invalid-
6/10/2009 17:00,-Invalid-,-Invalid-,-Invalid-,-Invalid-,-Invalid-,-Invalid-,-Invalid-,-Invalid-,-Invalid-,-Invalid-
6/10/2009 17:10,-Invalid-,-Invalid-,-Invalid-,-Invalid-,-Invalid-,-Invalid-,-Invalid-,-Invalid-,-Invalid-,-Invalid-
6/10/2009 17:20,-Invalid-,-Invalid-,-Invalid-,-Invalid-,-Invalid-,-Invalid-,-Invalid-,-Invalid-,-Invalid-,-Invalid-
6/10/2009 17:30,-Invalid-,-Invalid-,-Invalid-,-Invalid-,-Invalid-,-Invalid-,-Invalid-,-Invalid-,-Invalid-,-Invalid-
6/10/2009 17:40,-Invalid-,-Invalid-,-Invalid-,-Invalid-,-Invalid-,-Invalid-,-Invalid-,-Invalid-,-Invalid-,-Invalid-
6/10/2009 17:50,-Invalid-,-Invalid-,-Invalid-,-Invalid-,-Invalid-,-Invalid-,-Invalid-,-Invalid-,-Invalid-,-Invalid-
6/10/2009 18:00,-Invalid-,-Invalid-,-Invalid-,-Invalid-,-Invalid-,-Invalid-,-Invalid-,-Invalid-,-Invalid-,-Invalid-
6/10/2009 18:10,-Invalid-,-Invalid-,-Invalid-,-Invalid-,-Invalid-,-Invalid-,-Invalid-,-Invalid-,-Invalid-,-Invalid-
6/10/2009 18:20,-Invalid-,-Invalid-,-Invalid-,-Invalid-,-Invalid-,-Invalid-,-Invalid-,-Invalid-,-Invalid-,-Invalid-
6/10/2009 18:30,-Invalid-,-Invalid-,-Invalid-,-Invalid-,-Invalid-,-Invalid-,-Invalid-,-Invalid-,-Invalid-,-Invalid-
6/10/2009 18:40,-Invalid-,-Invalid-,-Invalid-,-Invalid-,-Invalid-,-Invalid-,-Invalid-,-Invalid-,-Invalid-,-Invalid-
6/10/2009 18:50,-Invalid-,-Invalid-,-Invalid-,-Invalid-,-Invalid-,-Invalid-,-Invalid-,-Invalid-,-Invalid-,-Invalid-
6/10/2009 19:00,-Invalid-,-Invalid-,-Invalid-,-Invalid-,-Invalid-,-Invalid-,-Invalid-,-Invalid-,-Invalid-,-Invalid-
6/10/2009 19:10,-Invalid-,-Invalid-,-Invalid-,-Invalid-,-Invalid-,-Invalid-,-Invalid-,-Invalid-,-Invalid-,-Invalid-
6/10/2009 19:20,-Invalid-,-Invalid-,-Invalid-,-Invalid-,-Invalid-,-Invalid-,-Invalid-,-Invalid-,-Invalid-,-Invalid-
6/10/2009 19:30,-Invalid-,-Invalid-,-Invalid-,-Invalid-,-Invalid-,-Invalid-,-Invalid-,-Invalid-,-Invalid-,-Invalid-
6/10/2009 19:40,-Invalid-,-Invalid-,-Invalid-,-Invalid-,-Invalid-,-Invalid-,-Invalid-,-Invalid-,-Invalid-,-Invalid-
6/10/2009 19:50,-Invalid-,-Invalid-,-Invalid-,-Invalid-,-Invalid-,-Invalid-,-Invalid-,-Invalid-,-Invalid-,-Invalid-
6/10/2009 20:00,-Invalid-,-Invalid-,-Invalid-,-Invalid-,-Invalid-,-Invalid-,-Invalid-,-Invalid-,-Invalid-,-Invalid-
6/10/2009 20:10,-Invalid-,-Invalid-,-Invalid-,-Invalid-,-Invalid-,-Invalid-,-Invalid-,-Invalid-,-Invalid-,-Invalid-
6/10/2009 20:20,-Invalid-,-Invalid-,-Invalid-,-Invalid-,-Invalid-,-Invalid-,-Invalid-,-Invalid-,-Invalid-,-Invalid-
6/10/2009 20:30,-Invalid-,-Invalid-,-Invalid-,-Invalid-,-Invalid-,-Invalid-,-Invalid-,-Invalid-,-Invalid-,-Invalid-
6/10/2009 20:40,-Invalid-,-Invalid-,-Invalid-,-Invalid-,-Invalid-,-Invalid-,-Invalid-,-Invalid-,-Invalid-,-Invalid-
6/10/2009 20:50,-Invalid-,-Invalid-,-Invalid-,-Invalid-,-Invalid-,-Invalid-,-Invalid-,-Invalid-,-Invalid-,-Invalid-
6/10/2009 21:00,-Invalid-,-Invalid-,-Invalid-,-Invalid-,-Invalid-,-Invalid-,-Invalid-,-Invalid-,-Invalid-,-Invalid-
6/10/2009 21:10,-Invalid-,-Invalid-,-Invalid-,-Invalid-,-Invalid-,-Invalid-,-Invalid-,-Invalid-,-Invalid-,-Invalid-
6/10/2009 21:20,-Invalid-,-Invalid-,-Invalid-,-Invalid-,-Invalid-,-Invalid-,-Invalid-,-Invalid-,-Invalid-,-Invalid-
6/10/2009 21:30,-Invalid-,-Invalid-,-Invalid-,-Invalid-,-Invalid-,-Invalid-,-Invalid-,-Invalid-,-Invalid-,-Invalid-
6/10/2009 21:40,-Invalid-,-Invalid-,-Invalid-,-Invalid-,-Invalid-,-Invalid-,-Invalid-,-Invalid-,-Invalid-,-Invalid-
6/10/2009 21:50,-Invalid-,-Invalid-,-Invalid-,-Invalid-,-Invalid-,-Invalid-,-Invalid-,-Invalid-,-Invalid-,-Invalid-
6/10/2009 22:00,-Invalid-,-Invalid-,-Invalid-,-Invalid-,-Invalid-,-Invalid-,-Invalid-,-Invalid-,-Invalid-,-Invalid-
6/10/2009 22:10,-Invalid-,-Invalid-,-Invalid-,-Invalid-,-Invalid-,-Invalid-,-Invalid-,-Invalid-,-Invalid-,-Invalid-
6/10/2009 22:20,-Invalid-,-Invalid-,-Invalid-,-Invalid-,-Invalid-,-Invalid-,-Invalid-,-Invalid-,-Invalid-,-Invalid-
6/10/2009 22:30,-Invalid-,-Invalid-,-Invalid-,-Invalid-,-Invalid-,-Invalid-,-Invalid-,-Invalid-,-Invalid-,-Invalid-
6/10/2009 22:40,-Invalid-,-Invalid-,-Invalid-,-Invalid-,-Invalid-,-Invalid-,-Invalid-,-Invalid-,-Invalid-,-Invalid-
6/10/2009 22:50,-Invalid-,-Invalid-,-Invalid-,-Invalid-,-Invalid-,-Invalid-,-Invalid-,-Invalid-,-Invalid-,-Invalid-
6/10/2009 23:00,-Invalid-,-Invalid-,-Invalid-,-Invalid-,-Invalid-,-Invalid-,-Invalid-,-Invalid-,-Invalid-,-Invalid-
6/10/2009 23:10,-Invalid-,-Invalid-,-Invalid-,-Invalid-,-Invalid-,-Invalid-,-Invalid-,-Invalid-,-Invalid-,-Invalid-
6/10/2009 23:20,-Invalid-,-Invalid-,-Invalid-,-Invalid-,-Invalid-,-Invalid-,-Invalid-,-Invalid-,-Invalid-,-Invalid-
6/10/2009 23:30,-Invalid-,-Invalid-,-Invalid-,-Invalid-,-Invalid-,-Invalid-,-Invalid-,-Invalid-,-Invalid-,-Invalid-
6/10/2009 23:40,-Invalid-,-Invalid-,-Invalid-,-Invalid-,-Invalid-,-Invalid-,-Invalid-,-Invalid-,-Invalid-,-Invalid-
6/10/2009 23:50,-Invalid-,-Invalid-,-Invalid-,-Invalid-,-Invalid-,-Invalid-,-Invalid-,-Invalid-,-Invalid-,-Invalid-
6/11/2009 0:00,-Invalid-,-Invalid-,-Invalid-,-Invalid-,-Invalid-,-Invalid-,-Invalid-,-Invalid-,-Invalid-,-Invalid-
6/11/2009 0:10,-Invalid-,-Invalid-,-Invalid-,-Invalid-,-Invalid-,-Invalid-,-Invalid-,-Invalid-,-Invalid-,-Invalid-
6/11/2009 0:20,-Invalid-,-Invalid-,-Invalid-,-Invalid-,-Invalid-,-Invalid-,-Invalid-,-Invalid-,-Invalid-,-Invalid-
6/11/2009 0:30,-Invalid-,-Invalid-,-Invalid-,-Invalid-,-Invalid-,-Invalid-,-Invalid-,-Invalid-,-Invalid-,-Invalid-
6/11/2009 0:40,-Invalid-,-Invalid-,-Invalid-,-Invalid-,-Invalid-,-Invalid-,-Invalid-,-Invalid-,-Invalid-,-Invalid-
6/11/2009 0:50,-Invalid-,-Invalid-,-Invalid-,-Invalid-,-Invalid-,-Invalid-,-Invalid-,-Invalid-,-Invalid-,-Invalid-
6/11/2009 1:00,-Invalid-,-Invalid-,-Invalid-,-Invalid-,-Invalid-,-Invalid-,-Invalid-,-Invalid-,-Invalid-,-Invalid-
6/11/2009 1:10,-Invalid-,-Invalid-,-Invalid-,-Invalid-,-Invalid-,-Invalid-,-Invalid-,-Invalid-,-Invalid-,-Invalid-
6/11/2009 1:20,-Invalid-,-Invalid-,-Invalid-,-Invalid-,-Invalid-,-Invalid-,-Invalid-,-Invalid-,-Invalid-,-Invalid-
6/11/2009 1:30,-Invalid-,-Invalid-,-Invalid-,-Invalid-,-Invalid-,-Invalid-,-Invalid-,-Invalid-,-Invalid-,-Invalid-
6/11/2009 1:40,-Invalid-,-Invalid-,-Invalid-,-Invalid-,-Invalid-,-Invalid-,-Invalid-,-Invalid-,-Invalid-,-Invalid-
6/11/2009 1:50,-Invalid-,-Invalid-,-Invalid-,-Invalid-,-Invalid-,-Invalid-,-Invalid-,-Invalid-,-Invalid-,-Invalid-
6/11/2009 2:00,-Invalid-,-Invalid-,-Invalid-,-Invalid-,-Invalid-,-Invalid-,-Invalid-,-Invalid-,-Invalid-,-Invalid-
6/11/2009 2:10,-Invalid-,-Invalid-,-Invalid-,-Invalid-,-Invalid-,-Invalid-,-Invalid-,-Invalid-,-Invalid-,-Invalid-
6/11/2009 2:20,-Invalid-,-Invalid-,-Invalid-,-Invalid-,-Invalid-,-Invalid-,-Invalid-,-Invalid-,-Invalid-,-Invalid-
6/11/2009 2:30,-Invalid-,-Invalid-,-Invalid-,-Invalid-,-Invalid-,-Invalid-,-Invalid-,-Invalid-,-Invalid-,-Invalid-
6/11/2009 2:40,-Invalid-,-Invalid-,-Invalid-,-Invalid-,-Invalid-,-Invalid-,-Invalid-,-Invalid-,-Invalid-,-Invalid-
6/11/2009 2:50,-Invalid-,-Invalid-,-Invalid-,-Invalid-,-Invalid-,-Invalid-,-Invalid-,-Invalid-,-Invalid-,-Invalid-
6/11/2009 3:00,-Invalid-,-Invalid-,-Invalid-,-Invalid-,-Invalid-,-Invalid-,-Invalid-,-Invalid-,-Invalid-,-Invalid-
6/11/2009 3:10,-Invalid-,-Invalid-,-Invalid-,-Invalid-,-Invalid-,-Invalid-,-Invalid-,-Invalid-,-Invalid-,-Invalid-
6/11/2009 3:20,-Invalid-,-Invalid-,-Invalid-,-Invalid-,-Invalid-,-Invalid-,-Invalid-,-Invalid-,-Invalid-,-Invalid-
6/11/2009 3:30,-Invalid-,-Invalid-,-Invalid-,-Invalid-,-Invalid-,-Invalid-,-Invalid-,-Invalid-,-Invalid-,-Invalid-
6/11/2009 3:40,-Invalid-,-Invalid-,-Invalid-,-Invalid-,-Invalid-,-Invalid-,-Invalid-,-Invalid-,-Invalid-,-Invalid-
6/11/2009 3:50,-Invalid-,-Invalid-,-Invalid-,-Invalid-,-Invalid-,-Invalid-,-Invalid-,-Invalid-,-Invalid-,-Invalid-
6/11/2009 4:00,-Invalid-,-Invalid-,-Invalid-,-Invalid-,-Invalid-,-Invalid-,-Invalid-,-Invalid-,-Invalid-,-Invalid-
6/11/2009 4:10,-Invalid-,-Invalid-,-Invalid-,-Invalid-,-Invalid-,-Invalid-,-Invalid-,-Invalid-,-Invalid-,-Invalid-
6/11/2009 4:20,-Invalid-,-Invalid-,-Invalid-,-Invalid-,-Invalid-,-Invalid-,-Invalid-,-Invalid-,-Invalid-,-Invalid-
6/11/2009 4:30,-Invalid-,-Invalid-,-Invalid-,-Invalid-,-Invalid-,-Invalid-,-Invalid-,-Invalid-,-Invalid-,-Invalid-
6/11/2009 4:40,-Invalid-,-Invalid-,-Invalid-,-Invalid-,-Invalid-,-Invalid-,-Invalid-,-Invalid-,-Invalid-,-Invalid-
6/11/2009 4:50,-Invalid-,-Invalid-,-Invalid-,-Invalid-,-Invalid-,-Invalid-,-Invalid-,-Invalid-,-Invalid-,-Invalid-
6/11/2009 5:00,-Invalid-,-Invalid-,-Invalid-,-Invalid-,-Invalid-,-Invalid-,-Invalid-,-Invalid-,-Invalid-,-Invalid-
6/11/2009 5:10,-Invalid-,-Invalid-,-Invalid-,-Invalid-,-Invalid-,-Invalid-,-Invalid-,-Invalid-,-Invalid-,-Invalid-
6/11/2009 5:20,-Invalid-,-Invalid-,-Invalid-,-Invalid-,-Invalid-,-Invalid-,-Invalid-,-Invalid-,-Invalid-,-Invalid-
6/11/2009 5:30,-Invalid-,-Invalid-,-Invalid-,-Invalid-,-Invalid-,-Invalid-,-Invalid-,-Invalid-,-Invalid-,-Invalid-
6/11/2009 5:40,-Invalid-,-Invalid-,-Invalid-,-Invalid-,-Invalid-,-Invalid-,-Invalid-,-Invalid-,-Invalid-,-Invalid-
6/11/2009 5:50,-Invalid-,-Invalid-,-Invalid-,-Invalid-,-Invalid-,-Invalid-,-Invalid-,-Invalid-,-Invalid-,-Invalid-
6/11/2009 6:00,-Invalid-,-Invalid-,-Invalid-,-Invalid-,-Invalid-,-Invalid-,-Invalid-,-Invalid-,-Invalid-,-Invalid-
6/11/2009 6:10,-Invalid-,-Invalid-,-Invalid-,-Invalid-,-Invalid-,-Invalid-,-Invalid-,-Invalid-,-Invalid-,-Invalid-
6/11/2009 6:20,-Invalid-,-Invalid-,-Invalid-,-Invalid-,-Invalid-,-Invalid-,-Invalid-,-Invalid-,-Invalid-,-Invalid-
6/11/2009 6:30,-Invalid-,-Invalid-,-Invalid-,-Invalid-,-Invalid-,-Invalid-,-Invalid-,-Invalid-,-Invalid-,-Invalid-
6/11/2009 6:40,-Invalid-,-Invalid-,-Invalid-,-Invalid-,-Invalid-,-Invalid-,-Invalid-,-Invalid-,-Invalid-,-Invalid-
6/11/2009 6:50,-Invalid-,-Invalid-,-Invalid-,-Invalid-,-Invalid-,-Invalid-,-Invalid-,-Invalid-,-Invalid-,-Invalid-
6/11/2009 7:00,-Invalid-,-Invalid-,-Invalid-,-Invalid-,-Invalid-,-Invalid-,-Invalid-,-Invalid-,-Invalid-,-Invalid-
6/11/2009 7:10,-Invalid-,-Invalid-,-Invalid-,-Invalid-,-Invalid-,-Invalid-,-Invalid-,-Invalid-,-Invalid-,-Invalid-
6/11/2009 7:20,-Invalid-,-Invalid-,-Invalid-,-Invalid-,-Invalid-,-Invalid-,-Invalid-,-Invalid-,-Invalid-,-Invalid-
6/11/2009 7:30,-Invalid-,-Invalid-,-Invalid-,-Invalid-,-Invalid-,-Invalid-,-Invalid-,-Invalid-,-Invalid-,-Invalid-
6/11/2009 7:40,-Invalid-,-Invalid-,-Invalid-,-Invalid-,-Invalid-,-Invalid-,-Invalid-,-Invalid-,-Invalid-,-Invalid-
6/11/2009 7:50,-Invalid-,-Invalid-,-Invalid-,-Invalid-,-Invalid-,-Invalid-,-Invalid-,-Invalid-,-Invalid-,-Invalid-
6/11/2009 8:00,-Invalid-,-Invalid-,-Invalid-,-Invalid-,-Invalid-,-Invalid-,-Invalid-,-Invalid-,-Invalid-,-Invalid-
6/11/2009 8:10,-Invalid-,-Invalid-,-Invalid-,-Invalid-,-Invalid-,-Invalid-,-Invalid-,-Invalid-,-Invalid-,-Invalid-
6/11/2009 8:20,-Invalid-,-Invalid-,-Invalid-,-Invalid-,-Invalid-,-Invalid-,-Invalid-,-Invalid-,-Invalid-,-Invalid-
6/11/2009 8:30,-Invalid-,-Invalid-,-Invalid-,-Invalid-,-Invalid-,-Invalid-,-Invalid-,-Invalid-,-Invalid-,-Invalid-
6/11/2009 8:40,-Invalid-,-Invalid-,-Invalid-,-Invalid-,-Invalid-,-Invalid-,-Invalid-,-Invalid-,-Invalid-,-Invalid-
6/11/2009 8:50,-Invalid-,-Invalid-,-Invalid-,-Invalid-,-Invalid-,-Invalid-,-Invalid-,-Invalid-,-Invalid-,-Invalid-
6/11/2009 9:00,-Invalid-,-Invalid-,-Invalid-,-Invalid-,-Invalid-,-Invalid-,-Invalid-,-Invalid-,-Invalid-,-Invalid-
6/11/2009 9:10,-Invalid-,-Invalid-,-Invalid-,-Invalid-,-Invalid-,-Invalid-,-Invalid-,-Invalid-,-Invalid-,-Invalid-
6/11/2009 9:20,-Invalid-,-Invalid-,-Invalid-,-Invalid-,-Invalid-,-Invalid-,-Invalid-,-Invalid-,-Invalid-,-Invalid-
6/11/2009 9:30,-Invalid-,-Invalid-,-Invalid-,-Invalid-,-Invalid-,-Invalid-,-Invalid-,-Invalid-,-Invalid-,-Invalid-
6/11/2009 9:40,-Invalid-,-Invalid-,-Invalid-,-Invalid-,-Invalid-,-Invalid-,-Invalid-,-Invalid-,-Invalid-,-Invalid-
6/11/2009 9:50,-Invalid-,-Invalid-,-Invalid-,-Invalid-,-Invalid-,-Invalid-,-Invalid-,-Invalid-,-Invalid-,-Invalid-
6/11/2009 10:00,-Invalid-,-Invalid-,-Invalid-,-Invalid-,-Invalid-,-Invalid-,-Invalid-,-Invalid-,-Invalid-,-Invalid-
6/11/2009 10:10,-Invalid-,-Invalid-,-Invalid-,-Invalid-,-Invalid-,-Invalid-,-Invalid-,-Invalid-,-Invalid-,-Invalid-
6/11/2009 10:20,-Invalid-,-Invalid-,-Invalid-,-Invalid-,-Invalid-,-Invalid-,-Invalid-,-Invalid-,-Invalid-,-Invalid-
6/11/2009 10:30,-Invalid-,-Invalid-,-Invalid-,-Invalid-,-Invalid-,-Invalid-,-Invalid-,-Invalid-,-Invalid-,-Invalid-
6/11/2009 10:40,-Invalid-,-Invalid-,-Invalid-,-Invalid-,-Invalid-,-Invalid-,-Invalid-,-Invalid-,-Invalid-,-Invalid-
6/11/2009 10:50,-Invalid-,-Invalid-,-Invalid-,-Invalid-,-Invalid-,-Invalid-,-Invalid-,-Invalid-,-Invalid-,-Invalid-
6/11/2009 11:00,-Invalid-,-Invalid-,-Invalid-,-Invalid-,-Invalid-,-Invalid-,-Invalid-,-Invalid-,-Invalid-,-Invalid-
6/11/2009 11:10,-Invalid-,-Invalid-,-Invalid-,-Invalid-,-Invalid-,-Invalid-,-Invalid-,-Invalid-,-Invalid-,-Invalid-
6/11/2009 11:20,-Invalid-,-Invalid-,-Invalid-,-Invalid-,-Invalid-,-Invalid-,-Invalid-,-Invalid-,-Invalid-,-Invalid-
6/11/2009 11:30,-Invalid-,-Invalid-,-Invalid-,-Invalid-,-Invalid-,-Invalid-,-Invalid-,-Invalid-,-Invalid-,-Invalid-
6/11/2009 11:40,-Invalid-,-Invalid-,-Invalid-,-Invalid-,-Invalid-,-Invalid-,-Invalid-,-Invalid-,-Invalid-,-Invalid-
6/11/2009 11:50,-Invalid-,-Invalid-,-Invalid-,-Invalid-,-Invalid-,-Invalid-,-Invalid-,-Invalid-,-Invalid-,-Invalid-
6/11/2009 12:00,-Invalid-,-Invalid-,-Invalid-,-Invalid-,-Invalid-,-Invalid-,-Invalid-,-Invalid-,-Invalid-,-Invalid-
6/11/2009 12:10,-Invalid-,-Invalid-,-Invalid-,-Invalid-,-Invalid-,-Invalid-,-Invalid-,-Invalid-,-Invalid-,-Invalid-
6/11/2009 12:20,-Invalid-,-Invalid-,-Invalid-,-Invalid-,-Invalid-,-Invalid-,-Invalid-,-Invalid-,-Invalid-,-Invalid-
6/11/2009 12:30,-Invalid-,-Invalid-,-Invalid-,-Invalid-,-Invalid-,-Invalid-,-Invalid-,-Invalid-,-Invalid-,-Invalid-
6/11/2009 12:40,-Invalid-,-Invalid-,-Invalid-,-Invalid-,-Invalid-,-Invalid-,-Invalid-,-Invalid-,-Invalid-,-Invalid-
6/11/2009 12:50,-Invalid-,-Invalid-,-Invalid-,-Invalid-,-Invalid-,-Invalid-,-Invalid-,-Invalid-,-Invalid-,-Invalid-
6/11/2009 13:00,-Invalid-,-Invalid-,-Invalid-,-Invalid-,-Invalid-,-Invalid-,-Invalid-,-Invalid-,-Invalid-,-Invalid-
6/11/2009 13:10,-Invalid-,-Invalid-,-Invalid-,-Invalid-,-Invalid-,-Invalid-,-Invalid-,-Invalid-,-Invalid-,-Invalid-
6/11/2009 13:20,-Invalid-,-Invalid-,-Invalid-,-Invalid-,-Invalid-,-Invalid-,-Invalid-,-Invalid-,-Invalid-,-Invalid-
6/11/2009 13:30,-Invalid-,-Invalid-,-Invalid-,-Invalid-,-Invalid-,-Invalid-,-Invalid-,-Invalid-,-Invalid-,-Invalid-
6/11/2009 13:40,-Invalid-,-Invalid-,-Invalid-,-Invalid-,-Invalid-,-Invalid-,-Invalid-,-Invalid-,-Invalid-,-Invalid-
6/11/2009 13:50,-Invalid-,-Invalid-,-Invalid-,-Invalid-,-Invalid-,-Invalid-,-Invalid-,-Invalid-,-Invalid-,-Invalid-
6/11/2009 14:00,-Invalid-,-Invalid-,-Invalid-,-Invalid-,-Invalid-,-Invalid-,-Invalid-,-Invalid-,-Invalid-,-Invalid-
6/11/2009 14:10,-Invalid-,-Invalid-,-Invalid-,-Invalid-,-Invalid-,-Invalid-,-Invalid-,-Invalid-,-Invalid-,-Invalid-
6/11/2009 14:20,-Invalid-,-Invalid-,-Invalid-,-Invalid-,-Invalid-,-Invalid-,-Invalid-,-Invalid-,-Invalid-,-Invalid-
6/11/2009 14:30,-Invalid-,-Invalid-,-Invalid-,-Invalid-,-Invalid-,-Invalid-,-Invalid-,-Invalid-,-Invalid-,-Invalid-
6/11/2009 14:40,-Invalid-,-Invalid-,-Invalid-,-Invalid-,-Invalid-,-Invalid-,-Invalid-,-Invalid-,-Invalid-,-Invalid-
6/11/2009 14:50,-Invalid-,-Invalid-,-Invalid-,-Invalid-,-Invalid-,-Invalid-,-Invalid-,-Invalid-,-Invalid-,-Invalid-
6/11/2009 15:00,-Invalid-,-Invalid-,-Invalid-,-Invalid-,-Invalid-,-Invalid-,-Invalid-,-Invalid-,-Invalid-,-Invalid-
6/11/2009 15:10,-Invalid-,-Invalid-,-Invalid-,-Invalid-,-Invalid-,-Invalid-,-Invalid-,-Invalid-,-Invalid-,-Invalid-
6/11/2009 15:20,-Invalid-,-Invalid-,-Invalid-,-Invalid-,-Invalid-,-Invalid-,-Invalid-,-Invalid-,-Invalid-,-Invalid-
6/11/2009 15:30,-Invalid-,-Invalid-,-Invalid-,-Invalid-,-Invalid-,-Invalid-,-Invalid-,-Invalid-,-Invalid-,-Invalid-
6/11/2009 15:40,-Invalid-,-Invalid-,-Invalid-,-Invalid-,-Invalid-,-Invalid-,-Invalid-,-Invalid-,-Invalid-,-Invalid-
6/11/2009 15:50,-Invalid-,-Invalid-,-Invalid-,-Invalid-,-Invalid-,-Invalid-,-Invalid-,-Invalid-,-Invalid-,-Invalid-
6/11/2009 16:00,-Invalid-,-Invalid-,-Invalid-,-Invalid-,-Invalid-,-Invalid-,-Invalid-,-Invalid-,-Invalid-,-Invalid-
6/11/2009 16:10,-Invalid-,-Invalid-,-Invalid-,-Invalid-,-Invalid-,-Invalid-,-Invalid-,-Invalid-,-Invalid-,-Invalid-
6/11/2009 16:20,-Invalid-,-Invalid-,-Invalid-,-Invalid-,-Invalid-,-Invalid-,-Invalid-,-Invalid-,-Invalid-,-Invalid-
6/11/2009 16:30,-Invalid-,-Invalid-,-Invalid-,-Invalid-,-Invalid-,-Invalid-,-Invalid-,-Invalid-,-Invalid-,-Invalid-
6/11/2009 16:40,-Invalid-,-Invalid-,-Invalid-,-Invalid-,-Invalid-,-Invalid-,-Invalid-,-Invalid-,-Invalid-,-Invalid-
6/11/2009 16:50,-Invalid-,-Invalid-,-Invalid-,-Invalid-,-Invalid-,-Invalid-,-Invalid-,-Invalid-,-Invalid-,-Invalid-
6/11/2009 17:00,-Invalid-,-Invalid-,-Invalid-,-Invalid-,-Invalid-,-Invalid-,-Invalid-,-Invalid-,-Invalid-,-Invalid-
6/11/2009 17:10,-Invalid-,-Invalid-,-Invalid-,-Invalid-,-Invalid-,-Invalid-,-Invalid-,-Invalid-,-Invalid-,-Invalid-
6/11/2009 17:20,-Invalid-,-Invalid-,-Invalid-,-Invalid-,-Invalid-,-Invalid-,-Invalid-,-Invalid-,-Invalid-,-Invalid-
6/11/2009 17:30,-Invalid-,-Invalid-,-Invalid-,-Invalid-,-Invalid-,-Invalid-,-Invalid-,-Invalid-,-Invalid-,-Invalid-
6/11/2009 17:40,-Invalid-,-Invalid-,-Invalid-,-Invalid-,-Invalid-,-Invalid-,-Invalid-,-Invalid-,-Invalid-,-Invalid-
6/11/2009 17:50,-Invalid-,-Invalid-,-Invalid-,-Invalid-,-Invalid-,-Invalid-,-Invalid-,-Invalid-,-Invalid-,-Invalid-
6/11/2009 18:00,-Invalid-,-Invalid-,-Invalid-,-Invalid-,-Invalid-,-Invalid-,-Invalid-,-Invalid-,-Invalid-,-Invalid-
6/11/2009 18:10,-Invalid-,-Invalid-,-Invalid-,-Invalid-,-Invalid-,-Invalid-,-Invalid-,-Invalid-,-Invalid-,-Invalid-
6/11/2009 18:20,-Invalid-,-Invalid-,-Invalid-,-Invalid-,-Invalid-,-Invalid-,-Invalid-,-Invalid-,-Invalid-,-Invalid-
6/11/2009 18:30,-Invalid-,-Invalid-,-Invalid-,-Invalid-,-Invalid-,-Invalid-,-Invalid-,-Invalid-,-Invalid-,-Invalid-
6/11/2009 18:40,-Invalid-,-Invalid-,-Invalid-,-Invalid-,-Invalid-,-Invalid-,-Invalid-,-Invalid-,-Invalid-,-Invalid-
6/11/2009 18:50,-Invalid-,-Invalid-,-Invalid-,-Invalid-,-Invalid-,-Invalid-,-Invalid-,-Invalid-,-Invalid-,-Invalid-
6/11/2009 19:00,-Invalid-,-Invalid-,-Invalid-,-Invalid-,-Invalid-,-Invalid-,-Invalid-,-Invalid-,-Invalid-,-Invalid-
6/11/2009 19:10,-Invalid-,-Invalid-,-Invalid-,-Invalid-,-Invalid-,-Invalid-,-Invalid-,-Invalid-,-Invalid-,-Invalid-
6/11/2009 19:20,-Invalid-,-Invalid-,-Invalid-,-Invalid-,-Invalid-,-Invalid-,-Invalid-,-Invalid-,-Invalid-,-Invalid-
6/11/2009 19:30,-Invalid-,-Invalid-,-Invalid-,-Invalid-,-Invalid-,-Invalid-,-Invalid-,-Invalid-,-Invalid-,-Invalid-
6/11/2009 19:40,-Invalid-,-Invalid-,-Invalid-,-Invalid-,-Invalid-,-Invalid-,-Invalid-,-Invalid-,-Invalid-,-Invalid-
6/11/2009 19:50,-Invalid-,-Invalid-,-Invalid-,-Invalid-,-Invalid-,-Invalid-,-Invalid-,-Invalid-,-Invalid-,-Invalid-
6/11/2009 20:00,-Invalid-,-Invalid-,-Invalid-,-Invalid-,-Invalid-,-Invalid-,-Invalid-,-Invalid-,-Invalid-,-Invalid-
6/11/2009 20:10,-Invalid-,-Invalid-,-Invalid-,-Invalid-,-Invalid-,-Invalid-,-Invalid-,-Invalid-,-Invalid-,-Invalid-
6/11/2009 20:20,-Invalid-,-Invalid-,-Invalid-,-Invalid-,-Invalid-,-Invalid-,-Invalid-,-Invalid-,-Invalid-,-Invalid-
6/11/2009 20:30,-Invalid-,-Invalid-,-Invalid-,-Invalid-,-Invalid-,-Invalid-,-Invalid-,-Invalid-,-Invalid-,-Invalid-
6/11/2009 20:40,-Invalid-,-Invalid-,-Invalid-,-Invalid-,-Invalid-,-Invalid-,-Invalid-,-Invalid-,-Invalid-,-Invalid-
6/11/2009 20:50,-Invalid-,-Invalid-,-Invalid-,-Invalid-,-Invalid-,-Invalid-,-Invalid-,-Invalid-,-Invalid-,-Invalid-
6/11/2009 21:00,-Invalid-,-Invalid-,-Invalid-,-Invalid-,-Invalid-,-Invalid-,-Invalid-,-Invalid-,-Invalid-,-Invalid-
6/11/2009 21:10,-Invalid-,-Invalid-,-Invalid-,-Invalid-,-Invalid-,-Invalid-,-Invalid-,-Invalid-,-Invalid-,-Invalid-
6/11/2009 21:20,-Invalid-,-Invalid-,-Invalid-,-Invalid-,-Invalid-,-Invalid-,-Invalid-,-Invalid-,-Invalid-,-Invalid-
6/11/2009 21:30,-Invalid-,-Invalid-,-Invalid-,-Invalid-,-Invalid-,-Invalid-,-Invalid-,-Invalid-,-Invalid-,-Invalid-
6/11/2009 21:40,-Invalid-,-Invalid-,-Invalid-,-Invalid-,-Invalid-,-Invalid-,-Invalid-,-Invalid-,-Invalid-,-Invalid-
6/11/2009 21:50,-Invalid-,-Invalid-,-Invalid-,-Invalid-,-Invalid-,-Invalid-,-Invalid-,-Invalid-,-Invalid-,-Invalid-
6/11/2009 22:00,-Invalid-,-Invalid-,-Invalid-,-Invalid-,-Invalid-,-Invalid-,-Invalid-,-Invalid-,-Invalid-,-Invalid-
6/11/2009 22:10,-Invalid-,-Invalid-,-Invalid-,-Invalid-,-Invalid-,-Invalid-,-Invalid-,-Invalid-,-Invalid-,-Invalid-
6/11/2009 22:20,-Invalid-,-Invalid-,-Invalid-,-Invalid-,-Invalid-,-Invalid-,-Invalid-,-Invalid-,-Invalid-,-Invalid-
6/11/2009 22:30,-Invalid-,-Invalid-,-Invalid-,-Invalid-,-Invalid-,-Invalid-,-Invalid-,-Invalid-,-Invalid-,-Invalid-
6/11/2009 22:40,-Invalid-,-Invalid-,-Invalid-,-Invalid-,-Invalid-,-Invalid-,-Invalid-,-Invalid-,-Invalid-,-Invalid-
6/11/2009 22:50,-Invalid-,-Invalid-,-Invalid-,-Invalid-,-Invalid-,-Invalid-,-Invalid-,-Invalid-,-Invalid-,-Invalid-
6/11/2009 23:00,-Invalid-,-Invalid-,-Invalid-,-Invalid-,-Invalid-,-Invalid-,-Invalid-,-Invalid-,-Invalid-,-Invalid-
6/11/2009 23:10,-Invalid-,-Invalid-,-Invalid-,-Invalid-,-Invalid-,-Invalid-,-Invalid-,-Invalid-,-Invalid-,-Invalid-
6/11/2009 23:20,-Invalid-,-Invalid-,-Invalid-,-Invalid-,-Invalid-,-Invalid-,-Invalid-,-Invalid-,-Invalid-,-Invalid-
6/11/2009 23:30,-Invalid-,-Invalid-,-Invalid-,-Invalid-,-Invalid-,-Invalid-,-Invalid-,-Invalid-,-Invalid-,-Invalid-
6/11/2009 23:40,-Invalid-,-Invalid-,-Invalid-,-Invalid-,-Invalid-,-Invalid-,-Invalid-,-Invalid-,-Invalid-,-Invalid-
6/11/2009 23:50,-Invalid-,-Invalid-,-Invalid-,-Invalid-,-Invalid-,-Invalid-,-Invalid-,-Invalid-,-Invalid-,-Invalid-
6/12/2009 0:00,-Invalid-,-Invalid-,-Invalid-,-Invalid-,-Invalid-,-Invalid-,-Invalid-,-Invalid-,-Invalid-,-Invalid-
6/12/2009 0:10,-Invalid-,-Invalid-,-Invalid-,-Invalid-,-Invalid-,-Invalid-,-Invalid-,-Invalid-,-Invalid-,-Invalid-
6/12/2009 0:20,-Invalid-,-Invalid-,-Invalid-,-Invalid-,-Invalid-,-Invalid-,-Invalid-,-Invalid-,-Invalid-,-Invalid-
6/12/2009 0:30,-Invalid-,-Invalid-,-Invalid-,-Invalid-,-Invalid-,-Invalid-,-Invalid-,-Invalid-,-Invalid-,-Invalid-
6/12/2009 0:40,-Invalid-,-Invalid-,-Invalid-,-Invalid-,-Invalid-,-Invalid-,-Invalid-,-Invalid-,-Invalid-,-Invalid-
6/12/2009 0:50,-Invalid-,-Invalid-,-Invalid-,-Invalid-,-Invalid-,-Invalid-,-Invalid-,-Invalid-,-Invalid-,-Invalid-
6/12/2009 1:00,-Invalid-,-Invalid-,-Invalid-,-Invalid-,-Invalid-,-Invalid-,-Invalid-,-Invalid-,-Invalid-,-Invalid-
6/12/2009 1:10,-Invalid-,-Invalid-,-Invalid-,-Invalid-,-Invalid-,-Invalid-,-Invalid-,-Invalid-,-Invalid-,-Invalid-
6/12/2009 1:20,-Invalid-,-Invalid-,-Invalid-,-Invalid-,-Invalid-,-Invalid-,-Invalid-,-Invalid-,-Invalid-,-Invalid-
6/12/2009 1:30,-Invalid-,-Invalid-,-Invalid-,-Invalid-,-Invalid-,-Invalid-,-Invalid-,-Invalid-,-Invalid-,-Invalid-
6/12/2009 1:40,-Invalid-,-Invalid-,-Invalid-,-Invalid-,-Invalid-,-Invalid-,-Invalid-,-Invalid-,-Invalid-,-Invalid-
6/12/2009 1:50,-Invalid-,-Invalid-,-Invalid-,-Invalid-,-Invalid-,-Invalid-,-Invalid-,-Invalid-,-Invalid-,-Invalid-
6/12/2009 2:00,-Invalid-,-Invalid-,-Invalid-,-Invalid-,-Invalid-,-Invalid-,-Invalid-,-Invalid-,-Invalid-,-Invalid-
6/12/2009 2:10,-Invalid-,-Invalid-,-Invalid-,-Invalid-,-Invalid-,-Invalid-,-Invalid-,-Invalid-,-Invalid-,-Invalid-
6/12/2009 2:20,-Invalid-,-Invalid-,-Invalid-,-Invalid-,-Invalid-,-Invalid-,-Invalid-,-Invalid-,-Invalid-,-Invalid-
6/12/2009 2:30,-Invalid-,-Invalid-,-Invalid-,-Invalid-,-Invalid-,-Invalid-,-Invalid-,-Invalid-,-Invalid-,-Invalid-
6/12/2009 2:40,-Invalid-,-Invalid-,-Invalid-,-Invalid-,-Invalid-,-Invalid-,-Invalid-,-Invalid-,-Invalid-,-Invalid-
6/12/2009 2:50,-Invalid-,-Invalid-,-Invalid-,-Invalid-,-Invalid-,-Invalid-,-Invalid-,-Invalid-,-Invalid-,-Invalid-
6/12/2009 3:00,-Invalid-,-Invalid-,-Invalid-,-Invalid-,-Invalid-,-Invalid-,-Invalid-,-Invalid-,-Invalid-,-Invalid-
6/12/2009 3:10,-Invalid-,-Invalid-,-Invalid-,-Invalid-,-Invalid-,-Invalid-,-Invalid-,-Invalid-,-Invalid-,-Invalid-
6/12/2009 3:20,-Invalid-,-Invalid-,-Invalid-,-Invalid-,-Invalid-,-Invalid-,-Invalid-,-Invalid-,-Invalid-,-Invalid-
6/12/2009 3:30,-Invalid-,-Invalid-,-Invalid-,-Invalid-,-Invalid-,-Invalid-,-Invalid-,-Invalid-,-Invalid-,-Invalid-
6/12/2009 3:40,-Invalid-,-Invalid-,-Invalid-,-Invalid-,-Invalid-,-Invalid-,-Invalid-,-Invalid-,-Invalid-,-Invalid-
6/12/2009 3:50,-Invalid-,-Invalid-,-Invalid-,-Invalid-,-Invalid-,-Invalid-,-Invalid-,-Invalid-,-Invalid-,-Invalid-
6/12/2009 4:00,-Invalid-,-Invalid-,-Invalid-,-Invalid-,-Invalid-,-Invalid-,-Invalid-,-Invalid-,-Invalid-,-Invalid-
6/12/2009 4:10,-Invalid-,-Invalid-,-Invalid-,-Invalid-,-Invalid-,-Invalid-,-Invalid-,-Invalid-,-Invalid-,-Invalid-
6/12/2009 4:20,-Invalid-,-Invalid-,-Invalid-,-Invalid-,-Invalid-,-Invalid-,-Invalid-,-Invalid-,-Invalid-,-Invalid-
6/12/2009 4:30,-Invalid-,-Invalid-,-Invalid-,-Invalid-,-Invalid-,-Invalid-,-Invalid-,-Invalid-,-Invalid-,-Invalid-
6/12/2009 4:40,-Invalid-,-Invalid-,-Invalid-,-Invalid-,-Invalid-,-Invalid-,-Invalid-,-Invalid-,-Invalid-,-Invalid-
6/12/2009 4:50,-Invalid-,-Invalid-,-Invalid-,-Invalid-,-Invalid-,-Invalid-,-Invalid-,-Invalid-,-Invalid-,-Invalid-
6/12/2009 5:00,-Invalid-,-Invalid-,-Invalid-,-Invalid-,-Invalid-,-Invalid-,-Invalid-,-Invalid-,-Invalid-,-Invalid-
6/12/2009 5:10,-Invalid-,-Invalid-,-Invalid-,-Invalid-,-Invalid-,-Invalid-,-Invalid-,-Invalid-,-Invalid-,-Invalid-
6/12/2009 5:20,-Invalid-,-Invalid-,-Invalid-,-Invalid-,-Invalid-,-Invalid-,-Invalid-,-Invalid-,-Invalid-,-Invalid-
6/12/2009 5:30,-Invalid-,-Invalid-,-Invalid-,-Invalid-,-Invalid-,-Invalid-,-Invalid-,-Invalid-,-Invalid-,-Invalid-
6/12/2009 5:40,-Invalid-,-Invalid-,-Invalid-,-Invalid-,-Invalid-,-Invalid-,-Invalid-,-Invalid-,-Invalid-,-Invalid-
6/12/2009 5:50,-Invalid-,-Invalid-,-Invalid-,-Invalid-,-Invalid-,-Invalid-,-Invalid-,-Invalid-,-Invalid-,-Invalid-
6/12/2009 6:00,-Invalid-,-Invalid-,-Invalid-,-Invalid-,-Invalid-,-Invalid-,-Invalid-,-Invalid-,-Invalid-,-Invalid-
6/12/2009 6:10,-Invalid-,-Invalid-,-Invalid-,-Invalid-,-Invalid-,-Invalid-,-Invalid-,-Invalid-,-Invalid-,-Invalid-
6/12/2009 6:20,-Invalid-,-Invalid-,-Invalid-,-Invalid-,-Invalid-,-Invalid-,-Invalid-,-Invalid-,-Invalid-,-Invalid-
6/12/2009 6:30,-Invalid-,-Invalid-,-Invalid-,-Invalid-,-Invalid-,-Invalid-,-Invalid-,-Invalid-,-Invalid-,-Invalid-
6/12/2009 6:40,-Invalid-,-Invalid-,-Invalid-,-Invalid-,-Invalid-,-Invalid-,-Invalid-,-Invalid-,-Invalid-,-Invalid-
6/12/2009 6:50,-Invalid-,-Invalid-,-Invalid-,-Invalid-,-Invalid-,-Invalid-,-Invalid-,-Invalid-,-Invalid-,-Invalid-
6/12/2009 7:00,-Invalid-,-Invalid-,-Invalid-,-Invalid-,-Invalid-,-Invalid-,-Invalid-,-Invalid-,-Invalid-,-Invalid-
6/12/2009 7:10,-Invalid-,-Invalid-,-Invalid-,-Invalid-,-Invalid-,-Invalid-,-Invalid-,-Invalid-,-Invalid-,-Invalid-
6/12/2009 7:20,-Invalid-,-Invalid-,-Invalid-,-Invalid-,-Invalid-,-Invalid-,-Invalid-,-Invalid-,-Invalid-,-Invalid-
6/12/2009 7:30,-Invalid-,-Invalid-,-Invalid-,-Invalid-,-Invalid-,-Invalid-,-Invalid-,-Invalid-,-Invalid-,-Invalid-
6/12/2009 7:40,-Invalid-,-Invalid-,-Invalid-,-Invalid-,-Invalid-,-Invalid-,-Invalid-,-Invalid-,-Invalid-,-Invalid-
6/12/2009 7:50,-Invalid-,-Invalid-,-Invalid-,-Invalid-,-Invalid-,-Invalid-,-Invalid-,-Invalid-,-Invalid-,-Invalid-
6/12/2009 8:00,-Invalid-,-Invalid-,-Invalid-,-Invalid-,-Invalid-,-Invalid-,-Invalid-,-Invalid-,-Invalid-,-Invalid-
6/12/2009 8:10,-Invalid-,-Invalid-,-Invalid-,-Invalid-,-Invalid-,-Invalid-,-Invalid-,-Invalid-,-Invalid-,-Invalid-
6/12/2009 8:20,-Invalid-,-Invalid-,-Invalid-,-Invalid-,-Invalid-,-Invalid-,-Invalid-,-Invalid-,-Invalid-,-Invalid-
6/12/2009 8:30,-Invalid-,-Invalid-,-Invalid-,-Invalid-,-Invalid-,-Invalid-,-Invalid-,-Invalid-,-Invalid-,-Invalid-
6/12/2009 8:40,-Invalid-,-Invalid-,-Invalid-,-Invalid-,-Invalid-,-Invalid-,-Invalid-,-Invalid-,-Invalid-,-Invalid-
6/12/2009 8:50,-Invalid-,-Invalid-,-Invalid-,-Invalid-,-Invalid-,-Invalid-,-Invalid-,-Invalid-,-Invalid-,-Invalid-
6/12/2009 9:00,-Invalid-,-Invalid-,-Invalid-,-Invalid-,-Invalid-,-Invalid-,-Invalid-,-Invalid-,-Invalid-,-Invalid-
6/12/2009 9:10,-Invalid-,-Invalid-,-Invalid-,-Invalid-,-Invalid-,-Invalid-,-Invalid-,-Invalid-,-Invalid-,-Invalid-
6/12/2009 9:20,-Invalid-,-Invalid-,-Invalid-,-Invalid-,-Invalid-,-Invalid-,-Invalid-,-Invalid-,-Invalid-,-Invalid-
6/12/2009 9:30,-Invalid-,-Invalid-,-Invalid-,-Invalid-,-Invalid-,-Invalid-,-Invalid-,-Invalid-,-Invalid-,-Invalid-
6/12/2009 9:40,-Invalid-,-Invalid-,-Invalid-,-Invalid-,-Invalid-,-Invalid-,-Invalid-,-Invalid-,-Invalid-,-Invalid-
6/12/2009 9:50,-Invalid-,-Invalid-,-Invalid-,-Invalid-,-Invalid-,-Invalid-,-Invalid-,-Invalid-,-Invalid-,-Invalid-
6/12/2009 10:00,-Invalid-,-Invalid-,-Invalid-,-Invalid-,-Invalid-,-Invalid-,-Invalid-,-Invalid-,-Invalid-,-Invalid-
6/12/2009 10:10,-Invalid-,-Invalid-,-Invalid-,-Invalid-,-Invalid-,-Invalid-,-Invalid-,-Invalid-,-Invalid-,-Invalid-
6/12/2009 10:20,-Invalid-,-Invalid-,-Invalid-,-Invalid-,-Invalid-,-Invalid-,-Invalid-,-Invalid-,-Invalid-,-Invalid-
6/12/2009 10:30,-Invalid-,-Invalid-,-Invalid-,-Invalid-,-Invalid-,-Invalid-,-Invalid-,-Invalid-,-Invalid-,-Invalid-
6/12/2009 10:40,-Invalid-,-Invalid-,-Invalid-,-Invalid-,-Invalid-,-Invalid-,-Invalid-,-Invalid-,-Invalid-,-Invalid-
6/12/2009 10:50,-Invalid-,-Invalid-,-Invalid-,-Invalid-,-Invalid-,-Invalid-,-Invalid-,-Invalid-,-Invalid-,-Invalid-
6/12/2009 11:00,-Invalid-,-Invalid-,-Invalid-,-Invalid-,-Invalid-,-Invalid-,-Invalid-,-Invalid-,-Invalid-,-Invalid-
6/12/2009 11:10,-Invalid-,-Invalid-,-Invalid-,-Invalid-,-Invalid-,-Invalid-,-Invalid-,-Invalid-,-Invalid-,-Invalid-
6/12/2009 11:20,-Invalid-,-Invalid-,-Invalid-,-Invalid-,-Invalid-,-Invalid-,-Invalid-,-Invalid-,-Invalid-,-Invalid-
6/12/2009 11:30,-Invalid-,-Invalid-,-Invalid-,-Invalid-,-Invalid-,-Invalid-,-Invalid-,-Invalid-,-Invalid-,-Invalid-
6/12/2009 11:40,-Invalid-,-Invalid-,-Invalid-,-Invalid-,-Invalid-,-Invalid-,-Invalid-,-Invalid-,-Invalid-,-Invalid-
6/12/2009 11:50,-Invalid-,-Invalid-,-Invalid-,-Invalid-,-Invalid-,-Invalid-,-Invalid-,-Invalid-,-Invalid-,-Invalid-
6/12/2009 12:00,-Invalid-,-Invalid-,-Invalid-,-Invalid-,-Invalid-,-Invalid-,-Invalid-,-Invalid-,-Invalid-,-Invalid-
6/12/2009 12:10,-Invalid-,-Invalid-,-Invalid-,-Invalid-,-Invalid-,-Invalid-,-Invalid-,-Invalid-,-Invalid-,-Invalid-
6/12/2009 12:20,-Invalid-,-Invalid-,-Invalid-,-Invalid-,-Invalid-,-Invalid-,-Invalid-,-Invalid-,-Invalid-,-Invalid-
6/12/2009 12:30,-Invalid-,-Invalid-,-Invalid-,-Invalid-,-Invalid-,-Invalid-,-Invalid-,-Invalid-,-Invalid-,-Invalid-
6/12/2009 12:40,-Invalid-,-Invalid-,-Invalid-,-Invalid-,-Invalid-,-Invalid-,-Invalid-,-Invalid-,-Invalid-,-Invalid-
6/12/2009 12:50,-Invalid-,-Invalid-,-Invalid-,-Invalid-,-Invalid-,-Invalid-,-Invalid-,-Invalid-,-Invalid-,-Invalid-
6/12/2009 13:00,-Invalid-,-Invalid-,-Invalid-,-Invalid-,-Invalid-,-Invalid-,-Invalid-,-Invalid-,-Invalid-,-Invalid-
6/12/2009 13:10,-Invalid-,-Invalid-,-Invalid-,-Invalid-,-Invalid-,-Invalid-,-Invalid-,-Invalid-,-Invalid-,-Invalid-
6/12/2009 13:20,-Invalid-,-Invalid-,-Invalid-,-Invalid-,-Invalid-,-Invalid-,-Invalid-,-Invalid-,-Invalid-,-Invalid-
6/12/2009 13:30,-Invalid-,-Invalid-,-Invalid-,-Invalid-,-Invalid-,-Invalid-,-Invalid-,-Invalid-,-Invalid-,-Invalid-
6/12/2009 13:40,-Invalid-,-Invalid-,-Invalid-,-Invalid-,-Invalid-,-Invalid-,-Invalid-,-Invalid-,-Invalid-,-Invalid-
6/12/2009 13:50,-Invalid-,-Invalid-,-Invalid-,-Invalid-,-Invalid-,-Invalid-,-Invalid-,-Invalid-,-Invalid-,-Invalid-
6/12/2009 14:00,-Invalid-,-Invalid-,-Invalid-,-Invalid-,-Invalid-,-Invalid-,-Invalid-,-Invalid-,-Invalid-,-Invalid-
6/12/2009 14:10,-Invalid-,-Invalid-,-Invalid-,-Invalid-,-Invalid-,-Invalid-,-Invalid-,-Invalid-,-Invalid-,-Invalid-
6/12/2009 14:20,-Invalid-,-Invalid-,-Invalid-,-Invalid-,-Invalid-,-Invalid-,-Invalid-,-Invalid-,-Invalid-,-Invalid-
6/12/2009 14:30,-Invalid-,-Invalid-,-Invalid-,-Invalid-,-Invalid-,-Invalid-,-Invalid-,-Invalid-,-Invalid-,-Invalid-
6/12/2009 14:40,-Invalid-,-Invalid-,-Invalid-,-Invalid-,-Invalid-,-Invalid-,-Invalid-,-Invalid-,-Invalid-,-Invalid-
6/12/2009 14:50,-Invalid-,-Invalid-,-Invalid-,-Invalid-,-Invalid-,-Invalid-,-Invalid-,-Invalid-,-Invalid-,-Invalid-
6/12/2009 15:00,-Invalid-,-Invalid-,-Invalid-,-Invalid-,-Invalid-,-Invalid-,-Invalid-,-Invalid-,-Invalid-,-Invalid-
6/12/2009 15:10,-Invalid-,-Invalid-,-Invalid-,-Invalid-,-Invalid-,-Invalid-,-Invalid-,-Invalid-,-Invalid-,-Invalid-
6/12/2009 15:20,-Invalid-,-Invalid-,-Invalid-,-Invalid-,-Invalid-,-Invalid-,-Invalid-,-Invalid-,-Invalid-,-Invalid-
6/12/2009 15:30,-Invalid-,-Invalid-,-Invalid-,-Invalid-,-Invalid-,-Invalid-,-Invalid-,-Invalid-,-Invalid-,-Invalid-
6/12/2009 15:40,-Invalid-,-Invalid-,-Invalid-,-Invalid-,-Invalid-,-Invalid-,-Invalid-,-Invalid-,-Invalid-,-Invalid-
6/12/2009 15:50,-Invalid-,-Invalid-,-Invalid-,-Invalid-,-Invalid-,-Invalid-,-Invalid-,-Invalid-,-Invalid-,-Invalid-
6/12/2009 16:00,-Invalid-,-Invalid-,-Invalid-,-Invalid-,-Invalid-,-Invalid-,-Invalid-,-Invalid-,-Invalid-,-Invalid-
6/12/2009 16:10,-Invalid-,-Invalid-,-Invalid-,-Invalid-,-Invalid-,-Invalid-,-Invalid-,-Invalid-,-Invalid-,-Invalid-
6/12/2009 16:20,-Invalid-,-Invalid-,-Invalid-,-Invalid-,-Invalid-,-Invalid-,-Invalid-,-Invalid-,-Invalid-,-Invalid-
6/12/2009 16:30,-Invalid-,-Invalid-,-Invalid-,-Invalid-,-Invalid-,-Invalid-,-Invalid-,-Invalid-,-Invalid-,-Invalid-
6/12/2009 16:40,-Invalid-,-Invalid-,-Invalid-,-Invalid-,-Invalid-,-Invalid-,-Invalid-,-Invalid-,-Invalid-,-Invalid-
6/12/2009 16:50,-Invalid-,-Invalid-,-Invalid-,-Invalid-,-Invalid-,-Invalid-,-Invalid-,-Invalid-,-Invalid-,-Invalid-
6/12/2009 17:00,-Invalid-,-Invalid-,-Invalid-,-Invalid-,-Invalid-,-Invalid-,-Invalid-,-Invalid-,-Invalid-,-Invalid-
6/12/2009 17:10,-Invalid-,-Invalid-,-Invalid-,-Invalid-,-Invalid-,-Invalid-,-Invalid-,-Invalid-,-Invalid-,-Invalid-
6/12/2009 17:20,-Invalid-,-Invalid-,-Invalid-,-Invalid-,-Invalid-,-Invalid-,-Invalid-,-Invalid-,-Invalid-,-Invalid-
6/12/2009 17:30,-Invalid-,-Invalid-,-Invalid-,-Invalid-,-Invalid-,-Invalid-,-Invalid-,-Invalid-,-Invalid-,-Invalid-
6/12/2009 17:40,-Invalid-,-Invalid-,-Invalid-,-Invalid-,-Invalid-,-Invalid-,-Invalid-,-Invalid-,-Invalid-,-Invalid-
6/12/2009 17:50,-Invalid-,-Invalid-,-Invalid-,-Invalid-,-Invalid-,-Invalid-,-Invalid-,-Invalid-,-Invalid-,-Invalid-
6/12/2009 18:00,-Invalid-,-Invalid-,-Invalid-,-Invalid-,-Invalid-,-Invalid-,-Invalid-,-Invalid-,-Invalid-,-Invalid-
6/12/2009 18:10,-Invalid-,-Invalid-,-Invalid-,-Invalid-,-Invalid-,-Invalid-,-Invalid-,-Invalid-,-Invalid-,-Invalid-
6/12/2009 18:20,-Invalid-,-Invalid-,-Invalid-,-Invalid-,-Invalid-,-Invalid-,-Invalid-,-Invalid-,-Invalid-,-Invalid-
6/12/2009 18:30,-Invalid-,-Invalid-,-Invalid-,-Invalid-,-Invalid-,-Invalid-,-Invalid-,-Invalid-,-Invalid-,-Invalid-
6/12/2009 18:40,-Invalid-,-Invalid-,-Invalid-,-Invalid-,-Invalid-,-Invalid-,-Invalid-,-Invalid-,-Invalid-,-Invalid-
6/12/2009 18:50,-Invalid-,-Invalid-,-Invalid-,-Invalid-,-Invalid-,-Invalid-,-Invalid-,-Invalid-,-Invalid-,-Invalid-
6/12/2009 19:00,-Invalid-,-Invalid-,-Invalid-,-Invalid-,-Invalid-,-Invalid-,-Invalid-,-Invalid-,-Invalid-,-Invalid-
6/12/2009 19:10,-Invalid-,-Invalid-,-Invalid-,-Invalid-,-Invalid-,-Invalid-,-Invalid-,-Invalid-,-Invalid-,-Invalid-
6/12/2009 19:20,-Invalid-,-Invalid-,-Invalid-,-Invalid-,-Invalid-,-Invalid-,-Invalid-,-Invalid-,-Invalid-,-Invalid-
6/12/2009 19:30,-Invalid-,-Invalid-,-Invalid-,-Invalid-,-Invalid-,-Invalid-,-Invalid-,-Invalid-,-Invalid-,-Invalid-
6/12/2009 19:40,-Invalid-,-Invalid-,-Invalid-,-Invalid-,-Invalid-,-Invalid-,-Invalid-,-Invalid-,-Invalid-,-Invalid-
6/12/2009 19:50,-Invalid-,-Invalid-,-Invalid-,-Invalid-,-Invalid-,-Invalid-,-Invalid-,-Invalid-,-Invalid-,-Invalid-
6/12/2009 20:00,-Invalid-,-Invalid-,-Invalid-,-Invalid-,-Invalid-,-Invalid-,-Invalid-,-Invalid-,-Invalid-,-Invalid-
6/12/2009 20:10,-Invalid-,-Invalid-,-Invalid-,-Invalid-,-Invalid-,-Invalid-,-Invalid-,-Invalid-,-Invalid-,-Invalid-
6/12/2009 20:20,-Invalid-,-Invalid-,-Invalid-,-Invalid-,-Invalid-,-Invalid-,-Invalid-,-Invalid-,-Invalid-,-Invalid-
6/12/2009 20:30,-Invalid-,-Invalid-,-Invalid-,-Invalid-,-Invalid-,-Invalid-,-Invalid-,-Invalid-,-Invalid-,-Invalid-
6/12/2009 20:40,-Invalid-,-Invalid-,-Invalid-,-Invalid-,-Invalid-,-Invalid-,-Invalid-,-Invalid-,-Invalid-,-Invalid-
6/12/2009 20:50,-Invalid-,-Invalid-,-Invalid-,-Invalid-,-Invalid-,-Invalid-,-Invalid-,-Invalid-,-Invalid-,-Invalid-
6/12/2009 21:00,-Invalid-,-Invalid-,-Invalid-,-Invalid-,-Invalid-,-Invalid-,-Invalid-,-Invalid-,-Invalid-,-Invalid-
6/12/2009 21:10,-Invalid-,-Invalid-,-Invalid-,-Invalid-,-Invalid-,-Invalid-,-Invalid-,-Invalid-,-Invalid-,-Invalid-
6/12/2009 21:20,-Invalid-,-Invalid-,-Invalid-,-Invalid-,-Invalid-,-Invalid-,-Invalid-,-Invalid-,-Invalid-,-Invalid-
6/12/2009 21:30,-Invalid-,-Invalid-,-Invalid-,-Invalid-,-Invalid-,-Invalid-,-Invalid-,-Invalid-,-Invalid-,-Invalid-
6/12/2009 21:40,-Invalid-,-Invalid-,-Invalid-,-Invalid-,-Invalid-,-Invalid-,-Invalid-,-Invalid-,-Invalid-,-Invalid-
6/12/2009 21:50,-Invalid-,-Invalid-,-Invalid-,-Invalid-,-Invalid-,-Invalid-,-Invalid-,-Invalid-,-Invalid-,-Invalid-
6/12/2009 22:00,-Invalid-,-Invalid-,-Invalid-,-Invalid-,-Invalid-,-Invalid-,-Invalid-,-Invalid-,-Invalid-,-Invalid-
6/12/2009 22:10,-Invalid-,-Invalid-,-Invalid-,-Invalid-,-Invalid-,-Invalid-,-Invalid-,-Invalid-,-Invalid-,-Invalid-
6/12/2009 22:20,-Invalid-,-Invalid-,-Invalid-,-Invalid-,-Invalid-,-Invalid-,-Invalid-,-Invalid-,-Invalid-,-Invalid-
6/12/2009 22:30,-Invalid-,-Invalid-,-Invalid-,-Invalid-,-Invalid-,-Invalid-,-Invalid-,-Invalid-,-Invalid-,-Invalid-
6/12/2009 22:40,-Invalid-,-Invalid-,-Invalid-,-Invalid-,-Invalid-,-Invalid-,-Invalid-,-Invalid-,-Invalid-,-Invalid-
6/12/2009 22:50,-Invalid-,-Invalid-,-Invalid-,-Invalid-,-Invalid-,-Invalid-,-Invalid-,-Invalid-,-Invalid-,-Invalid-
6/12/2009 23:00,-Invalid-,-Invalid-,-Invalid-,-Invalid-,-Invalid-,-Invalid-,-Invalid-,-Invalid-,-Invalid-,-Invalid-
6/12/2009 23:10,-Invalid-,-Invalid-,-Invalid-,-Invalid-,-Invalid-,-Invalid-,-Invalid-,-Invalid-,-Invalid-,-Invalid-
6/12/2009 23:20,-Invalid-,-Invalid-,-Invalid-,-Invalid-,-Invalid-,-Invalid-,-Invalid-,-Invalid-,-Invalid-,-Invalid-
6/12/2009 23:30,-Invalid-,-Invalid-,-Invalid-,-Invalid-,-Invalid-,-Invalid-,-Invalid-,-Invalid-,-Invalid-,-Invalid-
6/12/2009 23:40,-Invalid-,-Invalid-,-Invalid-,-Invalid-,-Invalid-,-Invalid-,-Invalid-,-Invalid-,-Invalid-,-Invalid-
6/12/2009 23:50,-Invalid-,-Invalid-,-Invalid-,-Invalid-,-Invalid-,-Invalid-,-Invalid-,-Invalid-,-Invalid-,-Invalid-
6/13/2009 0:00,-Invalid-,-Invalid-,-Invalid-,-Invalid-,-Invalid-,-Invalid-,-Invalid-,-Invalid-,-Invalid-,-Invalid-
6/13/2009 0:10,-Invalid-,-Invalid-,-Invalid-,-Invalid-,-Invalid-,-Invalid-,-Invalid-,-Invalid-,-Invalid-,-Invalid-
6/13/2009 0:20,-Invalid-,-Invalid-,-Invalid-,-Invalid-,-Invalid-,-Invalid-,-Invalid-,-Invalid-,-Invalid-,-Invalid-
6/13/2009 0:30,-Invalid-,-Invalid-,-Invalid-,-Invalid-,-Invalid-,-Invalid-,-Invalid-,-Invalid-,-Invalid-,-Invalid-
6/13/2009 0:40,-Invalid-,-Invalid-,-Invalid-,-Invalid-,-Invalid-,-Invalid-,-Invalid-,-Invalid-,-Invalid-,-Invalid-
6/13/2009 0:50,-Invalid-,-Invalid-,-Invalid-,-Invalid-,-Invalid-,-Invalid-,-Invalid-,-Invalid-,-Invalid-,-Invalid-
6/13/2009 1:00,-Invalid-,-Invalid-,-Invalid-,-Invalid-,-Invalid-,-Invalid-,-Invalid-,-Invalid-,-Invalid-,-Invalid-
6/13/2009 1:10,-Invalid-,-Invalid-,-Invalid-,-Invalid-,-Invalid-,-Invalid-,-Invalid-,-Invalid-,-Invalid-,-Invalid-
6/13/2009 1:20,-Invalid-,-Invalid-,-Invalid-,-Invalid-,-Invalid-,-Invalid-,-Invalid-,-Invalid-,-Invalid-,-Invalid-
6/13/2009 1:30,-Invalid-,-Invalid-,-Invalid-,-Invalid-,-Invalid-,-Invalid-,-Invalid-,-Invalid-,-Invalid-,-Invalid-
6/13/2009 1:40,-Invalid-,-Invalid-,-Invalid-,-Invalid-,-Invalid-,-Invalid-,-Invalid-,-Invalid-,-Invalid-,-Invalid-
6/13/2009 1:50,-Invalid-,-Invalid-,-Invalid-,-Invalid-,-Invalid-,-Invalid-,-Invalid-,-Invalid-,-Invalid-,-Invalid-
6/13/2009 2:00,-Invalid-,-Invalid-,-Invalid-,-Invalid-,-Invalid-,-Invalid-,-Invalid-,-Invalid-,-Invalid-,-Invalid-
6/13/2009 2:10,-Invalid-,-Invalid-,-Invalid-,-Invalid-,-Invalid-,-Invalid-,-Invalid-,-Invalid-,-Invalid-,-Invalid-
6/13/2009 2:20,-Invalid-,-Invalid-,-Invalid-,-Invalid-,-Invalid-,-Invalid-,-Invalid-,-Invalid-,-Invalid-,-Invalid-
6/13/2009 2:30,-Invalid-,-Invalid-,-Invalid-,-Invalid-,-Invalid-,-Invalid-,-Invalid-,-Invalid-,-Invalid-,-Invalid-
6/13/2009 2:40,-Invalid-,-Invalid-,-Invalid-,-Invalid-,-Invalid-,-Invalid-,-Invalid-,-Invalid-,-Invalid-,-Invalid-
6/13/2009 2:50,-Invalid-,-Invalid-,-Invalid-,-Invalid-,-Invalid-,-Invalid-,-Invalid-,-Invalid-,-Invalid-,-Invalid-
6/13/2009 3:00,-Invalid-,-Invalid-,-Invalid-,-Invalid-,-Invalid-,-Invalid-,-Invalid-,-Invalid-,-Invalid-,-Invalid-
6/13/2009 3:10,-Invalid-,-Invalid-,-Invalid-,-Invalid-,-Invalid-,-Invalid-,-Invalid-,-Invalid-,-Invalid-,-Invalid-
6/13/2009 3:20,-Invalid-,-Invalid-,-Invalid-,-Invalid-,-Invalid-,-Invalid-,-Invalid-,-Invalid-,-Invalid-,-Invalid-
6/13/2009 3:30,-Invalid-,-Invalid-,-Invalid-,-Invalid-,-Invalid-,-Invalid-,-Invalid-,-Invalid-,-Invalid-,-Invalid-
6/13/2009 3:40,-Invalid-,-Invalid-,-Invalid-,-Invalid-,-Invalid-,-Invalid-,-Invalid-,-Invalid-,-Invalid-,-Invalid-
6/13/2009 3:50,-Invalid-,-Invalid-,-Invalid-,-Invalid-,-Invalid-,-Invalid-,-Invalid-,-Invalid-,-Invalid-,-Invalid-
6/13/2009 4:00,-Invalid-,-Invalid-,-Invalid-,-Invalid-,-Invalid-,-Invalid-,-Invalid-,-Invalid-,-Invalid-,-Invalid-
6/13/2009 4:10,-Invalid-,-Invalid-,-Invalid-,-Invalid-,-Invalid-,-Invalid-,-Invalid-,-Invalid-,-Invalid-,-Invalid-
6/13/2009 4:20,-Invalid-,-Invalid-,-Invalid-,-Invalid-,-Invalid-,-Invalid-,-Invalid-,-Invalid-,-Invalid-,-Invalid-
6/13/2009 4:30,-Invalid-,-Invalid-,-Invalid-,-Invalid-,-Invalid-,-Invalid-,-Invalid-,-Invalid-,-Invalid-,-Invalid-
6/13/2009 4:40,-Invalid-,-Invalid-,-Invalid-,-Invalid-,-Invalid-,-Invalid-,-Invalid-,-Invalid-,-Invalid-,-Invalid-
6/13/2009 4:50,-Invalid-,-Invalid-,-Invalid-,-Invalid-,-Invalid-,-Invalid-,-Invalid-,-Invalid-,-Invalid-,-Invalid-
6/13/2009 5:00,-Invalid-,-Invalid-,-Invalid-,-Invalid-,-Invalid-,-Invalid-,-Invalid-,-Invalid-,-Invalid-,-Invalid-
6/13/2009 5:10,-Invalid-,-Invalid-,-Invalid-,-Invalid-,-Invalid-,-Invalid-,-Invalid-,-Invalid-,-Invalid-,-Invalid-
6/13/2009 5:20,-Invalid-,-Invalid-,-Invalid-,-Invalid-,-Invalid-,-Invalid-,-Invalid-,-Invalid-,-Invalid-,-Invalid-
6/13/2009 5:30,-Invalid-,-Invalid-,-Invalid-,-Invalid-,-Invalid-,-Invalid-,-Invalid-,-Invalid-,-Invalid-,-Invalid-
6/13/2009 5:40,-Invalid-,-Invalid-,-Invalid-,-Invalid-,-Invalid-,-Invalid-,-Invalid-,-Invalid-,-Invalid-,-Invalid-
6/13/2009 5:50,-Invalid-,-Invalid-,-Invalid-,-Invalid-,-Invalid-,-Invalid-,-Invalid-,-Invalid-,-Invalid-,-Invalid-
6/13/2009 6:00,-Invalid-,-Invalid-,-Invalid-,-Invalid-,-Invalid-,-Invalid-,-Invalid-,-Invalid-,-Invalid-,-Invalid-
6/13/2009 6:10,-Invalid-,-Invalid-,-Invalid-,-Invalid-,-Invalid-,-Invalid-,-Invalid-,-Invalid-,-Invalid-,-Invalid-
6/13/2009 6:20,-Invalid-,-Invalid-,-Invalid-,-Invalid-,-Invalid-,-Invalid-,-Invalid-,-Invalid-,-Invalid-,-Invalid-
6/13/2009 6:30,-Invalid-,-Invalid-,-Invalid-,-Invalid-,-Invalid-,-Invalid-,-Invalid-,-Invalid-,-Invalid-,-Invalid-
6/13/2009 6:40,-Invalid-,-Invalid-,-Invalid-,-Invalid-,-Invalid-,-Invalid-,-Invalid-,-Invalid-,-Invalid-,-Invalid-
6/13/2009 6:50,-Invalid-,-Invalid-,-Invalid-,-Invalid-,-Invalid-,-Invalid-,-Invalid-,-Invalid-,-Invalid-,-Invalid-
6/13/2009 7:00,-Invalid-,-Invalid-,-Invalid-,-Invalid-,-Invalid-,-Invalid-,-Invalid-,-Invalid-,-Invalid-,-Invalid-
6/13/2009 7:10,-Invalid-,-Invalid-,-Invalid-,-Invalid-,-Invalid-,-Invalid-,-Invalid-,-Invalid-,-Invalid-,-Invalid-
6/13/2009 7:20,-Invalid-,-Invalid-,-Invalid-,-Invalid-,-Invalid-,-Invalid-,-Invalid-,-Invalid-,-Invalid-,-Invalid-
6/13/2009 7:30,-Invalid-,-Invalid-,-Invalid-,-Invalid-,-Invalid-,-Invalid-,-Invalid-,-Invalid-,-Invalid-,-Invalid-
6/13/2009 7:40,-Invalid-,-Invalid-,-Invalid-,-Invalid-,-Invalid-,-Invalid-,-Invalid-,-Invalid-,-Invalid-,-Invalid-
6/13/2009 7:50,-Invalid-,-Invalid-,-Invalid-,-Invalid-,-Invalid-,-Invalid-,-Invalid-,-Invalid-,-Invalid-,-Invalid-
6/13/2009 8:00,-Invalid-,-Invalid-,-Invalid-,-Invalid-,-Invalid-,-Invalid-,-Invalid-,-Invalid-,-Invalid-,-Invalid-
6/13/2009 8:10,-Invalid-,-Invalid-,-Invalid-,-Invalid-,-Invalid-,-Invalid-,-Invalid-,-Invalid-,-Invalid-,-Invalid-
6/13/2009 8:20,-Invalid-,-Invalid-,-Invalid-,-Invalid-,-Invalid-,-Invalid-,-Invalid-,-Invalid-,-Invalid-,-Invalid-
6/13/2009 8:30,-Invalid-,-Invalid-,-Invalid-,-Invalid-,-Invalid-,-Invalid-,-Invalid-,-Invalid-,-Invalid-,-Invalid-
6/13/2009 8:40,-Invalid-,-Invalid-,-Invalid-,-Invalid-,-Invalid-,-Invalid-,-Invalid-,-Invalid-,-Invalid-,-Invalid-
6/13/2009 8:50,-Invalid-,-Invalid-,-Invalid-,-Invalid-,-Invalid-,-Invalid-,-Invalid-,-Invalid-,-Invalid-,-Invalid-
6/13/2009 9:00,-Invalid-,-Invalid-,-Invalid-,-Invalid-,-Invalid-,-Invalid-,-Invalid-,-Invalid-,-Invalid-,-Invalid-
6/13/2009 9:10,-Invalid-,-Invalid-,-Invalid-,-Invalid-,-Invalid-,-Invalid-,-Invalid-,-Invalid-,-Invalid-,-Invalid-
6/13/2009 9:20,-Invalid-,-Invalid-,-Invalid-,-Invalid-,-Invalid-,-Invalid-,-Invalid-,-Invalid-,-Invalid-,-Invalid-
6/13/2009 9:30,-Invalid-,-Invalid-,-Invalid-,-Invalid-,-Invalid-,-Invalid-,-Invalid-,-Invalid-,-Invalid-,-Invalid-
6/13/2009 9:40,-Invalid-,-Invalid-,-Invalid-,-Invalid-,-Invalid-,-Invalid-,-Invalid-,-Invalid-,-Invalid-,-Invalid-
6/13/2009 9:50,-Invalid-,-Invalid-,-Invalid-,-Invalid-,-Invalid-,-Invalid-,-Invalid-,-Invalid-,-Invalid-,-Invalid-
6/13/2009 10:00,-Invalid-,-Invalid-,-Invalid-,-Invalid-,-Invalid-,-Invalid-,-Invalid-,-Invalid-,-Invalid-,-Invalid-
6/13/2009 10:10,-Invalid-,-Invalid-,-Invalid-,-Invalid-,-Invalid-,-Invalid-,-Invalid-,-Invalid-,-Invalid-,-Invalid-
6/13/2009 10:20,-Invalid-,-Invalid-,-Invalid-,-Invalid-,-Invalid-,-Invalid-,-Invalid-,-Invalid-,-Invalid-,-Invalid-
6/13/2009 10:30,-Invalid-,-Invalid-,-Invalid-,-Invalid-,-Invalid-,-Invalid-,-Invalid-,-Invalid-,-Invalid-,-Invalid-
6/13/2009 10:40,-Invalid-,-Invalid-,-Invalid-,-Invalid-,-Invalid-,-Invalid-,-Invalid-,-Invalid-,-Invalid-,-Invalid-
6/13/2009 10:50,-Invalid-,-Invalid-,-Invalid-,-Invalid-,-Invalid-,-Invalid-,-Invalid-,-Invalid-,-Invalid-,-Invalid-
6/13/2009 11:00,-Invalid-,-Invalid-,-Invalid-,-Invalid-,-Invalid-,-Invalid-,-Invalid-,-Invalid-,-Invalid-,-Invalid-
6/13/2009 11:10,-Invalid-,-Invalid-,-Invalid-,-Invalid-,-Invalid-,-Invalid-,-Invalid-,-Invalid-,-Invalid-,-Invalid-
6/13/2009 11:20,-Invalid-,-Invalid-,-Invalid-,-Invalid-,-Invalid-,-Invalid-,-Invalid-,-Invalid-,-Invalid-,-Invalid-
6/13/2009 11:30,-Invalid-,-Invalid-,-Invalid-,-Invalid-,-Invalid-,-Invalid-,-Invalid-,-Invalid-,-Invalid-,-Invalid-
6/13/2009 11:40,-Invalid-,-Invalid-,-Invalid-,-Invalid-,-Invalid-,-Invalid-,-Invalid-,-Invalid-,-Invalid-,-Invalid-
6/13/2009 11:50,-Invalid-,-Invalid-,-Invalid-,-Invalid-,-Invalid-,-Invalid-,-Invalid-,-Invalid-,-Invalid-,-Invalid-
6/13/2009 12:00,-Invalid-,-Invalid-,-Invalid-,-Invalid-,-Invalid-,-Invalid-,-Invalid-,-Invalid-,-Invalid-,-Invalid-
6/13/2009 12:10,-Invalid-,-Invalid-,-Invalid-,-Invalid-,-Invalid-,-Invalid-,-Invalid-,-Invalid-,-Invalid-,-Invalid-
6/13/2009 12:20,-Invalid-,-Invalid-,-Invalid-,-Invalid-,-Invalid-,-Invalid-,-Invalid-,-Invalid-,-Invalid-,-Invalid-
6/13/2009 12:30,-Invalid-,-Invalid-,-Invalid-,-Invalid-,-Invalid-,-Invalid-,-Invalid-,-Invalid-,-Invalid-,-Invalid-
6/13/2009 12:40,-Invalid-,-Invalid-,-Invalid-,-Invalid-,-Invalid-,-Invalid-,-Invalid-,-Invalid-,-Invalid-,-Invalid-
6/13/2009 12:50,-Invalid-,-Invalid-,-Invalid-,-Invalid-,-Invalid-,-Invalid-,-Invalid-,-Invalid-,-Invalid-,-Invalid-
6/13/2009 13:00,-Invalid-,-Invalid-,-Invalid-,-Invalid-,-Invalid-,-Invalid-,-Invalid-,-Invalid-,-Invalid-,-Invalid-
6/13/2009 13:10,-Invalid-,-Invalid-,-Invalid-,-Invalid-,-Invalid-,-Invalid-,-Invalid-,-Invalid-,-Invalid-,-Invalid-
6/13/2009 13:20,-Invalid-,-Invalid-,-Invalid-,-Invalid-,-Invalid-,-Invalid-,-Invalid-,-Invalid-,-Invalid-,-Invalid-
6/13/2009 13:30,-Invalid-,-Invalid-,-Invalid-,-Invalid-,-Invalid-,-Invalid-,-Invalid-,-Invalid-,-Invalid-,-Invalid-
6/13/2009 13:40,-Invalid-,-Invalid-,-Invalid-,-Invalid-,-Invalid-,-Invalid-,-Invalid-,-Invalid-,-Invalid-,-Invalid-
6/13/2009 13:50,-Invalid-,-Invalid-,-Invalid-,-Invalid-,-Invalid-,-Invalid-,-Invalid-,-Invalid-,-Invalid-,-Invalid-
6/13/2009 14:00,-Invalid-,-Invalid-,-Invalid-,-Invalid-,-Invalid-,-Invalid-,-Invalid-,-Invalid-,-Invalid-,-Invalid-
6/13/2009 14:10,-Invalid-,-Invalid-,-Invalid-,-Invalid-,-Invalid-,-Invalid-,-Invalid-,-Invalid-,-Invalid-,-Invalid-
6/13/2009 14:20,-Invalid-,-Invalid-,-Invalid-,-Invalid-,-Invalid-,-Invalid-,-Invalid-,-Invalid-,-Invalid-,-Invalid-
6/13/2009 14:30,-Invalid-,-Invalid-,-Invalid-,-Invalid-,-Invalid-,-Invalid-,-Invalid-,-Invalid-,-Invalid-,-Invalid-
6/13/2009 14:40,-Invalid-,-Invalid-,-Invalid-,-Invalid-,-Invalid-,-Invalid-,-Invalid-,-Invalid-,-Invalid-,-Invalid-
6/13/2009 14:50,-Invalid-,-Invalid-,-Invalid-,-Invalid-,-Invalid-,-Invalid-,-Invalid-,-Invalid-,-Invalid-,-Invalid-
6/13/2009 15:00,-Invalid-,-Invalid-,-Invalid-,-Invalid-,-Invalid-,-Invalid-,-Invalid-,-Invalid-,-Invalid-,-Invalid-
6/13/2009 15:10,-Invalid-,-Invalid-,-Invalid-,-Invalid-,-Invalid-,-Invalid-,-Invalid-,-Invalid-,-Invalid-,-Invalid-
6/13/2009 15:20,-Invalid-,-Invalid-,-Invalid-,-Invalid-,-Invalid-,-Invalid-,-Invalid-,-Invalid-,-Invalid-,-Invalid-
6/13/2009 15:30,-Invalid-,-Invalid-,-Invalid-,-Invalid-,-Invalid-,-Invalid-,-Invalid-,-Invalid-,-Invalid-,-Invalid-
6/13/2009 15:40,-Invalid-,-Invalid-,-Invalid-,-Invalid-,-Invalid-,-Invalid-,-Invalid-,-Invalid-,-Invalid-,-Invalid-
6/13/2009 15:50,-Invalid-,-Invalid-,-Invalid-,-Invalid-,-Invalid-,-Invalid-,-Invalid-,-Invalid-,-Invalid-,-Invalid-
6/13/2009 16:00,-Invalid-,-Invalid-,-Invalid-,-Invalid-,-Invalid-,-Invalid-,-Invalid-,-Invalid-,-Invalid-,-Invalid-
6/13/2009 16:10,-Invalid-,-Invalid-,-Invalid-,-Invalid-,-Invalid-,-Invalid-,-Invalid-,-Invalid-,-Invalid-,-Invalid-
6/13/2009 16:20,-Invalid-,-Invalid-,-Invalid-,-Invalid-,-Invalid-,-Invalid-,-Invalid-,-Invalid-,-Invalid-,-Invalid-
6/13/2009 16:30,-Invalid-,-Invalid-,-Invalid-,-Invalid-,-Invalid-,-Invalid-,-Invalid-,-Invalid-,-Invalid-,-Invalid-
6/13/2009 16:40,-Invalid-,-Invalid-,-Invalid-,-Invalid-,-Invalid-,-Invalid-,-Invalid-,-Invalid-,-Invalid-,-Invalid-
6/13/2009 16:50,-Invalid-,-Invalid-,-Invalid-,-Invalid-,-Invalid-,-Invalid-,-Invalid-,-Invalid-,-Invalid-,-Invalid-
6/13/2009 17:00,-Invalid-,-Invalid-,-Invalid-,-Invalid-,-Invalid-,-Invalid-,-Invalid-,-Invalid-,-Invalid-,-Invalid-
6/13/2009 17:10,-Invalid-,-Invalid-,-Invalid-,-Invalid-,-Invalid-,-Invalid-,-Invalid-,-Invalid-,-Invalid-,-Invalid-
6/13/2009 17:20,-Invalid-,-Invalid-,-Invalid-,-Invalid-,-Invalid-,-Invalid-,-Invalid-,-Invalid-,-Invalid-,-Invalid-
6/13/2009 17:30,-Invalid-,-Invalid-,-Invalid-,-Invalid-,-Invalid-,-Invalid-,-Invalid-,-Invalid-,-Invalid-,-Invalid-
6/13/2009 17:40,-Invalid-,-Invalid-,-Invalid-,-Invalid-,-Invalid-,-Invalid-,-Invalid-,-Invalid-,-Invalid-,-Invalid-
6/13/2009 17:50,-Invalid-,-Invalid-,-Invalid-,-Invalid-,-Invalid-,-Invalid-,-Invalid-,-Invalid-,-Invalid-,-Invalid-
6/13/2009 18:00,-Invalid-,-Invalid-,-Invalid-,-Invalid-,-Invalid-,-Invalid-,-Invalid-,-Invalid-,-Invalid-,-Invalid-
6/13/2009 18:10,-Invalid-,-Invalid-,-Invalid-,-Invalid-,-Invalid-,-Invalid-,-Invalid-,-Invalid-,-Invalid-,-Invalid-
6/13/2009 18:20,-Invalid-,-Invalid-,-Invalid-,-Invalid-,-Invalid-,-Invalid-,-Invalid-,-Invalid-,-Invalid-,-Invalid-
6/13/2009 18:30,-Invalid-,-Invalid-,-Invalid-,-Invalid-,-Invalid-,-Invalid-,-Invalid-,-Invalid-,-Invalid-,-Invalid-
6/13/2009 18:40,-Invalid-,-Invalid-,-Invalid-,-Invalid-,-Invalid-,-Invalid-,-Invalid-,-Invalid-,-Invalid-,-Invalid-
6/13/2009 18:50,-Invalid-,-Invalid-,-Invalid-,-Invalid-,-Invalid-,-Invalid-,-Invalid-,-Invalid-,-Invalid-,-Invalid-
6/13/2009 19:00,-Invalid-,-Invalid-,-Invalid-,-Invalid-,-Invalid-,-Invalid-,-Invalid-,-Invalid-,-Invalid-,-Invalid-
6/13/2009 19:10,-Invalid-,-Invalid-,-Invalid-,-Invalid-,-Invalid-,-Invalid-,-Invalid-,-Invalid-,-Invalid-,-Invalid-
6/13/2009 19:20,-Invalid-,-Invalid-,-Invalid-,-Invalid-,-Invalid-,-Invalid-,-Invalid-,-Invalid-,-Invalid-,-Invalid-
6/13/2009 19:30,-Invalid-,-Invalid-,-Invalid-,-Invalid-,-Invalid-,-Invalid-,-Invalid-,-Invalid-,-Invalid-,-Invalid-
6/13/2009 19:40,-Invalid-,-Invalid-,-Invalid-,-Invalid-,-Invalid-,-Invalid-,-Invalid-,-Invalid-,-Invalid-,-Invalid-
6/13/2009 19:50,-Invalid-,-Invalid-,-Invalid-,-Invalid-,-Invalid-,-Invalid-,-Invalid-,-Invalid-,-Invalid-,-Invalid-
6/13/2009 20:00,-Invalid-,-Invalid-,-Invalid-,-Invalid-,-Invalid-,-Invalid-,-Invalid-,-Invalid-,-Invalid-,-Invalid-
6/13/2009 20:10,-Invalid-,-Invalid-,-Invalid-,-Invalid-,-Invalid-,-Invalid-,-Invalid-,-Invalid-,-Invalid-,-Invalid-
6/13/2009 20:20,-Invalid-,-Invalid-,-Invalid-,-Invalid-,-Invalid-,-Invalid-,-Invalid-,-Invalid-,-Invalid-,-Invalid-
6/13/2009 20:30,-Invalid-,-Invalid-,-Invalid-,-Invalid-,-Invalid-,-Invalid-,-Invalid-,-Invalid-,-Invalid-,-Invalid-
6/13/2009 20:40,-Invalid-,-Invalid-,-Invalid-,-Invalid-,-Invalid-,-Invalid-,-Invalid-,-Invalid-,-Invalid-,-Invalid-
6/13/2009 20:50,-Invalid-,-Invalid-,-Invalid-,-Invalid-,-Invalid-,-Invalid-,-Invalid-,-Invalid-,-Invalid-,-Invalid-
6/13/2009 21:00,-Invalid-,-Invalid-,-Invalid-,-Invalid-,-Invalid-,-Invalid-,-Invalid-,-Invalid-,-Invalid-,-Invalid-
6/13/2009 21:10,-Invalid-,-Invalid-,-Invalid-,-Invalid-,-Invalid-,-Invalid-,-Invalid-,-Invalid-,-Invalid-,-Invalid-
6/13/2009 21:20,-Invalid-,-Invalid-,-Invalid-,-Invalid-,-Invalid-,-Invalid-,-Invalid-,-Invalid-,-Invalid-,-Invalid-
6/13/2009 21:30,-Invalid-,-Invalid-,-Invalid-,-Invalid-,-Invalid-,-Invalid-,-Invalid-,-Invalid-,-Invalid-,-Invalid-
6/13/2009 21:40,-Invalid-,-Invalid-,-Invalid-,-Invalid-,-Invalid-,-Invalid-,-Invalid-,-Invalid-,-Invalid-,-Invalid-
6/13/2009 21:50,-Invalid-,-Invalid-,-Invalid-,-Invalid-,-Invalid-,-Invalid-,-Invalid-,-Invalid-,-Invalid-,-Invalid-
6/13/2009 22:00,-Invalid-,-Invalid-,-Invalid-,-Invalid-,-Invalid-,-Invalid-,-Invalid-,-Invalid-,-Invalid-,-Invalid-
6/13/2009 22:10,-Invalid-,-Invalid-,-Invalid-,-Invalid-,-Invalid-,-Invalid-,-Invalid-,-Invalid-,-Invalid-,-Invalid-
6/13/2009 22:20,-Invalid-,-Invalid-,-Invalid-,-Invalid-,-Invalid-,-Invalid-,-Invalid-,-Invalid-,-Invalid-,-Invalid-
6/13/2009 22:30,-Invalid-,-Invalid-,-Invalid-,-Invalid-,-Invalid-,-Invalid-,-Invalid-,-Invalid-,-Invalid-,-Invalid-
6/13/2009 22:40,-Invalid-,-Invalid-,-Invalid-,-Invalid-,-Invalid-,-Invalid-,-Invalid-,-Invalid-,-Invalid-,-Invalid-
6/13/2009 22:50,-Invalid-,-Invalid-,-Invalid-,-Invalid-,-Invalid-,-Invalid-,-Invalid-,-Invalid-,-Invalid-,-Invalid-
6/13/2009 23:00,-Invalid-,-Invalid-,-Invalid-,-Invalid-,-Invalid-,-Invalid-,-Invalid-,-Invalid-,-Invalid-,-Invalid-
6/13/2009 23:10,-Invalid-,-Invalid-,-Invalid-,-Invalid-,-Invalid-,-Invalid-,-Invalid-,-Invalid-,-Invalid-,-Invalid-
6/13/2009 23:20,-Invalid-,-Invalid-,-Invalid-,-Invalid-,-Invalid-,-Invalid-,-Invalid-,-Invalid-,-Invalid-,-Invalid-
6/13/2009 23:30,-Invalid-,-Invalid-,-Invalid-,-Invalid-,-Invalid-,-Invalid-,-Invalid-,-Invalid-,-Invalid-,-Invalid-
6/13/2009 23:40,-Invalid-,-Invalid-,-Invalid-,-Invalid-,-Invalid-,-Invalid-,-Invalid-,-Invalid-,-Invalid-,-Invalid-
6/13/2009 23:50,-Invalid-,-Invalid-,-Invalid-,-Invalid-,-Invalid-,-Invalid-,-Invalid-,-Invalid-,-Invalid-,-Invalid-
6/14/2009 0:00,-Invalid-,-Invalid-,-Invalid-,-Invalid-,-Invalid-,-Invalid-,-Invalid-,-Invalid-,-Invalid-,-Invalid-
6/14/2009 0:10,-Invalid-,-Invalid-,-Invalid-,-Invalid-,-Invalid-,-Invalid-,-Invalid-,-Invalid-,-Invalid-,-Invalid-
6/14/2009 0:20,-Invalid-,-Invalid-,-Invalid-,-Invalid-,-Invalid-,-Invalid-,-Invalid-,-Invalid-,-Invalid-,-Invalid-
6/14/2009 0:30,-Invalid-,-Invalid-,-Invalid-,-Invalid-,-Invalid-,-Invalid-,-Invalid-,-Invalid-,-Invalid-,-Invalid-
6/14/2009 0:40,-Invalid-,-Invalid-,-Invalid-,-Invalid-,-Invalid-,-Invalid-,-Invalid-,-Invalid-,-Invalid-,-Invalid-
6/14/2009 0:50,-Invalid-,-Invalid-,-Invalid-,-Invalid-,-Invalid-,-Invalid-,-Invalid-,-Invalid-,-Invalid-,-Invalid-
6/14/2009 1:00,-Invalid-,-Invalid-,-Invalid-,-Invalid-,-Invalid-,-Invalid-,-Invalid-,-Invalid-,-Invalid-,-Invalid-
6/14/2009 1:10,-Invalid-,-Invalid-,-Invalid-,-Invalid-,-Invalid-,-Invalid-,-Invalid-,-Invalid-,-Invalid-,-Invalid-
6/14/2009 1:20,-Invalid-,-Invalid-,-Invalid-,-Invalid-,-Invalid-,-Invalid-,-Invalid-,-Invalid-,-Invalid-,-Invalid-
6/14/2009 1:30,-Invalid-,-Invalid-,-Invalid-,-Invalid-,-Invalid-,-Invalid-,-Invalid-,-Invalid-,-Invalid-,-Invalid-
6/14/2009 1:40,-Invalid-,-Invalid-,-Invalid-,-Invalid-,-Invalid-,-Invalid-,-Invalid-,-Invalid-,-Invalid-,-Invalid-
6/14/2009 1:50,-Invalid-,-Invalid-,-Invalid-,-Invalid-,-Invalid-,-Invalid-,-Invalid-,-Invalid-,-Invalid-,-Invalid-
6/14/2009 2:00,-Invalid-,-Invalid-,-Invalid-,-Invalid-,-Invalid-,-Invalid-,-Invalid-,-Invalid-,-Invalid-,-Invalid-
6/14/2009 2:10,-Invalid-,-Invalid-,-Invalid-,-Invalid-,-Invalid-,-Invalid-,-Invalid-,-Invalid-,-Invalid-,-Invalid-
6/14/2009 2:20,-Invalid-,-Invalid-,-Invalid-,-Invalid-,-Invalid-,-Invalid-,-Invalid-,-Invalid-,-Invalid-,-Invalid-
6/14/2009 2:30,-Invalid-,-Invalid-,-Invalid-,-Invalid-,-Invalid-,-Invalid-,-Invalid-,-Invalid-,-Invalid-,-Invalid-
6/14/2009 2:40,-Invalid-,-Invalid-,-Invalid-,-Invalid-,-Invalid-,-Invalid-,-Invalid-,-Invalid-,-Invalid-,-Invalid-
6/14/2009 2:50,-Invalid-,-Invalid-,-Invalid-,-Invalid-,-Invalid-,-Invalid-,-Invalid-,-Invalid-,-Invalid-,-Invalid-
6/14/2009 3:00,-Invalid-,-Invalid-,-Invalid-,-Invalid-,-Invalid-,-Invalid-,-Invalid-,-Invalid-,-Invalid-,-Invalid-
6/14/2009 3:10,-Invalid-,-Invalid-,-Invalid-,-Invalid-,-Invalid-,-Invalid-,-Invalid-,-Invalid-,-Invalid-,-Invalid-
6/14/2009 3:20,-Invalid-,-Invalid-,-Invalid-,-Invalid-,-Invalid-,-Invalid-,-Invalid-,-Invalid-,-Invalid-,-Invalid-
6/14/2009 3:30,-Invalid-,-Invalid-,-Invalid-,-Invalid-,-Invalid-,-Invalid-,-Invalid-,-Invalid-,-Invalid-,-Invalid-
6/14/2009 3:40,-Invalid-,-Invalid-,-Invalid-,-Invalid-,-Invalid-,-Invalid-,-Invalid-,-Invalid-,-Invalid-,-Invalid-
6/14/2009 3:50,-Invalid-,-Invalid-,-Invalid-,-Invalid-,-Invalid-,-Invalid-,-Invalid-,-Invalid-,-Invalid-,-Invalid-
6/14/2009 4:00,-Invalid-,-Invalid-,-Invalid-,-Invalid-,-Invalid-,-Invalid-,-Invalid-,-Invalid-,-Invalid-,-Invalid-
6/14/2009 4:10,-Invalid-,-Invalid-,-Invalid-,-Invalid-,-Invalid-,-Invalid-,-Invalid-,-Invalid-,-Invalid-,-Invalid-
6/14/2009 4:20,-Invalid-,-Invalid-,-Invalid-,-Invalid-,-Invalid-,-Invalid-,-Invalid-,-Invalid-,-Invalid-,-Invalid-
6/14/2009 4:30,-Invalid-,-Invalid-,-Invalid-,-Invalid-,-Invalid-,-Invalid-,-Invalid-,-Invalid-,-Invalid-,-Invalid-
6/14/2009 4:40,-Invalid-,-Invalid-,-Invalid-,-Invalid-,-Invalid-,-Invalid-,-Invalid-,-Invalid-,-Invalid-,-Invalid-
6/14/2009 4:50,-Invalid-,-Invalid-,-Invalid-,-Invalid-,-Invalid-,-Invalid-,-Invalid-,-Invalid-,-Invalid-,-Invalid-
6/14/2009 5:00,-Invalid-,-Invalid-,-Invalid-,-Invalid-,-Invalid-,-Invalid-,-Invalid-,-Invalid-,-Invalid-,-Invalid-
6/14/2009 5:10,-Invalid-,-Invalid-,-Invalid-,-Invalid-,-Invalid-,-Invalid-,-Invalid-,-Invalid-,-Invalid-,-Invalid-
6/14/2009 5:20,-Invalid-,-Invalid-,-Invalid-,-Invalid-,-Invalid-,-Invalid-,-Invalid-,-Invalid-,-Invalid-,-Invalid-
6/14/2009 5:30,-Invalid-,-Invalid-,-Invalid-,-Invalid-,-Invalid-,-Invalid-,-Invalid-,-Invalid-,-Invalid-,-Invalid-
6/14/2009 5:40,-Invalid-,-Invalid-,-Invalid-,-Invalid-,-Invalid-,-Invalid-,-Invalid-,-Invalid-,-Invalid-,-Invalid-
6/14/2009 5:50,-Invalid-,-Invalid-,-Invalid-,-Invalid-,-Invalid-,-Invalid-,-Invalid-,-Invalid-,-Invalid-,-Invalid-
6/14/2009 6:00,-Invalid-,-Invalid-,-Invalid-,-Invalid-,-Invalid-,-Invalid-,-Invalid-,-Invalid-,-Invalid-,-Invalid-
6/14/2009 6:10,-Invalid-,-Invalid-,-Invalid-,-Invalid-,-Invalid-,-Invalid-,-Invalid-,-Invalid-,-Invalid-,-Invalid-
6/14/2009 6:20,-Invalid-,-Invalid-,-Invalid-,-Invalid-,-Invalid-,-Invalid-,-Invalid-,-Invalid-,-Invalid-,-Invalid-
6/14/2009 6:30,-Invalid-,-Invalid-,-Invalid-,-Invalid-,-Invalid-,-Invalid-,-Invalid-,-Invalid-,-Invalid-,-Invalid-
6/14/2009 6:40,-Invalid-,-Invalid-,-Invalid-,-Invalid-,-Invalid-,-Invalid-,-Invalid-,-Invalid-,-Invalid-,-Invalid-
6/14/2009 6:50,-Invalid-,-Invalid-,-Invalid-,-Invalid-,-Invalid-,-Invalid-,-Invalid-,-Invalid-,-Invalid-,-Invalid-
6/14/2009 7:00,-Invalid-,-Invalid-,-Invalid-,-Invalid-,-Invalid-,-Invalid-,-Invalid-,-Invalid-,-Invalid-,-Invalid-
6/14/2009 7:10,-Invalid-,-Invalid-,-Invalid-,-Invalid-,-Invalid-,-Invalid-,-Invalid-,-Invalid-,-Invalid-,-Invalid-
6/14/2009 7:20,-Invalid-,-Invalid-,-Invalid-,-Invalid-,-Invalid-,-Invalid-,-Invalid-,-Invalid-,-Invalid-,-Invalid-
6/14/2009 7:30,-Invalid-,-Invalid-,-Invalid-,-Invalid-,-Invalid-,-Invalid-,-Invalid-,-Invalid-,-Invalid-,-Invalid-
6/14/2009 7:40,-Invalid-,-Invalid-,-Invalid-,-Invalid-,-Invalid-,-Invalid-,-Invalid-,-Invalid-,-Invalid-,-Invalid-
6/14/2009 7:50,-Invalid-,-Invalid-,-Invalid-,-Invalid-,-Invalid-,-Invalid-,-Invalid-,-Invalid-,-Invalid-,-Invalid-
6/14/2009 8:00,-Invalid-,-Invalid-,-Invalid-,-Invalid-,-Invalid-,-Invalid-,-Invalid-,-Invalid-,-Invalid-,-Invalid-
6/14/2009 8:10,-Invalid-,-Invalid-,-Invalid-,-Invalid-,-Invalid-,-Invalid-,-Invalid-,-Invalid-,-Invalid-,-Invalid-
6/14/2009 8:20,-Invalid-,-Invalid-,-Invalid-,-Invalid-,-Invalid-,-Invalid-,-Invalid-,-Invalid-,-Invalid-,-Invalid-
6/14/2009 8:30,-Invalid-,-Invalid-,-Invalid-,-Invalid-,-Invalid-,-Invalid-,-Invalid-,-Invalid-,-Invalid-,-Invalid-
6/14/2009 8:40,-Invalid-,-Invalid-,-Invalid-,-Invalid-,-Invalid-,-Invalid-,-Invalid-,-Invalid-,-Invalid-,-Invalid-
6/14/2009 8:50,-Invalid-,-Invalid-,-Invalid-,-Invalid-,-Invalid-,-Invalid-,-Invalid-,-Invalid-,-Invalid-,-Invalid-
6/14/2009 9:00,-Invalid-,-Invalid-,-Invalid-,-Invalid-,-Invalid-,-Invalid-,-Invalid-,-Invalid-,-Invalid-,-Invalid-
6/14/2009 9:10,-Invalid-,-Invalid-,-Invalid-,-Invalid-,-Invalid-,-Invalid-,-Invalid-,-Invalid-,-Invalid-,-Invalid-
6/14/2009 9:20,-Invalid-,-Invalid-,-Invalid-,-Invalid-,-Invalid-,-Invalid-,-Invalid-,-Invalid-,-Invalid-,-Invalid-
6/14/2009 9:30,-Invalid-,-Invalid-,-Invalid-,-Invalid-,-Invalid-,-Invalid-,-Invalid-,-Invalid-,-Invalid-,-Invalid-
6/14/2009 9:40,-Invalid-,-Invalid-,-Invalid-,-Invalid-,-Invalid-,-Invalid-,-Invalid-,-Invalid-,-Invalid-,-Invalid-
6/14/2009 9:50,-Invalid-,-Invalid-,-Invalid-,-Invalid-,-Invalid-,-Invalid-,-Invalid-,-Invalid-,-Invalid-,-Invalid-
6/14/2009 10:00,-Invalid-,-Invalid-,-Invalid-,-Invalid-,-Invalid-,-Invalid-,-Invalid-,-Invalid-,-Invalid-,-Invalid-
6/14/2009 10:10,-Invalid-,-Invalid-,-Invalid-,-Invalid-,-Invalid-,-Invalid-,-Invalid-,-Invalid-,-Invalid-,-Invalid-
6/14/2009 10:20,-Invalid-,-Invalid-,-Invalid-,-Invalid-,-Invalid-,-Invalid-,-Invalid-,-Invalid-,-Invalid-,-Invalid-
6/14/2009 10:30,-Invalid-,-Invalid-,-Invalid-,-Invalid-,-Invalid-,-Invalid-,-Invalid-,-Invalid-,-Invalid-,-Invalid-
6/14/2009 10:40,-Invalid-,-Invalid-,-Invalid-,-Invalid-,-Invalid-,-Invalid-,-Invalid-,-Invalid-,-Invalid-,-Invalid-
6/14/2009 10:50,-Invalid-,-Invalid-,-Invalid-,-Invalid-,-Invalid-,-Invalid-,-Invalid-,-Invalid-,-Invalid-,-Invalid-
6/14/2009 11:00,-Invalid-,-Invalid-,-Invalid-,-Invalid-,-Invalid-,-Invalid-,-Invalid-,-Invalid-,-Invalid-,-Invalid-
6/14/2009 11:10,-Invalid-,-Invalid-,-Invalid-,-Invalid-,-Invalid-,-Invalid-,-Invalid-,-Invalid-,-Invalid-,-Invalid-
6/14/2009 11:20,-Invalid-,-Invalid-,-Invalid-,-Invalid-,-Invalid-,-Invalid-,-Invalid-,-Invalid-,-Invalid-,-Invalid-
6/14/2009 11:30,-Invalid-,-Invalid-,-Invalid-,-Invalid-,-Invalid-,-Invalid-,-Invalid-,-Invalid-,-Invalid-,-Invalid-
6/14/2009 11:40,-Invalid-,-Invalid-,-Invalid-,-Invalid-,-Invalid-,-Invalid-,-Invalid-,-Invalid-,-Invalid-,-Invalid-
6/14/2009 11:50,-Invalid-,-Invalid-,-Invalid-,-Invalid-,-Invalid-,-Invalid-,-Invalid-,-Invalid-,-Invalid-,-Invalid-
6/14/2009 12:00,-Invalid-,-Invalid-,-Invalid-,-Invalid-,-Invalid-,-Invalid-,-Invalid-,-Invalid-,-Invalid-,-Invalid-
6/14/2009 12:10,-Invalid-,-Invalid-,-Invalid-,-Invalid-,-Invalid-,-Invalid-,-Invalid-,-Invalid-,-Invalid-,-Invalid-
6/14/2009 12:20,-Invalid-,-Invalid-,-Invalid-,-Invalid-,-Invalid-,-Invalid-,-Invalid-,-Invalid-,-Invalid-,-Invalid-
6/14/2009 12:30,-Invalid-,-Invalid-,-Invalid-,-Invalid-,-Invalid-,-Invalid-,-Invalid-,-Invalid-,-Invalid-,-Invalid-
6/14/2009 12:40,-Invalid-,-Invalid-,-Invalid-,-Invalid-,-Invalid-,-Invalid-,-Invalid-,-Invalid-,-Invalid-,-Invalid-
6/14/2009 12:50,-Invalid-,-Invalid-,-Invalid-,-Invalid-,-Invalid-,-Invalid-,-Invalid-,-Invalid-,-Invalid-,-Invalid-
6/14/2009 13:00,-Invalid-,-Invalid-,-Invalid-,-Invalid-,-Invalid-,-Invalid-,-Invalid-,-Invalid-,-Invalid-,-Invalid-
6/14/2009 13:10,-Invalid-,-Invalid-,-Invalid-,-Invalid-,-Invalid-,-Invalid-,-Invalid-,-Invalid-,-Invalid-,-Invalid-
6/14/2009 13:20,-Invalid-,-Invalid-,-Invalid-,-Invalid-,-Invalid-,-Invalid-,-Invalid-,-Invalid-,-Invalid-,-Invalid-
6/14/2009 13:30,-Invalid-,-Invalid-,-Invalid-,-Invalid-,-Invalid-,-Invalid-,-Invalid-,-Invalid-,-Invalid-,-Invalid-
6/14/2009 13:40,-Invalid-,-Invalid-,-Invalid-,-Invalid-,-Invalid-,-Invalid-,-Invalid-,-Invalid-,-Invalid-,-Invalid-
6/14/2009 13:50,-Invalid-,-Invalid-,-Invalid-,-Invalid-,-Invalid-,-Invalid-,-Invalid-,-Invalid-,-Invalid-,-Invalid-
6/14/2009 14:00,-Invalid-,-Invalid-,-Invalid-,-Invalid-,-Invalid-,-Invalid-,-Invalid-,-Invalid-,-Invalid-,-Invalid-
6/14/2009 14:10,-Invalid-,-Invalid-,-Invalid-,-Invalid-,-Invalid-,-Invalid-,-Invalid-,-Invalid-,-Invalid-,-Invalid-
6/14/2009 14:20,-Invalid-,-Invalid-,-Invalid-,-Invalid-,-Invalid-,-Invalid-,-Invalid-,-Invalid-,-Invalid-,-Invalid-
6/14/2009 14:30,-Invalid-,-Invalid-,-Invalid-,-Invalid-,-Invalid-,-Invalid-,-Invalid-,-Invalid-,-Invalid-,-Invalid-
6/14/2009 14:40,-Invalid-,-Invalid-,-Invalid-,-Invalid-,-Invalid-,-Invalid-,-Invalid-,-Invalid-,-Invalid-,-Invalid-
6/14/2009 14:50,-Invalid-,-Invalid-,-Invalid-,-Invalid-,-Invalid-,-Invalid-,-Invalid-,-Invalid-,-Invalid-,-Invalid-
6/14/2009 15:00,-Invalid-,-Invalid-,-Invalid-,-Invalid-,-Invalid-,-Invalid-,-Invalid-,-Invalid-,-Invalid-,-Invalid-
6/14/2009 15:10,-Invalid-,-Invalid-,-Invalid-,-Invalid-,-Invalid-,-Invalid-,-Invalid-,-Invalid-,-Invalid-,-Invalid-
6/14/2009 15:20,-Invalid-,-Invalid-,-Invalid-,-Invalid-,-Invalid-,-Invalid-,-Invalid-,-Invalid-,-Invalid-,-Invalid-
6/14/2009 15:30,-Invalid-,-Invalid-,-Invalid-,-Invalid-,-Invalid-,-Invalid-,-Invalid-,-Invalid-,-Invalid-,-Invalid-
6/14/2009 15:40,-Invalid-,-Invalid-,-Invalid-,-Invalid-,-Invalid-,-Invalid-,-Invalid-,-Invalid-,-Invalid-,-Invalid-
6/14/2009 15:50,-Invalid-,-Invalid-,-Invalid-,-Invalid-,-Invalid-,-Invalid-,-Invalid-,-Invalid-,-Invalid-,-Invalid-
6/14/2009 16:00,-Invalid-,-Invalid-,-Invalid-,-Invalid-,-Invalid-,-Invalid-,-Invalid-,-Invalid-,-Invalid-,-Invalid-
6/14/2009 16:10,-Invalid-,-Invalid-,-Invalid-,-Invalid-,-Invalid-,-Invalid-,-Invalid-,-Invalid-,-Invalid-,-Invalid-
6/14/2009 16:20,-Invalid-,-Invalid-,-Invalid-,-Invalid-,-Invalid-,-Invalid-,-Invalid-,-Invalid-,-Invalid-,-Invalid-
6/14/2009 16:30,-Invalid-,-Invalid-,-Invalid-,-Invalid-,-Invalid-,-Invalid-,-Invalid-,-Invalid-,-Invalid-,-Invalid-
6/14/2009 16:40,-Invalid-,-Invalid-,-Invalid-,-Invalid-,-Invalid-,-Invalid-,-Invalid-,-Invalid-,-Invalid-,-Invalid-
6/14/2009 16:50,-Invalid-,-Invalid-,-Invalid-,-Invalid-,-Invalid-,-Invalid-,-Invalid-,-Invalid-,-Invalid-,-Invalid-
6/14/2009 17:00,-Invalid-,-Invalid-,-Invalid-,-Invalid-,-Invalid-,-Invalid-,-Invalid-,-Invalid-,-Invalid-,-Invalid-
6/14/2009 17:10,-Invalid-,-Invalid-,-Invalid-,-Invalid-,-Invalid-,-Invalid-,-Invalid-,-Invalid-,-Invalid-,-Invalid-
6/14/2009 17:20,-Invalid-,-Invalid-,-Invalid-,-Invalid-,-Invalid-,-Invalid-,-Invalid-,-Invalid-,-Invalid-,-Invalid-
6/14/2009 17:30,-Invalid-,-Invalid-,-Invalid-,-Invalid-,-Invalid-,-Invalid-,-Invalid-,-Invalid-,-Invalid-,-Invalid-
6/14/2009 17:40,-Invalid-,-Invalid-,-Invalid-,-Invalid-,-Invalid-,-Invalid-,-Invalid-,-Invalid-,-Invalid-,-Invalid-
6/14/2009 17:50,-Invalid-,-Invalid-,-Invalid-,-Invalid-,-Invalid-,-Invalid-,-Invalid-,-Invalid-,-Invalid-,-Invalid-
6/14/2009 18:00,-Invalid-,-Invalid-,-Invalid-,-Invalid-,-Invalid-,-Invalid-,-Invalid-,-Invalid-,-Invalid-,-Invalid-
6/14/2009 18:10,-Invalid-,-Invalid-,-Invalid-,-Invalid-,-Invalid-,-Invalid-,-Invalid-,-Invalid-,-Invalid-,-Invalid-
6/14/2009 18:20,-Invalid-,-Invalid-,-Invalid-,-Invalid-,-Invalid-,-Invalid-,-Invalid-,-Invalid-,-Invalid-,-Invalid-
6/14/2009 18:30,-Invalid-,-Invalid-,-Invalid-,-Invalid-,-Invalid-,-Invalid-,-Invalid-,-Invalid-,-Invalid-,-Invalid-
6/14/2009 18:40,-Invalid-,-Invalid-,-Invalid-,-Invalid-,-Invalid-,-Invalid-,-Invalid-,-Invalid-,-Invalid-,-Invalid-
6/14/2009 18:50,-Invalid-,-Invalid-,-Invalid-,-Invalid-,-Invalid-,-Invalid-,-Invalid-,-Invalid-,-Invalid-,-Invalid-
6/14/2009 19:00,-Invalid-,-Invalid-,-Invalid-,-Invalid-,-Invalid-,-Invalid-,-Invalid-,-Invalid-,-Invalid-,-Invalid-
6/14/2009 19:10,-Invalid-,-Invalid-,-Invalid-,-Invalid-,-Invalid-,-Invalid-,-Invalid-,-Invalid-,-Invalid-,-Invalid-
6/14/2009 19:20,-Invalid-,-Invalid-,-Invalid-,-Invalid-,-Invalid-,-Invalid-,-Invalid-,-Invalid-,-Invalid-,-Invalid-
6/14/2009 19:30,-Invalid-,-Invalid-,-Invalid-,-Invalid-,-Invalid-,-Invalid-,-Invalid-,-Invalid-,-Invalid-,-Invalid-
6/14/2009 19:40,-Invalid-,-Invalid-,-Invalid-,-Invalid-,-Invalid-,-Invalid-,-Invalid-,-Invalid-,-Invalid-,-Invalid-
6/14/2009 19:50,-Invalid-,-Invalid-,-Invalid-,-Invalid-,-Invalid-,-Invalid-,-Invalid-,-Invalid-,-Invalid-,-Invalid-
6/14/2009 20:00,-Invalid-,-Invalid-,-Invalid-,-Invalid-,-Invalid-,-Invalid-,-Invalid-,-Invalid-,-Invalid-,-Invalid-
6/14/2009 20:10,-Invalid-,-Invalid-,-Invalid-,-Invalid-,-Invalid-,-Invalid-,-Invalid-,-Invalid-,-Invalid-,-Invalid-
6/14/2009 20:20,-Invalid-,-Invalid-,-Invalid-,-Invalid-,-Invalid-,-Invalid-,-Invalid-,-Invalid-,-Invalid-,-Invalid-
6/14/2009 20:30,-Invalid-,-Invalid-,-Invalid-,-Invalid-,-Invalid-,-Invalid-,-Invalid-,-Invalid-,-Invalid-,-Invalid-
6/14/2009 20:40,-Invalid-,-Invalid-,-Invalid-,-Invalid-,-Invalid-,-Invalid-,-Invalid-,-Invalid-,-Invalid-,-Invalid-
6/14/2009 20:50,-Invalid-,-Invalid-,-Invalid-,-Invalid-,-Invalid-,-Invalid-,-Invalid-,-Invalid-,-Invalid-,-Invalid-
6/14/2009 21:00,-Invalid-,-Invalid-,-Invalid-,-Invalid-,-Invalid-,-Invalid-,-Invalid-,-Invalid-,-Invalid-,-Invalid-
6/14/2009 21:10,-Invalid-,-Invalid-,-Invalid-,-Invalid-,-Invalid-,-Invalid-,-Invalid-,-Invalid-,-Invalid-,-Invalid-
6/14/2009 21:20,-Invalid-,-Invalid-,-Invalid-,-Invalid-,-Invalid-,-Invalid-,-Invalid-,-Invalid-,-Invalid-,-Invalid-
6/14/2009 21:30,-Invalid-,-Invalid-,-Invalid-,-Invalid-,-Invalid-,-Invalid-,-Invalid-,-Invalid-,-Invalid-,-Invalid-
6/14/2009 21:40,-Invalid-,-Invalid-,-Invalid-,-Invalid-,-Invalid-,-Invalid-,-Invalid-,-Invalid-,-Invalid-,-Invalid-
6/14/2009 21:50,-Invalid-,-Invalid-,-Invalid-,-Invalid-,-Invalid-,-Invalid-,-Invalid-,-Invalid-,-Invalid-,-Invalid-
6/14/2009 22:00,-Invalid-,-Invalid-,-Invalid-,-Invalid-,-Invalid-,-Invalid-,-Invalid-,-Invalid-,-Invalid-,-Invalid-
6/14/2009 22:10,-Invalid-,-Invalid-,-Invalid-,-Invalid-,-Invalid-,-Invalid-,-Invalid-,-Invalid-,-Invalid-,-Invalid-
6/14/2009 22:20,-Invalid-,-Invalid-,-Invalid-,-Invalid-,-Invalid-,-Invalid-,-Invalid-,-Invalid-,-Invalid-,-Invalid-
6/14/2009 22:30,-Invalid-,-Invalid-,-Invalid-,-Invalid-,-Invalid-,-Invalid-,-Invalid-,-Invalid-,-Invalid-,-Invalid-
6/14/2009 22:40,-Invalid-,-Invalid-,-Invalid-,-Invalid-,-Invalid-,-Invalid-,-Invalid-,-Invalid-,-Invalid-,-Invalid-
6/14/2009 22:50,-Invalid-,-Invalid-,-Invalid-,-Invalid-,-Invalid-,-Invalid-,-Invalid-,-Invalid-,-Invalid-,-Invalid-
6/14/2009 23:00,-Invalid-,-Invalid-,-Invalid-,-Invalid-,-Invalid-,-Invalid-,-Invalid-,-Invalid-,-Invalid-,-Invalid-
6/14/2009 23:10,-Invalid-,-Invalid-,-Invalid-,-Invalid-,-Invalid-,-Invalid-,-Invalid-,-Invalid-,-Invalid-,-Invalid-
6/14/2009 23:20,-Invalid-,-Invalid-,-Invalid-,-Invalid-,-Invalid-,-Invalid-,-Invalid-,-Invalid-,-Invalid-,-Invalid-
6/14/2009 23:30,-Invalid-,-Invalid-,-Invalid-,-Invalid-,-Invalid-,-Invalid-,-Invalid-,-Invalid-,-Invalid-,-Invalid-
6/14/2009 23:40,-Invalid-,-Invalid-,-Invalid-,-Invalid-,-Invalid-,-Invalid-,-Invalid-,-Invalid-,-Invalid-,-Invalid-
6/14/2009 23:50,-Invalid-,-Invalid-,-Invalid-,-Invalid-,-Invalid-,-Invalid-,-Invalid-,-Invalid-,-Invalid-,-Invalid-
6/15/2009 0:00,-Invalid-,-Invalid-,-Invalid-,-Invalid-,-Invalid-,-Invalid-,-Invalid-,-Invalid-,-Invalid-,-Invalid-
6/15/2009 0:10,-Invalid-,-Invalid-,-Invalid-,-Invalid-,-Invalid-,-Invalid-,-Invalid-,-Invalid-,-Invalid-,-Invalid-
6/15/2009 0:20,-Invalid-,-Invalid-,-Invalid-,-Invalid-,-Invalid-,-Invalid-,-Invalid-,-Invalid-,-Invalid-,-Invalid-
6/15/2009 0:30,-Invalid-,-Invalid-,-Invalid-,-Invalid-,-Invalid-,-Invalid-,-Invalid-,-Invalid-,-Invalid-,-Invalid-
6/15/2009 0:40,-Invalid-,-Invalid-,-Invalid-,-Invalid-,-Invalid-,-Invalid-,-Invalid-,-Invalid-,-Invalid-,-Invalid-
6/15/2009 0:50,-Invalid-,-Invalid-,-Invalid-,-Invalid-,-Invalid-,-Invalid-,-Invalid-,-Invalid-,-Invalid-,-Invalid-
6/15/2009 1:00,-Invalid-,-Invalid-,-Invalid-,-Invalid-,-Invalid-,-Invalid-,-Invalid-,-Invalid-,-Invalid-,-Invalid-
6/15/2009 1:10,-Invalid-,-Invalid-,-Invalid-,-Invalid-,-Invalid-,-Invalid-,-Invalid-,-Invalid-,-Invalid-,-Invalid-
6/15/2009 1:20,-Invalid-,-Invalid-,-Invalid-,-Invalid-,-Invalid-,-Invalid-,-Invalid-,-Invalid-,-Invalid-,-Invalid-
6/15/2009 1:30,-Invalid-,-Invalid-,-Invalid-,-Invalid-,-Invalid-,-Invalid-,-Invalid-,-Invalid-,-Invalid-,-Invalid-
6/15/2009 1:40,-Invalid-,-Invalid-,-Invalid-,-Invalid-,-Invalid-,-Invalid-,-Invalid-,-Invalid-,-Invalid-,-Invalid-
6/15/2009 1:50,-Invalid-,-Invalid-,-Invalid-,-Invalid-,-Invalid-,-Invalid-,-Invalid-,-Invalid-,-Invalid-,-Invalid-
6/15/2009 2:00,-Invalid-,-Invalid-,-Invalid-,-Invalid-,-Invalid-,-Invalid-,-Invalid-,-Invalid-,-Invalid-,-Invalid-
6/15/2009 2:10,-Invalid-,-Invalid-,-Invalid-,-Invalid-,-Invalid-,-Invalid-,-Invalid-,-Invalid-,-Invalid-,-Invalid-
6/15/2009 2:20,-Invalid-,-Invalid-,-Invalid-,-Invalid-,-Invalid-,-Invalid-,-Invalid-,-Invalid-,-Invalid-,-Invalid-
6/15/2009 2:30,-Invalid-,-Invalid-,-Invalid-,-Invalid-,-Invalid-,-Invalid-,-Invalid-,-Invalid-,-Invalid-,-Invalid-
6/15/2009 2:40,-Invalid-,-Invalid-,-Invalid-,-Invalid-,-Invalid-,-Invalid-,-Invalid-,-Invalid-,-Invalid-,-Invalid-
6/15/2009 2:50,-Invalid-,-Invalid-,-Invalid-,-Invalid-,-Invalid-,-Invalid-,-Invalid-,-Invalid-,-Invalid-,-Invalid-
6/15/2009 3:00,-Invalid-,-Invalid-,-Invalid-,-Invalid-,-Invalid-,-Invalid-,-Invalid-,-Invalid-,-Invalid-,-Invalid-
6/15/2009 3:10,-Invalid-,-Invalid-,-Invalid-,-Invalid-,-Invalid-,-Invalid-,-Invalid-,-Invalid-,-Invalid-,-Invalid-
6/15/2009 3:20,-Invalid-,-Invalid-,-Invalid-,-Invalid-,-Invalid-,-Invalid-,-Invalid-,-Invalid-,-Invalid-,-Invalid-
6/15/2009 3:30,-Invalid-,-Invalid-,-Invalid-,-Invalid-,-Invalid-,-Invalid-,-Invalid-,-Invalid-,-Invalid-,-Invalid-
6/15/2009 3:40,-Invalid-,-Invalid-,-Invalid-,-Invalid-,-Invalid-,-Invalid-,-Invalid-,-Invalid-,-Invalid-,-Invalid-
6/15/2009 3:50,-Invalid-,-Invalid-,-Invalid-,-Invalid-,-Invalid-,-Invalid-,-Invalid-,-Invalid-,-Invalid-,-Invalid-
6/15/2009 4:00,-Invalid-,-Invalid-,-Invalid-,-Invalid-,-Invalid-,-Invalid-,-Invalid-,-Invalid-,-Invalid-,-Invalid-
6/15/2009 4:10,-Invalid-,-Invalid-,-Invalid-,-Invalid-,-Invalid-,-Invalid-,-Invalid-,-Invalid-,-Invalid-,-Invalid-
6/15/2009 4:20,-Invalid-,-Invalid-,-Invalid-,-Invalid-,-Invalid-,-Invalid-,-Invalid-,-Invalid-,-Invalid-,-Invalid-
6/15/2009 4:30,-Invalid-,-Invalid-,-Invalid-,-Invalid-,-Invalid-,-Invalid-,-Invalid-,-Invalid-,-Invalid-,-Invalid-
6/15/2009 4:40,-Invalid-,-Invalid-,-Invalid-,-Invalid-,-Invalid-,-Invalid-,-Invalid-,-Invalid-,-Invalid-,-Invalid-
6/15/2009 4:50,-Invalid-,-Invalid-,-Invalid-,-Invalid-,-Invalid-,-Invalid-,-Invalid-,-Invalid-,-Invalid-,-Invalid-
6/15/2009 5:00,-Invalid-,-Invalid-,-Invalid-,-Invalid-,-Invalid-,-Invalid-,-Invalid-,-Invalid-,-Invalid-,-Invalid-
6/15/2009 5:10,-Invalid-,-Invalid-,-Invalid-,-Invalid-,-Invalid-,-Invalid-,-Invalid-,-Invalid-,-Invalid-,-Invalid-
6/15/2009 5:20,-Invalid-,-Invalid-,-Invalid-,-Invalid-,-Invalid-,-Invalid-,-Invalid-,-Invalid-,-Invalid-,-Invalid-
6/15/2009 5:30,-Invalid-,-Invalid-,-Invalid-,-Invalid-,-Invalid-,-Invalid-,-Invalid-,-Invalid-,-Invalid-,-Invalid-
6/15/2009 5:40,-Invalid-,-Invalid-,-Invalid-,-Invalid-,-Invalid-,-Invalid-,-Invalid-,-Invalid-,-Invalid-,-Invalid-
6/15/2009 5:50,-Invalid-,-Invalid-,-Invalid-,-Invalid-,-Invalid-,-Invalid-,-Invalid-,-Invalid-,-Invalid-,-Invalid-
6/15/2009 6:00,-Invalid-,-Invalid-,-Invalid-,-Invalid-,-Invalid-,-Invalid-,-Invalid-,-Invalid-,-Invalid-,-Invalid-
6/15/2009 6:10,-Invalid-,-Invalid-,-Invalid-,-Invalid-,-Invalid-,-Invalid-,-Invalid-,-Invalid-,-Invalid-,-Invalid-
6/15/2009 6:20,-Invalid-,-Invalid-,-Invalid-,-Invalid-,-Invalid-,-Invalid-,-Invalid-,-Invalid-,-Invalid-,-Invalid-
6/15/2009 6:30,-Invalid-,-Invalid-,-Invalid-,-Invalid-,-Invalid-,-Invalid-,-Invalid-,-Invalid-,-Invalid-,-Invalid-
6/15/2009 6:40,-Invalid-,-Invalid-,-Invalid-,-Invalid-,-Invalid-,-Invalid-,-Invalid-,-Invalid-,-Invalid-,-Invalid-
6/15/2009 6:50,-Invalid-,-Invalid-,-Invalid-,-Invalid-,-Invalid-,-Invalid-,-Invalid-,-Invalid-,-Invalid-,-Invalid-
6/15/2009 7:00,-Invalid-,-Invalid-,-Invalid-,-Invalid-,-Invalid-,-Invalid-,-Invalid-,-Invalid-,-Invalid-,-Invalid-
6/15/2009 7:10,-Invalid-,-Invalid-,-Invalid-,-Invalid-,-Invalid-,-Invalid-,-Invalid-,-Invalid-,-Invalid-,-Invalid-
6/15/2009 7:20,-Invalid-,-Invalid-,-Invalid-,-Invalid-,-Invalid-,-Invalid-,-Invalid-,-Invalid-,-Invalid-,-Invalid-
6/15/2009 7:30,-Invalid-,-Invalid-,-Invalid-,-Invalid-,-Invalid-,-Invalid-,-Invalid-,-Invalid-,-Invalid-,-Invalid-
6/15/2009 7:40,-Invalid-,-Invalid-,-Invalid-,-Invalid-,-Invalid-,-Invalid-,-Invalid-,-Invalid-,-Invalid-,-Invalid-
6/15/2009 7:50,-Invalid-,-Invalid-,-Invalid-,-Invalid-,-Invalid-,-Invalid-,-Invalid-,-Invalid-,-Invalid-,-Invalid-
6/15/2009 8:00,-Invalid-,-Invalid-,-Invalid-,-Invalid-,-Invalid-,-Invalid-,-Invalid-,-Invalid-,-Invalid-,-Invalid-
6/15/2009 8:10,-Invalid-,-Invalid-,-Invalid-,-Invalid-,-Invalid-,-Invalid-,-Invalid-,-Invalid-,-Invalid-,-Invalid-
6/15/2009 8:20,-Invalid-,-Invalid-,-Invalid-,-Invalid-,-Invalid-,-Invalid-,-Invalid-,-Invalid-,-Invalid-,-Invalid-
6/15/2009 8:30,-Invalid-,-Invalid-,-Invalid-,-Invalid-,-Invalid-,-Invalid-,-Invalid-,-Invalid-,-Invalid-,-Invalid-
6/15/2009 8:40,-Invalid-,-Invalid-,-Invalid-,-Invalid-,-Invalid-,-Invalid-,-Invalid-,-Invalid-,-Invalid-,-Invalid-
6/15/2009 8:50,-Invalid-,-Invalid-,-Invalid-,-Invalid-,-Invalid-,-Invalid-,-Invalid-,-Invalid-,-Invalid-,-Invalid-
6/15/2009 9:00,-Invalid-,-Invalid-,-Invalid-,-Invalid-,-Invalid-,-Invalid-,-Invalid-,-Invalid-,-Invalid-,-Invalid-
6/15/2009 9:10,-Invalid-,-Invalid-,-Invalid-,-Invalid-,-Invalid-,-Invalid-,-Invalid-,-Invalid-,-Invalid-,-Invalid-
6/15/2009 9:20,-Invalid-,-Invalid-,-Invalid-,-Invalid-,-Invalid-,-Invalid-,-Invalid-,-Invalid-,-Invalid-,-Invalid-
6/15/2009 9:30,-Invalid-,-Invalid-,-Invalid-,-Invalid-,-Invalid-,-Invalid-,-Invalid-,-Invalid-,-Invalid-,-Invalid-
6/15/2009 9:40,-Invalid-,-Invalid-,-Invalid-,-Invalid-,-Invalid-,-Invalid-,-Invalid-,-Invalid-,-Invalid-,-Invalid-
6/15/2009 9:50,-Invalid-,-Invalid-,-Invalid-,-Invalid-,-Invalid-,-Invalid-,-Invalid-,-Invalid-,-Invalid-,-Invalid-
6/15/2009 10:00,-Invalid-,-Invalid-,-Invalid-,-Invalid-,-Invalid-,-Invalid-,-Invalid-,-Invalid-,-Invalid-,-Invalid-
6/15/2009 10:10,-Invalid-,-Invalid-,-Invalid-,-Invalid-,-Invalid-,-Invalid-,-Invalid-,-Invalid-,-Invalid-,-Invalid-
6/15/2009 10:20,-Invalid-,-Invalid-,-Invalid-,-Invalid-,-Invalid-,-Invalid-,-Invalid-,-Invalid-,-Invalid-,-Invalid-
6/15/2009 10:30,-Invalid-,-Invalid-,-Invalid-,-Invalid-,-Invalid-,-Invalid-,-Invalid-,-Invalid-,-Invalid-,-Invalid-
6/15/2009 10:40,-Invalid-,-Invalid-,-Invalid-,-Invalid-,-Invalid-,-Invalid-,-Invalid-,-Invalid-,-Invalid-,-Invalid-
6/15/2009 10:50,-Invalid-,-Invalid-,-Invalid-,-Invalid-,-Invalid-,-Invalid-,-Invalid-,-Invalid-,-Invalid-,-Invalid-
6/15/2009 11:00,-Invalid-,-Invalid-,-Invalid-,-Invalid-,-Invalid-,-Invalid-,-Invalid-,-Invalid-,-Invalid-,-Invalid-
6/15/2009 11:10,-Invalid-,-Invalid-,-Invalid-,-Invalid-,-Invalid-,-Invalid-,-Invalid-,-Invalid-,-Invalid-,-Invalid-
6/15/2009 11:20,-Invalid-,-Invalid-,-Invalid-,-Invalid-,-Invalid-,-Invalid-,-Invalid-,-Invalid-,-Invalid-,-Invalid-
6/15/2009 11:30,-Invalid-,-Invalid-,-Invalid-,-Invalid-,-Invalid-,-Invalid-,-Invalid-,-Invalid-,-Invalid-,-Invalid-
6/15/2009 11:40,-Invalid-,-Invalid-,-Invalid-,-Invalid-,-Invalid-,-Invalid-,-Invalid-,-Invalid-,-Invalid-,-Invalid-
6/15/2009 11:50,-Invalid-,-Invalid-,-Invalid-,-Invalid-,-Invalid-,-Invalid-,-Invalid-,-Invalid-,-Invalid-,-Invalid-
6/15/2009 12:00,-Invalid-,-Invalid-,-Invalid-,-Invalid-,-Invalid-,-Invalid-,-Invalid-,-Invalid-,-Invalid-,-Invalid-
6/15/2009 12:10,-Invalid-,-Invalid-,-Invalid-,-Invalid-,-Invalid-,-Invalid-,-Invalid-,-Invalid-,-Invalid-,-Invalid-
6/15/2009 12:20,-Invalid-,-Invalid-,-Invalid-,-Invalid-,-Invalid-,-Invalid-,-Invalid-,-Invalid-,-Invalid-,-Invalid-
6/15/2009 12:30,-Invalid-,-Invalid-,-Invalid-,-Invalid-,-Invalid-,-Invalid-,-Invalid-,-Invalid-,-Invalid-,-Invalid-
6/15/2009 12:40,-Invalid-,-Invalid-,-Invalid-,-Invalid-,-Invalid-,-Invalid-,-Invalid-,-Invalid-,-Invalid-,-Invalid-
6/15/2009 12:50,-Invalid-,-Invalid-,-Invalid-,-Invalid-,-Invalid-,-Invalid-,-Invalid-,-Invalid-,-Invalid-,-Invalid-
6/15/2009 13:00,-Invalid-,-Invalid-,-Invalid-,-Invalid-,-Invalid-,-Invalid-,-Invalid-,-Invalid-,-Invalid-,-Invalid-
6/15/2009 13:10,-Invalid-,-Invalid-,-Invalid-,-Invalid-,-Invalid-,-Invalid-,-Invalid-,-Invalid-,-Invalid-,-Invalid-
6/15/2009 13:20,-Invalid-,-Invalid-,-Invalid-,-Invalid-,-Invalid-,-Invalid-,-Invalid-,-Invalid-,-Invalid-,-Invalid-
6/15/2009 13:30,-Invalid-,-Invalid-,-Invalid-,-Invalid-,-Invalid-,-Invalid-,-Invalid-,-Invalid-,-Invalid-,-Invalid-
6/15/2009 13:40,-Invalid-,-Invalid-,-Invalid-,-Invalid-,-Invalid-,-Invalid-,-Invalid-,-Invalid-,-Invalid-,-Invalid-
6/15/2009 13:50,-Invalid-,-Invalid-,-Invalid-,-Invalid-,-Invalid-,-Invalid-,-Invalid-,-Invalid-,-Invalid-,-Invalid-
6/15/2009 14:00,-Invalid-,-Invalid-,-Invalid-,-Invalid-,-Invalid-,-Invalid-,-Invalid-,-Invalid-,-Invalid-,-Invalid-
6/15/2009 14:10,-Invalid-,-Invalid-,-Invalid-,-Invalid-,-Invalid-,-Invalid-,-Invalid-,-Invalid-,-Invalid-,-Invalid-
6/15/2009 14:20,-Invalid-,-Invalid-,-Invalid-,-Invalid-,-Invalid-,-Invalid-,-Invalid-,-Invalid-,-Invalid-,-Invalid-
6/15/2009 14:30,-Invalid-,-Invalid-,-Invalid-,-Invalid-,-Invalid-,-Invalid-,-Invalid-,-Invalid-,-Invalid-,-Invalid-
6/15/2009 14:40,-Invalid-,-Invalid-,-Invalid-,-Invalid-,-Invalid-,-Invalid-,-Invalid-,-Invalid-,-Invalid-,-Invalid-
6/15/2009 14:50,-Invalid-,-Invalid-,-Invalid-,-Invalid-,-Invalid-,-Invalid-,-Invalid-,-Invalid-,-Invalid-,-Invalid-
6/15/2009 15:00,-Invalid-,-Invalid-,-Invalid-,-Invalid-,-Invalid-,-Invalid-,-Invalid-,-Invalid-,-Invalid-,-Invalid-
6/15/2009 15:10,-Invalid-,-Invalid-,-Invalid-,-Invalid-,-Invalid-,-Invalid-,-Invalid-,-Invalid-,-Invalid-,-Invalid-
6/15/2009 15:20,-Invalid-,-Invalid-,-Invalid-,-Invalid-,-Invalid-,-Invalid-,-Invalid-,-Invalid-,-Invalid-,-Invalid-
6/15/2009 15:30,-Invalid-,-Invalid-,-Invalid-,-Invalid-,-Invalid-,-Invalid-,-Invalid-,-Invalid-,-Invalid-,-Invalid-
6/15/2009 15:40,-Invalid-,-Invalid-,-Invalid-,-Invalid-,-Invalid-,-Invalid-,-Invalid-,-Invalid-,-Invalid-,-Invalid-
6/15/2009 15:50,-Invalid-,-Invalid-,-Invalid-,-Invalid-,-Invalid-,-Invalid-,-Invalid-,-Invalid-,-Invalid-,-Invalid-
6/15/2009 16:00,-Invalid-,-Invalid-,-Invalid-,-Invalid-,-Invalid-,-Invalid-,-Invalid-,-Invalid-,-Invalid-,-Invalid-
6/15/2009 16:10,-Invalid-,-Invalid-,-Invalid-,-Invalid-,-Invalid-,-Invalid-,-Invalid-,-Invalid-,-Invalid-,-Invalid-
6/15/2009 16:20,-Invalid-,-Invalid-,-Invalid-,-Invalid-,-Invalid-,-Invalid-,-Invalid-,-Invalid-,-Invalid-,-Invalid-
6/15/2009 16:30,-Invalid-,-Invalid-,-Invalid-,-Invalid-,-Invalid-,-Invalid-,-Invalid-,-Invalid-,-Invalid-,-Invalid-
6/15/2009 16:40,-Invalid-,-Invalid-,-Invalid-,-Invalid-,-Invalid-,-Invalid-,-Invalid-,-Invalid-,-Invalid-,-Invalid-
6/15/2009 16:50,-Invalid-,-Invalid-,-Invalid-,-Invalid-,-Invalid-,-Invalid-,-Invalid-,-Invalid-,-Invalid-,-Invalid-
6/15/2009 17:00,-Invalid-,-Invalid-,-Invalid-,-Invalid-,-Invalid-,-Invalid-,-Invalid-,-Invalid-,-Invalid-,-Invalid-
6/15/2009 17:10,-Invalid-,-Invalid-,-Invalid-,-Invalid-,-Invalid-,-Invalid-,-Invalid-,-Invalid-,-Invalid-,-Invalid-
6/15/2009 17:20,-Invalid-,-Invalid-,-Invalid-,-Invalid-,-Invalid-,-Invalid-,-Invalid-,-Invalid-,-Invalid-,-Invalid-
6/15/2009 17:30,-Invalid-,-Invalid-,-Invalid-,-Invalid-,-Invalid-,-Invalid-,-Invalid-,-Invalid-,-Invalid-,-Invalid-
6/15/2009 17:40,-Invalid-,-Invalid-,-Invalid-,-Invalid-,-Invalid-,-Invalid-,-Invalid-,-Invalid-,-Invalid-,-Invalid-
6/15/2009 17:50,-Invalid-,-Invalid-,-Invalid-,-Invalid-,-Invalid-,-Invalid-,-Invalid-,-Invalid-,-Invalid-,-Invalid-
6/15/2009 18:00,-Invalid-,-Invalid-,-Invalid-,-Invalid-,-Invalid-,-Invalid-,-Invalid-,-Invalid-,-Invalid-,-Invalid-
6/15/2009 18:10,-Invalid-,-Invalid-,-Invalid-,-Invalid-,-Invalid-,-Invalid-,-Invalid-,-Invalid-,-Invalid-,-Invalid-
6/15/2009 18:20,-Invalid-,-Invalid-,-Invalid-,-Invalid-,-Invalid-,-Invalid-,-Invalid-,-Invalid-,-Invalid-,-Invalid-
6/15/2009 18:30,-Invalid-,-Invalid-,-Invalid-,-Invalid-,-Invalid-,-Invalid-,-Invalid-,-Invalid-,-Invalid-,-Invalid-
6/15/2009 18:40,-Invalid-,-Invalid-,-Invalid-,-Invalid-,-Invalid-,-Invalid-,-Invalid-,-Invalid-,-Invalid-,-Invalid-
6/15/2009 18:50,-Invalid-,-Invalid-,-Invalid-,-Invalid-,-Invalid-,-Invalid-,-Invalid-,-Invalid-,-Invalid-,-Invalid-
6/15/2009 19:00,-Invalid-,-Invalid-,-Invalid-,-Invalid-,-Invalid-,-Invalid-,-Invalid-,-Invalid-,-Invalid-,-Invalid-
6/15/2009 19:10,-Invalid-,-Invalid-,-Invalid-,-Invalid-,-Invalid-,-Invalid-,-Invalid-,-Invalid-,-Invalid-,-Invalid-
6/15/2009 19:20,-Invalid-,-Invalid-,-Invalid-,-Invalid-,-Invalid-,-Invalid-,-Invalid-,-Invalid-,-Invalid-,-Invalid-
6/15/2009 19:30,-Invalid-,-Invalid-,-Invalid-,-Invalid-,-Invalid-,-Invalid-,-Invalid-,-Invalid-,-Invalid-,-Invalid-
6/15/2009 19:40,-Invalid-,-Invalid-,-Invalid-,-Invalid-,-Invalid-,-Invalid-,-Invalid-,-Invalid-,-Invalid-,-Invalid-
6/15/2009 19:50,-Invalid-,-Invalid-,-Invalid-,-Invalid-,-Invalid-,-Invalid-,-Invalid-,-Invalid-,-Invalid-,-Invalid-
6/15/2009 20:00,-Invalid-,-Invalid-,-Invalid-,-Invalid-,-Invalid-,-Invalid-,-Invalid-,-Invalid-,-Invalid-,-Invalid-
6/15/2009 20:10,-Invalid-,-Invalid-,-Invalid-,-Invalid-,-Invalid-,-Invalid-,-Invalid-,-Invalid-,-Invalid-,-Invalid-
6/15/2009 20:20,-Invalid-,-Invalid-,-Invalid-,-Invalid-,-Invalid-,-Invalid-,-Invalid-,-Invalid-,-Invalid-,-Invalid-
6/15/2009 20:30,-Invalid-,-Invalid-,-Invalid-,-Invalid-,-Invalid-,-Invalid-,-Invalid-,-Invalid-,-Invalid-,-Invalid-
6/15/2009 20:40,-Invalid-,-Invalid-,-Invalid-,-Invalid-,-Invalid-,-Invalid-,-Invalid-,-Invalid-,-Invalid-,-Invalid-
6/15/2009 20:50,-Invalid-,-Invalid-,-Invalid-,-Invalid-,-Invalid-,-Invalid-,-Invalid-,-Invalid-,-Invalid-,-Invalid-
6/15/2009 21:00,-Invalid-,-Invalid-,-Invalid-,-Invalid-,-Invalid-,-Invalid-,-Invalid-,-Invalid-,-Invalid-,-Invalid-
6/15/2009 21:10,-Invalid-,-Invalid-,-Invalid-,-Invalid-,-Invalid-,-Invalid-,-Invalid-,-Invalid-,-Invalid-,-Invalid-
6/15/2009 21:20,-Invalid-,-Invalid-,-Invalid-,-Invalid-,-Invalid-,-Invalid-,-Invalid-,-Invalid-,-Invalid-,-Invalid-
6/15/2009 21:30,-Invalid-,-Invalid-,-Invalid-,-Invalid-,-Invalid-,-Invalid-,-Invalid-,-Invalid-,-Invalid-,-Invalid-
6/15/2009 21:40,-Invalid-,-Invalid-,-Invalid-,-Invalid-,-Invalid-,-Invalid-,-Invalid-,-Invalid-,-Invalid-,-Invalid-
6/15/2009 21:50,-Invalid-,-Invalid-,-Invalid-,-Invalid-,-Invalid-,-Invalid-,-Invalid-,-Invalid-,-Invalid-,-Invalid-
6/15/2009 22:00,-Invalid-,-Invalid-,-Invalid-,-Invalid-,-Invalid-,-Invalid-,-Invalid-,-Invalid-,-Invalid-,-Invalid-
6/15/2009 22:10,-Invalid-,-Invalid-,-Invalid-,-Invalid-,-Invalid-,-Invalid-,-Invalid-,-Invalid-,-Invalid-,-Invalid-
6/15/2009 22:20,-Invalid-,-Invalid-,-Invalid-,-Invalid-,-Invalid-,-Invalid-,-Invalid-,-Invalid-,-Invalid-,-Invalid-
6/15/2009 22:30,-Invalid-,-Invalid-,-Invalid-,-Invalid-,-Invalid-,-Invalid-,-Invalid-,-Invalid-,-Invalid-,-Invalid-
6/15/2009 22:40,-Invalid-,-Invalid-,-Invalid-,-Invalid-,-Invalid-,-Invalid-,-Invalid-,-Invalid-,-Invalid-,-Invalid-
6/15/2009 22:50,-Invalid-,-Invalid-,-Invalid-,-Invalid-,-Invalid-,-Invalid-,-Invalid-,-Invalid-,-Invalid-,-Invalid-
6/15/2009 23:00,-Invalid-,-Invalid-,-Invalid-,-Invalid-,-Invalid-,-Invalid-,-Invalid-,-Invalid-,-Invalid-,-Invalid-
6/15/2009 23:10,-Invalid-,-Invalid-,-Invalid-,-Invalid-,-Invalid-,-Invalid-,-Invalid-,-Invalid-,-Invalid-,-Invalid-
6/15/2009 23:20,-Invalid-,-Invalid-,-Invalid-,-Invalid-,-Invalid-,-Invalid-,-Invalid-,-Invalid-,-Invalid-,-Invalid-
6/15/2009 23:30,-Invalid-,-Invalid-,-Invalid-,-Invalid-,-Invalid-,-Invalid-,-Invalid-,-Invalid-,-Invalid-,-Invalid-
6/15/2009 23:40,-Invalid-,-Invalid-,-Invalid-,-Invalid-,-Invalid-,-Invalid-,-Invalid-,-Invalid-,-Invalid-,-Invalid-
6/15/2009 23:50,-Invalid-,-Invalid-,-Invalid-,-Invalid-,-Invalid-,-Invalid-,-Invalid-,-Invalid-,-Invalid-,-Invalid-
6/16/2009 0:00,-Invalid-,-Invalid-,-Invalid-,-Invalid-,-Invalid-,-Invalid-,-Invalid-,-Invalid-,-Invalid-,-Invalid-
6/16/2009 0:10,-Invalid-,-Invalid-,-Invalid-,-Invalid-,-Invalid-,-Invalid-,-Invalid-,-Invalid-,-Invalid-,-Invalid-
6/16/2009 0:20,-Invalid-,-Invalid-,-Invalid-,-Invalid-,-Invalid-,-Invalid-,-Invalid-,-Invalid-,-Invalid-,-Invalid-
6/16/2009 0:30,-Invalid-,-Invalid-,-Invalid-,-Invalid-,-Invalid-,-Invalid-,-Invalid-,-Invalid-,-Invalid-,-Invalid-
6/16/2009 0:40,-Invalid-,-Invalid-,-Invalid-,-Invalid-,-Invalid-,-Invalid-,-Invalid-,-Invalid-,-Invalid-,-Invalid-
6/16/2009 0:50,-Invalid-,-Invalid-,-Invalid-,-Invalid-,-Invalid-,-Invalid-,-Invalid-,-Invalid-,-Invalid-,-Invalid-
6/16/2009 1:00,-Invalid-,-Invalid-,-Invalid-,-Invalid-,-Invalid-,-Invalid-,-Invalid-,-Invalid-,-Invalid-,-Invalid-
6/16/2009 1:10,-Invalid-,-Invalid-,-Invalid-,-Invalid-,-Invalid-,-Invalid-,-Invalid-,-Invalid-,-Invalid-,-Invalid-
6/16/2009 1:20,-Invalid-,-Invalid-,-Invalid-,-Invalid-,-Invalid-,-Invalid-,-Invalid-,-Invalid-,-Invalid-,-Invalid-
6/16/2009 1:30,-Invalid-,-Invalid-,-Invalid-,-Invalid-,-Invalid-,-Invalid-,-Invalid-,-Invalid-,-Invalid-,-Invalid-
6/16/2009 1:40,-Invalid-,-Invalid-,-Invalid-,-Invalid-,-Invalid-,-Invalid-,-Invalid-,-Invalid-,-Invalid-,-Invalid-
6/16/2009 1:50,-Invalid-,-Invalid-,-Invalid-,-Invalid-,-Invalid-,-Invalid-,-Invalid-,-Invalid-,-Invalid-,-Invalid-
6/16/2009 2:00,-Invalid-,-Invalid-,-Invalid-,-Invalid-,-Invalid-,-Invalid-,-Invalid-,-Invalid-,-Invalid-,-Invalid-
6/16/2009 2:10,-Invalid-,-Invalid-,-Invalid-,-Invalid-,-Invalid-,-Invalid-,-Invalid-,-Invalid-,-Invalid-,-Invalid-
6/16/2009 2:20,-Invalid-,-Invalid-,-Invalid-,-Invalid-,-Invalid-,-Invalid-,-Invalid-,-Invalid-,-Invalid-,-Invalid-
6/16/2009 2:30,-Invalid-,-Invalid-,-Invalid-,-Invalid-,-Invalid-,-Invalid-,-Invalid-,-Invalid-,-Invalid-,-Invalid-
6/16/2009 2:40,-Invalid-,-Invalid-,-Invalid-,-Invalid-,-Invalid-,-Invalid-,-Invalid-,-Invalid-,-Invalid-,-Invalid-
6/16/2009 2:50,-Invalid-,-Invalid-,-Invalid-,-Invalid-,-Invalid-,-Invalid-,-Invalid-,-Invalid-,-Invalid-,-Invalid-
6/16/2009 3:00,-Invalid-,-Invalid-,-Invalid-,-Invalid-,-Invalid-,-Invalid-,-Invalid-,-Invalid-,-Invalid-,-Invalid-
6/16/2009 3:10,-Invalid-,-Invalid-,-Invalid-,-Invalid-,-Invalid-,-Invalid-,-Invalid-,-Invalid-,-Invalid-,-Invalid-
6/16/2009 3:20,-Invalid-,-Invalid-,-Invalid-,-Invalid-,-Invalid-,-Invalid-,-Invalid-,-Invalid-,-Invalid-,-Invalid-
6/16/2009 3:30,-Invalid-,-Invalid-,-Invalid-,-Invalid-,-Invalid-,-Invalid-,-Invalid-,-Invalid-,-Invalid-,-Invalid-
6/16/2009 3:40,-Invalid-,-Invalid-,-Invalid-,-Invalid-,-Invalid-,-Invalid-,-Invalid-,-Invalid-,-Invalid-,-Invalid-
6/16/2009 3:50,-Invalid-,-Invalid-,-Invalid-,-Invalid-,-Invalid-,-Invalid-,-Invalid-,-Invalid-,-Invalid-,-Invalid-
6/16/2009 4:00,-Invalid-,-Invalid-,-Invalid-,-Invalid-,-Invalid-,-Invalid-,-Invalid-,-Invalid-,-Invalid-,-Invalid-
6/16/2009 4:10,-Invalid-,-Invalid-,-Invalid-,-Invalid-,-Invalid-,-Invalid-,-Invalid-,-Invalid-,-Invalid-,-Invalid-
6/16/2009 4:20,-Invalid-,-Invalid-,-Invalid-,-Invalid-,-Invalid-,-Invalid-,-Invalid-,-Invalid-,-Invalid-,-Invalid-
6/16/2009 4:30,-Invalid-,-Invalid-,-Invalid-,-Invalid-,-Invalid-,-Invalid-,-Invalid-,-Invalid-,-Invalid-,-Invalid-
6/16/2009 4:40,-Invalid-,-Invalid-,-Invalid-,-Invalid-,-Invalid-,-Invalid-,-Invalid-,-Invalid-,-Invalid-,-Invalid-
6/16/2009 4:50,-Invalid-,-Invalid-,-Invalid-,-Invalid-,-Invalid-,-Invalid-,-Invalid-,-Invalid-,-Invalid-,-Invalid-
6/16/2009 5:00,-Invalid-,-Invalid-,-Invalid-,-Invalid-,-Invalid-,-Invalid-,-Invalid-,-Invalid-,-Invalid-,-Invalid-
6/16/2009 5:10,-Invalid-,-Invalid-,-Invalid-,-Invalid-,-Invalid-,-Invalid-,-Invalid-,-Invalid-,-Invalid-,-Invalid-
6/16/2009 5:20,-Invalid-,-Invalid-,-Invalid-,-Invalid-,-Invalid-,-Invalid-,-Invalid-,-Invalid-,-Invalid-,-Invalid-
6/16/2009 5:30,-Invalid-,-Invalid-,-Invalid-,-Invalid-,-Invalid-,-Invalid-,-Invalid-,-Invalid-,-Invalid-,-Invalid-
6/16/2009 5:40,-Invalid-,-Invalid-,-Invalid-,-Invalid-,-Invalid-,-Invalid-,-Invalid-,-Invalid-,-Invalid-,-Invalid-
6/16/2009 5:50,-Invalid-,-Invalid-,-Invalid-,-Invalid-,-Invalid-,-Invalid-,-Invalid-,-Invalid-,-Invalid-,-Invalid-
6/16/2009 6:00,-Invalid-,-Invalid-,-Invalid-,-Invalid-,-Invalid-,-Invalid-,-Invalid-,-Invalid-,-Invalid-,-Invalid-
6/16/2009 6:10,-Invalid-,-Invalid-,-Invalid-,-Invalid-,-Invalid-,-Invalid-,-Invalid-,-Invalid-,-Invalid-,-Invalid-
6/16/2009 6:20,-Invalid-,-Invalid-,-Invalid-,-Invalid-,-Invalid-,-Invalid-,-Invalid-,-Invalid-,-Invalid-,-Invalid-
6/16/2009 6:30,-Invalid-,-Invalid-,-Invalid-,-Invalid-,-Invalid-,-Invalid-,-Invalid-,-Invalid-,-Invalid-,-Invalid-
6/16/2009 6:40,-Invalid-,-Invalid-,-Invalid-,-Invalid-,-Invalid-,-Invalid-,-Invalid-,-Invalid-,-Invalid-,-Invalid-
6/16/2009 6:50,-Invalid-,-Invalid-,-Invalid-,-Invalid-,-Invalid-,-Invalid-,-Invalid-,-Invalid-,-Invalid-,-Invalid-
6/16/2009 7:00,-Invalid-,-Invalid-,-Invalid-,-Invalid-,-Invalid-,-Invalid-,-Invalid-,-Invalid-,-Invalid-,-Invalid-
6/16/2009 7:10,-Invalid-,-Invalid-,-Invalid-,-Invalid-,-Invalid-,-Invalid-,-Invalid-,-Invalid-,-Invalid-,-Invalid-
6/16/2009 7:20,-Invalid-,-Invalid-,-Invalid-,-Invalid-,-Invalid-,-Invalid-,-Invalid-,-Invalid-,-Invalid-,-Invalid-
6/16/2009 7:30,-Invalid-,-Invalid-,-Invalid-,-Invalid-,-Invalid-,-Invalid-,-Invalid-,-Invalid-,-Invalid-,-Invalid-
6/16/2009 7:40,-Invalid-,-Invalid-,-Invalid-,-Invalid-,-Invalid-,-Invalid-,-Invalid-,-Invalid-,-Invalid-,-Invalid-
6/16/2009 7:50,-Invalid-,-Invalid-,-Invalid-,-Invalid-,-Invalid-,-Invalid-,-Invalid-,-Invalid-,-Invalid-,-Invalid-
6/16/2009 8:00,-Invalid-,-Invalid-,-Invalid-,-Invalid-,-Invalid-,-Invalid-,-Invalid-,-Invalid-,-Invalid-,-Invalid-
6/16/2009 8:10,-Invalid-,-Invalid-,-Invalid-,-Invalid-,-Invalid-,-Invalid-,-Invalid-,-Invalid-,-Invalid-,-Invalid-
6/16/2009 8:20,-Invalid-,-Invalid-,-Invalid-,-Invalid-,-Invalid-,-Invalid-,-Invalid-,-Invalid-,-Invalid-,-Invalid-
6/16/2009 8:30,-Invalid-,-Invalid-,-Invalid-,-Invalid-,-Invalid-,-Invalid-,-Invalid-,-Invalid-,-Invalid-,-Invalid-
6/16/2009 8:40,-Invalid-,-Invalid-,-Invalid-,-Invalid-,-Invalid-,-Invalid-,-Invalid-,-Invalid-,-Invalid-,-Invalid-
6/16/2009 8:50,-Invalid-,-Invalid-,-Invalid-,-Invalid-,-Invalid-,-Invalid-,-Invalid-,-Invalid-,-Invalid-,-Invalid-
6/16/2009 9:00,-Invalid-,-Invalid-,-Invalid-,-Invalid-,-Invalid-,-Invalid-,-Invalid-,-Invalid-,-Invalid-,-Invalid-
6/16/2009 9:10,-Invalid-,-Invalid-,-Invalid-,-Invalid-,-Invalid-,-Invalid-,-Invalid-,-Invalid-,-Invalid-,-Invalid-
6/16/2009 9:20,-Invalid-,-Invalid-,-Invalid-,-Invalid-,-Invalid-,-Invalid-,-Invalid-,-Invalid-,-Invalid-,-Invalid-
6/16/2009 9:30,-Invalid-,-Invalid-,-Invalid-,-Invalid-,-Invalid-,-Invalid-,-Invalid-,-Invalid-,-Invalid-,-Invalid-
6/16/2009 9:40,-Invalid-,-Invalid-,-Invalid-,-Invalid-,-Invalid-,-Invalid-,-Invalid-,-Invalid-,-Invalid-,-Invalid-
6/16/2009 9:50,-Invalid-,-Invalid-,-Invalid-,-Invalid-,-Invalid-,-Invalid-,-Invalid-,-Invalid-,-Invalid-,-Invalid-
6/16/2009 10:00,-Invalid-,-Invalid-,-Invalid-,-Invalid-,-Invalid-,-Invalid-,-Invalid-,-Invalid-,-Invalid-,-Invalid-
6/16/2009 10:10,-Invalid-,-Invalid-,-Invalid-,-Invalid-,-Invalid-,-Invalid-,-Invalid-,-Invalid-,-Invalid-,-Invalid-
6/16/2009 10:20,-Invalid-,-Invalid-,-Invalid-,-Invalid-,-Invalid-,-Invalid-,-Invalid-,-Invalid-,-Invalid-,-Invalid-
6/16/2009 10:30,-Invalid-,-Invalid-,-Invalid-,-Invalid-,-Invalid-,-Invalid-,-Invalid-,-Invalid-,-Invalid-,-Invalid-
6/16/2009 10:40,-Invalid-,-Invalid-,-Invalid-,-Invalid-,-Invalid-,-Invalid-,-Invalid-,-Invalid-,-Invalid-,-Invalid-
6/16/2009 10:50,-Invalid-,-Invalid-,-Invalid-,-Invalid-,-Invalid-,-Invalid-,-Invalid-,-Invalid-,-Invalid-,-Invalid-
6/16/2009 11:00,-Invalid-,-Invalid-,-Invalid-,-Invalid-,-Invalid-,-Invalid-,-Invalid-,-Invalid-,-Invalid-,-Invalid-
6/16/2009 11:10,-Invalid-,-Invalid-,-Invalid-,-Invalid-,-Invalid-,-Invalid-,-Invalid-,-Invalid-,-Invalid-,-Invalid-
6/16/2009 11:20,-Invalid-,-Invalid-,-Invalid-,-Invalid-,-Invalid-,-Invalid-,-Invalid-,-Invalid-,-Invalid-,-Invalid-
6/16/2009 11:30,-Invalid-,-Invalid-,-Invalid-,-Invalid-,-Invalid-,-Invalid-,-Invalid-,-Invalid-,-Invalid-,-Invalid-
6/16/2009 11:40,-Invalid-,-Invalid-,-Invalid-,-Invalid-,-Invalid-,-Invalid-,-Invalid-,-Invalid-,-Invalid-,-Invalid-
6/16/2009 11:50,-Invalid-,-Invalid-,-Invalid-,-Invalid-,-Invalid-,-Invalid-,-Invalid-,-Invalid-,-Invalid-,-Invalid-
6/16/2009 12:00,-Invalid-,-Invalid-,-Invalid-,-Invalid-,-Invalid-,-Invalid-,-Invalid-,-Invalid-,-Invalid-,-Invalid-
6/16/2009 12:10,-Invalid-,-Invalid-,-Invalid-,-Invalid-,-Invalid-,-Invalid-,-Invalid-,-Invalid-,-Invalid-,-Invalid-
6/16/2009 12:20,-Invalid-,-Invalid-,-Invalid-,-Invalid-,-Invalid-,-Invalid-,-Invalid-,-Invalid-,-Invalid-,-Invalid-
6/16/2009 12:30,-Invalid-,-Invalid-,-Invalid-,-Invalid-,-Invalid-,-Invalid-,-Invalid-,-Invalid-,-Invalid-,-Invalid-
6/16/2009 12:40,-Invalid-,-Invalid-,-Invalid-,-Invalid-,-Invalid-,-Invalid-,-Invalid-,-Invalid-,-Invalid-,-Invalid-
6/16/2009 12:50,-Invalid-,-Invalid-,-Invalid-,-Invalid-,-Invalid-,-Invalid-,-Invalid-,-Invalid-,-Invalid-,-Invalid-
6/16/2009 13:00,-Invalid-,-Invalid-,-Invalid-,-Invalid-,-Invalid-,-Invalid-,-Invalid-,-Invalid-,-Invalid-,-Invalid-
6/16/2009 13:10,-Invalid-,-Invalid-,-Invalid-,-Invalid-,-Invalid-,-Invalid-,-Invalid-,-Invalid-,-Invalid-,-Invalid-
6/16/2009 13:20,-Invalid-,-Invalid-,-Invalid-,-Invalid-,-Invalid-,-Invalid-,-Invalid-,-Invalid-,-Invalid-,-Invalid-
6/16/2009 13:30,-Invalid-,-Invalid-,-Invalid-,-Invalid-,-Invalid-,-Invalid-,-Invalid-,-Invalid-,-Invalid-,-Invalid-
6/16/2009 13:40,-Invalid-,-Invalid-,-Invalid-,-Invalid-,-Invalid-,-Invalid-,-Invalid-,-Invalid-,-Invalid-,-Invalid-
6/16/2009 13:50,-Invalid-,-Invalid-,-Invalid-,-Invalid-,-Invalid-,-Invalid-,-Invalid-,-Invalid-,-Invalid-,-Invalid-
6/16/2009 14:00,-Invalid-,-Invalid-,-Invalid-,-Invalid-,-Invalid-,-Invalid-,-Invalid-,-Invalid-,-Invalid-,-Invalid-
6/16/2009 14:10,-Invalid-,-Invalid-,-Invalid-,-Invalid-,-Invalid-,-Invalid-,-Invalid-,-Invalid-,-Invalid-,-Invalid-
6/16/2009 14:20,-Invalid-,-Invalid-,-Invalid-,-Invalid-,-Invalid-,-Invalid-,-Invalid-,-Invalid-,-Invalid-,-Invalid-
6/16/2009 14:30,-Invalid-,-Invalid-,-Invalid-,-Invalid-,-Invalid-,-Invalid-,-Invalid-,-Invalid-,-Invalid-,-Invalid-
6/16/2009 14:40,-Invalid-,-Invalid-,-Invalid-,-Invalid-,-Invalid-,-Invalid-,-Invalid-,-Invalid-,-Invalid-,-Invalid-
6/16/2009 14:50,-Invalid-,-Invalid-,-Invalid-,-Invalid-,-Invalid-,-Invalid-,-Invalid-,-Invalid-,-Invalid-,-Invalid-
6/16/2009 15:00,-Invalid-,-Invalid-,-Invalid-,-Invalid-,-Invalid-,-Invalid-,-Invalid-,-Invalid-,-Invalid-,-Invalid-
6/16/2009 15:10,-Invalid-,-Invalid-,-Invalid-,-Invalid-,-Invalid-,-Invalid-,-Invalid-,-Invalid-,-Invalid-,-Invalid-
6/16/2009 15:20,-Invalid-,-Invalid-,-Invalid-,-Invalid-,-Invalid-,-Invalid-,-Invalid-,-Invalid-,-Invalid-,-Invalid-
6/16/2009 15:30,-Invalid-,-Invalid-,-Invalid-,-Invalid-,-Invalid-,-Invalid-,-Invalid-,-Invalid-,-Invalid-,-Invalid-
6/16/2009 15:40,-Invalid-,-Invalid-,-Invalid-,-Invalid-,-Invalid-,-Invalid-,-Invalid-,-Invalid-,-Invalid-,-Invalid-
6/16/2009 15:50,-Invalid-,-Invalid-,-Invalid-,-Invalid-,-Invalid-,-Invalid-,-Invalid-,-Invalid-,-Invalid-,-Invalid-
6/16/2009 16:00,-Invalid-,-Invalid-,-Invalid-,-Invalid-,-Invalid-,-Invalid-,-Invalid-,-Invalid-,-Invalid-,-Invalid-
6/16/2009 16:10,-Invalid-,-Invalid-,-Invalid-,-Invalid-,-Invalid-,-Invalid-,-Invalid-,-Invalid-,-Invalid-,-Invalid-
6/16/2009 16:20,-Invalid-,-Invalid-,-Invalid-,-Invalid-,-Invalid-,-Invalid-,-Invalid-,-Invalid-,-Invalid-,-Invalid-
6/16/2009 16:30,-Invalid-,-Invalid-,-Invalid-,-Invalid-,-Invalid-,-Invalid-,-Invalid-,-Invalid-,-Invalid-,-Invalid-
6/16/2009 16:40,-Invalid-,-Invalid-,-Invalid-,-Invalid-,-Invalid-,-Invalid-,-Invalid-,-Invalid-,-Invalid-,-Invalid-
6/16/2009 16:50,-Invalid-,-Invalid-,-Invalid-,-Invalid-,-Invalid-,-Invalid-,-Invalid-,-Invalid-,-Invalid-,-Invalid-
6/16/2009 17:00,-Invalid-,-Invalid-,-Invalid-,-Invalid-,-Invalid-,-Invalid-,-Invalid-,-Invalid-,-Invalid-,-Invalid-
6/16/2009 17:10,-Invalid-,-Invalid-,-Invalid-,-Invalid-,-Invalid-,-Invalid-,-Invalid-,-Invalid-,-Invalid-,-Invalid-
6/16/2009 17:20,-Invalid-,-Invalid-,-Invalid-,-Invalid-,-Invalid-,-Invalid-,-Invalid-,-Invalid-,-Invalid-,-Invalid-
6/16/2009 17:30,-Invalid-,-Invalid-,-Invalid-,-Invalid-,-Invalid-,-Invalid-,-Invalid-,-Invalid-,-Invalid-,-Invalid-
6/16/2009 17:40,-Invalid-,-Invalid-,-Invalid-,-Invalid-,-Invalid-,-Invalid-,-Invalid-,-Invalid-,-Invalid-,-Invalid-
6/16/2009 17:50,-Invalid-,-Invalid-,-Invalid-,-Invalid-,-Invalid-,-Invalid-,-Invalid-,-Invalid-,-Invalid-,-Invalid-
6/16/2009 18:00,-Invalid-,-Invalid-,-Invalid-,-Invalid-,-Invalid-,-Invalid-,-Invalid-,-Invalid-,-Invalid-,-Invalid-
6/16/2009 18:10,-Invalid-,-Invalid-,-Invalid-,-Invalid-,-Invalid-,-Invalid-,-Invalid-,-Invalid-,-Invalid-,-Invalid-
6/16/2009 18:20,-Invalid-,-Invalid-,-Invalid-,-Invalid-,-Invalid-,-Invalid-,-Invalid-,-Invalid-,-Invalid-,-Invalid-
6/16/2009 18:30,-Invalid-,-Invalid-,-Invalid-,-Invalid-,-Invalid-,-Invalid-,-Invalid-,-Invalid-,-Invalid-,-Invalid-
6/16/2009 18:40,-Invalid-,-Invalid-,-Invalid-,-Invalid-,-Invalid-,-Invalid-,-Invalid-,-Invalid-,-Invalid-,-Invalid-
6/16/2009 18:50,-Invalid-,-Invalid-,-Invalid-,-Invalid-,-Invalid-,-Invalid-,-Invalid-,-Invalid-,-Invalid-,-Invalid-
6/16/2009 19:00,-Invalid-,-Invalid-,-Invalid-,-Invalid-,-Invalid-,-Invalid-,-Invalid-,-Invalid-,-Invalid-,-Invalid-
6/16/2009 19:10,-Invalid-,-Invalid-,-Invalid-,-Invalid-,-Invalid-,-Invalid-,-Invalid-,-Invalid-,-Invalid-,-Invalid-
6/16/2009 19:20,-Invalid-,-Invalid-,-Invalid-,-Invalid-,-Invalid-,-Invalid-,-Invalid-,-Invalid-,-Invalid-,-Invalid-
6/16/2009 19:30,-Invalid-,-Invalid-,-Invalid-,-Invalid-,-Invalid-,-Invalid-,-Invalid-,-Invalid-,-Invalid-,-Invalid-
6/16/2009 19:40,-Invalid-,-Invalid-,-Invalid-,-Invalid-,-Invalid-,-Invalid-,-Invalid-,-Invalid-,-Invalid-,-Invalid-
6/16/2009 19:50,-Invalid-,-Invalid-,-Invalid-,-Invalid-,-Invalid-,-Invalid-,-Invalid-,-Invalid-,-Invalid-,-Invalid-
6/16/2009 20:00,-Invalid-,-Invalid-,-Invalid-,-Invalid-,-Invalid-,-Invalid-,-Invalid-,-Invalid-,-Invalid-,-Invalid-
6/16/2009 20:10,-Invalid-,-Invalid-,-Invalid-,-Invalid-,-Invalid-,-Invalid-,-Invalid-,-Invalid-,-Invalid-,-Invalid-
6/16/2009 20:20,-Invalid-,-Invalid-,-Invalid-,-Invalid-,-Invalid-,-Invalid-,-Invalid-,-Invalid-,-Invalid-,-Invalid-
6/16/2009 20:30,-Invalid-,-Invalid-,-Invalid-,-Invalid-,-Invalid-,-Invalid-,-Invalid-,-Invalid-,-Invalid-,-Invalid-
6/16/2009 20:40,-Invalid-,-Invalid-,-Invalid-,-Invalid-,-Invalid-,-Invalid-,-Invalid-,-Invalid-,-Invalid-,-Invalid-
6/16/2009 20:50,-Invalid-,-Invalid-,-Invalid-,-Invalid-,-Invalid-,-Invalid-,-Invalid-,-Invalid-,-Invalid-,-Invalid-
6/16/2009 21:00,-Invalid-,-Invalid-,-Invalid-,-Invalid-,-Invalid-,-Invalid-,-Invalid-,-Invalid-,-Invalid-,-Invalid-
6/16/2009 21:10,-Invalid-,-Invalid-,-Invalid-,-Invalid-,-Invalid-,-Invalid-,-Invalid-,-Invalid-,-Invalid-,-Invalid-
6/16/2009 21:20,-Invalid-,-Invalid-,-Invalid-,-Invalid-,-Invalid-,-Invalid-,-Invalid-,-Invalid-,-Invalid-,-Invalid-
6/16/2009 21:30,-Invalid-,-Invalid-,-Invalid-,-Invalid-,-Invalid-,-Invalid-,-Invalid-,-Invalid-,-Invalid-,-Invalid-
6/16/2009 21:40,-Invalid-,-Invalid-,-Invalid-,-Invalid-,-Invalid-,-Invalid-,-Invalid-,-Invalid-,-Invalid-,-Invalid-
6/16/2009 21:50,-Invalid-,-Invalid-,-Invalid-,-Invalid-,-Invalid-,-Invalid-,-Invalid-,-Invalid-,-Invalid-,-Invalid-
6/16/2009 22:00,-Invalid-,-Invalid-,-Invalid-,-Invalid-,-Invalid-,-Invalid-,-Invalid-,-Invalid-,-Invalid-,-Invalid-
6/16/2009 22:10,-Invalid-,-Invalid-,-Invalid-,-Invalid-,-Invalid-,-Invalid-,-Invalid-,-Invalid-,-Invalid-,-Invalid-
6/16/2009 22:20,-Invalid-,-Invalid-,-Invalid-,-Invalid-,-Invalid-,-Invalid-,-Invalid-,-Invalid-,-Invalid-,-Invalid-
6/16/2009 22:30,-Invalid-,-Invalid-,-Invalid-,-Invalid-,-Invalid-,-Invalid-,-Invalid-,-Invalid-,-Invalid-,-Invalid-
6/16/2009 22:40,-Invalid-,-Invalid-,-Invalid-,-Invalid-,-Invalid-,-Invalid-,-Invalid-,-Invalid-,-Invalid-,-Invalid-
6/16/2009 22:50,-Invalid-,-Invalid-,-Invalid-,-Invalid-,-Invalid-,-Invalid-,-Invalid-,-Invalid-,-Invalid-,-Invalid-
6/16/2009 23:00,-Invalid-,-Invalid-,-Invalid-,-Invalid-,-Invalid-,-Invalid-,-Invalid-,-Invalid-,-Invalid-,-Invalid-
6/16/2009 23:10,-Invalid-,-Invalid-,-Invalid-,-Invalid-,-Invalid-,-Invalid-,-Invalid-,-Invalid-,-Invalid-,-Invalid-
6/16/2009 23:20,-Invalid-,-Invalid-,-Invalid-,-Invalid-,-Invalid-,-Invalid-,-Invalid-,-Invalid-,-Invalid-,-Invalid-
6/16/2009 23:30,-Invalid-,-Invalid-,-Invalid-,-Invalid-,-Invalid-,-Invalid-,-Invalid-,-Invalid-,-Invalid-,-Invalid-
6/16/2009 23:40,-Invalid-,-Invalid-,-Invalid-,-Invalid-,-Invalid-,-Invalid-,-Invalid-,-Invalid-,-Invalid-,-Invalid-
6/16/2009 23:50,-Invalid-,-Invalid-,-Invalid-,-Invalid-,-Invalid-,-Invalid-,-Invalid-,-Invalid-,-Invalid-,-Invalid-
6/17/2009 0:00,-Invalid-,-Invalid-,-Invalid-,-Invalid-,-Invalid-,-Invalid-,-Invalid-,-Invalid-,-Invalid-,-Invalid-
6/17/2009 0:10,-Invalid-,-Invalid-,-Invalid-,-Invalid-,-Invalid-,-Invalid-,-Invalid-,-Invalid-,-Invalid-,-Invalid-
6/17/2009 0:20,-Invalid-,-Invalid-,-Invalid-,-Invalid-,-Invalid-,-Invalid-,-Invalid-,-Invalid-,-Invalid-,-Invalid-
6/17/2009 0:30,-Invalid-,-Invalid-,-Invalid-,-Invalid-,-Invalid-,-Invalid-,-Invalid-,-Invalid-,-Invalid-,-Invalid-
6/17/2009 0:40,-Invalid-,-Invalid-,-Invalid-,-Invalid-,-Invalid-,-Invalid-,-Invalid-,-Invalid-,-Invalid-,-Invalid-
6/17/2009 0:50,-Invalid-,-Invalid-,-Invalid-,-Invalid-,-Invalid-,-Invalid-,-Invalid-,-Invalid-,-Invalid-,-Invalid-
6/17/2009 1:00,-Invalid-,-Invalid-,-Invalid-,-Invalid-,-Invalid-,-Invalid-,-Invalid-,-Invalid-,-Invalid-,-Invalid-
6/17/2009 1:10,-Invalid-,-Invalid-,-Invalid-,-Invalid-,-Invalid-,-Invalid-,-Invalid-,-Invalid-,-Invalid-,-Invalid-
6/17/2009 1:20,-Invalid-,-Invalid-,-Invalid-,-Invalid-,-Invalid-,-Invalid-,-Invalid-,-Invalid-,-Invalid-,-Invalid-
6/17/2009 1:30,-Invalid-,-Invalid-,-Invalid-,-Invalid-,-Invalid-,-Invalid-,-Invalid-,-Invalid-,-Invalid-,-Invalid-
6/17/2009 1:40,-Invalid-,-Invalid-,-Invalid-,-Invalid-,-Invalid-,-Invalid-,-Invalid-,-Invalid-,-Invalid-,-Invalid-
6/17/2009 1:50,-Invalid-,-Invalid-,-Invalid-,-Invalid-,-Invalid-,-Invalid-,-Invalid-,-Invalid-,-Invalid-,-Invalid-
6/17/2009 2:00,-Invalid-,-Invalid-,-Invalid-,-Invalid-,-Invalid-,-Invalid-,-Invalid-,-Invalid-,-Invalid-,-Invalid-
6/17/2009 2:10,-Invalid-,-Invalid-,-Invalid-,-Invalid-,-Invalid-,-Invalid-,-Invalid-,-Invalid-,-Invalid-,-Invalid-
6/17/2009 2:20,-Invalid-,-Invalid-,-Invalid-,-Invalid-,-Invalid-,-Invalid-,-Invalid-,-Invalid-,-Invalid-,-Invalid-
6/17/2009 2:30,-Invalid-,-Invalid-,-Invalid-,-Invalid-,-Invalid-,-Invalid-,-Invalid-,-Invalid-,-Invalid-,-Invalid-
6/17/2009 2:40,-Invalid-,-Invalid-,-Invalid-,-Invalid-,-Invalid-,-Invalid-,-Invalid-,-Invalid-,-Invalid-,-Invalid-
6/17/2009 2:50,-Invalid-,-Invalid-,-Invalid-,-Invalid-,-Invalid-,-Invalid-,-Invalid-,-Invalid-,-Invalid-,-Invalid-
6/17/2009 3:00,-Invalid-,-Invalid-,-Invalid-,-Invalid-,-Invalid-,-Invalid-,-Invalid-,-Invalid-,-Invalid-,-Invalid-
6/17/2009 3:10,-Invalid-,-Invalid-,-Invalid-,-Invalid-,-Invalid-,-Invalid-,-Invalid-,-Invalid-,-Invalid-,-Invalid-
6/17/2009 3:20,-Invalid-,-Invalid-,-Invalid-,-Invalid-,-Invalid-,-Invalid-,-Invalid-,-Invalid-,-Invalid-,-Invalid-
6/17/2009 3:30,-Invalid-,-Invalid-,-Invalid-,-Invalid-,-Invalid-,-Invalid-,-Invalid-,-Invalid-,-Invalid-,-Invalid-
6/17/2009 3:40,-Invalid-,-Invalid-,-Invalid-,-Invalid-,-Invalid-,-Invalid-,-Invalid-,-Invalid-,-Invalid-,-Invalid-
6/17/2009 3:50,-Invalid-,-Invalid-,-Invalid-,-Invalid-,-Invalid-,-Invalid-,-Invalid-,-Invalid-,-Invalid-,-Invalid-
6/17/2009 4:00,-Invalid-,-Invalid-,-Invalid-,-Invalid-,-Invalid-,-Invalid-,-Invalid-,-Invalid-,-Invalid-,-Invalid-
6/17/2009 4:10,-Invalid-,-Invalid-,-Invalid-,-Invalid-,-Invalid-,-Invalid-,-Invalid-,-Invalid-,-Invalid-,-Invalid-
6/17/2009 4:20,-Invalid-,-Invalid-,-Invalid-,-Invalid-,-Invalid-,-Invalid-,-Invalid-,-Invalid-,-Invalid-,-Invalid-
6/17/2009 4:30,-Invalid-,-Invalid-,-Invalid-,-Invalid-,-Invalid-,-Invalid-,-Invalid-,-Invalid-,-Invalid-,-Invalid-
6/17/2009 4:40,-Invalid-,-Invalid-,-Invalid-,-Invalid-,-Invalid-,-Invalid-,-Invalid-,-Invalid-,-Invalid-,-Invalid-
6/17/2009 4:50,-Invalid-,-Invalid-,-Invalid-,-Invalid-,-Invalid-,-Invalid-,-Invalid-,-Invalid-,-Invalid-,-Invalid-
6/17/2009 5:00,-Invalid-,-Invalid-,-Invalid-,-Invalid-,-Invalid-,-Invalid-,-Invalid-,-Invalid-,-Invalid-,-Invalid-
6/17/2009 5:10,-Invalid-,-Invalid-,-Invalid-,-Invalid-,-Invalid-,-Invalid-,-Invalid-,-Invalid-,-Invalid-,-Invalid-
6/17/2009 5:20,-Invalid-,-Invalid-,-Invalid-,-Invalid-,-Invalid-,-Invalid-,-Invalid-,-Invalid-,-Invalid-,-Invalid-
6/17/2009 5:30,-Invalid-,-Invalid-,-Invalid-,-Invalid-,-Invalid-,-Invalid-,-Invalid-,-Invalid-,-Invalid-,-Invalid-
6/17/2009 5:40,-Invalid-,-Invalid-,-Invalid-,-Invalid-,-Invalid-,-Invalid-,-Invalid-,-Invalid-,-Invalid-,-Invalid-
6/17/2009 5:50,-Invalid-,-Invalid-,-Invalid-,-Invalid-,-Invalid-,-Invalid-,-Invalid-,-Invalid-,-Invalid-,-Invalid-
6/17/2009 6:00,-Invalid-,-Invalid-,-Invalid-,-Invalid-,-Invalid-,-Invalid-,-Invalid-,-Invalid-,-Invalid-,-Invalid-
6/17/2009 6:10,-Invalid-,-Invalid-,-Invalid-,-Invalid-,-Invalid-,-Invalid-,-Invalid-,-Invalid-,-Invalid-,-Invalid-
6/17/2009 6:20,-Invalid-,-Invalid-,-Invalid-,-Invalid-,-Invalid-,-Invalid-,-Invalid-,-Invalid-,-Invalid-,-Invalid-
6/17/2009 6:30,-Invalid-,-Invalid-,-Invalid-,-Invalid-,-Invalid-,-Invalid-,-Invalid-,-Invalid-,-Invalid-,-Invalid-
6/17/2009 6:40,-Invalid-,-Invalid-,-Invalid-,-Invalid-,-Invalid-,-Invalid-,-Invalid-,-Invalid-,-Invalid-,-Invalid-
6/17/2009 6:50,-Invalid-,-Invalid-,-Invalid-,-Invalid-,-Invalid-,-Invalid-,-Invalid-,-Invalid-,-Invalid-,-Invalid-
6/17/2009 7:00,-Invalid-,-Invalid-,-Invalid-,-Invalid-,-Invalid-,-Invalid-,-Invalid-,-Invalid-,-Invalid-,-Invalid-
6/17/2009 7:10,-Invalid-,-Invalid-,-Invalid-,-Invalid-,-Invalid-,-Invalid-,-Invalid-,-Invalid-,-Invalid-,-Invalid-
6/17/2009 7:20,-Invalid-,-Invalid-,-Invalid-,-Invalid-,-Invalid-,-Invalid-,-Invalid-,-Invalid-,-Invalid-,-Invalid-
6/17/2009 7:30,-Invalid-,-Invalid-,-Invalid-,-Invalid-,-Invalid-,-Invalid-,-Invalid-,-Invalid-,-Invalid-,-Invalid-
6/17/2009 7:40,-Invalid-,-Invalid-,-Invalid-,-Invalid-,-Invalid-,-Invalid-,-Invalid-,-Invalid-,-Invalid-,-Invalid-
6/17/2009 7:50,-Invalid-,-Invalid-,-Invalid-,-Invalid-,-Invalid-,-Invalid-,-Invalid-,-Invalid-,-Invalid-,-Invalid-
6/17/2009 8:00,-Invalid-,-Invalid-,-Invalid-,-Invalid-,-Invalid-,-Invalid-,-Invalid-,-Invalid-,-Invalid-,-Invalid-
6/17/2009 8:10,-Invalid-,-Invalid-,-Invalid-,-Invalid-,-Invalid-,-Invalid-,-Invalid-,-Invalid-,-Invalid-,-Invalid-
6/17/2009 8:20,-Invalid-,-Invalid-,-Invalid-,-Invalid-,-Invalid-,-Invalid-,-Invalid-,-Invalid-,-Invalid-,-Invalid-
6/17/2009 8:30,-Invalid-,-Invalid-,-Invalid-,-Invalid-,-Invalid-,-Invalid-,-Invalid-,-Invalid-,-Invalid-,-Invalid-
6/17/2009 8:40,-Invalid-,-Invalid-,-Invalid-,-Invalid-,-Invalid-,-Invalid-,-Invalid-,-Invalid-,-Invalid-,-Invalid-
6/17/2009 8:50,-Invalid-,-Invalid-,-Invalid-,-Invalid-,-Invalid-,-Invalid-,-Invalid-,-Invalid-,-Invalid-,-Invalid-
6/17/2009 9:00,-Invalid-,-Invalid-,-Invalid-,-Invalid-,-Invalid-,-Invalid-,-Invalid-,-Invalid-,-Invalid-,-Invalid-
6/17/2009 9:10,-Invalid-,-Invalid-,-Invalid-,-Invalid-,-Invalid-,-Invalid-,-Invalid-,-Invalid-,-Invalid-,-Invalid-
6/17/2009 9:20,-Invalid-,-Invalid-,-Invalid-,-Invalid-,-Invalid-,-Invalid-,-Invalid-,-Invalid-,-Invalid-,-Invalid-
6/17/2009 9:30,-Invalid-,-Invalid-,-Invalid-,-Invalid-,-Invalid-,-Invalid-,-Invalid-,-Invalid-,-Invalid-,-Invalid-
6/17/2009 9:40,-Invalid-,-Invalid-,-Invalid-,-Invalid-,-Invalid-,-Invalid-,-Invalid-,-Invalid-,-Invalid-,-Invalid-
6/17/2009 9:50,-Invalid-,-Invalid-,-Invalid-,-Invalid-,-Invalid-,-Invalid-,-Invalid-,-Invalid-,-Invalid-,-Invalid-
6/17/2009 10:00,-Invalid-,-Invalid-,-Invalid-,-Invalid-,-Invalid-,-Invalid-,-Invalid-,-Invalid-,-Invalid-,-Invalid-
6/17/2009 10:10,-Invalid-,-Invalid-,-Invalid-,-Invalid-,-Invalid-,-Invalid-,-Invalid-,-Invalid-,-Invalid-,-Invalid-
6/17/2009 10:20,-Invalid-,-Invalid-,-Invalid-,-Invalid-,-Invalid-,-Invalid-,-Invalid-,-Invalid-,-Invalid-,-Invalid-
6/17/2009 10:30,-Invalid-,-Invalid-,-Invalid-,-Invalid-,-Invalid-,-Invalid-,-Invalid-,-Invalid-,-Invalid-,-Invalid-
6/17/2009 10:40,-Invalid-,-Invalid-,-Invalid-,-Invalid-,-Invalid-,-Invalid-,-Invalid-,-Invalid-,-Invalid-,-Invalid-
6/17/2009 10:50,-Invalid-,-Invalid-,-Invalid-,-Invalid-,-Invalid-,-Invalid-,-Invalid-,-Invalid-,-Invalid-,-Invalid-
6/17/2009 11:00,-Invalid-,-Invalid-,-Invalid-,-Invalid-,-Invalid-,-Invalid-,-Invalid-,-Invalid-,-Invalid-,-Invalid-
6/17/2009 11:10,-Invalid-,-Invalid-,-Invalid-,-Invalid-,-Invalid-,-Invalid-,-Invalid-,-Invalid-,-Invalid-,-Invalid-
6/17/2009 11:20,-Invalid-,-Invalid-,-Invalid-,-Invalid-,-Invalid-,-Invalid-,-Invalid-,-Invalid-,-Invalid-,-Invalid-
6/17/2009 11:30,-Invalid-,-Invalid-,-Invalid-,-Invalid-,-Invalid-,-Invalid-,-Invalid-,-Invalid-,-Invalid-,-Invalid-
6/17/2009 11:40,-Invalid-,-Invalid-,-Invalid-,-Invalid-,-Invalid-,-Invalid-,-Invalid-,-Invalid-,-Invalid-,-Invalid-
6/17/2009 11:50,-Invalid-,-Invalid-,-Invalid-,-Invalid-,-Invalid-,-Invalid-,-Invalid-,-Invalid-,-Invalid-,-Invalid-
6/17/2009 12:00,-Invalid-,-Invalid-,-Invalid-,-Invalid-,-Invalid-,-Invalid-,-Invalid-,-Invalid-,-Invalid-,-Invalid-
6/17/2009 12:10,-Invalid-,-Invalid-,-Invalid-,-Invalid-,-Invalid-,-Invalid-,-Invalid-,-Invalid-,-Invalid-,-Invalid-
6/17/2009 12:20,-Invalid-,-Invalid-,-Invalid-,-Invalid-,-Invalid-,-Invalid-,-Invalid-,-Invalid-,-Invalid-,-Invalid-
6/17/2009 12:30,-Invalid-,-Invalid-,-Invalid-,-Invalid-,-Invalid-,-Invalid-,-Invalid-,-Invalid-,-Invalid-,-Invalid-
6/17/2009 12:40,-Invalid-,-Invalid-,-Invalid-,-Invalid-,-Invalid-,-Invalid-,-Invalid-,-Invalid-,-Invalid-,-Invalid-
6/17/2009 12:50,-Invalid-,-Invalid-,-Invalid-,-Invalid-,-Invalid-,-Invalid-,-Invalid-,-Invalid-,-Invalid-,-Invalid-
6/17/2009 13:00,-Invalid-,-Invalid-,-Invalid-,-Invalid-,-Invalid-,-Invalid-,-Invalid-,-Invalid-,-Invalid-,-Invalid-
6/17/2009 13:10,-Invalid-,-Invalid-,-Invalid-,-Invalid-,-Invalid-,-Invalid-,-Invalid-,-Invalid-,-Invalid-,-Invalid-
6/17/2009 13:20,-Invalid-,-Invalid-,-Invalid-,-Invalid-,-Invalid-,-Invalid-,-Invalid-,-Invalid-,-Invalid-,-Invalid-
6/17/2009 13:30,-Invalid-,-Invalid-,-Invalid-,-Invalid-,-Invalid-,-Invalid-,-Invalid-,-Invalid-,-Invalid-,-Invalid-
6/17/2009 13:40,-Invalid-,-Invalid-,-Invalid-,-Invalid-,-Invalid-,-Invalid-,-Invalid-,-Invalid-,-Invalid-,-Invalid-
6/17/2009 13:50,-Invalid-,-Invalid-,-Invalid-,-Invalid-,-Invalid-,-Invalid-,-Invalid-,-Invalid-,-Invalid-,-Invalid-
6/17/2009 14:00,-Invalid-,-Invalid-,-Invalid-,-Invalid-,-Invalid-,-Invalid-,-Invalid-,-Invalid-,-Invalid-,-Invalid-
6/17/2009 14:10,-Invalid-,-Invalid-,-Invalid-,-Invalid-,-Invalid-,-Invalid-,-Invalid-,-Invalid-,-Invalid-,-Invalid-
6/17/2009 14:20,-Invalid-,-Invalid-,-Invalid-,-Invalid-,-Invalid-,-Invalid-,-Invalid-,-Invalid-,-Invalid-,-Invalid-
6/17/2009 14:30,-Invalid-,-Invalid-,-Invalid-,-Invalid-,-Invalid-,-Invalid-,-Invalid-,-Invalid-,-Invalid-,-Invalid-
6/17/2009 14:40,-Invalid-,-Invalid-,-Invalid-,-Invalid-,-Invalid-,-Invalid-,-Invalid-,-Invalid-,-Invalid-,-Invalid-
6/17/2009 14:50,-Invalid-,-Invalid-,-Invalid-,-Invalid-,-Invalid-,-Invalid-,-Invalid-,-Invalid-,-Invalid-,-Invalid-
6/17/2009 15:00,-Invalid-,-Invalid-,-Invalid-,-Invalid-,-Invalid-,-Invalid-,-Invalid-,-Invalid-,-Invalid-,-Invalid-
6/17/2009 15:10,-Invalid-,-Invalid-,-Invalid-,-Invalid-,-Invalid-,-Invalid-,-Invalid-,-Invalid-,-Invalid-,-Invalid-
6/17/2009 15:20,-Invalid-,-Invalid-,-Invalid-,-Invalid-,-Invalid-,-Invalid-,-Invalid-,-Invalid-,-Invalid-,-Invalid-
6/17/2009 15:30,-Invalid-,-Invalid-,-Invalid-,-Invalid-,-Invalid-,-Invalid-,-Invalid-,-Invalid-,-Invalid-,-Invalid-
6/17/2009 15:40,-Invalid-,-Invalid-,-Invalid-,-Invalid-,-Invalid-,-Invalid-,-Invalid-,-Invalid-,-Invalid-,-Invalid-
6/17/2009 15:50,-Invalid-,-Invalid-,-Invalid-,-Invalid-,-Invalid-,-Invalid-,-Invalid-,-Invalid-,-Invalid-,-Invalid-
6/17/2009 16:00,-Invalid-,-Invalid-,-Invalid-,-Invalid-,-Invalid-,-Invalid-,-Invalid-,-Invalid-,-Invalid-,-Invalid-
6/17/2009 16:10,-Invalid-,-Invalid-,-Invalid-,-Invalid-,-Invalid-,-Invalid-,-Invalid-,-Invalid-,-Invalid-,-Invalid-
6/17/2009 16:20,-Invalid-,-Invalid-,-Invalid-,-Invalid-,-Invalid-,-Invalid-,-Invalid-,-Invalid-,-Invalid-,-Invalid-
6/17/2009 16:30,-Invalid-,-Invalid-,-Invalid-,-Invalid-,-Invalid-,-Invalid-,-Invalid-,-Invalid-,-Invalid-,-Invalid-
6/17/2009 16:40,-Invalid-,-Invalid-,-Invalid-,-Invalid-,-Invalid-,-Invalid-,-Invalid-,-Invalid-,-Invalid-,-Invalid-
6/17/2009 16:50,-Invalid-,-Invalid-,-Invalid-,-Invalid-,-Invalid-,-Invalid-,-Invalid-,-Invalid-,-Invalid-,-Invalid-
6/17/2009 17:00,-Invalid-,-Invalid-,-Invalid-,-Invalid-,-Invalid-,-Invalid-,-Invalid-,-Invalid-,-Invalid-,-Invalid-
6/17/2009 17:10,-Invalid-,-Invalid-,-Invalid-,-Invalid-,-Invalid-,-Invalid-,-Invalid-,-Invalid-,-Invalid-,-Invalid-
6/17/2009 17:20,-Invalid-,-Invalid-,-Invalid-,-Invalid-,-Invalid-,-Invalid-,-Invalid-,-Invalid-,-Invalid-,-Invalid-
6/17/2009 17:30,-Invalid-,-Invalid-,-Invalid-,-Invalid-,-Invalid-,-Invalid-,-Invalid-,-Invalid-,-Invalid-,-Invalid-
6/17/2009 17:40,-Invalid-,-Invalid-,-Invalid-,-Invalid-,-Invalid-,-Invalid-,-Invalid-,-Invalid-,-Invalid-,-Invalid-
6/17/2009 17:50,-Invalid-,-Invalid-,-Invalid-,-Invalid-,-Invalid-,-Invalid-,-Invalid-,-Invalid-,-Invalid-,-Invalid-
6/17/2009 18:00,-Invalid-,-Invalid-,-Invalid-,-Invalid-,-Invalid-,-Invalid-,-Invalid-,-Invalid-,-Invalid-,-Invalid-
6/17/2009 18:10,-Invalid-,-Invalid-,-Invalid-,-Invalid-,-Invalid-,-Invalid-,-Invalid-,-Invalid-,-Invalid-,-Invalid-
6/17/2009 18:20,-Invalid-,-Invalid-,-Invalid-,-Invalid-,-Invalid-,-Invalid-,-Invalid-,-Invalid-,-Invalid-,-Invalid-
6/17/2009 18:30,-Invalid-,-Invalid-,-Invalid-,-Invalid-,-Invalid-,-Invalid-,-Invalid-,-Invalid-,-Invalid-,-Invalid-
6/17/2009 18:40,-Invalid-,-Invalid-,-Invalid-,-Invalid-,-Invalid-,-Invalid-,-Invalid-,-Invalid-,-Invalid-,-Invalid-
6/17/2009 18:50,-Invalid-,-Invalid-,-Invalid-,-Invalid-,-Invalid-,-Invalid-,-Invalid-,-Invalid-,-Invalid-,-Invalid-
6/17/2009 19:00,-Invalid-,-Invalid-,-Invalid-,-Invalid-,-Invalid-,-Invalid-,-Invalid-,-Invalid-,-Invalid-,-Invalid-
6/17/2009 19:10,-Invalid-,-Invalid-,-Invalid-,-Invalid-,-Invalid-,-Invalid-,-Invalid-,-Invalid-,-Invalid-,-Invalid-
6/17/2009 19:20,-Invalid-,-Invalid-,-Invalid-,-Invalid-,-Invalid-,-Invalid-,-Invalid-,-Invalid-,-Invalid-,-Invalid-
6/17/2009 19:30,-Invalid-,-Invalid-,-Invalid-,-Invalid-,-Invalid-,-Invalid-,-Invalid-,-Invalid-,-Invalid-,-Invalid-
6/17/2009 19:40,-Invalid-,-Invalid-,-Invalid-,-Invalid-,-Invalid-,-Invalid-,-Invalid-,-Invalid-,-Invalid-,-Invalid-
6/17/2009 19:50,-Invalid-,-Invalid-,-Invalid-,-Invalid-,-Invalid-,-Invalid-,-Invalid-,-Invalid-,-Invalid-,-Invalid-
6/17/2009 20:00,-Invalid-,-Invalid-,-Invalid-,-Invalid-,-Invalid-,-Invalid-,-Invalid-,-Invalid-,-Invalid-,-Invalid-
6/17/2009 20:10,-Invalid-,-Invalid-,-Invalid-,-Invalid-,-Invalid-,-Invalid-,-Invalid-,-Invalid-,-Invalid-,-Invalid-
6/17/2009 20:20,-Invalid-,-Invalid-,-Invalid-,-Invalid-,-Invalid-,-Invalid-,-Invalid-,-Invalid-,-Invalid-,-Invalid-
6/17/2009 20:30,-Invalid-,-Invalid-,-Invalid-,-Invalid-,-Invalid-,-Invalid-,-Invalid-,-Invalid-,-Invalid-,-Invalid-
6/17/2009 20:40,-Invalid-,-Invalid-,-Invalid-,-Invalid-,-Invalid-,-Invalid-,-Invalid-,-Invalid-,-Invalid-,-Invalid-
6/17/2009 20:50,-Invalid-,-Invalid-,-Invalid-,-Invalid-,-Invalid-,-Invalid-,-Invalid-,-Invalid-,-Invalid-,-Invalid-
6/17/2009 21:00,-Invalid-,-Invalid-,-Invalid-,-Invalid-,-Invalid-,-Invalid-,-Invalid-,-Invalid-,-Invalid-,-Invalid-
6/17/2009 21:10,-Invalid-,-Invalid-,-Invalid-,-Invalid-,-Invalid-,-Invalid-,-Invalid-,-Invalid-,-Invalid-,-Invalid-
6/17/2009 21:20,-Invalid-,-Invalid-,-Invalid-,-Invalid-,-Invalid-,-Invalid-,-Invalid-,-Invalid-,-Invalid-,-Invalid-
6/17/2009 21:30,-Invalid-,-Invalid-,-Invalid-,-Invalid-,-Invalid-,-Invalid-,-Invalid-,-Invalid-,-Invalid-,-Invalid-
6/17/2009 21:40,-Invalid-,-Invalid-,-Invalid-,-Invalid-,-Invalid-,-Invalid-,-Invalid-,-Invalid-,-Invalid-,-Invalid-
6/17/2009 21:50,-Invalid-,-Invalid-,-Invalid-,-Invalid-,-Invalid-,-Invalid-,-Invalid-,-Invalid-,-Invalid-,-Invalid-
6/17/2009 22:00,-Invalid-,-Invalid-,-Invalid-,-Invalid-,-Invalid-,-Invalid-,-Invalid-,-Invalid-,-Invalid-,-Invalid-
6/17/2009 22:10,-Invalid-,-Invalid-,-Invalid-,-Invalid-,-Invalid-,-Invalid-,-Invalid-,-Invalid-,-Invalid-,-Invalid-
6/17/2009 22:20,-Invalid-,-Invalid-,-Invalid-,-Invalid-,-Invalid-,-Invalid-,-Invalid-,-Invalid-,-Invalid-,-Invalid-
6/17/2009 22:30,-Invalid-,-Invalid-,-Invalid-,-Invalid-,-Invalid-,-Invalid-,-Invalid-,-Invalid-,-Invalid-,-Invalid-
6/17/2009 22:40,-Invalid-,-Invalid-,-Invalid-,-Invalid-,-Invalid-,-Invalid-,-Invalid-,-Invalid-,-Invalid-,-Invalid-
6/17/2009 22:50,-Invalid-,-Invalid-,-Invalid-,-Invalid-,-Invalid-,-Invalid-,-Invalid-,-Invalid-,-Invalid-,-Invalid-
6/17/2009 23:00,-Invalid-,-Invalid-,-Invalid-,-Invalid-,-Invalid-,-Invalid-,-Invalid-,-Invalid-,-Invalid-,-Invalid-
6/17/2009 23:10,-Invalid-,-Invalid-,-Invalid-,-Invalid-,-Invalid-,-Invalid-,-Invalid-,-Invalid-,-Invalid-,-Invalid-
6/17/2009 23:20,-Invalid-,-Invalid-,-Invalid-,-Invalid-,-Invalid-,-Invalid-,-Invalid-,-Invalid-,-Invalid-,-Invalid-
6/17/2009 23:30,-Invalid-,-Invalid-,-Invalid-,-Invalid-,-Invalid-,-Invalid-,-Invalid-,-Invalid-,-Invalid-,-Invalid-
6/17/2009 23:40,-Invalid-,-Invalid-,-Invalid-,-Invalid-,-Invalid-,-Invalid-,-Invalid-,-Invalid-,-Invalid-,-Invalid-
6/17/2009 23:50,-Invalid-,-Invalid-,-Invalid-,-Invalid-,-Invalid-,-Invalid-,-Invalid-,-Invalid-,-Invalid-,-Invalid-
6/18/2009 0:00,-Invalid-,-Invalid-,-Invalid-,-Invalid-,-Invalid-,-Invalid-,-Invalid-,-Invalid-,-Invalid-,-Invalid-
6/18/2009 0:10,-Invalid-,-Invalid-,-Invalid-,-Invalid-,-Invalid-,-Invalid-,-Invalid-,-Invalid-,-Invalid-,-Invalid-
6/18/2009 0:20,-Invalid-,-Invalid-,-Invalid-,-Invalid-,-Invalid-,-Invalid-,-Invalid-,-Invalid-,-Invalid-,-Invalid-
6/18/2009 0:30,-Invalid-,-Invalid-,-Invalid-,-Invalid-,-Invalid-,-Invalid-,-Invalid-,-Invalid-,-Invalid-,-Invalid-
6/18/2009 0:40,-Invalid-,-Invalid-,-Invalid-,-Invalid-,-Invalid-,-Invalid-,-Invalid-,-Invalid-,-Invalid-,-Invalid-
6/18/2009 0:50,-Invalid-,-Invalid-,-Invalid-,-Invalid-,-Invalid-,-Invalid-,-Invalid-,-Invalid-,-Invalid-,-Invalid-
6/18/2009 1:00,-Invalid-,-Invalid-,-Invalid-,-Invalid-,-Invalid-,-Invalid-,-Invalid-,-Invalid-,-Invalid-,-Invalid-
6/18/2009 1:10,-Invalid-,-Invalid-,-Invalid-,-Invalid-,-Invalid-,-Invalid-,-Invalid-,-Invalid-,-Invalid-,-Invalid-
6/18/2009 1:20,-Invalid-,-Invalid-,-Invalid-,-Invalid-,-Invalid-,-Invalid-,-Invalid-,-Invalid-,-Invalid-,-Invalid-
6/18/2009 1:30,-Invalid-,-Invalid-,-Invalid-,-Invalid-,-Invalid-,-Invalid-,-Invalid-,-Invalid-,-Invalid-,-Invalid-
6/18/2009 1:40,-Invalid-,-Invalid-,-Invalid-,-Invalid-,-Invalid-,-Invalid-,-Invalid-,-Invalid-,-Invalid-,-Invalid-
6/18/2009 1:50,-Invalid-,-Invalid-,-Invalid-,-Invalid-,-Invalid-,-Invalid-,-Invalid-,-Invalid-,-Invalid-,-Invalid-
6/18/2009 2:00,-Invalid-,-Invalid-,-Invalid-,-Invalid-,-Invalid-,-Invalid-,-Invalid-,-Invalid-,-Invalid-,-Invalid-
6/18/2009 2:10,-Invalid-,-Invalid-,-Invalid-,-Invalid-,-Invalid-,-Invalid-,-Invalid-,-Invalid-,-Invalid-,-Invalid-
6/18/2009 2:20,-Invalid-,-Invalid-,-Invalid-,-Invalid-,-Invalid-,-Invalid-,-Invalid-,-Invalid-,-Invalid-,-Invalid-
6/18/2009 2:30,-Invalid-,-Invalid-,-Invalid-,-Invalid-,-Invalid-,-Invalid-,-Invalid-,-Invalid-,-Invalid-,-Invalid-
6/18/2009 2:40,-Invalid-,-Invalid-,-Invalid-,-Invalid-,-Invalid-,-Invalid-,-Invalid-,-Invalid-,-Invalid-,-Invalid-
6/18/2009 2:50,-Invalid-,-Invalid-,-Invalid-,-Invalid-,-Invalid-,-Invalid-,-Invalid-,-Invalid-,-Invalid-,-Invalid-
6/18/2009 3:00,-Invalid-,-Invalid-,-Invalid-,-Invalid-,-Invalid-,-Invalid-,-Invalid-,-Invalid-,-Invalid-,-Invalid-
6/18/2009 3:10,-Invalid-,-Invalid-,-Invalid-,-Invalid-,-Invalid-,-Invalid-,-Invalid-,-Invalid-,-Invalid-,-Invalid-
6/18/2009 3:20,-Invalid-,-Invalid-,-Invalid-,-Invalid-,-Invalid-,-Invalid-,-Invalid-,-Invalid-,-Invalid-,-Invalid-
6/18/2009 3:30,-Invalid-,-Invalid-,-Invalid-,-Invalid-,-Invalid-,-Invalid-,-Invalid-,-Invalid-,-Invalid-,-Invalid-
6/18/2009 3:40,-Invalid-,-Invalid-,-Invalid-,-Invalid-,-Invalid-,-Invalid-,-Invalid-,-Invalid-,-Invalid-,-Invalid-
6/18/2009 3:50,-Invalid-,-Invalid-,-Invalid-,-Invalid-,-Invalid-,-Invalid-,-Invalid-,-Invalid-,-Invalid-,-Invalid-
6/18/2009 4:00,-Invalid-,-Invalid-,-Invalid-,-Invalid-,-Invalid-,-Invalid-,-Invalid-,-Invalid-,-Invalid-,-Invalid-
6/18/2009 4:10,-Invalid-,-Invalid-,-Invalid-,-Invalid-,-Invalid-,-Invalid-,-Invalid-,-Invalid-,-Invalid-,-Invalid-
6/18/2009 4:20,-Invalid-,-Invalid-,-Invalid-,-Invalid-,-Invalid-,-Invalid-,-Invalid-,-Invalid-,-Invalid-,-Invalid-
6/18/2009 4:30,-Invalid-,-Invalid-,-Invalid-,-Invalid-,-Invalid-,-Invalid-,-Invalid-,-Invalid-,-Invalid-,-Invalid-
6/18/2009 4:40,-Invalid-,-Invalid-,-Invalid-,-Invalid-,-Invalid-,-Invalid-,-Invalid-,-Invalid-,-Invalid-,-Invalid-
6/18/2009 4:50,-Invalid-,-Invalid-,-Invalid-,-Invalid-,-Invalid-,-Invalid-,-Invalid-,-Invalid-,-Invalid-,-Invalid-
6/18/2009 5:00,-Invalid-,-Invalid-,-Invalid-,-Invalid-,-Invalid-,-Invalid-,-Invalid-,-Invalid-,-Invalid-,-Invalid-
6/18/2009 5:10,-Invalid-,-Invalid-,-Invalid-,-Invalid-,-Invalid-,-Invalid-,-Invalid-,-Invalid-,-Invalid-,-Invalid-
6/18/2009 5:20,-Invalid-,-Invalid-,-Invalid-,-Invalid-,-Invalid-,-Invalid-,-Invalid-,-Invalid-,-Invalid-,-Invalid-
6/18/2009 5:30,-Invalid-,-Invalid-,-Invalid-,-Invalid-,-Invalid-,-Invalid-,-Invalid-,-Invalid-,-Invalid-,-Invalid-
6/18/2009 5:40,-Invalid-,-Invalid-,-Invalid-,-Invalid-,-Invalid-,-Invalid-,-Invalid-,-Invalid-,-Invalid-,-Invalid-
6/18/2009 5:50,-Invalid-,-Invalid-,-Invalid-,-Invalid-,-Invalid-,-Invalid-,-Invalid-,-Invalid-,-Invalid-,-Invalid-
6/18/2009 6:00,-Invalid-,-Invalid-,-Invalid-,-Invalid-,-Invalid-,-Invalid-,-Invalid-,-Invalid-,-Invalid-,-Invalid-
6/18/2009 6:10,-Invalid-,-Invalid-,-Invalid-,-Invalid-,-Invalid-,-Invalid-,-Invalid-,-Invalid-,-Invalid-,-Invalid-
6/18/2009 6:20,-Invalid-,-Invalid-,-Invalid-,-Invalid-,-Invalid-,-Invalid-,-Invalid-,-Invalid-,-Invalid-,-Invalid-
6/18/2009 6:30,-Invalid-,-Invalid-,-Invalid-,-Invalid-,-Invalid-,-Invalid-,-Invalid-,-Invalid-,-Invalid-,-Invalid-
6/18/2009 6:40,-Invalid-,-Invalid-,-Invalid-,-Invalid-,-Invalid-,-Invalid-,-Invalid-,-Invalid-,-Invalid-,-Invalid-
6/18/2009 6:50,-Invalid-,-Invalid-,-Invalid-,-Invalid-,-Invalid-,-Invalid-,-Invalid-,-Invalid-,-Invalid-,-Invalid-
6/18/2009 7:00,-Invalid-,-Invalid-,-Invalid-,-Invalid-,-Invalid-,-Invalid-,-Invalid-,-Invalid-,-Invalid-,-Invalid-
6/18/2009 7:10,-Invalid-,-Invalid-,-Invalid-,-Invalid-,-Invalid-,-Invalid-,-Invalid-,-Invalid-,-Invalid-,-Invalid-
6/18/2009 7:20,-Invalid-,-Invalid-,-Invalid-,-Invalid-,-Invalid-,-Invalid-,-Invalid-,-Invalid-,-Invalid-,-Invalid-
6/18/2009 7:30,-Invalid-,-Invalid-,-Invalid-,-Invalid-,-Invalid-,-Invalid-,-Invalid-,-Invalid-,-Invalid-,-Invalid-
6/18/2009 7:40,-Invalid-,-Invalid-,-Invalid-,-Invalid-,-Invalid-,-Invalid-,-Invalid-,-Invalid-,-Invalid-,-Invalid-
6/18/2009 7:50,-Invalid-,-Invalid-,-Invalid-,-Invalid-,-Invalid-,-Invalid-,-Invalid-,-Invalid-,-Invalid-,-Invalid-
6/18/2009 8:00,-Invalid-,-Invalid-,-Invalid-,-Invalid-,-Invalid-,-Invalid-,-Invalid-,-Invalid-,-Invalid-,-Invalid-
6/18/2009 8:10,-Invalid-,-Invalid-,-Invalid-,-Invalid-,-Invalid-,-Invalid-,-Invalid-,-Invalid-,-Invalid-,-Invalid-
6/18/2009 8:20,-Invalid-,-Invalid-,-Invalid-,-Invalid-,-Invalid-,-Invalid-,-Invalid-,-Invalid-,-Invalid-,-Invalid-
6/18/2009 8:30,-Invalid-,-Invalid-,-Invalid-,-Invalid-,-Invalid-,-Invalid-,-Invalid-,-Invalid-,-Invalid-,-Invalid-
6/18/2009 8:40,-Invalid-,-Invalid-,-Invalid-,-Invalid-,-Invalid-,-Invalid-,-Invalid-,-Invalid-,-Invalid-,-Invalid-
6/18/2009 8:50,-Invalid-,-Invalid-,-Invalid-,-Invalid-,-Invalid-,-Invalid-,-Invalid-,-Invalid-,-Invalid-,-Invalid-
6/18/2009 9:00,-Invalid-,-Invalid-,-Invalid-,-Invalid-,-Invalid-,-Invalid-,-Invalid-,-Invalid-,-Invalid-,-Invalid-
6/18/2009 9:10,-Invalid-,-Invalid-,-Invalid-,-Invalid-,-Invalid-,-Invalid-,-Invalid-,-Invalid-,-Invalid-,-Invalid-
6/18/2009 9:20,-Invalid-,-Invalid-,-Invalid-,-Invalid-,-Invalid-,-Invalid-,-Invalid-,-Invalid-,-Invalid-,-Invalid-
6/18/2009 9:30,-Invalid-,-Invalid-,-Invalid-,-Invalid-,-Invalid-,-Invalid-,-Invalid-,-Invalid-,-Invalid-,-Invalid-
6/18/2009 9:40,-Invalid-,-Invalid-,-Invalid-,-Invalid-,-Invalid-,-Invalid-,-Invalid-,-Invalid-,-Invalid-,-Invalid-
6/18/2009 9:50,-Invalid-,-Invalid-,-Invalid-,-Invalid-,-Invalid-,-Invalid-,-Invalid-,-Invalid-,-Invalid-,-Invalid-
6/18/2009 10:00,-Invalid-,-Invalid-,-Invalid-,-Invalid-,-Invalid-,-Invalid-,-Invalid-,-Invalid-,-Invalid-,-Invalid-
6/18/2009 10:10,-Invalid-,-Invalid-,-Invalid-,-Invalid-,-Invalid-,-Invalid-,-Invalid-,-Invalid-,-Invalid-,-Invalid-
6/18/2009 10:20,-Invalid-,-Invalid-,-Invalid-,-Invalid-,-Invalid-,-Invalid-,-Invalid-,-Invalid-,-Invalid-,-Invalid-
6/18/2009 10:30,-Invalid-,-Invalid-,-Invalid-,-Invalid-,-Invalid-,-Invalid-,-Invalid-,-Invalid-,-Invalid-,-Invalid-
6/18/2009 10:40,-Invalid-,-Invalid-,-Invalid-,-Invalid-,-Invalid-,-Invalid-,-Invalid-,-Invalid-,-Invalid-,-Invalid-
6/18/2009 10:50,-Invalid-,-Invalid-,-Invalid-,-Invalid-,-Invalid-,-Invalid-,-Invalid-,-Invalid-,-Invalid-,-Invalid-
6/18/2009 11:00,-Invalid-,-Invalid-,-Invalid-,-Invalid-,-Invalid-,-Invalid-,-Invalid-,-Invalid-,-Invalid-,-Invalid-
6/18/2009 11:10,-Invalid-,-Invalid-,-Invalid-,-Invalid-,-Invalid-,-Invalid-,-Invalid-,-Invalid-,-Invalid-,-Invalid-
6/18/2009 11:20,-Invalid-,-Invalid-,-Invalid-,-Invalid-,-Invalid-,-Invalid-,-Invalid-,-Invalid-,-Invalid-,-Invalid-
6/18/2009 11:30,-Invalid-,-Invalid-,-Invalid-,-Invalid-,-Invalid-,-Invalid-,-Invalid-,-Invalid-,-Invalid-,-Invalid-
6/18/2009 11:40,-Invalid-,-Invalid-,-Invalid-,-Invalid-,-Invalid-,-Invalid-,-Invalid-,-Invalid-,-Invalid-,-Invalid-
6/18/2009 11:50,-Invalid-,-Invalid-,-Invalid-,-Invalid-,-Invalid-,-Invalid-,-Invalid-,-Invalid-,-Invalid-,-Invalid-
6/18/2009 12:00,-Invalid-,-Invalid-,-Invalid-,-Invalid-,-Invalid-,-Invalid-,-Invalid-,-Invalid-,-Invalid-,-Invalid-
6/18/2009 12:10,-Invalid-,-Invalid-,-Invalid-,-Invalid-,-Invalid-,-Invalid-,-Invalid-,-Invalid-,-Invalid-,-Invalid-
6/18/2009 12:20,-Invalid-,-Invalid-,-Invalid-,-Invalid-,-Invalid-,-Invalid-,-Invalid-,-Invalid-,-Invalid-,-Invalid-
6/18/2009 12:30,-Invalid-,-Invalid-,-Invalid-,-Invalid-,-Invalid-,-Invalid-,-Invalid-,-Invalid-,-Invalid-,-Invalid-
6/18/2009 12:40,-Invalid-,-Invalid-,-Invalid-,-Invalid-,-Invalid-,-Invalid-,-Invalid-,-Invalid-,-Invalid-,-Invalid-
6/18/2009 12:50,-Invalid-,-Invalid-,-Invalid-,-Invalid-,-Invalid-,-Invalid-,-Invalid-,-Invalid-,-Invalid-,-Invalid-
6/18/2009 13:00,-Invalid-,-Invalid-,-Invalid-,-Invalid-,-Invalid-,-Invalid-,-Invalid-,-Invalid-,-Invalid-,-Invalid-
6/18/2009 13:10,-Invalid-,-Invalid-,-Invalid-,-Invalid-,-Invalid-,-Invalid-,-Invalid-,-Invalid-,-Invalid-,-Invalid-
6/18/2009 13:20,-Invalid-,-Invalid-,-Invalid-,-Invalid-,-Invalid-,-Invalid-,-Invalid-,-Invalid-,-Invalid-,-Invalid-
6/18/2009 13:30,-Invalid-,-Invalid-,-Invalid-,-Invalid-,-Invalid-,-Invalid-,-Invalid-,-Invalid-,-Invalid-,-Invalid-
6/18/2009 13:40,-Invalid-,-Invalid-,-Invalid-,-Invalid-,-Invalid-,-Invalid-,-Invalid-,-Invalid-,-Invalid-,-Invalid-
6/18/2009 13:50,-Invalid-,-Invalid-,-Invalid-,-Invalid-,-Invalid-,-Invalid-,-Invalid-,-Invalid-,-Invalid-,-Invalid-
6/18/2009 14:00,-Invalid-,-Invalid-,-Invalid-,-Invalid-,-Invalid-,-Invalid-,-Invalid-,-Invalid-,-Invalid-,-Invalid-
6/18/2009 14:10,-Invalid-,-Invalid-,-Invalid-,-Invalid-,-Invalid-,-Invalid-,-Invalid-,-Invalid-,-Invalid-,-Invalid-
6/18/2009 14:20,-Invalid-,-Invalid-,-Invalid-,-Invalid-,-Invalid-,-Invalid-,-Invalid-,-Invalid-,-Invalid-,-Invalid-
6/18/2009 14:30,-Invalid-,-Invalid-,-Invalid-,-Invalid-,-Invalid-,-Invalid-,-Invalid-,-Invalid-,-Invalid-,-Invalid-
6/18/2009 14:40,-Invalid-,-Invalid-,-Invalid-,-Invalid-,-Invalid-,-Invalid-,-Invalid-,-Invalid-,-Invalid-,-Invalid-
6/18/2009 14:50,-Invalid-,-Invalid-,-Invalid-,-Invalid-,-Invalid-,-Invalid-,-Invalid-,-Invalid-,-Invalid-,-Invalid-
6/18/2009 15:00,-Invalid-,-Invalid-,-Invalid-,-Invalid-,-Invalid-,-Invalid-,-Invalid-,-Invalid-,-Invalid-,-Invalid-
6/18/2009 15:10,-Invalid-,-Invalid-,-Invalid-,-Invalid-,-Invalid-,-Invalid-,-Invalid-,-Invalid-,-Invalid-,-Invalid-
6/18/2009 15:20,-Invalid-,-Invalid-,-Invalid-,-Invalid-,-Invalid-,-Invalid-,-Invalid-,-Invalid-,-Invalid-,-Invalid-
6/18/2009 15:30,-Invalid-,-Invalid-,-Invalid-,-Invalid-,-Invalid-,-Invalid-,-Invalid-,-Invalid-,-Invalid-,-Invalid-
6/18/2009 15:40,-Invalid-,-Invalid-,-Invalid-,-Invalid-,-Invalid-,-Invalid-,-Invalid-,-Invalid-,-Invalid-,-Invalid-
6/18/2009 15:50,-Invalid-,-Invalid-,-Invalid-,-Invalid-,-Invalid-,-Invalid-,-Invalid-,-Invalid-,-Invalid-,-Invalid-
6/18/2009 16:00,-Invalid-,-Invalid-,-Invalid-,-Invalid-,-Invalid-,-Invalid-,-Invalid-,-Invalid-,-Invalid-,-Invalid-
6/18/2009 16:10,-Invalid-,-Invalid-,-Invalid-,-Invalid-,-Invalid-,-Invalid-,-Invalid-,-Invalid-,-Invalid-,-Invalid-
6/18/2009 16:20,-Invalid-,-Invalid-,-Invalid-,-Invalid-,-Invalid-,-Invalid-,-Invalid-,-Invalid-,-Invalid-,-Invalid-
6/18/2009 16:30,-Invalid-,-Invalid-,-Invalid-,-Invalid-,-Invalid-,-Invalid-,-Invalid-,-Invalid-,-Invalid-,-Invalid-
6/18/2009 16:40,-Invalid-,-Invalid-,-Invalid-,-Invalid-,-Invalid-,-Invalid-,-Invalid-,-Invalid-,-Invalid-,-Invalid-
6/18/2009 16:50,-Invalid-,-Invalid-,-Invalid-,-Invalid-,-Invalid-,-Invalid-,-Invalid-,-Invalid-,-Invalid-,-Invalid-
6/18/2009 17:00,-Invalid-,-Invalid-,-Invalid-,-Invalid-,-Invalid-,-Invalid-,-Invalid-,-Invalid-,-Invalid-,-Invalid-
6/18/2009 17:10,-Invalid-,-Invalid-,-Invalid-,-Invalid-,-Invalid-,-Invalid-,-Invalid-,-Invalid-,-Invalid-,-Invalid-
6/18/2009 17:20,-Invalid-,-Invalid-,-Invalid-,-Invalid-,-Invalid-,-Invalid-,-Invalid-,-Invalid-,-Invalid-,-Invalid-
6/18/2009 17:30,-Invalid-,-Invalid-,-Invalid-,-Invalid-,-Invalid-,-Invalid-,-Invalid-,-Invalid-,-Invalid-,-Invalid-
6/18/2009 17:40,-Invalid-,-Invalid-,-Invalid-,-Invalid-,-Invalid-,-Invalid-,-Invalid-,-Invalid-,-Invalid-,-Invalid-
6/18/2009 17:50,-Invalid-,-Invalid-,-Invalid-,-Invalid-,-Invalid-,-Invalid-,-Invalid-,-Invalid-,-Invalid-,-Invalid-
6/18/2009 18:00,-Invalid-,-Invalid-,-Invalid-,-Invalid-,-Invalid-,-Invalid-,-Invalid-,-Invalid-,-Invalid-,-Invalid-
6/18/2009 18:10,-Invalid-,-Invalid-,-Invalid-,-Invalid-,-Invalid-,-Invalid-,-Invalid-,-Invalid-,-Invalid-,-Invalid-
6/18/2009 18:20,-Invalid-,-Invalid-,-Invalid-,-Invalid-,-Invalid-,-Invalid-,-Invalid-,-Invalid-,-Invalid-,-Invalid-
6/18/2009 18:30,-Invalid-,-Invalid-,-Invalid-,-Invalid-,-Invalid-,-Invalid-,-Invalid-,-Invalid-,-Invalid-,-Invalid-
6/18/2009 18:40,-Invalid-,-Invalid-,-Invalid-,-Invalid-,-Invalid-,-Invalid-,-Invalid-,-Invalid-,-Invalid-,-Invalid-
6/18/2009 18:50,-Invalid-,-Invalid-,-Invalid-,-Invalid-,-Invalid-,-Invalid-,-Invalid-,-Invalid-,-Invalid-,-Invalid-
6/18/2009 19:00,-Invalid-,-Invalid-,-Invalid-,-Invalid-,-Invalid-,-Invalid-,-Invalid-,-Invalid-,-Invalid-,-Invalid-
6/18/2009 19:10,-Invalid-,-Invalid-,-Invalid-,-Invalid-,-Invalid-,-Invalid-,-Invalid-,-Invalid-,-Invalid-,-Invalid-
6/18/2009 19:20,-Invalid-,-Invalid-,-Invalid-,-Invalid-,-Invalid-,-Invalid-,-Invalid-,-Invalid-,-Invalid-,-Invalid-
6/18/2009 19:30,-Invalid-,-Invalid-,-Invalid-,-Invalid-,-Invalid-,-Invalid-,-Invalid-,-Invalid-,-Invalid-,-Invalid-
6/18/2009 19:40,-Invalid-,-Invalid-,-Invalid-,-Invalid-,-Invalid-,-Invalid-,-Invalid-,-Invalid-,-Invalid-,-Invalid-
6/18/2009 19:50,-Invalid-,-Invalid-,-Invalid-,-Invalid-,-Invalid-,-Invalid-,-Invalid-,-Invalid-,-Invalid-,-Invalid-
6/18/2009 20:00,-Invalid-,-Invalid-,-Invalid-,-Invalid-,-Invalid-,-Invalid-,-Invalid-,-Invalid-,-Invalid-,-Invalid-
6/18/2009 20:10,-Invalid-,-Invalid-,-Invalid-,-Invalid-,-Invalid-,-Invalid-,-Invalid-,-Invalid-,-Invalid-,-Invalid-
6/18/2009 20:20,-Invalid-,-Invalid-,-Invalid-,-Invalid-,-Invalid-,-Invalid-,-Invalid-,-Invalid-,-Invalid-,-Invalid-
6/18/2009 20:30,-Invalid-,-Invalid-,-Invalid-,-Invalid-,-Invalid-,-Invalid-,-Invalid-,-Invalid-,-Invalid-,-Invalid-
6/18/2009 20:40,-Invalid-,-Invalid-,-Invalid-,-Invalid-,-Invalid-,-Invalid-,-Invalid-,-Invalid-,-Invalid-,-Invalid-
6/18/2009 20:50,-Invalid-,-Invalid-,-Invalid-,-Invalid-,-Invalid-,-Invalid-,-Invalid-,-Invalid-,-Invalid-,-Invalid-
6/18/2009 21:00,-Invalid-,-Invalid-,-Invalid-,-Invalid-,-Invalid-,-Invalid-,-Invalid-,-Invalid-,-Invalid-,-Invalid-
6/18/2009 21:10,-Invalid-,-Invalid-,-Invalid-,-Invalid-,-Invalid-,-Invalid-,-Invalid-,-Invalid-,-Invalid-,-Invalid-
6/18/2009 21:20,-Invalid-,-Invalid-,-Invalid-,-Invalid-,-Invalid-,-Invalid-,-Invalid-,-Invalid-,-Invalid-,-Invalid-
6/18/2009 21:30,-Invalid-,-Invalid-,-Invalid-,-Invalid-,-Invalid-,-Invalid-,-Invalid-,-Invalid-,-Invalid-,-Invalid-
6/18/2009 21:40,-Invalid-,-Invalid-,-Invalid-,-Invalid-,-Invalid-,-Invalid-,-Invalid-,-Invalid-,-Invalid-,-Invalid-
6/18/2009 21:50,-Invalid-,-Invalid-,-Invalid-,-Invalid-,-Invalid-,-Invalid-,-Invalid-,-Invalid-,-Invalid-,-Invalid-
6/18/2009 22:00,-Invalid-,-Invalid-,-Invalid-,-Invalid-,-Invalid-,-Invalid-,-Invalid-,-Invalid-,-Invalid-,-Invalid-
6/18/2009 22:10,-Invalid-,-Invalid-,-Invalid-,-Invalid-,-Invalid-,-Invalid-,-Invalid-,-Invalid-,-Invalid-,-Invalid-
6/18/2009 22:20,-Invalid-,-Invalid-,-Invalid-,-Invalid-,-Invalid-,-Invalid-,-Invalid-,-Invalid-,-Invalid-,-Invalid-
6/18/2009 22:30,-Invalid-,-Invalid-,-Invalid-,-Invalid-,-Invalid-,-Invalid-,-Invalid-,-Invalid-,-Invalid-,-Invalid-
6/18/2009 22:40,-Invalid-,-Invalid-,-Invalid-,-Invalid-,-Invalid-,-Invalid-,-Invalid-,-Invalid-,-Invalid-,-Invalid-
6/18/2009 22:50,-Invalid-,-Invalid-,-Invalid-,-Invalid-,-Invalid-,-Invalid-,-Invalid-,-Invalid-,-Invalid-,-Invalid-
6/18/2009 23:00,-Invalid-,-Invalid-,-Invalid-,-Invalid-,-Invalid-,-Invalid-,-Invalid-,-Invalid-,-Invalid-,-Invalid-
6/18/2009 23:10,-Invalid-,-Invalid-,-Invalid-,-Invalid-,-Invalid-,-Invalid-,-Invalid-,-Invalid-,-Invalid-,-Invalid-
6/18/2009 23:20,-Invalid-,-Invalid-,-Invalid-,-Invalid-,-Invalid-,-Invalid-,-Invalid-,-Invalid-,-Invalid-,-Invalid-
6/18/2009 23:30,-Invalid-,-Invalid-,-Invalid-,-Invalid-,-Invalid-,-Invalid-,-Invalid-,-Invalid-,-Invalid-,-Invalid-
6/18/2009 23:40,-Invalid-,-Invalid-,-Invalid-,-Invalid-,-Invalid-,-Invalid-,-Invalid-,-Invalid-,-Invalid-,-Invalid-
6/18/2009 23:50,-Invalid-,-Invalid-,-Invalid-,-Invalid-,-Invalid-,-Invalid-,-Invalid-,-Invalid-,-Invalid-,-Invalid-
6/19/2009 0:00,-Invalid-,-Invalid-,-Invalid-,-Invalid-,-Invalid-,-Invalid-,-Invalid-,-Invalid-,-Invalid-,-Invalid-
6/19/2009 0:10,-Invalid-,-Invalid-,-Invalid-,-Invalid-,-Invalid-,-Invalid-,-Invalid-,-Invalid-,-Invalid-,-Invalid-
6/19/2009 0:20,-Invalid-,-Invalid-,-Invalid-,-Invalid-,-Invalid-,-Invalid-,-Invalid-,-Invalid-,-Invalid-,-Invalid-
6/19/2009 0:30,-Invalid-,-Invalid-,-Invalid-,-Invalid-,-Invalid-,-Invalid-,-Invalid-,-Invalid-,-Invalid-,-Invalid-
6/19/2009 0:40,-Invalid-,-Invalid-,-Invalid-,-Invalid-,-Invalid-,-Invalid-,-Invalid-,-Invalid-,-Invalid-,-Invalid-
6/19/2009 0:50,-Invalid-,-Invalid-,-Invalid-,-Invalid-,-Invalid-,-Invalid-,-Invalid-,-Invalid-,-Invalid-,-Invalid-
6/19/2009 1:00,-Invalid-,-Invalid-,-Invalid-,-Invalid-,-Invalid-,-Invalid-,-Invalid-,-Invalid-,-Invalid-,-Invalid-
6/19/2009 1:10,-Invalid-,-Invalid-,-Invalid-,-Invalid-,-Invalid-,-Invalid-,-Invalid-,-Invalid-,-Invalid-,-Invalid-
6/19/2009 1:20,-Invalid-,-Invalid-,-Invalid-,-Invalid-,-Invalid-,-Invalid-,-Invalid-,-Invalid-,-Invalid-,-Invalid-
6/19/2009 1:30,-Invalid-,-Invalid-,-Invalid-,-Invalid-,-Invalid-,-Invalid-,-Invalid-,-Invalid-,-Invalid-,-Invalid-
6/19/2009 1:40,-Invalid-,-Invalid-,-Invalid-,-Invalid-,-Invalid-,-Invalid-,-Invalid-,-Invalid-,-Invalid-,-Invalid-
6/19/2009 1:50,-Invalid-,-Invalid-,-Invalid-,-Invalid-,-Invalid-,-Invalid-,-Invalid-,-Invalid-,-Invalid-,-Invalid-
6/19/2009 2:00,-Invalid-,-Invalid-,-Invalid-,-Invalid-,-Invalid-,-Invalid-,-Invalid-,-Invalid-,-Invalid-,-Invalid-
6/19/2009 2:10,-Invalid-,-Invalid-,-Invalid-,-Invalid-,-Invalid-,-Invalid-,-Invalid-,-Invalid-,-Invalid-,-Invalid-
6/19/2009 2:20,-Invalid-,-Invalid-,-Invalid-,-Invalid-,-Invalid-,-Invalid-,-Invalid-,-Invalid-,-Invalid-,-Invalid-
6/19/2009 2:30,-Invalid-,-Invalid-,-Invalid-,-Invalid-,-Invalid-,-Invalid-,-Invalid-,-Invalid-,-Invalid-,-Invalid-
6/19/2009 2:40,-Invalid-,-Invalid-,-Invalid-,-Invalid-,-Invalid-,-Invalid-,-Invalid-,-Invalid-,-Invalid-,-Invalid-
6/19/2009 2:50,-Invalid-,-Invalid-,-Invalid-,-Invalid-,-Invalid-,-Invalid-,-Invalid-,-Invalid-,-Invalid-,-Invalid-
6/19/2009 3:00,-Invalid-,-Invalid-,-Invalid-,-Invalid-,-Invalid-,-Invalid-,-Invalid-,-Invalid-,-Invalid-,-Invalid-
6/19/2009 3:10,-Invalid-,-Invalid-,-Invalid-,-Invalid-,-Invalid-,-Invalid-,-Invalid-,-Invalid-,-Invalid-,-Invalid-
6/19/2009 3:20,-Invalid-,-Invalid-,-Invalid-,-Invalid-,-Invalid-,-Invalid-,-Invalid-,-Invalid-,-Invalid-,-Invalid-
6/19/2009 3:30,-Invalid-,-Invalid-,-Invalid-,-Invalid-,-Invalid-,-Invalid-,-Invalid-,-Invalid-,-Invalid-,-Invalid-
6/19/2009 3:40,-Invalid-,-Invalid-,-Invalid-,-Invalid-,-Invalid-,-Invalid-,-Invalid-,-Invalid-,-Invalid-,-Invalid-
6/19/2009 3:50,-Invalid-,-Invalid-,-Invalid-,-Invalid-,-Invalid-,-Invalid-,-Invalid-,-Invalid-,-Invalid-,-Invalid-
6/19/2009 4:00,-Invalid-,-Invalid-,-Invalid-,-Invalid-,-Invalid-,-Invalid-,-Invalid-,-Invalid-,-Invalid-,-Invalid-
6/19/2009 4:10,-Invalid-,-Invalid-,-Invalid-,-Invalid-,-Invalid-,-Invalid-,-Invalid-,-Invalid-,-Invalid-,-Invalid-
6/19/2009 4:20,-Invalid-,-Invalid-,-Invalid-,-Invalid-,-Invalid-,-Invalid-,-Invalid-,-Invalid-,-Invalid-,-Invalid-
6/19/2009 4:30,-Invalid-,-Invalid-,-Invalid-,-Invalid-,-Invalid-,-Invalid-,-Invalid-,-Invalid-,-Invalid-,-Invalid-
6/19/2009 4:40,-Invalid-,-Invalid-,-Invalid-,-Invalid-,-Invalid-,-Invalid-,-Invalid-,-Invalid-,-Invalid-,-Invalid-
6/19/2009 4:50,-Invalid-,-Invalid-,-Invalid-,-Invalid-,-Invalid-,-Invalid-,-Invalid-,-Invalid-,-Invalid-,-Invalid-
6/19/2009 5:00,-Invalid-,-Invalid-,-Invalid-,-Invalid-,-Invalid-,-Invalid-,-Invalid-,-Invalid-,-Invalid-,-Invalid-
6/19/2009 5:10,-Invalid-,-Invalid-,-Invalid-,-Invalid-,-Invalid-,-Invalid-,-Invalid-,-Invalid-,-Invalid-,-Invalid-
6/19/2009 5:20,-Invalid-,-Invalid-,-Invalid-,-Invalid-,-Invalid-,-Invalid-,-Invalid-,-Invalid-,-Invalid-,-Invalid-
6/19/2009 5:30,-Invalid-,-Invalid-,-Invalid-,-Invalid-,-Invalid-,-Invalid-,-Invalid-,-Invalid-,-Invalid-,-Invalid-
6/19/2009 5:40,-Invalid-,-Invalid-,-Invalid-,-Invalid-,-Invalid-,-Invalid-,-Invalid-,-Invalid-,-Invalid-,-Invalid-
6/19/2009 5:50,-Invalid-,-Invalid-,-Invalid-,-Invalid-,-Invalid-,-Invalid-,-Invalid-,-Invalid-,-Invalid-,-Invalid-
6/19/2009 6:00,-Invalid-,-Invalid-,-Invalid-,-Invalid-,-Invalid-,-Invalid-,-Invalid-,-Invalid-,-Invalid-,-Invalid-
6/19/2009 6:10,-Invalid-,-Invalid-,-Invalid-,-Invalid-,-Invalid-,-Invalid-,-Invalid-,-Invalid-,-Invalid-,-Invalid-
6/19/2009 6:20,-Invalid-,-Invalid-,-Invalid-,-Invalid-,-Invalid-,-Invalid-,-Invalid-,-Invalid-,-Invalid-,-Invalid-
6/19/2009 6:30,-Invalid-,-Invalid-,-Invalid-,-Invalid-,-Invalid-,-Invalid-,-Invalid-,-Invalid-,-Invalid-,-Invalid-
6/19/2009 6:40,-Invalid-,-Invalid-,-Invalid-,-Invalid-,-Invalid-,-Invalid-,-Invalid-,-Invalid-,-Invalid-,-Invalid-
6/19/2009 6:50,-Invalid-,-Invalid-,-Invalid-,-Invalid-,-Invalid-,-Invalid-,-Invalid-,-Invalid-,-Invalid-,-Invalid-
6/19/2009 7:00,-Invalid-,-Invalid-,-Invalid-,-Invalid-,-Invalid-,-Invalid-,-Invalid-,-Invalid-,-Invalid-,-Invalid-
6/19/2009 7:10,-Invalid-,-Invalid-,-Invalid-,-Invalid-,-Invalid-,-Invalid-,-Invalid-,-Invalid-,-Invalid-,-Invalid-
6/19/2009 7:20,-Invalid-,-Invalid-,-Invalid-,-Invalid-,-Invalid-,-Invalid-,-Invalid-,-Invalid-,-Invalid-,-Invalid-
6/19/2009 7:30,-Invalid-,-Invalid-,-Invalid-,-Invalid-,-Invalid-,-Invalid-,-Invalid-,-Invalid-,-Invalid-,-Invalid-
6/19/2009 7:40,-Invalid-,-Invalid-,-Invalid-,-Invalid-,-Invalid-,-Invalid-,-Invalid-,-Invalid-,-Invalid-,-Invalid-
6/19/2009 7:50,-Invalid-,-Invalid-,-Invalid-,-Invalid-,-Invalid-,-Invalid-,-Invalid-,-Invalid-,-Invalid-,-Invalid-
6/19/2009 8:00,-Invalid-,-Invalid-,-Invalid-,-Invalid-,-Invalid-,-Invalid-,-Invalid-,-Invalid-,-Invalid-,-Invalid-
6/19/2009 8:10,-Invalid-,-Invalid-,-Invalid-,-Invalid-,-Invalid-,-Invalid-,-Invalid-,-Invalid-,-Invalid-,-Invalid-
6/19/2009 8:20,-Invalid-,-Invalid-,-Invalid-,-Invalid-,-Invalid-,-Invalid-,-Invalid-,-Invalid-,-Invalid-,-Invalid-
6/19/2009 8:30,-Invalid-,-Invalid-,-Invalid-,-Invalid-,-Invalid-,-Invalid-,-Invalid-,-Invalid-,-Invalid-,-Invalid-
6/19/2009 8:40,-Invalid-,-Invalid-,-Invalid-,-Invalid-,-Invalid-,-Invalid-,-Invalid-,-Invalid-,-Invalid-,-Invalid-
6/19/2009 8:50,-Invalid-,-Invalid-,-Invalid-,-Invalid-,-Invalid-,-Invalid-,-Invalid-,-Invalid-,-Invalid-,-Invalid-
6/19/2009 9:00,-Invalid-,-Invalid-,-Invalid-,-Invalid-,-Invalid-,-Invalid-,-Invalid-,-Invalid-,-Invalid-,-Invalid-
6/19/2009 9:10,-Invalid-,-Invalid-,-Invalid-,-Invalid-,-Invalid-,-Invalid-,-Invalid-,-Invalid-,-Invalid-,-Invalid-
6/19/2009 9:20,-Invalid-,-Invalid-,-Invalid-,-Invalid-,-Invalid-,-Invalid-,-Invalid-,-Invalid-,-Invalid-,-Invalid-
6/19/2009 9:30,-Invalid-,-Invalid-,-Invalid-,-Invalid-,-Invalid-,-Invalid-,-Invalid-,-Invalid-,-Invalid-,-Invalid-
6/19/2009 9:40,-Invalid-,-Invalid-,-Invalid-,-Invalid-,-Invalid-,-Invalid-,-Invalid-,-Invalid-,-Invalid-,-Invalid-
6/19/2009 9:50,-Invalid-,-Invalid-,-Invalid-,-Invalid-,-Invalid-,-Invalid-,-Invalid-,-Invalid-,-Invalid-,-Invalid-
6/19/2009 10:00,-Invalid-,-Invalid-,-Invalid-,-Invalid-,-Invalid-,-Invalid-,-Invalid-,-Invalid-,-Invalid-,-Invalid-
6/19/2009 10:10,-Invalid-,-Invalid-,-Invalid-,-Invalid-,-Invalid-,-Invalid-,-Invalid-,-Invalid-,-Invalid-,-Invalid-
6/19/2009 10:20,-Invalid-,-Invalid-,-Invalid-,-Invalid-,-Invalid-,-Invalid-,-Invalid-,-Invalid-,-Invalid-,-Invalid-
6/19/2009 10:30,-Invalid-,-Invalid-,-Invalid-,-Invalid-,-Invalid-,-Invalid-,-Invalid-,-Invalid-,-Invalid-,-Invalid-
6/19/2009 10:40,-Invalid-,-Invalid-,-Invalid-,-Invalid-,-Invalid-,-Invalid-,-Invalid-,-Invalid-,-Invalid-,-Invalid-
6/19/2009 10:50,-Invalid-,-Invalid-,-Invalid-,-Invalid-,-Invalid-,-Invalid-,-Invalid-,-Invalid-,-Invalid-,-Invalid-
6/19/2009 11:00,-Invalid-,-Invalid-,-Invalid-,-Invalid-,-Invalid-,-Invalid-,-Invalid-,-Invalid-,-Invalid-,-Invalid-
6/19/2009 11:10,-Invalid-,-Invalid-,-Invalid-,-Invalid-,-Invalid-,-Invalid-,-Invalid-,-Invalid-,-Invalid-,-Invalid-
6/19/2009 11:20,-Invalid-,-Invalid-,-Invalid-,-Invalid-,-Invalid-,-Invalid-,-Invalid-,-Invalid-,-Invalid-,-Invalid-
6/19/2009 11:30,-Invalid-,-Invalid-,-Invalid-,-Invalid-,-Invalid-,-Invalid-,-Invalid-,-Invalid-,-Invalid-,-Invalid-
6/19/2009 11:40,-Invalid-,-Invalid-,-Invalid-,-Invalid-,-Invalid-,-Invalid-,-Invalid-,-Invalid-,-Invalid-,-Invalid-
6/19/2009 11:50,-Invalid-,-Invalid-,-Invalid-,-Invalid-,-Invalid-,-Invalid-,-Invalid-,-Invalid-,-Invalid-,-Invalid-
6/19/2009 12:00,-Invalid-,-Invalid-,-Invalid-,-Invalid-,-Invalid-,-Invalid-,-Invalid-,-Invalid-,-Invalid-,-Invalid-
6/19/2009 12:10,-Invalid-,-Invalid-,-Invalid-,-Invalid-,-Invalid-,-Invalid-,-Invalid-,-Invalid-,-Invalid-,-Invalid-
6/19/2009 12:20,-Invalid-,-Invalid-,-Invalid-,-Invalid-,-Invalid-,-Invalid-,-Invalid-,-Invalid-,-Invalid-,-Invalid-
6/19/2009 12:30,-Invalid-,-Invalid-,-Invalid-,-Invalid-,-Invalid-,-Invalid-,-Invalid-,-Invalid-,-Invalid-,-Invalid-
6/19/2009 12:40,-Invalid-,-Invalid-,-Invalid-,-Invalid-,-Invalid-,-Invalid-,-Invalid-,-Invalid-,-Invalid-,-Invalid-
6/19/2009 12:50,-Invalid-,-Invalid-,-Invalid-,-Invalid-,-Invalid-,-Invalid-,-Invalid-,-Invalid-,-Invalid-,-Invalid-
6/19/2009 13:00,-Invalid-,-Invalid-,-Invalid-,-Invalid-,-Invalid-,-Invalid-,-Invalid-,-Invalid-,-Invalid-,-Invalid-
6/19/2009 13:10,-Invalid-,-Invalid-,-Invalid-,-Invalid-,-Invalid-,-Invalid-,-Invalid-,-Invalid-,-Invalid-,-Invalid-
6/19/2009 13:20,-Invalid-,-Invalid-,-Invalid-,-Invalid-,-Invalid-,-Invalid-,-Invalid-,-Invalid-,-Invalid-,-Invalid-
6/19/2009 13:30,-Invalid-,-Invalid-,-Invalid-,-Invalid-,-Invalid-,-Invalid-,-Invalid-,-Invalid-,-Invalid-,-Invalid-
6/19/2009 13:40,-Invalid-,-Invalid-,-Invalid-,-Invalid-,-Invalid-,-Invalid-,-Invalid-,-Invalid-,-Invalid-,-Invalid-
6/19/2009 13:50,-Invalid-,-Invalid-,-Invalid-,-Invalid-,-Invalid-,-Invalid-,-Invalid-,-Invalid-,-Invalid-,-Invalid-
6/19/2009 14:00,-Invalid-,-Invalid-,-Invalid-,-Invalid-,-Invalid-,-Invalid-,-Invalid-,-Invalid-,-Invalid-,-Invalid-
6/19/2009 14:10,-Invalid-,-Invalid-,-Invalid-,-Invalid-,-Invalid-,-Invalid-,-Invalid-,-Invalid-,-Invalid-,-Invalid-
6/19/2009 14:20,-Invalid-,-Invalid-,-Invalid-,-Invalid-,-Invalid-,-Invalid-,-Invalid-,-Invalid-,-Invalid-,-Invalid-
6/19/2009 14:30,-Invalid-,-Invalid-,-Invalid-,-Invalid-,-Invalid-,-Invalid-,-Invalid-,-Invalid-,-Invalid-,-Invalid-
6/19/2009 14:40,-Invalid-,-Invalid-,-Invalid-,-Invalid-,-Invalid-,-Invalid-,-Invalid-,-Invalid-,-Invalid-,-Invalid-
6/19/2009 14:50,-Invalid-,-Invalid-,-Invalid-,-Invalid-,-Invalid-,-Invalid-,-Invalid-,-Invalid-,-Invalid-,-Invalid-
6/19/2009 15:00,-Invalid-,-Invalid-,-Invalid-,-Invalid-,-Invalid-,-Invalid-,-Invalid-,-Invalid-,-Invalid-,-Invalid-
6/19/2009 15:10,-Invalid-,-Invalid-,-Invalid-,-Invalid-,-Invalid-,-Invalid-,-Invalid-,-Invalid-,-Invalid-,-Invalid-
6/19/2009 15:20,-Invalid-,-Invalid-,-Invalid-,-Invalid-,-Invalid-,-Invalid-,-Invalid-,-Invalid-,-Invalid-,-Invalid-
6/19/2009 15:30,-Invalid-,-Invalid-,-Invalid-,-Invalid-,-Invalid-,-Invalid-,-Invalid-,-Invalid-,-Invalid-,-Invalid-
6/19/2009 15:40,-Invalid-,-Invalid-,-Invalid-,-Invalid-,-Invalid-,-Invalid-,-Invalid-,-Invalid-,-Invalid-,-Invalid-
6/19/2009 15:50,-Invalid-,-Invalid-,-Invalid-,-Invalid-,-Invalid-,-Invalid-,-Invalid-,-Invalid-,-Invalid-,-Invalid-
6/19/2009 16:00,-Invalid-,-Invalid-,-Invalid-,-Invalid-,-Invalid-,-Invalid-,-Invalid-,-Invalid-,-Invalid-,-Invalid-
6/19/2009 16:10,-Invalid-,-Invalid-,-Invalid-,-Invalid-,-Invalid-,-Invalid-,-Invalid-,-Invalid-,-Invalid-,-Invalid-
6/19/2009 16:20,-Invalid-,-Invalid-,-Invalid-,-Invalid-,-Invalid-,-Invalid-,-Invalid-,-Invalid-,-Invalid-,-Invalid-
6/19/2009 16:30,-Invalid-,-Invalid-,-Invalid-,-Invalid-,-Invalid-,-Invalid-,-Invalid-,-Invalid-,-Invalid-,-Invalid-
6/19/2009 16:40,-Invalid-,-Invalid-,-Invalid-,-Invalid-,-Invalid-,-Invalid-,-Invalid-,-Invalid-,-Invalid-,-Invalid-
6/19/2009 16:50,-Invalid-,-Invalid-,-Invalid-,-Invalid-,-Invalid-,-Invalid-,-Invalid-,-Invalid-,-Invalid-,-Invalid-
6/19/2009 17:00,-Invalid-,-Invalid-,-Invalid-,-Invalid-,-Invalid-,-Invalid-,-Invalid-,-Invalid-,-Invalid-,-Invalid-
6/19/2009 17:10,-Invalid-,-Invalid-,-Invalid-,-Invalid-,-Invalid-,-Invalid-,-Invalid-,-Invalid-,-Invalid-,-Invalid-
6/19/2009 17:20,-Invalid-,-Invalid-,-Invalid-,-Invalid-,-Invalid-,-Invalid-,-Invalid-,-Invalid-,-Invalid-,-Invalid-
6/19/2009 17:30,-Invalid-,-Invalid-,-Invalid-,-Invalid-,-Invalid-,-Invalid-,-Invalid-,-Invalid-,-Invalid-,-Invalid-
6/19/2009 17:40,-Invalid-,-Invalid-,-Invalid-,-Invalid-,-Invalid-,-Invalid-,-Invalid-,-Invalid-,-Invalid-,-Invalid-
6/19/2009 17:50,-Invalid-,-Invalid-,-Invalid-,-Invalid-,-Invalid-,-Invalid-,-Invalid-,-Invalid-,-Invalid-,-Invalid-
6/19/2009 18:00,-Invalid-,-Invalid-,-Invalid-,-Invalid-,-Invalid-,-Invalid-,-Invalid-,-Invalid-,-Invalid-,-Invalid-
6/19/2009 18:10,-Invalid-,-Invalid-,-Invalid-,-Invalid-,-Invalid-,-Invalid-,-Invalid-,-Invalid-,-Invalid-,-Invalid-
6/19/2009 18:20,-Invalid-,-Invalid-,-Invalid-,-Invalid-,-Invalid-,-Invalid-,-Invalid-,-Invalid-,-Invalid-,-Invalid-
6/19/2009 18:30,-Invalid-,-Invalid-,-Invalid-,-Invalid-,-Invalid-,-Invalid-,-Invalid-,-Invalid-,-Invalid-,-Invalid-
6/19/2009 18:40,-Invalid-,-Invalid-,-Invalid-,-Invalid-,-Invalid-,-Invalid-,-Invalid-,-Invalid-,-Invalid-,-Invalid-
6/19/2009 18:50,-Invalid-,-Invalid-,-Invalid-,-Invalid-,-Invalid-,-Invalid-,-Invalid-,-Invalid-,-Invalid-,-Invalid-
6/19/2009 19:00,-Invalid-,-Invalid-,-Invalid-,-Invalid-,-Invalid-,-Invalid-,-Invalid-,-Invalid-,-Invalid-,-Invalid-
6/19/2009 19:10,-Invalid-,-Invalid-,-Invalid-,-Invalid-,-Invalid-,-Invalid-,-Invalid-,-Invalid-,-Invalid-,-Invalid-
6/19/2009 19:20,-Invalid-,-Invalid-,-Invalid-,-Invalid-,-Invalid-,-Invalid-,-Invalid-,-Invalid-,-Invalid-,-Invalid-
6/19/2009 19:30,-Invalid-,-Invalid-,-Invalid-,-Invalid-,-Invalid-,-Invalid-,-Invalid-,-Invalid-,-Invalid-,-Invalid-
6/19/2009 19:40,-Invalid-,-Invalid-,-Invalid-,-Invalid-,-Invalid-,-Invalid-,-Invalid-,-Invalid-,-Invalid-,-Invalid-
6/19/2009 19:50,-Invalid-,-Invalid-,-Invalid-,-Invalid-,-Invalid-,-Invalid-,-Invalid-,-Invalid-,-Invalid-,-Invalid-
6/19/2009 20:00,-Invalid-,-Invalid-,-Invalid-,-Invalid-,-Invalid-,-Invalid-,-Invalid-,-Invalid-,-Invalid-,-Invalid-
6/19/2009 20:10,-Invalid-,-Invalid-,-Invalid-,-Invalid-,-Invalid-,-Invalid-,-Invalid-,-Invalid-,-Invalid-,-Invalid-
6/19/2009 20:20,-Invalid-,-Invalid-,-Invalid-,-Invalid-,-Invalid-,-Invalid-,-Invalid-,-Invalid-,-Invalid-,-Invalid-
6/19/2009 20:30,-Invalid-,-Invalid-,-Invalid-,-Invalid-,-Invalid-,-Invalid-,-Invalid-,-Invalid-,-Invalid-,-Invalid-
6/19/2009 20:40,-Invalid-,-Invalid-,-Invalid-,-Invalid-,-Invalid-,-Invalid-,-Invalid-,-Invalid-,-Invalid-,-Invalid-
6/19/2009 20:50,-Invalid-,-Invalid-,-Invalid-,-Invalid-,-Invalid-,-Invalid-,-Invalid-,-Invalid-,-Invalid-,-Invalid-
6/19/2009 21:00,-Invalid-,-Invalid-,-Invalid-,-Invalid-,-Invalid-,-Invalid-,-Invalid-,-Invalid-,-Invalid-,-Invalid-
6/19/2009 21:10,-Invalid-,-Invalid-,-Invalid-,-Invalid-,-Invalid-,-Invalid-,-Invalid-,-Invalid-,-Invalid-,-Invalid-
6/19/2009 21:20,-Invalid-,-Invalid-,-Invalid-,-Invalid-,-Invalid-,-Invalid-,-Invalid-,-Invalid-,-Invalid-,-Invalid-
6/19/2009 21:30,-Invalid-,-Invalid-,-Invalid-,-Invalid-,-Invalid-,-Invalid-,-Invalid-,-Invalid-,-Invalid-,-Invalid-
6/19/2009 21:40,-Invalid-,-Invalid-,-Invalid-,-Invalid-,-Invalid-,-Invalid-,-Invalid-,-Invalid-,-Invalid-,-Invalid-
6/19/2009 21:50,-Invalid-,-Invalid-,-Invalid-,-Invalid-,-Invalid-,-Invalid-,-Invalid-,-Invalid-,-Invalid-,-Invalid-
6/19/2009 22:00,-Invalid-,-Invalid-,-Invalid-,-Invalid-,-Invalid-,-Invalid-,-Invalid-,-Invalid-,-Invalid-,-Invalid-
6/19/2009 22:10,-Invalid-,-Invalid-,-Invalid-,-Invalid-,-Invalid-,-Invalid-,-Invalid-,-Invalid-,-Invalid-,-Invalid-
6/19/2009 22:20,-Invalid-,-Invalid-,-Invalid-,-Invalid-,-Invalid-,-Invalid-,-Invalid-,-Invalid-,-Invalid-,-Invalid-
6/19/2009 22:30,-Invalid-,-Invalid-,-Invalid-,-Invalid-,-Invalid-,-Invalid-,-Invalid-,-Invalid-,-Invalid-,-Invalid-
6/19/2009 22:40,-Invalid-,-Invalid-,-Invalid-,-Invalid-,-Invalid-,-Invalid-,-Invalid-,-Invalid-,-Invalid-,-Invalid-
6/19/2009 22:50,-Invalid-,-Invalid-,-Invalid-,-Invalid-,-Invalid-,-Invalid-,-Invalid-,-Invalid-,-Invalid-,-Invalid-
6/19/2009 23:00,-Invalid-,-Invalid-,-Invalid-,-Invalid-,-Invalid-,-Invalid-,-Invalid-,-Invalid-,-Invalid-,-Invalid-
6/19/2009 23:10,-Invalid-,-Invalid-,-Invalid-,-Invalid-,-Invalid-,-Invalid-,-Invalid-,-Invalid-,-Invalid-,-Invalid-
6/19/2009 23:20,-Invalid-,-Invalid-,-Invalid-,-Invalid-,-Invalid-,-Invalid-,-Invalid-,-Invalid-,-Invalid-,-Invalid-
6/19/2009 23:30,-Invalid-,-Invalid-,-Invalid-,-Invalid-,-Invalid-,-Invalid-,-Invalid-,-Invalid-,-Invalid-,-Invalid-
6/19/2009 23:40,-Invalid-,-Invalid-,-Invalid-,-Invalid-,-Invalid-,-Invalid-,-Invalid-,-Invalid-,-Invalid-,-Invalid-
6/19/2009 23:50,-Invalid-,-Invalid-,-Invalid-,-Invalid-,-Invalid-,-Invalid-,-Invalid-,-Invalid-,-Invalid-,-Invalid-
6/20/2009 0:00,-Invalid-,-Invalid-,-Invalid-,-Invalid-,-Invalid-,-Invalid-,-Invalid-,-Invalid-,-Invalid-,-Invalid-
6/20/2009 0:10,-Invalid-,-Invalid-,-Invalid-,-Invalid-,-Invalid-,-Invalid-,-Invalid-,-Invalid-,-Invalid-,-Invalid-
6/20/2009 0:20,-Invalid-,-Invalid-,-Invalid-,-Invalid-,-Invalid-,-Invalid-,-Invalid-,-Invalid-,-Invalid-,-Invalid-
6/20/2009 0:30,-Invalid-,-Invalid-,-Invalid-,-Invalid-,-Invalid-,-Invalid-,-Invalid-,-Invalid-,-Invalid-,-Invalid-
6/20/2009 0:40,-Invalid-,-Invalid-,-Invalid-,-Invalid-,-Invalid-,-Invalid-,-Invalid-,-Invalid-,-Invalid-,-Invalid-
6/20/2009 0:50,-Invalid-,-Invalid-,-Invalid-,-Invalid-,-Invalid-,-Invalid-,-Invalid-,-Invalid-,-Invalid-,-Invalid-
6/20/2009 1:00,-Invalid-,-Invalid-,-Invalid-,-Invalid-,-Invalid-,-Invalid-,-Invalid-,-Invalid-,-Invalid-,-Invalid-
6/20/2009 1:10,-Invalid-,-Invalid-,-Invalid-,-Invalid-,-Invalid-,-Invalid-,-Invalid-,-Invalid-,-Invalid-,-Invalid-
6/20/2009 1:20,-Invalid-,-Invalid-,-Invalid-,-Invalid-,-Invalid-,-Invalid-,-Invalid-,-Invalid-,-Invalid-,-Invalid-
6/20/2009 1:30,-Invalid-,-Invalid-,-Invalid-,-Invalid-,-Invalid-,-Invalid-,-Invalid-,-Invalid-,-Invalid-,-Invalid-
6/20/2009 1:40,-Invalid-,-Invalid-,-Invalid-,-Invalid-,-Invalid-,-Invalid-,-Invalid-,-Invalid-,-Invalid-,-Invalid-
6/20/2009 1:50,-Invalid-,-Invalid-,-Invalid-,-Invalid-,-Invalid-,-Invalid-,-Invalid-,-Invalid-,-Invalid-,-Invalid-
6/20/2009 2:00,-Invalid-,-Invalid-,-Invalid-,-Invalid-,-Invalid-,-Invalid-,-Invalid-,-Invalid-,-Invalid-,-Invalid-
6/20/2009 2:10,-Invalid-,-Invalid-,-Invalid-,-Invalid-,-Invalid-,-Invalid-,-Invalid-,-Invalid-,-Invalid-,-Invalid-
6/20/2009 2:20,-Invalid-,-Invalid-,-Invalid-,-Invalid-,-Invalid-,-Invalid-,-Invalid-,-Invalid-,-Invalid-,-Invalid-
6/20/2009 2:30,-Invalid-,-Invalid-,-Invalid-,-Invalid-,-Invalid-,-Invalid-,-Invalid-,-Invalid-,-Invalid-,-Invalid-
6/20/2009 2:40,-Invalid-,-Invalid-,-Invalid-,-Invalid-,-Invalid-,-Invalid-,-Invalid-,-Invalid-,-Invalid-,-Invalid-
6/20/2009 2:50,-Invalid-,-Invalid-,-Invalid-,-Invalid-,-Invalid-,-Invalid-,-Invalid-,-Invalid-,-Invalid-,-Invalid-
6/20/2009 3:00,-Invalid-,-Invalid-,-Invalid-,-Invalid-,-Invalid-,-Invalid-,-Invalid-,-Invalid-,-Invalid-,-Invalid-
6/20/2009 3:10,-Invalid-,-Invalid-,-Invalid-,-Invalid-,-Invalid-,-Invalid-,-Invalid-,-Invalid-,-Invalid-,-Invalid-
6/20/2009 3:20,-Invalid-,-Invalid-,-Invalid-,-Invalid-,-Invalid-,-Invalid-,-Invalid-,-Invalid-,-Invalid-,-Invalid-
6/20/2009 3:30,-Invalid-,-Invalid-,-Invalid-,-Invalid-,-Invalid-,-Invalid-,-Invalid-,-Invalid-,-Invalid-,-Invalid-
6/20/2009 3:40,-Invalid-,-Invalid-,-Invalid-,-Invalid-,-Invalid-,-Invalid-,-Invalid-,-Invalid-,-Invalid-,-Invalid-
6/20/2009 3:50,-Invalid-,-Invalid-,-Invalid-,-Invalid-,-Invalid-,-Invalid-,-Invalid-,-Invalid-,-Invalid-,-Invalid-
6/20/2009 4:00,-Invalid-,-Invalid-,-Invalid-,-Invalid-,-Invalid-,-Invalid-,-Invalid-,-Invalid-,-Invalid-,-Invalid-
6/20/2009 4:10,-Invalid-,-Invalid-,-Invalid-,-Invalid-,-Invalid-,-Invalid-,-Invalid-,-Invalid-,-Invalid-,-Invalid-
6/20/2009 4:20,-Invalid-,-Invalid-,-Invalid-,-Invalid-,-Invalid-,-Invalid-,-Invalid-,-Invalid-,-Invalid-,-Invalid-
6/20/2009 4:30,-Invalid-,-Invalid-,-Invalid-,-Invalid-,-Invalid-,-Invalid-,-Invalid-,-Invalid-,-Invalid-,-Invalid-
6/20/2009 4:40,-Invalid-,-Invalid-,-Invalid-,-Invalid-,-Invalid-,-Invalid-,-Invalid-,-Invalid-,-Invalid-,-Invalid-
6/20/2009 4:50,-Invalid-,-Invalid-,-Invalid-,-Invalid-,-Invalid-,-Invalid-,-Invalid-,-Invalid-,-Invalid-,-Invalid-
6/20/2009 5:00,-Invalid-,-Invalid-,-Invalid-,-Invalid-,-Invalid-,-Invalid-,-Invalid-,-Invalid-,-Invalid-,-Invalid-
6/20/2009 5:10,-Invalid-,-Invalid-,-Invalid-,-Invalid-,-Invalid-,-Invalid-,-Invalid-,-Invalid-,-Invalid-,-Invalid-
6/20/2009 5:20,-Invalid-,-Invalid-,-Invalid-,-Invalid-,-Invalid-,-Invalid-,-Invalid-,-Invalid-,-Invalid-,-Invalid-
6/20/2009 5:30,-Invalid-,-Invalid-,-Invalid-,-Invalid-,-Invalid-,-Invalid-,-Invalid-,-Invalid-,-Invalid-,-Invalid-
6/20/2009 5:40,-Invalid-,-Invalid-,-Invalid-,-Invalid-,-Invalid-,-Invalid-,-Invalid-,-Invalid-,-Invalid-,-Invalid-
6/20/2009 5:50,-Invalid-,-Invalid-,-Invalid-,-Invalid-,-Invalid-,-Invalid-,-Invalid-,-Invalid-,-Invalid-,-Invalid-
6/20/2009 6:00,-Invalid-,-Invalid-,-Invalid-,-Invalid-,-Invalid-,-Invalid-,-Invalid-,-Invalid-,-Invalid-,-Invalid-
6/20/2009 6:10,-Invalid-,-Invalid-,-Invalid-,-Invalid-,-Invalid-,-Invalid-,-Invalid-,-Invalid-,-Invalid-,-Invalid-
6/20/2009 6:20,-Invalid-,-Invalid-,-Invalid-,-Invalid-,-Invalid-,-Invalid-,-Invalid-,-Invalid-,-Invalid-,-Invalid-
6/20/2009 6:30,-Invalid-,-Invalid-,-Invalid-,-Invalid-,-Invalid-,-Invalid-,-Invalid-,-Invalid-,-Invalid-,-Invalid-
6/20/2009 6:40,-Invalid-,-Invalid-,-Invalid-,-Invalid-,-Invalid-,-Invalid-,-Invalid-,-Invalid-,-Invalid-,-Invalid-
6/20/2009 6:50,-Invalid-,-Invalid-,-Invalid-,-Invalid-,-Invalid-,-Invalid-,-Invalid-,-Invalid-,-Invalid-,-Invalid-
6/20/2009 7:00,-Invalid-,-Invalid-,-Invalid-,-Invalid-,-Invalid-,-Invalid-,-Invalid-,-Invalid-,-Invalid-,-Invalid-
6/20/2009 7:10,-Invalid-,-Invalid-,-Invalid-,-Invalid-,-Invalid-,-Invalid-,-Invalid-,-Invalid-,-Invalid-,-Invalid-
6/20/2009 7:20,-Invalid-,-Invalid-,-Invalid-,-Invalid-,-Invalid-,-Invalid-,-Invalid-,-Invalid-,-Invalid-,-Invalid-
6/20/2009 7:30,-Invalid-,-Invalid-,-Invalid-,-Invalid-,-Invalid-,-Invalid-,-Invalid-,-Invalid-,-Invalid-,-Invalid-
6/20/2009 7:40,-Invalid-,-Invalid-,-Invalid-,-Invalid-,-Invalid-,-Invalid-,-Invalid-,-Invalid-,-Invalid-,-Invalid-
6/20/2009 7:50,-Invalid-,-Invalid-,-Invalid-,-Invalid-,-Invalid-,-Invalid-,-Invalid-,-Invalid-,-Invalid-,-Invalid-
6/20/2009 8:00,-Invalid-,-Invalid-,-Invalid-,-Invalid-,-Invalid-,-Invalid-,-Invalid-,-Invalid-,-Invalid-,-Invalid-
6/20/2009 8:10,-Invalid-,-Invalid-,-Invalid-,-Invalid-,-Invalid-,-Invalid-,-Invalid-,-Invalid-,-Invalid-,-Invalid-
6/20/2009 8:20,-Invalid-,-Invalid-,-Invalid-,-Invalid-,-Invalid-,-Invalid-,-Invalid-,-Invalid-,-Invalid-,-Invalid-
6/20/2009 8:30,-Invalid-,-Invalid-,-Invalid-,-Invalid-,-Invalid-,-Invalid-,-Invalid-,-Invalid-,-Invalid-,-Invalid-
6/20/2009 8:40,-Invalid-,-Invalid-,-Invalid-,-Invalid-,-Invalid-,-Invalid-,-Invalid-,-Invalid-,-Invalid-,-Invalid-
6/20/2009 8:50,-Invalid-,-Invalid-,-Invalid-,-Invalid-,-Invalid-,-Invalid-,-Invalid-,-Invalid-,-Invalid-,-Invalid-
6/20/2009 9:00,-Invalid-,-Invalid-,-Invalid-,-Invalid-,-Invalid-,-Invalid-,-Invalid-,-Invalid-,-Invalid-,-Invalid-
6/20/2009 9:10,-Invalid-,-Invalid-,-Invalid-,-Invalid-,-Invalid-,-Invalid-,-Invalid-,-Invalid-,-Invalid-,-Invalid-
6/20/2009 9:20,-Invalid-,-Invalid-,-Invalid-,-Invalid-,-Invalid-,-Invalid-,-Invalid-,-Invalid-,-Invalid-,-Invalid-
6/20/2009 9:30,-Invalid-,-Invalid-,-Invalid-,-Invalid-,-Invalid-,-Invalid-,-Invalid-,-Invalid-,-Invalid-,-Invalid-
6/20/2009 9:40,-Invalid-,-Invalid-,-Invalid-,-Invalid-,-Invalid-,-Invalid-,-Invalid-,-Invalid-,-Invalid-,-Invalid-
6/20/2009 9:50,-Invalid-,-Invalid-,-Invalid-,-Invalid-,-Invalid-,-Invalid-,-Invalid-,-Invalid-,-Invalid-,-Invalid-
6/20/2009 10:00,-Invalid-,-Invalid-,-Invalid-,-Invalid-,-Invalid-,-Invalid-,-Invalid-,-Invalid-,-Invalid-,-Invalid-
6/20/2009 10:10,-Invalid-,-Invalid-,-Invalid-,-Invalid-,-Invalid-,-Invalid-,-Invalid-,-Invalid-,-Invalid-,-Invalid-
6/20/2009 10:20,-Invalid-,-Invalid-,-Invalid-,-Invalid-,-Invalid-,-Invalid-,-Invalid-,-Invalid-,-Invalid-,-Invalid-
6/20/2009 10:30,-Invalid-,-Invalid-,-Invalid-,-Invalid-,-Invalid-,-Invalid-,-Invalid-,-Invalid-,-Invalid-,-Invalid-
6/20/2009 10:40,-Invalid-,-Invalid-,-Invalid-,-Invalid-,-Invalid-,-Invalid-,-Invalid-,-Invalid-,-Invalid-,-Invalid-
6/20/2009 10:50,-Invalid-,-Invalid-,-Invalid-,-Invalid-,-Invalid-,-Invalid-,-Invalid-,-Invalid-,-Invalid-,-Invalid-
6/20/2009 11:00,-Invalid-,-Invalid-,-Invalid-,-Invalid-,-Invalid-,-Invalid-,-Invalid-,-Invalid-,-Invalid-,-Invalid-
6/20/2009 11:10,-Invalid-,-Invalid-,-Invalid-,-Invalid-,-Invalid-,-Invalid-,-Invalid-,-Invalid-,-Invalid-,-Invalid-
6/20/2009 11:20,-Invalid-,-Invalid-,-Invalid-,-Invalid-,-Invalid-,-Invalid-,-Invalid-,-Invalid-,-Invalid-,-Invalid-
6/20/2009 11:30,-Invalid-,-Invalid-,-Invalid-,-Invalid-,-Invalid-,-Invalid-,-Invalid-,-Invalid-,-Invalid-,-Invalid-
6/20/2009 11:40,-Invalid-,-Invalid-,-Invalid-,-Invalid-,-Invalid-,-Invalid-,-Invalid-,-Invalid-,-Invalid-,-Invalid-
6/20/2009 11:50,-Invalid-,-Invalid-,-Invalid-,-Invalid-,-Invalid-,-Invalid-,-Invalid-,-Invalid-,-Invalid-,-Invalid-
6/20/2009 12:00,-Invalid-,-Invalid-,-Invalid-,-Invalid-,-Invalid-,-Invalid-,-Invalid-,-Invalid-,-Invalid-,-Invalid-
6/20/2009 12:10,-Invalid-,-Invalid-,-Invalid-,-Invalid-,-Invalid-,-Invalid-,-Invalid-,-Invalid-,-Invalid-,-Invalid-
6/20/2009 12:20,-Invalid-,-Invalid-,-Invalid-,-Invalid-,-Invalid-,-Invalid-,-Invalid-,-Invalid-,-Invalid-,-Invalid-
6/20/2009 12:30,-Invalid-,-Invalid-,-Invalid-,-Invalid-,-Invalid-,-Invalid-,-Invalid-,-Invalid-,-Invalid-,-Invalid-
6/20/2009 12:40,-Invalid-,-Invalid-,-Invalid-,-Invalid-,-Invalid-,-Invalid-,-Invalid-,-Invalid-,-Invalid-,-Invalid-
6/20/2009 12:50,-Invalid-,-Invalid-,-Invalid-,-Invalid-,-Invalid-,-Invalid-,-Invalid-,-Invalid-,-Invalid-,-Invalid-
6/20/2009 13:00,-Invalid-,-Invalid-,-Invalid-,-Invalid-,-Invalid-,-Invalid-,-Invalid-,-Invalid-,-Invalid-,-Invalid-
6/20/2009 13:10,-Invalid-,-Invalid-,-Invalid-,-Invalid-,-Invalid-,-Invalid-,-Invalid-,-Invalid-,-Invalid-,-Invalid-
6/20/2009 13:20,-Invalid-,-Invalid-,-Invalid-,-Invalid-,-Invalid-,-Invalid-,-Invalid-,-Invalid-,-Invalid-,-Invalid-
6/20/2009 13:30,-Invalid-,-Invalid-,-Invalid-,-Invalid-,-Invalid-,-Invalid-,-Invalid-,-Invalid-,-Invalid-,-Invalid-
6/20/2009 13:40,-Invalid-,-Invalid-,-Invalid-,-Invalid-,-Invalid-,-Invalid-,-Invalid-,-Invalid-,-Invalid-,-Invalid-
6/20/2009 13:50,-Invalid-,-Invalid-,-Invalid-,-Invalid-,-Invalid-,-Invalid-,-Invalid-,-Invalid-,-Invalid-,-Invalid-
6/20/2009 14:00,-Invalid-,-Invalid-,-Invalid-,-Invalid-,-Invalid-,-Invalid-,-Invalid-,-Invalid-,-Invalid-,-Invalid-
6/20/2009 14:10,-Invalid-,-Invalid-,-Invalid-,-Invalid-,-Invalid-,-Invalid-,-Invalid-,-Invalid-,-Invalid-,-Invalid-
6/20/2009 14:20,-Invalid-,-Invalid-,-Invalid-,-Invalid-,-Invalid-,-Invalid-,-Invalid-,-Invalid-,-Invalid-,-Invalid-
6/20/2009 14:30,-Invalid-,-Invalid-,-Invalid-,-Invalid-,-Invalid-,-Invalid-,-Invalid-,-Invalid-,-Invalid-,-Invalid-
6/20/2009 14:40,-Invalid-,-Invalid-,-Invalid-,-Invalid-,-Invalid-,-Invalid-,-Invalid-,-Invalid-,-Invalid-,-Invalid-
6/20/2009 14:50,-Invalid-,-Invalid-,-Invalid-,-Invalid-,-Invalid-,-Invalid-,-Invalid-,-Invalid-,-Invalid-,-Invalid-
6/20/2009 15:00,-Invalid-,-Invalid-,-Invalid-,-Invalid-,-Invalid-,-Invalid-,-Invalid-,-Invalid-,-Invalid-,-Invalid-
6/20/2009 15:10,-Invalid-,-Invalid-,-Invalid-,-Invalid-,-Invalid-,-Invalid-,-Invalid-,-Invalid-,-Invalid-,-Invalid-
6/20/2009 15:20,-Invalid-,-Invalid-,-Invalid-,-Invalid-,-Invalid-,-Invalid-,-Invalid-,-Invalid-,-Invalid-,-Invalid-
6/20/2009 15:30,-Invalid-,-Invalid-,-Invalid-,-Invalid-,-Invalid-,-Invalid-,-Invalid-,-Invalid-,-Invalid-,-Invalid-
6/20/2009 15:40,-Invalid-,-Invalid-,-Invalid-,-Invalid-,-Invalid-,-Invalid-,-Invalid-,-Invalid-,-Invalid-,-Invalid-
6/20/2009 15:50,-Invalid-,-Invalid-,-Invalid-,-Invalid-,-Invalid-,-Invalid-,-Invalid-,-Invalid-,-Invalid-,-Invalid-
6/20/2009 16:00,-Invalid-,-Invalid-,-Invalid-,-Invalid-,-Invalid-,-Invalid-,-Invalid-,-Invalid-,-Invalid-,-Invalid-
6/20/2009 16:10,-Invalid-,-Invalid-,-Invalid-,-Invalid-,-Invalid-,-Invalid-,-Invalid-,-Invalid-,-Invalid-,-Invalid-
6/20/2009 16:20,-Invalid-,-Invalid-,-Invalid-,-Invalid-,-Invalid-,-Invalid-,-Invalid-,-Invalid-,-Invalid-,-Invalid-
6/20/2009 16:30,-Invalid-,-Invalid-,-Invalid-,-Invalid-,-Invalid-,-Invalid-,-Invalid-,-Invalid-,-Invalid-,-Invalid-
6/20/2009 16:40,-Invalid-,-Invalid-,-Invalid-,-Invalid-,-Invalid-,-Invalid-,-Invalid-,-Invalid-,-Invalid-,-Invalid-
6/20/2009 16:50,-Invalid-,-Invalid-,-Invalid-,-Invalid-,-Invalid-,-Invalid-,-Invalid-,-Invalid-,-Invalid-,-Invalid-
6/20/2009 17:00,-Invalid-,-Invalid-,-Invalid-,-Invalid-,-Invalid-,-Invalid-,-Invalid-,-Invalid-,-Invalid-,-Invalid-
6/20/2009 17:10,-Invalid-,-Invalid-,-Invalid-,-Invalid-,-Invalid-,-Invalid-,-Invalid-,-Invalid-,-Invalid-,-Invalid-
6/20/2009 17:20,-Invalid-,-Invalid-,-Invalid-,-Invalid-,-Invalid-,-Invalid-,-Invalid-,-Invalid-,-Invalid-,-Invalid-
6/20/2009 17:30,-Invalid-,-Invalid-,-Invalid-,-Invalid-,-Invalid-,-Invalid-,-Invalid-,-Invalid-,-Invalid-,-Invalid-
6/20/2009 17:40,-Invalid-,-Invalid-,-Invalid-,-Invalid-,-Invalid-,-Invalid-,-Invalid-,-Invalid-,-Invalid-,-Invalid-
6/20/2009 17:50,-Invalid-,-Invalid-,-Invalid-,-Invalid-,-Invalid-,-Invalid-,-Invalid-,-Invalid-,-Invalid-,-Invalid-
6/20/2009 18:00,-Invalid-,-Invalid-,-Invalid-,-Invalid-,-Invalid-,-Invalid-,-Invalid-,-Invalid-,-Invalid-,-Invalid-
6/20/2009 18:10,-Invalid-,-Invalid-,-Invalid-,-Invalid-,-Invalid-,-Invalid-,-Invalid-,-Invalid-,-Invalid-,-Invalid-
6/20/2009 18:20,-Invalid-,-Invalid-,-Invalid-,-Invalid-,-Invalid-,-Invalid-,-Invalid-,-Invalid-,-Invalid-,-Invalid-
6/20/2009 18:30,-Invalid-,-Invalid-,-Invalid-,-Invalid-,-Invalid-,-Invalid-,-Invalid-,-Invalid-,-Invalid-,-Invalid-
6/20/2009 18:40,-Invalid-,-Invalid-,-Invalid-,-Invalid-,-Invalid-,-Invalid-,-Invalid-,-Invalid-,-Invalid-,-Invalid-
6/20/2009 18:50,-Invalid-,-Invalid-,-Invalid-,-Invalid-,-Invalid-,-Invalid-,-Invalid-,-Invalid-,-Invalid-,-Invalid-
6/20/2009 19:00,-Invalid-,-Invalid-,-Invalid-,-Invalid-,-Invalid-,-Invalid-,-Invalid-,-Invalid-,-Invalid-,-Invalid-
6/20/2009 19:10,-Invalid-,-Invalid-,-Invalid-,-Invalid-,-Invalid-,-Invalid-,-Invalid-,-Invalid-,-Invalid-,-Invalid-
6/20/2009 19:20,-Invalid-,-Invalid-,-Invalid-,-Invalid-,-Invalid-,-Invalid-,-Invalid-,-Invalid-,-Invalid-,-Invalid-
6/20/2009 19:30,-Invalid-,-Invalid-,-Invalid-,-Invalid-,-Invalid-,-Invalid-,-Invalid-,-Invalid-,-Invalid-,-Invalid-
6/20/2009 19:40,-Invalid-,-Invalid-,-Invalid-,-Invalid-,-Invalid-,-Invalid-,-Invalid-,-Invalid-,-Invalid-,-Invalid-
6/20/2009 19:50,-Invalid-,-Invalid-,-Invalid-,-Invalid-,-Invalid-,-Invalid-,-Invalid-,-Invalid-,-Invalid-,-Invalid-
6/20/2009 20:00,-Invalid-,-Invalid-,-Invalid-,-Invalid-,-Invalid-,-Invalid-,-Invalid-,-Invalid-,-Invalid-,-Invalid-
6/20/2009 20:10,-Invalid-,-Invalid-,-Invalid-,-Invalid-,-Invalid-,-Invalid-,-Invalid-,-Invalid-,-Invalid-,-Invalid-
6/20/2009 20:20,-Invalid-,-Invalid-,-Invalid-,-Invalid-,-Invalid-,-Invalid-,-Invalid-,-Invalid-,-Invalid-,-Invalid-
6/20/2009 20:30,-Invalid-,-Invalid-,-Invalid-,-Invalid-,-Invalid-,-Invalid-,-Invalid-,-Invalid-,-Invalid-,-Invalid-
6/20/2009 20:40,-Invalid-,-Invalid-,-Invalid-,-Invalid-,-Invalid-,-Invalid-,-Invalid-,-Invalid-,-Invalid-,-Invalid-
6/20/2009 20:50,-Invalid-,-Invalid-,-Invalid-,-Invalid-,-Invalid-,-Invalid-,-Invalid-,-Invalid-,-Invalid-,-Invalid-
6/20/2009 21:00,-Invalid-,-Invalid-,-Invalid-,-Invalid-,-Invalid-,-Invalid-,-Invalid-,-Invalid-,-Invalid-,-Invalid-
6/20/2009 21:10,-Invalid-,-Invalid-,-Invalid-,-Invalid-,-Invalid-,-Invalid-,-Invalid-,-Invalid-,-Invalid-,-Invalid-
6/20/2009 21:20,-Invalid-,-Invalid-,-Invalid-,-Invalid-,-Invalid-,-Invalid-,-Invalid-,-Invalid-,-Invalid-,-Invalid-
6/20/2009 21:30,-Invalid-,-Invalid-,-Invalid-,-Invalid-,-Invalid-,-Invalid-,-Invalid-,-Invalid-,-Invalid-,-Invalid-
6/20/2009 21:40,-Invalid-,-Invalid-,-Invalid-,-Invalid-,-Invalid-,-Invalid-,-Invalid-,-Invalid-,-Invalid-,-Invalid-
6/20/2009 21:50,-Invalid-,-Invalid-,-Invalid-,-Invalid-,-Invalid-,-Invalid-,-Invalid-,-Invalid-,-Invalid-,-Invalid-
6/20/2009 22:00,-Invalid-,-Invalid-,-Invalid-,-Invalid-,-Invalid-,-Invalid-,-Invalid-,-Invalid-,-Invalid-,-Invalid-
6/20/2009 22:10,-Invalid-,-Invalid-,-Invalid-,-Invalid-,-Invalid-,-Invalid-,-Invalid-,-Invalid-,-Invalid-,-Invalid-
6/20/2009 22:20,-Invalid-,-Invalid-,-Invalid-,-Invalid-,-Invalid-,-Invalid-,-Invalid-,-Invalid-,-Invalid-,-Invalid-
6/20/2009 22:30,-Invalid-,-Invalid-,-Invalid-,-Invalid-,-Invalid-,-Invalid-,-Invalid-,-Invalid-,-Invalid-,-Invalid-
6/20/2009 22:40,-Invalid-,-Invalid-,-Invalid-,-Invalid-,-Invalid-,-Invalid-,-Invalid-,-Invalid-,-Invalid-,-Invalid-
6/20/2009 22:50,-Invalid-,-Invalid-,-Invalid-,-Invalid-,-Invalid-,-Invalid-,-Invalid-,-Invalid-,-Invalid-,-Invalid-
6/20/2009 23:00,-Invalid-,-Invalid-,-Invalid-,-Invalid-,-Invalid-,-Invalid-,-Invalid-,-Invalid-,-Invalid-,-Invalid-
6/20/2009 23:10,-Invalid-,-Invalid-,-Invalid-,-Invalid-,-Invalid-,-Invalid-,-Invalid-,-Invalid-,-Invalid-,-Invalid-
6/20/2009 23:20,-Invalid-,-Invalid-,-Invalid-,-Invalid-,-Invalid-,-Invalid-,-Invalid-,-Invalid-,-Invalid-,-Invalid-
6/20/2009 23:30,-Invalid-,-Invalid-,-Invalid-,-Invalid-,-Invalid-,-Invalid-,-Invalid-,-Invalid-,-Invalid-,-Invalid-
6/20/2009 23:40,-Invalid-,-Invalid-,-Invalid-,-Invalid-,-Invalid-,-Invalid-,-Invalid-,-Invalid-,-Invalid-,-Invalid-
6/20/2009 23:50,-Invalid-,-Invalid-,-Invalid-,-Invalid-,-Invalid-,-Invalid-,-Invalid-,-Invalid-,-Invalid-,-Invalid-
6/21/2009 0:00,-Invalid-,-Invalid-,-Invalid-,-Invalid-,-Invalid-,-Invalid-,-Invalid-,-Invalid-,-Invalid-,-Invalid-
6/21/2009 0:10,-Invalid-,-Invalid-,-Invalid-,-Invalid-,-Invalid-,-Invalid-,-Invalid-,-Invalid-,-Invalid-,-Invalid-
6/21/2009 0:20,-Invalid-,-Invalid-,-Invalid-,-Invalid-,-Invalid-,-Invalid-,-Invalid-,-Invalid-,-Invalid-,-Invalid-
6/21/2009 0:30,-Invalid-,-Invalid-,-Invalid-,-Invalid-,-Invalid-,-Invalid-,-Invalid-,-Invalid-,-Invalid-,-Invalid-
6/21/2009 0:40,-Invalid-,-Invalid-,-Invalid-,-Invalid-,-Invalid-,-Invalid-,-Invalid-,-Invalid-,-Invalid-,-Invalid-
6/21/2009 0:50,-Invalid-,-Invalid-,-Invalid-,-Invalid-,-Invalid-,-Invalid-,-Invalid-,-Invalid-,-Invalid-,-Invalid-
6/21/2009 1:00,-Invalid-,-Invalid-,-Invalid-,-Invalid-,-Invalid-,-Invalid-,-Invalid-,-Invalid-,-Invalid-,-Invalid-
6/21/2009 1:10,-Invalid-,-Invalid-,-Invalid-,-Invalid-,-Invalid-,-Invalid-,-Invalid-,-Invalid-,-Invalid-,-Invalid-
6/21/2009 1:20,-Invalid-,-Invalid-,-Invalid-,-Invalid-,-Invalid-,-Invalid-,-Invalid-,-Invalid-,-Invalid-,-Invalid-
6/21/2009 1:30,-Invalid-,-Invalid-,-Invalid-,-Invalid-,-Invalid-,-Invalid-,-Invalid-,-Invalid-,-Invalid-,-Invalid-
6/21/2009 1:40,-Invalid-,-Invalid-,-Invalid-,-Invalid-,-Invalid-,-Invalid-,-Invalid-,-Invalid-,-Invalid-,-Invalid-
6/21/2009 1:50,-Invalid-,-Invalid-,-Invalid-,-Invalid-,-Invalid-,-Invalid-,-Invalid-,-Invalid-,-Invalid-,-Invalid-
6/21/2009 2:00,-Invalid-,-Invalid-,-Invalid-,-Invalid-,-Invalid-,-Invalid-,-Invalid-,-Invalid-,-Invalid-,-Invalid-
6/21/2009 2:10,-Invalid-,-Invalid-,-Invalid-,-Invalid-,-Invalid-,-Invalid-,-Invalid-,-Invalid-,-Invalid-,-Invalid-
6/21/2009 2:20,-Invalid-,-Invalid-,-Invalid-,-Invalid-,-Invalid-,-Invalid-,-Invalid-,-Invalid-,-Invalid-,-Invalid-
6/21/2009 2:30,-Invalid-,-Invalid-,-Invalid-,-Invalid-,-Invalid-,-Invalid-,-Invalid-,-Invalid-,-Invalid-,-Invalid-
6/21/2009 2:40,-Invalid-,-Invalid-,-Invalid-,-Invalid-,-Invalid-,-Invalid-,-Invalid-,-Invalid-,-Invalid-,-Invalid-
6/21/2009 2:50,-Invalid-,-Invalid-,-Invalid-,-Invalid-,-Invalid-,-Invalid-,-Invalid-,-Invalid-,-Invalid-,-Invalid-
6/21/2009 3:00,-Invalid-,-Invalid-,-Invalid-,-Invalid-,-Invalid-,-Invalid-,-Invalid-,-Invalid-,-Invalid-,-Invalid-
6/21/2009 3:10,-Invalid-,-Invalid-,-Invalid-,-Invalid-,-Invalid-,-Invalid-,-Invalid-,-Invalid-,-Invalid-,-Invalid-
6/21/2009 3:20,-Invalid-,-Invalid-,-Invalid-,-Invalid-,-Invalid-,-Invalid-,-Invalid-,-Invalid-,-Invalid-,-Invalid-
6/21/2009 3:30,-Invalid-,-Invalid-,-Invalid-,-Invalid-,-Invalid-,-Invalid-,-Invalid-,-Invalid-,-Invalid-,-Invalid-
6/21/2009 3:40,-Invalid-,-Invalid-,-Invalid-,-Invalid-,-Invalid-,-Invalid-,-Invalid-,-Invalid-,-Invalid-,-Invalid-
6/21/2009 3:50,-Invalid-,-Invalid-,-Invalid-,-Invalid-,-Invalid-,-Invalid-,-Invalid-,-Invalid-,-Invalid-,-Invalid-
6/21/2009 4:00,-Invalid-,-Invalid-,-Invalid-,-Invalid-,-Invalid-,-Invalid-,-Invalid-,-Invalid-,-Invalid-,-Invalid-
6/21/2009 4:10,-Invalid-,-Invalid-,-Invalid-,-Invalid-,-Invalid-,-Invalid-,-Invalid-,-Invalid-,-Invalid-,-Invalid-
6/21/2009 4:20,-Invalid-,-Invalid-,-Invalid-,-Invalid-,-Invalid-,-Invalid-,-Invalid-,-Invalid-,-Invalid-,-Invalid-
6/21/2009 4:30,-Invalid-,-Invalid-,-Invalid-,-Invalid-,-Invalid-,-Invalid-,-Invalid-,-Invalid-,-Invalid-,-Invalid-
6/21/2009 4:40,-Invalid-,-Invalid-,-Invalid-,-Invalid-,-Invalid-,-Invalid-,-Invalid-,-Invalid-,-Invalid-,-Invalid-
6/21/2009 4:50,-Invalid-,-Invalid-,-Invalid-,-Invalid-,-Invalid-,-Invalid-,-Invalid-,-Invalid-,-Invalid-,-Invalid-
6/21/2009 5:00,-Invalid-,-Invalid-,-Invalid-,-Invalid-,-Invalid-,-Invalid-,-Invalid-,-Invalid-,-Invalid-,-Invalid-
6/21/2009 5:10,-Invalid-,-Invalid-,-Invalid-,-Invalid-,-Invalid-,-Invalid-,-Invalid-,-Invalid-,-Invalid-,-Invalid-
6/21/2009 5:20,-Invalid-,-Invalid-,-Invalid-,-Invalid-,-Invalid-,-Invalid-,-Invalid-,-Invalid-,-Invalid-,-Invalid-
6/21/2009 5:30,-Invalid-,-Invalid-,-Invalid-,-Invalid-,-Invalid-,-Invalid-,-Invalid-,-Invalid-,-Invalid-,-Invalid-
6/21/2009 5:40,-Invalid-,-Invalid-,-Invalid-,-Invalid-,-Invalid-,-Invalid-,-Invalid-,-Invalid-,-Invalid-,-Invalid-
6/21/2009 5:50,-Invalid-,-Invalid-,-Invalid-,-Invalid-,-Invalid-,-Invalid-,-Invalid-,-Invalid-,-Invalid-,-Invalid-
6/21/2009 6:00,-Invalid-,-Invalid-,-Invalid-,-Invalid-,-Invalid-,-Invalid-,-Invalid-,-Invalid-,-Invalid-,-Invalid-
6/21/2009 6:10,-Invalid-,-Invalid-,-Invalid-,-Invalid-,-Invalid-,-Invalid-,-Invalid-,-Invalid-,-Invalid-,-Invalid-
6/21/2009 6:20,-Invalid-,-Invalid-,-Invalid-,-Invalid-,-Invalid-,-Invalid-,-Invalid-,-Invalid-,-Invalid-,-Invalid-
6/21/2009 6:30,-Invalid-,-Invalid-,-Invalid-,-Invalid-,-Invalid-,-Invalid-,-Invalid-,-Invalid-,-Invalid-,-Invalid-
6/21/2009 6:40,-Invalid-,-Invalid-,-Invalid-,-Invalid-,-Invalid-,-Invalid-,-Invalid-,-Invalid-,-Invalid-,-Invalid-
6/21/2009 6:50,-Invalid-,-Invalid-,-Invalid-,-Invalid-,-Invalid-,-Invalid-,-Invalid-,-Invalid-,-Invalid-,-Invalid-
6/21/2009 7:00,-Invalid-,-Invalid-,-Invalid-,-Invalid-,-Invalid-,-Invalid-,-Invalid-,-Invalid-,-Invalid-,-Invalid-
6/21/2009 7:10,-Invalid-,-Invalid-,-Invalid-,-Invalid-,-Invalid-,-Invalid-,-Invalid-,-Invalid-,-Invalid-,-Invalid-
6/21/2009 7:20,-Invalid-,-Invalid-,-Invalid-,-Invalid-,-Invalid-,-Invalid-,-Invalid-,-Invalid-,-Invalid-,-Invalid-
6/21/2009 7:30,-Invalid-,-Invalid-,-Invalid-,-Invalid-,-Invalid-,-Invalid-,-Invalid-,-Invalid-,-Invalid-,-Invalid-
6/21/2009 7:40,-Invalid-,-Invalid-,-Invalid-,-Invalid-,-Invalid-,-Invalid-,-Invalid-,-Invalid-,-Invalid-,-Invalid-
6/21/2009 7:50,-Invalid-,-Invalid-,-Invalid-,-Invalid-,-Invalid-,-Invalid-,-Invalid-,-Invalid-,-Invalid-,-Invalid-
6/21/2009 8:00,-Invalid-,-Invalid-,-Invalid-,-Invalid-,-Invalid-,-Invalid-,-Invalid-,-Invalid-,-Invalid-,-Invalid-
6/21/2009 8:10,-Invalid-,-Invalid-,-Invalid-,-Invalid-,-Invalid-,-Invalid-,-Invalid-,-Invalid-,-Invalid-,-Invalid-
6/21/2009 8:20,-Invalid-,-Invalid-,-Invalid-,-Invalid-,-Invalid-,-Invalid-,-Invalid-,-Invalid-,-Invalid-,-Invalid-
6/21/2009 8:30,-Invalid-,-Invalid-,-Invalid-,-Invalid-,-Invalid-,-Invalid-,-Invalid-,-Invalid-,-Invalid-,-Invalid-
6/21/2009 8:40,-Invalid-,-Invalid-,-Invalid-,-Invalid-,-Invalid-,-Invalid-,-Invalid-,-Invalid-,-Invalid-,-Invalid-
6/21/2009 8:50,-Invalid-,-Invalid-,-Invalid-,-Invalid-,-Invalid-,-Invalid-,-Invalid-,-Invalid-,-Invalid-,-Invalid-
6/21/2009 9:00,-Invalid-,-Invalid-,-Invalid-,-Invalid-,-Invalid-,-Invalid-,-Invalid-,-Invalid-,-Invalid-,-Invalid-
6/21/2009 9:10,-Invalid-,-Invalid-,-Invalid-,-Invalid-,-Invalid-,-Invalid-,-Invalid-,-Invalid-,-Invalid-,-Invalid-
6/21/2009 9:20,-Invalid-,-Invalid-,-Invalid-,-Invalid-,-Invalid-,-Invalid-,-Invalid-,-Invalid-,-Invalid-,-Invalid-
6/21/2009 9:30,-Invalid-,-Invalid-,-Invalid-,-Invalid-,-Invalid-,-Invalid-,-Invalid-,-Invalid-,-Invalid-,-Invalid-
6/21/2009 9:40,-Invalid-,-Invalid-,-Invalid-,-Invalid-,-Invalid-,-Invalid-,-Invalid-,-Invalid-,-Invalid-,-Invalid-
6/21/2009 9:50,-Invalid-,-Invalid-,-Invalid-,-Invalid-,-Invalid-,-Invalid-,-Invalid-,-Invalid-,-Invalid-,-Invalid-
6/21/2009 10:00,-Invalid-,-Invalid-,-Invalid-,-Invalid-,-Invalid-,-Invalid-,-Invalid-,-Invalid-,-Invalid-,-Invalid-
6/21/2009 10:10,-Invalid-,-Invalid-,-Invalid-,-Invalid-,-Invalid-,-Invalid-,-Invalid-,-Invalid-,-Invalid-,-Invalid-
6/21/2009 10:20,-Invalid-,-Invalid-,-Invalid-,-Invalid-,-Invalid-,-Invalid-,-Invalid-,-Invalid-,-Invalid-,-Invalid-
6/21/2009 10:30,-Invalid-,-Invalid-,-Invalid-,-Invalid-,-Invalid-,-Invalid-,-Invalid-,-Invalid-,-Invalid-,-Invalid-
6/21/2009 10:40,-Invalid-,-Invalid-,-Invalid-,-Invalid-,-Invalid-,-Invalid-,-Invalid-,-Invalid-,-Invalid-,-Invalid-
6/21/2009 10:50,-Invalid-,-Invalid-,-Invalid-,-Invalid-,-Invalid-,-Invalid-,-Invalid-,-Invalid-,-Invalid-,-Invalid-
6/21/2009 11:00,-Invalid-,-Invalid-,-Invalid-,-Invalid-,-Invalid-,-Invalid-,-Invalid-,-Invalid-,-Invalid-,-Invalid-
6/21/2009 11:10,-Invalid-,-Invalid-,-Invalid-,-Invalid-,-Invalid-,-Invalid-,-Invalid-,-Invalid-,-Invalid-,-Invalid-
6/21/2009 11:20,-Invalid-,-Invalid-,-Invalid-,-Invalid-,-Invalid-,-Invalid-,-Invalid-,-Invalid-,-Invalid-,-Invalid-
6/21/2009 11:30,-Invalid-,-Invalid-,-Invalid-,-Invalid-,-Invalid-,-Invalid-,-Invalid-,-Invalid-,-Invalid-,-Invalid-
6/21/2009 11:40,-Invalid-,-Invalid-,-Invalid-,-Invalid-,-Invalid-,-Invalid-,-Invalid-,-Invalid-,-Invalid-,-Invalid-
6/21/2009 11:50,-Invalid-,-Invalid-,-Invalid-,-Invalid-,-Invalid-,-Invalid-,-Invalid-,-Invalid-,-Invalid-,-Invalid-
6/21/2009 12:00,-Invalid-,-Invalid-,-Invalid-,-Invalid-,-Invalid-,-Invalid-,-Invalid-,-Invalid-,-Invalid-,-Invalid-
6/21/2009 12:10,-Invalid-,-Invalid-,-Invalid-,-Invalid-,-Invalid-,-Invalid-,-Invalid-,-Invalid-,-Invalid-,-Invalid-
6/21/2009 12:20,-Invalid-,-Invalid-,-Invalid-,-Invalid-,-Invalid-,-Invalid-,-Invalid-,-Invalid-,-Invalid-,-Invalid-
6/21/2009 12:30,-Invalid-,-Invalid-,-Invalid-,-Invalid-,-Invalid-,-Invalid-,-Invalid-,-Invalid-,-Invalid-,-Invalid-
6/21/2009 12:40,-Invalid-,-Invalid-,-Invalid-,-Invalid-,-Invalid-,-Invalid-,-Invalid-,-Invalid-,-Invalid-,-Invalid-
6/21/2009 12:50,-Invalid-,-Invalid-,-Invalid-,-Invalid-,-Invalid-,-Invalid-,-Invalid-,-Invalid-,-Invalid-,-Invalid-
6/21/2009 13:00,-Invalid-,-Invalid-,-Invalid-,-Invalid-,-Invalid-,-Invalid-,-Invalid-,-Invalid-,-Invalid-,-Invalid-
6/21/2009 13:10,-Invalid-,-Invalid-,-Invalid-,-Invalid-,-Invalid-,-Invalid-,-Invalid-,-Invalid-,-Invalid-,-Invalid-
6/21/2009 13:20,-Invalid-,-Invalid-,-Invalid-,-Invalid-,-Invalid-,-Invalid-,-Invalid-,-Invalid-,-Invalid-,-Invalid-
6/21/2009 13:30,-Invalid-,-Invalid-,-Invalid-,-Invalid-,-Invalid-,-Invalid-,-Invalid-,-Invalid-,-Invalid-,-Invalid-
6/21/2009 13:40,-Invalid-,-Invalid-,-Invalid-,-Invalid-,-Invalid-,-Invalid-,-Invalid-,-Invalid-,-Invalid-,-Invalid-
6/21/2009 13:50,-Invalid-,-Invalid-,-Invalid-,-Invalid-,-Invalid-,-Invalid-,-Invalid-,-Invalid-,-Invalid-,-Invalid-
6/21/2009 14:00,-Invalid-,-Invalid-,-Invalid-,-Invalid-,-Invalid-,-Invalid-,-Invalid-,-Invalid-,-Invalid-,-Invalid-
6/21/2009 14:10,-Invalid-,-Invalid-,-Invalid-,-Invalid-,-Invalid-,-Invalid-,-Invalid-,-Invalid-,-Invalid-,-Invalid-
6/21/2009 14:20,-Invalid-,-Invalid-,-Invalid-,-Invalid-,-Invalid-,-Invalid-,-Invalid-,-Invalid-,-Invalid-,-Invalid-
6/21/2009 14:30,-Invalid-,-Invalid-,-Invalid-,-Invalid-,-Invalid-,-Invalid-,-Invalid-,-Invalid-,-Invalid-,-Invalid-
6/21/2009 14:40,-Invalid-,-Invalid-,-Invalid-,-Invalid-,-Invalid-,-Invalid-,-Invalid-,-Invalid-,-Invalid-,-Invalid-
6/21/2009 14:50,-Invalid-,-Invalid-,-Invalid-,-Invalid-,-Invalid-,-Invalid-,-Invalid-,-Invalid-,-Invalid-,-Invalid-
6/21/2009 15:00,-Invalid-,-Invalid-,-Invalid-,-Invalid-,-Invalid-,-Invalid-,-Invalid-,-Invalid-,-Invalid-,-Invalid-
6/21/2009 15:10,-Invalid-,-Invalid-,-Invalid-,-Invalid-,-Invalid-,-Invalid-,-Invalid-,-Invalid-,-Invalid-,-Invalid-
6/21/2009 15:20,-Invalid-,-Invalid-,-Invalid-,-Invalid-,-Invalid-,-Invalid-,-Invalid-,-Invalid-,-Invalid-,-Invalid-
6/21/2009 15:30,-Invalid-,-Invalid-,-Invalid-,-Invalid-,-Invalid-,-Invalid-,-Invalid-,-Invalid-,-Invalid-,-Invalid-
6/21/2009 15:40,-Invalid-,-Invalid-,-Invalid-,-Invalid-,-Invalid-,-Invalid-,-Invalid-,-Invalid-,-Invalid-,-Invalid-
6/21/2009 15:50,-Invalid-,-Invalid-,-Invalid-,-Invalid-,-Invalid-,-Invalid-,-Invalid-,-Invalid-,-Invalid-,-Invalid-
6/21/2009 16:00,-Invalid-,-Invalid-,-Invalid-,-Invalid-,-Invalid-,-Invalid-,-Invalid-,-Invalid-,-Invalid-,-Invalid-
6/21/2009 16:10,-Invalid-,-Invalid-,-Invalid-,-Invalid-,-Invalid-,-Invalid-,-Invalid-,-Invalid-,-Invalid-,-Invalid-
6/21/2009 16:20,-Invalid-,-Invalid-,-Invalid-,-Invalid-,-Invalid-,-Invalid-,-Invalid-,-Invalid-,-Invalid-,-Invalid-
6/21/2009 16:30,-Invalid-,-Invalid-,-Invalid-,-Invalid-,-Invalid-,-Invalid-,-Invalid-,-Invalid-,-Invalid-,-Invalid-
6/21/2009 16:40,-Invalid-,-Invalid-,-Invalid-,-Invalid-,-Invalid-,-Invalid-,-Invalid-,-Invalid-,-Invalid-,-Invalid-
6/21/2009 16:50,-Invalid-,-Invalid-,-Invalid-,-Invalid-,-Invalid-,-Invalid-,-Invalid-,-Invalid-,-Invalid-,-Invalid-
6/21/2009 17:00,-Invalid-,-Invalid-,-Invalid-,-Invalid-,-Invalid-,-Invalid-,-Invalid-,-Invalid-,-Invalid-,-Invalid-
6/21/2009 17:10,-Invalid-,-Invalid-,-Invalid-,-Invalid-,-Invalid-,-Invalid-,-Invalid-,-Invalid-,-Invalid-,-Invalid-
6/21/2009 17:20,-Invalid-,-Invalid-,-Invalid-,-Invalid-,-Invalid-,-Invalid-,-Invalid-,-Invalid-,-Invalid-,-Invalid-
6/21/2009 17:30,-Invalid-,-Invalid-,-Invalid-,-Invalid-,-Invalid-,-Invalid-,-Invalid-,-Invalid-,-Invalid-,-Invalid-
6/21/2009 17:40,-Invalid-,-Invalid-,-Invalid-,-Invalid-,-Invalid-,-Invalid-,-Invalid-,-Invalid-,-Invalid-,-Invalid-
6/21/2009 17:50,-Invalid-,-Invalid-,-Invalid-,-Invalid-,-Invalid-,-Invalid-,-Invalid-,-Invalid-,-Invalid-,-Invalid-
6/21/2009 18:00,-Invalid-,-Invalid-,-Invalid-,-Invalid-,-Invalid-,-Invalid-,-Invalid-,-Invalid-,-Invalid-,-Invalid-
6/21/2009 18:10,-Invalid-,-Invalid-,-Invalid-,-Invalid-,-Invalid-,-Invalid-,-Invalid-,-Invalid-,-Invalid-,-Invalid-
6/21/2009 18:20,-Invalid-,-Invalid-,-Invalid-,-Invalid-,-Invalid-,-Invalid-,-Invalid-,-Invalid-,-Invalid-,-Invalid-
6/21/2009 18:30,-Invalid-,-Invalid-,-Invalid-,-Invalid-,-Invalid-,-Invalid-,-Invalid-,-Invalid-,-Invalid-,-Invalid-
6/21/2009 18:40,-Invalid-,-Invalid-,-Invalid-,-Invalid-,-Invalid-,-Invalid-,-Invalid-,-Invalid-,-Invalid-,-Invalid-
6/21/2009 18:50,-Invalid-,-Invalid-,-Invalid-,-Invalid-,-Invalid-,-Invalid-,-Invalid-,-Invalid-,-Invalid-,-Invalid-
6/21/2009 19:00,-Invalid-,-Invalid-,-Invalid-,-Invalid-,-Invalid-,-Invalid-,-Invalid-,-Invalid-,-Invalid-,-Invalid-
6/21/2009 19:10,-Invalid-,-Invalid-,-Invalid-,-Invalid-,-Invalid-,-Invalid-,-Invalid-,-Invalid-,-Invalid-,-Invalid-
6/21/2009 19:20,-Invalid-,-Invalid-,-Invalid-,-Invalid-,-Invalid-,-Invalid-,-Invalid-,-Invalid-,-Invalid-,-Invalid-
6/21/2009 19:30,-Invalid-,-Invalid-,-Invalid-,-Invalid-,-Invalid-,-Invalid-,-Invalid-,-Invalid-,-Invalid-,-Invalid-
6/21/2009 19:40,-Invalid-,-Invalid-,-Invalid-,-Invalid-,-Invalid-,-Invalid-,-Invalid-,-Invalid-,-Invalid-,-Invalid-
6/21/2009 19:50,-Invalid-,-Invalid-,-Invalid-,-Invalid-,-Invalid-,-Invalid-,-Invalid-,-Invalid-,-Invalid-,-Invalid-
6/21/2009 20:00,-Invalid-,-Invalid-,-Invalid-,-Invalid-,-Invalid-,-Invalid-,-Invalid-,-Invalid-,-Invalid-,-Invalid-
6/21/2009 20:10,-Invalid-,-Invalid-,-Invalid-,-Invalid-,-Invalid-,-Invalid-,-Invalid-,-Invalid-,-Invalid-,-Invalid-
6/21/2009 20:20,-Invalid-,-Invalid-,-Invalid-,-Invalid-,-Invalid-,-Invalid-,-Invalid-,-Invalid-,-Invalid-,-Invalid-
6/21/2009 20:30,-Invalid-,-Invalid-,-Invalid-,-Invalid-,-Invalid-,-Invalid-,-Invalid-,-Invalid-,-Invalid-,-Invalid-
6/21/2009 20:40,-Invalid-,-Invalid-,-Invalid-,-Invalid-,-Invalid-,-Invalid-,-Invalid-,-Invalid-,-Invalid-,-Invalid-
6/21/2009 20:50,-Invalid-,-Invalid-,-Invalid-,-Invalid-,-Invalid-,-Invalid-,-Invalid-,-Invalid-,-Invalid-,-Invalid-
6/21/2009 21:00,-Invalid-,-Invalid-,-Invalid-,-Invalid-,-Invalid-,-Invalid-,-Invalid-,-Invalid-,-Invalid-,-Invalid-
6/21/2009 21:10,-Invalid-,-Invalid-,-Invalid-,-Invalid-,-Invalid-,-Invalid-,-Invalid-,-Invalid-,-Invalid-,-Invalid-
6/21/2009 21:20,-Invalid-,-Invalid-,-Invalid-,-Invalid-,-Invalid-,-Invalid-,-Invalid-,-Invalid-,-Invalid-,-Invalid-
6/21/2009 21:30,-Invalid-,-Invalid-,-Invalid-,-Invalid-,-Invalid-,-Invalid-,-Invalid-,-Invalid-,-Invalid-,-Invalid-
6/21/2009 21:40,-Invalid-,-Invalid-,-Invalid-,-Invalid-,-Invalid-,-Invalid-,-Invalid-,-Invalid-,-Invalid-,-Invalid-
6/21/2009 21:50,-Invalid-,-Invalid-,-Invalid-,-Invalid-,-Invalid-,-Invalid-,-Invalid-,-Invalid-,-Invalid-,-Invalid-
6/21/2009 22:00,-Invalid-,-Invalid-,-Invalid-,-Invalid-,-Invalid-,-Invalid-,-Invalid-,-Invalid-,-Invalid-,-Invalid-
6/21/2009 22:10,-Invalid-,-Invalid-,-Invalid-,-Invalid-,-Invalid-,-Invalid-,-Invalid-,-Invalid-,-Invalid-,-Invalid-
6/21/2009 22:20,-Invalid-,-Invalid-,-Invalid-,-Invalid-,-Invalid-,-Invalid-,-Invalid-,-Invalid-,-Invalid-,-Invalid-
6/21/2009 22:30,-Invalid-,-Invalid-,-Invalid-,-Invalid-,-Invalid-,-Invalid-,-Invalid-,-Invalid-,-Invalid-,-Invalid-
6/21/2009 22:40,-Invalid-,-Invalid-,-Invalid-,-Invalid-,-Invalid-,-Invalid-,-Invalid-,-Invalid-,-Invalid-,-Invalid-
6/21/2009 22:50,-Invalid-,-Invalid-,-Invalid-,-Invalid-,-Invalid-,-Invalid-,-Invalid-,-Invalid-,-Invalid-,-Invalid-
6/21/2009 23:00,-Invalid-,-Invalid-,-Invalid-,-Invalid-,-Invalid-,-Invalid-,-Invalid-,-Invalid-,-Invalid-,-Invalid-
6/21/2009 23:10,-Invalid-,-Invalid-,-Invalid-,-Invalid-,-Invalid-,-Invalid-,-Invalid-,-Invalid-,-Invalid-,-Invalid-
6/21/2009 23:20,-Invalid-,-Invalid-,-Invalid-,-Invalid-,-Invalid-,-Invalid-,-Invalid-,-Invalid-,-Invalid-,-Invalid-
6/21/2009 23:30,-Invalid-,-Invalid-,-Invalid-,-Invalid-,-Invalid-,-Invalid-,-Invalid-,-Invalid-,-Invalid-,-Invalid-
6/21/2009 23:40,-Invalid-,-Invalid-,-Invalid-,-Invalid-,-Invalid-,-Invalid-,-Invalid-,-Invalid-,-Invalid-,-Invalid-
6/21/2009 23:50,-Invalid-,-Invalid-,-Invalid-,-Invalid-,-Invalid-,-Invalid-,-Invalid-,-Invalid-,-Invalid-,-Invalid-
6/22/2009 0:00,-Invalid-,-Invalid-,-Invalid-,-Invalid-,-Invalid-,-Invalid-,-Invalid-,-Invalid-,-Invalid-,-Invalid-
6/22/2009 0:10,-Invalid-,-Invalid-,-Invalid-,-Invalid-,-Invalid-,-Invalid-,-Invalid-,-Invalid-,-Invalid-,-Invalid-
6/22/2009 0:20,-Invalid-,-Invalid-,-Invalid-,-Invalid-,-Invalid-,-Invalid-,-Invalid-,-Invalid-,-Invalid-,-Invalid-
6/22/2009 0:30,-Invalid-,-Invalid-,-Invalid-,-Invalid-,-Invalid-,-Invalid-,-Invalid-,-Invalid-,-Invalid-,-Invalid-
6/22/2009 0:40,-Invalid-,-Invalid-,-Invalid-,-Invalid-,-Invalid-,-Invalid-,-Invalid-,-Invalid-,-Invalid-,-Invalid-
6/22/2009 0:50,-Invalid-,-Invalid-,-Invalid-,-Invalid-,-Invalid-,-Invalid-,-Invalid-,-Invalid-,-Invalid-,-Invalid-
6/22/2009 1:00,-Invalid-,-Invalid-,-Invalid-,-Invalid-,-Invalid-,-Invalid-,-Invalid-,-Invalid-,-Invalid-,-Invalid-
6/22/2009 1:10,-Invalid-,-Invalid-,-Invalid-,-Invalid-,-Invalid-,-Invalid-,-Invalid-,-Invalid-,-Invalid-,-Invalid-
6/22/2009 1:20,-Invalid-,-Invalid-,-Invalid-,-Invalid-,-Invalid-,-Invalid-,-Invalid-,-Invalid-,-Invalid-,-Invalid-
6/22/2009 1:30,-Invalid-,-Invalid-,-Invalid-,-Invalid-,-Invalid-,-Invalid-,-Invalid-,-Invalid-,-Invalid-,-Invalid-
6/22/2009 1:40,-Invalid-,-Invalid-,-Invalid-,-Invalid-,-Invalid-,-Invalid-,-Invalid-,-Invalid-,-Invalid-,-Invalid-
6/22/2009 1:50,-Invalid-,-Invalid-,-Invalid-,-Invalid-,-Invalid-,-Invalid-,-Invalid-,-Invalid-,-Invalid-,-Invalid-
6/22/2009 2:00,-Invalid-,-Invalid-,-Invalid-,-Invalid-,-Invalid-,-Invalid-,-Invalid-,-Invalid-,-Invalid-,-Invalid-
6/22/2009 2:10,-Invalid-,-Invalid-,-Invalid-,-Invalid-,-Invalid-,-Invalid-,-Invalid-,-Invalid-,-Invalid-,-Invalid-
6/22/2009 2:20,-Invalid-,-Invalid-,-Invalid-,-Invalid-,-Invalid-,-Invalid-,-Invalid-,-Invalid-,-Invalid-,-Invalid-
6/22/2009 2:30,-Invalid-,-Invalid-,-Invalid-,-Invalid-,-Invalid-,-Invalid-,-Invalid-,-Invalid-,-Invalid-,-Invalid-
6/22/2009 2:40,-Invalid-,-Invalid-,-Invalid-,-Invalid-,-Invalid-,-Invalid-,-Invalid-,-Invalid-,-Invalid-,-Invalid-
6/22/2009 2:50,-Invalid-,-Invalid-,-Invalid-,-Invalid-,-Invalid-,-Invalid-,-Invalid-,-Invalid-,-Invalid-,-Invalid-
6/22/2009 3:00,-Invalid-,-Invalid-,-Invalid-,-Invalid-,-Invalid-,-Invalid-,-Invalid-,-Invalid-,-Invalid-,-Invalid-
6/22/2009 3:10,-Invalid-,-Invalid-,-Invalid-,-Invalid-,-Invalid-,-Invalid-,-Invalid-,-Invalid-,-Invalid-,-Invalid-
6/22/2009 3:20,-Invalid-,-Invalid-,-Invalid-,-Invalid-,-Invalid-,-Invalid-,-Invalid-,-Invalid-,-Invalid-,-Invalid-
6/22/2009 3:30,-Invalid-,-Invalid-,-Invalid-,-Invalid-,-Invalid-,-Invalid-,-Invalid-,-Invalid-,-Invalid-,-Invalid-
6/22/2009 3:40,-Invalid-,-Invalid-,-Invalid-,-Invalid-,-Invalid-,-Invalid-,-Invalid-,-Invalid-,-Invalid-,-Invalid-
6/22/2009 3:50,-Invalid-,-Invalid-,-Invalid-,-Invalid-,-Invalid-,-Invalid-,-Invalid-,-Invalid-,-Invalid-,-Invalid-
6/22/2009 4:00,-Invalid-,-Invalid-,-Invalid-,-Invalid-,-Invalid-,-Invalid-,-Invalid-,-Invalid-,-Invalid-,-Invalid-
6/22/2009 4:10,-Invalid-,-Invalid-,-Invalid-,-Invalid-,-Invalid-,-Invalid-,-Invalid-,-Invalid-,-Invalid-,-Invalid-
6/22/2009 4:20,-Invalid-,-Invalid-,-Invalid-,-Invalid-,-Invalid-,-Invalid-,-Invalid-,-Invalid-,-Invalid-,-Invalid-
6/22/2009 4:30,-Invalid-,-Invalid-,-Invalid-,-Invalid-,-Invalid-,-Invalid-,-Invalid-,-Invalid-,-Invalid-,-Invalid-
6/22/2009 4:40,-Invalid-,-Invalid-,-Invalid-,-Invalid-,-Invalid-,-Invalid-,-Invalid-,-Invalid-,-Invalid-,-Invalid-
6/22/2009 4:50,-Invalid-,-Invalid-,-Invalid-,-Invalid-,-Invalid-,-Invalid-,-Invalid-,-Invalid-,-Invalid-,-Invalid-
6/22/2009 5:00,-Invalid-,-Invalid-,-Invalid-,-Invalid-,-Invalid-,-Invalid-,-Invalid-,-Invalid-,-Invalid-,-Invalid-
6/22/2009 5:10,-Invalid-,-Invalid-,-Invalid-,-Invalid-,-Invalid-,-Invalid-,-Invalid-,-Invalid-,-Invalid-,-Invalid-
6/22/2009 5:20,-Invalid-,-Invalid-,-Invalid-,-Invalid-,-Invalid-,-Invalid-,-Invalid-,-Invalid-,-Invalid-,-Invalid-
6/22/2009 5:30,-Invalid-,-Invalid-,-Invalid-,-Invalid-,-Invalid-,-Invalid-,-Invalid-,-Invalid-,-Invalid-,-Invalid-
6/22/2009 5:40,-Invalid-,-Invalid-,-Invalid-,-Invalid-,-Invalid-,-Invalid-,-Invalid-,-Invalid-,-Invalid-,-Invalid-
6/22/2009 5:50,-Invalid-,-Invalid-,-Invalid-,-Invalid-,-Invalid-,-Invalid-,-Invalid-,-Invalid-,-Invalid-,-Invalid-
6/22/2009 6:00,-Invalid-,-Invalid-,-Invalid-,-Invalid-,-Invalid-,-Invalid-,-Invalid-,-Invalid-,-Invalid-,-Invalid-
6/22/2009 6:10,-Invalid-,-Invalid-,-Invalid-,-Invalid-,-Invalid-,-Invalid-,-Invalid-,-Invalid-,-Invalid-,-Invalid-
6/22/2009 6:20,-Invalid-,-Invalid-,-Invalid-,-Invalid-,-Invalid-,-Invalid-,-Invalid-,-Invalid-,-Invalid-,-Invalid-
6/22/2009 6:30,-Invalid-,-Invalid-,-Invalid-,-Invalid-,-Invalid-,-Invalid-,-Invalid-,-Invalid-,-Invalid-,-Invalid-
6/22/2009 6:40,-Invalid-,-Invalid-,-Invalid-,-Invalid-,-Invalid-,-Invalid-,-Invalid-,-Invalid-,-Invalid-,-Invalid-
6/22/2009 6:50,-Invalid-,-Invalid-,-Invalid-,-Invalid-,-Invalid-,-Invalid-,-Invalid-,-Invalid-,-Invalid-,-Invalid-
6/22/2009 7:00,-Invalid-,-Invalid-,-Invalid-,-Invalid-,-Invalid-,-Invalid-,-Invalid-,-Invalid-,-Invalid-,-Invalid-
6/22/2009 7:10,-Invalid-,-Invalid-,-Invalid-,-Invalid-,-Invalid-,-Invalid-,-Invalid-,-Invalid-,-Invalid-,-Invalid-
6/22/2009 7:20,-Invalid-,-Invalid-,-Invalid-,-Invalid-,-Invalid-,-Invalid-,-Invalid-,-Invalid-,-Invalid-,-Invalid-
6/22/2009 7:30,-Invalid-,-Invalid-,-Invalid-,-Invalid-,-Invalid-,-Invalid-,-Invalid-,-Invalid-,-Invalid-,-Invalid-
6/22/2009 7:40,-Invalid-,-Invalid-,-Invalid-,-Invalid-,-Invalid-,-Invalid-,-Invalid-,-Invalid-,-Invalid-,-Invalid-
6/22/2009 7:50,-Invalid-,-Invalid-,-Invalid-,-Invalid-,-Invalid-,-Invalid-,-Invalid-,-Invalid-,-Invalid-,-Invalid-
6/22/2009 8:00,-Invalid-,-Invalid-,-Invalid-,-Invalid-,-Invalid-,-Invalid-,-Invalid-,-Invalid-,-Invalid-,-Invalid-
6/22/2009 8:10,-Invalid-,-Invalid-,-Invalid-,-Invalid-,-Invalid-,-Invalid-,-Invalid-,-Invalid-,-Invalid-,-Invalid-
6/22/2009 8:20,-Invalid-,-Invalid-,-Invalid-,-Invalid-,-Invalid-,-Invalid-,-Invalid-,-Invalid-,-Invalid-,-Invalid-
6/22/2009 8:30,-Invalid-,-Invalid-,-Invalid-,-Invalid-,-Invalid-,-Invalid-,-Invalid-,-Invalid-,-Invalid-,-Invalid-
6/22/2009 8:40,-Invalid-,-Invalid-,-Invalid-,-Invalid-,-Invalid-,-Invalid-,-Invalid-,-Invalid-,-Invalid-,-Invalid-
6/22/2009 8:50,-Invalid-,-Invalid-,-Invalid-,-Invalid-,-Invalid-,-Invalid-,-Invalid-,-Invalid-,-Invalid-,-Invalid-
6/22/2009 9:00,-Invalid-,-Invalid-,-Invalid-,-Invalid-,-Invalid-,-Invalid-,-Invalid-,-Invalid-,-Invalid-,-Invalid-
6/22/2009 9:10,-Invalid-,-Invalid-,-Invalid-,-Invalid-,-Invalid-,-Invalid-,-Invalid-,-Invalid-,-Invalid-,-Invalid-
6/22/2009 9:20,-Invalid-,-Invalid-,-Invalid-,-Invalid-,-Invalid-,-Invalid-,-Invalid-,-Invalid-,-Invalid-,-Invalid-
6/22/2009 9:30,-Invalid-,-Invalid-,-Invalid-,-Invalid-,-Invalid-,-Invalid-,-Invalid-,-Invalid-,-Invalid-,-Invalid-
6/22/2009 9:40,-Invalid-,-Invalid-,-Invalid-,-Invalid-,-Invalid-,-Invalid-,-Invalid-,-Invalid-,-Invalid-,-Invalid-
6/22/2009 9:50,-Invalid-,-Invalid-,-Invalid-,-Invalid-,-Invalid-,-Invalid-,-Invalid-,-Invalid-,-Invalid-,-Invalid-
6/22/2009 10:00,-Invalid-,-Invalid-,-Invalid-,-Invalid-,-Invalid-,-Invalid-,-Invalid-,-Invalid-,-Invalid-,-Invalid-
6/22/2009 10:10,-Invalid-,-Invalid-,-Invalid-,-Invalid-,-Invalid-,-Invalid-,-Invalid-,-Invalid-,-Invalid-,-Invalid-
6/22/2009 10:20,-Invalid-,-Invalid-,-Invalid-,-Invalid-,-Invalid-,-Invalid-,-Invalid-,-Invalid-,-Invalid-,-Invalid-
6/22/2009 10:30,-Invalid-,-Invalid-,-Invalid-,-Invalid-,-Invalid-,-Invalid-,-Invalid-,-Invalid-,-Invalid-,-Invalid-
6/22/2009 10:40,-Invalid-,-Invalid-,-Invalid-,-Invalid-,-Invalid-,-Invalid-,-Invalid-,-Invalid-,-Invalid-,-Invalid-
6/22/2009 10:50,-Invalid-,-Invalid-,-Invalid-,-Invalid-,-Invalid-,-Invalid-,-Invalid-,-Invalid-,-Invalid-,-Invalid-
6/22/2009 11:00,-Invalid-,-Invalid-,-Invalid-,-Invalid-,-Invalid-,-Invalid-,-Invalid-,-Invalid-,-Invalid-,-Invalid-
6/22/2009 11:10,-Invalid-,-Invalid-,-Invalid-,-Invalid-,-Invalid-,-Invalid-,-Invalid-,-Invalid-,-Invalid-,-Invalid-
6/22/2009 11:20,-Invalid-,-Invalid-,-Invalid-,-Invalid-,-Invalid-,-Invalid-,-Invalid-,-Invalid-,-Invalid-,-Invalid-
6/22/2009 11:30,-Invalid-,-Invalid-,-Invalid-,-Invalid-,-Invalid-,-Invalid-,-Invalid-,-Invalid-,-Invalid-,-Invalid-
6/22/2009 11:40,-Invalid-,-Invalid-,-Invalid-,-Invalid-,-Invalid-,-Invalid-,-Invalid-,-Invalid-,-Invalid-,-Invalid-
6/22/2009 11:50,-Invalid-,-Invalid-,-Invalid-,-Invalid-,-Invalid-,-Invalid-,-Invalid-,-Invalid-,-Invalid-,-Invalid-
6/22/2009 12:00,-Invalid-,-Invalid-,-Invalid-,-Invalid-,-Invalid-,-Invalid-,-Invalid-,-Invalid-,-Invalid-,-Invalid-
6/22/2009 12:10,-Invalid-,-Invalid-,-Invalid-,-Invalid-,-Invalid-,-Invalid-,-Invalid-,-Invalid-,-Invalid-,-Invalid-
6/22/2009 12:20,-Invalid-,-Invalid-,-Invalid-,-Invalid-,-Invalid-,-Invalid-,-Invalid-,-Invalid-,-Invalid-,-Invalid-
6/22/2009 12:30,-Invalid-,-Invalid-,-Invalid-,-Invalid-,-Invalid-,-Invalid-,-Invalid-,-Invalid-,-Invalid-,-Invalid-
6/22/2009 12:40,-Invalid-,-Invalid-,-Invalid-,-Invalid-,-Invalid-,-Invalid-,-Invalid-,-Invalid-,-Invalid-,-Invalid-
6/22/2009 12:50,-Invalid-,-Invalid-,-Invalid-,-Invalid-,-Invalid-,-Invalid-,-Invalid-,-Invalid-,-Invalid-,-Invalid-
6/22/2009 13:00,-Invalid-,-Invalid-,-Invalid-,-Invalid-,-Invalid-,-Invalid-,-Invalid-,-Invalid-,-Invalid-,-Invalid-
6/22/2009 13:10,-Invalid-,-Invalid-,-Invalid-,-Invalid-,-Invalid-,-Invalid-,-Invalid-,-Invalid-,-Invalid-,-Invalid-
6/22/2009 13:20,-Invalid-,-Invalid-,-Invalid-,-Invalid-,-Invalid-,-Invalid-,-Invalid-,-Invalid-,-Invalid-,-Invalid-
6/22/2009 13:30,-Invalid-,-Invalid-,-Invalid-,-Invalid-,-Invalid-,-Invalid-,-Invalid-,-Invalid-,-Invalid-,-Invalid-
6/22/2009 13:40,-Invalid-,-Invalid-,-Invalid-,-Invalid-,-Invalid-,-Invalid-,-Invalid-,-Invalid-,-Invalid-,-Invalid-
6/22/2009 13:50,-Invalid-,-Invalid-,-Invalid-,-Invalid-,-Invalid-,-Invalid-,-Invalid-,-Invalid-,-Invalid-,-Invalid-
6/22/2009 14:00,-Invalid-,-Invalid-,-Invalid-,-Invalid-,-Invalid-,-Invalid-,-Invalid-,-Invalid-,-Invalid-,-Invalid-
6/22/2009 14:10,-Invalid-,-Invalid-,-Invalid-,-Invalid-,-Invalid-,-Invalid-,-Invalid-,-Invalid-,-Invalid-,-Invalid-
6/22/2009 14:20,-Invalid-,-Invalid-,-Invalid-,-Invalid-,-Invalid-,-Invalid-,-Invalid-,-Invalid-,-Invalid-,-Invalid-
6/22/2009 14:30,-Invalid-,-Invalid-,-Invalid-,-Invalid-,-Invalid-,-Invalid-,-Invalid-,-Invalid-,-Invalid-,-Invalid-
6/22/2009 14:40,-Invalid-,-Invalid-,-Invalid-,-Invalid-,-Invalid-,-Invalid-,-Invalid-,-Invalid-,-Invalid-,-Invalid-
6/22/2009 14:50,-Invalid-,-Invalid-,-Invalid-,-Invalid-,-Invalid-,-Invalid-,-Invalid-,-Invalid-,-Invalid-,-Invalid-
6/22/2009 15:00,-Invalid-,-Invalid-,-Invalid-,-Invalid-,-Invalid-,-Invalid-,-Invalid-,-Invalid-,-Invalid-,-Invalid-
6/22/2009 15:10,-Invalid-,-Invalid-,-Invalid-,-Invalid-,-Invalid-,-Invalid-,-Invalid-,-Invalid-,-Invalid-,-Invalid-
6/22/2009 15:20,-Invalid-,-Invalid-,-Invalid-,-Invalid-,-Invalid-,-Invalid-,-Invalid-,-Invalid-,-Invalid-,-Invalid-
6/22/2009 15:30,-Invalid-,-Invalid-,-Invalid-,-Invalid-,-Invalid-,-Invalid-,-Invalid-,-Invalid-,-Invalid-,-Invalid-
6/22/2009 15:40,-Invalid-,-Invalid-,-Invalid-,-Invalid-,-Invalid-,-Invalid-,-Invalid-,-Invalid-,-Invalid-,-Invalid-
6/22/2009 15:50,-Invalid-,-Invalid-,-Invalid-,-Invalid-,-Invalid-,-Invalid-,-Invalid-,-Invalid-,-Invalid-,-Invalid-
6/22/2009 16:00,-Invalid-,-Invalid-,-Invalid-,-Invalid-,-Invalid-,-Invalid-,-Invalid-,-Invalid-,-Invalid-,-Invalid-
6/22/2009 16:10,-Invalid-,-Invalid-,-Invalid-,-Invalid-,-Invalid-,-Invalid-,-Invalid-,-Invalid-,-Invalid-,-Invalid-
6/22/2009 16:20,-Invalid-,-Invalid-,-Invalid-,-Invalid-,-Invalid-,-Invalid-,-Invalid-,-Invalid-,-Invalid-,-Invalid-
6/22/2009 16:30,-Invalid-,-Invalid-,-Invalid-,-Invalid-,-Invalid-,-Invalid-,-Invalid-,-Invalid-,-Invalid-,-Invalid-
6/22/2009 16:40,-Invalid-,-Invalid-,-Invalid-,-Invalid-,-Invalid-,-Invalid-,-Invalid-,-Invalid-,-Invalid-,-Invalid-
6/22/2009 16:50,-Invalid-,-Invalid-,-Invalid-,-Invalid-,-Invalid-,-Invalid-,-Invalid-,-Invalid-,-Invalid-,-Invalid-
6/22/2009 17:00,-Invalid-,-Invalid-,-Invalid-,-Invalid-,-Invalid-,-Invalid-,-Invalid-,-Invalid-,-Invalid-,-Invalid-
6/22/2009 17:10,-Invalid-,-Invalid-,-Invalid-,-Invalid-,-Invalid-,-Invalid-,-Invalid-,-Invalid-,-Invalid-,-Invalid-
6/22/2009 17:20,-Invalid-,-Invalid-,-Invalid-,-Invalid-,-Invalid-,-Invalid-,-Invalid-,-Invalid-,-Invalid-,-Invalid-
6/22/2009 17:30,-Invalid-,-Invalid-,-Invalid-,-Invalid-,-Invalid-,-Invalid-,-Invalid-,-Invalid-,-Invalid-,-Invalid-
6/22/2009 17:40,-Invalid-,-Invalid-,-Invalid-,-Invalid-,-Invalid-,-Invalid-,-Invalid-,-Invalid-,-Invalid-,-Invalid-
6/22/2009 17:50,-Invalid-,-Invalid-,-Invalid-,-Invalid-,-Invalid-,-Invalid-,-Invalid-,-Invalid-,-Invalid-,-Invalid-
6/22/2009 18:00,-Invalid-,-Invalid-,-Invalid-,-Invalid-,-Invalid-,-Invalid-,-Invalid-,-Invalid-,-Invalid-,-Invalid-
6/22/2009 18:10,-Invalid-,-Invalid-,-Invalid-,-Invalid-,-Invalid-,-Invalid-,-Invalid-,-Invalid-,-Invalid-,-Invalid-
6/22/2009 18:20,-Invalid-,-Invalid-,-Invalid-,-Invalid-,-Invalid-,-Invalid-,-Invalid-,-Invalid-,-Invalid-,-Invalid-
6/22/2009 18:30,-Invalid-,-Invalid-,-Invalid-,-Invalid-,-Invalid-,-Invalid-,-Invalid-,-Invalid-,-Invalid-,-Invalid-
6/22/2009 18:40,-Invalid-,-Invalid-,-Invalid-,-Invalid-,-Invalid-,-Invalid-,-Invalid-,-Invalid-,-Invalid-,-Invalid-
6/22/2009 18:50,-Invalid-,-Invalid-,-Invalid-,-Invalid-,-Invalid-,-Invalid-,-Invalid-,-Invalid-,-Invalid-,-Invalid-
6/22/2009 19:00,-Invalid-,-Invalid-,-Invalid-,-Invalid-,-Invalid-,-Invalid-,-Invalid-,-Invalid-,-Invalid-,-Invalid-
6/22/2009 19:10,-Invalid-,-Invalid-,-Invalid-,-Invalid-,-Invalid-,-Invalid-,-Invalid-,-Invalid-,-Invalid-,-Invalid-
6/22/2009 19:20,-Invalid-,-Invalid-,-Invalid-,-Invalid-,-Invalid-,-Invalid-,-Invalid-,-Invalid-,-Invalid-,-Invalid-
6/22/2009 19:30,-Invalid-,-Invalid-,-Invalid-,-Invalid-,-Invalid-,-Invalid-,-Invalid-,-Invalid-,-Invalid-,-Invalid-
6/22/2009 19:40,-Invalid-,-Invalid-,-Invalid-,-Invalid-,-Invalid-,-Invalid-,-Invalid-,-Invalid-,-Invalid-,-Invalid-
6/22/2009 19:50,-Invalid-,-Invalid-,-Invalid-,-Invalid-,-Invalid-,-Invalid-,-Invalid-,-Invalid-,-Invalid-,-Invalid-
6/22/2009 20:00,-Invalid-,-Invalid-,-Invalid-,-Invalid-,-Invalid-,-Invalid-,-Invalid-,-Invalid-,-Invalid-,-Invalid-
6/22/2009 20:10,-Invalid-,-Invalid-,-Invalid-,-Invalid-,-Invalid-,-Invalid-,-Invalid-,-Invalid-,-Invalid-,-Invalid-
6/22/2009 20:20,-Invalid-,-Invalid-,-Invalid-,-Invalid-,-Invalid-,-Invalid-,-Invalid-,-Invalid-,-Invalid-,-Invalid-
6/22/2009 20:30,-Invalid-,-Invalid-,-Invalid-,-Invalid-,-Invalid-,-Invalid-,-Invalid-,-Invalid-,-Invalid-,-Invalid-
6/22/2009 20:40,-Invalid-,-Invalid-,-Invalid-,-Invalid-,-Invalid-,-Invalid-,-Invalid-,-Invalid-,-Invalid-,-Invalid-
6/22/2009 20:50,-Invalid-,-Invalid-,-Invalid-,-Invalid-,-Invalid-,-Invalid-,-Invalid-,-Invalid-,-Invalid-,-Invalid-
6/22/2009 21:00,-Invalid-,-Invalid-,-Invalid-,-Invalid-,-Invalid-,-Invalid-,-Invalid-,-Invalid-,-Invalid-,-Invalid-
6/22/2009 21:10,-Invalid-,-Invalid-,-Invalid-,-Invalid-,-Invalid-,-Invalid-,-Invalid-,-Invalid-,-Invalid-,-Invalid-
6/22/2009 21:20,-Invalid-,-Invalid-,-Invalid-,-Invalid-,-Invalid-,-Invalid-,-Invalid-,-Invalid-,-Invalid-,-Invalid-
6/22/2009 21:30,-Invalid-,-Invalid-,-Invalid-,-Invalid-,-Invalid-,-Invalid-,-Invalid-,-Invalid-,-Invalid-,-Invalid-
6/22/2009 21:40,-Invalid-,-Invalid-,-Invalid-,-Invalid-,-Invalid-,-Invalid-,-Invalid-,-Invalid-,-Invalid-,-Invalid-
6/22/2009 21:50,-Invalid-,-Invalid-,-Invalid-,-Invalid-,-Invalid-,-Invalid-,-Invalid-,-Invalid-,-Invalid-,-Invalid-
6/22/2009 22:00,-Invalid-,-Invalid-,-Invalid-,-Invalid-,-Invalid-,-Invalid-,-Invalid-,-Invalid-,-Invalid-,-Invalid-
6/22/2009 22:10,-Invalid-,-Invalid-,-Invalid-,-Invalid-,-Invalid-,-Invalid-,-Invalid-,-Invalid-,-Invalid-,-Invalid-
6/22/2009 22:20,-Invalid-,-Invalid-,-Invalid-,-Invalid-,-Invalid-,-Invalid-,-Invalid-,-Invalid-,-Invalid-,-Invalid-
6/22/2009 22:30,-Invalid-,-Invalid-,-Invalid-,-Invalid-,-Invalid-,-Invalid-,-Invalid-,-Invalid-,-Invalid-,-Invalid-
6/22/2009 22:40,-Invalid-,-Invalid-,-Invalid-,-Invalid-,-Invalid-,-Invalid-,-Invalid-,-Invalid-,-Invalid-,-Invalid-
6/22/2009 22:50,-Invalid-,-Invalid-,-Invalid-,-Invalid-,-Invalid-,-Invalid-,-Invalid-,-Invalid-,-Invalid-,-Invalid-
6/22/2009 23:00,-Invalid-,-Invalid-,-Invalid-,-Invalid-,-Invalid-,-Invalid-,-Invalid-,-Invalid-,-Invalid-,-Invalid-
6/22/2009 23:10,-Invalid-,-Invalid-,-Invalid-,-Invalid-,-Invalid-,-Invalid-,-Invalid-,-Invalid-,-Invalid-,-Invalid-
6/22/2009 23:20,-Invalid-,-Invalid-,-Invalid-,-Invalid-,-Invalid-,-Invalid-,-Invalid-,-Invalid-,-Invalid-,-Invalid-
6/22/2009 23:30,-Invalid-,-Invalid-,-Invalid-,-Invalid-,-Invalid-,-Invalid-,-Invalid-,-Invalid-,-Invalid-,-Invalid-
6/22/2009 23:40,-Invalid-,-Invalid-,-Invalid-,-Invalid-,-Invalid-,-Invalid-,-Invalid-,-Invalid-,-Invalid-,-Invalid-
6/22/2009 23:50,-Invalid-,-Invalid-,-Invalid-,-Invalid-,-Invalid-,-Invalid-,-Invalid-,-Invalid-,-Invalid-,-Invalid-
6/23/2009 0:00,-Invalid-,-Invalid-,-Invalid-,-Invalid-,-Invalid-,-Invalid-,-Invalid-,-Invalid-,-Invalid-,-Invalid-
6/23/2009 0:10,-Invalid-,-Invalid-,-Invalid-,-Invalid-,-Invalid-,-Invalid-,-Invalid-,-Invalid-,-Invalid-,-Invalid-
6/23/2009 0:20,-Invalid-,-Invalid-,-Invalid-,-Invalid-,-Invalid-,-Invalid-,-Invalid-,-Invalid-,-Invalid-,-Invalid-
6/23/2009 0:30,-Invalid-,-Invalid-,-Invalid-,-Invalid-,-Invalid-,-Invalid-,-Invalid-,-Invalid-,-Invalid-,-Invalid-
6/23/2009 0:40,-Invalid-,-Invalid-,-Invalid-,-Invalid-,-Invalid-,-Invalid-,-Invalid-,-Invalid-,-Invalid-,-Invalid-
6/23/2009 0:50,-Invalid-,-Invalid-,-Invalid-,-Invalid-,-Invalid-,-Invalid-,-Invalid-,-Invalid-,-Invalid-,-Invalid-
6/23/2009 1:00,-Invalid-,-Invalid-,-Invalid-,-Invalid-,-Invalid-,-Invalid-,-Invalid-,-Invalid-,-Invalid-,-Invalid-
6/23/2009 1:10,-Invalid-,-Invalid-,-Invalid-,-Invalid-,-Invalid-,-Invalid-,-Invalid-,-Invalid-,-Invalid-,-Invalid-
6/23/2009 1:20,-Invalid-,-Invalid-,-Invalid-,-Invalid-,-Invalid-,-Invalid-,-Invalid-,-Invalid-,-Invalid-,-Invalid-
6/23/2009 1:30,-Invalid-,-Invalid-,-Invalid-,-Invalid-,-Invalid-,-Invalid-,-Invalid-,-Invalid-,-Invalid-,-Invalid-
6/23/2009 1:40,-Invalid-,-Invalid-,-Invalid-,-Invalid-,-Invalid-,-Invalid-,-Invalid-,-Invalid-,-Invalid-,-Invalid-
6/23/2009 1:50,-Invalid-,-Invalid-,-Invalid-,-Invalid-,-Invalid-,-Invalid-,-Invalid-,-Invalid-,-Invalid-,-Invalid-
6/23/2009 2:00,-Invalid-,-Invalid-,-Invalid-,-Invalid-,-Invalid-,-Invalid-,-Invalid-,-Invalid-,-Invalid-,-Invalid-
6/23/2009 2:10,-Invalid-,-Invalid-,-Invalid-,-Invalid-,-Invalid-,-Invalid-,-Invalid-,-Invalid-,-Invalid-,-Invalid-
6/23/2009 2:20,-Invalid-,-Invalid-,-Invalid-,-Invalid-,-Invalid-,-Invalid-,-Invalid-,-Invalid-,-Invalid-,-Invalid-
6/23/2009 2:30,-Invalid-,-Invalid-,-Invalid-,-Invalid-,-Invalid-,-Invalid-,-Invalid-,-Invalid-,-Invalid-,-Invalid-
6/23/2009 2:40,-Invalid-,-Invalid-,-Invalid-,-Invalid-,-Invalid-,-Invalid-,-Invalid-,-Invalid-,-Invalid-,-Invalid-
6/23/2009 2:50,-Invalid-,-Invalid-,-Invalid-,-Invalid-,-Invalid-,-Invalid-,-Invalid-,-Invalid-,-Invalid-,-Invalid-
6/23/2009 3:00,-Invalid-,-Invalid-,-Invalid-,-Invalid-,-Invalid-,-Invalid-,-Invalid-,-Invalid-,-Invalid-,-Invalid-
6/23/2009 3:10,-Invalid-,-Invalid-,-Invalid-,-Invalid-,-Invalid-,-Invalid-,-Invalid-,-Invalid-,-Invalid-,-Invalid-
6/23/2009 3:20,-Invalid-,-Invalid-,-Invalid-,-Invalid-,-Invalid-,-Invalid-,-Invalid-,-Invalid-,-Invalid-,-Invalid-
6/23/2009 3:30,-Invalid-,-Invalid-,-Invalid-,-Invalid-,-Invalid-,-Invalid-,-Invalid-,-Invalid-,-Invalid-,-Invalid-
6/23/2009 3:40,-Invalid-,-Invalid-,-Invalid-,-Invalid-,-Invalid-,-Invalid-,-Invalid-,-Invalid-,-Invalid-,-Invalid-
6/23/2009 3:50,-Invalid-,-Invalid-,-Invalid-,-Invalid-,-Invalid-,-Invalid-,-Invalid-,-Invalid-,-Invalid-,-Invalid-
6/23/2009 4:00,-Invalid-,-Invalid-,-Invalid-,-Invalid-,-Invalid-,-Invalid-,-Invalid-,-Invalid-,-Invalid-,-Invalid-
6/23/2009 4:10,-Invalid-,-Invalid-,-Invalid-,-Invalid-,-Invalid-,-Invalid-,-Invalid-,-Invalid-,-Invalid-,-Invalid-
6/23/2009 4:20,-Invalid-,-Invalid-,-Invalid-,-Invalid-,-Invalid-,-Invalid-,-Invalid-,-Invalid-,-Invalid-,-Invalid-
6/23/2009 4:30,-Invalid-,-Invalid-,-Invalid-,-Invalid-,-Invalid-,-Invalid-,-Invalid-,-Invalid-,-Invalid-,-Invalid-
6/23/2009 4:40,-Invalid-,-Invalid-,-Invalid-,-Invalid-,-Invalid-,-Invalid-,-Invalid-,-Invalid-,-Invalid-,-Invalid-
6/23/2009 4:50,-Invalid-,-Invalid-,-Invalid-,-Invalid-,-Invalid-,-Invalid-,-Invalid-,-Invalid-,-Invalid-,-Invalid-
6/23/2009 5:00,-Invalid-,-Invalid-,-Invalid-,-Invalid-,-Invalid-,-Invalid-,-Invalid-,-Invalid-,-Invalid-,-Invalid-
6/23/2009 5:10,-Invalid-,-Invalid-,-Invalid-,-Invalid-,-Invalid-,-Invalid-,-Invalid-,-Invalid-,-Invalid-,-Invalid-
6/23/2009 5:20,-Invalid-,-Invalid-,-Invalid-,-Invalid-,-Invalid-,-Invalid-,-Invalid-,-Invalid-,-Invalid-,-Invalid-
6/23/2009 5:30,-Invalid-,-Invalid-,-Invalid-,-Invalid-,-Invalid-,-Invalid-,-Invalid-,-Invalid-,-Invalid-,-Invalid-
6/23/2009 5:40,-Invalid-,-Invalid-,-Invalid-,-Invalid-,-Invalid-,-Invalid-,-Invalid-,-Invalid-,-Invalid-,-Invalid-
6/23/2009 5:50,-Invalid-,-Invalid-,-Invalid-,-Invalid-,-Invalid-,-Invalid-,-Invalid-,-Invalid-,-Invalid-,-Invalid-
6/23/2009 6:00,-Invalid-,-Invalid-,-Invalid-,-Invalid-,-Invalid-,-Invalid-,-Invalid-,-Invalid-,-Invalid-,-Invalid-
6/23/2009 6:10,-Invalid-,-Invalid-,-Invalid-,-Invalid-,-Invalid-,-Invalid-,-Invalid-,-Invalid-,-Invalid-,-Invalid-
6/23/2009 6:20,-Invalid-,-Invalid-,-Invalid-,-Invalid-,-Invalid-,-Invalid-,-Invalid-,-Invalid-,-Invalid-,-Invalid-
6/23/2009 6:30,-Invalid-,-Invalid-,-Invalid-,-Invalid-,-Invalid-,-Invalid-,-Invalid-,-Invalid-,-Invalid-,-Invalid-
6/23/2009 6:40,-Invalid-,-Invalid-,-Invalid-,-Invalid-,-Invalid-,-Invalid-,-Invalid-,-Invalid-,-Invalid-,-Invalid-
6/23/2009 6:50,-Invalid-,-Invalid-,-Invalid-,-Invalid-,-Invalid-,-Invalid-,-Invalid-,-Invalid-,-Invalid-,-Invalid-
6/23/2009 7:00,-Invalid-,-Invalid-,-Invalid-,-Invalid-,-Invalid-,-Invalid-,-Invalid-,-Invalid-,-Invalid-,-Invalid-
6/23/2009 7:10,-Invalid-,-Invalid-,-Invalid-,-Invalid-,-Invalid-,-Invalid-,-Invalid-,-Invalid-,-Invalid-,-Invalid-
6/23/2009 7:20,-Invalid-,-Invalid-,-Invalid-,-Invalid-,-Invalid-,-Invalid-,-Invalid-,-Invalid-,-Invalid-,-Invalid-
6/23/2009 7:30,-Invalid-,-Invalid-,-Invalid-,-Invalid-,-Invalid-,-Invalid-,-Invalid-,-Invalid-,-Invalid-,-Invalid-
6/23/2009 7:40,-Invalid-,-Invalid-,-Invalid-,-Invalid-,-Invalid-,-Invalid-,-Invalid-,-Invalid-,-Invalid-,-Invalid-
6/23/2009 7:50,-Invalid-,-Invalid-,-Invalid-,-Invalid-,-Invalid-,-Invalid-,-Invalid-,-Invalid-,-Invalid-,-Invalid-
6/23/2009 8:00,-Invalid-,-Invalid-,-Invalid-,-Invalid-,-Invalid-,-Invalid-,-Invalid-,-Invalid-,-Invalid-,-Invalid-
6/23/2009 8:10,-Invalid-,-Invalid-,-Invalid-,-Invalid-,-Invalid-,-Invalid-,-Invalid-,-Invalid-,-Invalid-,-Invalid-
6/23/2009 8:20,-Invalid-,-Invalid-,-Invalid-,-Invalid-,-Invalid-,-Invalid-,-Invalid-,-Invalid-,-Invalid-,-Invalid-
6/23/2009 8:30,-Invalid-,-Invalid-,-Invalid-,-Invalid-,-Invalid-,-Invalid-,-Invalid-,-Invalid-,-Invalid-,-Invalid-
6/23/2009 8:40,-Invalid-,-Invalid-,-Invalid-,-Invalid-,-Invalid-,-Invalid-,-Invalid-,-Invalid-,-Invalid-,-Invalid-
6/23/2009 8:50,-Invalid-,-Invalid-,-Invalid-,-Invalid-,-Invalid-,-Invalid-,-Invalid-,-Invalid-,-Invalid-,-Invalid-
6/23/2009 9:00,-Invalid-,-Invalid-,-Invalid-,-Invalid-,-Invalid-,-Invalid-,-Invalid-,-Invalid-,-Invalid-,-Invalid-
6/23/2009 9:10,-Invalid-,-Invalid-,-Invalid-,-Invalid-,-Invalid-,-Invalid-,-Invalid-,-Invalid-,-Invalid-,-Invalid-
6/23/2009 9:20,-Invalid-,-Invalid-,-Invalid-,-Invalid-,-Invalid-,-Invalid-,-Invalid-,-Invalid-,-Invalid-,-Invalid-
6/23/2009 9:30,-Invalid-,-Invalid-,-Invalid-,-Invalid-,-Invalid-,-Invalid-,-Invalid-,-Invalid-,-Invalid-,-Invalid-
6/23/2009 9:40,-Invalid-,-Invalid-,-Invalid-,-Invalid-,-Invalid-,-Invalid-,-Invalid-,-Invalid-,-Invalid-,-Invalid-
6/23/2009 9:50,-Invalid-,-Invalid-,-Invalid-,-Invalid-,-Invalid-,-Invalid-,-Invalid-,-Invalid-,-Invalid-,-Invalid-
6/23/2009 10:00,-Invalid-,-Invalid-,-Invalid-,-Invalid-,-Invalid-,-Invalid-,-Invalid-,-Invalid-,-Invalid-,-Invalid-
6/23/2009 10:10,-Invalid-,-Invalid-,-Invalid-,-Invalid-,-Invalid-,-Invalid-,-Invalid-,-Invalid-,-Invalid-,-Invalid-
6/23/2009 10:20,-Invalid-,-Invalid-,-Invalid-,-Invalid-,-Invalid-,-Invalid-,-Invalid-,-Invalid-,-Invalid-,-Invalid-
6/23/2009 10:30,-Invalid-,-Invalid-,-Invalid-,-Invalid-,-Invalid-,-Invalid-,-Invalid-,-Invalid-,-Invalid-,-Invalid-
6/23/2009 10:40,-Invalid-,-Invalid-,-Invalid-,-Invalid-,-Invalid-,-Invalid-,-Invalid-,-Invalid-,-Invalid-,-Invalid-
6/23/2009 10:50,-Invalid-,-Invalid-,-Invalid-,-Invalid-,-Invalid-,-Invalid-,-Invalid-,-Invalid-,-Invalid-,-Invalid-
6/23/2009 11:00,-Invalid-,-Invalid-,-Invalid-,-Invalid-,-Invalid-,-Invalid-,-Invalid-,-Invalid-,-Invalid-,-Invalid-
6/23/2009 11:10,-Invalid-,-Invalid-,-Invalid-,-Invalid-,-Invalid-,-Invalid-,-Invalid-,-Invalid-,-Invalid-,-Invalid-
6/23/2009 11:20,-Invalid-,-Invalid-,-Invalid-,-Invalid-,-Invalid-,-Invalid-,-Invalid-,-Invalid-,-Invalid-,-Invalid-
6/23/2009 11:30,-Invalid-,-Invalid-,-Invalid-,-Invalid-,-Invalid-,-Invalid-,-Invalid-,-Invalid-,-Invalid-,-Invalid-
6/23/2009 11:40,-Invalid-,-Invalid-,-Invalid-,-Invalid-,-Invalid-,-Invalid-,-Invalid-,-Invalid-,-Invalid-,-Invalid-
6/23/2009 11:50,-Invalid-,-Invalid-,-Invalid-,-Invalid-,-Invalid-,-Invalid-,-Invalid-,-Invalid-,-Invalid-,-Invalid-
6/23/2009 12:00,-Invalid-,-Invalid-,-Invalid-,-Invalid-,-Invalid-,-Invalid-,-Invalid-,-Invalid-,-Invalid-,-Invalid-
6/23/2009 12:10,-Invalid-,-Invalid-,-Invalid-,-Invalid-,-Invalid-,-Invalid-,-Invalid-,-Invalid-,-Invalid-,-Invalid-
6/23/2009 12:20,-Invalid-,-Invalid-,-Invalid-,-Invalid-,-Invalid-,-Invalid-,-Invalid-,-Invalid-,-Invalid-,-Invalid-
6/23/2009 12:30,-Invalid-,-Invalid-,-Invalid-,-Invalid-,-Invalid-,-Invalid-,-Invalid-,-Invalid-,-Invalid-,-Invalid-
6/23/2009 12:40,-Invalid-,-Invalid-,-Invalid-,-Invalid-,-Invalid-,-Invalid-,-Invalid-,-Invalid-,-Invalid-,-Invalid-
6/23/2009 12:50,-Invalid-,-Invalid-,-Invalid-,-Invalid-,-Invalid-,-Invalid-,-Invalid-,-Invalid-,-Invalid-,-Invalid-
6/23/2009 13:00,-Invalid-,-Invalid-,-Invalid-,-Invalid-,-Invalid-,-Invalid-,-Invalid-,-Invalid-,-Invalid-,-Invalid-
6/23/2009 13:10,-Invalid-,-Invalid-,-Invalid-,-Invalid-,-Invalid-,-Invalid-,-Invalid-,-Invalid-,-Invalid-,-Invalid-
6/23/2009 13:20,-Invalid-,-Invalid-,-Invalid-,-Invalid-,-Invalid-,-Invalid-,-Invalid-,-Invalid-,-Invalid-,-Invalid-
6/23/2009 13:30,-Invalid-,-Invalid-,-Invalid-,-Invalid-,-Invalid-,-Invalid-,-Invalid-,-Invalid-,-Invalid-,-Invalid-
6/23/2009 13:40,-Invalid-,-Invalid-,-Invalid-,-Invalid-,-Invalid-,-Invalid-,-Invalid-,-Invalid-,-Invalid-,-Invalid-
6/23/2009 13:50,-Invalid-,-Invalid-,-Invalid-,-Invalid-,-Invalid-,-Invalid-,-Invalid-,-Invalid-,-Invalid-,-Invalid-
6/23/2009 14:00,-Invalid-,-Invalid-,-Invalid-,-Invalid-,-Invalid-,-Invalid-,-Invalid-,-Invalid-,-Invalid-,-Invalid-
6/23/2009 14:10,-Invalid-,-Invalid-,-Invalid-,-Invalid-,-Invalid-,-Invalid-,-Invalid-,-Invalid-,-Invalid-,-Invalid-
6/23/2009 14:20,-Invalid-,-Invalid-,-Invalid-,-Invalid-,-Invalid-,-Invalid-,-Invalid-,-Invalid-,-Invalid-,-Invalid-
6/23/2009 14:30,-Invalid-,-Invalid-,-Invalid-,-Invalid-,-Invalid-,-Invalid-,-Invalid-,-Invalid-,-Invalid-,-Invalid-
6/23/2009 14:40,-Invalid-,-Invalid-,-Invalid-,-Invalid-,-Invalid-,-Invalid-,-Invalid-,-Invalid-,-Invalid-,-Invalid-
6/23/2009 14:50,-Invalid-,-Invalid-,-Invalid-,-Invalid-,-Invalid-,-Invalid-,-Invalid-,-Invalid-,-Invalid-,-Invalid-
6/23/2009 15:00,-Invalid-,-Invalid-,-Invalid-,-Invalid-,-Invalid-,-Invalid-,-Invalid-,-Invalid-,-Invalid-,-Invalid-
6/23/2009 15:10,-Invalid-,-Invalid-,-Invalid-,-Invalid-,-Invalid-,-Invalid-,-Invalid-,-Invalid-,-Invalid-,-Invalid-
6/23/2009 15:20,-Invalid-,-Invalid-,-Invalid-,-Invalid-,-Invalid-,-Invalid-,-Invalid-,-Invalid-,-Invalid-,-Invalid-
6/23/2009 15:30,-Invalid-,-Invalid-,-Invalid-,-Invalid-,-Invalid-,-Invalid-,-Invalid-,-Invalid-,-Invalid-,-Invalid-
6/23/2009 15:40,-Invalid-,-Invalid-,-Invalid-,-Invalid-,-Invalid-,-Invalid-,-Invalid-,-Invalid-,-Invalid-,-Invalid-
6/23/2009 15:50,-Invalid-,-Invalid-,-Invalid-,-Invalid-,-Invalid-,-Invalid-,-Invalid-,-Invalid-,-Invalid-,-Invalid-
6/23/2009 16:00,-Invalid-,-Invalid-,-Invalid-,-Invalid-,-Invalid-,-Invalid-,-Invalid-,-Invalid-,-Invalid-,-Invalid-
6/23/2009 16:10,-Invalid-,-Invalid-,-Invalid-,-Invalid-,-Invalid-,-Invalid-,-Invalid-,-Invalid-,-Invalid-,-Invalid-
6/23/2009 16:20,-Invalid-,-Invalid-,-Invalid-,-Invalid-,-Invalid-,-Invalid-,-Invalid-,-Invalid-,-Invalid-,-Invalid-
6/23/2009 16:30,-Invalid-,-Invalid-,-Invalid-,-Invalid-,-Invalid-,-Invalid-,-Invalid-,-Invalid-,-Invalid-,-Invalid-
6/23/2009 16:40,-Invalid-,-Invalid-,-Invalid-,-Invalid-,-Invalid-,-Invalid-,-Invalid-,-Invalid-,-Invalid-,-Invalid-
6/23/2009 16:50,-Invalid-,-Invalid-,-Invalid-,-Invalid-,-Invalid-,-Invalid-,-Invalid-,-Invalid-,-Invalid-,-Invalid-
6/23/2009 17:00,-Invalid-,-Invalid-,-Invalid-,-Invalid-,-Invalid-,-Invalid-,-Invalid-,-Invalid-,-Invalid-,-Invalid-
6/23/2009 17:10,-Invalid-,-Invalid-,-Invalid-,-Invalid-,-Invalid-,-Invalid-,-Invalid-,-Invalid-,-Invalid-,-Invalid-
6/23/2009 17:20,-Invalid-,-Invalid-,-Invalid-,-Invalid-,-Invalid-,-Invalid-,-Invalid-,-Invalid-,-Invalid-,-Invalid-
6/23/2009 17:30,-Invalid-,-Invalid-,-Invalid-,-Invalid-,-Invalid-,-Invalid-,-Invalid-,-Invalid-,-Invalid-,-Invalid-
6/23/2009 17:40,-Invalid-,-Invalid-,-Invalid-,-Invalid-,-Invalid-,-Invalid-,-Invalid-,-Invalid-,-Invalid-,-Invalid-
6/23/2009 17:50,-Invalid-,-Invalid-,-Invalid-,-Invalid-,-Invalid-,-Invalid-,-Invalid-,-Invalid-,-Invalid-,-Invalid-
6/23/2009 18:00,-Invalid-,-Invalid-,-Invalid-,-Invalid-,-Invalid-,-Invalid-,-Invalid-,-Invalid-,-Invalid-,-Invalid-
6/23/2009 18:10,-Invalid-,-Invalid-,-Invalid-,-Invalid-,-Invalid-,-Invalid-,-Invalid-,-Invalid-,-Invalid-,-Invalid-
6/23/2009 18:20,-Invalid-,-Invalid-,-Invalid-,-Invalid-,-Invalid-,-Invalid-,-Invalid-,-Invalid-,-Invalid-,-Invalid-
6/23/2009 18:30,-Invalid-,-Invalid-,-Invalid-,-Invalid-,-Invalid-,-Invalid-,-Invalid-,-Invalid-,-Invalid-,-Invalid-
6/23/2009 18:40,-Invalid-,-Invalid-,-Invalid-,-Invalid-,-Invalid-,-Invalid-,-Invalid-,-Invalid-,-Invalid-,-Invalid-
6/23/2009 18:50,-Invalid-,-Invalid-,-Invalid-,-Invalid-,-Invalid-,-Invalid-,-Invalid-,-Invalid-,-Invalid-,-Invalid-
6/23/2009 19:00,-Invalid-,-Invalid-,-Invalid-,-Invalid-,-Invalid-,-Invalid-,-Invalid-,-Invalid-,-Invalid-,-Invalid-
6/23/2009 19:10,-Invalid-,-Invalid-,-Invalid-,-Invalid-,-Invalid-,-Invalid-,-Invalid-,-Invalid-,-Invalid-,-Invalid-
6/23/2009 19:20,-Invalid-,-Invalid-,-Invalid-,-Invalid-,-Invalid-,-Invalid-,-Invalid-,-Invalid-,-Invalid-,-Invalid-
6/23/2009 19:30,-Invalid-,-Invalid-,-Invalid-,-Invalid-,-Invalid-,-Invalid-,-Invalid-,-Invalid-,-Invalid-,-Invalid-
6/23/2009 19:40,-Invalid-,-Invalid-,-Invalid-,-Invalid-,-Invalid-,-Invalid-,-Invalid-,-Invalid-,-Invalid-,-Invalid-
6/23/2009 19:50,-Invalid-,-Invalid-,-Invalid-,-Invalid-,-Invalid-,-Invalid-,-Invalid-,-Invalid-,-Invalid-,-Invalid-
6/23/2009 20:00,-Invalid-,-Invalid-,-Invalid-,-Invalid-,-Invalid-,-Invalid-,-Invalid-,-Invalid-,-Invalid-,-Invalid-
6/23/2009 20:10,-Invalid-,-Invalid-,-Invalid-,-Invalid-,-Invalid-,-Invalid-,-Invalid-,-Invalid-,-Invalid-,-Invalid-
6/23/2009 20:20,-Invalid-,-Invalid-,-Invalid-,-Invalid-,-Invalid-,-Invalid-,-Invalid-,-Invalid-,-Invalid-,-Invalid-
6/23/2009 20:30,-Invalid-,-Invalid-,-Invalid-,-Invalid-,-Invalid-,-Invalid-,-Invalid-,-Invalid-,-Invalid-,-Invalid-
6/23/2009 20:40,-Invalid-,-Invalid-,-Invalid-,-Invalid-,-Invalid-,-Invalid-,-Invalid-,-Invalid-,-Invalid-,-Invalid-
6/23/2009 20:50,-Invalid-,-Invalid-,-Invalid-,-Invalid-,-Invalid-,-Invalid-,-Invalid-,-Invalid-,-Invalid-,-Invalid-
6/23/2009 21:00,-Invalid-,-Invalid-,-Invalid-,-Invalid-,-Invalid-,-Invalid-,-Invalid-,-Invalid-,-Invalid-,-Invalid-
6/23/2009 21:10,-Invalid-,-Invalid-,-Invalid-,-Invalid-,-Invalid-,-Invalid-,-Invalid-,-Invalid-,-Invalid-,-Invalid-
6/23/2009 21:20,-Invalid-,-Invalid-,-Invalid-,-Invalid-,-Invalid-,-Invalid-,-Invalid-,-Invalid-,-Invalid-,-Invalid-
6/23/2009 21:30,-Invalid-,-Invalid-,-Invalid-,-Invalid-,-Invalid-,-Invalid-,-Invalid-,-Invalid-,-Invalid-,-Invalid-
6/23/2009 21:40,-Invalid-,-Invalid-,-Invalid-,-Invalid-,-Invalid-,-Invalid-,-Invalid-,-Invalid-,-Invalid-,-Invalid-
6/23/2009 21:50,-Invalid-,-Invalid-,-Invalid-,-Invalid-,-Invalid-,-Invalid-,-Invalid-,-Invalid-,-Invalid-,-Invalid-
6/23/2009 22:00,-Invalid-,-Invalid-,-Invalid-,-Invalid-,-Invalid-,-Invalid-,-Invalid-,-Invalid-,-Invalid-,-Invalid-
6/23/2009 22:10,-Invalid-,-Invalid-,-Invalid-,-Invalid-,-Invalid-,-Invalid-,-Invalid-,-Invalid-,-Invalid-,-Invalid-
6/23/2009 22:20,-Invalid-,-Invalid-,-Invalid-,-Invalid-,-Invalid-,-Invalid-,-Invalid-,-Invalid-,-Invalid-,-Invalid-
6/23/2009 22:30,-Invalid-,-Invalid-,-Invalid-,-Invalid-,-Invalid-,-Invalid-,-Invalid-,-Invalid-,-Invalid-,-Invalid-
6/23/2009 22:40,-Invalid-,-Invalid-,-Invalid-,-Invalid-,-Invalid-,-Invalid-,-Invalid-,-Invalid-,-Invalid-,-Invalid-
6/23/2009 22:50,-Invalid-,-Invalid-,-Invalid-,-Invalid-,-Invalid-,-Invalid-,-Invalid-,-Invalid-,-Invalid-,-Invalid-
6/23/2009 23:00,-Invalid-,-Invalid-,-Invalid-,-Invalid-,-Invalid-,-Invalid-,-Invalid-,-Invalid-,-Invalid-,-Invalid-
6/23/2009 23:10,-Invalid-,-Invalid-,-Invalid-,-Invalid-,-Invalid-,-Invalid-,-Invalid-,-Invalid-,-Invalid-,-Invalid-
6/23/2009 23:20,-Invalid-,-Invalid-,-Invalid-,-Invalid-,-Invalid-,-Invalid-,-Invalid-,-Invalid-,-Invalid-,-Invalid-
6/23/2009 23:30,-Invalid-,-Invalid-,-Invalid-,-Invalid-,-Invalid-,-Invalid-,-Invalid-,-Invalid-,-Invalid-,-Invalid-
6/23/2009 23:40,-Invalid-,-Invalid-,-Invalid-,-Invalid-,-Invalid-,-Invalid-,-Invalid-,-Invalid-,-Invalid-,-Invalid-
6/23/2009 23:50,-Invalid-,-Invalid-,-Invalid-,-Invalid-,-Invalid-,-Invalid-,-Invalid-,-Invalid-,-Invalid-,-Invalid-
6/24/2009 0:00,-Invalid-,-Invalid-,-Invalid-,-Invalid-,-Invalid-,-Invalid-,-Invalid-,-Invalid-,-Invalid-,-Invalid-
6/24/2009 0:10,-Invalid-,-Invalid-,-Invalid-,-Invalid-,-Invalid-,-Invalid-,-Invalid-,-Invalid-,-Invalid-,-Invalid-
6/24/2009 0:20,-Invalid-,-Invalid-,-Invalid-,-Invalid-,-Invalid-,-Invalid-,-Invalid-,-Invalid-,-Invalid-,-Invalid-
6/24/2009 0:30,-Invalid-,-Invalid-,-Invalid-,-Invalid-,-Invalid-,-Invalid-,-Invalid-,-Invalid-,-Invalid-,-Invalid-
6/24/2009 0:40,-Invalid-,-Invalid-,-Invalid-,-Invalid-,-Invalid-,-Invalid-,-Invalid-,-Invalid-,-Invalid-,-Invalid-
6/24/2009 0:50,-Invalid-,-Invalid-,-Invalid-,-Invalid-,-Invalid-,-Invalid-,-Invalid-,-Invalid-,-Invalid-,-Invalid-
6/24/2009 1:00,-Invalid-,-Invalid-,-Invalid-,-Invalid-,-Invalid-,-Invalid-,-Invalid-,-Invalid-,-Invalid-,-Invalid-
6/24/2009 1:10,-Invalid-,-Invalid-,-Invalid-,-Invalid-,-Invalid-,-Invalid-,-Invalid-,-Invalid-,-Invalid-,-Invalid-
6/24/2009 1:20,-Invalid-,-Invalid-,-Invalid-,-Invalid-,-Invalid-,-Invalid-,-Invalid-,-Invalid-,-Invalid-,-Invalid-
6/24/2009 1:30,-Invalid-,-Invalid-,-Invalid-,-Invalid-,-Invalid-,-Invalid-,-Invalid-,-Invalid-,-Invalid-,-Invalid-
6/24/2009 1:40,-Invalid-,-Invalid-,-Invalid-,-Invalid-,-Invalid-,-Invalid-,-Invalid-,-Invalid-,-Invalid-,-Invalid-
6/24/2009 1:50,-Invalid-,-Invalid-,-Invalid-,-Invalid-,-Invalid-,-Invalid-,-Invalid-,-Invalid-,-Invalid-,-Invalid-
6/24/2009 2:00,-Invalid-,-Invalid-,-Invalid-,-Invalid-,-Invalid-,-Invalid-,-Invalid-,-Invalid-,-Invalid-,-Invalid-
6/24/2009 2:10,-Invalid-,-Invalid-,-Invalid-,-Invalid-,-Invalid-,-Invalid-,-Invalid-,-Invalid-,-Invalid-,-Invalid-
6/24/2009 2:20,-Invalid-,-Invalid-,-Invalid-,-Invalid-,-Invalid-,-Invalid-,-Invalid-,-Invalid-,-Invalid-,-Invalid-
6/24/2009 2:30,-Invalid-,-Invalid-,-Invalid-,-Invalid-,-Invalid-,-Invalid-,-Invalid-,-Invalid-,-Invalid-,-Invalid-
6/24/2009 2:40,-Invalid-,-Invalid-,-Invalid-,-Invalid-,-Invalid-,-Invalid-,-Invalid-,-Invalid-,-Invalid-,-Invalid-
6/24/2009 2:50,-Invalid-,-Invalid-,-Invalid-,-Invalid-,-Invalid-,-Invalid-,-Invalid-,-Invalid-,-Invalid-,-Invalid-
6/24/2009 3:00,-Invalid-,-Invalid-,-Invalid-,-Invalid-,-Invalid-,-Invalid-,-Invalid-,-Invalid-,-Invalid-,-Invalid-
6/24/2009 3:10,-Invalid-,-Invalid-,-Invalid-,-Invalid-,-Invalid-,-Invalid-,-Invalid-,-Invalid-,-Invalid-,-Invalid-
6/24/2009 3:20,-Invalid-,-Invalid-,-Invalid-,-Invalid-,-Invalid-,-Invalid-,-Invalid-,-Invalid-,-Invalid-,-Invalid-
6/24/2009 3:30,-Invalid-,-Invalid-,-Invalid-,-Invalid-,-Invalid-,-Invalid-,-Invalid-,-Invalid-,-Invalid-,-Invalid-
6/24/2009 3:40,-Invalid-,-Invalid-,-Invalid-,-Invalid-,-Invalid-,-Invalid-,-Invalid-,-Invalid-,-Invalid-,-Invalid-
6/24/2009 3:50,-Invalid-,-Invalid-,-Invalid-,-Invalid-,-Invalid-,-Invalid-,-Invalid-,-Invalid-,-Invalid-,-Invalid-
6/24/2009 4:00,-Invalid-,-Invalid-,-Invalid-,-Invalid-,-Invalid-,-Invalid-,-Invalid-,-Invalid-,-Invalid-,-Invalid-
6/24/2009 4:10,-Invalid-,-Invalid-,-Invalid-,-Invalid-,-Invalid-,-Invalid-,-Invalid-,-Invalid-,-Invalid-,-Invalid-
6/24/2009 4:20,-Invalid-,-Invalid-,-Invalid-,-Invalid-,-Invalid-,-Invalid-,-Invalid-,-Invalid-,-Invalid-,-Invalid-
6/24/2009 4:30,-Invalid-,-Invalid-,-Invalid-,-Invalid-,-Invalid-,-Invalid-,-Invalid-,-Invalid-,-Invalid-,-Invalid-
6/24/2009 4:40,-Invalid-,-Invalid-,-Invalid-,-Invalid-,-Invalid-,-Invalid-,-Invalid-,-Invalid-,-Invalid-,-Invalid-
6/24/2009 4:50,-Invalid-,-Invalid-,-Invalid-,-Invalid-,-Invalid-,-Invalid-,-Invalid-,-Invalid-,-Invalid-,-Invalid-
6/24/2009 5:00,-Invalid-,-Invalid-,-Invalid-,-Invalid-,-Invalid-,-Invalid-,-Invalid-,-Invalid-,-Invalid-,-Invalid-
6/24/2009 5:10,-Invalid-,-Invalid-,-Invalid-,-Invalid-,-Invalid-,-Invalid-,-Invalid-,-Invalid-,-Invalid-,-Invalid-
6/24/2009 5:20,-Invalid-,-Invalid-,-Invalid-,-Invalid-,-Invalid-,-Invalid-,-Invalid-,-Invalid-,-Invalid-,-Invalid-
6/24/2009 5:30,-Invalid-,-Invalid-,-Invalid-,-Invalid-,-Invalid-,-Invalid-,-Invalid-,-Invalid-,-Invalid-,-Invalid-
6/24/2009 5:40,-Invalid-,-Invalid-,-Invalid-,-Invalid-,-Invalid-,-Invalid-,-Invalid-,-Invalid-,-Invalid-,-Invalid-
6/24/2009 5:50,-Invalid-,-Invalid-,-Invalid-,-Invalid-,-Invalid-,-Invalid-,-Invalid-,-Invalid-,-Invalid-,-Invalid-
6/24/2009 6:00,-Invalid-,-Invalid-,-Invalid-,-Invalid-,-Invalid-,-Invalid-,-Invalid-,-Invalid-,-Invalid-,-Invalid-
6/24/2009 6:10,-Invalid-,-Invalid-,-Invalid-,-Invalid-,-Invalid-,-Invalid-,-Invalid-,-Invalid-,-Invalid-,-Invalid-
6/24/2009 6:20,-Invalid-,-Invalid-,-Invalid-,-Invalid-,-Invalid-,-Invalid-,-Invalid-,-Invalid-,-Invalid-,-Invalid-
6/24/2009 6:30,-Invalid-,-Invalid-,-Invalid-,-Invalid-,-Invalid-,-Invalid-,-Invalid-,-Invalid-,-Invalid-,-Invalid-
6/24/2009 6:40,-Invalid-,-Invalid-,-Invalid-,-Invalid-,-Invalid-,-Invalid-,-Invalid-,-Invalid-,-Invalid-,-Invalid-
6/24/2009 6:50,-Invalid-,-Invalid-,-Invalid-,-Invalid-,-Invalid-,-Invalid-,-Invalid-,-Invalid-,-Invalid-,-Invalid-
6/24/2009 7:00,-Invalid-,-Invalid-,-Invalid-,-Invalid-,-Invalid-,-Invalid-,-Invalid-,-Invalid-,-Invalid-,-Invalid-
6/24/2009 7:10,-Invalid-,-Invalid-,-Invalid-,-Invalid-,-Invalid-,-Invalid-,-Invalid-,-Invalid-,-Invalid-,-Invalid-
6/24/2009 7:20,-Invalid-,-Invalid-,-Invalid-,-Invalid-,-Invalid-,-Invalid-,-Invalid-,-Invalid-,-Invalid-,-Invalid-
6/24/2009 7:30,-Invalid-,-Invalid-,-Invalid-,-Invalid-,-Invalid-,-Invalid-,-Invalid-,-Invalid-,-Invalid-,-Invalid-
6/24/2009 7:40,-Invalid-,-Invalid-,-Invalid-,-Invalid-,-Invalid-,-Invalid-,-Invalid-,-Invalid-,-Invalid-,-Invalid-
6/24/2009 7:50,-Invalid-,-Invalid-,-Invalid-,-Invalid-,-Invalid-,-Invalid-,-Invalid-,-Invalid-,-Invalid-,-Invalid-
6/24/2009 8:00,-Invalid-,-Invalid-,-Invalid-,-Invalid-,-Invalid-,-Invalid-,-Invalid-,-Invalid-,-Invalid-,-Invalid-
6/24/2009 8:10,-Invalid-,-Invalid-,-Invalid-,-Invalid-,-Invalid-,-Invalid-,-Invalid-,-Invalid-,-Invalid-,-Invalid-
6/24/2009 8:20,-Invalid-,-Invalid-,-Invalid-,-Invalid-,-Invalid-,-Invalid-,-Invalid-,-Invalid-,-Invalid-,-Invalid-
6/24/2009 8:30,-Invalid-,-Invalid-,-Invalid-,-Invalid-,-Invalid-,-Invalid-,-Invalid-,-Invalid-,-Invalid-,-Invalid-
6/24/2009 8:40,-Invalid-,-Invalid-,-Invalid-,-Invalid-,-Invalid-,-Invalid-,-Invalid-,-Invalid-,-Invalid-,-Invalid-
6/24/2009 8:50,-Invalid-,-Invalid-,-Invalid-,-Invalid-,-Invalid-,-Invalid-,-Invalid-,-Invalid-,-Invalid-,-Invalid-
6/24/2009 9:00,-Invalid-,-Invalid-,-Invalid-,-Invalid-,-Invalid-,-Invalid-,-Invalid-,-Invalid-,-Invalid-,-Invalid-
6/24/2009 9:10,-Invalid-,-Invalid-,-Invalid-,-Invalid-,-Invalid-,-Invalid-,-Invalid-,-Invalid-,-Invalid-,-Invalid-
6/24/2009 9:20,-Invalid-,-Invalid-,-Invalid-,-Invalid-,-Invalid-,-Invalid-,-Invalid-,-Invalid-,-Invalid-,-Invalid-
6/24/2009 9:30,-Invalid-,-Invalid-,-Invalid-,-Invalid-,-Invalid-,-Invalid-,-Invalid-,-Invalid-,-Invalid-,-Invalid-
6/24/2009 9:40,-Invalid-,-Invalid-,-Invalid-,-Invalid-,-Invalid-,-Invalid-,-Invalid-,-Invalid-,-Invalid-,-Invalid-
6/24/2009 9:50,-Invalid-,-Invalid-,-Invalid-,-Invalid-,-Invalid-,-Invalid-,-Invalid-,-Invalid-,-Invalid-,-Invalid-
6/24/2009 10:00,-Invalid-,-Invalid-,-Invalid-,-Invalid-,-Invalid-,-Invalid-,-Invalid-,-Invalid-,-Invalid-,-Invalid-
6/24/2009 10:10,-Invalid-,-Invalid-,-Invalid-,-Invalid-,-Invalid-,-Invalid-,-Invalid-,-Invalid-,-Invalid-,-Invalid-
6/24/2009 10:20,-Invalid-,-Invalid-,-Invalid-,-Invalid-,-Invalid-,-Invalid-,-Invalid-,-Invalid-,-Invalid-,-Invalid-
6/24/2009 10:30,-Invalid-,-Invalid-,-Invalid-,-Invalid-,-Invalid-,-Invalid-,-Invalid-,-Invalid-,-Invalid-,-Invalid-
6/24/2009 10:40,-Invalid-,-Invalid-,-Invalid-,-Invalid-,-Invalid-,-Invalid-,-Invalid-,-Invalid-,-Invalid-,-Invalid-
6/24/2009 10:50,-Invalid-,-Invalid-,-Invalid-,-Invalid-,-Invalid-,-Invalid-,-Invalid-,-Invalid-,-Invalid-,-Invalid-
6/24/2009 11:00,-Invalid-,-Invalid-,-Invalid-,-Invalid-,-Invalid-,-Invalid-,-Invalid-,-Invalid-,-Invalid-,-Invalid-
6/24/2009 11:10,-Invalid-,-Invalid-,-Invalid-,-Invalid-,-Invalid-,-Invalid-,-Invalid-,-Invalid-,-Invalid-,-Invalid-
6/24/2009 11:20,-Invalid-,-Invalid-,-Invalid-,-Invalid-,-Invalid-,-Invalid-,-Invalid-,-Invalid-,-Invalid-,-Invalid-
6/24/2009 11:30,-Invalid-,-Invalid-,-Invalid-,-Invalid-,-Invalid-,-Invalid-,-Invalid-,-Invalid-,-Invalid-,-Invalid-
6/24/2009 11:40,-Invalid-,-Invalid-,-Invalid-,-Invalid-,-Invalid-,-Invalid-,-Invalid-,-Invalid-,-Invalid-,-Invalid-
6/24/2009 11:50,-Invalid-,-Invalid-,-Invalid-,-Invalid-,-Invalid-,-Invalid-,-Invalid-,-Invalid-,-Invalid-,-Invalid-
6/24/2009 12:00,-Invalid-,-Invalid-,-Invalid-,-Invalid-,-Invalid-,-Invalid-,-Invalid-,-Invalid-,-Invalid-,-Invalid-
6/24/2009 12:10,-Invalid-,-Invalid-,-Invalid-,-Invalid-,-Invalid-,-Invalid-,-Invalid-,-Invalid-,-Invalid-,-Invalid-
6/24/2009 12:20,-Invalid-,-Invalid-,-Invalid-,-Invalid-,-Invalid-,-Invalid-,-Invalid-,-Invalid-,-Invalid-,-Invalid-
6/24/2009 12:30,-Invalid-,-Invalid-,-Invalid-,-Invalid-,-Invalid-,-Invalid-,-Invalid-,-Invalid-,-Invalid-,-Invalid-
6/24/2009 12:40,-Invalid-,-Invalid-,-Invalid-,-Invalid-,-Invalid-,-Invalid-,-Invalid-,-Invalid-,-Invalid-,-Invalid-
6/24/2009 12:50,-Invalid-,-Invalid-,-Invalid-,-Invalid-,-Invalid-,-Invalid-,-Invalid-,-Invalid-,-Invalid-,-Invalid-
6/24/2009 13:00,-Invalid-,-Invalid-,-Invalid-,-Invalid-,-Invalid-,-Invalid-,-Invalid-,-Invalid-,-Invalid-,-Invalid-
6/24/2009 13:10,-Invalid-,-Invalid-,-Invalid-,-Invalid-,-Invalid-,-Invalid-,-Invalid-,-Invalid-,-Invalid-,-Invalid-
6/24/2009 13:20,-Invalid-,-Invalid-,-Invalid-,-Invalid-,-Invalid-,-Invalid-,-Invalid-,-Invalid-,-Invalid-,-Invalid-
6/24/2009 13:30,-Invalid-,-Invalid-,-Invalid-,-Invalid-,-Invalid-,-Invalid-,-Invalid-,-Invalid-,-Invalid-,-Invalid-
6/24/2009 13:40,-Invalid-,-Invalid-,-Invalid-,-Invalid-,-Invalid-,-Invalid-,-Invalid-,-Invalid-,-Invalid-,-Invalid-
6/24/2009 13:50,-Invalid-,-Invalid-,-Invalid-,-Invalid-,-Invalid-,-Invalid-,-Invalid-,-Invalid-,-Invalid-,-Invalid-
6/24/2009 14:00,-Invalid-,-Invalid-,-Invalid-,-Invalid-,-Invalid-,-Invalid-,-Invalid-,-Invalid-,-Invalid-,-Invalid-
6/24/2009 14:10,-Invalid-,-Invalid-,-Invalid-,-Invalid-,-Invalid-,-Invalid-,-Invalid-,-Invalid-,-Invalid-,-Invalid-
6/24/2009 14:20,-Invalid-,-Invalid-,-Invalid-,-Invalid-,-Invalid-,-Invalid-,-Invalid-,-Invalid-,-Invalid-,-Invalid-
6/24/2009 14:30,-Invalid-,-Invalid-,-Invalid-,-Invalid-,-Invalid-,-Invalid-,-Invalid-,-Invalid-,-Invalid-,-Invalid-
6/24/2009 14:40,-Invalid-,-Invalid-,-Invalid-,-Invalid-,-Invalid-,-Invalid-,-Invalid-,-Invalid-,-Invalid-,-Invalid-
6/24/2009 14:50,-Invalid-,-Invalid-,-Invalid-,-Invalid-,-Invalid-,-Invalid-,-Invalid-,-Invalid-,-Invalid-,-Invalid-
6/24/2009 15:00,-Invalid-,-Invalid-,-Invalid-,-Invalid-,-Invalid-,-Invalid-,-Invalid-,-Invalid-,-Invalid-,-Invalid-
6/24/2009 15:10,-Invalid-,-Invalid-,-Invalid-,-Invalid-,-Invalid-,-Invalid-,-Invalid-,-Invalid-,-Invalid-,-Invalid-
6/24/2009 15:20,-Invalid-,-Invalid-,-Invalid-,-Invalid-,-Invalid-,-Invalid-,-Invalid-,-Invalid-,-Invalid-,-Invalid-
6/24/2009 15:30,-Invalid-,-Invalid-,-Invalid-,-Invalid-,-Invalid-,-Invalid-,-Invalid-,-Invalid-,-Invalid-,-Invalid-
6/24/2009 15:40,-Invalid-,-Invalid-,-Invalid-,-Invalid-,-Invalid-,-Invalid-,-Invalid-,-Invalid-,-Invalid-,-Invalid-
6/24/2009 15:50,-Invalid-,-Invalid-,-Invalid-,-Invalid-,-Invalid-,-Invalid-,-Invalid-,-Invalid-,-Invalid-,-Invalid-
6/24/2009 16:00,-Invalid-,-Invalid-,-Invalid-,-Invalid-,-Invalid-,-Invalid-,-Invalid-,-Invalid-,-Invalid-,-Invalid-
6/24/2009 16:10,-Invalid-,-Invalid-,-Invalid-,-Invalid-,-Invalid-,-Invalid-,-Invalid-,-Invalid-,-Invalid-,-Invalid-
6/24/2009 16:20,-Invalid-,-Invalid-,-Invalid-,-Invalid-,-Invalid-,-Invalid-,-Invalid-,-Invalid-,-Invalid-,-Invalid-
6/24/2009 16:30,-Invalid-,-Invalid-,-Invalid-,-Invalid-,-Invalid-,-Invalid-,-Invalid-,-Invalid-,-Invalid-,-Invalid-
6/24/2009 16:40,-Invalid-,-Invalid-,-Invalid-,-Invalid-,-Invalid-,-Invalid-,-Invalid-,-Invalid-,-Invalid-,-Invalid-
6/24/2009 16:50,-Invalid-,-Invalid-,-Invalid-,-Invalid-,-Invalid-,-Invalid-,-Invalid-,-Invalid-,-Invalid-,-Invalid-
6/24/2009 17:00,-Invalid-,-Invalid-,-Invalid-,-Invalid-,-Invalid-,-Invalid-,-Invalid-,-Invalid-,-Invalid-,-Invalid-
6/24/2009 17:10,-Invalid-,-Invalid-,-Invalid-,-Invalid-,-Invalid-,-Invalid-,-Invalid-,-Invalid-,-Invalid-,-Invalid-
6/24/2009 17:20,-Invalid-,-Invalid-,-Invalid-,-Invalid-,-Invalid-,-Invalid-,-Invalid-,-Invalid-,-Invalid-,-Invalid-
6/24/2009 17:30,-Invalid-,-Invalid-,-Invalid-,-Invalid-,-Invalid-,-Invalid-,-Invalid-,-Invalid-,-Invalid-,-Invalid-
6/24/2009 17:40,-Invalid-,-Invalid-,-Invalid-,-Invalid-,-Invalid-,-Invalid-,-Invalid-,-Invalid-,-Invalid-,-Invalid-
6/24/2009 17:50,-Invalid-,-Invalid-,-Invalid-,-Invalid-,-Invalid-,-Invalid-,-Invalid-,-Invalid-,-Invalid-,-Invalid-
6/24/2009 18:00,-Invalid-,-Invalid-,-Invalid-,-Invalid-,-Invalid-,-Invalid-,-Invalid-,-Invalid-,-Invalid-,-Invalid-
6/24/2009 18:10,-Invalid-,-Invalid-,-Invalid-,-Invalid-,-Invalid-,-Invalid-,-Invalid-,-Invalid-,-Invalid-,-Invalid-
6/24/2009 18:20,-Invalid-,-Invalid-,-Invalid-,-Invalid-,-Invalid-,-Invalid-,-Invalid-,-Invalid-,-Invalid-,-Invalid-
6/24/2009 18:30,-Invalid-,-Invalid-,-Invalid-,-Invalid-,-Invalid-,-Invalid-,-Invalid-,-Invalid-,-Invalid-,-Invalid-
6/24/2009 18:40,-Invalid-,-Invalid-,-Invalid-,-Invalid-,-Invalid-,-Invalid-,-Invalid-,-Invalid-,-Invalid-,-Invalid-
6/24/2009 18:50,-Invalid-,-Invalid-,-Invalid-,-Invalid-,-Invalid-,-Invalid-,-Invalid-,-Invalid-,-Invalid-,-Invalid-
6/24/2009 19:00,-Invalid-,-Invalid-,-Invalid-,-Invalid-,-Invalid-,-Invalid-,-Invalid-,-Invalid-,-Invalid-,-Invalid-
6/24/2009 19:10,-Invalid-,-Invalid-,-Invalid-,-Invalid-,-Invalid-,-Invalid-,-Invalid-,-Invalid-,-Invalid-,-Invalid-
6/24/2009 19:20,-Invalid-,-Invalid-,-Invalid-,-Invalid-,-Invalid-,-Invalid-,-Invalid-,-Invalid-,-Invalid-,-Invalid-
6/24/2009 19:30,-Invalid-,-Invalid-,-Invalid-,-Invalid-,-Invalid-,-Invalid-,-Invalid-,-Invalid-,-Invalid-,-Invalid-
6/24/2009 19:40,-Invalid-,-Invalid-,-Invalid-,-Invalid-,-Invalid-,-Invalid-,-Invalid-,-Invalid-,-Invalid-,-Invalid-
6/24/2009 19:50,-Invalid-,-Invalid-,-Invalid-,-Invalid-,-Invalid-,-Invalid-,-Invalid-,-Invalid-,-Invalid-,-Invalid-
6/24/2009 20:00,-Invalid-,-Invalid-,-Invalid-,-Invalid-,-Invalid-,-Invalid-,-Invalid-,-Invalid-,-Invalid-,-Invalid-
6/24/2009 20:10,-Invalid-,-Invalid-,-Invalid-,-Invalid-,-Invalid-,-Invalid-,-Invalid-,-Invalid-,-Invalid-,-Invalid-
6/24/2009 20:20,-Invalid-,-Invalid-,-Invalid-,-Invalid-,-Invalid-,-Invalid-,-Invalid-,-Invalid-,-Invalid-,-Invalid-
6/24/2009 20:30,-Invalid-,-Invalid-,-Invalid-,-Invalid-,-Invalid-,-Invalid-,-Invalid-,-Invalid-,-Invalid-,-Invalid-
6/24/2009 20:40,-Invalid-,-Invalid-,-Invalid-,-Invalid-,-Invalid-,-Invalid-,-Invalid-,-Invalid-,-Invalid-,-Invalid-
6/24/2009 20:50,-Invalid-,-Invalid-,-Invalid-,-Invalid-,-Invalid-,-Invalid-,-Invalid-,-Invalid-,-Invalid-,-Invalid-
6/24/2009 21:00,-Invalid-,-Invalid-,-Invalid-,-Invalid-,-Invalid-,-Invalid-,-Invalid-,-Invalid-,-Invalid-,-Invalid-
6/24/2009 21:10,-Invalid-,-Invalid-,-Invalid-,-Invalid-,-Invalid-,-Invalid-,-Invalid-,-Invalid-,-Invalid-,-Invalid-
6/24/2009 21:20,-Invalid-,-Invalid-,-Invalid-,-Invalid-,-Invalid-,-Invalid-,-Invalid-,-Invalid-,-Invalid-,-Invalid-
6/24/2009 21:30,-Invalid-,-Invalid-,-Invalid-,-Invalid-,-Invalid-,-Invalid-,-Invalid-,-Invalid-,-Invalid-,-Invalid-
6/24/2009 21:40,-Invalid-,-Invalid-,-Invalid-,-Invalid-,-Invalid-,-Invalid-,-Invalid-,-Invalid-,-Invalid-,-Invalid-
6/24/2009 21:50,-Invalid-,-Invalid-,-Invalid-,-Invalid-,-Invalid-,-Invalid-,-Invalid-,-Invalid-,-Invalid-,-Invalid-
6/24/2009 22:00,-Invalid-,-Invalid-,-Invalid-,-Invalid-,-Invalid-,-Invalid-,-Invalid-,-Invalid-,-Invalid-,-Invalid-
6/24/2009 22:10,-Invalid-,-Invalid-,-Invalid-,-Invalid-,-Invalid-,-Invalid-,-Invalid-,-Invalid-,-Invalid-,-Invalid-
6/24/2009 22:20,-Invalid-,-Invalid-,-Invalid-,-Invalid-,-Invalid-,-Invalid-,-Invalid-,-Invalid-,-Invalid-,-Invalid-
6/24/2009 22:30,-Invalid-,-Invalid-,-Invalid-,-Invalid-,-Invalid-,-Invalid-,-Invalid-,-Invalid-,-Invalid-,-Invalid-
6/24/2009 22:40,-Invalid-,-Invalid-,-Invalid-,-Invalid-,-Invalid-,-Invalid-,-Invalid-,-Invalid-,-Invalid-,-Invalid-
6/24/2009 22:50,-Invalid-,-Invalid-,-Invalid-,-Invalid-,-Invalid-,-Invalid-,-Invalid-,-Invalid-,-Invalid-,-Invalid-
6/24/2009 23:00,-Invalid-,-Invalid-,-Invalid-,-Invalid-,-Invalid-,-Invalid-,-Invalid-,-Invalid-,-Invalid-,-Invalid-
6/24/2009 23:10,-Invalid-,-Invalid-,-Invalid-,-Invalid-,-Invalid-,-Invalid-,-Invalid-,-Invalid-,-Invalid-,-Invalid-
6/24/2009 23:20,-Invalid-,-Invalid-,-Invalid-,-Invalid-,-Invalid-,-Invalid-,-Invalid-,-Invalid-,-Invalid-,-Invalid-
6/24/2009 23:30,-Invalid-,-Invalid-,-Invalid-,-Invalid-,-Invalid-,-Invalid-,-Invalid-,-Invalid-,-Invalid-,-Invalid-
6/24/2009 23:40,-Invalid-,-Invalid-,-Invalid-,-Invalid-,-Invalid-,-Invalid-,-Invalid-,-Invalid-,-Invalid-,-Invalid-
6/24/2009 23:50,-Invalid-,-Invalid-,-Invalid-,-Invalid-,-Invalid-,-Invalid-,-Invalid-,-Invalid-,-Invalid-,-Invalid-
6/25/2009 0:00,-Invalid-,-Invalid-,-Invalid-,-Invalid-,-Invalid-,-Invalid-,-Invalid-,-Invalid-,-Invalid-,-Invalid-
6/25/2009 0:10,-Invalid-,-Invalid-,-Invalid-,-Invalid-,-Invalid-,-Invalid-,-Invalid-,-Invalid-,-Invalid-,-Invalid-
6/25/2009 0:20,-Invalid-,-Invalid-,-Invalid-,-Invalid-,-Invalid-,-Invalid-,-Invalid-,-Invalid-,-Invalid-,-Invalid-
6/25/2009 0:30,-Invalid-,-Invalid-,-Invalid-,-Invalid-,-Invalid-,-Invalid-,-Invalid-,-Invalid-,-Invalid-,-Invalid-
6/25/2009 0:40,-Invalid-,-Invalid-,-Invalid-,-Invalid-,-Invalid-,-Invalid-,-Invalid-,-Invalid-,-Invalid-,-Invalid-
6/25/2009 0:50,-Invalid-,-Invalid-,-Invalid-,-Invalid-,-Invalid-,-Invalid-,-Invalid-,-Invalid-,-Invalid-,-Invalid-
6/25/2009 1:00,-Invalid-,-Invalid-,-Invalid-,-Invalid-,-Invalid-,-Invalid-,-Invalid-,-Invalid-,-Invalid-,-Invalid-
6/25/2009 1:10,-Invalid-,-Invalid-,-Invalid-,-Invalid-,-Invalid-,-Invalid-,-Invalid-,-Invalid-,-Invalid-,-Invalid-
6/25/2009 1:20,-Invalid-,-Invalid-,-Invalid-,-Invalid-,-Invalid-,-Invalid-,-Invalid-,-Invalid-,-Invalid-,-Invalid-
6/25/2009 1:30,-Invalid-,-Invalid-,-Invalid-,-Invalid-,-Invalid-,-Invalid-,-Invalid-,-Invalid-,-Invalid-,-Invalid-
6/25/2009 1:40,-Invalid-,-Invalid-,-Invalid-,-Invalid-,-Invalid-,-Invalid-,-Invalid-,-Invalid-,-Invalid-,-Invalid-
6/25/2009 1:50,-Invalid-,-Invalid-,-Invalid-,-Invalid-,-Invalid-,-Invalid-,-Invalid-,-Invalid-,-Invalid-,-Invalid-
6/25/2009 2:00,-Invalid-,-Invalid-,-Invalid-,-Invalid-,-Invalid-,-Invalid-,-Invalid-,-Invalid-,-Invalid-,-Invalid-
6/25/2009 2:10,-Invalid-,-Invalid-,-Invalid-,-Invalid-,-Invalid-,-Invalid-,-Invalid-,-Invalid-,-Invalid-,-Invalid-
6/25/2009 2:20,-Invalid-,-Invalid-,-Invalid-,-Invalid-,-Invalid-,-Invalid-,-Invalid-,-Invalid-,-Invalid-,-Invalid-
6/25/2009 2:30,-Invalid-,-Invalid-,-Invalid-,-Invalid-,-Invalid-,-Invalid-,-Invalid-,-Invalid-,-Invalid-,-Invalid-
6/25/2009 2:40,-Invalid-,-Invalid-,-Invalid-,-Invalid-,-Invalid-,-Invalid-,-Invalid-,-Invalid-,-Invalid-,-Invalid-
6/25/2009 2:50,-Invalid-,-Invalid-,-Invalid-,-Invalid-,-Invalid-,-Invalid-,-Invalid-,-Invalid-,-Invalid-,-Invalid-
6/25/2009 3:00,-Invalid-,-Invalid-,-Invalid-,-Invalid-,-Invalid-,-Invalid-,-Invalid-,-Invalid-,-Invalid-,-Invalid-
6/25/2009 3:10,-Invalid-,-Invalid-,-Invalid-,-Invalid-,-Invalid-,-Invalid-,-Invalid-,-Invalid-,-Invalid-,-Invalid-
6/25/2009 3:20,-Invalid-,-Invalid-,-Invalid-,-Invalid-,-Invalid-,-Invalid-,-Invalid-,-Invalid-,-Invalid-,-Invalid-
6/25/2009 3:30,-Invalid-,-Invalid-,-Invalid-,-Invalid-,-Invalid-,-Invalid-,-Invalid-,-Invalid-,-Invalid-,-Invalid-
6/25/2009 3:40,-Invalid-,-Invalid-,-Invalid-,-Invalid-,-Invalid-,-Invalid-,-Invalid-,-Invalid-,-Invalid-,-Invalid-
6/25/2009 3:50,-Invalid-,-Invalid-,-Invalid-,-Invalid-,-Invalid-,-Invalid-,-Invalid-,-Invalid-,-Invalid-,-Invalid-
6/25/2009 4:00,-Invalid-,-Invalid-,-Invalid-,-Invalid-,-Invalid-,-Invalid-,-Invalid-,-Invalid-,-Invalid-,-Invalid-
6/25/2009 4:10,-Invalid-,-Invalid-,-Invalid-,-Invalid-,-Invalid-,-Invalid-,-Invalid-,-Invalid-,-Invalid-,-Invalid-
6/25/2009 4:20,-Invalid-,-Invalid-,-Invalid-,-Invalid-,-Invalid-,-Invalid-,-Invalid-,-Invalid-,-Invalid-,-Invalid-
6/25/2009 4:30,-Invalid-,-Invalid-,-Invalid-,-Invalid-,-Invalid-,-Invalid-,-Invalid-,-Invalid-,-Invalid-,-Invalid-
6/25/2009 4:40,-Invalid-,-Invalid-,-Invalid-,-Invalid-,-Invalid-,-Invalid-,-Invalid-,-Invalid-,-Invalid-,-Invalid-
6/25/2009 4:50,-Invalid-,-Invalid-,-Invalid-,-Invalid-,-Invalid-,-Invalid-,-Invalid-,-Invalid-,-Invalid-,-Invalid-
6/25/2009 5:00,-Invalid-,-Invalid-,-Invalid-,-Invalid-,-Invalid-,-Invalid-,-Invalid-,-Invalid-,-Invalid-,-Invalid-
6/25/2009 5:10,-Invalid-,-Invalid-,-Invalid-,-Invalid-,-Invalid-,-Invalid-,-Invalid-,-Invalid-,-Invalid-,-Invalid-
6/25/2009 5:20,-Invalid-,-Invalid-,-Invalid-,-Invalid-,-Invalid-,-Invalid-,-Invalid-,-Invalid-,-Invalid-,-Invalid-
6/25/2009 5:30,-Invalid-,-Invalid-,-Invalid-,-Invalid-,-Invalid-,-Invalid-,-Invalid-,-Invalid-,-Invalid-,-Invalid-
6/25/2009 5:40,-Invalid-,-Invalid-,-Invalid-,-Invalid-,-Invalid-,-Invalid-,-Invalid-,-Invalid-,-Invalid-,-Invalid-
6/25/2009 5:50,-Invalid-,-Invalid-,-Invalid-,-Invalid-,-Invalid-,-Invalid-,-Invalid-,-Invalid-,-Invalid-,-Invalid-
6/25/2009 6:00,-Invalid-,-Invalid-,-Invalid-,-Invalid-,-Invalid-,-Invalid-,-Invalid-,-Invalid-,-Invalid-,-Invalid-
6/25/2009 6:10,-Invalid-,-Invalid-,-Invalid-,-Invalid-,-Invalid-,-Invalid-,-Invalid-,-Invalid-,-Invalid-,-Invalid-
6/25/2009 6:20,-Invalid-,-Invalid-,-Invalid-,-Invalid-,-Invalid-,-Invalid-,-Invalid-,-Invalid-,-Invalid-,-Invalid-
6/25/2009 6:30,-Invalid-,-Invalid-,-Invalid-,-Invalid-,-Invalid-,-Invalid-,-Invalid-,-Invalid-,-Invalid-,-Invalid-
6/25/2009 6:40,-Invalid-,-Invalid-,-Invalid-,-Invalid-,-Invalid-,-Invalid-,-Invalid-,-Invalid-,-Invalid-,-Invalid-
6/25/2009 6:50,-Invalid-,-Invalid-,-Invalid-,-Invalid-,-Invalid-,-Invalid-,-Invalid-,-Invalid-,-Invalid-,-Invalid-
6/25/2009 7:00,-Invalid-,-Invalid-,-Invalid-,-Invalid-,-Invalid-,-Invalid-,-Invalid-,-Invalid-,-Invalid-,-Invalid-
6/25/2009 7:10,-Invalid-,-Invalid-,-Invalid-,-Invalid-,-Invalid-,-Invalid-,-Invalid-,-Invalid-,-Invalid-,-Invalid-
6/25/2009 7:20,-Invalid-,-Invalid-,-Invalid-,-Invalid-,-Invalid-,-Invalid-,-Invalid-,-Invalid-,-Invalid-,-Invalid-
6/25/2009 7:30,-Invalid-,-Invalid-,-Invalid-,-Invalid-,-Invalid-,-Invalid-,-Invalid-,-Invalid-,-Invalid-,-Invalid-
6/25/2009 7:40,-Invalid-,-Invalid-,-Invalid-,-Invalid-,-Invalid-,-Invalid-,-Invalid-,-Invalid-,-Invalid-,-Invalid-
6/25/2009 7:50,-Invalid-,-Invalid-,-Invalid-,-Invalid-,-Invalid-,-Invalid-,-Invalid-,-Invalid-,-Invalid-,-Invalid-
6/25/2009 8:00,-Invalid-,-Invalid-,-Invalid-,-Invalid-,-Invalid-,-Invalid-,-Invalid-,-Invalid-,-Invalid-,-Invalid-
6/25/2009 8:10,-Invalid-,-Invalid-,-Invalid-,-Invalid-,-Invalid-,-Invalid-,-Invalid-,-Invalid-,-Invalid-,-Invalid-
6/25/2009 8:20,-Invalid-,-Invalid-,-Invalid-,-Invalid-,-Invalid-,-Invalid-,-Invalid-,-Invalid-,-Invalid-,-Invalid-
6/25/2009 8:30,-Invalid-,-Invalid-,-Invalid-,-Invalid-,-Invalid-,-Invalid-,-Invalid-,-Invalid-,-Invalid-,-Invalid-
6/25/2009 8:40,-Invalid-,-Invalid-,-Invalid-,-Invalid-,-Invalid-,-Invalid-,-Invalid-,-Invalid-,-Invalid-,-Invalid-
6/25/2009 8:50,-Invalid-,-Invalid-,-Invalid-,-Invalid-,-Invalid-,-Invalid-,-Invalid-,-Invalid-,-Invalid-,-Invalid-
6/25/2009 9:00,-Invalid-,-Invalid-,-Invalid-,-Invalid-,-Invalid-,-Invalid-,-Invalid-,-Invalid-,-Invalid-,-Invalid-
6/25/2009 9:10,-Invalid-,-Invalid-,-Invalid-,-Invalid-,-Invalid-,-Invalid-,-Invalid-,-Invalid-,-Invalid-,-Invalid-
6/25/2009 9:20,-Invalid-,-Invalid-,-Invalid-,-Invalid-,-Invalid-,-Invalid-,-Invalid-,-Invalid-,-Invalid-,-Invalid-
6/25/2009 9:30,-Invalid-,-Invalid-,-Invalid-,-Invalid-,-Invalid-,-Invalid-,-Invalid-,-Invalid-,-Invalid-,-Invalid-
6/25/2009 9:40,-Invalid-,-Invalid-,-Invalid-,-Invalid-,-Invalid-,-Invalid-,-Invalid-,-Invalid-,-Invalid-,-Invalid-
6/25/2009 9:50,-Invalid-,-Invalid-,-Invalid-,-Invalid-,-Invalid-,-Invalid-,-Invalid-,-Invalid-,-Invalid-,-Invalid-
6/25/2009 10:00,-Invalid-,-Invalid-,-Invalid-,-Invalid-,-Invalid-,-Invalid-,-Invalid-,-Invalid-,-Invalid-,-Invalid-
6/25/2009 10:10,-Invalid-,-Invalid-,-Invalid-,-Invalid-,-Invalid-,-Invalid-,-Invalid-,-Invalid-,-Invalid-,-Invalid-
6/25/2009 10:20,-Invalid-,-Invalid-,-Invalid-,-Invalid-,-Invalid-,-Invalid-,-Invalid-,-Invalid-,-Invalid-,-Invalid-
6/25/2009 10:30,-Invalid-,-Invalid-,-Invalid-,-Invalid-,-Invalid-,-Invalid-,-Invalid-,-Invalid-,-Invalid-,-Invalid-
6/25/2009 10:40,-Invalid-,-Invalid-,-Invalid-,-Invalid-,-Invalid-,-Invalid-,-Invalid-,-Invalid-,-Invalid-,-Invalid-
6/25/2009 10:50,-Invalid-,-Invalid-,-Invalid-,-Invalid-,-Invalid-,-Invalid-,-Invalid-,-Invalid-,-Invalid-,-Invalid-
6/25/2009 11:00,-Invalid-,-Invalid-,-Invalid-,-Invalid-,-Invalid-,-Invalid-,-Invalid-,-Invalid-,-Invalid-,-Invalid-
6/25/2009 11:10,-Invalid-,-Invalid-,-Invalid-,-Invalid-,-Invalid-,-Invalid-,-Invalid-,-Invalid-,-Invalid-,-Invalid-
6/25/2009 11:20,-Invalid-,-Invalid-,-Invalid-,-Invalid-,-Invalid-,-Invalid-,-Invalid-,-Invalid-,-Invalid-,-Invalid-
6/25/2009 11:30,-Invalid-,-Invalid-,-Invalid-,-Invalid-,-Invalid-,-Invalid-,-Invalid-,-Invalid-,-Invalid-,-Invalid-
6/25/2009 11:40,-Invalid-,-Invalid-,-Invalid-,-Invalid-,-Invalid-,-Invalid-,-Invalid-,-Invalid-,-Invalid-,-Invalid-
6/25/2009 11:50,-Invalid-,-Invalid-,-Invalid-,-Invalid-,-Invalid-,-Invalid-,-Invalid-,-Invalid-,-Invalid-,-Invalid-
6/25/2009 12:00,-Invalid-,-Invalid-,-Invalid-,-Invalid-,-Invalid-,-Invalid-,-Invalid-,-Invalid-,-Invalid-,-Invalid-
6/25/2009 12:10,-Invalid-,-Invalid-,-Invalid-,-Invalid-,-Invalid-,-Invalid-,-Invalid-,-Invalid-,-Invalid-,-Invalid-
6/25/2009 12:20,-Invalid-,-Invalid-,-Invalid-,-Invalid-,-Invalid-,-Invalid-,-Invalid-,-Invalid-,-Invalid-,-Invalid-
6/25/2009 12:30,-Invalid-,-Invalid-,-Invalid-,-Invalid-,-Invalid-,-Invalid-,-Invalid-,-Invalid-,-Invalid-,-Invalid-
6/25/2009 12:40,-Invalid-,-Invalid-,-Invalid-,-Invalid-,-Invalid-,-Invalid-,-Invalid-,-Invalid-,-Invalid-,-Invalid-
6/25/2009 12:50,-Invalid-,-Invalid-,-Invalid-,-Invalid-,-Invalid-,-Invalid-,-Invalid-,-Invalid-,-Invalid-,-Invalid-
6/25/2009 13:00,-Invalid-,-Invalid-,-Invalid-,-Invalid-,-Invalid-,-Invalid-,-Invalid-,-Invalid-,-Invalid-,-Invalid-
6/25/2009 13:10,-Invalid-,-Invalid-,-Invalid-,-Invalid-,-Invalid-,-Invalid-,-Invalid-,-Invalid-,-Invalid-,-Invalid-
6/25/2009 13:20,-Invalid-,-Invalid-,-Invalid-,-Invalid-,-Invalid-,-Invalid-,-Invalid-,-Invalid-,-Invalid-,-Invalid-
6/25/2009 13:30,-Invalid-,-Invalid-,-Invalid-,-Invalid-,-Invalid-,-Invalid-,-Invalid-,-Invalid-,-Invalid-,-Invalid-
6/25/2009 13:40,-Invalid-,-Invalid-,-Invalid-,-Invalid-,-Invalid-,-Invalid-,-Invalid-,-Invalid-,-Invalid-,-Invalid-
6/25/2009 13:50,-Invalid-,-Invalid-,-Invalid-,-Invalid-,-Invalid-,-Invalid-,-Invalid-,-Invalid-,-Invalid-,-Invalid-
6/25/2009 14:00,-Invalid-,-Invalid-,-Invalid-,-Invalid-,-Invalid-,-Invalid-,-Invalid-,-Invalid-,-Invalid-,-Invalid-
6/25/2009 14:10,-Invalid-,-Invalid-,-Invalid-,-Invalid-,-Invalid-,-Invalid-,-Invalid-,-Invalid-,-Invalid-,-Invalid-
6/25/2009 14:20,-Invalid-,-Invalid-,-Invalid-,-Invalid-,-Invalid-,-Invalid-,-Invalid-,-Invalid-,-Invalid-,-Invalid-
6/25/2009 14:30,-Invalid-,-Invalid-,-Invalid-,-Invalid-,-Invalid-,-Invalid-,-Invalid-,-Invalid-,-Invalid-,-Invalid-
6/25/2009 14:40,-Invalid-,-Invalid-,-Invalid-,-Invalid-,-Invalid-,-Invalid-,-Invalid-,-Invalid-,-Invalid-,-Invalid-
6/25/2009 14:50,-Invalid-,-Invalid-,-Invalid-,-Invalid-,-Invalid-,-Invalid-,-Invalid-,-Invalid-,-Invalid-,-Invalid-
6/25/2009 15:00,-Invalid-,-Invalid-,-Invalid-,-Invalid-,-Invalid-,-Invalid-,-Invalid-,-Invalid-,-Invalid-,-Invalid-
6/25/2009 15:10,-Invalid-,-Invalid-,-Invalid-,-Invalid-,-Invalid-,-Invalid-,-Invalid-,-Invalid-,-Invalid-,-Invalid-
6/25/2009 15:20,-Invalid-,-Invalid-,-Invalid-,-Invalid-,-Invalid-,-Invalid-,-Invalid-,-Invalid-,-Invalid-,-Invalid-
6/25/2009 15:30,-Invalid-,-Invalid-,-Invalid-,-Invalid-,-Invalid-,-Invalid-,-Invalid-,-Invalid-,-Invalid-,-Invalid-
6/25/2009 15:40,-Invalid-,-Invalid-,-Invalid-,-Invalid-,-Invalid-,-Invalid-,-Invalid-,-Invalid-,-Invalid-,-Invalid-
6/25/2009 15:50,-Invalid-,-Invalid-,-Invalid-,-Invalid-,-Invalid-,-Invalid-,-Invalid-,-Invalid-,-Invalid-,-Invalid-
6/25/2009 16:00,-Invalid-,-Invalid-,-Invalid-,-Invalid-,-Invalid-,-Invalid-,-Invalid-,-Invalid-,-Invalid-,-Invalid-
6/25/2009 16:10,-Invalid-,-Invalid-,-Invalid-,-Invalid-,-Invalid-,-Invalid-,-Invalid-,-Invalid-,-Invalid-,-Invalid-
6/25/2009 16:20,-Invalid-,-Invalid-,-Invalid-,-Invalid-,-Invalid-,-Invalid-,-Invalid-,-Invalid-,-Invalid-,-Invalid-
6/25/2009 16:30,-Invalid-,-Invalid-,-Invalid-,-Invalid-,-Invalid-,-Invalid-,-Invalid-,-Invalid-,-Invalid-,-Invalid-
6/25/2009 16:40,-Invalid-,-Invalid-,-Invalid-,-Invalid-,-Invalid-,-Invalid-,-Invalid-,-Invalid-,-Invalid-,-Invalid-
6/25/2009 16:50,-Invalid-,-Invalid-,-Invalid-,-Invalid-,-Invalid-,-Invalid-,-Invalid-,-Invalid-,-Invalid-,-Invalid-
6/25/2009 17:00,-Invalid-,-Invalid-,-Invalid-,-Invalid-,-Invalid-,-Invalid-,-Invalid-,-Invalid-,-Invalid-,-Invalid-
6/25/2009 17:10,-Invalid-,-Invalid-,-Invalid-,-Invalid-,-Invalid-,-Invalid-,-Invalid-,-Invalid-,-Invalid-,-Invalid-
6/25/2009 17:20,-Invalid-,-Invalid-,-Invalid-,-Invalid-,-Invalid-,-Invalid-,-Invalid-,-Invalid-,-Invalid-,-Invalid-
6/25/2009 17:30,-Invalid-,-Invalid-,-Invalid-,-Invalid-,-Invalid-,-Invalid-,-Invalid-,-Invalid-,-Invalid-,-Invalid-
6/25/2009 17:40,-Invalid-,-Invalid-,-Invalid-,-Invalid-,-Invalid-,-Invalid-,-Invalid-,-Invalid-,-Invalid-,-Invalid-
6/25/2009 17:50,-Invalid-,-Invalid-,-Invalid-,-Invalid-,-Invalid-,-Invalid-,-Invalid-,-Invalid-,-Invalid-,-Invalid-
6/25/2009 18:00,-Invalid-,-Invalid-,-Invalid-,-Invalid-,-Invalid-,-Invalid-,-Invalid-,-Invalid-,-Invalid-,-Invalid-
6/25/2009 18:10,-Invalid-,-Invalid-,-Invalid-,-Invalid-,-Invalid-,-Invalid-,-Invalid-,-Invalid-,-Invalid-,-Invalid-
6/25/2009 18:20,-Invalid-,-Invalid-,-Invalid-,-Invalid-,-Invalid-,-Invalid-,-Invalid-,-Invalid-,-Invalid-,-Invalid-
6/25/2009 18:30,-Invalid-,-Invalid-,-Invalid-,-Invalid-,-Invalid-,-Invalid-,-Invalid-,-Invalid-,-Invalid-,-Invalid-
6/25/2009 18:40,-Invalid-,-Invalid-,-Invalid-,-Invalid-,-Invalid-,-Invalid-,-Invalid-,-Invalid-,-Invalid-,-Invalid-
6/25/2009 18:50,-Invalid-,-Invalid-,-Invalid-,-Invalid-,-Invalid-,-Invalid-,-Invalid-,-Invalid-,-Invalid-,-Invalid-
6/25/2009 19:00,-Invalid-,-Invalid-,-Invalid-,-Invalid-,-Invalid-,-Invalid-,-Invalid-,-Invalid-,-Invalid-,-Invalid-
6/25/2009 19:10,-Invalid-,-Invalid-,-Invalid-,-Invalid-,-Invalid-,-Invalid-,-Invalid-,-Invalid-,-Invalid-,-Invalid-
6/25/2009 19:20,-Invalid-,-Invalid-,-Invalid-,-Invalid-,-Invalid-,-Invalid-,-Invalid-,-Invalid-,-Invalid-,-Invalid-
6/25/2009 19:30,-Invalid-,-Invalid-,-Invalid-,-Invalid-,-Invalid-,-Invalid-,-Invalid-,-Invalid-,-Invalid-,-Invalid-
6/25/2009 19:40,-Invalid-,-Invalid-,-Invalid-,-Invalid-,-Invalid-,-Invalid-,-Invalid-,-Invalid-,-Invalid-,-Invalid-
6/25/2009 19:50,-Invalid-,-Invalid-,-Invalid-,-Invalid-,-Invalid-,-Invalid-,-Invalid-,-Invalid-,-Invalid-,-Invalid-
6/25/2009 20:00,-Invalid-,-Invalid-,-Invalid-,-Invalid-,-Invalid-,-Invalid-,-Invalid-,-Invalid-,-Invalid-,-Invalid-
6/25/2009 20:10,-Invalid-,-Invalid-,-Invalid-,-Invalid-,-Invalid-,-Invalid-,-Invalid-,-Invalid-,-Invalid-,-Invalid-
6/25/2009 20:20,-Invalid-,-Invalid-,-Invalid-,-Invalid-,-Invalid-,-Invalid-,-Invalid-,-Invalid-,-Invalid-,-Invalid-
6/25/2009 20:30,-Invalid-,-Invalid-,-Invalid-,-Invalid-,-Invalid-,-Invalid-,-Invalid-,-Invalid-,-Invalid-,-Invalid-
6/25/2009 20:40,-Invalid-,-Invalid-,-Invalid-,-Invalid-,-Invalid-,-Invalid-,-Invalid-,-Invalid-,-Invalid-,-Invalid-
6/25/2009 20:50,-Invalid-,-Invalid-,-Invalid-,-Invalid-,-Invalid-,-Invalid-,-Invalid-,-Invalid-,-Invalid-,-Invalid-
6/25/2009 21:00,-Invalid-,-Invalid-,-Invalid-,-Invalid-,-Invalid-,-Invalid-,-Invalid-,-Invalid-,-Invalid-,-Invalid-
6/25/2009 21:10,-Invalid-,-Invalid-,-Invalid-,-Invalid-,-Invalid-,-Invalid-,-Invalid-,-Invalid-,-Invalid-,-Invalid-
6/25/2009 21:20,-Invalid-,-Invalid-,-Invalid-,-Invalid-,-Invalid-,-Invalid-,-Invalid-,-Invalid-,-Invalid-,-Invalid-
6/25/2009 21:30,-Invalid-,-Invalid-,-Invalid-,-Invalid-,-Invalid-,-Invalid-,-Invalid-,-Invalid-,-Invalid-,-Invalid-
6/25/2009 21:40,-Invalid-,-Invalid-,-Invalid-,-Invalid-,-Invalid-,-Invalid-,-Invalid-,-Invalid-,-Invalid-,-Invalid-
6/25/2009 21:50,-Invalid-,-Invalid-,-Invalid-,-Invalid-,-Invalid-,-Invalid-,-Invalid-,-Invalid-,-Invalid-,-Invalid-
6/25/2009 22:00,-Invalid-,-Invalid-,-Invalid-,-Invalid-,-Invalid-,-Invalid-,-Invalid-,-Invalid-,-Invalid-,-Invalid-
6/25/2009 22:10,-Invalid-,-Invalid-,-Invalid-,-Invalid-,-Invalid-,-Invalid-,-Invalid-,-Invalid-,-Invalid-,-Invalid-
6/25/2009 22:20,-Invalid-,-Invalid-,-Invalid-,-Invalid-,-Invalid-,-Invalid-,-Invalid-,-Invalid-,-Invalid-,-Invalid-
6/25/2009 22:30,-Invalid-,-Invalid-,-Invalid-,-Invalid-,-Invalid-,-Invalid-,-Invalid-,-Invalid-,-Invalid-,-Invalid-
6/25/2009 22:40,-Invalid-,-Invalid-,-Invalid-,-Invalid-,-Invalid-,-Invalid-,-Invalid-,-Invalid-,-Invalid-,-Invalid-
6/25/2009 22:50,-Invalid-,-Invalid-,-Invalid-,-Invalid-,-Invalid-,-Invalid-,-Invalid-,-Invalid-,-Invalid-,-Invalid-
6/25/2009 23:00,-Invalid-,-Invalid-,-Invalid-,-Invalid-,-Invalid-,-Invalid-,-Invalid-,-Invalid-,-Invalid-,-Invalid-
6/25/2009 23:10,-Invalid-,-Invalid-,-Invalid-,-Invalid-,-Invalid-,-Invalid-,-Invalid-,-Invalid-,-Invalid-,-Invalid-
6/25/2009 23:20,-Invalid-,-Invalid-,-Invalid-,-Invalid-,-Invalid-,-Invalid-,-Invalid-,-Invalid-,-Invalid-,-Invalid-
6/25/2009 23:30,-Invalid-,-Invalid-,-Invalid-,-Invalid-,-Invalid-,-Invalid-,-Invalid-,-Invalid-,-Invalid-,-Invalid-
6/25/2009 23:40,-Invalid-,-Invalid-,-Invalid-,-Invalid-,-Invalid-,-Invalid-,-Invalid-,-Invalid-,-Invalid-,-Invalid-
6/25/2009 23:50,-Invalid-,-Invalid-,-Invalid-,-Invalid-,-Invalid-,-Invalid-,-Invalid-,-Invalid-,-Invalid-,-Invalid-
6/26/2009 0:00,-Invalid-,-Invalid-,-Invalid-,-Invalid-,-Invalid-,-Invalid-,-Invalid-,-Invalid-,-Invalid-,-Invalid-
6/26/2009 0:10,-Invalid-,-Invalid-,-Invalid-,-Invalid-,-Invalid-,-Invalid-,-Invalid-,-Invalid-,-Invalid-,-Invalid-
6/26/2009 0:20,-Invalid-,-Invalid-,-Invalid-,-Invalid-,-Invalid-,-Invalid-,-Invalid-,-Invalid-,-Invalid-,-Invalid-
6/26/2009 0:30,-Invalid-,-Invalid-,-Invalid-,-Invalid-,-Invalid-,-Invalid-,-Invalid-,-Invalid-,-Invalid-,-Invalid-
6/26/2009 0:40,-Invalid-,-Invalid-,-Invalid-,-Invalid-,-Invalid-,-Invalid-,-Invalid-,-Invalid-,-Invalid-,-Invalid-
6/26/2009 0:50,-Invalid-,-Invalid-,-Invalid-,-Invalid-,-Invalid-,-Invalid-,-Invalid-,-Invalid-,-Invalid-,-Invalid-
6/26/2009 1:00,-Invalid-,-Invalid-,-Invalid-,-Invalid-,-Invalid-,-Invalid-,-Invalid-,-Invalid-,-Invalid-,-Invalid-
6/26/2009 1:10,-Invalid-,-Invalid-,-Invalid-,-Invalid-,-Invalid-,-Invalid-,-Invalid-,-Invalid-,-Invalid-,-Invalid-
6/26/2009 1:20,-Invalid-,-Invalid-,-Invalid-,-Invalid-,-Invalid-,-Invalid-,-Invalid-,-Invalid-,-Invalid-,-Invalid-
6/26/2009 1:30,-Invalid-,-Invalid-,-Invalid-,-Invalid-,-Invalid-,-Invalid-,-Invalid-,-Invalid-,-Invalid-,-Invalid-
6/26/2009 1:40,-Invalid-,-Invalid-,-Invalid-,-Invalid-,-Invalid-,-Invalid-,-Invalid-,-Invalid-,-Invalid-,-Invalid-
6/26/2009 1:50,-Invalid-,-Invalid-,-Invalid-,-Invalid-,-Invalid-,-Invalid-,-Invalid-,-Invalid-,-Invalid-,-Invalid-
6/26/2009 2:00,-Invalid-,-Invalid-,-Invalid-,-Invalid-,-Invalid-,-Invalid-,-Invalid-,-Invalid-,-Invalid-,-Invalid-
6/26/2009 2:10,-Invalid-,-Invalid-,-Invalid-,-Invalid-,-Invalid-,-Invalid-,-Invalid-,-Invalid-,-Invalid-,-Invalid-
6/26/2009 2:20,-Invalid-,-Invalid-,-Invalid-,-Invalid-,-Invalid-,-Invalid-,-Invalid-,-Invalid-,-Invalid-,-Invalid-
6/26/2009 2:30,-Invalid-,-Invalid-,-Invalid-,-Invalid-,-Invalid-,-Invalid-,-Invalid-,-Invalid-,-Invalid-,-Invalid-
6/26/2009 2:40,-Invalid-,-Invalid-,-Invalid-,-Invalid-,-Invalid-,-Invalid-,-Invalid-,-Invalid-,-Invalid-,-Invalid-
6/26/2009 2:50,-Invalid-,-Invalid-,-Invalid-,-Invalid-,-Invalid-,-Invalid-,-Invalid-,-Invalid-,-Invalid-,-Invalid-
6/26/2009 3:00,-Invalid-,-Invalid-,-Invalid-,-Invalid-,-Invalid-,-Invalid-,-Invalid-,-Invalid-,-Invalid-,-Invalid-
6/26/2009 3:10,-Invalid-,-Invalid-,-Invalid-,-Invalid-,-Invalid-,-Invalid-,-Invalid-,-Invalid-,-Invalid-,-Invalid-
6/26/2009 3:20,-Invalid-,-Invalid-,-Invalid-,-Invalid-,-Invalid-,-Invalid-,-Invalid-,-Invalid-,-Invalid-,-Invalid-
6/26/2009 3:30,-Invalid-,-Invalid-,-Invalid-,-Invalid-,-Invalid-,-Invalid-,-Invalid-,-Invalid-,-Invalid-,-Invalid-
6/26/2009 3:40,-Invalid-,-Invalid-,-Invalid-,-Invalid-,-Invalid-,-Invalid-,-Invalid-,-Invalid-,-Invalid-,-Invalid-
6/26/2009 3:50,-Invalid-,-Invalid-,-Invalid-,-Invalid-,-Invalid-,-Invalid-,-Invalid-,-Invalid-,-Invalid-,-Invalid-
6/26/2009 4:00,-Invalid-,-Invalid-,-Invalid-,-Invalid-,-Invalid-,-Invalid-,-Invalid-,-Invalid-,-Invalid-,-Invalid-
6/26/2009 4:10,-Invalid-,-Invalid-,-Invalid-,-Invalid-,-Invalid-,-Invalid-,-Invalid-,-Invalid-,-Invalid-,-Invalid-
6/26/2009 4:20,-Invalid-,-Invalid-,-Invalid-,-Invalid-,-Invalid-,-Invalid-,-Invalid-,-Invalid-,-Invalid-,-Invalid-
6/26/2009 4:30,-Invalid-,-Invalid-,-Invalid-,-Invalid-,-Invalid-,-Invalid-,-Invalid-,-Invalid-,-Invalid-,-Invalid-
6/26/2009 4:40,-Invalid-,-Invalid-,-Invalid-,-Invalid-,-Invalid-,-Invalid-,-Invalid-,-Invalid-,-Invalid-,-Invalid-
6/26/2009 4:50,-Invalid-,-Invalid-,-Invalid-,-Invalid-,-Invalid-,-Invalid-,-Invalid-,-Invalid-,-Invalid-,-Invalid-
6/26/2009 5:00,-Invalid-,-Invalid-,-Invalid-,-Invalid-,-Invalid-,-Invalid-,-Invalid-,-Invalid-,-Invalid-,-Invalid-
6/26/2009 5:10,-Invalid-,-Invalid-,-Invalid-,-Invalid-,-Invalid-,-Invalid-,-Invalid-,-Invalid-,-Invalid-,-Invalid-
6/26/2009 5:20,-Invalid-,-Invalid-,-Invalid-,-Invalid-,-Invalid-,-Invalid-,-Invalid-,-Invalid-,-Invalid-,-Invalid-
6/26/2009 5:30,-Invalid-,-Invalid-,-Invalid-,-Invalid-,-Invalid-,-Invalid-,-Invalid-,-Invalid-,-Invalid-,-Invalid-
6/26/2009 5:40,-Invalid-,-Invalid-,-Invalid-,-Invalid-,-Invalid-,-Invalid-,-Invalid-,-Invalid-,-Invalid-,-Invalid-
6/26/2009 5:50,-Invalid-,-Invalid-,-Invalid-,-Invalid-,-Invalid-,-Invalid-,-Invalid-,-Invalid-,-Invalid-,-Invalid-
6/26/2009 6:00,-Invalid-,-Invalid-,-Invalid-,-Invalid-,-Invalid-,-Invalid-,-Invalid-,-Invalid-,-Invalid-,-Invalid-
6/26/2009 6:10,-Invalid-,-Invalid-,-Invalid-,-Invalid-,-Invalid-,-Invalid-,-Invalid-,-Invalid-,-Invalid-,-Invalid-
6/26/2009 6:20,-Invalid-,-Invalid-,-Invalid-,-Invalid-,-Invalid-,-Invalid-,-Invalid-,-Invalid-,-Invalid-,-Invalid-
6/26/2009 6:30,-Invalid-,-Invalid-,-Invalid-,-Invalid-,-Invalid-,-Invalid-,-Invalid-,-Invalid-,-Invalid-,-Invalid-
6/26/2009 6:40,-Invalid-,-Invalid-,-Invalid-,-Invalid-,-Invalid-,-Invalid-,-Invalid-,-Invalid-,-Invalid-,-Invalid-
6/26/2009 6:50,-Invalid-,-Invalid-,-Invalid-,-Invalid-,-Invalid-,-Invalid-,-Invalid-,-Invalid-,-Invalid-,-Invalid-
6/26/2009 7:00,-Invalid-,-Invalid-,-Invalid-,-Invalid-,-Invalid-,-Invalid-,-Invalid-,-Invalid-,-Invalid-,-Invalid-
6/26/2009 7:10,-Invalid-,-Invalid-,-Invalid-,-Invalid-,-Invalid-,-Invalid-,-Invalid-,-Invalid-,-Invalid-,-Invalid-
6/26/2009 7:20,-Invalid-,-Invalid-,-Invalid-,-Invalid-,-Invalid-,-Invalid-,-Invalid-,-Invalid-,-Invalid-,-Invalid-
6/26/2009 7:30,-Invalid-,-Invalid-,-Invalid-,-Invalid-,-Invalid-,-Invalid-,-Invalid-,-Invalid-,-Invalid-,-Invalid-
6/26/2009 7:40,-Invalid-,-Invalid-,-Invalid-,-Invalid-,-Invalid-,-Invalid-,-Invalid-,-Invalid-,-Invalid-,-Invalid-
6/26/2009 7:50,-Invalid-,-Invalid-,-Invalid-,-Invalid-,-Invalid-,-Invalid-,-Invalid-,-Invalid-,-Invalid-,-Invalid-
6/26/2009 8:00,-Invalid-,-Invalid-,-Invalid-,-Invalid-,-Invalid-,-Invalid-,-Invalid-,-Invalid-,-Invalid-,-Invalid-
6/26/2009 8:10,-Invalid-,-Invalid-,-Invalid-,-Invalid-,-Invalid-,-Invalid-,-Invalid-,-Invalid-,-Invalid-,-Invalid-
6/26/2009 8:20,-Invalid-,-Invalid-,-Invalid-,-Invalid-,-Invalid-,-Invalid-,-Invalid-,-Invalid-,-Invalid-,-Invalid-
6/26/2009 8:30,-Invalid-,-Invalid-,-Invalid-,-Invalid-,-Invalid-,-Invalid-,-Invalid-,-Invalid-,-Invalid-,-Invalid-
6/26/2009 8:40,-Invalid-,-Invalid-,-Invalid-,-Invalid-,-Invalid-,-Invalid-,-Invalid-,-Invalid-,-Invalid-,-Invalid-
6/26/2009 8:50,-Invalid-,-Invalid-,-Invalid-,-Invalid-,-Invalid-,-Invalid-,-Invalid-,-Invalid-,-Invalid-,-Invalid-
6/26/2009 9:00,-Invalid-,-Invalid-,-Invalid-,-Invalid-,-Invalid-,-Invalid-,-Invalid-,-Invalid-,-Invalid-,-Invalid-
6/26/2009 9:10,-Invalid-,-Invalid-,-Invalid-,-Invalid-,-Invalid-,-Invalid-,-Invalid-,-Invalid-,-Invalid-,-Invalid-
6/26/2009 9:20,-Invalid-,-Invalid-,-Invalid-,-Invalid-,-Invalid-,-Invalid-,-Invalid-,-Invalid-,-Invalid-,-Invalid-
6/26/2009 9:30,-Invalid-,-Invalid-,-Invalid-,-Invalid-,-Invalid-,-Invalid-,-Invalid-,-Invalid-,-Invalid-,-Invalid-
6/26/2009 9:40,-Invalid-,-Invalid-,-Invalid-,-Invalid-,-Invalid-,-Invalid-,-Invalid-,-Invalid-,-Invalid-,-Invalid-
6/26/2009 9:50,-Invalid-,-Invalid-,-Invalid-,-Invalid-,-Invalid-,-Invalid-,-Invalid-,-Invalid-,-Invalid-,-Invalid-
6/26/2009 10:00,-Invalid-,-Invalid-,-Invalid-,-Invalid-,-Invalid-,-Invalid-,-Invalid-,-Invalid-,-Invalid-,-Invalid-
6/26/2009 10:10,-Invalid-,-Invalid-,-Invalid-,-Invalid-,-Invalid-,-Invalid-,-Invalid-,-Invalid-,-Invalid-,-Invalid-
6/26/2009 10:20,-Invalid-,-Invalid-,-Invalid-,-Invalid-,-Invalid-,-Invalid-,-Invalid-,-Invalid-,-Invalid-,-Invalid-
6/26/2009 10:30,-Invalid-,-Invalid-,-Invalid-,-Invalid-,-Invalid-,-Invalid-,-Invalid-,-Invalid-,-Invalid-,-Invalid-
6/26/2009 10:40,-Invalid-,-Invalid-,-Invalid-,-Invalid-,-Invalid-,-Invalid-,-Invalid-,-Invalid-,-Invalid-,-Invalid-
6/26/2009 10:50,-Invalid-,-Invalid-,-Invalid-,-Invalid-,-Invalid-,-Invalid-,-Invalid-,-Invalid-,-Invalid-,-Invalid-
6/26/2009 11:00,-Invalid-,-Invalid-,-Invalid-,-Invalid-,-Invalid-,-Invalid-,-Invalid-,-Invalid-,-Invalid-,-Invalid-
6/26/2009 11:10,-Invalid-,-Invalid-,-Invalid-,-Invalid-,-Invalid-,-Invalid-,-Invalid-,-Invalid-,-Invalid-,-Invalid-
6/26/2009 11:20,-Invalid-,-Invalid-,-Invalid-,-Invalid-,-Invalid-,-Invalid-,-Invalid-,-Invalid-,-Invalid-,-Invalid-
6/26/2009 11:30,-Invalid-,-Invalid-,-Invalid-,-Invalid-,-Invalid-,-Invalid-,-Invalid-,-Invalid-,-Invalid-,-Invalid-
6/26/2009 11:40,-Invalid-,-Invalid-,-Invalid-,-Invalid-,-Invalid-,-Invalid-,-Invalid-,-Invalid-,-Invalid-,-Invalid-
6/26/2009 11:50,-Invalid-,-Invalid-,-Invalid-,-Invalid-,-Invalid-,-Invalid-,-Invalid-,-Invalid-,-Invalid-,-Invalid-
6/26/2009 12:00,-Invalid-,-Invalid-,-Invalid-,-Invalid-,-Invalid-,-Invalid-,-Invalid-,-Invalid-,-Invalid-,-Invalid-
6/26/2009 12:10,-Invalid-,-Invalid-,-Invalid-,-Invalid-,-Invalid-,-Invalid-,-Invalid-,-Invalid-,-Invalid-,-Invalid-
6/26/2009 12:20,-Invalid-,-Invalid-,-Invalid-,-Invalid-,-Invalid-,-Invalid-,-Invalid-,-Invalid-,-Invalid-,-Invalid-
6/26/2009 12:30,-Invalid-,-Invalid-,-Invalid-,-Invalid-,-Invalid-,-Invalid-,-Invalid-,-Invalid-,-Invalid-,-Invalid-
6/26/2009 12:40,-Invalid-,-Invalid-,-Invalid-,-Invalid-,-Invalid-,-Invalid-,-Invalid-,-Invalid-,-Invalid-,-Invalid-
6/26/2009 12:50,-Invalid-,-Invalid-,-Invalid-,-Invalid-,-Invalid-,-Invalid-,-Invalid-,-Invalid-,-Invalid-,-Invalid-
6/26/2009 13:00,-Invalid-,-Invalid-,-Invalid-,-Invalid-,-Invalid-,-Invalid-,-Invalid-,-Invalid-,-Invalid-,-Invalid-
6/26/2009 13:10,-Invalid-,-Invalid-,-Invalid-,-Invalid-,-Invalid-,-Invalid-,-Invalid-,-Invalid-,-Invalid-,-Invalid-
6/26/2009 13:20,-Invalid-,-Invalid-,-Invalid-,-Invalid-,-Invalid-,-Invalid-,-Invalid-,-Invalid-,-Invalid-,-Invalid-
6/26/2009 13:30,-Invalid-,-Invalid-,-Invalid-,-Invalid-,-Invalid-,-Invalid-,-Invalid-,-Invalid-,-Invalid-,-Invalid-
6/26/2009 13:40,-Invalid-,-Invalid-,-Invalid-,-Invalid-,-Invalid-,-Invalid-,-Invalid-,-Invalid-,-Invalid-,-Invalid-
6/26/2009 13:50,-Invalid-,-Invalid-,-Invalid-,-Invalid-,-Invalid-,-Invalid-,-Invalid-,-Invalid-,-Invalid-,-Invalid-
6/26/2009 14:00,-Invalid-,-Invalid-,-Invalid-,-Invalid-,-Invalid-,-Invalid-,-Invalid-,-Invalid-,-Invalid-,-Invalid-
6/26/2009 14:10,-Invalid-,-Invalid-,-Invalid-,-Invalid-,-Invalid-,-Invalid-,-Invalid-,-Invalid-,-Invalid-,-Invalid-
6/26/2009 14:20,-Invalid-,-Invalid-,-Invalid-,-Invalid-,-Invalid-,-Invalid-,-Invalid-,-Invalid-,-Invalid-,-Invalid-
6/26/2009 14:30,-Invalid-,-Invalid-,-Invalid-,-Invalid-,-Invalid-,-Invalid-,-Invalid-,-Invalid-,-Invalid-,-Invalid-
6/26/2009 14:40,-Invalid-,-Invalid-,-Invalid-,-Invalid-,-Invalid-,-Invalid-,-Invalid-,-Invalid-,-Invalid-,-Invalid-
6/26/2009 14:50,-Invalid-,-Invalid-,-Invalid-,-Invalid-,-Invalid-,-Invalid-,-Invalid-,-Invalid-,-Invalid-,-Invalid-
6/26/2009 15:00,-Invalid-,-Invalid-,-Invalid-,-Invalid-,-Invalid-,-Invalid-,-Invalid-,-Invalid-,-Invalid-,-Invalid-
6/26/2009 15:10,-Invalid-,-Invalid-,-Invalid-,-Invalid-,-Invalid-,-Invalid-,-Invalid-,-Invalid-,-Invalid-,-Invalid-
6/26/2009 15:20,-Invalid-,-Invalid-,-Invalid-,-Invalid-,-Invalid-,-Invalid-,-Invalid-,-Invalid-,-Invalid-,-Invalid-
6/26/2009 15:30,-Invalid-,-Invalid-,-Invalid-,-Invalid-,-Invalid-,-Invalid-,-Invalid-,-Invalid-,-Invalid-,-Invalid-
6/26/2009 15:40,-Invalid-,-Invalid-,-Invalid-,-Invalid-,-Invalid-,-Invalid-,-Invalid-,-Invalid-,-Invalid-,-Invalid-
6/26/2009 15:50,-Invalid-,-Invalid-,-Invalid-,-Invalid-,-Invalid-,-Invalid-,-Invalid-,-Invalid-,-Invalid-,-Invalid-
6/26/2009 16:00,-Invalid-,-Invalid-,-Invalid-,-Invalid-,-Invalid-,-Invalid-,-Invalid-,-Invalid-,-Invalid-,-Invalid-
6/26/2009 16:10,-Invalid-,-Invalid-,-Invalid-,-Invalid-,-Invalid-,-Invalid-,-Invalid-,-Invalid-,-Invalid-,-Invalid-
6/26/2009 16:20,-Invalid-,-Invalid-,-Invalid-,-Invalid-,-Invalid-,-Invalid-,-Invalid-,-Invalid-,-Invalid-,-Invalid-
6/26/2009 16:30,-Invalid-,-Invalid-,-Invalid-,-Invalid-,-Invalid-,-Invalid-,-Invalid-,-Invalid-,-Invalid-,-Invalid-
6/26/2009 16:40,-Invalid-,-Invalid-,-Invalid-,-Invalid-,-Invalid-,-Invalid-,-Invalid-,-Invalid-,-Invalid-,-Invalid-
6/26/2009 16:50,-Invalid-,-Invalid-,-Invalid-,-Invalid-,-Invalid-,-Invalid-,-Invalid-,-Invalid-,-Invalid-,-Invalid-
6/26/2009 17:00,-Invalid-,-Invalid-,-Invalid-,-Invalid-,-Invalid-,-Invalid-,-Invalid-,-Invalid-,-Invalid-,-Invalid-
6/26/2009 17:10,-Invalid-,-Invalid-,-Invalid-,-Invalid-,-Invalid-,-Invalid-,-Invalid-,-Invalid-,-Invalid-,-Invalid-
6/26/2009 17:20,-Invalid-,-Invalid-,-Invalid-,-Invalid-,-Invalid-,-Invalid-,-Invalid-,-Invalid-,-Invalid-,-Invalid-
6/26/2009 17:30,-Invalid-,-Invalid-,-Invalid-,-Invalid-,-Invalid-,-Invalid-,-Invalid-,-Invalid-,-Invalid-,-Invalid-
6/26/2009 17:40,-Invalid-,-Invalid-,-Invalid-,-Invalid-,-Invalid-,-Invalid-,-Invalid-,-Invalid-,-Invalid-,-Invalid-
6/26/2009 17:50,-Invalid-,-Invalid-,-Invalid-,-Invalid-,-Invalid-,-Invalid-,-Invalid-,-Invalid-,-Invalid-,-Invalid-
6/26/2009 18:00,-Invalid-,-Invalid-,-Invalid-,-Invalid-,-Invalid-,-Invalid-,-Invalid-,-Invalid-,-Invalid-,-Invalid-
6/26/2009 18:10,-Invalid-,-Invalid-,-Invalid-,-Invalid-,-Invalid-,-Invalid-,-Invalid-,-Invalid-,-Invalid-,-Invalid-
6/26/2009 18:20,-Invalid-,-Invalid-,-Invalid-,-Invalid-,-Invalid-,-Invalid-,-Invalid-,-Invalid-,-Invalid-,-Invalid-
6/26/2009 18:30,-Invalid-,-Invalid-,-Invalid-,-Invalid-,-Invalid-,-Invalid-,-Invalid-,-Invalid-,-Invalid-,-Invalid-
6/26/2009 18:40,-Invalid-,-Invalid-,-Invalid-,-Invalid-,-Invalid-,-Invalid-,-Invalid-,-Invalid-,-Invalid-,-Invalid-
6/26/2009 18:50,-Invalid-,-Invalid-,-Invalid-,-Invalid-,-Invalid-,-Invalid-,-Invalid-,-Invalid-,-Invalid-,-Invalid-
6/26/2009 19:00,-Invalid-,-Invalid-,-Invalid-,-Invalid-,-Invalid-,-Invalid-,-Invalid-,-Invalid-,-Invalid-,-Invalid-
6/26/2009 19:10,-Invalid-,-Invalid-,-Invalid-,-Invalid-,-Invalid-,-Invalid-,-Invalid-,-Invalid-,-Invalid-,-Invalid-
6/26/2009 19:20,-Invalid-,-Invalid-,-Invalid-,-Invalid-,-Invalid-,-Invalid-,-Invalid-,-Invalid-,-Invalid-,-Invalid-
6/26/2009 19:30,-Invalid-,-Invalid-,-Invalid-,-Invalid-,-Invalid-,-Invalid-,-Invalid-,-Invalid-,-Invalid-,-Invalid-
6/26/2009 19:40,-Invalid-,-Invalid-,-Invalid-,-Invalid-,-Invalid-,-Invalid-,-Invalid-,-Invalid-,-Invalid-,-Invalid-
6/26/2009 19:50,-Invalid-,-Invalid-,-Invalid-,-Invalid-,-Invalid-,-Invalid-,-Invalid-,-Invalid-,-Invalid-,-Invalid-
6/26/2009 20:00,-Invalid-,-Invalid-,-Invalid-,-Invalid-,-Invalid-,-Invalid-,-Invalid-,-Invalid-,-Invalid-,-Invalid-
6/26/2009 20:10,-Invalid-,-Invalid-,-Invalid-,-Invalid-,-Invalid-,-Invalid-,-Invalid-,-Invalid-,-Invalid-,-Invalid-
6/26/2009 20:20,-Invalid-,-Invalid-,-Invalid-,-Invalid-,-Invalid-,-Invalid-,-Invalid-,-Invalid-,-Invalid-,-Invalid-
6/26/2009 20:30,-Invalid-,-Invalid-,-Invalid-,-Invalid-,-Invalid-,-Invalid-,-Invalid-,-Invalid-,-Invalid-,-Invalid-
6/26/2009 20:40,-Invalid-,-Invalid-,-Invalid-,-Invalid-,-Invalid-,-Invalid-,-Invalid-,-Invalid-,-Invalid-,-Invalid-
6/26/2009 20:50,-Invalid-,-Invalid-,-Invalid-,-Invalid-,-Invalid-,-Invalid-,-Invalid-,-Invalid-,-Invalid-,-Invalid-
6/26/2009 21:00,-Invalid-,-Invalid-,-Invalid-,-Invalid-,-Invalid-,-Invalid-,-Invalid-,-Invalid-,-Invalid-,-Invalid-
6/26/2009 21:10,-Invalid-,-Invalid-,-Invalid-,-Invalid-,-Invalid-,-Invalid-,-Invalid-,-Invalid-,-Invalid-,-Invalid-
6/26/2009 21:20,-Invalid-,-Invalid-,-Invalid-,-Invalid-,-Invalid-,-Invalid-,-Invalid-,-Invalid-,-Invalid-,-Invalid-
6/26/2009 21:30,-Invalid-,-Invalid-,-Invalid-,-Invalid-,-Invalid-,-Invalid-,-Invalid-,-Invalid-,-Invalid-,-Invalid-
6/26/2009 21:40,-Invalid-,-Invalid-,-Invalid-,-Invalid-,-Invalid-,-Invalid-,-Invalid-,-Invalid-,-Invalid-,-Invalid-
6/26/2009 21:50,-Invalid-,-Invalid-,-Invalid-,-Invalid-,-Invalid-,-Invalid-,-Invalid-,-Invalid-,-Invalid-,-Invalid-
6/26/2009 22:00,-Invalid-,-Invalid-,-Invalid-,-Invalid-,-Invalid-,-Invalid-,-Invalid-,-Invalid-,-Invalid-,-Invalid-
6/26/2009 22:10,-Invalid-,-Invalid-,-Invalid-,-Invalid-,-Invalid-,-Invalid-,-Invalid-,-Invalid-,-Invalid-,-Invalid-
6/26/2009 22:20,-Invalid-,-Invalid-,-Invalid-,-Invalid-,-Invalid-,-Invalid-,-Invalid-,-Invalid-,-Invalid-,-Invalid-
6/26/2009 22:30,-Invalid-,-Invalid-,-Invalid-,-Invalid-,-Invalid-,-Invalid-,-Invalid-,-Invalid-,-Invalid-,-Invalid-
6/26/2009 22:40,-Invalid-,-Invalid-,-Invalid-,-Invalid-,-Invalid-,-Invalid-,-Invalid-,-Invalid-,-Invalid-,-Invalid-
6/26/2009 22:50,-Invalid-,-Invalid-,-Invalid-,-Invalid-,-Invalid-,-Invalid-,-Invalid-,-Invalid-,-Invalid-,-Invalid-
6/26/2009 23:00,-Invalid-,-Invalid-,-Invalid-,-Invalid-,-Invalid-,-Invalid-,-Invalid-,-Invalid-,-Invalid-,-Invalid-
6/26/2009 23:10,-Invalid-,-Invalid-,-Invalid-,-Invalid-,-Invalid-,-Invalid-,-Invalid-,-Invalid-,-Invalid-,-Invalid-
6/26/2009 23:20,-Invalid-,-Invalid-,-Invalid-,-Invalid-,-Invalid-,-Invalid-,-Invalid-,-Invalid-,-Invalid-,-Invalid-
6/26/2009 23:30,-Invalid-,-Invalid-,-Invalid-,-Invalid-,-Invalid-,-Invalid-,-Invalid-,-Invalid-,-Invalid-,-Invalid-
6/26/2009 23:40,-Invalid-,-Invalid-,-Invalid-,-Invalid-,-Invalid-,-Invalid-,-Invalid-,-Invalid-,-Invalid-,-Invalid-
6/26/2009 23:50,-Invalid-,-Invalid-,-Invalid-,-Invalid-,-Invalid-,-Invalid-,-Invalid-,-Invalid-,-Invalid-,-Invalid-
6/27/2009 0:00,-Invalid-,-Invalid-,-Invalid-,-Invalid-,-Invalid-,-Invalid-,-Invalid-,-Invalid-,-Invalid-,-Invalid-
6/27/2009 0:10,-Invalid-,-Invalid-,-Invalid-,-Invalid-,-Invalid-,-Invalid-,-Invalid-,-Invalid-,-Invalid-,-Invalid-
6/27/2009 0:20,-Invalid-,-Invalid-,-Invalid-,-Invalid-,-Invalid-,-Invalid-,-Invalid-,-Invalid-,-Invalid-,-Invalid-
6/27/2009 0:30,-Invalid-,-Invalid-,-Invalid-,-Invalid-,-Invalid-,-Invalid-,-Invalid-,-Invalid-,-Invalid-,-Invalid-
6/27/2009 0:40,-Invalid-,-Invalid-,-Invalid-,-Invalid-,-Invalid-,-Invalid-,-Invalid-,-Invalid-,-Invalid-,-Invalid-
6/27/2009 0:50,-Invalid-,-Invalid-,-Invalid-,-Invalid-,-Invalid-,-Invalid-,-Invalid-,-Invalid-,-Invalid-,-Invalid-
6/27/2009 1:00,-Invalid-,-Invalid-,-Invalid-,-Invalid-,-Invalid-,-Invalid-,-Invalid-,-Invalid-,-Invalid-,-Invalid-
6/27/2009 1:10,-Invalid-,-Invalid-,-Invalid-,-Invalid-,-Invalid-,-Invalid-,-Invalid-,-Invalid-,-Invalid-,-Invalid-
6/27/2009 1:20,-Invalid-,-Invalid-,-Invalid-,-Invalid-,-Invalid-,-Invalid-,-Invalid-,-Invalid-,-Invalid-,-Invalid-
6/27/2009 1:30,-Invalid-,-Invalid-,-Invalid-,-Invalid-,-Invalid-,-Invalid-,-Invalid-,-Invalid-,-Invalid-,-Invalid-
6/27/2009 1:40,-Invalid-,-Invalid-,-Invalid-,-Invalid-,-Invalid-,-Invalid-,-Invalid-,-Invalid-,-Invalid-,-Invalid-
6/27/2009 1:50,-Invalid-,-Invalid-,-Invalid-,-Invalid-,-Invalid-,-Invalid-,-Invalid-,-Invalid-,-Invalid-,-Invalid-
6/27/2009 2:00,-Invalid-,-Invalid-,-Invalid-,-Invalid-,-Invalid-,-Invalid-,-Invalid-,-Invalid-,-Invalid-,-Invalid-
6/27/2009 2:10,-Invalid-,-Invalid-,-Invalid-,-Invalid-,-Invalid-,-Invalid-,-Invalid-,-Invalid-,-Invalid-,-Invalid-
6/27/2009 2:20,-Invalid-,-Invalid-,-Invalid-,-Invalid-,-Invalid-,-Invalid-,-Invalid-,-Invalid-,-Invalid-,-Invalid-
6/27/2009 2:30,-Invalid-,-Invalid-,-Invalid-,-Invalid-,-Invalid-,-Invalid-,-Invalid-,-Invalid-,-Invalid-,-Invalid-
6/27/2009 2:40,-Invalid-,-Invalid-,-Invalid-,-Invalid-,-Invalid-,-Invalid-,-Invalid-,-Invalid-,-Invalid-,-Invalid-
6/27/2009 2:50,-Invalid-,-Invalid-,-Invalid-,-Invalid-,-Invalid-,-Invalid-,-Invalid-,-Invalid-,-Invalid-,-Invalid-
6/27/2009 3:00,-Invalid-,-Invalid-,-Invalid-,-Invalid-,-Invalid-,-Invalid-,-Invalid-,-Invalid-,-Invalid-,-Invalid-
6/27/2009 3:10,-Invalid-,-Invalid-,-Invalid-,-Invalid-,-Invalid-,-Invalid-,-Invalid-,-Invalid-,-Invalid-,-Invalid-
6/27/2009 3:20,-Invalid-,-Invalid-,-Invalid-,-Invalid-,-Invalid-,-Invalid-,-Invalid-,-Invalid-,-Invalid-,-Invalid-
6/27/2009 3:30,-Invalid-,-Invalid-,-Invalid-,-Invalid-,-Invalid-,-Invalid-,-Invalid-,-Invalid-,-Invalid-,-Invalid-
6/27/2009 3:40,-Invalid-,-Invalid-,-Invalid-,-Invalid-,-Invalid-,-Invalid-,-Invalid-,-Invalid-,-Invalid-,-Invalid-
6/27/2009 3:50,-Invalid-,-Invalid-,-Invalid-,-Invalid-,-Invalid-,-Invalid-,-Invalid-,-Invalid-,-Invalid-,-Invalid-
6/27/2009 4:00,-Invalid-,-Invalid-,-Invalid-,-Invalid-,-Invalid-,-Invalid-,-Invalid-,-Invalid-,-Invalid-,-Invalid-
6/27/2009 4:10,-Invalid-,-Invalid-,-Invalid-,-Invalid-,-Invalid-,-Invalid-,-Invalid-,-Invalid-,-Invalid-,-Invalid-
6/27/2009 4:20,-Invalid-,-Invalid-,-Invalid-,-Invalid-,-Invalid-,-Invalid-,-Invalid-,-Invalid-,-Invalid-,-Invalid-
6/27/2009 4:30,-Invalid-,-Invalid-,-Invalid-,-Invalid-,-Invalid-,-Invalid-,-Invalid-,-Invalid-,-Invalid-,-Invalid-
6/27/2009 4:40,-Invalid-,-Invalid-,-Invalid-,-Invalid-,-Invalid-,-Invalid-,-Invalid-,-Invalid-,-Invalid-,-Invalid-
6/27/2009 4:50,-Invalid-,-Invalid-,-Invalid-,-Invalid-,-Invalid-,-Invalid-,-Invalid-,-Invalid-,-Invalid-,-Invalid-
6/27/2009 5:00,-Invalid-,-Invalid-,-Invalid-,-Invalid-,-Invalid-,-Invalid-,-Invalid-,-Invalid-,-Invalid-,-Invalid-
6/27/2009 5:10,-Invalid-,-Invalid-,-Invalid-,-Invalid-,-Invalid-,-Invalid-,-Invalid-,-Invalid-,-Invalid-,-Invalid-
6/27/2009 5:20,-Invalid-,-Invalid-,-Invalid-,-Invalid-,-Invalid-,-Invalid-,-Invalid-,-Invalid-,-Invalid-,-Invalid-
6/27/2009 5:30,-Invalid-,-Invalid-,-Invalid-,-Invalid-,-Invalid-,-Invalid-,-Invalid-,-Invalid-,-Invalid-,-Invalid-
6/27/2009 5:40,-Invalid-,-Invalid-,-Invalid-,-Invalid-,-Invalid-,-Invalid-,-Invalid-,-Invalid-,-Invalid-,-Invalid-
6/27/2009 5:50,-Invalid-,-Invalid-,-Invalid-,-Invalid-,-Invalid-,-Invalid-,-Invalid-,-Invalid-,-Invalid-,-Invalid-
6/27/2009 6:00,-Invalid-,-Invalid-,-Invalid-,-Invalid-,-Invalid-,-Invalid-,-Invalid-,-Invalid-,-Invalid-,-Invalid-
6/27/2009 6:10,-Invalid-,-Invalid-,-Invalid-,-Invalid-,-Invalid-,-Invalid-,-Invalid-,-Invalid-,-Invalid-,-Invalid-
6/27/2009 6:20,-Invalid-,-Invalid-,-Invalid-,-Invalid-,-Invalid-,-Invalid-,-Invalid-,-Invalid-,-Invalid-,-Invalid-
6/27/2009 6:30,-Invalid-,-Invalid-,-Invalid-,-Invalid-,-Invalid-,-Invalid-,-Invalid-,-Invalid-,-Invalid-,-Invalid-
6/27/2009 6:40,-Invalid-,-Invalid-,-Invalid-,-Invalid-,-Invalid-,-Invalid-,-Invalid-,-Invalid-,-Invalid-,-Invalid-
6/27/2009 6:50,-Invalid-,-Invalid-,-Invalid-,-Invalid-,-Invalid-,-Invalid-,-Invalid-,-Invalid-,-Invalid-,-Invalid-
6/27/2009 7:00,-Invalid-,-Invalid-,-Invalid-,-Invalid-,-Invalid-,-Invalid-,-Invalid-,-Invalid-,-Invalid-,-Invalid-
6/27/2009 7:10,-Invalid-,-Invalid-,-Invalid-,-Invalid-,-Invalid-,-Invalid-,-Invalid-,-Invalid-,-Invalid-,-Invalid-
6/27/2009 7:20,-Invalid-,-Invalid-,-Invalid-,-Invalid-,-Invalid-,-Invalid-,-Invalid-,-Invalid-,-Invalid-,-Invalid-
6/27/2009 7:30,-Invalid-,-Invalid-,-Invalid-,-Invalid-,-Invalid-,-Invalid-,-Invalid-,-Invalid-,-Invalid-,-Invalid-
6/27/2009 7:40,-Invalid-,-Invalid-,-Invalid-,-Invalid-,-Invalid-,-Invalid-,-Invalid-,-Invalid-,-Invalid-,-Invalid-
6/27/2009 7:50,-Invalid-,-Invalid-,-Invalid-,-Invalid-,-Invalid-,-Invalid-,-Invalid-,-Invalid-,-Invalid-,-Invalid-
6/27/2009 8:00,-Invalid-,-Invalid-,-Invalid-,-Invalid-,-Invalid-,-Invalid-,-Invalid-,-Invalid-,-Invalid-,-Invalid-
6/27/2009 8:10,-Invalid-,-Invalid-,-Invalid-,-Invalid-,-Invalid-,-Invalid-,-Invalid-,-Invalid-,-Invalid-,-Invalid-
6/27/2009 8:20,-Invalid-,-Invalid-,-Invalid-,-Invalid-,-Invalid-,-Invalid-,-Invalid-,-Invalid-,-Invalid-,-Invalid-
6/27/2009 8:30,-Invalid-,-Invalid-,-Invalid-,-Invalid-,-Invalid-,-Invalid-,-Invalid-,-Invalid-,-Invalid-,-Invalid-
6/27/2009 8:40,-Invalid-,-Invalid-,-Invalid-,-Invalid-,-Invalid-,-Invalid-,-Invalid-,-Invalid-,-Invalid-,-Invalid-
6/27/2009 8:50,-Invalid-,-Invalid-,-Invalid-,-Invalid-,-Invalid-,-Invalid-,-Invalid-,-Invalid-,-Invalid-,-Invalid-
6/27/2009 9:00,-Invalid-,-Invalid-,-Invalid-,-Invalid-,-Invalid-,-Invalid-,-Invalid-,-Invalid-,-Invalid-,-Invalid-
6/27/2009 9:10,-Invalid-,-Invalid-,-Invalid-,-Invalid-,-Invalid-,-Invalid-,-Invalid-,-Invalid-,-Invalid-,-Invalid-
6/27/2009 9:20,-Invalid-,-Invalid-,-Invalid-,-Invalid-,-Invalid-,-Invalid-,-Invalid-,-Invalid-,-Invalid-,-Invalid-
6/27/2009 9:30,-Invalid-,-Invalid-,-Invalid-,-Invalid-,-Invalid-,-Invalid-,-Invalid-,-Invalid-,-Invalid-,-Invalid-
6/27/2009 9:40,-Invalid-,-Invalid-,-Invalid-,-Invalid-,-Invalid-,-Invalid-,-Invalid-,-Invalid-,-Invalid-,-Invalid-
6/27/2009 9:50,-Invalid-,-Invalid-,-Invalid-,-Invalid-,-Invalid-,-Invalid-,-Invalid-,-Invalid-,-Invalid-,-Invalid-
6/27/2009 10:00,-Invalid-,-Invalid-,-Invalid-,-Invalid-,-Invalid-,-Invalid-,-Invalid-,-Invalid-,-Invalid-,-Invalid-
6/27/2009 10:10,-Invalid-,-Invalid-,-Invalid-,-Invalid-,-Invalid-,-Invalid-,-Invalid-,-Invalid-,-Invalid-,-Invalid-
6/27/2009 10:20,-Invalid-,-Invalid-,-Invalid-,-Invalid-,-Invalid-,-Invalid-,-Invalid-,-Invalid-,-Invalid-,-Invalid-
6/27/2009 10:30,-Invalid-,-Invalid-,-Invalid-,-Invalid-,-Invalid-,-Invalid-,-Invalid-,-Invalid-,-Invalid-,-Invalid-
6/27/2009 10:40,-Invalid-,-Invalid-,-Invalid-,-Invalid-,-Invalid-,-Invalid-,-Invalid-,-Invalid-,-Invalid-,-Invalid-
6/27/2009 10:50,-Invalid-,-Invalid-,-Invalid-,-Invalid-,-Invalid-,-Invalid-,-Invalid-,-Invalid-,-Invalid-,-Invalid-
6/27/2009 11:00,-Invalid-,-Invalid-,-Invalid-,-Invalid-,-Invalid-,-Invalid-,-Invalid-,-Invalid-,-Invalid-,-Invalid-
6/27/2009 11:10,-Invalid-,-Invalid-,-Invalid-,-Invalid-,-Invalid-,-Invalid-,-Invalid-,-Invalid-,-Invalid-,-Invalid-
6/27/2009 11:20,-Invalid-,-Invalid-,-Invalid-,-Invalid-,-Invalid-,-Invalid-,-Invalid-,-Invalid-,-Invalid-,-Invalid-
6/27/2009 11:30,-Invalid-,-Invalid-,-Invalid-,-Invalid-,-Invalid-,-Invalid-,-Invalid-,-Invalid-,-Invalid-,-Invalid-
6/27/2009 11:40,-Invalid-,-Invalid-,-Invalid-,-Invalid-,-Invalid-,-Invalid-,-Invalid-,-Invalid-,-Invalid-,-Invalid-
6/27/2009 11:50,-Invalid-,-Invalid-,-Invalid-,-Invalid-,-Invalid-,-Invalid-,-Invalid-,-Invalid-,-Invalid-,-Invalid-
6/27/2009 12:00,-Invalid-,-Invalid-,-Invalid-,-Invalid-,-Invalid-,-Invalid-,-Invalid-,-Invalid-,-Invalid-,-Invalid-
6/27/2009 12:10,-Invalid-,-Invalid-,-Invalid-,-Invalid-,-Invalid-,-Invalid-,-Invalid-,-Invalid-,-Invalid-,-Invalid-
6/27/2009 12:20,-Invalid-,-Invalid-,-Invalid-,-Invalid-,-Invalid-,-Invalid-,-Invalid-,-Invalid-,-Invalid-,-Invalid-
6/27/2009 12:30,-Invalid-,-Invalid-,-Invalid-,-Invalid-,-Invalid-,-Invalid-,-Invalid-,-Invalid-,-Invalid-,-Invalid-
6/27/2009 12:40,-Invalid-,-Invalid-,-Invalid-,-Invalid-,-Invalid-,-Invalid-,-Invalid-,-Invalid-,-Invalid-,-Invalid-
6/27/2009 12:50,-Invalid-,-Invalid-,-Invalid-,-Invalid-,-Invalid-,-Invalid-,-Invalid-,-Invalid-,-Invalid-,-Invalid-
6/27/2009 13:00,-Invalid-,-Invalid-,-Invalid-,-Invalid-,-Invalid-,-Invalid-,-Invalid-,-Invalid-,-Invalid-,-Invalid-
6/27/2009 13:10,-Invalid-,-Invalid-,-Invalid-,-Invalid-,-Invalid-,-Invalid-,-Invalid-,-Invalid-,-Invalid-,-Invalid-
6/27/2009 13:20,-Invalid-,-Invalid-,-Invalid-,-Invalid-,-Invalid-,-Invalid-,-Invalid-,-Invalid-,-Invalid-,-Invalid-
6/27/2009 13:30,-Invalid-,-Invalid-,-Invalid-,-Invalid-,-Invalid-,-Invalid-,-Invalid-,-Invalid-,-Invalid-,-Invalid-
6/27/2009 13:40,-Invalid-,-Invalid-,-Invalid-,-Invalid-,-Invalid-,-Invalid-,-Invalid-,-Invalid-,-Invalid-,-Invalid-
6/27/2009 13:50,-Invalid-,-Invalid-,-Invalid-,-Invalid-,-Invalid-,-Invalid-,-Invalid-,-Invalid-,-Invalid-,-Invalid-
6/27/2009 14:00,-Invalid-,-Invalid-,-Invalid-,-Invalid-,-Invalid-,-Invalid-,-Invalid-,-Invalid-,-Invalid-,-Invalid-
6/27/2009 14:10,-Invalid-,-Invalid-,-Invalid-,-Invalid-,-Invalid-,-Invalid-,-Invalid-,-Invalid-,-Invalid-,-Invalid-
6/27/2009 14:20,-Invalid-,-Invalid-,-Invalid-,-Invalid-,-Invalid-,-Invalid-,-Invalid-,-Invalid-,-Invalid-,-Invalid-
6/27/2009 14:30,-Invalid-,-Invalid-,-Invalid-,-Invalid-,-Invalid-,-Invalid-,-Invalid-,-Invalid-,-Invalid-,-Invalid-
6/27/2009 14:40,-Invalid-,-Invalid-,-Invalid-,-Invalid-,-Invalid-,-Invalid-,-Invalid-,-Invalid-,-Invalid-,-Invalid-
6/27/2009 14:50,-Invalid-,-Invalid-,-Invalid-,-Invalid-,-Invalid-,-Invalid-,-Invalid-,-Invalid-,-Invalid-,-Invalid-
6/27/2009 15:00,-Invalid-,-Invalid-,-Invalid-,-Invalid-,-Invalid-,-Invalid-,-Invalid-,-Invalid-,-Invalid-,-Invalid-
6/27/2009 15:10,-Invalid-,-Invalid-,-Invalid-,-Invalid-,-Invalid-,-Invalid-,-Invalid-,-Invalid-,-Invalid-,-Invalid-
6/27/2009 15:20,-Invalid-,-Invalid-,-Invalid-,-Invalid-,-Invalid-,-Invalid-,-Invalid-,-Invalid-,-Invalid-,-Invalid-
6/27/2009 15:30,-Invalid-,-Invalid-,-Invalid-,-Invalid-,-Invalid-,-Invalid-,-Invalid-,-Invalid-,-Invalid-,-Invalid-
6/27/2009 15:40,-Invalid-,-Invalid-,-Invalid-,-Invalid-,-Invalid-,-Invalid-,-Invalid-,-Invalid-,-Invalid-,-Invalid-
6/27/2009 15:50,-Invalid-,-Invalid-,-Invalid-,-Invalid-,-Invalid-,-Invalid-,-Invalid-,-Invalid-,-Invalid-,-Invalid-
6/27/2009 16:00,-Invalid-,-Invalid-,-Invalid-,-Invalid-,-Invalid-,-Invalid-,-Invalid-,-Invalid-,-Invalid-,-Invalid-
6/27/2009 16:10,-Invalid-,-Invalid-,-Invalid-,-Invalid-,-Invalid-,-Invalid-,-Invalid-,-Invalid-,-Invalid-,-Invalid-
6/27/2009 16:20,-Invalid-,-Invalid-,-Invalid-,-Invalid-,-Invalid-,-Invalid-,-Invalid-,-Invalid-,-Invalid-,-Invalid-
6/27/2009 16:30,-Invalid-,-Invalid-,-Invalid-,-Invalid-,-Invalid-,-Invalid-,-Invalid-,-Invalid-,-Invalid-,-Invalid-
6/27/2009 16:40,-Invalid-,-Invalid-,-Invalid-,-Invalid-,-Invalid-,-Invalid-,-Invalid-,-Invalid-,-Invalid-,-Invalid-
6/27/2009 16:50,-Invalid-,-Invalid-,-Invalid-,-Invalid-,-Invalid-,-Invalid-,-Invalid-,-Invalid-,-Invalid-,-Invalid-
6/27/2009 17:00,-Invalid-,-Invalid-,-Invalid-,-Invalid-,-Invalid-,-Invalid-,-Invalid-,-Invalid-,-Invalid-,-Invalid-
6/27/2009 17:10,-Invalid-,-Invalid-,-Invalid-,-Invalid-,-Invalid-,-Invalid-,-Invalid-,-Invalid-,-Invalid-,-Invalid-
6/27/2009 17:20,-Invalid-,-Invalid-,-Invalid-,-Invalid-,-Invalid-,-Invalid-,-Invalid-,-Invalid-,-Invalid-,-Invalid-
6/27/2009 17:30,-Invalid-,-Invalid-,-Invalid-,-Invalid-,-Invalid-,-Invalid-,-Invalid-,-Invalid-,-Invalid-,-Invalid-
6/27/2009 17:40,-Invalid-,-Invalid-,-Invalid-,-Invalid-,-Invalid-,-Invalid-,-Invalid-,-Invalid-,-Invalid-,-Invalid-
6/27/2009 17:50,-Invalid-,-Invalid-,-Invalid-,-Invalid-,-Invalid-,-Invalid-,-Invalid-,-Invalid-,-Invalid-,-Invalid-
6/27/2009 18:00,-Invalid-,-Invalid-,-Invalid-,-Invalid-,-Invalid-,-Invalid-,-Invalid-,-Invalid-,-Invalid-,-Invalid-
6/27/2009 18:10,-Invalid-,-Invalid-,-Invalid-,-Invalid-,-Invalid-,-Invalid-,-Invalid-,-Invalid-,-Invalid-,-Invalid-
6/27/2009 18:20,-Invalid-,-Invalid-,-Invalid-,-Invalid-,-Invalid-,-Invalid-,-Invalid-,-Invalid-,-Invalid-,-Invalid-
6/27/2009 18:30,-Invalid-,-Invalid-,-Invalid-,-Invalid-,-Invalid-,-Invalid-,-Invalid-,-Invalid-,-Invalid-,-Invalid-
6/27/2009 18:40,-Invalid-,-Invalid-,-Invalid-,-Invalid-,-Invalid-,-Invalid-,-Invalid-,-Invalid-,-Invalid-,-Invalid-
6/27/2009 18:50,-Invalid-,-Invalid-,-Invalid-,-Invalid-,-Invalid-,-Invalid-,-Invalid-,-Invalid-,-Invalid-,-Invalid-
6/27/2009 19:00,-Invalid-,-Invalid-,-Invalid-,-Invalid-,-Invalid-,-Invalid-,-Invalid-,-Invalid-,-Invalid-,-Invalid-
6/27/2009 19:10,-Invalid-,-Invalid-,-Invalid-,-Invalid-,-Invalid-,-Invalid-,-Invalid-,-Invalid-,-Invalid-,-Invalid-
6/27/2009 19:20,-Invalid-,-Invalid-,-Invalid-,-Invalid-,-Invalid-,-Invalid-,-Invalid-,-Invalid-,-Invalid-,-Invalid-
6/27/2009 19:30,-Invalid-,-Invalid-,-Invalid-,-Invalid-,-Invalid-,-Invalid-,-Invalid-,-Invalid-,-Invalid-,-Invalid-
6/27/2009 19:40,-Invalid-,-Invalid-,-Invalid-,-Invalid-,-Invalid-,-Invalid-,-Invalid-,-Invalid-,-Invalid-,-Invalid-
6/27/2009 19:50,-Invalid-,-Invalid-,-Invalid-,-Invalid-,-Invalid-,-Invalid-,-Invalid-,-Invalid-,-Invalid-,-Invalid-
6/27/2009 20:00,-Invalid-,-Invalid-,-Invalid-,-Invalid-,-Invalid-,-Invalid-,-Invalid-,-Invalid-,-Invalid-,-Invalid-
6/27/2009 20:10,-Invalid-,-Invalid-,-Invalid-,-Invalid-,-Invalid-,-Invalid-,-Invalid-,-Invalid-,-Invalid-,-Invalid-
6/27/2009 20:20,-Invalid-,-Invalid-,-Invalid-,-Invalid-,-Invalid-,-Invalid-,-Invalid-,-Invalid-,-Invalid-,-Invalid-
6/27/2009 20:30,-Invalid-,-Invalid-,-Invalid-,-Invalid-,-Invalid-,-Invalid-,-Invalid-,-Invalid-,-Invalid-,-Invalid-
6/27/2009 20:40,-Invalid-,-Invalid-,-Invalid-,-Invalid-,-Invalid-,-Invalid-,-Invalid-,-Invalid-,-Invalid-,-Invalid-
6/27/2009 20:50,-Invalid-,-Invalid-,-Invalid-,-Invalid-,-Invalid-,-Invalid-,-Invalid-,-Invalid-,-Invalid-,-Invalid-
6/27/2009 21:00,-Invalid-,-Invalid-,-Invalid-,-Invalid-,-Invalid-,-Invalid-,-Invalid-,-Invalid-,-Invalid-,-Invalid-
6/27/2009 21:10,-Invalid-,-Invalid-,-Invalid-,-Invalid-,-Invalid-,-Invalid-,-Invalid-,-Invalid-,-Invalid-,-Invalid-
6/27/2009 21:20,-Invalid-,-Invalid-,-Invalid-,-Invalid-,-Invalid-,-Invalid-,-Invalid-,-Invalid-,-Invalid-,-Invalid-
6/27/2009 21:30,-Invalid-,-Invalid-,-Invalid-,-Invalid-,-Invalid-,-Invalid-,-Invalid-,-Invalid-,-Invalid-,-Invalid-
6/27/2009 21:40,-Invalid-,-Invalid-,-Invalid-,-Invalid-,-Invalid-,-Invalid-,-Invalid-,-Invalid-,-Invalid-,-Invalid-
6/27/2009 21:50,-Invalid-,-Invalid-,-Invalid-,-Invalid-,-Invalid-,-Invalid-,-Invalid-,-Invalid-,-Invalid-,-Invalid-
6/27/2009 22:00,-Invalid-,-Invalid-,-Invalid-,-Invalid-,-Invalid-,-Invalid-,-Invalid-,-Invalid-,-Invalid-,-Invalid-
6/27/2009 22:10,-Invalid-,-Invalid-,-Invalid-,-Invalid-,-Invalid-,-Invalid-,-Invalid-,-Invalid-,-Invalid-,-Invalid-
6/27/2009 22:20,-Invalid-,-Invalid-,-Invalid-,-Invalid-,-Invalid-,-Invalid-,-Invalid-,-Invalid-,-Invalid-,-Invalid-
6/27/2009 22:30,-Invalid-,-Invalid-,-Invalid-,-Invalid-,-Invalid-,-Invalid-,-Invalid-,-Invalid-,-Invalid-,-Invalid-
6/27/2009 22:40,-Invalid-,-Invalid-,-Invalid-,-Invalid-,-Invalid-,-Invalid-,-Invalid-,-Invalid-,-Invalid-,-Invalid-
6/27/2009 22:50,-Invalid-,-Invalid-,-Invalid-,-Invalid-,-Invalid-,-Invalid-,-Invalid-,-Invalid-,-Invalid-,-Invalid-
6/27/2009 23:00,-Invalid-,-Invalid-,-Invalid-,-Invalid-,-Invalid-,-Invalid-,-Invalid-,-Invalid-,-Invalid-,-Invalid-
6/27/2009 23:10,-Invalid-,-Invalid-,-Invalid-,-Invalid-,-Invalid-,-Invalid-,-Invalid-,-Invalid-,-Invalid-,-Invalid-
6/27/2009 23:20,-Invalid-,-Invalid-,-Invalid-,-Invalid-,-Invalid-,-Invalid-,-Invalid-,-Invalid-,-Invalid-,-Invalid-
6/27/2009 23:30,-Invalid-,-Invalid-,-Invalid-,-Invalid-,-Invalid-,-Invalid-,-Invalid-,-Invalid-,-Invalid-,-Invalid-
6/27/2009 23:40,-Invalid-,-Invalid-,-Invalid-,-Invalid-,-Invalid-,-Invalid-,-Invalid-,-Invalid-,-Invalid-,-Invalid-
6/27/2009 23:50,-Invalid-,-Invalid-,-Invalid-,-Invalid-,-Invalid-,-Invalid-,-Invalid-,-Invalid-,-Invalid-,-Invalid-
6/28/2009 0:00,-Invalid-,-Invalid-,-Invalid-,-Invalid-,-Invalid-,-Invalid-,-Invalid-,-Invalid-,-Invalid-,-Invalid-
6/28/2009 0:10,-Invalid-,-Invalid-,-Invalid-,-Invalid-,-Invalid-,-Invalid-,-Invalid-,-Invalid-,-Invalid-,-Invalid-
6/28/2009 0:20,-Invalid-,-Invalid-,-Invalid-,-Invalid-,-Invalid-,-Invalid-,-Invalid-,-Invalid-,-Invalid-,-Invalid-
6/28/2009 0:30,-Invalid-,-Invalid-,-Invalid-,-Invalid-,-Invalid-,-Invalid-,-Invalid-,-Invalid-,-Invalid-,-Invalid-
6/28/2009 0:40,-Invalid-,-Invalid-,-Invalid-,-Invalid-,-Invalid-,-Invalid-,-Invalid-,-Invalid-,-Invalid-,-Invalid-
6/28/2009 0:50,-Invalid-,-Invalid-,-Invalid-,-Invalid-,-Invalid-,-Invalid-,-Invalid-,-Invalid-,-Invalid-,-Invalid-
6/28/2009 1:00,-Invalid-,-Invalid-,-Invalid-,-Invalid-,-Invalid-,-Invalid-,-Invalid-,-Invalid-,-Invalid-,-Invalid-
6/28/2009 1:10,-Invalid-,-Invalid-,-Invalid-,-Invalid-,-Invalid-,-Invalid-,-Invalid-,-Invalid-,-Invalid-,-Invalid-
6/28/2009 1:20,-Invalid-,-Invalid-,-Invalid-,-Invalid-,-Invalid-,-Invalid-,-Invalid-,-Invalid-,-Invalid-,-Invalid-
6/28/2009 1:30,-Invalid-,-Invalid-,-Invalid-,-Invalid-,-Invalid-,-Invalid-,-Invalid-,-Invalid-,-Invalid-,-Invalid-
6/28/2009 1:40,-Invalid-,-Invalid-,-Invalid-,-Invalid-,-Invalid-,-Invalid-,-Invalid-,-Invalid-,-Invalid-,-Invalid-
6/28/2009 1:50,-Invalid-,-Invalid-,-Invalid-,-Invalid-,-Invalid-,-Invalid-,-Invalid-,-Invalid-,-Invalid-,-Invalid-
6/28/2009 2:00,-Invalid-,-Invalid-,-Invalid-,-Invalid-,-Invalid-,-Invalid-,-Invalid-,-Invalid-,-Invalid-,-Invalid-
6/28/2009 2:10,-Invalid-,-Invalid-,-Invalid-,-Invalid-,-Invalid-,-Invalid-,-Invalid-,-Invalid-,-Invalid-,-Invalid-
6/28/2009 2:20,-Invalid-,-Invalid-,-Invalid-,-Invalid-,-Invalid-,-Invalid-,-Invalid-,-Invalid-,-Invalid-,-Invalid-
6/28/2009 2:30,-Invalid-,-Invalid-,-Invalid-,-Invalid-,-Invalid-,-Invalid-,-Invalid-,-Invalid-,-Invalid-,-Invalid-
6/28/2009 2:40,-Invalid-,-Invalid-,-Invalid-,-Invalid-,-Invalid-,-Invalid-,-Invalid-,-Invalid-,-Invalid-,-Invalid-
6/28/2009 2:50,-Invalid-,-Invalid-,-Invalid-,-Invalid-,-Invalid-,-Invalid-,-Invalid-,-Invalid-,-Invalid-,-Invalid-
6/28/2009 3:00,-Invalid-,-Invalid-,-Invalid-,-Invalid-,-Invalid-,-Invalid-,-Invalid-,-Invalid-,-Invalid-,-Invalid-
6/28/2009 3:10,-Invalid-,-Invalid-,-Invalid-,-Invalid-,-Invalid-,-Invalid-,-Invalid-,-Invalid-,-Invalid-,-Invalid-
6/28/2009 3:20,-Invalid-,-Invalid-,-Invalid-,-Invalid-,-Invalid-,-Invalid-,-Invalid-,-Invalid-,-Invalid-,-Invalid-
6/28/2009 3:30,-Invalid-,-Invalid-,-Invalid-,-Invalid-,-Invalid-,-Invalid-,-Invalid-,-Invalid-,-Invalid-,-Invalid-
6/28/2009 3:40,-Invalid-,-Invalid-,-Invalid-,-Invalid-,-Invalid-,-Invalid-,-Invalid-,-Invalid-,-Invalid-,-Invalid-
6/28/2009 3:50,-Invalid-,-Invalid-,-Invalid-,-Invalid-,-Invalid-,-Invalid-,-Invalid-,-Invalid-,-Invalid-,-Invalid-
6/28/2009 4:00,-Invalid-,-Invalid-,-Invalid-,-Invalid-,-Invalid-,-Invalid-,-Invalid-,-Invalid-,-Invalid-,-Invalid-
6/28/2009 4:10,-Invalid-,-Invalid-,-Invalid-,-Invalid-,-Invalid-,-Invalid-,-Invalid-,-Invalid-,-Invalid-,-Invalid-
6/28/2009 4:20,-Invalid-,-Invalid-,-Invalid-,-Invalid-,-Invalid-,-Invalid-,-Invalid-,-Invalid-,-Invalid-,-Invalid-
6/28/2009 4:30,-Invalid-,-Invalid-,-Invalid-,-Invalid-,-Invalid-,-Invalid-,-Invalid-,-Invalid-,-Invalid-,-Invalid-
6/28/2009 4:40,-Invalid-,-Invalid-,-Invalid-,-Invalid-,-Invalid-,-Invalid-,-Invalid-,-Invalid-,-Invalid-,-Invalid-
6/28/2009 4:50,-Invalid-,-Invalid-,-Invalid-,-Invalid-,-Invalid-,-Invalid-,-Invalid-,-Invalid-,-Invalid-,-Invalid-
6/28/2009 5:00,-Invalid-,-Invalid-,-Invalid-,-Invalid-,-Invalid-,-Invalid-,-Invalid-,-Invalid-,-Invalid-,-Invalid-
6/28/2009 5:10,-Invalid-,-Invalid-,-Invalid-,-Invalid-,-Invalid-,-Invalid-,-Invalid-,-Invalid-,-Invalid-,-Invalid-
6/28/2009 5:20,-Invalid-,-Invalid-,-Invalid-,-Invalid-,-Invalid-,-Invalid-,-Invalid-,-Invalid-,-Invalid-,-Invalid-
6/28/2009 5:30,-Invalid-,-Invalid-,-Invalid-,-Invalid-,-Invalid-,-Invalid-,-Invalid-,-Invalid-,-Invalid-,-Invalid-
6/28/2009 5:40,-Invalid-,-Invalid-,-Invalid-,-Invalid-,-Invalid-,-Invalid-,-Invalid-,-Invalid-,-Invalid-,-Invalid-
6/28/2009 5:50,-Invalid-,-Invalid-,-Invalid-,-Invalid-,-Invalid-,-Invalid-,-Invalid-,-Invalid-,-Invalid-,-Invalid-
6/28/2009 6:00,-Invalid-,-Invalid-,-Invalid-,-Invalid-,-Invalid-,-Invalid-,-Invalid-,-Invalid-,-Invalid-,-Invalid-
6/28/2009 6:10,-Invalid-,-Invalid-,-Invalid-,-Invalid-,-Invalid-,-Invalid-,-Invalid-,-Invalid-,-Invalid-,-Invalid-
6/28/2009 6:20,-Invalid-,-Invalid-,-Invalid-,-Invalid-,-Invalid-,-Invalid-,-Invalid-,-Invalid-,-Invalid-,-Invalid-
6/28/2009 6:30,-Invalid-,-Invalid-,-Invalid-,-Invalid-,-Invalid-,-Invalid-,-Invalid-,-Invalid-,-Invalid-,-Invalid-
6/28/2009 6:40,-Invalid-,-Invalid-,-Invalid-,-Invalid-,-Invalid-,-Invalid-,-Invalid-,-Invalid-,-Invalid-,-Invalid-
6/28/2009 6:50,-Invalid-,-Invalid-,-Invalid-,-Invalid-,-Invalid-,-Invalid-,-Invalid-,-Invalid-,-Invalid-,-Invalid-
6/28/2009 7:00,-Invalid-,-Invalid-,-Invalid-,-Invalid-,-Invalid-,-Invalid-,-Invalid-,-Invalid-,-Invalid-,-Invalid-
6/28/2009 7:10,-Invalid-,-Invalid-,-Invalid-,-Invalid-,-Invalid-,-Invalid-,-Invalid-,-Invalid-,-Invalid-,-Invalid-
6/28/2009 7:20,-Invalid-,-Invalid-,-Invalid-,-Invalid-,-Invalid-,-Invalid-,-Invalid-,-Invalid-,-Invalid-,-Invalid-
6/28/2009 7:30,-Invalid-,-Invalid-,-Invalid-,-Invalid-,-Invalid-,-Invalid-,-Invalid-,-Invalid-,-Invalid-,-Invalid-
6/28/2009 7:40,-Invalid-,-Invalid-,-Invalid-,-Invalid-,-Invalid-,-Invalid-,-Invalid-,-Invalid-,-Invalid-,-Invalid-
6/28/2009 7:50,-Invalid-,-Invalid-,-Invalid-,-Invalid-,-Invalid-,-Invalid-,-Invalid-,-Invalid-,-Invalid-,-Invalid-
6/28/2009 8:00,-Invalid-,-Invalid-,-Invalid-,-Invalid-,-Invalid-,-Invalid-,-Invalid-,-Invalid-,-Invalid-,-Invalid-
6/28/2009 8:10,-Invalid-,-Invalid-,-Invalid-,-Invalid-,-Invalid-,-Invalid-,-Invalid-,-Invalid-,-Invalid-,-Invalid-
6/28/2009 8:20,-Invalid-,-Invalid-,-Invalid-,-Invalid-,-Invalid-,-Invalid-,-Invalid-,-Invalid-,-Invalid-,-Invalid-
6/28/2009 8:30,-Invalid-,-Invalid-,-Invalid-,-Invalid-,-Invalid-,-Invalid-,-Invalid-,-Invalid-,-Invalid-,-Invalid-
6/28/2009 8:40,-Invalid-,-Invalid-,-Invalid-,-Invalid-,-Invalid-,-Invalid-,-Invalid-,-Invalid-,-Invalid-,-Invalid-
6/28/2009 8:50,-Invalid-,-Invalid-,-Invalid-,-Invalid-,-Invalid-,-Invalid-,-Invalid-,-Invalid-,-Invalid-,-Invalid-
6/28/2009 9:00,-Invalid-,-Invalid-,-Invalid-,-Invalid-,-Invalid-,-Invalid-,-Invalid-,-Invalid-,-Invalid-,-Invalid-
6/28/2009 9:10,-Invalid-,-Invalid-,-Invalid-,-Invalid-,-Invalid-,-Invalid-,-Invalid-,-Invalid-,-Invalid-,-Invalid-
6/28/2009 9:20,-Invalid-,-Invalid-,-Invalid-,-Invalid-,-Invalid-,-Invalid-,-Invalid-,-Invalid-,-Invalid-,-Invalid-
6/28/2009 9:30,-Invalid-,-Invalid-,-Invalid-,-Invalid-,-Invalid-,-Invalid-,-Invalid-,-Invalid-,-Invalid-,-Invalid-
6/28/2009 9:40,-Invalid-,-Invalid-,-Invalid-,-Invalid-,-Invalid-,-Invalid-,-Invalid-,-Invalid-,-Invalid-,-Invalid-
6/28/2009 9:50,-Invalid-,-Invalid-,-Invalid-,-Invalid-,-Invalid-,-Invalid-,-Invalid-,-Invalid-,-Invalid-,-Invalid-
6/28/2009 10:00,-Invalid-,-Invalid-,-Invalid-,-Invalid-,-Invalid-,-Invalid-,-Invalid-,-Invalid-,-Invalid-,-Invalid-
6/28/2009 10:10,-Invalid-,-Invalid-,-Invalid-,-Invalid-,-Invalid-,-Invalid-,-Invalid-,-Invalid-,-Invalid-,-Invalid-
6/28/2009 10:20,-Invalid-,-Invalid-,-Invalid-,-Invalid-,-Invalid-,-Invalid-,-Invalid-,-Invalid-,-Invalid-,-Invalid-
6/28/2009 10:30,-Invalid-,-Invalid-,-Invalid-,-Invalid-,-Invalid-,-Invalid-,-Invalid-,-Invalid-,-Invalid-,-Invalid-
6/28/2009 10:40,-Invalid-,-Invalid-,-Invalid-,-Invalid-,-Invalid-,-Invalid-,-Invalid-,-Invalid-,-Invalid-,-Invalid-
6/28/2009 10:50,-Invalid-,-Invalid-,-Invalid-,-Invalid-,-Invalid-,-Invalid-,-Invalid-,-Invalid-,-Invalid-,-Invalid-
6/28/2009 11:00,-Invalid-,-Invalid-,-Invalid-,-Invalid-,-Invalid-,-Invalid-,-Invalid-,-Invalid-,-Invalid-,-Invalid-
6/28/2009 11:10,-Invalid-,-Invalid-,-Invalid-,-Invalid-,-Invalid-,-Invalid-,-Invalid-,-Invalid-,-Invalid-,-Invalid-
6/28/2009 11:20,-Invalid-,-Invalid-,-Invalid-,-Invalid-,-Invalid-,-Invalid-,-Invalid-,-Invalid-,-Invalid-,-Invalid-
6/28/2009 11:30,-Invalid-,-Invalid-,-Invalid-,-Invalid-,-Invalid-,-Invalid-,-Invalid-,-Invalid-,-Invalid-,-Invalid-
6/28/2009 11:40,-Invalid-,-Invalid-,-Invalid-,-Invalid-,-Invalid-,-Invalid-,-Invalid-,-Invalid-,-Invalid-,-Invalid-
6/28/2009 11:50,-Invalid-,-Invalid-,-Invalid-,-Invalid-,-Invalid-,-Invalid-,-Invalid-,-Invalid-,-Invalid-,-Invalid-
6/28/2009 12:00,-Invalid-,-Invalid-,-Invalid-,-Invalid-,-Invalid-,-Invalid-,-Invalid-,-Invalid-,-Invalid-,-Invalid-
6/28/2009 12:10,-Invalid-,-Invalid-,-Invalid-,-Invalid-,-Invalid-,-Invalid-,-Invalid-,-Invalid-,-Invalid-,-Invalid-
6/28/2009 12:20,-Invalid-,-Invalid-,-Invalid-,-Invalid-,-Invalid-,-Invalid-,-Invalid-,-Invalid-,-Invalid-,-Invalid-
6/28/2009 12:30,-Invalid-,-Invalid-,-Invalid-,-Invalid-,-Invalid-,-Invalid-,-Invalid-,-Invalid-,-Invalid-,-Invalid-
6/28/2009 12:40,-Invalid-,-Invalid-,-Invalid-,-Invalid-,-Invalid-,-Invalid-,-Invalid-,-Invalid-,-Invalid-,-Invalid-
6/28/2009 12:50,-Invalid-,-Invalid-,-Invalid-,-Invalid-,-Invalid-,-Invalid-,-Invalid-,-Invalid-,-Invalid-,-Invalid-
6/28/2009 13:00,-Invalid-,-Invalid-,-Invalid-,-Invalid-,-Invalid-,-Invalid-,-Invalid-,-Invalid-,-Invalid-,-Invalid-
6/28/2009 13:10,-Invalid-,-Invalid-,-Invalid-,-Invalid-,-Invalid-,-Invalid-,-Invalid-,-Invalid-,-Invalid-,-Invalid-
6/28/2009 13:20,-Invalid-,-Invalid-,-Invalid-,-Invalid-,-Invalid-,-Invalid-,-Invalid-,-Invalid-,-Invalid-,-Invalid-
6/28/2009 13:30,-Invalid-,-Invalid-,-Invalid-,-Invalid-,-Invalid-,-Invalid-,-Invalid-,-Invalid-,-Invalid-,-Invalid-
6/28/2009 13:40,-Invalid-,-Invalid-,-Invalid-,-Invalid-,-Invalid-,-Invalid-,-Invalid-,-Invalid-,-Invalid-,-Invalid-
6/28/2009 13:50,-Invalid-,-Invalid-,-Invalid-,-Invalid-,-Invalid-,-Invalid-,-Invalid-,-Invalid-,-Invalid-,-Invalid-
6/28/2009 14:00,-Invalid-,-Invalid-,-Invalid-,-Invalid-,-Invalid-,-Invalid-,-Invalid-,-Invalid-,-Invalid-,-Invalid-
6/28/2009 14:10,-Invalid-,-Invalid-,-Invalid-,-Invalid-,-Invalid-,-Invalid-,-Invalid-,-Invalid-,-Invalid-,-Invalid-
6/28/2009 14:20,-Invalid-,-Invalid-,-Invalid-,-Invalid-,-Invalid-,-Invalid-,-Invalid-,-Invalid-,-Invalid-,-Invalid-
6/28/2009 14:30,-Invalid-,-Invalid-,-Invalid-,-Invalid-,-Invalid-,-Invalid-,-Invalid-,-Invalid-,-Invalid-,-Invalid-
6/28/2009 14:40,-Invalid-,-Invalid-,-Invalid-,-Invalid-,-Invalid-,-Invalid-,-Invalid-,-Invalid-,-Invalid-,-Invalid-
6/28/2009 14:50,-Invalid-,-Invalid-,-Invalid-,-Invalid-,-Invalid-,-Invalid-,-Invalid-,-Invalid-,-Invalid-,-Invalid-
6/28/2009 15:00,-Invalid-,-Invalid-,-Invalid-,-Invalid-,-Invalid-,-Invalid-,-Invalid-,-Invalid-,-Invalid-,-Invalid-
6/28/2009 15:10,-Invalid-,-Invalid-,-Invalid-,-Invalid-,-Invalid-,-Invalid-,-Invalid-,-Invalid-,-Invalid-,-Invalid-
6/28/2009 15:20,-Invalid-,-Invalid-,-Invalid-,-Invalid-,-Invalid-,-Invalid-,-Invalid-,-Invalid-,-Invalid-,-Invalid-
6/28/2009 15:30,-Invalid-,-Invalid-,-Invalid-,-Invalid-,-Invalid-,-Invalid-,-Invalid-,-Invalid-,-Invalid-,-Invalid-
6/28/2009 15:40,-Invalid-,-Invalid-,-Invalid-,-Invalid-,-Invalid-,-Invalid-,-Invalid-,-Invalid-,-Invalid-,-Invalid-
6/28/2009 15:50,-Invalid-,-Invalid-,-Invalid-,-Invalid-,-Invalid-,-Invalid-,-Invalid-,-Invalid-,-Invalid-,-Invalid-
6/28/2009 16:00,-Invalid-,-Invalid-,-Invalid-,-Invalid-,-Invalid-,-Invalid-,-Invalid-,-Invalid-,-Invalid-,-Invalid-
6/28/2009 16:10,-Invalid-,-Invalid-,-Invalid-,-Invalid-,-Invalid-,-Invalid-,-Invalid-,-Invalid-,-Invalid-,-Invalid-
6/28/2009 16:20,-Invalid-,-Invalid-,-Invalid-,-Invalid-,-Invalid-,-Invalid-,-Invalid-,-Invalid-,-Invalid-,-Invalid-
6/28/2009 16:30,-Invalid-,-Invalid-,-Invalid-,-Invalid-,-Invalid-,-Invalid-,-Invalid-,-Invalid-,-Invalid-,-Invalid-
6/28/2009 16:40,-Invalid-,-Invalid-,-Invalid-,-Invalid-,-Invalid-,-Invalid-,-Invalid-,-Invalid-,-Invalid-,-Invalid-
6/28/2009 16:50,-Invalid-,-Invalid-,-Invalid-,-Invalid-,-Invalid-,-Invalid-,-Invalid-,-Invalid-,-Invalid-,-Invalid-
6/28/2009 17:00,-Invalid-,-Invalid-,-Invalid-,-Invalid-,-Invalid-,-Invalid-,-Invalid-,-Invalid-,-Invalid-,-Invalid-
6/28/2009 17:10,-Invalid-,-Invalid-,-Invalid-,-Invalid-,-Invalid-,-Invalid-,-Invalid-,-Invalid-,-Invalid-,-Invalid-
6/28/2009 17:20,-Invalid-,-Invalid-,-Invalid-,-Invalid-,-Invalid-,-Invalid-,-Invalid-,-Invalid-,-Invalid-,-Invalid-
6/28/2009 17:30,-Invalid-,-Invalid-,-Invalid-,-Invalid-,-Invalid-,-Invalid-,-Invalid-,-Invalid-,-Invalid-,-Invalid-
6/28/2009 17:40,-Invalid-,-Invalid-,-Invalid-,-Invalid-,-Invalid-,-Invalid-,-Invalid-,-Invalid-,-Invalid-,-Invalid-
6/28/2009 17:50,-Invalid-,-Invalid-,-Invalid-,-Invalid-,-Invalid-,-Invalid-,-Invalid-,-Invalid-,-Invalid-,-Invalid-
6/28/2009 18:00,-Invalid-,-Invalid-,-Invalid-,-Invalid-,-Invalid-,-Invalid-,-Invalid-,-Invalid-,-Invalid-,-Invalid-
6/28/2009 18:10,-Invalid-,-Invalid-,-Invalid-,-Invalid-,-Invalid-,-Invalid-,-Invalid-,-Invalid-,-Invalid-,-Invalid-
6/28/2009 18:20,-Invalid-,-Invalid-,-Invalid-,-Invalid-,-Invalid-,-Invalid-,-Invalid-,-Invalid-,-Invalid-,-Invalid-
6/28/2009 18:30,-Invalid-,-Invalid-,-Invalid-,-Invalid-,-Invalid-,-Invalid-,-Invalid-,-Invalid-,-Invalid-,-Invalid-
6/28/2009 18:40,-Invalid-,-Invalid-,-Invalid-,-Invalid-,-Invalid-,-Invalid-,-Invalid-,-Invalid-,-Invalid-,-Invalid-
6/28/2009 18:50,-Invalid-,-Invalid-,-Invalid-,-Invalid-,-Invalid-,-Invalid-,-Invalid-,-Invalid-,-Invalid-,-Invalid-
6/28/2009 19:00,-Invalid-,-Invalid-,-Invalid-,-Invalid-,-Invalid-,-Invalid-,-Invalid-,-Invalid-,-Invalid-,-Invalid-
6/28/2009 19:10,-Invalid-,-Invalid-,-Invalid-,-Invalid-,-Invalid-,-Invalid-,-Invalid-,-Invalid-,-Invalid-,-Invalid-
6/28/2009 19:20,-Invalid-,-Invalid-,-Invalid-,-Invalid-,-Invalid-,-Invalid-,-Invalid-,-Invalid-,-Invalid-,-Invalid-
6/28/2009 19:30,-Invalid-,-Invalid-,-Invalid-,-Invalid-,-Invalid-,-Invalid-,-Invalid-,-Invalid-,-Invalid-,-Invalid-
6/28/2009 19:40,-Invalid-,-Invalid-,-Invalid-,-Invalid-,-Invalid-,-Invalid-,-Invalid-,-Invalid-,-Invalid-,-Invalid-
6/28/2009 19:50,-Invalid-,-Invalid-,-Invalid-,-Invalid-,-Invalid-,-Invalid-,-Invalid-,-Invalid-,-Invalid-,-Invalid-
6/28/2009 20:00,-Invalid-,-Invalid-,-Invalid-,-Invalid-,-Invalid-,-Invalid-,-Invalid-,-Invalid-,-Invalid-,-Invalid-
6/28/2009 20:10,-Invalid-,-Invalid-,-Invalid-,-Invalid-,-Invalid-,-Invalid-,-Invalid-,-Invalid-,-Invalid-,-Invalid-
6/28/2009 20:20,-Invalid-,-Invalid-,-Invalid-,-Invalid-,-Invalid-,-Invalid-,-Invalid-,-Invalid-,-Invalid-,-Invalid-
6/28/2009 20:30,-Invalid-,-Invalid-,-Invalid-,-Invalid-,-Invalid-,-Invalid-,-Invalid-,-Invalid-,-Invalid-,-Invalid-
6/28/2009 20:40,-Invalid-,-Invalid-,-Invalid-,-Invalid-,-Invalid-,-Invalid-,-Invalid-,-Invalid-,-Invalid-,-Invalid-
6/28/2009 20:50,-Invalid-,-Invalid-,-Invalid-,-Invalid-,-Invalid-,-Invalid-,-Invalid-,-Invalid-,-Invalid-,-Invalid-
6/28/2009 21:00,-Invalid-,-Invalid-,-Invalid-,-Invalid-,-Invalid-,-Invalid-,-Invalid-,-Invalid-,-Invalid-,-Invalid-
6/28/2009 21:10,-Invalid-,-Invalid-,-Invalid-,-Invalid-,-Invalid-,-Invalid-,-Invalid-,-Invalid-,-Invalid-,-Invalid-
6/28/2009 21:20,-Invalid-,-Invalid-,-Invalid-,-Invalid-,-Invalid-,-Invalid-,-Invalid-,-Invalid-,-Invalid-,-Invalid-
6/28/2009 21:30,-Invalid-,-Invalid-,-Invalid-,-Invalid-,-Invalid-,-Invalid-,-Invalid-,-Invalid-,-Invalid-,-Invalid-
6/28/2009 21:40,-Invalid-,-Invalid-,-Invalid-,-Invalid-,-Invalid-,-Invalid-,-Invalid-,-Invalid-,-Invalid-,-Invalid-
6/28/2009 21:50,-Invalid-,-Invalid-,-Invalid-,-Invalid-,-Invalid-,-Invalid-,-Invalid-,-Invalid-,-Invalid-,-Invalid-
6/28/2009 22:00,-Invalid-,-Invalid-,-Invalid-,-Invalid-,-Invalid-,-Invalid-,-Invalid-,-Invalid-,-Invalid-,-Invalid-
6/28/2009 22:10,-Invalid-,-Invalid-,-Invalid-,-Invalid-,-Invalid-,-Invalid-,-Invalid-,-Invalid-,-Invalid-,-Invalid-
6/28/2009 22:20,-Invalid-,-Invalid-,-Invalid-,-Invalid-,-Invalid-,-Invalid-,-Invalid-,-Invalid-,-Invalid-,-Invalid-
6/28/2009 22:30,-Invalid-,-Invalid-,-Invalid-,-Invalid-,-Invalid-,-Invalid-,-Invalid-,-Invalid-,-Invalid-,-Invalid-
6/28/2009 22:40,-Invalid-,-Invalid-,-Invalid-,-Invalid-,-Invalid-,-Invalid-,-Invalid-,-Invalid-,-Invalid-,-Invalid-
6/28/2009 22:50,-Invalid-,-Invalid-,-Invalid-,-Invalid-,-Invalid-,-Invalid-,-Invalid-,-Invalid-,-Invalid-,-Invalid-
6/28/2009 23:00,-Invalid-,-Invalid-,-Invalid-,-Invalid-,-Invalid-,-Invalid-,-Invalid-,-Invalid-,-Invalid-,-Invalid-
6/28/2009 23:10,-Invalid-,-Invalid-,-Invalid-,-Invalid-,-Invalid-,-Invalid-,-Invalid-,-Invalid-,-Invalid-,-Invalid-
6/28/2009 23:20,-Invalid-,-Invalid-,-Invalid-,-Invalid-,-Invalid-,-Invalid-,-Invalid-,-Invalid-,-Invalid-,-Invalid-
6/28/2009 23:30,-Invalid-,-Invalid-,-Invalid-,-Invalid-,-Invalid-,-Invalid-,-Invalid-,-Invalid-,-Invalid-,-Invalid-
6/28/2009 23:40,-Invalid-,-Invalid-,-Invalid-,-Invalid-,-Invalid-,-Invalid-,-Invalid-,-Invalid-,-Invalid-,-Invalid-
6/28/2009 23:50,-Invalid-,-Invalid-,-Invalid-,-Invalid-,-Invalid-,-Invalid-,-Invalid-,-Invalid-,-Invalid-,-Invalid-
6/29/2009 0:00,-Invalid-,-Invalid-,-Invalid-,-Invalid-,-Invalid-,-Invalid-,-Invalid-,-Invalid-,-Invalid-,-Invalid-
6/29/2009 0:10,-Invalid-,-Invalid-,-Invalid-,-Invalid-,-Invalid-,-Invalid-,-Invalid-,-Invalid-,-Invalid-,-Invalid-
6/29/2009 0:20,-Invalid-,-Invalid-,-Invalid-,-Invalid-,-Invalid-,-Invalid-,-Invalid-,-Invalid-,-Invalid-,-Invalid-
6/29/2009 0:30,-Invalid-,-Invalid-,-Invalid-,-Invalid-,-Invalid-,-Invalid-,-Invalid-,-Invalid-,-Invalid-,-Invalid-
6/29/2009 0:40,-Invalid-,-Invalid-,-Invalid-,-Invalid-,-Invalid-,-Invalid-,-Invalid-,-Invalid-,-Invalid-,-Invalid-
6/29/2009 0:50,-Invalid-,-Invalid-,-Invalid-,-Invalid-,-Invalid-,-Invalid-,-Invalid-,-Invalid-,-Invalid-,-Invalid-
6/29/2009 1:00,-Invalid-,-Invalid-,-Invalid-,-Invalid-,-Invalid-,-Invalid-,-Invalid-,-Invalid-,-Invalid-,-Invalid-
6/29/2009 1:10,-Invalid-,-Invalid-,-Invalid-,-Invalid-,-Invalid-,-Invalid-,-Invalid-,-Invalid-,-Invalid-,-Invalid-
6/29/2009 1:20,-Invalid-,-Invalid-,-Invalid-,-Invalid-,-Invalid-,-Invalid-,-Invalid-,-Invalid-,-Invalid-,-Invalid-
6/29/2009 1:30,-Invalid-,-Invalid-,-Invalid-,-Invalid-,-Invalid-,-Invalid-,-Invalid-,-Invalid-,-Invalid-,-Invalid-
6/29/2009 1:40,-Invalid-,-Invalid-,-Invalid-,-Invalid-,-Invalid-,-Invalid-,-Invalid-,-Invalid-,-Invalid-,-Invalid-
6/29/2009 1:50,-Invalid-,-Invalid-,-Invalid-,-Invalid-,-Invalid-,-Invalid-,-Invalid-,-Invalid-,-Invalid-,-Invalid-
6/29/2009 2:00,-Invalid-,-Invalid-,-Invalid-,-Invalid-,-Invalid-,-Invalid-,-Invalid-,-Invalid-,-Invalid-,-Invalid-
6/29/2009 2:10,-Invalid-,-Invalid-,-Invalid-,-Invalid-,-Invalid-,-Invalid-,-Invalid-,-Invalid-,-Invalid-,-Invalid-
6/29/2009 2:20,-Invalid-,-Invalid-,-Invalid-,-Invalid-,-Invalid-,-Invalid-,-Invalid-,-Invalid-,-Invalid-,-Invalid-
6/29/2009 2:30,-Invalid-,-Invalid-,-Invalid-,-Invalid-,-Invalid-,-Invalid-,-Invalid-,-Invalid-,-Invalid-,-Invalid-
6/29/2009 2:40,-Invalid-,-Invalid-,-Invalid-,-Invalid-,-Invalid-,-Invalid-,-Invalid-,-Invalid-,-Invalid-,-Invalid-
6/29/2009 2:50,-Invalid-,-Invalid-,-Invalid-,-Invalid-,-Invalid-,-Invalid-,-Invalid-,-Invalid-,-Invalid-,-Invalid-
6/29/2009 3:00,-Invalid-,-Invalid-,-Invalid-,-Invalid-,-Invalid-,-Invalid-,-Invalid-,-Invalid-,-Invalid-,-Invalid-
6/29/2009 3:10,-Invalid-,-Invalid-,-Invalid-,-Invalid-,-Invalid-,-Invalid-,-Invalid-,-Invalid-,-Invalid-,-Invalid-
6/29/2009 3:20,-Invalid-,-Invalid-,-Invalid-,-Invalid-,-Invalid-,-Invalid-,-Invalid-,-Invalid-,-Invalid-,-Invalid-
6/29/2009 3:30,-Invalid-,-Invalid-,-Invalid-,-Invalid-,-Invalid-,-Invalid-,-Invalid-,-Invalid-,-Invalid-,-Invalid-
6/29/2009 3:40,-Invalid-,-Invalid-,-Invalid-,-Invalid-,-Invalid-,-Invalid-,-Invalid-,-Invalid-,-Invalid-,-Invalid-
6/29/2009 3:50,-Invalid-,-Invalid-,-Invalid-,-Invalid-,-Invalid-,-Invalid-,-Invalid-,-Invalid-,-Invalid-,-Invalid-
6/29/2009 4:00,-Invalid-,-Invalid-,-Invalid-,-Invalid-,-Invalid-,-Invalid-,-Invalid-,-Invalid-,-Invalid-,-Invalid-
6/29/2009 4:10,-Invalid-,-Invalid-,-Invalid-,-Invalid-,-Invalid-,-Invalid-,-Invalid-,-Invalid-,-Invalid-,-Invalid-
6/29/2009 4:20,-Invalid-,-Invalid-,-Invalid-,-Invalid-,-Invalid-,-Invalid-,-Invalid-,-Invalid-,-Invalid-,-Invalid-
6/29/2009 4:30,-Invalid-,-Invalid-,-Invalid-,-Invalid-,-Invalid-,-Invalid-,-Invalid-,-Invalid-,-Invalid-,-Invalid-
6/29/2009 4:40,-Invalid-,-Invalid-,-Invalid-,-Invalid-,-Invalid-,-Invalid-,-Invalid-,-Invalid-,-Invalid-,-Invalid-
6/29/2009 4:50,-Invalid-,-Invalid-,-Invalid-,-Invalid-,-Invalid-,-Invalid-,-Invalid-,-Invalid-,-Invalid-,-Invalid-
6/29/2009 5:00,-Invalid-,-Invalid-,-Invalid-,-Invalid-,-Invalid-,-Invalid-,-Invalid-,-Invalid-,-Invalid-,-Invalid-
6/29/2009 5:10,-Invalid-,-Invalid-,-Invalid-,-Invalid-,-Invalid-,-Invalid-,-Invalid-,-Invalid-,-Invalid-,-Invalid-
6/29/2009 5:20,-Invalid-,-Invalid-,-Invalid-,-Invalid-,-Invalid-,-Invalid-,-Invalid-,-Invalid-,-Invalid-,-Invalid-
6/29/2009 5:30,-Invalid-,-Invalid-,-Invalid-,-Invalid-,-Invalid-,-Invalid-,-Invalid-,-Invalid-,-Invalid-,-Invalid-
6/29/2009 5:40,-Invalid-,-Invalid-,-Invalid-,-Invalid-,-Invalid-,-Invalid-,-Invalid-,-Invalid-,-Invalid-,-Invalid-
6/29/2009 5:50,-Invalid-,-Invalid-,-Invalid-,-Invalid-,-Invalid-,-Invalid-,-Invalid-,-Invalid-,-Invalid-,-Invalid-
6/29/2009 6:00,-Invalid-,-Invalid-,-Invalid-,-Invalid-,-Invalid-,-Invalid-,-Invalid-,-Invalid-,-Invalid-,-Invalid-
6/29/2009 6:10,-Invalid-,-Invalid-,-Invalid-,-Invalid-,-Invalid-,-Invalid-,-Invalid-,-Invalid-,-Invalid-,-Invalid-
6/29/2009 6:20,-Invalid-,-Invalid-,-Invalid-,-Invalid-,-Invalid-,-Invalid-,-Invalid-,-Invalid-,-Invalid-,-Invalid-
6/29/2009 6:30,-Invalid-,-Invalid-,-Invalid-,-Invalid-,-Invalid-,-Invalid-,-Invalid-,-Invalid-,-Invalid-,-Invalid-
6/29/2009 6:40,-Invalid-,-Invalid-,-Invalid-,-Invalid-,-Invalid-,-Invalid-,-Invalid-,-Invalid-,-Invalid-,-Invalid-
6/29/2009 6:50,-Invalid-,-Invalid-,-Invalid-,-Invalid-,-Invalid-,-Invalid-,-Invalid-,-Invalid-,-Invalid-,-Invalid-
6/29/2009 7:00,-Invalid-,-Invalid-,-Invalid-,-Invalid-,-Invalid-,-Invalid-,-Invalid-,-Invalid-,-Invalid-,-Invalid-
6/29/2009 7:10,-Invalid-,-Invalid-,-Invalid-,-Invalid-,-Invalid-,-Invalid-,-Invalid-,-Invalid-,-Invalid-,-Invalid-
6/29/2009 7:20,-Invalid-,-Invalid-,-Invalid-,-Invalid-,-Invalid-,-Invalid-,-Invalid-,-Invalid-,-Invalid-,-Invalid-
6/29/2009 7:30,-Invalid-,-Invalid-,-Invalid-,-Invalid-,-Invalid-,-Invalid-,-Invalid-,-Invalid-,-Invalid-,-Invalid-
6/29/2009 7:40,-Invalid-,-Invalid-,-Invalid-,-Invalid-,-Invalid-,-Invalid-,-Invalid-,-Invalid-,-Invalid-,-Invalid-
6/29/2009 7:50,-Invalid-,-Invalid-,-Invalid-,-Invalid-,-Invalid-,-Invalid-,-Invalid-,-Invalid-,-Invalid-,-Invalid-
6/29/2009 8:00,-Invalid-,-Invalid-,-Invalid-,-Invalid-,-Invalid-,-Invalid-,-Invalid-,-Invalid-,-Invalid-,-Invalid-
6/29/2009 8:10,-Invalid-,-Invalid-,-Invalid-,-Invalid-,-Invalid-,-Invalid-,-Invalid-,-Invalid-,-Invalid-,-Invalid-
6/29/2009 8:20,-Invalid-,-Invalid-,-Invalid-,-Invalid-,-Invalid-,-Invalid-,-Invalid-,-Invalid-,-Invalid-,-Invalid-
6/29/2009 8:30,-Invalid-,-Invalid-,-Invalid-,-Invalid-,-Invalid-,-Invalid-,-Invalid-,-Invalid-,-Invalid-,-Invalid-
6/29/2009 8:40,-Invalid-,-Invalid-,-Invalid-,-Invalid-,-Invalid-,-Invalid-,-Invalid-,-Invalid-,-Invalid-,-Invalid-
6/29/2009 8:50,-Invalid-,-Invalid-,-Invalid-,-Invalid-,-Invalid-,-Invalid-,-Invalid-,-Invalid-,-Invalid-,-Invalid-
6/29/2009 9:00,-Invalid-,-Invalid-,-Invalid-,-Invalid-,-Invalid-,-Invalid-,-Invalid-,-Invalid-,-Invalid-,-Invalid-
6/29/2009 9:10,-Invalid-,-Invalid-,-Invalid-,-Invalid-,-Invalid-,-Invalid-,-Invalid-,-Invalid-,-Invalid-,-Invalid-
6/29/2009 9:20,-Invalid-,-Invalid-,-Invalid-,-Invalid-,-Invalid-,-Invalid-,-Invalid-,-Invalid-,-Invalid-,-Invalid-
6/29/2009 9:30,-Invalid-,-Invalid-,-Invalid-,-Invalid-,-Invalid-,-Invalid-,-Invalid-,-Invalid-,-Invalid-,-Invalid-
6/29/2009 9:40,-Invalid-,-Invalid-,-Invalid-,-Invalid-,-Invalid-,-Invalid-,-Invalid-,-Invalid-,-Invalid-,-Invalid-
6/29/2009 9:50,-Invalid-,-Invalid-,-Invalid-,-Invalid-,-Invalid-,-Invalid-,-Invalid-,-Invalid-,-Invalid-,-Invalid-
6/29/2009 10:00,-Invalid-,-Invalid-,-Invalid-,-Invalid-,-Invalid-,-Invalid-,-Invalid-,-Invalid-,-Invalid-,-Invalid-
6/29/2009 10:10,-Invalid-,-Invalid-,-Invalid-,-Invalid-,-Invalid-,-Invalid-,-Invalid-,-Invalid-,-Invalid-,-Invalid-
6/29/2009 10:20,-Invalid-,-Invalid-,-Invalid-,-Invalid-,-Invalid-,-Invalid-,-Invalid-,-Invalid-,-Invalid-,-Invalid-
6/29/2009 10:30,-Invalid-,-Invalid-,-Invalid-,-Invalid-,-Invalid-,-Invalid-,-Invalid-,-Invalid-,-Invalid-,-Invalid-
6/29/2009 10:40,-Invalid-,-Invalid-,-Invalid-,-Invalid-,-Invalid-,-Invalid-,-Invalid-,-Invalid-,-Invalid-,-Invalid-
6/29/2009 10:50,-Invalid-,-Invalid-,-Invalid-,-Invalid-,-Invalid-,-Invalid-,-Invalid-,-Invalid-,-Invalid-,-Invalid-
6/29/2009 11:00,-Invalid-,-Invalid-,-Invalid-,-Invalid-,-Invalid-,-Invalid-,-Invalid-,-Invalid-,-Invalid-,-Invalid-
6/29/2009 11:10,-Invalid-,-Invalid-,-Invalid-,-Invalid-,-Invalid-,-Invalid-,-Invalid-,-Invalid-,-Invalid-,-Invalid-
6/29/2009 11:20,-Invalid-,-Invalid-,-Invalid-,-Invalid-,-Invalid-,-Invalid-,-Invalid-,-Invalid-,-Invalid-,-Invalid-
6/29/2009 11:30,-Invalid-,-Invalid-,-Invalid-,-Invalid-,-Invalid-,-Invalid-,-Invalid-,-Invalid-,-Invalid-,-Invalid-
6/29/2009 11:40,-Invalid-,-Invalid-,-Invalid-,-Invalid-,-Invalid-,-Invalid-,-Invalid-,-Invalid-,-Invalid-,-Invalid-
6/29/2009 11:50,-Invalid-,-Invalid-,-Invalid-,-Invalid-,-Invalid-,-Invalid-,-Invalid-,-Invalid-,-Invalid-,-Invalid-
6/29/2009 12:00,-Invalid-,-Invalid-,-Invalid-,-Invalid-,-Invalid-,-Invalid-,-Invalid-,-Invalid-,-Invalid-,-Invalid-
6/29/2009 12:10,-Invalid-,-Invalid-,-Invalid-,-Invalid-,-Invalid-,-Invalid-,-Invalid-,-Invalid-,-Invalid-,-Invalid-
6/29/2009 12:20,-Invalid-,-Invalid-,-Invalid-,-Invalid-,-Invalid-,-Invalid-,-Invalid-,-Invalid-,-Invalid-,-Invalid-
6/29/2009 12:30,-Invalid-,-Invalid-,-Invalid-,-Invalid-,-Invalid-,-Invalid-,-Invalid-,-Invalid-,-Invalid-,-Invalid-
6/29/2009 12:40,-Invalid-,-Invalid-,-Invalid-,-Invalid-,-Invalid-,-Invalid-,-Invalid-,-Invalid-,-Invalid-,-Invalid-
6/29/2009 12:50,-Invalid-,-Invalid-,-Invalid-,-Invalid-,-Invalid-,-Invalid-,-Invalid-,-Invalid-,-Invalid-,-Invalid-
6/29/2009 13:00,-Invalid-,-Invalid-,-Invalid-,-Invalid-,-Invalid-,-Invalid-,-Invalid-,-Invalid-,-Invalid-,-Invalid-
6/29/2009 13:10,-Invalid-,-Invalid-,-Invalid-,-Invalid-,-Invalid-,-Invalid-,-Invalid-,-Invalid-,-Invalid-,-Invalid-
6/29/2009 13:20,-Invalid-,-Invalid-,-Invalid-,-Invalid-,-Invalid-,-Invalid-,-Invalid-,-Invalid-,-Invalid-,-Invalid-
6/29/2009 13:30,-Invalid-,-Invalid-,-Invalid-,-Invalid-,-Invalid-,-Invalid-,-Invalid-,-Invalid-,-Invalid-,-Invalid-
6/29/2009 13:40,-Invalid-,-Invalid-,-Invalid-,-Invalid-,-Invalid-,-Invalid-,-Invalid-,-Invalid-,-Invalid-,-Invalid-
6/29/2009 13:50,-Invalid-,-Invalid-,-Invalid-,-Invalid-,-Invalid-,-Invalid-,-Invalid-,-Invalid-,-Invalid-,-Invalid-
6/29/2009 14:00,-Invalid-,-Invalid-,-Invalid-,-Invalid-,-Invalid-,-Invalid-,-Invalid-,-Invalid-,-Invalid-,-Invalid-
6/29/2009 14:10,-Invalid-,-Invalid-,-Invalid-,-Invalid-,-Invalid-,-Invalid-,-Invalid-,-Invalid-,-Invalid-,-Invalid-
6/29/2009 14:20,-Invalid-,-Invalid-,-Invalid-,-Invalid-,-Invalid-,-Invalid-,-Invalid-,-Invalid-,-Invalid-,-Invalid-
6/29/2009 14:30,-Invalid-,-Invalid-,-Invalid-,-Invalid-,-Invalid-,-Invalid-,-Invalid-,-Invalid-,-Invalid-,-Invalid-
6/29/2009 14:40,-Invalid-,-Invalid-,-Invalid-,-Invalid-,-Invalid-,-Invalid-,-Invalid-,-Invalid-,-Invalid-,-Invalid-
6/29/2009 14:50,-Invalid-,-Invalid-,-Invalid-,-Invalid-,-Invalid-,-Invalid-,-Invalid-,-Invalid-,-Invalid-,-Invalid-
6/29/2009 15:00,-Invalid-,-Invalid-,-Invalid-,-Invalid-,-Invalid-,-Invalid-,-Invalid-,-Invalid-,-Invalid-,-Invalid-
6/29/2009 15:10,-Invalid-,-Invalid-,-Invalid-,-Invalid-,-Invalid-,-Invalid-,-Invalid-,-Invalid-,-Invalid-,-Invalid-
6/29/2009 15:20,-Invalid-,-Invalid-,-Invalid-,-Invalid-,-Invalid-,-Invalid-,-Invalid-,-Invalid-,-Invalid-,-Invalid-
6/29/2009 15:30,-Invalid-,-Invalid-,-Invalid-,-Invalid-,-Invalid-,-Invalid-,-Invalid-,-Invalid-,-Invalid-,-Invalid-
6/29/2009 15:40,-Invalid-,-Invalid-,-Invalid-,-Invalid-,-Invalid-,-Invalid-,-Invalid-,-Invalid-,-Invalid-,-Invalid-
6/29/2009 15:50,-Invalid-,-Invalid-,-Invalid-,-Invalid-,-Invalid-,-Invalid-,-Invalid-,-Invalid-,-Invalid-,-Invalid-
6/29/2009 16:00,-Invalid-,-Invalid-,-Invalid-,-Invalid-,-Invalid-,-Invalid-,-Invalid-,-Invalid-,-Invalid-,-Invalid-
6/29/2009 16:10,-Invalid-,-Invalid-,-Invalid-,-Invalid-,-Invalid-,-Invalid-,-Invalid-,-Invalid-,-Invalid-,-Invalid-
6/29/2009 16:20,-Invalid-,-Invalid-,-Invalid-,-Invalid-,-Invalid-,-Invalid-,-Invalid-,-Invalid-,-Invalid-,-Invalid-
6/29/2009 16:30,-Invalid-,-Invalid-,-Invalid-,-Invalid-,-Invalid-,-Invalid-,-Invalid-,-Invalid-,-Invalid-,-Invalid-
6/29/2009 16:40,-Invalid-,-Invalid-,-Invalid-,-Invalid-,-Invalid-,-Invalid-,-Invalid-,-Invalid-,-Invalid-,-Invalid-
6/29/2009 16:50,-Invalid-,-Invalid-,-Invalid-,-Invalid-,-Invalid-,-Invalid-,-Invalid-,-Invalid-,-Invalid-,-Invalid-
6/29/2009 17:00,-Invalid-,-Invalid-,-Invalid-,-Invalid-,-Invalid-,-Invalid-,-Invalid-,-Invalid-,-Invalid-,-Invalid-
6/29/2009 17:10,-Invalid-,-Invalid-,-Invalid-,-Invalid-,-Invalid-,-Invalid-,-Invalid-,-Invalid-,-Invalid-,-Invalid-
6/29/2009 17:20,-Invalid-,-Invalid-,-Invalid-,-Invalid-,-Invalid-,-Invalid-,-Invalid-,-Invalid-,-Invalid-,-Invalid-
6/29/2009 17:30,-Invalid-,-Invalid-,-Invalid-,-Invalid-,-Invalid-,-Invalid-,-Invalid-,-Invalid-,-Invalid-,-Invalid-
6/29/2009 17:40,-Invalid-,-Invalid-,-Invalid-,-Invalid-,-Invalid-,-Invalid-,-Invalid-,-Invalid-,-Invalid-,-Invalid-
6/29/2009 17:50,-Invalid-,-Invalid-,-Invalid-,-Invalid-,-Invalid-,-Invalid-,-Invalid-,-Invalid-,-Invalid-,-Invalid-
6/29/2009 18:00,-Invalid-,-Invalid-,-Invalid-,-Invalid-,-Invalid-,-Invalid-,-Invalid-,-Invalid-,-Invalid-,-Invalid-
6/29/2009 18:10,-Invalid-,-Invalid-,-Invalid-,-Invalid-,-Invalid-,-Invalid-,-Invalid-,-Invalid-,-Invalid-,-Invalid-
6/29/2009 18:20,-Invalid-,-Invalid-,-Invalid-,-Invalid-,-Invalid-,-Invalid-,-Invalid-,-Invalid-,-Invalid-,-Invalid-
6/29/2009 18:30,-Invalid-,-Invalid-,-Invalid-,-Invalid-,-Invalid-,-Invalid-,-Invalid-,-Invalid-,-Invalid-,-Invalid-
6/29/2009 18:40,-Invalid-,-Invalid-,-Invalid-,-Invalid-,-Invalid-,-Invalid-,-Invalid-,-Invalid-,-Invalid-,-Invalid-
6/29/2009 18:50,-Invalid-,-Invalid-,-Invalid-,-Invalid-,-Invalid-,-Invalid-,-Invalid-,-Invalid-,-Invalid-,-Invalid-
6/29/2009 19:00,-Invalid-,-Invalid-,-Invalid-,-Invalid-,-Invalid-,-Invalid-,-Invalid-,-Invalid-,-Invalid-,-Invalid-
6/29/2009 19:10,-Invalid-,-Invalid-,-Invalid-,-Invalid-,-Invalid-,-Invalid-,-Invalid-,-Invalid-,-Invalid-,-Invalid-
6/29/2009 19:20,-Invalid-,-Invalid-,-Invalid-,-Invalid-,-Invalid-,-Invalid-,-Invalid-,-Invalid-,-Invalid-,-Invalid-
6/29/2009 19:30,-Invalid-,-Invalid-,-Invalid-,-Invalid-,-Invalid-,-Invalid-,-Invalid-,-Invalid-,-Invalid-,-Invalid-
6/29/2009 19:40,-Invalid-,-Invalid-,-Invalid-,-Invalid-,-Invalid-,-Invalid-,-Invalid-,-Invalid-,-Invalid-,-Invalid-
6/29/2009 19:50,-Invalid-,-Invalid-,-Invalid-,-Invalid-,-Invalid-,-Invalid-,-Invalid-,-Invalid-,-Invalid-,-Invalid-
6/29/2009 20:00,-Invalid-,-Invalid-,-Invalid-,-Invalid-,-Invalid-,-Invalid-,-Invalid-,-Invalid-,-Invalid-,-Invalid-
6/29/2009 20:10,-Invalid-,-Invalid-,-Invalid-,-Invalid-,-Invalid-,-Invalid-,-Invalid-,-Invalid-,-Invalid-,-Invalid-
6/29/2009 20:20,-Invalid-,-Invalid-,-Invalid-,-Invalid-,-Invalid-,-Invalid-,-Invalid-,-Invalid-,-Invalid-,-Invalid-
6/29/2009 20:30,-Invalid-,-Invalid-,-Invalid-,-Invalid-,-Invalid-,-Invalid-,-Invalid-,-Invalid-,-Invalid-,-Invalid-
6/29/2009 20:40,-Invalid-,-Invalid-,-Invalid-,-Invalid-,-Invalid-,-Invalid-,-Invalid-,-Invalid-,-Invalid-,-Invalid-
6/29/2009 20:50,-Invalid-,-Invalid-,-Invalid-,-Invalid-,-Invalid-,-Invalid-,-Invalid-,-Invalid-,-Invalid-,-Invalid-
6/29/2009 21:00,-Invalid-,-Invalid-,-Invalid-,-Invalid-,-Invalid-,-Invalid-,-Invalid-,-Invalid-,-Invalid-,-Invalid-
6/29/2009 21:10,-Invalid-,-Invalid-,-Invalid-,-Invalid-,-Invalid-,-Invalid-,-Invalid-,-Invalid-,-Invalid-,-Invalid-
6/29/2009 21:20,-Invalid-,-Invalid-,-Invalid-,-Invalid-,-Invalid-,-Invalid-,-Invalid-,-Invalid-,-Invalid-,-Invalid-
6/29/2009 21:30,-Invalid-,-Invalid-,-Invalid-,-Invalid-,-Invalid-,-Invalid-,-Invalid-,-Invalid-,-Invalid-,-Invalid-
6/29/2009 21:40,-Invalid-,-Invalid-,-Invalid-,-Invalid-,-Invalid-,-Invalid-,-Invalid-,-Invalid-,-Invalid-,-Invalid-
6/29/2009 21:50,-Invalid-,-Invalid-,-Invalid-,-Invalid-,-Invalid-,-Invalid-,-Invalid-,-Invalid-,-Invalid-,-Invalid-
6/29/2009 22:00,-Invalid-,-Invalid-,-Invalid-,-Invalid-,-Invalid-,-Invalid-,-Invalid-,-Invalid-,-Invalid-,-Invalid-
6/29/2009 22:10,-Invalid-,-Invalid-,-Invalid-,-Invalid-,-Invalid-,-Invalid-,-Invalid-,-Invalid-,-Invalid-,-Invalid-
6/29/2009 22:20,-Invalid-,-Invalid-,-Invalid-,-Invalid-,-Invalid-,-Invalid-,-Invalid-,-Invalid-,-Invalid-,-Invalid-
6/29/2009 22:30,-Invalid-,-Invalid-,-Invalid-,-Invalid-,-Invalid-,-Invalid-,-Invalid-,-Invalid-,-Invalid-,-Invalid-
6/29/2009 22:40,-Invalid-,-Invalid-,-Invalid-,-Invalid-,-Invalid-,-Invalid-,-Invalid-,-Invalid-,-Invalid-,-Invalid-
6/29/2009 22:50,-Invalid-,-Invalid-,-Invalid-,-Invalid-,-Invalid-,-Invalid-,-Invalid-,-Invalid-,-Invalid-,-Invalid-
6/29/2009 23:00,-Invalid-,-Invalid-,-Invalid-,-Invalid-,-Invalid-,-Invalid-,-Invalid-,-Invalid-,-Invalid-,-Invalid-
6/29/2009 23:10,-Invalid-,-Invalid-,-Invalid-,-Invalid-,-Invalid-,-Invalid-,-Invalid-,-Invalid-,-Invalid-,-Invalid-
6/29/2009 23:20,-Invalid-,-Invalid-,-Invalid-,-Invalid-,-Invalid-,-Invalid-,-Invalid-,-Invalid-,-Invalid-,-Invalid-
6/29/2009 23:30,-Invalid-,-Invalid-,-Invalid-,-Invalid-,-Invalid-,-Invalid-,-Invalid-,-Invalid-,-Invalid-,-Invalid-
6/29/2009 23:40,-Invalid-,-Invalid-,-Invalid-,-Invalid-,-Invalid-,-Invalid-,-Invalid-,-Invalid-,-Invalid-,-Invalid-
6/29/2009 23:50,-Invalid-,-Invalid-,-Invalid-,-Invalid-,-Invalid-,-Invalid-,-Invalid-,-Invalid-,-Invalid-,-Invalid-
6/30/2009 0:00,-Invalid-,-Invalid-,-Invalid-,-Invalid-,-Invalid-,-Invalid-,-Invalid-,-Invalid-,-Invalid-,-Invalid-
6/30/2009 0:10,-Invalid-,-Invalid-,-Invalid-,-Invalid-,-Invalid-,-Invalid-,-Invalid-,-Invalid-,-Invalid-,-Invalid-
6/30/2009 0:20,-Invalid-,-Invalid-,-Invalid-,-Invalid-,-Invalid-,-Invalid-,-Invalid-,-Invalid-,-Invalid-,-Invalid-
6/30/2009 0:30,-Invalid-,-Invalid-,-Invalid-,-Invalid-,-Invalid-,-Invalid-,-Invalid-,-Invalid-,-Invalid-,-Invalid-
6/30/2009 0:40,-Invalid-,-Invalid-,-Invalid-,-Invalid-,-Invalid-,-Invalid-,-Invalid-,-Invalid-,-Invalid-,-Invalid-
6/30/2009 0:50,-Invalid-,-Invalid-,-Invalid-,-Invalid-,-Invalid-,-Invalid-,-Invalid-,-Invalid-,-Invalid-,-Invalid-
6/30/2009 1:00,-Invalid-,-Invalid-,-Invalid-,-Invalid-,-Invalid-,-Invalid-,-Invalid-,-Invalid-,-Invalid-,-Invalid-
6/30/2009 1:10,-Invalid-,-Invalid-,-Invalid-,-Invalid-,-Invalid-,-Invalid-,-Invalid-,-Invalid-,-Invalid-,-Invalid-
6/30/2009 1:20,-Invalid-,-Invalid-,-Invalid-,-Invalid-,-Invalid-,-Invalid-,-Invalid-,-Invalid-,-Invalid-,-Invalid-
6/30/2009 1:30,-Invalid-,-Invalid-,-Invalid-,-Invalid-,-Invalid-,-Invalid-,-Invalid-,-Invalid-,-Invalid-,-Invalid-
6/30/2009 1:40,-Invalid-,-Invalid-,-Invalid-,-Invalid-,-Invalid-,-Invalid-,-Invalid-,-Invalid-,-Invalid-,-Invalid-
6/30/2009 1:50,-Invalid-,-Invalid-,-Invalid-,-Invalid-,-Invalid-,-Invalid-,-Invalid-,-Invalid-,-Invalid-,-Invalid-
6/30/2009 2:00,-Invalid-,-Invalid-,-Invalid-,-Invalid-,-Invalid-,-Invalid-,-Invalid-,-Invalid-,-Invalid-,-Invalid-
6/30/2009 2:10,-Invalid-,-Invalid-,-Invalid-,-Invalid-,-Invalid-,-Invalid-,-Invalid-,-Invalid-,-Invalid-,-Invalid-
6/30/2009 2:20,-Invalid-,-Invalid-,-Invalid-,-Invalid-,-Invalid-,-Invalid-,-Invalid-,-Invalid-,-Invalid-,-Invalid-
6/30/2009 2:30,-Invalid-,-Invalid-,-Invalid-,-Invalid-,-Invalid-,-Invalid-,-Invalid-,-Invalid-,-Invalid-,-Invalid-
6/30/2009 2:40,-Invalid-,-Invalid-,-Invalid-,-Invalid-,-Invalid-,-Invalid-,-Invalid-,-Invalid-,-Invalid-,-Invalid-
6/30/2009 2:50,-Invalid-,-Invalid-,-Invalid-,-Invalid-,-Invalid-,-Invalid-,-Invalid-,-Invalid-,-Invalid-,-Invalid-
6/30/2009 3:00,-Invalid-,-Invalid-,-Invalid-,-Invalid-,-Invalid-,-Invalid-,-Invalid-,-Invalid-,-Invalid-,-Invalid-
6/30/2009 3:10,-Invalid-,-Invalid-,-Invalid-,-Invalid-,-Invalid-,-Invalid-,-Invalid-,-Invalid-,-Invalid-,-Invalid-
6/30/2009 3:20,-Invalid-,-Invalid-,-Invalid-,-Invalid-,-Invalid-,-Invalid-,-Invalid-,-Invalid-,-Invalid-,-Invalid-
6/30/2009 3:30,-Invalid-,-Invalid-,-Invalid-,-Invalid-,-Invalid-,-Invalid-,-Invalid-,-Invalid-,-Invalid-,-Invalid-
6/30/2009 3:40,-Invalid-,-Invalid-,-Invalid-,-Invalid-,-Invalid-,-Invalid-,-Invalid-,-Invalid-,-Invalid-,-Invalid-
6/30/2009 3:50,-Invalid-,-Invalid-,-Invalid-,-Invalid-,-Invalid-,-Invalid-,-Invalid-,-Invalid-,-Invalid-,-Invalid-
6/30/2009 4:00,-Invalid-,-Invalid-,-Invalid-,-Invalid-,-Invalid-,-Invalid-,-Invalid-,-Invalid-,-Invalid-,-Invalid-
6/30/2009 4:10,-Invalid-,-Invalid-,-Invalid-,-Invalid-,-Invalid-,-Invalid-,-Invalid-,-Invalid-,-Invalid-,-Invalid-
6/30/2009 4:20,-Invalid-,-Invalid-,-Invalid-,-Invalid-,-Invalid-,-Invalid-,-Invalid-,-Invalid-,-Invalid-,-Invalid-
6/30/2009 4:30,-Invalid-,-Invalid-,-Invalid-,-Invalid-,-Invalid-,-Invalid-,-Invalid-,-Invalid-,-Invalid-,-Invalid-
6/30/2009 4:40,-Invalid-,-Invalid-,-Invalid-,-Invalid-,-Invalid-,-Invalid-,-Invalid-,-Invalid-,-Invalid-,-Invalid-
6/30/2009 4:50,-Invalid-,-Invalid-,-Invalid-,-Invalid-,-Invalid-,-Invalid-,-Invalid-,-Invalid-,-Invalid-,-Invalid-
6/30/2009 5:00,-Invalid-,-Invalid-,-Invalid-,-Invalid-,-Invalid-,-Invalid-,-Invalid-,-Invalid-,-Invalid-,-Invalid-
6/30/2009 5:10,-Invalid-,-Invalid-,-Invalid-,-Invalid-,-Invalid-,-Invalid-,-Invalid-,-Invalid-,-Invalid-,-Invalid-
6/30/2009 5:20,-Invalid-,-Invalid-,-Invalid-,-Invalid-,-Invalid-,-Invalid-,-Invalid-,-Invalid-,-Invalid-,-Invalid-
6/30/2009 5:30,-Invalid-,-Invalid-,-Invalid-,-Invalid-,-Invalid-,-Invalid-,-Invalid-,-Invalid-,-Invalid-,-Invalid-
6/30/2009 5:40,-Invalid-,-Invalid-,-Invalid-,-Invalid-,-Invalid-,-Invalid-,-Invalid-,-Invalid-,-Invalid-,-Invalid-
6/30/2009 5:50,-Invalid-,-Invalid-,-Invalid-,-Invalid-,-Invalid-,-Invalid-,-Invalid-,-Invalid-,-Invalid-,-Invalid-
6/30/2009 6:00,-Invalid-,-Invalid-,-Invalid-,-Invalid-,-Invalid-,-Invalid-,-Invalid-,-Invalid-,-Invalid-,-Invalid-
6/30/2009 6:10,-Invalid-,-Invalid-,-Invalid-,-Invalid-,-Invalid-,-Invalid-,-Invalid-,-Invalid-,-Invalid-,-Invalid-
6/30/2009 6:20,-Invalid-,-Invalid-,-Invalid-,-Invalid-,-Invalid-,-Invalid-,-Invalid-,-Invalid-,-Invalid-,-Invalid-
6/30/2009 6:30,-Invalid-,-Invalid-,-Invalid-,-Invalid-,-Invalid-,-Invalid-,-Invalid-,-Invalid-,-Invalid-,-Invalid-
6/30/2009 6:40,-Invalid-,-Invalid-,-Invalid-,-Invalid-,-Invalid-,-Invalid-,-Invalid-,-Invalid-,-Invalid-,-Invalid-
6/30/2009 6:50,-Invalid-,-Invalid-,-Invalid-,-Invalid-,-Invalid-,-Invalid-,-Invalid-,-Invalid-,-Invalid-,-Invalid-
6/30/2009 7:00,-Invalid-,-Invalid-,-Invalid-,-Invalid-,-Invalid-,-Invalid-,-Invalid-,-Invalid-,-Invalid-,-Invalid-
6/30/2009 7:10,-Invalid-,-Invalid-,-Invalid-,-Invalid-,-Invalid-,-Invalid-,-Invalid-,-Invalid-,-Invalid-,-Invalid-
6/30/2009 7:20,-Invalid-,-Invalid-,-Invalid-,-Invalid-,-Invalid-,-Invalid-,-Invalid-,-Invalid-,-Invalid-,-Invalid-
6/30/2009 7:30,-Invalid-,-Invalid-,-Invalid-,-Invalid-,-Invalid-,-Invalid-,-Invalid-,-Invalid-,-Invalid-,-Invalid-
6/30/2009 7:40,-Invalid-,-Invalid-,-Invalid-,-Invalid-,-Invalid-,-Invalid-,-Invalid-,-Invalid-,-Invalid-,-Invalid-
6/30/2009 7:50,-Invalid-,-Invalid-,-Invalid-,-Invalid-,-Invalid-,-Invalid-,-Invalid-,-Invalid-,-Invalid-,-Invalid-
6/30/2009 8:00,-Invalid-,-Invalid-,-Invalid-,-Invalid-,-Invalid-,-Invalid-,-Invalid-,-Invalid-,-Invalid-,-Invalid-
6/30/2009 8:10,-Invalid-,-Invalid-,-Invalid-,-Invalid-,-Invalid-,-Invalid-,-Invalid-,-Invalid-,-Invalid-,-Invalid-
6/30/2009 8:20,-Invalid-,-Invalid-,-Invalid-,-Invalid-,-Invalid-,-Invalid-,-Invalid-,-Invalid-,-Invalid-,-Invalid-
6/30/2009 8:30,-Invalid-,-Invalid-,-Invalid-,-Invalid-,-Invalid-,-Invalid-,-Invalid-,-Invalid-,-Invalid-,-Invalid-
6/30/2009 8:40,-Invalid-,-Invalid-,-Invalid-,-Invalid-,-Invalid-,-Invalid-,-Invalid-,-Invalid-,-Invalid-,-Invalid-
6/30/2009 8:50,-Invalid-,-Invalid-,-Invalid-,-Invalid-,-Invalid-,-Invalid-,-Invalid-,-Invalid-,-Invalid-,-Invalid-
6/30/2009 9:00,-Invalid-,-Invalid-,-Invalid-,-Invalid-,-Invalid-,-Invalid-,-Invalid-,-Invalid-,-Invalid-,-Invalid-
6/30/2009 9:10,-Invalid-,-Invalid-,-Invalid-,-Invalid-,-Invalid-,-Invalid-,-Invalid-,-Invalid-,-Invalid-,-Invalid-
6/30/2009 9:20,-Invalid-,-Invalid-,-Invalid-,-Invalid-,-Invalid-,-Invalid-,-Invalid-,-Invalid-,-Invalid-,-Invalid-
6/30/2009 9:30,-Invalid-,-Invalid-,-Invalid-,-Invalid-,-Invalid-,-Invalid-,-Invalid-,-Invalid-,-Invalid-,-Invalid-
6/30/2009 9:40,-Invalid-,-Invalid-,-Invalid-,-Invalid-,-Invalid-,-Invalid-,-Invalid-,-Invalid-,-Invalid-,-Invalid-
6/30/2009 9:50,-Invalid-,-Invalid-,-Invalid-,-Invalid-,-Invalid-,-Invalid-,-Invalid-,-Invalid-,-Invalid-,-Invalid-
6/30/2009 10:00,-Invalid-,-Invalid-,-Invalid-,-Invalid-,-Invalid-,-Invalid-,-Invalid-,-Invalid-,-Invalid-,-Invalid-
6/30/2009 10:10,-Invalid-,-Invalid-,-Invalid-,-Invalid-,-Invalid-,-Invalid-,-Invalid-,-Invalid-,-Invalid-,-Invalid-
6/30/2009 10:20,-Invalid-,-Invalid-,-Invalid-,-Invalid-,-Invalid-,-Invalid-,-Invalid-,-Invalid-,-Invalid-,-Invalid-
6/30/2009 10:30,-Invalid-,-Invalid-,-Invalid-,-Invalid-,-Invalid-,-Invalid-,-Invalid-,-Invalid-,-Invalid-,-Invalid-
6/30/2009 10:40,-Invalid-,-Invalid-,-Invalid-,-Invalid-,-Invalid-,-Invalid-,-Invalid-,-Invalid-,-Invalid-,-Invalid-
6/30/2009 10:50,-Invalid-,-Invalid-,-Invalid-,-Invalid-,-Invalid-,-Invalid-,-Invalid-,-Invalid-,-Invalid-,-Invalid-
6/30/2009 11:00,-Invalid-,-Invalid-,-Invalid-,-Invalid-,-Invalid-,-Invalid-,-Invalid-,-Invalid-,-Invalid-,-Invalid-
6/30/2009 11:10,-Invalid-,-Invalid-,-Invalid-,-Invalid-,-Invalid-,-Invalid-,-Invalid-,-Invalid-,-Invalid-,-Invalid-
6/30/2009 11:20,-Invalid-,-Invalid-,-Invalid-,-Invalid-,-Invalid-,-Invalid-,-Invalid-,-Invalid-,-Invalid-,-Invalid-
6/30/2009 11:30,-Invalid-,-Invalid-,-Invalid-,-Invalid-,-Invalid-,-Invalid-,-Invalid-,-Invalid-,-Invalid-,-Invalid-
6/30/2009 11:40,-Invalid-,-Invalid-,-Invalid-,-Invalid-,-Invalid-,-Invalid-,-Invalid-,-Invalid-,-Invalid-,-Invalid-
6/30/2009 11:50,-Invalid-,-Invalid-,-Invalid-,-Invalid-,-Invalid-,-Invalid-,-Invalid-,-Invalid-,-Invalid-,-Invalid-
6/30/2009 12:00,-Invalid-,-Invalid-,-Invalid-,-Invalid-,-Invalid-,-Invalid-,-Invalid-,-Invalid-,-Invalid-,-Invalid-
6/30/2009 12:10,-Invalid-,-Invalid-,-Invalid-,-Invalid-,-Invalid-,-Invalid-,-Invalid-,-Invalid-,-Invalid-,-Invalid-
6/30/2009 12:20,-Invalid-,-Invalid-,-Invalid-,-Invalid-,-Invalid-,-Invalid-,-Invalid-,-Invalid-,-Invalid-,-Invalid-
6/30/2009 12:30,-Invalid-,-Invalid-,-Invalid-,-Invalid-,-Invalid-,-Invalid-,-Invalid-,-Invalid-,-Invalid-,-Invalid-
6/30/2009 12:40,-Invalid-,-Invalid-,-Invalid-,-Invalid-,-Invalid-,-Invalid-,-Invalid-,-Invalid-,-Invalid-,-Invalid-
6/30/2009 12:50,-Invalid-,-Invalid-,-Invalid-,-Invalid-,-Invalid-,-Invalid-,-Invalid-,-Invalid-,-Invalid-,-Invalid-
6/30/2009 13:00,-Invalid-,-Invalid-,-Invalid-,-Invalid-,-Invalid-,-Invalid-,-Invalid-,-Invalid-,-Invalid-,-Invalid-
6/30/2009 13:10,-Invalid-,-Invalid-,-Invalid-,-Invalid-,-Invalid-,-Invalid-,-Invalid-,-Invalid-,-Invalid-,-Invalid-
6/30/2009 13:20,-Invalid-,-Invalid-,-Invalid-,-Invalid-,-Invalid-,-Invalid-,-Invalid-,-Invalid-,-Invalid-,-Invalid-
6/30/2009 13:30,-Invalid-,-Invalid-,-Invalid-,-Invalid-,-Invalid-,-Invalid-,-Invalid-,-Invalid-,-Invalid-,-Invalid-
6/30/2009 13:40,-Invalid-,-Invalid-,-Invalid-,-Invalid-,-Invalid-,-Invalid-,-Invalid-,-Invalid-,-Invalid-,-Invalid-
6/30/2009 13:50,-Invalid-,-Invalid-,-Invalid-,-Invalid-,-Invalid-,-Invalid-,-Invalid-,-Invalid-,-Invalid-,-Invalid-
6/30/2009 14:00,-Invalid-,-Invalid-,-Invalid-,-Invalid-,-Invalid-,-Invalid-,-Invalid-,-Invalid-,-Invalid-,-Invalid-
6/30/2009 14:10,-Invalid-,-Invalid-,-Invalid-,-Invalid-,-Invalid-,-Invalid-,-Invalid-,-Invalid-,-Invalid-,-Invalid-
6/30/2009 14:20,-Invalid-,-Invalid-,-Invalid-,-Invalid-,-Invalid-,-Invalid-,-Invalid-,-Invalid-,-Invalid-,-Invalid-
6/30/2009 14:30,-Invalid-,-Invalid-,-Invalid-,-Invalid-,-Invalid-,-Invalid-,-Invalid-,-Invalid-,-Invalid-,-Invalid-
6/30/2009 14:40,-Invalid-,-Invalid-,-Invalid-,-Invalid-,-Invalid-,-Invalid-,-Invalid-,-Invalid-,-Invalid-,-Invalid-
6/30/2009 14:50,-Invalid-,-Invalid-,-Invalid-,-Invalid-,-Invalid-,-Invalid-,-Invalid-,-Invalid-,-Invalid-,-Invalid-
6/30/2009 15:00,-Invalid-,-Invalid-,-Invalid-,-Invalid-,-Invalid-,-Invalid-,-Invalid-,-Invalid-,-Invalid-,-Invalid-
6/30/2009 15:10,-Invalid-,-Invalid-,-Invalid-,-Invalid-,-Invalid-,-Invalid-,-Invalid-,-Invalid-,-Invalid-,-Invalid-
6/30/2009 15:20,-Invalid-,-Invalid-,-Invalid-,-Invalid-,-Invalid-,-Invalid-,-Invalid-,-Invalid-,-Invalid-,-Invalid-
6/30/2009 15:30,-Invalid-,-Invalid-,-Invalid-,-Invalid-,-Invalid-,-Invalid-,-Invalid-,-Invalid-,-Invalid-,-Invalid-
6/30/2009 15:40,-Invalid-,-Invalid-,-Invalid-,-Invalid-,-Invalid-,-Invalid-,-Invalid-,-Invalid-,-Invalid-,-Invalid-
6/30/2009 15:50,-Invalid-,-Invalid-,-Invalid-,-Invalid-,-Invalid-,-Invalid-,-Invalid-,-Invalid-,-Invalid-,-Invalid-
6/30/2009 16:00,-Invalid-,-Invalid-,-Invalid-,-Invalid-,-Invalid-,-Invalid-,-Invalid-,-Invalid-,-Invalid-,-Invalid-
6/30/2009 16:10,-Invalid-,-Invalid-,-Invalid-,-Invalid-,-Invalid-,-Invalid-,-Invalid-,-Invalid-,-Invalid-,-Invalid-
6/30/2009 16:20,-Invalid-,-Invalid-,-Invalid-,-Invalid-,-Invalid-,-Invalid-,-Invalid-,-Invalid-,-Invalid-,-Invalid-
6/30/2009 16:30,-Invalid-,-Invalid-,-Invalid-,-Invalid-,-Invalid-,-Invalid-,-Invalid-,-Invalid-,-Invalid-,-Invalid-
6/30/2009 16:40,-Invalid-,-Invalid-,-Invalid-,-Invalid-,-Invalid-,-Invalid-,-Invalid-,-Invalid-,-Invalid-,-Invalid-
6/30/2009 16:50,-Invalid-,-Invalid-,-Invalid-,-Invalid-,-Invalid-,-Invalid-,-Invalid-,-Invalid-,-Invalid-,-Invalid-
6/30/2009 17:00,-Invalid-,-Invalid-,-Invalid-,-Invalid-,-Invalid-,-Invalid-,-Invalid-,-Invalid-,-Invalid-,-Invalid-
6/30/2009 17:10,-Invalid-,-Invalid-,-Invalid-,-Invalid-,-Invalid-,-Invalid-,-Invalid-,-Invalid-,-Invalid-,-Invalid-
6/30/2009 17:20,-Invalid-,-Invalid-,-Invalid-,-Invalid-,-Invalid-,-Invalid-,-Invalid-,-Invalid-,-Invalid-,-Invalid-
6/30/2009 17:30,-Invalid-,-Invalid-,-Invalid-,-Invalid-,-Invalid-,-Invalid-,-Invalid-,-Invalid-,-Invalid-,-Invalid-
6/30/2009 17:40,-Invalid-,-Invalid-,-Invalid-,-Invalid-,-Invalid-,-Invalid-,-Invalid-,-Invalid-,-Invalid-,-Invalid-
6/30/2009 17:50,-Invalid-,-Invalid-,-Invalid-,-Invalid-,-Invalid-,-Invalid-,-Invalid-,-Invalid-,-Invalid-,-Invalid-
6/30/2009 18:00,-Invalid-,-Invalid-,-Invalid-,-Invalid-,-Invalid-,-Invalid-,-Invalid-,-Invalid-,-Invalid-,-Invalid-
6/30/2009 18:10,-Invalid-,-Invalid-,-Invalid-,-Invalid-,-Invalid-,-Invalid-,-Invalid-,-Invalid-,-Invalid-,-Invalid-
6/30/2009 18:20,-Invalid-,-Invalid-,-Invalid-,-Invalid-,-Invalid-,-Invalid-,-Invalid-,-Invalid-,-Invalid-,-Invalid-
6/30/2009 18:30,-Invalid-,-Invalid-,-Invalid-,-Invalid-,-Invalid-,-Invalid-,-Invalid-,-Invalid-,-Invalid-,-Invalid-
6/30/2009 18:40,-Invalid-,-Invalid-,-Invalid-,-Invalid-,-Invalid-,-Invalid-,-Invalid-,-Invalid-,-Invalid-,-Invalid-
6/30/2009 18:50,-Invalid-,-Invalid-,-Invalid-,-Invalid-,-Invalid-,-Invalid-,-Invalid-,-Invalid-,-Invalid-,-Invalid-
6/30/2009 19:00,-Invalid-,-Invalid-,-Invalid-,-Invalid-,-Invalid-,-Invalid-,-Invalid-,-Invalid-,-Invalid-,-Invalid-
6/30/2009 19:10,-Invalid-,-Invalid-,-Invalid-,-Invalid-,-Invalid-,-Invalid-,-Invalid-,-Invalid-,-Invalid-,-Invalid-
6/30/2009 19:20,-Invalid-,-Invalid-,-Invalid-,-Invalid-,-Invalid-,-Invalid-,-Invalid-,-Invalid-,-Invalid-,-Invalid-
6/30/2009 19:30,-Invalid-,-Invalid-,-Invalid-,-Invalid-,-Invalid-,-Invalid-,-Invalid-,-Invalid-,-Invalid-,-Invalid-
6/30/2009 19:40,-Invalid-,-Invalid-,-Invalid-,-Invalid-,-Invalid-,-Invalid-,-Invalid-,-Invalid-,-Invalid-,-Invalid-
6/30/2009 19:50,-Invalid-,-Invalid-,-Invalid-,-Invalid-,-Invalid-,-Invalid-,-Invalid-,-Invalid-,-Invalid-,-Invalid-
6/30/2009 20:00,-Invalid-,-Invalid-,-Invalid-,-Invalid-,-Invalid-,-Invalid-,-Invalid-,-Invalid-,-Invalid-,-Invalid-
6/30/2009 20:10,-Invalid-,-Invalid-,-Invalid-,-Invalid-,-Invalid-,-Invalid-,-Invalid-,-Invalid-,-Invalid-,-Invalid-
6/30/2009 20:20,-Invalid-,-Invalid-,-Invalid-,-Invalid-,-Invalid-,-Invalid-,-Invalid-,-Invalid-,-Invalid-,-Invalid-
6/30/2009 20:30,-Invalid-,-Invalid-,-Invalid-,-Invalid-,-Invalid-,-Invalid-,-Invalid-,-Invalid-,-Invalid-,-Invalid-
6/30/2009 20:40,-Invalid-,-Invalid-,-Invalid-,-Invalid-,-Invalid-,-Invalid-,-Invalid-,-Invalid-,-Invalid-,-Invalid-
6/30/2009 20:50,-Invalid-,-Invalid-,-Invalid-,-Invalid-,-Invalid-,-Invalid-,-Invalid-,-Invalid-,-Invalid-,-Invalid-
6/30/2009 21:00,-Invalid-,-Invalid-,-Invalid-,-Invalid-,-Invalid-,-Invalid-,-Invalid-,-Invalid-,-Invalid-,-Invalid-
6/30/2009 21:10,-Invalid-,-Invalid-,-Invalid-,-Invalid-,-Invalid-,-Invalid-,-Invalid-,-Invalid-,-Invalid-,-Invalid-
6/30/2009 21:20,-Invalid-,-Invalid-,-Invalid-,-Invalid-,-Invalid-,-Invalid-,-Invalid-,-Invalid-,-Invalid-,-Invalid-
6/30/2009 21:30,-Invalid-,-Invalid-,-Invalid-,-Invalid-,-Invalid-,-Invalid-,-Invalid-,-Invalid-,-Invalid-,-Invalid-
6/30/2009 21:40,-Invalid-,-Invalid-,-Invalid-,-Invalid-,-Invalid-,-Invalid-,-Invalid-,-Invalid-,-Invalid-,-Invalid-
6/30/2009 21:50,-Invalid-,-Invalid-,-Invalid-,-Invalid-,-Invalid-,-Invalid-,-Invalid-,-Invalid-,-Invalid-,-Invalid-
6/30/2009 22:00,-Invalid-,-Invalid-,-Invalid-,-Invalid-,-Invalid-,-Invalid-,-Invalid-,-Invalid-,-Invalid-,-Invalid-
6/30/2009 22:10,-Invalid-,-Invalid-,-Invalid-,-Invalid-,-Invalid-,-Invalid-,-Invalid-,-Invalid-,-Invalid-,-Invalid-
6/30/2009 22:20,-Invalid-,-Invalid-,-Invalid-,-Invalid-,-Invalid-,-Invalid-,-Invalid-,-Invalid-,-Invalid-,-Invalid-
6/30/2009 22:30,-Invalid-,-Invalid-,-Invalid-,-Invalid-,-Invalid-,-Invalid-,-Invalid-,-Invalid-,-Invalid-,-Invalid-
6/30/2009 22:40,-Invalid-,-Invalid-,-Invalid-,-Invalid-,-Invalid-,-Invalid-,-Invalid-,-Invalid-,-Invalid-,-Invalid-
6/30/2009 22:50,-Invalid-,-Invalid-,-Invalid-,-Invalid-,-Invalid-,-Invalid-,-Invalid-,-Invalid-,-Invalid-,-Invalid-
6/30/2009 23:00,-Invalid-,-Invalid-,-Invalid-,-Invalid-,-Invalid-,-Invalid-,-Invalid-,-Invalid-,-Invalid-,-Invalid-
6/30/2009 23:10,-Invalid-,-Invalid-,-Invalid-,-Invalid-,-Invalid-,-Invalid-,-Invalid-,-Invalid-,-Invalid-,-Invalid-
6/30/2009 23:20,-Invalid-,-Invalid-,-Invalid-,-Invalid-,-Invalid-,-Invalid-,-Invalid-,-Invalid-,-Invalid-,-Invalid-
6/30/2009 23:30,-Invalid-,-Invalid-,-Invalid-,-Invalid-,-Invalid-,-Invalid-,-Invalid-,-Invalid-,-Invalid-,-Invalid-
6/30/2009 23:40,-Invalid-,-Invalid-,-Invalid-,-Invalid-,-Invalid-,-Invalid-,-Invalid-,-Invalid-,-Invalid-,-Invalid-
6/30/2009 23:50,-Invalid-,-Invalid-,-Invalid-,-Invalid-,-Invalid-,-Invalid-,-Invalid-,-Invalid-,-Invalid-,-Invalid-
7/1/2009 0:00,-Invalid-,-Invalid-,-Invalid-,-Invalid-,-Invalid-,-Invalid-,-Invalid-,-Invalid-,-Invalid-,-Invalid-
7/1/2009 0:10,-Invalid-,-Invalid-,-Invalid-,-Invalid-,-Invalid-,-Invalid-,-Invalid-,-Invalid-,-Invalid-,-Invalid-
7/1/2009 0:20,-Invalid-,-Invalid-,-Invalid-,-Invalid-,-Invalid-,-Invalid-,-Invalid-,-Invalid-,-Invalid-,-Invalid-
7/1/2009 0:30,-Invalid-,-Invalid-,-Invalid-,-Invalid-,-Invalid-,-Invalid-,-Invalid-,-Invalid-,-Invalid-,-Invalid-
7/1/2009 0:40,-Invalid-,-Invalid-,-Invalid-,-Invalid-,-Invalid-,-Invalid-,-Invalid-,-Invalid-,-Invalid-,-Invalid-
7/1/2009 0:50,-Invalid-,-Invalid-,-Invalid-,-Invalid-,-Invalid-,-Invalid-,-Invalid-,-Invalid-,-Invalid-,-Invalid-
7/1/2009 1:00,-Invalid-,-Invalid-,-Invalid-,-Invalid-,-Invalid-,-Invalid-,-Invalid-,-Invalid-,-Invalid-,-Invalid-
7/1/2009 1:10,-Invalid-,-Invalid-,-Invalid-,-Invalid-,-Invalid-,-Invalid-,-Invalid-,-Invalid-,-Invalid-,-Invalid-
7/1/2009 1:20,-Invalid-,-Invalid-,-Invalid-,-Invalid-,-Invalid-,-Invalid-,-Invalid-,-Invalid-,-Invalid-,-Invalid-
7/1/2009 1:30,-Invalid-,-Invalid-,-Invalid-,-Invalid-,-Invalid-,-Invalid-,-Invalid-,-Invalid-,-Invalid-,-Invalid-
7/1/2009 1:40,-Invalid-,-Invalid-,-Invalid-,-Invalid-,-Invalid-,-Invalid-,-Invalid-,-Invalid-,-Invalid-,-Invalid-
7/1/2009 1:50,-Invalid-,-Invalid-,-Invalid-,-Invalid-,-Invalid-,-Invalid-,-Invalid-,-Invalid-,-Invalid-,-Invalid-
7/1/2009 2:00,-Invalid-,-Invalid-,-Invalid-,-Invalid-,-Invalid-,-Invalid-,-Invalid-,-Invalid-,-Invalid-,-Invalid-
7/1/2009 2:10,-Invalid-,-Invalid-,-Invalid-,-Invalid-,-Invalid-,-Invalid-,-Invalid-,-Invalid-,-Invalid-,-Invalid-
7/1/2009 2:20,-Invalid-,-Invalid-,-Invalid-,-Invalid-,-Invalid-,-Invalid-,-Invalid-,-Invalid-,-Invalid-,-Invalid-
7/1/2009 2:30,-Invalid-,-Invalid-,-Invalid-,-Invalid-,-Invalid-,-Invalid-,-Invalid-,-Invalid-,-Invalid-,-Invalid-
7/1/2009 2:40,-Invalid-,-Invalid-,-Invalid-,-Invalid-,-Invalid-,-Invalid-,-Invalid-,-Invalid-,-Invalid-,-Invalid-
7/1/2009 2:50,-Invalid-,-Invalid-,-Invalid-,-Invalid-,-Invalid-,-Invalid-,-Invalid-,-Invalid-,-Invalid-,-Invalid-
7/1/2009 3:00,-Invalid-,-Invalid-,-Invalid-,-Invalid-,-Invalid-,-Invalid-,-Invalid-,-Invalid-,-Invalid-,-Invalid-
7/1/2009 3:10,-Invalid-,-Invalid-,-Invalid-,-Invalid-,-Invalid-,-Invalid-,-Invalid-,-Invalid-,-Invalid-,-Invalid-
7/1/2009 3:20,-Invalid-,-Invalid-,-Invalid-,-Invalid-,-Invalid-,-Invalid-,-Invalid-,-Invalid-,-Invalid-,-Invalid-
7/1/2009 3:30,-Invalid-,-Invalid-,-Invalid-,-Invalid-,-Invalid-,-Invalid-,-Invalid-,-Invalid-,-Invalid-,-Invalid-
7/1/2009 3:40,-Invalid-,-Invalid-,-Invalid-,-Invalid-,-Invalid-,-Invalid-,-Invalid-,-Invalid-,-Invalid-,-Invalid-
7/1/2009 3:50,-Invalid-,-Invalid-,-Invalid-,-Invalid-,-Invalid-,-Invalid-,-Invalid-,-Invalid-,-Invalid-,-Invalid-
7/1/2009 4:00,-Invalid-,-Invalid-,-Invalid-,-Invalid-,-Invalid-,-Invalid-,-Invalid-,-Invalid-,-Invalid-,-Invalid-
7/1/2009 4:10,-Invalid-,-Invalid-,-Invalid-,-Invalid-,-Invalid-,-Invalid-,-Invalid-,-Invalid-,-Invalid-,-Invalid-
7/1/2009 4:20,-Invalid-,-Invalid-,-Invalid-,-Invalid-,-Invalid-,-Invalid-,-Invalid-,-Invalid-,-Invalid-,-Invalid-
7/1/2009 4:30,-Invalid-,-Invalid-,-Invalid-,-Invalid-,-Invalid-,-Invalid-,-Invalid-,-Invalid-,-Invalid-,-Invalid-
7/1/2009 4:40,-Invalid-,-Invalid-,-Invalid-,-Invalid-,-Invalid-,-Invalid-,-Invalid-,-Invalid-,-Invalid-,-Invalid-
7/1/2009 4:50,-Invalid-,-Invalid-,-Invalid-,-Invalid-,-Invalid-,-Invalid-,-Invalid-,-Invalid-,-Invalid-,-Invalid-
7/1/2009 5:00,-Invalid-,-Invalid-,-Invalid-,-Invalid-,-Invalid-,-Invalid-,-Invalid-,-Invalid-,-Invalid-,-Invalid-
7/1/2009 5:10,-Invalid-,-Invalid-,-Invalid-,-Invalid-,-Invalid-,-Invalid-,-Invalid-,-Invalid-,-Invalid-,-Invalid-
7/1/2009 5:20,-Invalid-,-Invalid-,-Invalid-,-Invalid-,-Invalid-,-Invalid-,-Invalid-,-Invalid-,-Invalid-,-Invalid-
7/1/2009 5:30,-Invalid-,-Invalid-,-Invalid-,-Invalid-,-Invalid-,-Invalid-,-Invalid-,-Invalid-,-Invalid-,-Invalid-
7/1/2009 5:40,-Invalid-,-Invalid-,-Invalid-,-Invalid-,-Invalid-,-Invalid-,-Invalid-,-Invalid-,-Invalid-,-Invalid-
7/1/2009 5:50,-Invalid-,-Invalid-,-Invalid-,-Invalid-,-Invalid-,-Invalid-,-Invalid-,-Invalid-,-Invalid-,-Invalid-
7/1/2009 6:00,-Invalid-,-Invalid-,-Invalid-,-Invalid-,-Invalid-,-Invalid-,-Invalid-,-Invalid-,-Invalid-,-Invalid-
7/1/2009 6:10,-Invalid-,-Invalid-,-Invalid-,-Invalid-,-Invalid-,-Invalid-,-Invalid-,-Invalid-,-Invalid-,-Invalid-
7/1/2009 6:20,-Invalid-,-Invalid-,-Invalid-,-Invalid-,-Invalid-,-Invalid-,-Invalid-,-Invalid-,-Invalid-,-Invalid-
7/1/2009 6:30,-Invalid-,-Invalid-,-Invalid-,-Invalid-,-Invalid-,-Invalid-,-Invalid-,-Invalid-,-Invalid-,-Invalid-
7/1/2009 6:40,-Invalid-,-Invalid-,-Invalid-,-Invalid-,-Invalid-,-Invalid-,-Invalid-,-Invalid-,-Invalid-,-Invalid-
7/1/2009 6:50,-Invalid-,-Invalid-,-Invalid-,-Invalid-,-Invalid-,-Invalid-,-Invalid-,-Invalid-,-Invalid-,-Invalid-
7/1/2009 7:00,-Invalid-,-Invalid-,-Invalid-,-Invalid-,-Invalid-,-Invalid-,-Invalid-,-Invalid-,-Invalid-,-Invalid-
7/1/2009 7:10,-Invalid-,-Invalid-,-Invalid-,-Invalid-,-Invalid-,-Invalid-,-Invalid-,-Invalid-,-Invalid-,-Invalid-
7/1/2009 7:20,-Invalid-,-Invalid-,-Invalid-,-Invalid-,-Invalid-,-Invalid-,-Invalid-,-Invalid-,-Invalid-,-Invalid-
7/1/2009 7:30,-Invalid-,-Invalid-,-Invalid-,-Invalid-,-Invalid-,-Invalid-,-Invalid-,-Invalid-,-Invalid-,-Invalid-
7/1/2009 7:40,-Invalid-,-Invalid-,-Invalid-,-Invalid-,-Invalid-,-Invalid-,-Invalid-,-Invalid-,-Invalid-,-Invalid-
7/1/2009 7:50,-Invalid-,-Invalid-,-Invalid-,-Invalid-,-Invalid-,-Invalid-,-Invalid-,-Invalid-,-Invalid-,-Invalid-
7/1/2009 8:00,-Invalid-,-Invalid-,-Invalid-,-Invalid-,-Invalid-,-Invalid-,-Invalid-,-Invalid-,-Invalid-,-Invalid-
7/1/2009 8:10,-Invalid-,-Invalid-,-Invalid-,-Invalid-,-Invalid-,-Invalid-,-Invalid-,-Invalid-,-Invalid-,-Invalid-
7/1/2009 8:20,-Invalid-,-Invalid-,-Invalid-,-Invalid-,-Invalid-,-Invalid-,-Invalid-,-Invalid-,-Invalid-,-Invalid-
7/1/2009 8:30,-Invalid-,-Invalid-,-Invalid-,-Invalid-,-Invalid-,-Invalid-,-Invalid-,-Invalid-,-Invalid-,-Invalid-
7/1/2009 8:40,-Invalid-,-Invalid-,-Invalid-,-Invalid-,-Invalid-,-Invalid-,-Invalid-,-Invalid-,-Invalid-,-Invalid-
7/1/2009 8:50,-Invalid-,-Invalid-,-Invalid-,-Invalid-,-Invalid-,-Invalid-,-Invalid-,-Invalid-,-Invalid-,-Invalid-
7/1/2009 9:00,-Invalid-,-Invalid-,-Invalid-,-Invalid-,-Invalid-,-Invalid-,-Invalid-,-Invalid-,-Invalid-,-Invalid-
7/1/2009 9:10,-Invalid-,-Invalid-,-Invalid-,-Invalid-,-Invalid-,-Invalid-,-Invalid-,-Invalid-,-Invalid-,-Invalid-
7/1/2009 9:20,-Invalid-,-Invalid-,-Invalid-,-Invalid-,-Invalid-,-Invalid-,-Invalid-,-Invalid-,-Invalid-,-Invalid-
7/1/2009 9:30,-Invalid-,-Invalid-,-Invalid-,-Invalid-,-Invalid-,-Invalid-,-Invalid-,-Invalid-,-Invalid-,-Invalid-
7/1/2009 9:40,-Invalid-,-Invalid-,-Invalid-,-Invalid-,-Invalid-,-Invalid-,-Invalid-,-Invalid-,-Invalid-,-Invalid-
7/1/2009 9:50,-Invalid-,-Invalid-,-Invalid-,-Invalid-,-Invalid-,-Invalid-,-Invalid-,-Invalid-,-Invalid-,-Invalid-
7/1/2009 10:00,-Invalid-,-Invalid-,-Invalid-,-Invalid-,-Invalid-,-Invalid-,-Invalid-,-Invalid-,-Invalid-,-Invalid-
7/1/2009 10:10,-Invalid-,-Invalid-,-Invalid-,-Invalid-,-Invalid-,-Invalid-,-Invalid-,-Invalid-,-Invalid-,-Invalid-
7/1/2009 10:20,-Invalid-,-Invalid-,-Invalid-,-Invalid-,-Invalid-,-Invalid-,-Invalid-,-Invalid-,-Invalid-,-Invalid-
7/1/2009 10:30,-Invalid-,-Invalid-,-Invalid-,-Invalid-,-Invalid-,-Invalid-,-Invalid-,-Invalid-,-Invalid-,-Invalid-
7/1/2009 10:40,-Invalid-,-Invalid-,-Invalid-,-Invalid-,-Invalid-,-Invalid-,-Invalid-,-Invalid-,-Invalid-,-Invalid-
7/1/2009 10:50,-Invalid-,-Invalid-,-Invalid-,-Invalid-,-Invalid-,-Invalid-,-Invalid-,-Invalid-,-Invalid-,-Invalid-
7/1/2009 11:00,-Invalid-,-Invalid-,-Invalid-,-Invalid-,-Invalid-,-Invalid-,-Invalid-,-Invalid-,-Invalid-,-Invalid-
7/1/2009 11:10,-Invalid-,-Invalid-,-Invalid-,-Invalid-,-Invalid-,-Invalid-,-Invalid-,-Invalid-,-Invalid-,-Invalid-
7/1/2009 11:20,-Invalid-,-Invalid-,-Invalid-,-Invalid-,-Invalid-,-Invalid-,-Invalid-,-Invalid-,-Invalid-,-Invalid-
7/1/2009 11:30,-Invalid-,-Invalid-,-Invalid-,-Invalid-,-Invalid-,-Invalid-,-Invalid-,-Invalid-,-Invalid-,-Invalid-
7/1/2009 11:40,-Invalid-,-Invalid-,-Invalid-,-Invalid-,-Invalid-,-Invalid-,-Invalid-,-Invalid-,-Invalid-,-Invalid-
7/1/2009 11:50,-Invalid-,-Invalid-,-Invalid-,-Invalid-,-Invalid-,-Invalid-,-Invalid-,-Invalid-,-Invalid-,-Invalid-
7/1/2009 12:00,-Invalid-,-Invalid-,-Invalid-,-Invalid-,-Invalid-,-Invalid-,-Invalid-,-Invalid-,-Invalid-,-Invalid-
7/1/2009 12:10,-Invalid-,-Invalid-,-Invalid-,-Invalid-,-Invalid-,-Invalid-,-Invalid-,-Invalid-,-Invalid-,-Invalid-
7/1/2009 12:20,-Invalid-,-Invalid-,-Invalid-,-Invalid-,-Invalid-,-Invalid-,-Invalid-,-Invalid-,-Invalid-,-Invalid-
7/1/2009 12:30,-Invalid-,-Invalid-,-Invalid-,-Invalid-,-Invalid-,-Invalid-,-Invalid-,-Invalid-,-Invalid-,-Invalid-
7/1/2009 12:40,-Invalid-,-Invalid-,-Invalid-,-Invalid-,-Invalid-,-Invalid-,-Invalid-,-Invalid-,-Invalid-,-Invalid-
7/1/2009 12:50,-Invalid-,-Invalid-,-Invalid-,-Invalid-,-Invalid-,-Invalid-,-Invalid-,-Invalid-,-Invalid-,-Invalid-
7/1/2009 13:00,-Invalid-,-Invalid-,-Invalid-,-Invalid-,-Invalid-,-Invalid-,-Invalid-,-Invalid-,-Invalid-,-Invalid-
7/1/2009 13:10,-Invalid-,-Invalid-,-Invalid-,-Invalid-,-Invalid-,-Invalid-,-Invalid-,-Invalid-,-Invalid-,-Invalid-
7/1/2009 13:20,-Invalid-,-Invalid-,-Invalid-,-Invalid-,-Invalid-,-Invalid-,-Invalid-,-Invalid-,-Invalid-,-Invalid-
7/1/2009 13:30,-Invalid-,-Invalid-,-Invalid-,-Invalid-,-Invalid-,-Invalid-,-Invalid-,-Invalid-,-Invalid-,-Invalid-
7/1/2009 13:40,-Invalid-,-Invalid-,-Invalid-,-Invalid-,-Invalid-,-Invalid-,-Invalid-,-Invalid-,-Invalid-,-Invalid-
7/1/2009 13:50,-Invalid-,-Invalid-,-Invalid-,-Invalid-,-Invalid-,-Invalid-,-Invalid-,-Invalid-,-Invalid-,-Invalid-
7/1/2009 14:00,-Invalid-,-Invalid-,-Invalid-,-Invalid-,-Invalid-,-Invalid-,-Invalid-,-Invalid-,-Invalid-,-Invalid-
7/1/2009 14:10,-Invalid-,-Invalid-,-Invalid-,-Invalid-,-Invalid-,-Invalid-,-Invalid-,-Invalid-,-Invalid-,-Invalid-
7/1/2009 14:20,-Invalid-,-Invalid-,-Invalid-,-Invalid-,-Invalid-,-Invalid-,-Invalid-,-Invalid-,-Invalid-,-Invalid-
7/1/2009 14:30,-Invalid-,-Invalid-,-Invalid-,-Invalid-,-Invalid-,-Invalid-,-Invalid-,-Invalid-,-Invalid-,-Invalid-
7/1/2009 14:40,-Invalid-,-Invalid-,-Invalid-,-Invalid-,-Invalid-,-Invalid-,-Invalid-,-Invalid-,-Invalid-,-Invalid-
7/1/2009 14:50,-Invalid-,-Invalid-,-Invalid-,-Invalid-,-Invalid-,-Invalid-,-Invalid-,-Invalid-,-Invalid-,-Invalid-
7/1/2009 15:00,-Invalid-,-Invalid-,-Invalid-,-Invalid-,-Invalid-,-Invalid-,-Invalid-,-Invalid-,-Invalid-,-Invalid-
7/1/2009 15:10,-Invalid-,-Invalid-,-Invalid-,-Invalid-,-Invalid-,-Invalid-,-Invalid-,-Invalid-,-Invalid-,-Invalid-
7/1/2009 15:20,-Invalid-,-Invalid-,-Invalid-,-Invalid-,-Invalid-,-Invalid-,-Invalid-,-Invalid-,-Invalid-,-Invalid-
7/1/2009 15:30,-Invalid-,-Invalid-,-Invalid-,-Invalid-,-Invalid-,-Invalid-,-Invalid-,-Invalid-,-Invalid-,-Invalid-
7/1/2009 15:40,-Invalid-,-Invalid-,-Invalid-,-Invalid-,-Invalid-,-Invalid-,-Invalid-,-Invalid-,-Invalid-,-Invalid-
7/1/2009 15:50,-Invalid-,-Invalid-,-Invalid-,-Invalid-,-Invalid-,-Invalid-,-Invalid-,-Invalid-,-Invalid-,-Invalid-
7/1/2009 16:00,-Invalid-,-Invalid-,-Invalid-,-Invalid-,-Invalid-,-Invalid-,-Invalid-,-Invalid-,-Invalid-,-Invalid-
7/1/2009 16:10,-Invalid-,-Invalid-,-Invalid-,-Invalid-,-Invalid-,-Invalid-,-Invalid-,-Invalid-,-Invalid-,-Invalid-
7/1/2009 16:20,-Invalid-,-Invalid-,-Invalid-,-Invalid-,-Invalid-,-Invalid-,-Invalid-,-Invalid-,-Invalid-,-Invalid-
7/1/2009 16:30,-Invalid-,-Invalid-,-Invalid-,-Invalid-,-Invalid-,-Invalid-,-Invalid-,-Invalid-,-Invalid-,-Invalid-
7/1/2009 16:40,-Invalid-,-Invalid-,-Invalid-,-Invalid-,-Invalid-,-Invalid-,-Invalid-,-Invalid-,-Invalid-,-Invalid-
7/1/2009 16:50,-Invalid-,-Invalid-,-Invalid-,-Invalid-,-Invalid-,-Invalid-,-Invalid-,-Invalid-,-Invalid-,-Invalid-
7/1/2009 17:00,-Invalid-,-Invalid-,-Invalid-,-Invalid-,-Invalid-,-Invalid-,-Invalid-,-Invalid-,-Invalid-,-Invalid-
7/1/2009 17:10,-Invalid-,-Invalid-,-Invalid-,-Invalid-,-Invalid-,-Invalid-,-Invalid-,-Invalid-,-Invalid-,-Invalid-
7/1/2009 17:20,-Invalid-,-Invalid-,-Invalid-,-Invalid-,-Invalid-,-Invalid-,-Invalid-,-Invalid-,-Invalid-,-Invalid-
7/1/2009 17:30,-Invalid-,-Invalid-,-Invalid-,-Invalid-,-Invalid-,-Invalid-,-Invalid-,-Invalid-,-Invalid-,-Invalid-
7/1/2009 17:40,-Invalid-,-Invalid-,-Invalid-,-Invalid-,-Invalid-,-Invalid-,-Invalid-,-Invalid-,-Invalid-,-Invalid-
7/1/2009 17:50,-Invalid-,-Invalid-,-Invalid-,-Invalid-,-Invalid-,-Invalid-,-Invalid-,-Invalid-,-Invalid-,-Invalid-
7/1/2009 18:00,-Invalid-,-Invalid-,-Invalid-,-Invalid-,-Invalid-,-Invalid-,-Invalid-,-Invalid-,-Invalid-,-Invalid-
7/1/2009 18:10,-Invalid-,-Invalid-,-Invalid-,-Invalid-,-Invalid-,-Invalid-,-Invalid-,-Invalid-,-Invalid-,-Invalid-
7/1/2009 18:20,-Invalid-,-Invalid-,-Invalid-,-Invalid-,-Invalid-,-Invalid-,-Invalid-,-Invalid-,-Invalid-,-Invalid-
7/1/2009 18:30,-Invalid-,-Invalid-,-Invalid-,-Invalid-,-Invalid-,-Invalid-,-Invalid-,-Invalid-,-Invalid-,-Invalid-
7/1/2009 18:40,-Invalid-,-Invalid-,-Invalid-,-Invalid-,-Invalid-,-Invalid-,-Invalid-,-Invalid-,-Invalid-,-Invalid-
7/1/2009 18:50,-Invalid-,-Invalid-,-Invalid-,-Invalid-,-Invalid-,-Invalid-,-Invalid-,-Invalid-,-Invalid-,-Invalid-
7/1/2009 19:00,-Invalid-,-Invalid-,-Invalid-,-Invalid-,-Invalid-,-Invalid-,-Invalid-,-Invalid-,-Invalid-,-Invalid-
7/1/2009 19:10,-Invalid-,-Invalid-,-Invalid-,-Invalid-,-Invalid-,-Invalid-,-Invalid-,-Invalid-,-Invalid-,-Invalid-
7/1/2009 19:20,-Invalid-,-Invalid-,-Invalid-,-Invalid-,-Invalid-,-Invalid-,-Invalid-,-Invalid-,-Invalid-,-Invalid-
7/1/2009 19:30,-Invalid-,-Invalid-,-Invalid-,-Invalid-,-Invalid-,-Invalid-,-Invalid-,-Invalid-,-Invalid-,-Invalid-
7/1/2009 19:40,-Invalid-,-Invalid-,-Invalid-,-Invalid-,-Invalid-,-Invalid-,-Invalid-,-Invalid-,-Invalid-,-Invalid-
7/1/2009 19:50,-Invalid-,-Invalid-,-Invalid-,-Invalid-,-Invalid-,-Invalid-,-Invalid-,-Invalid-,-Invalid-,-Invalid-
7/1/2009 20:00,-Invalid-,-Invalid-,-Invalid-,-Invalid-,-Invalid-,-Invalid-,-Invalid-,-Invalid-,-Invalid-,-Invalid-
7/1/2009 20:10,-Invalid-,-Invalid-,-Invalid-,-Invalid-,-Invalid-,-Invalid-,-Invalid-,-Invalid-,-Invalid-,-Invalid-
7/1/2009 20:20,-Invalid-,-Invalid-,-Invalid-,-Invalid-,-Invalid-,-Invalid-,-Invalid-,-Invalid-,-Invalid-,-Invalid-
7/1/2009 20:30,-Invalid-,-Invalid-,-Invalid-,-Invalid-,-Invalid-,-Invalid-,-Invalid-,-Invalid-,-Invalid-,-Invalid-
7/1/2009 20:40,-Invalid-,-Invalid-,-Invalid-,-Invalid-,-Invalid-,-Invalid-,-Invalid-,-Invalid-,-Invalid-,-Invalid-
7/1/2009 20:50,-Invalid-,-Invalid-,-Invalid-,-Invalid-,-Invalid-,-Invalid-,-Invalid-,-Invalid-,-Invalid-,-Invalid-
7/1/2009 21:00,-Invalid-,-Invalid-,-Invalid-,-Invalid-,-Invalid-,-Invalid-,-Invalid-,-Invalid-,-Invalid-,-Invalid-
7/1/2009 21:10,-Invalid-,-Invalid-,-Invalid-,-Invalid-,-Invalid-,-Invalid-,-Invalid-,-Invalid-,-Invalid-,-Invalid-
7/1/2009 21:20,-Invalid-,-Invalid-,-Invalid-,-Invalid-,-Invalid-,-Invalid-,-Invalid-,-Invalid-,-Invalid-,-Invalid-
7/1/2009 21:30,-Invalid-,-Invalid-,-Invalid-,-Invalid-,-Invalid-,-Invalid-,-Invalid-,-Invalid-,-Invalid-,-Invalid-
7/1/2009 21:40,-Invalid-,-Invalid-,-Invalid-,-Invalid-,-Invalid-,-Invalid-,-Invalid-,-Invalid-,-Invalid-,-Invalid-
7/1/2009 21:50,-Invalid-,-Invalid-,-Invalid-,-Invalid-,-Invalid-,-Invalid-,-Invalid-,-Invalid-,-Invalid-,-Invalid-
7/1/2009 22:00,-Invalid-,-Invalid-,-Invalid-,-Invalid-,-Invalid-,-Invalid-,-Invalid-,-Invalid-,-Invalid-,-Invalid-
7/1/2009 22:10,-Invalid-,-Invalid-,-Invalid-,-Invalid-,-Invalid-,-Invalid-,-Invalid-,-Invalid-,-Invalid-,-Invalid-
7/1/2009 22:20,-Invalid-,-Invalid-,-Invalid-,-Invalid-,-Invalid-,-Invalid-,-Invalid-,-Invalid-,-Invalid-,-Invalid-
7/1/2009 22:30,-Invalid-,-Invalid-,-Invalid-,-Invalid-,-Invalid-,-Invalid-,-Invalid-,-Invalid-,-Invalid-,-Invalid-
7/1/2009 22:40,-Invalid-,-Invalid-,-Invalid-,-Invalid-,-Invalid-,-Invalid-,-Invalid-,-Invalid-,-Invalid-,-Invalid-
7/1/2009 22:50,-Invalid-,-Invalid-,-Invalid-,-Invalid-,-Invalid-,-Invalid-,-Invalid-,-Invalid-,-Invalid-,-Invalid-
7/1/2009 23:00,-Invalid-,-Invalid-,-Invalid-,-Invalid-,-Invalid-,-Invalid-,-Invalid-,-Invalid-,-Invalid-,-Invalid-
7/1/2009 23:10,-Invalid-,-Invalid-,-Invalid-,-Invalid-,-Invalid-,-Invalid-,-Invalid-,-Invalid-,-Invalid-,-Invalid-
7/1/2009 23:20,-Invalid-,-Invalid-,-Invalid-,-Invalid-,-Invalid-,-Invalid-,-Invalid-,-Invalid-,-Invalid-,-Invalid-
7/1/2009 23:30,-Invalid-,-Invalid-,-Invalid-,-Invalid-,-Invalid-,-Invalid-,-Invalid-,-Invalid-,-Invalid-,-Invalid-
7/1/2009 23:40,-Invalid-,-Invalid-,-Invalid-,-Invalid-,-Invalid-,-Invalid-,-Invalid-,-Invalid-,-Invalid-,-Invalid-
7/1/2009 23:50,-Invalid-,-Invalid-,-Invalid-,-Invalid-,-Invalid-,-Invalid-,-Invalid-,-Invalid-,-Invalid-,-Invalid-
7/2/2009 0:00,-Invalid-,-Invalid-,-Invalid-,-Invalid-,-Invalid-,-Invalid-,-Invalid-,-Invalid-,-Invalid-,-Invalid-
7/2/2009 0:10,-Invalid-,-Invalid-,-Invalid-,-Invalid-,-Invalid-,-Invalid-,-Invalid-,-Invalid-,-Invalid-,-Invalid-
7/2/2009 0:20,-Invalid-,-Invalid-,-Invalid-,-Invalid-,-Invalid-,-Invalid-,-Invalid-,-Invalid-,-Invalid-,-Invalid-
7/2/2009 0:30,-Invalid-,-Invalid-,-Invalid-,-Invalid-,-Invalid-,-Invalid-,-Invalid-,-Invalid-,-Invalid-,-Invalid-
7/2/2009 0:40,-Invalid-,-Invalid-,-Invalid-,-Invalid-,-Invalid-,-Invalid-,-Invalid-,-Invalid-,-Invalid-,-Invalid-
7/2/2009 0:50,-Invalid-,-Invalid-,-Invalid-,-Invalid-,-Invalid-,-Invalid-,-Invalid-,-Invalid-,-Invalid-,-Invalid-
7/2/2009 1:00,-Invalid-,-Invalid-,-Invalid-,-Invalid-,-Invalid-,-Invalid-,-Invalid-,-Invalid-,-Invalid-,-Invalid-
7/2/2009 1:10,-Invalid-,-Invalid-,-Invalid-,-Invalid-,-Invalid-,-Invalid-,-Invalid-,-Invalid-,-Invalid-,-Invalid-
7/2/2009 1:20,-Invalid-,-Invalid-,-Invalid-,-Invalid-,-Invalid-,-Invalid-,-Invalid-,-Invalid-,-Invalid-,-Invalid-
7/2/2009 1:30,-Invalid-,-Invalid-,-Invalid-,-Invalid-,-Invalid-,-Invalid-,-Invalid-,-Invalid-,-Invalid-,-Invalid-
7/2/2009 1:40,-Invalid-,-Invalid-,-Invalid-,-Invalid-,-Invalid-,-Invalid-,-Invalid-,-Invalid-,-Invalid-,-Invalid-
7/2/2009 1:50,-Invalid-,-Invalid-,-Invalid-,-Invalid-,-Invalid-,-Invalid-,-Invalid-,-Invalid-,-Invalid-,-Invalid-
7/2/2009 2:00,-Invalid-,-Invalid-,-Invalid-,-Invalid-,-Invalid-,-Invalid-,-Invalid-,-Invalid-,-Invalid-,-Invalid-
7/2/2009 2:10,-Invalid-,-Invalid-,-Invalid-,-Invalid-,-Invalid-,-Invalid-,-Invalid-,-Invalid-,-Invalid-,-Invalid-
7/2/2009 2:20,-Invalid-,-Invalid-,-Invalid-,-Invalid-,-Invalid-,-Invalid-,-Invalid-,-Invalid-,-Invalid-,-Invalid-
7/2/2009 2:30,-Invalid-,-Invalid-,-Invalid-,-Invalid-,-Invalid-,-Invalid-,-Invalid-,-Invalid-,-Invalid-,-Invalid-
7/2/2009 2:40,-Invalid-,-Invalid-,-Invalid-,-Invalid-,-Invalid-,-Invalid-,-Invalid-,-Invalid-,-Invalid-,-Invalid-
7/2/2009 2:50,-Invalid-,-Invalid-,-Invalid-,-Invalid-,-Invalid-,-Invalid-,-Invalid-,-Invalid-,-Invalid-,-Invalid-
7/2/2009 3:00,-Invalid-,-Invalid-,-Invalid-,-Invalid-,-Invalid-,-Invalid-,-Invalid-,-Invalid-,-Invalid-,-Invalid-
7/2/2009 3:10,-Invalid-,-Invalid-,-Invalid-,-Invalid-,-Invalid-,-Invalid-,-Invalid-,-Invalid-,-Invalid-,-Invalid-
7/2/2009 3:20,-Invalid-,-Invalid-,-Invalid-,-Invalid-,-Invalid-,-Invalid-,-Invalid-,-Invalid-,-Invalid-,-Invalid-
7/2/2009 3:30,-Invalid-,-Invalid-,-Invalid-,-Invalid-,-Invalid-,-Invalid-,-Invalid-,-Invalid-,-Invalid-,-Invalid-
7/2/2009 3:40,-Invalid-,-Invalid-,-Invalid-,-Invalid-,-Invalid-,-Invalid-,-Invalid-,-Invalid-,-Invalid-,-Invalid-
7/2/2009 3:50,-Invalid-,-Invalid-,-Invalid-,-Invalid-,-Invalid-,-Invalid-,-Invalid-,-Invalid-,-Invalid-,-Invalid-
7/2/2009 4:00,-Invalid-,-Invalid-,-Invalid-,-Invalid-,-Invalid-,-Invalid-,-Invalid-,-Invalid-,-Invalid-,-Invalid-
7/2/2009 4:10,-Invalid-,-Invalid-,-Invalid-,-Invalid-,-Invalid-,-Invalid-,-Invalid-,-Invalid-,-Invalid-,-Invalid-
7/2/2009 4:20,-Invalid-,-Invalid-,-Invalid-,-Invalid-,-Invalid-,-Invalid-,-Invalid-,-Invalid-,-Invalid-,-Invalid-
7/2/2009 4:30,-Invalid-,-Invalid-,-Invalid-,-Invalid-,-Invalid-,-Invalid-,-Invalid-,-Invalid-,-Invalid-,-Invalid-
7/2/2009 4:40,-Invalid-,-Invalid-,-Invalid-,-Invalid-,-Invalid-,-Invalid-,-Invalid-,-Invalid-,-Invalid-,-Invalid-
7/2/2009 4:50,-Invalid-,-Invalid-,-Invalid-,-Invalid-,-Invalid-,-Invalid-,-Invalid-,-Invalid-,-Invalid-,-Invalid-
7/2/2009 5:00,-Invalid-,-Invalid-,-Invalid-,-Invalid-,-Invalid-,-Invalid-,-Invalid-,-Invalid-,-Invalid-,-Invalid-
7/2/2009 5:10,-Invalid-,-Invalid-,-Invalid-,-Invalid-,-Invalid-,-Invalid-,-Invalid-,-Invalid-,-Invalid-,-Invalid-
7/2/2009 5:20,-Invalid-,-Invalid-,-Invalid-,-Invalid-,-Invalid-,-Invalid-,-Invalid-,-Invalid-,-Invalid-,-Invalid-
7/2/2009 5:30,-Invalid-,-Invalid-,-Invalid-,-Invalid-,-Invalid-,-Invalid-,-Invalid-,-Invalid-,-Invalid-,-Invalid-
7/2/2009 5:40,-Invalid-,-Invalid-,-Invalid-,-Invalid-,-Invalid-,-Invalid-,-Invalid-,-Invalid-,-Invalid-,-Invalid-
7/2/2009 5:50,-Invalid-,-Invalid-,-Invalid-,-Invalid-,-Invalid-,-Invalid-,-Invalid-,-Invalid-,-Invalid-,-Invalid-
7/2/2009 6:00,-Invalid-,-Invalid-,-Invalid-,-Invalid-,-Invalid-,-Invalid-,-Invalid-,-Invalid-,-Invalid-,-Invalid-
7/2/2009 6:10,-Invalid-,-Invalid-,-Invalid-,-Invalid-,-Invalid-,-Invalid-,-Invalid-,-Invalid-,-Invalid-,-Invalid-
7/2/2009 6:20,-Invalid-,-Invalid-,-Invalid-,-Invalid-,-Invalid-,-Invalid-,-Invalid-,-Invalid-,-Invalid-,-Invalid-
7/2/2009 6:30,-Invalid-,-Invalid-,-Invalid-,-Invalid-,-Invalid-,-Invalid-,-Invalid-,-Invalid-,-Invalid-,-Invalid-
7/2/2009 6:40,-Invalid-,-Invalid-,-Invalid-,-Invalid-,-Invalid-,-Invalid-,-Invalid-,-Invalid-,-Invalid-,-Invalid-
7/2/2009 6:50,-Invalid-,-Invalid-,-Invalid-,-Invalid-,-Invalid-,-Invalid-,-Invalid-,-Invalid-,-Invalid-,-Invalid-
7/2/2009 7:00,-Invalid-,-Invalid-,-Invalid-,-Invalid-,-Invalid-,-Invalid-,-Invalid-,-Invalid-,-Invalid-,-Invalid-
7/2/2009 7:10,-Invalid-,-Invalid-,-Invalid-,-Invalid-,-Invalid-,-Invalid-,-Invalid-,-Invalid-,-Invalid-,-Invalid-
7/2/2009 7:20,-Invalid-,-Invalid-,-Invalid-,-Invalid-,-Invalid-,-Invalid-,-Invalid-,-Invalid-,-Invalid-,-Invalid-
7/2/2009 7:30,-Invalid-,-Invalid-,-Invalid-,-Invalid-,-Invalid-,-Invalid-,-Invalid-,-Invalid-,-Invalid-,-Invalid-
7/2/2009 7:40,-Invalid-,-Invalid-,-Invalid-,-Invalid-,-Invalid-,-Invalid-,-Invalid-,-Invalid-,-Invalid-,-Invalid-
7/2/2009 7:50,-Invalid-,-Invalid-,-Invalid-,-Invalid-,-Invalid-,-Invalid-,-Invalid-,-Invalid-,-Invalid-,-Invalid-
7/2/2009 8:00,-Invalid-,-Invalid-,-Invalid-,-Invalid-,-Invalid-,-Invalid-,-Invalid-,-Invalid-,-Invalid-,-Invalid-
7/2/2009 8:10,-Invalid-,-Invalid-,-Invalid-,-Invalid-,-Invalid-,-Invalid-,-Invalid-,-Invalid-,-Invalid-,-Invalid-
7/2/2009 8:20,-Invalid-,-Invalid-,-Invalid-,-Invalid-,-Invalid-,-Invalid-,-Invalid-,-Invalid-,-Invalid-,-Invalid-
7/2/2009 8:30,-Invalid-,-Invalid-,-Invalid-,-Invalid-,-Invalid-,-Invalid-,-Invalid-,-Invalid-,-Invalid-,-Invalid-
7/2/2009 8:40,-Invalid-,-Invalid-,-Invalid-,-Invalid-,-Invalid-,-Invalid-,-Invalid-,-Invalid-,-Invalid-,-Invalid-
7/2/2009 8:50,-Invalid-,-Invalid-,-Invalid-,-Invalid-,-Invalid-,-Invalid-,-Invalid-,-Invalid-,-Invalid-,-Invalid-
7/2/2009 9:00,-Invalid-,-Invalid-,-Invalid-,-Invalid-,-Invalid-,-Invalid-,-Invalid-,-Invalid-,-Invalid-,-Invalid-
7/2/2009 9:10,-Invalid-,-Invalid-,-Invalid-,-Invalid-,-Invalid-,-Invalid-,-Invalid-,-Invalid-,-Invalid-,-Invalid-
7/2/2009 9:20,-Invalid-,-Invalid-,-Invalid-,-Invalid-,-Invalid-,-Invalid-,-Invalid-,-Invalid-,-Invalid-,-Invalid-
7/2/2009 9:30,-Invalid-,-Invalid-,-Invalid-,-Invalid-,-Invalid-,-Invalid-,-Invalid-,-Invalid-,-Invalid-,-Invalid-
7/2/2009 9:40,-Invalid-,-Invalid-,-Invalid-,-Invalid-,-Invalid-,-Invalid-,-Invalid-,-Invalid-,-Invalid-,-Invalid-
7/2/2009 9:50,-Invalid-,-Invalid-,-Invalid-,-Invalid-,-Invalid-,-Invalid-,-Invalid-,-Invalid-,-Invalid-,-Invalid-
7/2/2009 10:00,-Invalid-,-Invalid-,-Invalid-,-Invalid-,-Invalid-,-Invalid-,-Invalid-,-Invalid-,-Invalid-,-Invalid-
7/2/2009 10:10,-Invalid-,-Invalid-,-Invalid-,-Invalid-,-Invalid-,-Invalid-,-Invalid-,-Invalid-,-Invalid-,-Invalid-
7/2/2009 10:20,-Invalid-,-Invalid-,-Invalid-,-Invalid-,-Invalid-,-Invalid-,-Invalid-,-Invalid-,-Invalid-,-Invalid-
7/2/2009 10:30,-Invalid-,-Invalid-,-Invalid-,-Invalid-,-Invalid-,-Invalid-,-Invalid-,-Invalid-,-Invalid-,-Invalid-
7/2/2009 10:40,-Invalid-,-Invalid-,-Invalid-,-Invalid-,-Invalid-,-Invalid-,-Invalid-,-Invalid-,-Invalid-,-Invalid-
7/2/2009 10:50,-Invalid-,-Invalid-,-Invalid-,-Invalid-,-Invalid-,-Invalid-,-Invalid-,-Invalid-,-Invalid-,-Invalid-
7/2/2009 11:00,-Invalid-,-Invalid-,-Invalid-,-Invalid-,-Invalid-,-Invalid-,-Invalid-,-Invalid-,-Invalid-,-Invalid-
7/2/2009 11:10,-Invalid-,-Invalid-,-Invalid-,-Invalid-,-Invalid-,-Invalid-,-Invalid-,-Invalid-,-Invalid-,-Invalid-
7/2/2009 11:20,-Invalid-,-Invalid-,-Invalid-,-Invalid-,-Invalid-,-Invalid-,-Invalid-,-Invalid-,-Invalid-,-Invalid-
7/2/2009 11:30,-Invalid-,-Invalid-,-Invalid-,-Invalid-,-Invalid-,-Invalid-,-Invalid-,-Invalid-,-Invalid-,-Invalid-
7/2/2009 11:40,-Invalid-,-Invalid-,-Invalid-,-Invalid-,-Invalid-,-Invalid-,-Invalid-,-Invalid-,-Invalid-,-Invalid-
7/2/2009 11:50,-Invalid-,-Invalid-,-Invalid-,-Invalid-,-Invalid-,-Invalid-,-Invalid-,-Invalid-,-Invalid-,-Invalid-
7/2/2009 12:00,-Invalid-,-Invalid-,-Invalid-,-Invalid-,-Invalid-,-Invalid-,-Invalid-,-Invalid-,-Invalid-,-Invalid-
7/2/2009 12:10,-Invalid-,-Invalid-,-Invalid-,-Invalid-,-Invalid-,-Invalid-,-Invalid-,-Invalid-,-Invalid-,-Invalid-
7/2/2009 12:20,-Invalid-,-Invalid-,-Invalid-,-Invalid-,-Invalid-,-Invalid-,-Invalid-,-Invalid-,-Invalid-,-Invalid-
7/2/2009 12:30,-Invalid-,-Invalid-,-Invalid-,-Invalid-,-Invalid-,-Invalid-,-Invalid-,-Invalid-,-Invalid-,-Invalid-
7/2/2009 12:40,-Invalid-,-Invalid-,-Invalid-,-Invalid-,-Invalid-,-Invalid-,-Invalid-,-Invalid-,-Invalid-,-Invalid-
7/2/2009 12:50,-Invalid-,-Invalid-,-Invalid-,-Invalid-,-Invalid-,-Invalid-,-Invalid-,-Invalid-,-Invalid-,-Invalid-
7/2/2009 13:00,-Invalid-,-Invalid-,-Invalid-,-Invalid-,-Invalid-,-Invalid-,-Invalid-,-Invalid-,-Invalid-,-Invalid-
7/2/2009 13:10,-Invalid-,-Invalid-,-Invalid-,-Invalid-,-Invalid-,-Invalid-,-Invalid-,-Invalid-,-Invalid-,-Invalid-
7/2/2009 13:20,-Invalid-,-Invalid-,-Invalid-,-Invalid-,-Invalid-,-Invalid-,-Invalid-,-Invalid-,-Invalid-,-Invalid-
7/2/2009 13:30,-Invalid-,-Invalid-,-Invalid-,-Invalid-,-Invalid-,-Invalid-,-Invalid-,-Invalid-,-Invalid-,-Invalid-
7/2/2009 13:40,-Invalid-,-Invalid-,-Invalid-,-Invalid-,-Invalid-,-Invalid-,-Invalid-,-Invalid-,-Invalid-,-Invalid-
7/2/2009 13:50,-Invalid-,-Invalid-,-Invalid-,-Invalid-,-Invalid-,-Invalid-,-Invalid-,-Invalid-,-Invalid-,-Invalid-
7/2/2009 14:00,-Invalid-,-Invalid-,-Invalid-,-Invalid-,-Invalid-,-Invalid-,-Invalid-,-Invalid-,-Invalid-,-Invalid-
7/2/2009 14:10,-Invalid-,-Invalid-,-Invalid-,-Invalid-,-Invalid-,-Invalid-,-Invalid-,-Invalid-,-Invalid-,-Invalid-
7/2/2009 14:20,-Invalid-,-Invalid-,-Invalid-,-Invalid-,-Invalid-,-Invalid-,-Invalid-,-Invalid-,-Invalid-,-Invalid-
7/2/2009 14:30,-Invalid-,-Invalid-,-Invalid-,-Invalid-,-Invalid-,-Invalid-,-Invalid-,-Invalid-,-Invalid-,-Invalid-
7/2/2009 14:40,-Invalid-,-Invalid-,-Invalid-,-Invalid-,-Invalid-,-Invalid-,-Invalid-,-Invalid-,-Invalid-,-Invalid-
7/2/2009 14:50,-Invalid-,-Invalid-,-Invalid-,-Invalid-,-Invalid-,-Invalid-,-Invalid-,-Invalid-,-Invalid-,-Invalid-
7/2/2009 15:00,-Invalid-,-Invalid-,-Invalid-,-Invalid-,-Invalid-,-Invalid-,-Invalid-,-Invalid-,-Invalid-,-Invalid-
7/2/2009 15:10,-Invalid-,-Invalid-,-Invalid-,-Invalid-,-Invalid-,-Invalid-,-Invalid-,-Invalid-,-Invalid-,-Invalid-
7/2/2009 15:20,-Invalid-,-Invalid-,-Invalid-,-Invalid-,-Invalid-,-Invalid-,-Invalid-,-Invalid-,-Invalid-,-Invalid-
7/2/2009 15:30,-Invalid-,-Invalid-,-Invalid-,-Invalid-,-Invalid-,-Invalid-,-Invalid-,-Invalid-,-Invalid-,-Invalid-
7/2/2009 15:40,-Invalid-,-Invalid-,-Invalid-,-Invalid-,-Invalid-,-Invalid-,-Invalid-,-Invalid-,-Invalid-,-Invalid-
7/2/2009 15:50,-Invalid-,-Invalid-,-Invalid-,-Invalid-,-Invalid-,-Invalid-,-Invalid-,-Invalid-,-Invalid-,-Invalid-
7/2/2009 16:00,-Invalid-,-Invalid-,-Invalid-,-Invalid-,-Invalid-,-Invalid-,-Invalid-,-Invalid-,-Invalid-,-Invalid-
7/2/2009 16:10,-Invalid-,-Invalid-,-Invalid-,-Invalid-,-Invalid-,-Invalid-,-Invalid-,-Invalid-,-Invalid-,-Invalid-
7/2/2009 16:20,-Invalid-,-Invalid-,-Invalid-,-Invalid-,-Invalid-,-Invalid-,-Invalid-,-Invalid-,-Invalid-,-Invalid-
7/2/2009 16:30,-Invalid-,-Invalid-,-Invalid-,-Invalid-,-Invalid-,-Invalid-,-Invalid-,-Invalid-,-Invalid-,-Invalid-
7/2/2009 16:40,-Invalid-,-Invalid-,-Invalid-,-Invalid-,-Invalid-,-Invalid-,-Invalid-,-Invalid-,-Invalid-,-Invalid-
7/2/2009 16:50,-Invalid-,-Invalid-,-Invalid-,-Invalid-,-Invalid-,-Invalid-,-Invalid-,-Invalid-,-Invalid-,-Invalid-
7/2/2009 17:00,-Invalid-,-Invalid-,-Invalid-,-Invalid-,-Invalid-,-Invalid-,-Invalid-,-Invalid-,-Invalid-,-Invalid-
7/2/2009 17:10,-Invalid-,-Invalid-,-Invalid-,-Invalid-,-Invalid-,-Invalid-,-Invalid-,-Invalid-,-Invalid-,-Invalid-
7/2/2009 17:20,-Invalid-,-Invalid-,-Invalid-,-Invalid-,-Invalid-,-Invalid-,-Invalid-,-Invalid-,-Invalid-,-Invalid-
7/2/2009 17:30,-Invalid-,-Invalid-,-Invalid-,-Invalid-,-Invalid-,-Invalid-,-Invalid-,-Invalid-,-Invalid-,-Invalid-
7/2/2009 17:40,-Invalid-,-Invalid-,-Invalid-,-Invalid-,-Invalid-,-Invalid-,-Invalid-,-Invalid-,-Invalid-,-Invalid-
7/2/2009 17:50,-Invalid-,-Invalid-,-Invalid-,-Invalid-,-Invalid-,-Invalid-,-Invalid-,-Invalid-,-Invalid-,-Invalid-
7/2/2009 18:00,-Invalid-,-Invalid-,-Invalid-,-Invalid-,-Invalid-,-Invalid-,-Invalid-,-Invalid-,-Invalid-,-Invalid-
7/2/2009 18:10,-Invalid-,-Invalid-,-Invalid-,-Invalid-,-Invalid-,-Invalid-,-Invalid-,-Invalid-,-Invalid-,-Invalid-
7/2/2009 18:20,-Invalid-,-Invalid-,-Invalid-,-Invalid-,-Invalid-,-Invalid-,-Invalid-,-Invalid-,-Invalid-,-Invalid-
7/2/2009 18:30,-Invalid-,-Invalid-,-Invalid-,-Invalid-,-Invalid-,-Invalid-,-Invalid-,-Invalid-,-Invalid-,-Invalid-
7/2/2009 18:40,-Invalid-,-Invalid-,-Invalid-,-Invalid-,-Invalid-,-Invalid-,-Invalid-,-Invalid-,-Invalid-,-Invalid-
7/2/2009 18:50,-Invalid-,-Invalid-,-Invalid-,-Invalid-,-Invalid-,-Invalid-,-Invalid-,-Invalid-,-Invalid-,-Invalid-
7/2/2009 19:00,-Invalid-,-Invalid-,-Invalid-,-Invalid-,-Invalid-,-Invalid-,-Invalid-,-Invalid-,-Invalid-,-Invalid-
7/2/2009 19:10,-Invalid-,-Invalid-,-Invalid-,-Invalid-,-Invalid-,-Invalid-,-Invalid-,-Invalid-,-Invalid-,-Invalid-
7/2/2009 19:20,-Invalid-,-Invalid-,-Invalid-,-Invalid-,-Invalid-,-Invalid-,-Invalid-,-Invalid-,-Invalid-,-Invalid-
7/2/2009 19:30,-Invalid-,-Invalid-,-Invalid-,-Invalid-,-Invalid-,-Invalid-,-Invalid-,-Invalid-,-Invalid-,-Invalid-
7/2/2009 19:40,-Invalid-,-Invalid-,-Invalid-,-Invalid-,-Invalid-,-Invalid-,-Invalid-,-Invalid-,-Invalid-,-Invalid-
7/2/2009 19:50,-Invalid-,-Invalid-,-Invalid-,-Invalid-,-Invalid-,-Invalid-,-Invalid-,-Invalid-,-Invalid-,-Invalid-
7/2/2009 20:00,-Invalid-,-Invalid-,-Invalid-,-Invalid-,-Invalid-,-Invalid-,-Invalid-,-Invalid-,-Invalid-,-Invalid-
7/2/2009 20:10,-Invalid-,-Invalid-,-Invalid-,-Invalid-,-Invalid-,-Invalid-,-Invalid-,-Invalid-,-Invalid-,-Invalid-
7/2/2009 20:20,-Invalid-,-Invalid-,-Invalid-,-Invalid-,-Invalid-,-Invalid-,-Invalid-,-Invalid-,-Invalid-,-Invalid-
7/2/2009 20:30,-Invalid-,-Invalid-,-Invalid-,-Invalid-,-Invalid-,-Invalid-,-Invalid-,-Invalid-,-Invalid-,-Invalid-
7/2/2009 20:40,-Invalid-,-Invalid-,-Invalid-,-Invalid-,-Invalid-,-Invalid-,-Invalid-,-Invalid-,-Invalid-,-Invalid-
7/2/2009 20:50,-Invalid-,-Invalid-,-Invalid-,-Invalid-,-Invalid-,-Invalid-,-Invalid-,-Invalid-,-Invalid-,-Invalid-
7/2/2009 21:00,-Invalid-,-Invalid-,-Invalid-,-Invalid-,-Invalid-,-Invalid-,-Invalid-,-Invalid-,-Invalid-,-Invalid-
7/2/2009 21:10,-Invalid-,-Invalid-,-Invalid-,-Invalid-,-Invalid-,-Invalid-,-Invalid-,-Invalid-,-Invalid-,-Invalid-
7/2/2009 21:20,-Invalid-,-Invalid-,-Invalid-,-Invalid-,-Invalid-,-Invalid-,-Invalid-,-Invalid-,-Invalid-,-Invalid-
7/2/2009 21:30,-Invalid-,-Invalid-,-Invalid-,-Invalid-,-Invalid-,-Invalid-,-Invalid-,-Invalid-,-Invalid-,-Invalid-
7/2/2009 21:40,-Invalid-,-Invalid-,-Invalid-,-Invalid-,-Invalid-,-Invalid-,-Invalid-,-Invalid-,-Invalid-,-Invalid-
7/2/2009 21:50,-Invalid-,-Invalid-,-Invalid-,-Invalid-,-Invalid-,-Invalid-,-Invalid-,-Invalid-,-Invalid-,-Invalid-
7/2/2009 22:00,-Invalid-,-Invalid-,-Invalid-,-Invalid-,-Invalid-,-Invalid-,-Invalid-,-Invalid-,-Invalid-,-Invalid-
7/2/2009 22:10,-Invalid-,-Invalid-,-Invalid-,-Invalid-,-Invalid-,-Invalid-,-Invalid-,-Invalid-,-Invalid-,-Invalid-
7/2/2009 22:20,-Invalid-,-Invalid-,-Invalid-,-Invalid-,-Invalid-,-Invalid-,-Invalid-,-Invalid-,-Invalid-,-Invalid-
7/2/2009 22:30,-Invalid-,-Invalid-,-Invalid-,-Invalid-,-Invalid-,-Invalid-,-Invalid-,-Invalid-,-Invalid-,-Invalid-
7/2/2009 22:40,-Invalid-,-Invalid-,-Invalid-,-Invalid-,-Invalid-,-Invalid-,-Invalid-,-Invalid-,-Invalid-,-Invalid-
7/2/2009 22:50,-Invalid-,-Invalid-,-Invalid-,-Invalid-,-Invalid-,-Invalid-,-Invalid-,-Invalid-,-Invalid-,-Invalid-
7/2/2009 23:00,-Invalid-,-Invalid-,-Invalid-,-Invalid-,-Invalid-,-Invalid-,-Invalid-,-Invalid-,-Invalid-,-Invalid-
7/2/2009 23:10,-Invalid-,-Invalid-,-Invalid-,-Invalid-,-Invalid-,-Invalid-,-Invalid-,-Invalid-,-Invalid-,-Invalid-
7/2/2009 23:20,-Invalid-,-Invalid-,-Invalid-,-Invalid-,-Invalid-,-Invalid-,-Invalid-,-Invalid-,-Invalid-,-Invalid-
7/2/2009 23:30,-Invalid-,-Invalid-,-Invalid-,-Invalid-,-Invalid-,-Invalid-,-Invalid-,-Invalid-,-Invalid-,-Invalid-
7/2/2009 23:40,-Invalid-,-Invalid-,-Invalid-,-Invalid-,-Invalid-,-Invalid-,-Invalid-,-Invalid-,-Invalid-,-Invalid-
7/2/2009 23:50,-Invalid-,-Invalid-,-Invalid-,-Invalid-,-Invalid-,-Invalid-,-Invalid-,-Invalid-,-Invalid-,-Invalid-
7/3/2009 0:00,-Invalid-,-Invalid-,-Invalid-,-Invalid-,-Invalid-,-Invalid-,-Invalid-,-Invalid-,-Invalid-,-Invalid-
7/3/2009 0:10,-Invalid-,-Invalid-,-Invalid-,-Invalid-,-Invalid-,-Invalid-,-Invalid-,-Invalid-,-Invalid-,-Invalid-
7/3/2009 0:20,-Invalid-,-Invalid-,-Invalid-,-Invalid-,-Invalid-,-Invalid-,-Invalid-,-Invalid-,-Invalid-,-Invalid-
7/3/2009 0:30,-Invalid-,-Invalid-,-Invalid-,-Invalid-,-Invalid-,-Invalid-,-Invalid-,-Invalid-,-Invalid-,-Invalid-
7/3/2009 0:40,-Invalid-,-Invalid-,-Invalid-,-Invalid-,-Invalid-,-Invalid-,-Invalid-,-Invalid-,-Invalid-,-Invalid-
7/3/2009 0:50,-Invalid-,-Invalid-,-Invalid-,-Invalid-,-Invalid-,-Invalid-,-Invalid-,-Invalid-,-Invalid-,-Invalid-
7/3/2009 1:00,-Invalid-,-Invalid-,-Invalid-,-Invalid-,-Invalid-,-Invalid-,-Invalid-,-Invalid-,-Invalid-,-Invalid-
7/3/2009 1:10,-Invalid-,-Invalid-,-Invalid-,-Invalid-,-Invalid-,-Invalid-,-Invalid-,-Invalid-,-Invalid-,-Invalid-
7/3/2009 1:20,-Invalid-,-Invalid-,-Invalid-,-Invalid-,-Invalid-,-Invalid-,-Invalid-,-Invalid-,-Invalid-,-Invalid-
7/3/2009 1:30,-Invalid-,-Invalid-,-Invalid-,-Invalid-,-Invalid-,-Invalid-,-Invalid-,-Invalid-,-Invalid-,-Invalid-
7/3/2009 1:40,-Invalid-,-Invalid-,-Invalid-,-Invalid-,-Invalid-,-Invalid-,-Invalid-,-Invalid-,-Invalid-,-Invalid-
7/3/2009 1:50,-Invalid-,-Invalid-,-Invalid-,-Invalid-,-Invalid-,-Invalid-,-Invalid-,-Invalid-,-Invalid-,-Invalid-
7/3/2009 2:00,-Invalid-,-Invalid-,-Invalid-,-Invalid-,-Invalid-,-Invalid-,-Invalid-,-Invalid-,-Invalid-,-Invalid-
7/3/2009 2:10,-Invalid-,-Invalid-,-Invalid-,-Invalid-,-Invalid-,-Invalid-,-Invalid-,-Invalid-,-Invalid-,-Invalid-
7/3/2009 2:20,-Invalid-,-Invalid-,-Invalid-,-Invalid-,-Invalid-,-Invalid-,-Invalid-,-Invalid-,-Invalid-,-Invalid-
7/3/2009 2:30,-Invalid-,-Invalid-,-Invalid-,-Invalid-,-Invalid-,-Invalid-,-Invalid-,-Invalid-,-Invalid-,-Invalid-
7/3/2009 2:40,-Invalid-,-Invalid-,-Invalid-,-Invalid-,-Invalid-,-Invalid-,-Invalid-,-Invalid-,-Invalid-,-Invalid-
7/3/2009 2:50,-Invalid-,-Invalid-,-Invalid-,-Invalid-,-Invalid-,-Invalid-,-Invalid-,-Invalid-,-Invalid-,-Invalid-
7/3/2009 3:00,-Invalid-,-Invalid-,-Invalid-,-Invalid-,-Invalid-,-Invalid-,-Invalid-,-Invalid-,-Invalid-,-Invalid-
7/3/2009 3:10,-Invalid-,-Invalid-,-Invalid-,-Invalid-,-Invalid-,-Invalid-,-Invalid-,-Invalid-,-Invalid-,-Invalid-
7/3/2009 3:20,-Invalid-,-Invalid-,-Invalid-,-Invalid-,-Invalid-,-Invalid-,-Invalid-,-Invalid-,-Invalid-,-Invalid-
7/3/2009 3:30,-Invalid-,-Invalid-,-Invalid-,-Invalid-,-Invalid-,-Invalid-,-Invalid-,-Invalid-,-Invalid-,-Invalid-
7/3/2009 3:40,-Invalid-,-Invalid-,-Invalid-,-Invalid-,-Invalid-,-Invalid-,-Invalid-,-Invalid-,-Invalid-,-Invalid-
7/3/2009 3:50,-Invalid-,-Invalid-,-Invalid-,-Invalid-,-Invalid-,-Invalid-,-Invalid-,-Invalid-,-Invalid-,-Invalid-
7/3/2009 4:00,-Invalid-,-Invalid-,-Invalid-,-Invalid-,-Invalid-,-Invalid-,-Invalid-,-Invalid-,-Invalid-,-Invalid-
7/3/2009 4:10,-Invalid-,-Invalid-,-Invalid-,-Invalid-,-Invalid-,-Invalid-,-Invalid-,-Invalid-,-Invalid-,-Invalid-
7/3/2009 4:20,-Invalid-,-Invalid-,-Invalid-,-Invalid-,-Invalid-,-Invalid-,-Invalid-,-Invalid-,-Invalid-,-Invalid-
7/3/2009 4:30,-Invalid-,-Invalid-,-Invalid-,-Invalid-,-Invalid-,-Invalid-,-Invalid-,-Invalid-,-Invalid-,-Invalid-
7/3/2009 4:40,-Invalid-,-Invalid-,-Invalid-,-Invalid-,-Invalid-,-Invalid-,-Invalid-,-Invalid-,-Invalid-,-Invalid-
7/3/2009 4:50,-Invalid-,-Invalid-,-Invalid-,-Invalid-,-Invalid-,-Invalid-,-Invalid-,-Invalid-,-Invalid-,-Invalid-
7/3/2009 5:00,-Invalid-,-Invalid-,-Invalid-,-Invalid-,-Invalid-,-Invalid-,-Invalid-,-Invalid-,-Invalid-,-Invalid-
7/3/2009 5:10,-Invalid-,-Invalid-,-Invalid-,-Invalid-,-Invalid-,-Invalid-,-Invalid-,-Invalid-,-Invalid-,-Invalid-
7/3/2009 5:20,-Invalid-,-Invalid-,-Invalid-,-Invalid-,-Invalid-,-Invalid-,-Invalid-,-Invalid-,-Invalid-,-Invalid-
7/3/2009 5:30,-Invalid-,-Invalid-,-Invalid-,-Invalid-,-Invalid-,-Invalid-,-Invalid-,-Invalid-,-Invalid-,-Invalid-
7/3/2009 5:40,-Invalid-,-Invalid-,-Invalid-,-Invalid-,-Invalid-,-Invalid-,-Invalid-,-Invalid-,-Invalid-,-Invalid-
7/3/2009 5:50,-Invalid-,-Invalid-,-Invalid-,-Invalid-,-Invalid-,-Invalid-,-Invalid-,-Invalid-,-Invalid-,-Invalid-
7/3/2009 6:00,-Invalid-,-Invalid-,-Invalid-,-Invalid-,-Invalid-,-Invalid-,-Invalid-,-Invalid-,-Invalid-,-Invalid-
7/3/2009 6:10,-Invalid-,-Invalid-,-Invalid-,-Invalid-,-Invalid-,-Invalid-,-Invalid-,-Invalid-,-Invalid-,-Invalid-
7/3/2009 6:20,-Invalid-,-Invalid-,-Invalid-,-Invalid-,-Invalid-,-Invalid-,-Invalid-,-Invalid-,-Invalid-,-Invalid-
7/3/2009 6:30,-Invalid-,-Invalid-,-Invalid-,-Invalid-,-Invalid-,-Invalid-,-Invalid-,-Invalid-,-Invalid-,-Invalid-
7/3/2009 6:40,-Invalid-,-Invalid-,-Invalid-,-Invalid-,-Invalid-,-Invalid-,-Invalid-,-Invalid-,-Invalid-,-Invalid-
7/3/2009 6:50,-Invalid-,-Invalid-,-Invalid-,-Invalid-,-Invalid-,-Invalid-,-Invalid-,-Invalid-,-Invalid-,-Invalid-
7/3/2009 7:00,-Invalid-,-Invalid-,-Invalid-,-Invalid-,-Invalid-,-Invalid-,-Invalid-,-Invalid-,-Invalid-,-Invalid-
7/3/2009 7:10,-Invalid-,-Invalid-,-Invalid-,-Invalid-,-Invalid-,-Invalid-,-Invalid-,-Invalid-,-Invalid-,-Invalid-
7/3/2009 7:20,-Invalid-,-Invalid-,-Invalid-,-Invalid-,-Invalid-,-Invalid-,-Invalid-,-Invalid-,-Invalid-,-Invalid-
7/3/2009 7:30,-Invalid-,-Invalid-,-Invalid-,-Invalid-,-Invalid-,-Invalid-,-Invalid-,-Invalid-,-Invalid-,-Invalid-
7/3/2009 7:40,-Invalid-,-Invalid-,-Invalid-,-Invalid-,-Invalid-,-Invalid-,-Invalid-,-Invalid-,-Invalid-,-Invalid-
7/3/2009 7:50,-Invalid-,-Invalid-,-Invalid-,-Invalid-,-Invalid-,-Invalid-,-Invalid-,-Invalid-,-Invalid-,-Invalid-
7/3/2009 8:00,-Invalid-,-Invalid-,-Invalid-,-Invalid-,-Invalid-,-Invalid-,-Invalid-,-Invalid-,-Invalid-,-Invalid-
7/3/2009 8:10,-Invalid-,-Invalid-,-Invalid-,-Invalid-,-Invalid-,-Invalid-,-Invalid-,-Invalid-,-Invalid-,-Invalid-
7/3/2009 8:20,-Invalid-,-Invalid-,-Invalid-,-Invalid-,-Invalid-,-Invalid-,-Invalid-,-Invalid-,-Invalid-,-Invalid-
7/3/2009 8:30,-Invalid-,-Invalid-,-Invalid-,-Invalid-,-Invalid-,-Invalid-,-Invalid-,-Invalid-,-Invalid-,-Invalid-
7/3/2009 8:40,-Invalid-,-Invalid-,-Invalid-,-Invalid-,-Invalid-,-Invalid-,-Invalid-,-Invalid-,-Invalid-,-Invalid-
7/3/2009 8:50,-Invalid-,-Invalid-,-Invalid-,-Invalid-,-Invalid-,-Invalid-,-Invalid-,-Invalid-,-Invalid-,-Invalid-
7/3/2009 9:00,-Invalid-,-Invalid-,-Invalid-,-Invalid-,-Invalid-,-Invalid-,-Invalid-,-Invalid-,-Invalid-,-Invalid-
7/3/2009 9:10,-Invalid-,-Invalid-,-Invalid-,-Invalid-,-Invalid-,-Invalid-,-Invalid-,-Invalid-,-Invalid-,-Invalid-
7/3/2009 9:20,-Invalid-,-Invalid-,-Invalid-,-Invalid-,-Invalid-,-Invalid-,-Invalid-,-Invalid-,-Invalid-,-Invalid-
7/3/2009 9:30,-Invalid-,-Invalid-,-Invalid-,-Invalid-,-Invalid-,-Invalid-,-Invalid-,-Invalid-,-Invalid-,-Invalid-
7/3/2009 9:40,-Invalid-,-Invalid-,-Invalid-,-Invalid-,-Invalid-,-Invalid-,-Invalid-,-Invalid-,-Invalid-,-Invalid-
7/3/2009 9:50,-Invalid-,-Invalid-,-Invalid-,-Invalid-,-Invalid-,-Invalid-,-Invalid-,-Invalid-,-Invalid-,-Invalid-
7/3/2009 10:00,-Invalid-,-Invalid-,-Invalid-,-Invalid-,-Invalid-,-Invalid-,-Invalid-,-Invalid-,-Invalid-,-Invalid-
7/3/2009 10:10,-Invalid-,-Invalid-,-Invalid-,-Invalid-,-Invalid-,-Invalid-,-Invalid-,-Invalid-,-Invalid-,-Invalid-
7/3/2009 10:20,-Invalid-,-Invalid-,-Invalid-,-Invalid-,-Invalid-,-Invalid-,-Invalid-,-Invalid-,-Invalid-,-Invalid-
7/3/2009 10:30,-Invalid-,-Invalid-,-Invalid-,-Invalid-,-Invalid-,-Invalid-,-Invalid-,-Invalid-,-Invalid-,-Invalid-
7/3/2009 10:40,-Invalid-,-Invalid-,-Invalid-,-Invalid-,-Invalid-,-Invalid-,-Invalid-,-Invalid-,-Invalid-,-Invalid-
7/3/2009 10:50,-Invalid-,-Invalid-,-Invalid-,-Invalid-,-Invalid-,-Invalid-,-Invalid-,-Invalid-,-Invalid-,-Invalid-
7/3/2009 11:00,-Invalid-,-Invalid-,-Invalid-,-Invalid-,-Invalid-,-Invalid-,-Invalid-,-Invalid-,-Invalid-,-Invalid-
7/3/2009 11:10,-Invalid-,-Invalid-,-Invalid-,-Invalid-,-Invalid-,-Invalid-,-Invalid-,-Invalid-,-Invalid-,-Invalid-
7/3/2009 11:20,-Invalid-,-Invalid-,-Invalid-,-Invalid-,-Invalid-,-Invalid-,-Invalid-,-Invalid-,-Invalid-,-Invalid-
7/3/2009 11:30,-Invalid-,-Invalid-,-Invalid-,-Invalid-,-Invalid-,-Invalid-,-Invalid-,-Invalid-,-Invalid-,-Invalid-
7/3/2009 11:40,-Invalid-,-Invalid-,-Invalid-,-Invalid-,-Invalid-,-Invalid-,-Invalid-,-Invalid-,-Invalid-,-Invalid-
7/3/2009 11:50,-Invalid-,-Invalid-,-Invalid-,-Invalid-,-Invalid-,-Invalid-,-Invalid-,-Invalid-,-Invalid-,-Invalid-
7/3/2009 12:00,-Invalid-,-Invalid-,-Invalid-,-Invalid-,-Invalid-,-Invalid-,-Invalid-,-Invalid-,-Invalid-,-Invalid-
7/3/2009 12:10,-Invalid-,-Invalid-,-Invalid-,-Invalid-,-Invalid-,-Invalid-,-Invalid-,-Invalid-,-Invalid-,-Invalid-
7/3/2009 12:20,-Invalid-,-Invalid-,-Invalid-,-Invalid-,-Invalid-,-Invalid-,-Invalid-,-Invalid-,-Invalid-,-Invalid-
7/3/2009 12:30,-Invalid-,-Invalid-,-Invalid-,-Invalid-,-Invalid-,-Invalid-,-Invalid-,-Invalid-,-Invalid-,-Invalid-
7/3/2009 12:40,-Invalid-,-Invalid-,-Invalid-,-Invalid-,-Invalid-,-Invalid-,-Invalid-,-Invalid-,-Invalid-,-Invalid-
7/3/2009 12:50,-Invalid-,-Invalid-,-Invalid-,-Invalid-,-Invalid-,-Invalid-,-Invalid-,-Invalid-,-Invalid-,-Invalid-
7/3/2009 13:00,-Invalid-,-Invalid-,-Invalid-,-Invalid-,-Invalid-,-Invalid-,-Invalid-,-Invalid-,-Invalid-,-Invalid-
7/3/2009 13:10,-Invalid-,-Invalid-,-Invalid-,-Invalid-,-Invalid-,-Invalid-,-Invalid-,-Invalid-,-Invalid-,-Invalid-
7/3/2009 13:20,-Invalid-,-Invalid-,-Invalid-,-Invalid-,-Invalid-,-Invalid-,-Invalid-,-Invalid-,-Invalid-,-Invalid-
7/3/2009 13:30,-Invalid-,-Invalid-,-Invalid-,-Invalid-,-Invalid-,-Invalid-,-Invalid-,-Invalid-,-Invalid-,-Invalid-
7/3/2009 13:40,-Invalid-,-Invalid-,-Invalid-,-Invalid-,-Invalid-,-Invalid-,-Invalid-,-Invalid-,-Invalid-,-Invalid-
7/3/2009 13:50,-Invalid-,-Invalid-,-Invalid-,-Invalid-,-Invalid-,-Invalid-,-Invalid-,-Invalid-,-Invalid-,-Invalid-
7/3/2009 14:00,-Invalid-,-Invalid-,-Invalid-,-Invalid-,-Invalid-,-Invalid-,-Invalid-,-Invalid-,-Invalid-,-Invalid-
7/3/2009 14:10,-Invalid-,-Invalid-,-Invalid-,-Invalid-,-Invalid-,-Invalid-,-Invalid-,-Invalid-,-Invalid-,-Invalid-
7/3/2009 14:20,-Invalid-,-Invalid-,-Invalid-,-Invalid-,-Invalid-,-Invalid-,-Invalid-,-Invalid-,-Invalid-,-Invalid-
7/3/2009 14:30,-Invalid-,-Invalid-,-Invalid-,-Invalid-,-Invalid-,-Invalid-,-Invalid-,-Invalid-,-Invalid-,-Invalid-
7/3/2009 14:40,-Invalid-,-Invalid-,-Invalid-,-Invalid-,-Invalid-,-Invalid-,-Invalid-,-Invalid-,-Invalid-,-Invalid-
7/3/2009 14:50,-Invalid-,-Invalid-,-Invalid-,-Invalid-,-Invalid-,-Invalid-,-Invalid-,-Invalid-,-Invalid-,-Invalid-
7/3/2009 15:00,-Invalid-,-Invalid-,-Invalid-,-Invalid-,-Invalid-,-Invalid-,-Invalid-,-Invalid-,-Invalid-,-Invalid-
7/3/2009 15:10,-Invalid-,-Invalid-,-Invalid-,-Invalid-,-Invalid-,-Invalid-,-Invalid-,-Invalid-,-Invalid-,-Invalid-
7/3/2009 15:20,-Invalid-,-Invalid-,-Invalid-,-Invalid-,-Invalid-,-Invalid-,-Invalid-,-Invalid-,-Invalid-,-Invalid-
7/3/2009 15:30,-Invalid-,-Invalid-,-Invalid-,-Invalid-,-Invalid-,-Invalid-,-Invalid-,-Invalid-,-Invalid-,-Invalid-
7/3/2009 15:40,-Invalid-,-Invalid-,-Invalid-,-Invalid-,-Invalid-,-Invalid-,-Invalid-,-Invalid-,-Invalid-,-Invalid-
7/3/2009 15:50,-Invalid-,-Invalid-,-Invalid-,-Invalid-,-Invalid-,-Invalid-,-Invalid-,-Invalid-,-Invalid-,-Invalid-
7/3/2009 16:00,-Invalid-,-Invalid-,-Invalid-,-Invalid-,-Invalid-,-Invalid-,-Invalid-,-Invalid-,-Invalid-,-Invalid-
7/3/2009 16:10,-Invalid-,-Invalid-,-Invalid-,-Invalid-,-Invalid-,-Invalid-,-Invalid-,-Invalid-,-Invalid-,-Invalid-
7/3/2009 16:20,-Invalid-,-Invalid-,-Invalid-,-Invalid-,-Invalid-,-Invalid-,-Invalid-,-Invalid-,-Invalid-,-Invalid-
7/3/2009 16:30,-Invalid-,-Invalid-,-Invalid-,-Invalid-,-Invalid-,-Invalid-,-Invalid-,-Invalid-,-Invalid-,-Invalid-
7/3/2009 16:40,-Invalid-,-Invalid-,-Invalid-,-Invalid-,-Invalid-,-Invalid-,-Invalid-,-Invalid-,-Invalid-,-Invalid-
7/3/2009 16:50,-Invalid-,-Invalid-,-Invalid-,-Invalid-,-Invalid-,-Invalid-,-Invalid-,-Invalid-,-Invalid-,-Invalid-
7/3/2009 17:00,-Invalid-,-Invalid-,-Invalid-,-Invalid-,-Invalid-,-Invalid-,-Invalid-,-Invalid-,-Invalid-,-Invalid-
7/3/2009 17:10,-Invalid-,-Invalid-,-Invalid-,-Invalid-,-Invalid-,-Invalid-,-Invalid-,-Invalid-,-Invalid-,-Invalid-
7/3/2009 17:20,-Invalid-,-Invalid-,-Invalid-,-Invalid-,-Invalid-,-Invalid-,-Invalid-,-Invalid-,-Invalid-,-Invalid-
7/3/2009 17:30,-Invalid-,-Invalid-,-Invalid-,-Invalid-,-Invalid-,-Invalid-,-Invalid-,-Invalid-,-Invalid-,-Invalid-
7/3/2009 17:40,-Invalid-,-Invalid-,-Invalid-,-Invalid-,-Invalid-,-Invalid-,-Invalid-,-Invalid-,-Invalid-,-Invalid-
7/3/2009 17:50,-Invalid-,-Invalid-,-Invalid-,-Invalid-,-Invalid-,-Invalid-,-Invalid-,-Invalid-,-Invalid-,-Invalid-
7/3/2009 18:00,-Invalid-,-Invalid-,-Invalid-,-Invalid-,-Invalid-,-Invalid-,-Invalid-,-Invalid-,-Invalid-,-Invalid-
7/3/2009 18:10,-Invalid-,-Invalid-,-Invalid-,-Invalid-,-Invalid-,-Invalid-,-Invalid-,-Invalid-,-Invalid-,-Invalid-
7/3/2009 18:20,-Invalid-,-Invalid-,-Invalid-,-Invalid-,-Invalid-,-Invalid-,-Invalid-,-Invalid-,-Invalid-,-Invalid-
7/3/2009 18:30,-Invalid-,-Invalid-,-Invalid-,-Invalid-,-Invalid-,-Invalid-,-Invalid-,-Invalid-,-Invalid-,-Invalid-
7/3/2009 18:40,-Invalid-,-Invalid-,-Invalid-,-Invalid-,-Invalid-,-Invalid-,-Invalid-,-Invalid-,-Invalid-,-Invalid-
7/3/2009 18:50,-Invalid-,-Invalid-,-Invalid-,-Invalid-,-Invalid-,-Invalid-,-Invalid-,-Invalid-,-Invalid-,-Invalid-
7/3/2009 19:00,-Invalid-,-Invalid-,-Invalid-,-Invalid-,-Invalid-,-Invalid-,-Invalid-,-Invalid-,-Invalid-,-Invalid-
7/3/2009 19:10,-Invalid-,-Invalid-,-Invalid-,-Invalid-,-Invalid-,-Invalid-,-Invalid-,-Invalid-,-Invalid-,-Invalid-
7/3/2009 19:20,-Invalid-,-Invalid-,-Invalid-,-Invalid-,-Invalid-,-Invalid-,-Invalid-,-Invalid-,-Invalid-,-Invalid-
7/3/2009 19:30,-Invalid-,-Invalid-,-Invalid-,-Invalid-,-Invalid-,-Invalid-,-Invalid-,-Invalid-,-Invalid-,-Invalid-
7/3/2009 19:40,-Invalid-,-Invalid-,-Invalid-,-Invalid-,-Invalid-,-Invalid-,-Invalid-,-Invalid-,-Invalid-,-Invalid-
7/3/2009 19:50,-Invalid-,-Invalid-,-Invalid-,-Invalid-,-Invalid-,-Invalid-,-Invalid-,-Invalid-,-Invalid-,-Invalid-
7/3/2009 20:00,-Invalid-,-Invalid-,-Invalid-,-Invalid-,-Invalid-,-Invalid-,-Invalid-,-Invalid-,-Invalid-,-Invalid-
7/3/2009 20:10,-Invalid-,-Invalid-,-Invalid-,-Invalid-,-Invalid-,-Invalid-,-Invalid-,-Invalid-,-Invalid-,-Invalid-
7/3/2009 20:20,-Invalid-,-Invalid-,-Invalid-,-Invalid-,-Invalid-,-Invalid-,-Invalid-,-Invalid-,-Invalid-,-Invalid-
7/3/2009 20:30,-Invalid-,-Invalid-,-Invalid-,-Invalid-,-Invalid-,-Invalid-,-Invalid-,-Invalid-,-Invalid-,-Invalid-
7/3/2009 20:40,-Invalid-,-Invalid-,-Invalid-,-Invalid-,-Invalid-,-Invalid-,-Invalid-,-Invalid-,-Invalid-,-Invalid-
7/3/2009 20:50,-Invalid-,-Invalid-,-Invalid-,-Invalid-,-Invalid-,-Invalid-,-Invalid-,-Invalid-,-Invalid-,-Invalid-
7/3/2009 21:00,-Invalid-,-Invalid-,-Invalid-,-Invalid-,-Invalid-,-Invalid-,-Invalid-,-Invalid-,-Invalid-,-Invalid-
7/3/2009 21:10,-Invalid-,-Invalid-,-Invalid-,-Invalid-,-Invalid-,-Invalid-,-Invalid-,-Invalid-,-Invalid-,-Invalid-
7/3/2009 21:20,-Invalid-,-Invalid-,-Invalid-,-Invalid-,-Invalid-,-Invalid-,-Invalid-,-Invalid-,-Invalid-,-Invalid-
7/3/2009 21:30,-Invalid-,-Invalid-,-Invalid-,-Invalid-,-Invalid-,-Invalid-,-Invalid-,-Invalid-,-Invalid-,-Invalid-
7/3/2009 21:40,-Invalid-,-Invalid-,-Invalid-,-Invalid-,-Invalid-,-Invalid-,-Invalid-,-Invalid-,-Invalid-,-Invalid-
7/3/2009 21:50,-Invalid-,-Invalid-,-Invalid-,-Invalid-,-Invalid-,-Invalid-,-Invalid-,-Invalid-,-Invalid-,-Invalid-
7/3/2009 22:00,-Invalid-,-Invalid-,-Invalid-,-Invalid-,-Invalid-,-Invalid-,-Invalid-,-Invalid-,-Invalid-,-Invalid-
7/3/2009 22:10,-Invalid-,-Invalid-,-Invalid-,-Invalid-,-Invalid-,-Invalid-,-Invalid-,-Invalid-,-Invalid-,-Invalid-
7/3/2009 22:20,-Invalid-,-Invalid-,-Invalid-,-Invalid-,-Invalid-,-Invalid-,-Invalid-,-Invalid-,-Invalid-,-Invalid-
7/3/2009 22:30,-Invalid-,-Invalid-,-Invalid-,-Invalid-,-Invalid-,-Invalid-,-Invalid-,-Invalid-,-Invalid-,-Invalid-
7/3/2009 22:40,-Invalid-,-Invalid-,-Invalid-,-Invalid-,-Invalid-,-Invalid-,-Invalid-,-Invalid-,-Invalid-,-Invalid-
7/3/2009 22:50,-Invalid-,-Invalid-,-Invalid-,-Invalid-,-Invalid-,-Invalid-,-Invalid-,-Invalid-,-Invalid-,-Invalid-
7/3/2009 23:00,-Invalid-,-Invalid-,-Invalid-,-Invalid-,-Invalid-,-Invalid-,-Invalid-,-Invalid-,-Invalid-,-Invalid-
7/3/2009 23:10,-Invalid-,-Invalid-,-Invalid-,-Invalid-,-Invalid-,-Invalid-,-Invalid-,-Invalid-,-Invalid-,-Invalid-
7/3/2009 23:20,-Invalid-,-Invalid-,-Invalid-,-Invalid-,-Invalid-,-Invalid-,-Invalid-,-Invalid-,-Invalid-,-Invalid-
7/3/2009 23:30,-Invalid-,-Invalid-,-Invalid-,-Invalid-,-Invalid-,-Invalid-,-Invalid-,-Invalid-,-Invalid-,-Invalid-
7/3/2009 23:40,-Invalid-,-Invalid-,-Invalid-,-Invalid-,-Invalid-,-Invalid-,-Invalid-,-Invalid-,-Invalid-,-Invalid-
7/3/2009 23:50,-Invalid-,-Invalid-,-Invalid-,-Invalid-,-Invalid-,-Invalid-,-Invalid-,-Invalid-,-Invalid-,-Invalid-
7/4/2009 0:00,-Invalid-,-Invalid-,-Invalid-,-Invalid-,-Invalid-,-Invalid-,-Invalid-,-Invalid-,-Invalid-,-Invalid-
7/4/2009 0:10,-Invalid-,-Invalid-,-Invalid-,-Invalid-,-Invalid-,-Invalid-,-Invalid-,-Invalid-,-Invalid-,-Invalid-
7/4/2009 0:20,-Invalid-,-Invalid-,-Invalid-,-Invalid-,-Invalid-,-Invalid-,-Invalid-,-Invalid-,-Invalid-,-Invalid-
7/4/2009 0:30,-Invalid-,-Invalid-,-Invalid-,-Invalid-,-Invalid-,-Invalid-,-Invalid-,-Invalid-,-Invalid-,-Invalid-
7/4/2009 0:40,-Invalid-,-Invalid-,-Invalid-,-Invalid-,-Invalid-,-Invalid-,-Invalid-,-Invalid-,-Invalid-,-Invalid-
7/4/2009 0:50,-Invalid-,-Invalid-,-Invalid-,-Invalid-,-Invalid-,-Invalid-,-Invalid-,-Invalid-,-Invalid-,-Invalid-
7/4/2009 1:00,-Invalid-,-Invalid-,-Invalid-,-Invalid-,-Invalid-,-Invalid-,-Invalid-,-Invalid-,-Invalid-,-Invalid-
7/4/2009 1:10,-Invalid-,-Invalid-,-Invalid-,-Invalid-,-Invalid-,-Invalid-,-Invalid-,-Invalid-,-Invalid-,-Invalid-
7/4/2009 1:20,-Invalid-,-Invalid-,-Invalid-,-Invalid-,-Invalid-,-Invalid-,-Invalid-,-Invalid-,-Invalid-,-Invalid-
7/4/2009 1:30,-Invalid-,-Invalid-,-Invalid-,-Invalid-,-Invalid-,-Invalid-,-Invalid-,-Invalid-,-Invalid-,-Invalid-
7/4/2009 1:40,-Invalid-,-Invalid-,-Invalid-,-Invalid-,-Invalid-,-Invalid-,-Invalid-,-Invalid-,-Invalid-,-Invalid-
7/4/2009 1:50,-Invalid-,-Invalid-,-Invalid-,-Invalid-,-Invalid-,-Invalid-,-Invalid-,-Invalid-,-Invalid-,-Invalid-
7/4/2009 2:00,-Invalid-,-Invalid-,-Invalid-,-Invalid-,-Invalid-,-Invalid-,-Invalid-,-Invalid-,-Invalid-,-Invalid-
7/4/2009 2:10,-Invalid-,-Invalid-,-Invalid-,-Invalid-,-Invalid-,-Invalid-,-Invalid-,-Invalid-,-Invalid-,-Invalid-
7/4/2009 2:20,-Invalid-,-Invalid-,-Invalid-,-Invalid-,-Invalid-,-Invalid-,-Invalid-,-Invalid-,-Invalid-,-Invalid-
7/4/2009 2:30,-Invalid-,-Invalid-,-Invalid-,-Invalid-,-Invalid-,-Invalid-,-Invalid-,-Invalid-,-Invalid-,-Invalid-
7/4/2009 2:40,-Invalid-,-Invalid-,-Invalid-,-Invalid-,-Invalid-,-Invalid-,-Invalid-,-Invalid-,-Invalid-,-Invalid-
7/4/2009 2:50,-Invalid-,-Invalid-,-Invalid-,-Invalid-,-Invalid-,-Invalid-,-Invalid-,-Invalid-,-Invalid-,-Invalid-
7/4/2009 3:00,-Invalid-,-Invalid-,-Invalid-,-Invalid-,-Invalid-,-Invalid-,-Invalid-,-Invalid-,-Invalid-,-Invalid-
7/4/2009 3:10,-Invalid-,-Invalid-,-Invalid-,-Invalid-,-Invalid-,-Invalid-,-Invalid-,-Invalid-,-Invalid-,-Invalid-
7/4/2009 3:20,-Invalid-,-Invalid-,-Invalid-,-Invalid-,-Invalid-,-Invalid-,-Invalid-,-Invalid-,-Invalid-,-Invalid-
7/4/2009 3:30,-Invalid-,-Invalid-,-Invalid-,-Invalid-,-Invalid-,-Invalid-,-Invalid-,-Invalid-,-Invalid-,-Invalid-
7/4/2009 3:40,-Invalid-,-Invalid-,-Invalid-,-Invalid-,-Invalid-,-Invalid-,-Invalid-,-Invalid-,-Invalid-,-Invalid-
7/4/2009 3:50,-Invalid-,-Invalid-,-Invalid-,-Invalid-,-Invalid-,-Invalid-,-Invalid-,-Invalid-,-Invalid-,-Invalid-
7/4/2009 4:00,-Invalid-,-Invalid-,-Invalid-,-Invalid-,-Invalid-,-Invalid-,-Invalid-,-Invalid-,-Invalid-,-Invalid-
7/4/2009 4:10,-Invalid-,-Invalid-,-Invalid-,-Invalid-,-Invalid-,-Invalid-,-Invalid-,-Invalid-,-Invalid-,-Invalid-
7/4/2009 4:20,-Invalid-,-Invalid-,-Invalid-,-Invalid-,-Invalid-,-Invalid-,-Invalid-,-Invalid-,-Invalid-,-Invalid-
7/4/2009 4:30,-Invalid-,-Invalid-,-Invalid-,-Invalid-,-Invalid-,-Invalid-,-Invalid-,-Invalid-,-Invalid-,-Invalid-
7/4/2009 4:40,-Invalid-,-Invalid-,-Invalid-,-Invalid-,-Invalid-,-Invalid-,-Invalid-,-Invalid-,-Invalid-,-Invalid-
7/4/2009 4:50,-Invalid-,-Invalid-,-Invalid-,-Invalid-,-Invalid-,-Invalid-,-Invalid-,-Invalid-,-Invalid-,-Invalid-
7/4/2009 5:00,-Invalid-,-Invalid-,-Invalid-,-Invalid-,-Invalid-,-Invalid-,-Invalid-,-Invalid-,-Invalid-,-Invalid-
7/4/2009 5:10,-Invalid-,-Invalid-,-Invalid-,-Invalid-,-Invalid-,-Invalid-,-Invalid-,-Invalid-,-Invalid-,-Invalid-
7/4/2009 5:20,-Invalid-,-Invalid-,-Invalid-,-Invalid-,-Invalid-,-Invalid-,-Invalid-,-Invalid-,-Invalid-,-Invalid-
7/4/2009 5:30,-Invalid-,-Invalid-,-Invalid-,-Invalid-,-Invalid-,-Invalid-,-Invalid-,-Invalid-,-Invalid-,-Invalid-
7/4/2009 5:40,-Invalid-,-Invalid-,-Invalid-,-Invalid-,-Invalid-,-Invalid-,-Invalid-,-Invalid-,-Invalid-,-Invalid-
7/4/2009 5:50,-Invalid-,-Invalid-,-Invalid-,-Invalid-,-Invalid-,-Invalid-,-Invalid-,-Invalid-,-Invalid-,-Invalid-
7/4/2009 6:00,-Invalid-,-Invalid-,-Invalid-,-Invalid-,-Invalid-,-Invalid-,-Invalid-,-Invalid-,-Invalid-,-Invalid-
7/4/2009 6:10,-Invalid-,-Invalid-,-Invalid-,-Invalid-,-Invalid-,-Invalid-,-Invalid-,-Invalid-,-Invalid-,-Invalid-
7/4/2009 6:20,-Invalid-,-Invalid-,-Invalid-,-Invalid-,-Invalid-,-Invalid-,-Invalid-,-Invalid-,-Invalid-,-Invalid-
7/4/2009 6:30,-Invalid-,-Invalid-,-Invalid-,-Invalid-,-Invalid-,-Invalid-,-Invalid-,-Invalid-,-Invalid-,-Invalid-
7/4/2009 6:40,-Invalid-,-Invalid-,-Invalid-,-Invalid-,-Invalid-,-Invalid-,-Invalid-,-Invalid-,-Invalid-,-Invalid-
7/4/2009 6:50,-Invalid-,-Invalid-,-Invalid-,-Invalid-,-Invalid-,-Invalid-,-Invalid-,-Invalid-,-Invalid-,-Invalid-
7/4/2009 7:00,-Invalid-,-Invalid-,-Invalid-,-Invalid-,-Invalid-,-Invalid-,-Invalid-,-Invalid-,-Invalid-,-Invalid-
7/4/2009 7:10,-Invalid-,-Invalid-,-Invalid-,-Invalid-,-Invalid-,-Invalid-,-Invalid-,-Invalid-,-Invalid-,-Invalid-
7/4/2009 7:20,-Invalid-,-Invalid-,-Invalid-,-Invalid-,-Invalid-,-Invalid-,-Invalid-,-Invalid-,-Invalid-,-Invalid-
7/4/2009 7:30,-Invalid-,-Invalid-,-Invalid-,-Invalid-,-Invalid-,-Invalid-,-Invalid-,-Invalid-,-Invalid-,-Invalid-
7/4/2009 7:40,-Invalid-,-Invalid-,-Invalid-,-Invalid-,-Invalid-,-Invalid-,-Invalid-,-Invalid-,-Invalid-,-Invalid-
7/4/2009 7:50,-Invalid-,-Invalid-,-Invalid-,-Invalid-,-Invalid-,-Invalid-,-Invalid-,-Invalid-,-Invalid-,-Invalid-
7/4/2009 8:00,-Invalid-,-Invalid-,-Invalid-,-Invalid-,-Invalid-,-Invalid-,-Invalid-,-Invalid-,-Invalid-,-Invalid-
7/4/2009 8:10,-Invalid-,-Invalid-,-Invalid-,-Invalid-,-Invalid-,-Invalid-,-Invalid-,-Invalid-,-Invalid-,-Invalid-
7/4/2009 8:20,-Invalid-,-Invalid-,-Invalid-,-Invalid-,-Invalid-,-Invalid-,-Invalid-,-Invalid-,-Invalid-,-Invalid-
7/4/2009 8:30,-Invalid-,-Invalid-,-Invalid-,-Invalid-,-Invalid-,-Invalid-,-Invalid-,-Invalid-,-Invalid-,-Invalid-
7/4/2009 8:40,-Invalid-,-Invalid-,-Invalid-,-Invalid-,-Invalid-,-Invalid-,-Invalid-,-Invalid-,-Invalid-,-Invalid-
7/4/2009 8:50,-Invalid-,-Invalid-,-Invalid-,-Invalid-,-Invalid-,-Invalid-,-Invalid-,-Invalid-,-Invalid-,-Invalid-
7/4/2009 9:00,-Invalid-,-Invalid-,-Invalid-,-Invalid-,-Invalid-,-Invalid-,-Invalid-,-Invalid-,-Invalid-,-Invalid-
7/4/2009 9:10,-Invalid-,-Invalid-,-Invalid-,-Invalid-,-Invalid-,-Invalid-,-Invalid-,-Invalid-,-Invalid-,-Invalid-
7/4/2009 9:20,-Invalid-,-Invalid-,-Invalid-,-Invalid-,-Invalid-,-Invalid-,-Invalid-,-Invalid-,-Invalid-,-Invalid-
7/4/2009 9:30,-Invalid-,-Invalid-,-Invalid-,-Invalid-,-Invalid-,-Invalid-,-Invalid-,-Invalid-,-Invalid-,-Invalid-
7/4/2009 9:40,-Invalid-,-Invalid-,-Invalid-,-Invalid-,-Invalid-,-Invalid-,-Invalid-,-Invalid-,-Invalid-,-Invalid-
7/4/2009 9:50,-Invalid-,-Invalid-,-Invalid-,-Invalid-,-Invalid-,-Invalid-,-Invalid-,-Invalid-,-Invalid-,-Invalid-
7/4/2009 10:00,-Invalid-,-Invalid-,-Invalid-,-Invalid-,-Invalid-,-Invalid-,-Invalid-,-Invalid-,-Invalid-,-Invalid-
7/4/2009 10:10,-Invalid-,-Invalid-,-Invalid-,-Invalid-,-Invalid-,-Invalid-,-Invalid-,-Invalid-,-Invalid-,-Invalid-
7/4/2009 10:20,-Invalid-,-Invalid-,-Invalid-,-Invalid-,-Invalid-,-Invalid-,-Invalid-,-Invalid-,-Invalid-,-Invalid-
7/4/2009 10:30,-Invalid-,-Invalid-,-Invalid-,-Invalid-,-Invalid-,-Invalid-,-Invalid-,-Invalid-,-Invalid-,-Invalid-
7/4/2009 10:40,-Invalid-,-Invalid-,-Invalid-,-Invalid-,-Invalid-,-Invalid-,-Invalid-,-Invalid-,-Invalid-,-Invalid-
7/4/2009 10:50,-Invalid-,-Invalid-,-Invalid-,-Invalid-,-Invalid-,-Invalid-,-Invalid-,-Invalid-,-Invalid-,-Invalid-
7/4/2009 11:00,-Invalid-,-Invalid-,-Invalid-,-Invalid-,-Invalid-,-Invalid-,-Invalid-,-Invalid-,-Invalid-,-Invalid-
7/4/2009 11:10,-Invalid-,-Invalid-,-Invalid-,-Invalid-,-Invalid-,-Invalid-,-Invalid-,-Invalid-,-Invalid-,-Invalid-
7/4/2009 11:20,-Invalid-,-Invalid-,-Invalid-,-Invalid-,-Invalid-,-Invalid-,-Invalid-,-Invalid-,-Invalid-,-Invalid-
7/4/2009 11:30,-Invalid-,-Invalid-,-Invalid-,-Invalid-,-Invalid-,-Invalid-,-Invalid-,-Invalid-,-Invalid-,-Invalid-
7/4/2009 11:40,-Invalid-,-Invalid-,-Invalid-,-Invalid-,-Invalid-,-Invalid-,-Invalid-,-Invalid-,-Invalid-,-Invalid-
7/4/2009 11:50,-Invalid-,-Invalid-,-Invalid-,-Invalid-,-Invalid-,-Invalid-,-Invalid-,-Invalid-,-Invalid-,-Invalid-
7/4/2009 12:00,-Invalid-,-Invalid-,-Invalid-,-Invalid-,-Invalid-,-Invalid-,-Invalid-,-Invalid-,-Invalid-,-Invalid-
7/4/2009 12:10,-Invalid-,-Invalid-,-Invalid-,-Invalid-,-Invalid-,-Invalid-,-Invalid-,-Invalid-,-Invalid-,-Invalid-
7/4/2009 12:20,-Invalid-,-Invalid-,-Invalid-,-Invalid-,-Invalid-,-Invalid-,-Invalid-,-Invalid-,-Invalid-,-Invalid-
7/4/2009 12:30,-Invalid-,-Invalid-,-Invalid-,-Invalid-,-Invalid-,-Invalid-,-Invalid-,-Invalid-,-Invalid-,-Invalid-
7/4/2009 12:40,-Invalid-,-Invalid-,-Invalid-,-Invalid-,-Invalid-,-Invalid-,-Invalid-,-Invalid-,-Invalid-,-Invalid-
7/4/2009 12:50,-Invalid-,-Invalid-,-Invalid-,-Invalid-,-Invalid-,-Invalid-,-Invalid-,-Invalid-,-Invalid-,-Invalid-
7/4/2009 13:00,-Invalid-,-Invalid-,-Invalid-,-Invalid-,-Invalid-,-Invalid-,-Invalid-,-Invalid-,-Invalid-,-Invalid-
7/4/2009 13:10,-Invalid-,-Invalid-,-Invalid-,-Invalid-,-Invalid-,-Invalid-,-Invalid-,-Invalid-,-Invalid-,-Invalid-
7/4/2009 13:20,-Invalid-,-Invalid-,-Invalid-,-Invalid-,-Invalid-,-Invalid-,-Invalid-,-Invalid-,-Invalid-,-Invalid-
7/4/2009 13:30,-Invalid-,-Invalid-,-Invalid-,-Invalid-,-Invalid-,-Invalid-,-Invalid-,-Invalid-,-Invalid-,-Invalid-
7/4/2009 13:40,-Invalid-,-Invalid-,-Invalid-,-Invalid-,-Invalid-,-Invalid-,-Invalid-,-Invalid-,-Invalid-,-Invalid-
7/4/2009 13:50,-Invalid-,-Invalid-,-Invalid-,-Invalid-,-Invalid-,-Invalid-,-Invalid-,-Invalid-,-Invalid-,-Invalid-
7/4/2009 14:00,-Invalid-,-Invalid-,-Invalid-,-Invalid-,-Invalid-,-Invalid-,-Invalid-,-Invalid-,-Invalid-,-Invalid-
7/4/2009 14:10,-Invalid-,-Invalid-,-Invalid-,-Invalid-,-Invalid-,-Invalid-,-Invalid-,-Invalid-,-Invalid-,-Invalid-
7/4/2009 14:20,-Invalid-,-Invalid-,-Invalid-,-Invalid-,-Invalid-,-Invalid-,-Invalid-,-Invalid-,-Invalid-,-Invalid-
7/4/2009 14:30,-Invalid-,-Invalid-,-Invalid-,-Invalid-,-Invalid-,-Invalid-,-Invalid-,-Invalid-,-Invalid-,-Invalid-
7/4/2009 14:40,-Invalid-,-Invalid-,-Invalid-,-Invalid-,-Invalid-,-Invalid-,-Invalid-,-Invalid-,-Invalid-,-Invalid-
7/4/2009 14:50,-Invalid-,-Invalid-,-Invalid-,-Invalid-,-Invalid-,-Invalid-,-Invalid-,-Invalid-,-Invalid-,-Invalid-
7/4/2009 15:00,-Invalid-,-Invalid-,-Invalid-,-Invalid-,-Invalid-,-Invalid-,-Invalid-,-Invalid-,-Invalid-,-Invalid-
7/4/2009 15:10,-Invalid-,-Invalid-,-Invalid-,-Invalid-,-Invalid-,-Invalid-,-Invalid-,-Invalid-,-Invalid-,-Invalid-
7/4/2009 15:20,-Invalid-,-Invalid-,-Invalid-,-Invalid-,-Invalid-,-Invalid-,-Invalid-,-Invalid-,-Invalid-,-Invalid-
7/4/2009 15:30,-Invalid-,-Invalid-,-Invalid-,-Invalid-,-Invalid-,-Invalid-,-Invalid-,-Invalid-,-Invalid-,-Invalid-
7/4/2009 15:40,-Invalid-,-Invalid-,-Invalid-,-Invalid-,-Invalid-,-Invalid-,-Invalid-,-Invalid-,-Invalid-,-Invalid-
7/4/2009 15:50,-Invalid-,-Invalid-,-Invalid-,-Invalid-,-Invalid-,-Invalid-,-Invalid-,-Invalid-,-Invalid-,-Invalid-
7/4/2009 16:00,-Invalid-,-Invalid-,-Invalid-,-Invalid-,-Invalid-,-Invalid-,-Invalid-,-Invalid-,-Invalid-,-Invalid-
7/4/2009 16:10,-Invalid-,-Invalid-,-Invalid-,-Invalid-,-Invalid-,-Invalid-,-Invalid-,-Invalid-,-Invalid-,-Invalid-
7/4/2009 16:20,-Invalid-,-Invalid-,-Invalid-,-Invalid-,-Invalid-,-Invalid-,-Invalid-,-Invalid-,-Invalid-,-Invalid-
7/4/2009 16:30,-Invalid-,-Invalid-,-Invalid-,-Invalid-,-Invalid-,-Invalid-,-Invalid-,-Invalid-,-Invalid-,-Invalid-
7/4/2009 16:40,-Invalid-,-Invalid-,-Invalid-,-Invalid-,-Invalid-,-Invalid-,-Invalid-,-Invalid-,-Invalid-,-Invalid-
7/4/2009 16:50,-Invalid-,-Invalid-,-Invalid-,-Invalid-,-Invalid-,-Invalid-,-Invalid-,-Invalid-,-Invalid-,-Invalid-
7/4/2009 17:00,-Invalid-,-Invalid-,-Invalid-,-Invalid-,-Invalid-,-Invalid-,-Invalid-,-Invalid-,-Invalid-,-Invalid-
7/4/2009 17:10,-Invalid-,-Invalid-,-Invalid-,-Invalid-,-Invalid-,-Invalid-,-Invalid-,-Invalid-,-Invalid-,-Invalid-
7/4/2009 17:20,-Invalid-,-Invalid-,-Invalid-,-Invalid-,-Invalid-,-Invalid-,-Invalid-,-Invalid-,-Invalid-,-Invalid-
7/4/2009 17:30,-Invalid-,-Invalid-,-Invalid-,-Invalid-,-Invalid-,-Invalid-,-Invalid-,-Invalid-,-Invalid-,-Invalid-
7/4/2009 17:40,-Invalid-,-Invalid-,-Invalid-,-Invalid-,-Invalid-,-Invalid-,-Invalid-,-Invalid-,-Invalid-,-Invalid-
7/4/2009 17:50,-Invalid-,-Invalid-,-Invalid-,-Invalid-,-Invalid-,-Invalid-,-Invalid-,-Invalid-,-Invalid-,-Invalid-
7/4/2009 18:00,-Invalid-,-Invalid-,-Invalid-,-Invalid-,-Invalid-,-Invalid-,-Invalid-,-Invalid-,-Invalid-,-Invalid-
7/4/2009 18:10,-Invalid-,-Invalid-,-Invalid-,-Invalid-,-Invalid-,-Invalid-,-Invalid-,-Invalid-,-Invalid-,-Invalid-
7/4/2009 18:20,-Invalid-,-Invalid-,-Invalid-,-Invalid-,-Invalid-,-Invalid-,-Invalid-,-Invalid-,-Invalid-,-Invalid-
7/4/2009 18:30,-Invalid-,-Invalid-,-Invalid-,-Invalid-,-Invalid-,-Invalid-,-Invalid-,-Invalid-,-Invalid-,-Invalid-
7/4/2009 18:40,-Invalid-,-Invalid-,-Invalid-,-Invalid-,-Invalid-,-Invalid-,-Invalid-,-Invalid-,-Invalid-,-Invalid-
7/4/2009 18:50,-Invalid-,-Invalid-,-Invalid-,-Invalid-,-Invalid-,-Invalid-,-Invalid-,-Invalid-,-Invalid-,-Invalid-
7/4/2009 19:00,-Invalid-,-Invalid-,-Invalid-,-Invalid-,-Invalid-,-Invalid-,-Invalid-,-Invalid-,-Invalid-,-Invalid-
7/4/2009 19:10,-Invalid-,-Invalid-,-Invalid-,-Invalid-,-Invalid-,-Invalid-,-Invalid-,-Invalid-,-Invalid-,-Invalid-
7/4/2009 19:20,-Invalid-,-Invalid-,-Invalid-,-Invalid-,-Invalid-,-Invalid-,-Invalid-,-Invalid-,-Invalid-,-Invalid-
7/4/2009 19:30,-Invalid-,-Invalid-,-Invalid-,-Invalid-,-Invalid-,-Invalid-,-Invalid-,-Invalid-,-Invalid-,-Invalid-
7/4/2009 19:40,-Invalid-,-Invalid-,-Invalid-,-Invalid-,-Invalid-,-Invalid-,-Invalid-,-Invalid-,-Invalid-,-Invalid-
7/4/2009 19:50,-Invalid-,-Invalid-,-Invalid-,-Invalid-,-Invalid-,-Invalid-,-Invalid-,-Invalid-,-Invalid-,-Invalid-
7/4/2009 20:00,-Invalid-,-Invalid-,-Invalid-,-Invalid-,-Invalid-,-Invalid-,-Invalid-,-Invalid-,-Invalid-,-Invalid-
7/4/2009 20:10,-Invalid-,-Invalid-,-Invalid-,-Invalid-,-Invalid-,-Invalid-,-Invalid-,-Invalid-,-Invalid-,-Invalid-
7/4/2009 20:20,-Invalid-,-Invalid-,-Invalid-,-Invalid-,-Invalid-,-Invalid-,-Invalid-,-Invalid-,-Invalid-,-Invalid-
7/4/2009 20:30,-Invalid-,-Invalid-,-Invalid-,-Invalid-,-Invalid-,-Invalid-,-Invalid-,-Invalid-,-Invalid-,-Invalid-
7/4/2009 20:40,-Invalid-,-Invalid-,-Invalid-,-Invalid-,-Invalid-,-Invalid-,-Invalid-,-Invalid-,-Invalid-,-Invalid-
7/4/2009 20:50,-Invalid-,-Invalid-,-Invalid-,-Invalid-,-Invalid-,-Invalid-,-Invalid-,-Invalid-,-Invalid-,-Invalid-
7/4/2009 21:00,-Invalid-,-Invalid-,-Invalid-,-Invalid-,-Invalid-,-Invalid-,-Invalid-,-Invalid-,-Invalid-,-Invalid-
7/4/2009 21:10,-Invalid-,-Invalid-,-Invalid-,-Invalid-,-Invalid-,-Invalid-,-Invalid-,-Invalid-,-Invalid-,-Invalid-
7/4/2009 21:20,-Invalid-,-Invalid-,-Invalid-,-Invalid-,-Invalid-,-Invalid-,-Invalid-,-Invalid-,-Invalid-,-Invalid-
7/4/2009 21:30,-Invalid-,-Invalid-,-Invalid-,-Invalid-,-Invalid-,-Invalid-,-Invalid-,-Invalid-,-Invalid-,-Invalid-
7/4/2009 21:40,-Invalid-,-Invalid-,-Invalid-,-Invalid-,-Invalid-,-Invalid-,-Invalid-,-Invalid-,-Invalid-,-Invalid-
7/4/2009 21:50,-Invalid-,-Invalid-,-Invalid-,-Invalid-,-Invalid-,-Invalid-,-Invalid-,-Invalid-,-Invalid-,-Invalid-
7/4/2009 22:00,-Invalid-,-Invalid-,-Invalid-,-Invalid-,-Invalid-,-Invalid-,-Invalid-,-Invalid-,-Invalid-,-Invalid-
7/4/2009 22:10,-Invalid-,-Invalid-,-Invalid-,-Invalid-,-Invalid-,-Invalid-,-Invalid-,-Invalid-,-Invalid-,-Invalid-
7/4/2009 22:20,-Invalid-,-Invalid-,-Invalid-,-Invalid-,-Invalid-,-Invalid-,-Invalid-,-Invalid-,-Invalid-,-Invalid-
7/4/2009 22:30,-Invalid-,-Invalid-,-Invalid-,-Invalid-,-Invalid-,-Invalid-,-Invalid-,-Invalid-,-Invalid-,-Invalid-
7/4/2009 22:40,-Invalid-,-Invalid-,-Invalid-,-Invalid-,-Invalid-,-Invalid-,-Invalid-,-Invalid-,-Invalid-,-Invalid-
7/4/2009 22:50,-Invalid-,-Invalid-,-Invalid-,-Invalid-,-Invalid-,-Invalid-,-Invalid-,-Invalid-,-Invalid-,-Invalid-
7/4/2009 23:00,-Invalid-,-Invalid-,-Invalid-,-Invalid-,-Invalid-,-Invalid-,-Invalid-,-Invalid-,-Invalid-,-Invalid-
7/4/2009 23:10,-Invalid-,-Invalid-,-Invalid-,-Invalid-,-Invalid-,-Invalid-,-Invalid-,-Invalid-,-Invalid-,-Invalid-
7/4/2009 23:20,-Invalid-,-Invalid-,-Invalid-,-Invalid-,-Invalid-,-Invalid-,-Invalid-,-Invalid-,-Invalid-,-Invalid-
7/4/2009 23:30,-Invalid-,-Invalid-,-Invalid-,-Invalid-,-Invalid-,-Invalid-,-Invalid-,-Invalid-,-Invalid-,-Invalid-
7/4/2009 23:40,-Invalid-,-Invalid-,-Invalid-,-Invalid-,-Invalid-,-Invalid-,-Invalid-,-Invalid-,-Invalid-,-Invalid-
7/4/2009 23:50,-Invalid-,-Invalid-,-Invalid-,-Invalid-,-Invalid-,-Invalid-,-Invalid-,-Invalid-,-Invalid-,-Invalid-
7/5/2009 0:00,-Invalid-,-Invalid-,-Invalid-,-Invalid-,-Invalid-,-Invalid-,-Invalid-,-Invalid-,-Invalid-,-Invalid-
7/5/2009 0:10,-Invalid-,-Invalid-,-Invalid-,-Invalid-,-Invalid-,-Invalid-,-Invalid-,-Invalid-,-Invalid-,-Invalid-
7/5/2009 0:20,-Invalid-,-Invalid-,-Invalid-,-Invalid-,-Invalid-,-Invalid-,-Invalid-,-Invalid-,-Invalid-,-Invalid-
7/5/2009 0:30,-Invalid-,-Invalid-,-Invalid-,-Invalid-,-Invalid-,-Invalid-,-Invalid-,-Invalid-,-Invalid-,-Invalid-
7/5/2009 0:40,-Invalid-,-Invalid-,-Invalid-,-Invalid-,-Invalid-,-Invalid-,-Invalid-,-Invalid-,-Invalid-,-Invalid-
7/5/2009 0:50,-Invalid-,-Invalid-,-Invalid-,-Invalid-,-Invalid-,-Invalid-,-Invalid-,-Invalid-,-Invalid-,-Invalid-
7/5/2009 1:00,-Invalid-,-Invalid-,-Invalid-,-Invalid-,-Invalid-,-Invalid-,-Invalid-,-Invalid-,-Invalid-,-Invalid-
7/5/2009 1:10,-Invalid-,-Invalid-,-Invalid-,-Invalid-,-Invalid-,-Invalid-,-Invalid-,-Invalid-,-Invalid-,-Invalid-
7/5/2009 1:20,-Invalid-,-Invalid-,-Invalid-,-Invalid-,-Invalid-,-Invalid-,-Invalid-,-Invalid-,-Invalid-,-Invalid-
7/5/2009 1:30,-Invalid-,-Invalid-,-Invalid-,-Invalid-,-Invalid-,-Invalid-,-Invalid-,-Invalid-,-Invalid-,-Invalid-
7/5/2009 1:40,-Invalid-,-Invalid-,-Invalid-,-Invalid-,-Invalid-,-Invalid-,-Invalid-,-Invalid-,-Invalid-,-Invalid-
7/5/2009 1:50,-Invalid-,-Invalid-,-Invalid-,-Invalid-,-Invalid-,-Invalid-,-Invalid-,-Invalid-,-Invalid-,-Invalid-
7/5/2009 2:00,-Invalid-,-Invalid-,-Invalid-,-Invalid-,-Invalid-,-Invalid-,-Invalid-,-Invalid-,-Invalid-,-Invalid-
7/5/2009 2:10,-Invalid-,-Invalid-,-Invalid-,-Invalid-,-Invalid-,-Invalid-,-Invalid-,-Invalid-,-Invalid-,-Invalid-
7/5/2009 2:20,-Invalid-,-Invalid-,-Invalid-,-Invalid-,-Invalid-,-Invalid-,-Invalid-,-Invalid-,-Invalid-,-Invalid-
7/5/2009 2:30,-Invalid-,-Invalid-,-Invalid-,-Invalid-,-Invalid-,-Invalid-,-Invalid-,-Invalid-,-Invalid-,-Invalid-
7/5/2009 2:40,-Invalid-,-Invalid-,-Invalid-,-Invalid-,-Invalid-,-Invalid-,-Invalid-,-Invalid-,-Invalid-,-Invalid-
7/5/2009 2:50,-Invalid-,-Invalid-,-Invalid-,-Invalid-,-Invalid-,-Invalid-,-Invalid-,-Invalid-,-Invalid-,-Invalid-
7/5/2009 3:00,-Invalid-,-Invalid-,-Invalid-,-Invalid-,-Invalid-,-Invalid-,-Invalid-,-Invalid-,-Invalid-,-Invalid-
7/5/2009 3:10,-Invalid-,-Invalid-,-Invalid-,-Invalid-,-Invalid-,-Invalid-,-Invalid-,-Invalid-,-Invalid-,-Invalid-
7/5/2009 3:20,-Invalid-,-Invalid-,-Invalid-,-Invalid-,-Invalid-,-Invalid-,-Invalid-,-Invalid-,-Invalid-,-Invalid-
7/5/2009 3:30,-Invalid-,-Invalid-,-Invalid-,-Invalid-,-Invalid-,-Invalid-,-Invalid-,-Invalid-,-Invalid-,-Invalid-
7/5/2009 3:40,-Invalid-,-Invalid-,-Invalid-,-Invalid-,-Invalid-,-Invalid-,-Invalid-,-Invalid-,-Invalid-,-Invalid-
7/5/2009 3:50,-Invalid-,-Invalid-,-Invalid-,-Invalid-,-Invalid-,-Invalid-,-Invalid-,-Invalid-,-Invalid-,-Invalid-
7/5/2009 4:00,-Invalid-,-Invalid-,-Invalid-,-Invalid-,-Invalid-,-Invalid-,-Invalid-,-Invalid-,-Invalid-,-Invalid-
7/5/2009 4:10,-Invalid-,-Invalid-,-Invalid-,-Invalid-,-Invalid-,-Invalid-,-Invalid-,-Invalid-,-Invalid-,-Invalid-
7/5/2009 4:20,-Invalid-,-Invalid-,-Invalid-,-Invalid-,-Invalid-,-Invalid-,-Invalid-,-Invalid-,-Invalid-,-Invalid-
7/5/2009 4:30,-Invalid-,-Invalid-,-Invalid-,-Invalid-,-Invalid-,-Invalid-,-Invalid-,-Invalid-,-Invalid-,-Invalid-
7/5/2009 4:40,-Invalid-,-Invalid-,-Invalid-,-Invalid-,-Invalid-,-Invalid-,-Invalid-,-Invalid-,-Invalid-,-Invalid-
7/5/2009 4:50,-Invalid-,-Invalid-,-Invalid-,-Invalid-,-Invalid-,-Invalid-,-Invalid-,-Invalid-,-Invalid-,-Invalid-
7/5/2009 5:00,-Invalid-,-Invalid-,-Invalid-,-Invalid-,-Invalid-,-Invalid-,-Invalid-,-Invalid-,-Invalid-,-Invalid-
7/5/2009 5:10,-Invalid-,-Invalid-,-Invalid-,-Invalid-,-Invalid-,-Invalid-,-Invalid-,-Invalid-,-Invalid-,-Invalid-
7/5/2009 5:20,-Invalid-,-Invalid-,-Invalid-,-Invalid-,-Invalid-,-Invalid-,-Invalid-,-Invalid-,-Invalid-,-Invalid-
7/5/2009 5:30,-Invalid-,-Invalid-,-Invalid-,-Invalid-,-Invalid-,-Invalid-,-Invalid-,-Invalid-,-Invalid-,-Invalid-
7/5/2009 5:40,-Invalid-,-Invalid-,-Invalid-,-Invalid-,-Invalid-,-Invalid-,-Invalid-,-Invalid-,-Invalid-,-Invalid-
7/5/2009 5:50,-Invalid-,-Invalid-,-Invalid-,-Invalid-,-Invalid-,-Invalid-,-Invalid-,-Invalid-,-Invalid-,-Invalid-
7/5/2009 6:00,-Invalid-,-Invalid-,-Invalid-,-Invalid-,-Invalid-,-Invalid-,-Invalid-,-Invalid-,-Invalid-,-Invalid-
7/5/2009 6:10,-Invalid-,-Invalid-,-Invalid-,-Invalid-,-Invalid-,-Invalid-,-Invalid-,-Invalid-,-Invalid-,-Invalid-
7/5/2009 6:20,-Invalid-,-Invalid-,-Invalid-,-Invalid-,-Invalid-,-Invalid-,-Invalid-,-Invalid-,-Invalid-,-Invalid-
7/5/2009 6:30,-Invalid-,-Invalid-,-Invalid-,-Invalid-,-Invalid-,-Invalid-,-Invalid-,-Invalid-,-Invalid-,-Invalid-
7/5/2009 6:40,-Invalid-,-Invalid-,-Invalid-,-Invalid-,-Invalid-,-Invalid-,-Invalid-,-Invalid-,-Invalid-,-Invalid-
7/5/2009 6:50,-Invalid-,-Invalid-,-Invalid-,-Invalid-,-Invalid-,-Invalid-,-Invalid-,-Invalid-,-Invalid-,-Invalid-
7/5/2009 7:00,-Invalid-,-Invalid-,-Invalid-,-Invalid-,-Invalid-,-Invalid-,-Invalid-,-Invalid-,-Invalid-,-Invalid-
7/5/2009 7:10,-Invalid-,-Invalid-,-Invalid-,-Invalid-,-Invalid-,-Invalid-,-Invalid-,-Invalid-,-Invalid-,-Invalid-
7/5/2009 7:20,-Invalid-,-Invalid-,-Invalid-,-Invalid-,-Invalid-,-Invalid-,-Invalid-,-Invalid-,-Invalid-,-Invalid-
7/5/2009 7:30,-Invalid-,-Invalid-,-Invalid-,-Invalid-,-Invalid-,-Invalid-,-Invalid-,-Invalid-,-Invalid-,-Invalid-
7/5/2009 7:40,-Invalid-,-Invalid-,-Invalid-,-Invalid-,-Invalid-,-Invalid-,-Invalid-,-Invalid-,-Invalid-,-Invalid-
7/5/2009 7:50,-Invalid-,-Invalid-,-Invalid-,-Invalid-,-Invalid-,-Invalid-,-Invalid-,-Invalid-,-Invalid-,-Invalid-
7/5/2009 8:00,-Invalid-,-Invalid-,-Invalid-,-Invalid-,-Invalid-,-Invalid-,-Invalid-,-Invalid-,-Invalid-,-Invalid-
7/5/2009 8:10,-Invalid-,-Invalid-,-Invalid-,-Invalid-,-Invalid-,-Invalid-,-Invalid-,-Invalid-,-Invalid-,-Invalid-
7/5/2009 8:20,-Invalid-,-Invalid-,-Invalid-,-Invalid-,-Invalid-,-Invalid-,-Invalid-,-Invalid-,-Invalid-,-Invalid-
7/5/2009 8:30,-Invalid-,-Invalid-,-Invalid-,-Invalid-,-Invalid-,-Invalid-,-Invalid-,-Invalid-,-Invalid-,-Invalid-
7/5/2009 8:40,-Invalid-,-Invalid-,-Invalid-,-Invalid-,-Invalid-,-Invalid-,-Invalid-,-Invalid-,-Invalid-,-Invalid-
7/5/2009 8:50,-Invalid-,-Invalid-,-Invalid-,-Invalid-,-Invalid-,-Invalid-,-Invalid-,-Invalid-,-Invalid-,-Invalid-
7/5/2009 9:00,-Invalid-,-Invalid-,-Invalid-,-Invalid-,-Invalid-,-Invalid-,-Invalid-,-Invalid-,-Invalid-,-Invalid-
7/5/2009 9:10,-Invalid-,-Invalid-,-Invalid-,-Invalid-,-Invalid-,-Invalid-,-Invalid-,-Invalid-,-Invalid-,-Invalid-
7/5/2009 9:20,-Invalid-,-Invalid-,-Invalid-,-Invalid-,-Invalid-,-Invalid-,-Invalid-,-Invalid-,-Invalid-,-Invalid-
7/5/2009 9:30,-Invalid-,-Invalid-,-Invalid-,-Invalid-,-Invalid-,-Invalid-,-Invalid-,-Invalid-,-Invalid-,-Invalid-
7/5/2009 9:40,-Invalid-,-Invalid-,-Invalid-,-Invalid-,-Invalid-,-Invalid-,-Invalid-,-Invalid-,-Invalid-,-Invalid-
7/5/2009 9:50,-Invalid-,-Invalid-,-Invalid-,-Invalid-,-Invalid-,-Invalid-,-Invalid-,-Invalid-,-Invalid-,-Invalid-
7/5/2009 10:00,-Invalid-,-Invalid-,-Invalid-,-Invalid-,-Invalid-,-Invalid-,-Invalid-,-Invalid-,-Invalid-,-Invalid-
7/5/2009 10:10,-Invalid-,-Invalid-,-Invalid-,-Invalid-,-Invalid-,-Invalid-,-Invalid-,-Invalid-,-Invalid-,-Invalid-
7/5/2009 10:20,-Invalid-,-Invalid-,-Invalid-,-Invalid-,-Invalid-,-Invalid-,-Invalid-,-Invalid-,-Invalid-,-Invalid-
7/5/2009 10:30,-Invalid-,-Invalid-,-Invalid-,-Invalid-,-Invalid-,-Invalid-,-Invalid-,-Invalid-,-Invalid-,-Invalid-
7/5/2009 10:40,-Invalid-,-Invalid-,-Invalid-,-Invalid-,-Invalid-,-Invalid-,-Invalid-,-Invalid-,-Invalid-,-Invalid-
7/5/2009 10:50,-Invalid-,-Invalid-,-Invalid-,-Invalid-,-Invalid-,-Invalid-,-Invalid-,-Invalid-,-Invalid-,-Invalid-
7/5/2009 11:00,-Invalid-,-Invalid-,-Invalid-,-Invalid-,-Invalid-,-Invalid-,-Invalid-,-Invalid-,-Invalid-,-Invalid-
7/5/2009 11:10,-Invalid-,-Invalid-,-Invalid-,-Invalid-,-Invalid-,-Invalid-,-Invalid-,-Invalid-,-Invalid-,-Invalid-
7/5/2009 11:20,-Invalid-,-Invalid-,-Invalid-,-Invalid-,-Invalid-,-Invalid-,-Invalid-,-Invalid-,-Invalid-,-Invalid-
7/5/2009 11:30,-Invalid-,-Invalid-,-Invalid-,-Invalid-,-Invalid-,-Invalid-,-Invalid-,-Invalid-,-Invalid-,-Invalid-
7/5/2009 11:40,-Invalid-,-Invalid-,-Invalid-,-Invalid-,-Invalid-,-Invalid-,-Invalid-,-Invalid-,-Invalid-,-Invalid-
7/5/2009 11:50,-Invalid-,-Invalid-,-Invalid-,-Invalid-,-Invalid-,-Invalid-,-Invalid-,-Invalid-,-Invalid-,-Invalid-
7/5/2009 12:00,-Invalid-,-Invalid-,-Invalid-,-Invalid-,-Invalid-,-Invalid-,-Invalid-,-Invalid-,-Invalid-,-Invalid-
7/5/2009 12:10,-Invalid-,-Invalid-,-Invalid-,-Invalid-,-Invalid-,-Invalid-,-Invalid-,-Invalid-,-Invalid-,-Invalid-
7/5/2009 12:20,-Invalid-,-Invalid-,-Invalid-,-Invalid-,-Invalid-,-Invalid-,-Invalid-,-Invalid-,-Invalid-,-Invalid-
7/5/2009 12:30,-Invalid-,-Invalid-,-Invalid-,-Invalid-,-Invalid-,-Invalid-,-Invalid-,-Invalid-,-Invalid-,-Invalid-
7/5/2009 12:40,-Invalid-,-Invalid-,-Invalid-,-Invalid-,-Invalid-,-Invalid-,-Invalid-,-Invalid-,-Invalid-,-Invalid-
7/5/2009 12:50,-Invalid-,-Invalid-,-Invalid-,-Invalid-,-Invalid-,-Invalid-,-Invalid-,-Invalid-,-Invalid-,-Invalid-
7/5/2009 13:00,-Invalid-,-Invalid-,-Invalid-,-Invalid-,-Invalid-,-Invalid-,-Invalid-,-Invalid-,-Invalid-,-Invalid-
7/5/2009 13:10,-Invalid-,-Invalid-,-Invalid-,-Invalid-,-Invalid-,-Invalid-,-Invalid-,-Invalid-,-Invalid-,-Invalid-
7/5/2009 13:20,-Invalid-,-Invalid-,-Invalid-,-Invalid-,-Invalid-,-Invalid-,-Invalid-,-Invalid-,-Invalid-,-Invalid-
7/5/2009 13:30,-Invalid-,-Invalid-,-Invalid-,-Invalid-,-Invalid-,-Invalid-,-Invalid-,-Invalid-,-Invalid-,-Invalid-
7/5/2009 13:40,-Invalid-,-Invalid-,-Invalid-,-Invalid-,-Invalid-,-Invalid-,-Invalid-,-Invalid-,-Invalid-,-Invalid-
7/5/2009 13:50,-Invalid-,-Invalid-,-Invalid-,-Invalid-,-Invalid-,-Invalid-,-Invalid-,-Invalid-,-Invalid-,-Invalid-
7/5/2009 14:00,-Invalid-,-Invalid-,-Invalid-,-Invalid-,-Invalid-,-Invalid-,-Invalid-,-Invalid-,-Invalid-,-Invalid-
7/5/2009 14:10,-Invalid-,-Invalid-,-Invalid-,-Invalid-,-Invalid-,-Invalid-,-Invalid-,-Invalid-,-Invalid-,-Invalid-
7/5/2009 14:20,-Invalid-,-Invalid-,-Invalid-,-Invalid-,-Invalid-,-Invalid-,-Invalid-,-Invalid-,-Invalid-,-Invalid-
7/5/2009 14:30,-Invalid-,-Invalid-,-Invalid-,-Invalid-,-Invalid-,-Invalid-,-Invalid-,-Invalid-,-Invalid-,-Invalid-
7/5/2009 14:40,-Invalid-,-Invalid-,-Invalid-,-Invalid-,-Invalid-,-Invalid-,-Invalid-,-Invalid-,-Invalid-,-Invalid-
7/5/2009 14:50,-Invalid-,-Invalid-,-Invalid-,-Invalid-,-Invalid-,-Invalid-,-Invalid-,-Invalid-,-Invalid-,-Invalid-
7/5/2009 15:00,-Invalid-,-Invalid-,-Invalid-,-Invalid-,-Invalid-,-Invalid-,-Invalid-,-Invalid-,-Invalid-,-Invalid-
7/5/2009 15:10,-Invalid-,-Invalid-,-Invalid-,-Invalid-,-Invalid-,-Invalid-,-Invalid-,-Invalid-,-Invalid-,-Invalid-
7/5/2009 15:20,-Invalid-,-Invalid-,-Invalid-,-Invalid-,-Invalid-,-Invalid-,-Invalid-,-Invalid-,-Invalid-,-Invalid-
7/5/2009 15:30,-Invalid-,-Invalid-,-Invalid-,-Invalid-,-Invalid-,-Invalid-,-Invalid-,-Invalid-,-Invalid-,-Invalid-
7/5/2009 15:40,-Invalid-,-Invalid-,-Invalid-,-Invalid-,-Invalid-,-Invalid-,-Invalid-,-Invalid-,-Invalid-,-Invalid-
7/5/2009 15:50,-Invalid-,-Invalid-,-Invalid-,-Invalid-,-Invalid-,-Invalid-,-Invalid-,-Invalid-,-Invalid-,-Invalid-
7/5/2009 16:00,-Invalid-,-Invalid-,-Invalid-,-Invalid-,-Invalid-,-Invalid-,-Invalid-,-Invalid-,-Invalid-,-Invalid-
7/5/2009 16:10,-Invalid-,-Invalid-,-Invalid-,-Invalid-,-Invalid-,-Invalid-,-Invalid-,-Invalid-,-Invalid-,-Invalid-
7/5/2009 16:20,-Invalid-,-Invalid-,-Invalid-,-Invalid-,-Invalid-,-Invalid-,-Invalid-,-Invalid-,-Invalid-,-Invalid-
7/5/2009 16:30,-Invalid-,-Invalid-,-Invalid-,-Invalid-,-Invalid-,-Invalid-,-Invalid-,-Invalid-,-Invalid-,-Invalid-
7/5/2009 16:40,-Invalid-,-Invalid-,-Invalid-,-Invalid-,-Invalid-,-Invalid-,-Invalid-,-Invalid-,-Invalid-,-Invalid-
7/5/2009 16:50,-Invalid-,-Invalid-,-Invalid-,-Invalid-,-Invalid-,-Invalid-,-Invalid-,-Invalid-,-Invalid-,-Invalid-
7/5/2009 17:00,-Invalid-,-Invalid-,-Invalid-,-Invalid-,-Invalid-,-Invalid-,-Invalid-,-Invalid-,-Invalid-,-Invalid-
7/5/2009 17:10,-Invalid-,-Invalid-,-Invalid-,-Invalid-,-Invalid-,-Invalid-,-Invalid-,-Invalid-,-Invalid-,-Invalid-
7/5/2009 17:20,-Invalid-,-Invalid-,-Invalid-,-Invalid-,-Invalid-,-Invalid-,-Invalid-,-Invalid-,-Invalid-,-Invalid-
7/5/2009 17:30,-Invalid-,-Invalid-,-Invalid-,-Invalid-,-Invalid-,-Invalid-,-Invalid-,-Invalid-,-Invalid-,-Invalid-
7/5/2009 17:40,-Invalid-,-Invalid-,-Invalid-,-Invalid-,-Invalid-,-Invalid-,-Invalid-,-Invalid-,-Invalid-,-Invalid-
7/5/2009 17:50,-Invalid-,-Invalid-,-Invalid-,-Invalid-,-Invalid-,-Invalid-,-Invalid-,-Invalid-,-Invalid-,-Invalid-
7/5/2009 18:00,-Invalid-,-Invalid-,-Invalid-,-Invalid-,-Invalid-,-Invalid-,-Invalid-,-Invalid-,-Invalid-,-Invalid-
7/5/2009 18:10,-Invalid-,-Invalid-,-Invalid-,-Invalid-,-Invalid-,-Invalid-,-Invalid-,-Invalid-,-Invalid-,-Invalid-
7/5/2009 18:20,-Invalid-,-Invalid-,-Invalid-,-Invalid-,-Invalid-,-Invalid-,-Invalid-,-Invalid-,-Invalid-,-Invalid-
7/5/2009 18:30,-Invalid-,-Invalid-,-Invalid-,-Invalid-,-Invalid-,-Invalid-,-Invalid-,-Invalid-,-Invalid-,-Invalid-
7/5/2009 18:40,-Invalid-,-Invalid-,-Invalid-,-Invalid-,-Invalid-,-Invalid-,-Invalid-,-Invalid-,-Invalid-,-Invalid-
7/5/2009 18:50,-Invalid-,-Invalid-,-Invalid-,-Invalid-,-Invalid-,-Invalid-,-Invalid-,-Invalid-,-Invalid-,-Invalid-
7/5/2009 19:00,-Invalid-,-Invalid-,-Invalid-,-Invalid-,-Invalid-,-Invalid-,-Invalid-,-Invalid-,-Invalid-,-Invalid-
7/5/2009 19:10,-Invalid-,-Invalid-,-Invalid-,-Invalid-,-Invalid-,-Invalid-,-Invalid-,-Invalid-,-Invalid-,-Invalid-
7/5/2009 19:20,-Invalid-,-Invalid-,-Invalid-,-Invalid-,-Invalid-,-Invalid-,-Invalid-,-Invalid-,-Invalid-,-Invalid-
7/5/2009 19:30,-Invalid-,-Invalid-,-Invalid-,-Invalid-,-Invalid-,-Invalid-,-Invalid-,-Invalid-,-Invalid-,-Invalid-
7/5/2009 19:40,-Invalid-,-Invalid-,-Invalid-,-Invalid-,-Invalid-,-Invalid-,-Invalid-,-Invalid-,-Invalid-,-Invalid-
7/5/2009 19:50,-Invalid-,-Invalid-,-Invalid-,-Invalid-,-Invalid-,-Invalid-,-Invalid-,-Invalid-,-Invalid-,-Invalid-
7/5/2009 20:00,-Invalid-,-Invalid-,-Invalid-,-Invalid-,-Invalid-,-Invalid-,-Invalid-,-Invalid-,-Invalid-,-Invalid-
7/5/2009 20:10,-Invalid-,-Invalid-,-Invalid-,-Invalid-,-Invalid-,-Invalid-,-Invalid-,-Invalid-,-Invalid-,-Invalid-
7/5/2009 20:20,-Invalid-,-Invalid-,-Invalid-,-Invalid-,-Invalid-,-Invalid-,-Invalid-,-Invalid-,-Invalid-,-Invalid-
7/5/2009 20:30,-Invalid-,-Invalid-,-Invalid-,-Invalid-,-Invalid-,-Invalid-,-Invalid-,-Invalid-,-Invalid-,-Invalid-
7/5/2009 20:40,-Invalid-,-Invalid-,-Invalid-,-Invalid-,-Invalid-,-Invalid-,-Invalid-,-Invalid-,-Invalid-,-Invalid-
7/5/2009 20:50,-Invalid-,-Invalid-,-Invalid-,-Invalid-,-Invalid-,-Invalid-,-Invalid-,-Invalid-,-Invalid-,-Invalid-
7/5/2009 21:00,-Invalid-,-Invalid-,-Invalid-,-Invalid-,-Invalid-,-Invalid-,-Invalid-,-Invalid-,-Invalid-,-Invalid-
7/5/2009 21:10,-Invalid-,-Invalid-,-Invalid-,-Invalid-,-Invalid-,-Invalid-,-Invalid-,-Invalid-,-Invalid-,-Invalid-
7/5/2009 21:20,-Invalid-,-Invalid-,-Invalid-,-Invalid-,-Invalid-,-Invalid-,-Invalid-,-Invalid-,-Invalid-,-Invalid-
7/5/2009 21:30,-Invalid-,-Invalid-,-Invalid-,-Invalid-,-Invalid-,-Invalid-,-Invalid-,-Invalid-,-Invalid-,-Invalid-
7/5/2009 21:40,-Invalid-,-Invalid-,-Invalid-,-Invalid-,-Invalid-,-Invalid-,-Invalid-,-Invalid-,-Invalid-,-Invalid-
7/5/2009 21:50,-Invalid-,-Invalid-,-Invalid-,-Invalid-,-Invalid-,-Invalid-,-Invalid-,-Invalid-,-Invalid-,-Invalid-
7/5/2009 22:00,-Invalid-,-Invalid-,-Invalid-,-Invalid-,-Invalid-,-Invalid-,-Invalid-,-Invalid-,-Invalid-,-Invalid-
7/5/2009 22:10,-Invalid-,-Invalid-,-Invalid-,-Invalid-,-Invalid-,-Invalid-,-Invalid-,-Invalid-,-Invalid-,-Invalid-
7/5/2009 22:20,-Invalid-,-Invalid-,-Invalid-,-Invalid-,-Invalid-,-Invalid-,-Invalid-,-Invalid-,-Invalid-,-Invalid-
7/5/2009 22:30,-Invalid-,-Invalid-,-Invalid-,-Invalid-,-Invalid-,-Invalid-,-Invalid-,-Invalid-,-Invalid-,-Invalid-
7/5/2009 22:40,-Invalid-,-Invalid-,-Invalid-,-Invalid-,-Invalid-,-Invalid-,-Invalid-,-Invalid-,-Invalid-,-Invalid-
7/5/2009 22:50,-Invalid-,-Invalid-,-Invalid-,-Invalid-,-Invalid-,-Invalid-,-Invalid-,-Invalid-,-Invalid-,-Invalid-
7/5/2009 23:00,-Invalid-,-Invalid-,-Invalid-,-Invalid-,-Invalid-,-Invalid-,-Invalid-,-Invalid-,-Invalid-,-Invalid-
7/5/2009 23:10,-Invalid-,-Invalid-,-Invalid-,-Invalid-,-Invalid-,-Invalid-,-Invalid-,-Invalid-,-Invalid-,-Invalid-
7/5/2009 23:20,-Invalid-,-Invalid-,-Invalid-,-Invalid-,-Invalid-,-Invalid-,-Invalid-,-Invalid-,-Invalid-,-Invalid-
7/5/2009 23:30,-Invalid-,-Invalid-,-Invalid-,-Invalid-,-Invalid-,-Invalid-,-Invalid-,-Invalid-,-Invalid-,-Invalid-
7/5/2009 23:40,-Invalid-,-Invalid-,-Invalid-,-Invalid-,-Invalid-,-Invalid-,-Invalid-,-Invalid-,-Invalid-,-Invalid-
7/5/2009 23:50,-Invalid-,-Invalid-,-Invalid-,-Invalid-,-Invalid-,-Invalid-,-Invalid-,-Invalid-,-Invalid-,-Invalid-
7/6/2009 0:00,-Invalid-,-Invalid-,-Invalid-,-Invalid-,-Invalid-,-Invalid-,-Invalid-,-Invalid-,-Invalid-,-Invalid-
7/6/2009 0:10,-Invalid-,-Invalid-,-Invalid-,-Invalid-,-Invalid-,-Invalid-,-Invalid-,-Invalid-,-Invalid-,-Invalid-
7/6/2009 0:20,-Invalid-,-Invalid-,-Invalid-,-Invalid-,-Invalid-,-Invalid-,-Invalid-,-Invalid-,-Invalid-,-Invalid-
7/6/2009 0:30,-Invalid-,-Invalid-,-Invalid-,-Invalid-,-Invalid-,-Invalid-,-Invalid-,-Invalid-,-Invalid-,-Invalid-
7/6/2009 0:40,-Invalid-,-Invalid-,-Invalid-,-Invalid-,-Invalid-,-Invalid-,-Invalid-,-Invalid-,-Invalid-,-Invalid-
7/6/2009 0:50,-Invalid-,-Invalid-,-Invalid-,-Invalid-,-Invalid-,-Invalid-,-Invalid-,-Invalid-,-Invalid-,-Invalid-
7/6/2009 1:00,-Invalid-,-Invalid-,-Invalid-,-Invalid-,-Invalid-,-Invalid-,-Invalid-,-Invalid-,-Invalid-,-Invalid-
7/6/2009 1:10,-Invalid-,-Invalid-,-Invalid-,-Invalid-,-Invalid-,-Invalid-,-Invalid-,-Invalid-,-Invalid-,-Invalid-
7/6/2009 1:20,-Invalid-,-Invalid-,-Invalid-,-Invalid-,-Invalid-,-Invalid-,-Invalid-,-Invalid-,-Invalid-,-Invalid-
7/6/2009 1:30,-Invalid-,-Invalid-,-Invalid-,-Invalid-,-Invalid-,-Invalid-,-Invalid-,-Invalid-,-Invalid-,-Invalid-
7/6/2009 1:40,-Invalid-,-Invalid-,-Invalid-,-Invalid-,-Invalid-,-Invalid-,-Invalid-,-Invalid-,-Invalid-,-Invalid-
7/6/2009 1:50,-Invalid-,-Invalid-,-Invalid-,-Invalid-,-Invalid-,-Invalid-,-Invalid-,-Invalid-,-Invalid-,-Invalid-
7/6/2009 2:00,-Invalid-,-Invalid-,-Invalid-,-Invalid-,-Invalid-,-Invalid-,-Invalid-,-Invalid-,-Invalid-,-Invalid-
7/6/2009 2:10,-Invalid-,-Invalid-,-Invalid-,-Invalid-,-Invalid-,-Invalid-,-Invalid-,-Invalid-,-Invalid-,-Invalid-
7/6/2009 2:20,-Invalid-,-Invalid-,-Invalid-,-Invalid-,-Invalid-,-Invalid-,-Invalid-,-Invalid-,-Invalid-,-Invalid-
7/6/2009 2:30,-Invalid-,-Invalid-,-Invalid-,-Invalid-,-Invalid-,-Invalid-,-Invalid-,-Invalid-,-Invalid-,-Invalid-
7/6/2009 2:40,-Invalid-,-Invalid-,-Invalid-,-Invalid-,-Invalid-,-Invalid-,-Invalid-,-Invalid-,-Invalid-,-Invalid-
7/6/2009 2:50,-Invalid-,-Invalid-,-Invalid-,-Invalid-,-Invalid-,-Invalid-,-Invalid-,-Invalid-,-Invalid-,-Invalid-
7/6/2009 3:00,-Invalid-,-Invalid-,-Invalid-,-Invalid-,-Invalid-,-Invalid-,-Invalid-,-Invalid-,-Invalid-,-Invalid-
7/6/2009 3:10,-Invalid-,-Invalid-,-Invalid-,-Invalid-,-Invalid-,-Invalid-,-Invalid-,-Invalid-,-Invalid-,-Invalid-
7/6/2009 3:20,-Invalid-,-Invalid-,-Invalid-,-Invalid-,-Invalid-,-Invalid-,-Invalid-,-Invalid-,-Invalid-,-Invalid-
7/6/2009 3:30,-Invalid-,-Invalid-,-Invalid-,-Invalid-,-Invalid-,-Invalid-,-Invalid-,-Invalid-,-Invalid-,-Invalid-
7/6/2009 3:40,-Invalid-,-Invalid-,-Invalid-,-Invalid-,-Invalid-,-Invalid-,-Invalid-,-Invalid-,-Invalid-,-Invalid-
7/6/2009 3:50,-Invalid-,-Invalid-,-Invalid-,-Invalid-,-Invalid-,-Invalid-,-Invalid-,-Invalid-,-Invalid-,-Invalid-
7/6/2009 4:00,-Invalid-,-Invalid-,-Invalid-,-Invalid-,-Invalid-,-Invalid-,-Invalid-,-Invalid-,-Invalid-,-Invalid-
7/6/2009 4:10,-Invalid-,-Invalid-,-Invalid-,-Invalid-,-Invalid-,-Invalid-,-Invalid-,-Invalid-,-Invalid-,-Invalid-
7/6/2009 4:20,-Invalid-,-Invalid-,-Invalid-,-Invalid-,-Invalid-,-Invalid-,-Invalid-,-Invalid-,-Invalid-,-Invalid-
7/6/2009 4:30,-Invalid-,-Invalid-,-Invalid-,-Invalid-,-Invalid-,-Invalid-,-Invalid-,-Invalid-,-Invalid-,-Invalid-
7/6/2009 4:40,-Invalid-,-Invalid-,-Invalid-,-Invalid-,-Invalid-,-Invalid-,-Invalid-,-Invalid-,-Invalid-,-Invalid-
7/6/2009 4:50,-Invalid-,-Invalid-,-Invalid-,-Invalid-,-Invalid-,-Invalid-,-Invalid-,-Invalid-,-Invalid-,-Invalid-
7/6/2009 5:00,-Invalid-,-Invalid-,-Invalid-,-Invalid-,-Invalid-,-Invalid-,-Invalid-,-Invalid-,-Invalid-,-Invalid-
7/6/2009 5:10,-Invalid-,-Invalid-,-Invalid-,-Invalid-,-Invalid-,-Invalid-,-Invalid-,-Invalid-,-Invalid-,-Invalid-
7/6/2009 5:20,-Invalid-,-Invalid-,-Invalid-,-Invalid-,-Invalid-,-Invalid-,-Invalid-,-Invalid-,-Invalid-,-Invalid-
7/6/2009 5:30,-Invalid-,-Invalid-,-Invalid-,-Invalid-,-Invalid-,-Invalid-,-Invalid-,-Invalid-,-Invalid-,-Invalid-
7/6/2009 5:40,-Invalid-,-Invalid-,-Invalid-,-Invalid-,-Invalid-,-Invalid-,-Invalid-,-Invalid-,-Invalid-,-Invalid-
7/6/2009 5:50,-Invalid-,-Invalid-,-Invalid-,-Invalid-,-Invalid-,-Invalid-,-Invalid-,-Invalid-,-Invalid-,-Invalid-
7/6/2009 6:00,-Invalid-,-Invalid-,-Invalid-,-Invalid-,-Invalid-,-Invalid-,-Invalid-,-Invalid-,-Invalid-,-Invalid-
7/6/2009 6:10,-Invalid-,-Invalid-,-Invalid-,-Invalid-,-Invalid-,-Invalid-,-Invalid-,-Invalid-,-Invalid-,-Invalid-
7/6/2009 6:20,-Invalid-,-Invalid-,-Invalid-,-Invalid-,-Invalid-,-Invalid-,-Invalid-,-Invalid-,-Invalid-,-Invalid-
7/6/2009 6:30,-Invalid-,-Invalid-,-Invalid-,-Invalid-,-Invalid-,-Invalid-,-Invalid-,-Invalid-,-Invalid-,-Invalid-
7/6/2009 6:40,-Invalid-,-Invalid-,-Invalid-,-Invalid-,-Invalid-,-Invalid-,-Invalid-,-Invalid-,-Invalid-,-Invalid-
7/6/2009 6:50,-Invalid-,-Invalid-,-Invalid-,-Invalid-,-Invalid-,-Invalid-,-Invalid-,-Invalid-,-Invalid-,-Invalid-
7/6/2009 7:00,-Invalid-,-Invalid-,-Invalid-,-Invalid-,-Invalid-,-Invalid-,-Invalid-,-Invalid-,-Invalid-,-Invalid-
7/6/2009 7:10,-Invalid-,-Invalid-,-Invalid-,-Invalid-,-Invalid-,-Invalid-,-Invalid-,-Invalid-,-Invalid-,-Invalid-
7/6/2009 7:20,-Invalid-,-Invalid-,-Invalid-,-Invalid-,-Invalid-,-Invalid-,-Invalid-,-Invalid-,-Invalid-,-Invalid-
7/6/2009 7:30,-Invalid-,-Invalid-,-Invalid-,-Invalid-,-Invalid-,-Invalid-,-Invalid-,-Invalid-,-Invalid-,-Invalid-
7/6/2009 7:40,-Invalid-,-Invalid-,-Invalid-,-Invalid-,-Invalid-,-Invalid-,-Invalid-,-Invalid-,-Invalid-,-Invalid-
7/6/2009 7:50,-Invalid-,-Invalid-,-Invalid-,-Invalid-,-Invalid-,-Invalid-,-Invalid-,-Invalid-,-Invalid-,-Invalid-
7/6/2009 8:00,-Invalid-,-Invalid-,-Invalid-,-Invalid-,-Invalid-,-Invalid-,-Invalid-,-Invalid-,-Invalid-,-Invalid-
7/6/2009 8:10,-Invalid-,-Invalid-,-Invalid-,-Invalid-,-Invalid-,-Invalid-,-Invalid-,-Invalid-,-Invalid-,-Invalid-
7/6/2009 8:20,-Invalid-,-Invalid-,-Invalid-,-Invalid-,-Invalid-,-Invalid-,-Invalid-,-Invalid-,-Invalid-,-Invalid-
7/6/2009 8:30,-Invalid-,-Invalid-,-Invalid-,-Invalid-,-Invalid-,-Invalid-,-Invalid-,-Invalid-,-Invalid-,-Invalid-
7/6/2009 8:40,-Invalid-,-Invalid-,-Invalid-,-Invalid-,-Invalid-,-Invalid-,-Invalid-,-Invalid-,-Invalid-,-Invalid-
7/6/2009 8:50,-Invalid-,-Invalid-,-Invalid-,-Invalid-,-Invalid-,-Invalid-,-Invalid-,-Invalid-,-Invalid-,-Invalid-
7/6/2009 9:00,-Invalid-,-Invalid-,-Invalid-,-Invalid-,-Invalid-,-Invalid-,-Invalid-,-Invalid-,-Invalid-,-Invalid-
7/6/2009 9:10,-Invalid-,-Invalid-,-Invalid-,-Invalid-,-Invalid-,-Invalid-,-Invalid-,-Invalid-,-Invalid-,-Invalid-
7/6/2009 9:20,-Invalid-,-Invalid-,-Invalid-,-Invalid-,-Invalid-,-Invalid-,-Invalid-,-Invalid-,-Invalid-,-Invalid-
7/6/2009 9:30,-Invalid-,-Invalid-,-Invalid-,-Invalid-,-Invalid-,-Invalid-,-Invalid-,-Invalid-,-Invalid-,-Invalid-
7/6/2009 9:40,-Invalid-,-Invalid-,-Invalid-,-Invalid-,-Invalid-,-Invalid-,-Invalid-,-Invalid-,-Invalid-,-Invalid-
7/6/2009 9:50,-Invalid-,-Invalid-,-Invalid-,-Invalid-,-Invalid-,-Invalid-,-Invalid-,-Invalid-,-Invalid-,-Invalid-
7/6/2009 10:00,-Invalid-,-Invalid-,-Invalid-,-Invalid-,-Invalid-,-Invalid-,-Invalid-,-Invalid-,-Invalid-,-Invalid-
7/6/2009 10:10,-Invalid-,-Invalid-,-Invalid-,-Invalid-,-Invalid-,-Invalid-,-Invalid-,-Invalid-,-Invalid-,-Invalid-
7/6/2009 10:20,-Invalid-,-Invalid-,-Invalid-,-Invalid-,-Invalid-,-Invalid-,-Invalid-,-Invalid-,-Invalid-,-Invalid-
7/6/2009 10:30,-Invalid-,-Invalid-,-Invalid-,-Invalid-,-Invalid-,-Invalid-,-Invalid-,-Invalid-,-Invalid-,-Invalid-
7/6/2009 10:40,-Invalid-,-Invalid-,-Invalid-,-Invalid-,-Invalid-,-Invalid-,-Invalid-,-Invalid-,-Invalid-,-Invalid-
7/6/2009 10:50,-Invalid-,-Invalid-,-Invalid-,-Invalid-,-Invalid-,-Invalid-,-Invalid-,-Invalid-,-Invalid-,-Invalid-
7/6/2009 11:00,-Invalid-,-Invalid-,-Invalid-,-Invalid-,-Invalid-,-Invalid-,-Invalid-,-Invalid-,-Invalid-,-Invalid-
7/6/2009 11:10,-Invalid-,-Invalid-,-Invalid-,-Invalid-,-Invalid-,-Invalid-,-Invalid-,-Invalid-,-Invalid-,-Invalid-
7/6/2009 11:20,-Invalid-,-Invalid-,-Invalid-,-Invalid-,-Invalid-,-Invalid-,-Invalid-,-Invalid-,-Invalid-,-Invalid-
7/6/2009 11:30,-Invalid-,-Invalid-,-Invalid-,-Invalid-,-Invalid-,-Invalid-,-Invalid-,-Invalid-,-Invalid-,-Invalid-
7/6/2009 11:40,-Invalid-,-Invalid-,-Invalid-,-Invalid-,-Invalid-,-Invalid-,-Invalid-,-Invalid-,-Invalid-,-Invalid-
7/6/2009 11:50,-Invalid-,-Invalid-,-Invalid-,-Invalid-,-Invalid-,-Invalid-,-Invalid-,-Invalid-,-Invalid-,-Invalid-
7/6/2009 12:00,-Invalid-,-Invalid-,-Invalid-,-Invalid-,-Invalid-,-Invalid-,-Invalid-,-Invalid-,-Invalid-,-Invalid-
7/6/2009 12:10,-Invalid-,-Invalid-,-Invalid-,-Invalid-,-Invalid-,-Invalid-,-Invalid-,-Invalid-,-Invalid-,-Invalid-
7/6/2009 12:20,-Invalid-,-Invalid-,-Invalid-,-Invalid-,-Invalid-,-Invalid-,-Invalid-,-Invalid-,-Invalid-,-Invalid-
7/6/2009 12:30,-Invalid-,-Invalid-,-Invalid-,-Invalid-,-Invalid-,-Invalid-,-Invalid-,-Invalid-,-Invalid-,-Invalid-
7/6/2009 12:40,-Invalid-,-Invalid-,-Invalid-,-Invalid-,-Invalid-,-Invalid-,-Invalid-,-Invalid-,-Invalid-,-Invalid-
7/6/2009 12:50,-Invalid-,-Invalid-,-Invalid-,-Invalid-,-Invalid-,-Invalid-,-Invalid-,-Invalid-,-Invalid-,-Invalid-
7/6/2009 13:00,-Invalid-,-Invalid-,-Invalid-,-Invalid-,-Invalid-,-Invalid-,-Invalid-,-Invalid-,-Invalid-,-Invalid-
7/6/2009 13:10,-Invalid-,-Invalid-,-Invalid-,-Invalid-,-Invalid-,-Invalid-,-Invalid-,-Invalid-,-Invalid-,-Invalid-
7/6/2009 13:20,-Invalid-,-Invalid-,-Invalid-,-Invalid-,-Invalid-,-Invalid-,-Invalid-,-Invalid-,-Invalid-,-Invalid-
7/6/2009 13:30,-Invalid-,-Invalid-,-Invalid-,-Invalid-,-Invalid-,-Invalid-,-Invalid-,-Invalid-,-Invalid-,-Invalid-
7/6/2009 13:40,-Invalid-,-Invalid-,-Invalid-,-Invalid-,-Invalid-,-Invalid-,-Invalid-,-Invalid-,-Invalid-,-Invalid-
7/6/2009 13:50,-Invalid-,-Invalid-,-Invalid-,-Invalid-,-Invalid-,-Invalid-,-Invalid-,-Invalid-,-Invalid-,-Invalid-
7/6/2009 14:00,-Invalid-,-Invalid-,-Invalid-,-Invalid-,-Invalid-,-Invalid-,-Invalid-,-Invalid-,-Invalid-,-Invalid-
7/6/2009 14:10,-Invalid-,-Invalid-,-Invalid-,-Invalid-,-Invalid-,-Invalid-,-Invalid-,-Invalid-,-Invalid-,-Invalid-
7/6/2009 14:20,-Invalid-,-Invalid-,-Invalid-,-Invalid-,-Invalid-,-Invalid-,-Invalid-,-Invalid-,-Invalid-,-Invalid-
7/6/2009 14:30,-Invalid-,-Invalid-,-Invalid-,-Invalid-,-Invalid-,-Invalid-,-Invalid-,-Invalid-,-Invalid-,-Invalid-
7/6/2009 14:40,-Invalid-,-Invalid-,-Invalid-,-Invalid-,-Invalid-,-Invalid-,-Invalid-,-Invalid-,-Invalid-,-Invalid-
7/6/2009 14:50,-Invalid-,-Invalid-,-Invalid-,-Invalid-,-Invalid-,-Invalid-,-Invalid-,-Invalid-,-Invalid-,-Invalid-
7/6/2009 15:00,-Invalid-,-Invalid-,-Invalid-,-Invalid-,-Invalid-,-Invalid-,-Invalid-,-Invalid-,-Invalid-,-Invalid-
7/6/2009 15:10,-Invalid-,-Invalid-,-Invalid-,-Invalid-,-Invalid-,-Invalid-,-Invalid-,-Invalid-,-Invalid-,-Invalid-
7/6/2009 15:20,-Invalid-,-Invalid-,-Invalid-,-Invalid-,-Invalid-,-Invalid-,-Invalid-,-Invalid-,-Invalid-,-Invalid-
7/6/2009 15:30,-Invalid-,-Invalid-,-Invalid-,-Invalid-,-Invalid-,-Invalid-,-Invalid-,-Invalid-,-Invalid-,-Invalid-
7/6/2009 15:40,-Invalid-,-Invalid-,-Invalid-,-Invalid-,-Invalid-,-Invalid-,-Invalid-,-Invalid-,-Invalid-,-Invalid-
7/6/2009 15:50,-Invalid-,-Invalid-,-Invalid-,-Invalid-,-Invalid-,-Invalid-,-Invalid-,-Invalid-,-Invalid-,-Invalid-
7/6/2009 16:00,-Invalid-,-Invalid-,-Invalid-,-Invalid-,-Invalid-,-Invalid-,-Invalid-,-Invalid-,-Invalid-,-Invalid-
7/6/2009 16:10,-Invalid-,-Invalid-,-Invalid-,-Invalid-,-Invalid-,-Invalid-,-Invalid-,-Invalid-,-Invalid-,-Invalid-
7/6/2009 16:20,-Invalid-,-Invalid-,-Invalid-,-Invalid-,-Invalid-,-Invalid-,-Invalid-,-Invalid-,-Invalid-,-Invalid-
7/6/2009 16:30,-Invalid-,-Invalid-,-Invalid-,-Invalid-,-Invalid-,-Invalid-,-Invalid-,-Invalid-,-Invalid-,-Invalid-
7/6/2009 16:40,-Invalid-,-Invalid-,-Invalid-,-Invalid-,-Invalid-,-Invalid-,-Invalid-,-Invalid-,-Invalid-,-Invalid-
7/6/2009 16:50,-Invalid-,-Invalid-,-Invalid-,-Invalid-,-Invalid-,-Invalid-,-Invalid-,-Invalid-,-Invalid-,-Invalid-
7/6/2009 17:00,-Invalid-,-Invalid-,-Invalid-,-Invalid-,-Invalid-,-Invalid-,-Invalid-,-Invalid-,-Invalid-,-Invalid-
7/6/2009 17:10,-Invalid-,-Invalid-,-Invalid-,-Invalid-,-Invalid-,-Invalid-,-Invalid-,-Invalid-,-Invalid-,-Invalid-
7/6/2009 17:20,-Invalid-,-Invalid-,-Invalid-,-Invalid-,-Invalid-,-Invalid-,-Invalid-,-Invalid-,-Invalid-,-Invalid-
7/6/2009 17:30,-Invalid-,-Invalid-,-Invalid-,-Invalid-,-Invalid-,-Invalid-,-Invalid-,-Invalid-,-Invalid-,-Invalid-
7/6/2009 17:40,-Invalid-,-Invalid-,-Invalid-,-Invalid-,-Invalid-,-Invalid-,-Invalid-,-Invalid-,-Invalid-,-Invalid-
7/6/2009 17:50,-Invalid-,-Invalid-,-Invalid-,-Invalid-,-Invalid-,-Invalid-,-Invalid-,-Invalid-,-Invalid-,-Invalid-
7/6/2009 18:00,-Invalid-,-Invalid-,-Invalid-,-Invalid-,-Invalid-,-Invalid-,-Invalid-,-Invalid-,-Invalid-,-Invalid-
7/6/2009 18:10,-Invalid-,-Invalid-,-Invalid-,-Invalid-,-Invalid-,-Invalid-,-Invalid-,-Invalid-,-Invalid-,-Invalid-
7/6/2009 18:20,-Invalid-,-Invalid-,-Invalid-,-Invalid-,-Invalid-,-Invalid-,-Invalid-,-Invalid-,-Invalid-,-Invalid-
7/6/2009 18:30,-Invalid-,-Invalid-,-Invalid-,-Invalid-,-Invalid-,-Invalid-,-Invalid-,-Invalid-,-Invalid-,-Invalid-
7/6/2009 18:40,-Invalid-,-Invalid-,-Invalid-,-Invalid-,-Invalid-,-Invalid-,-Invalid-,-Invalid-,-Invalid-,-Invalid-
7/6/2009 18:50,-Invalid-,-Invalid-,-Invalid-,-Invalid-,-Invalid-,-Invalid-,-Invalid-,-Invalid-,-Invalid-,-Invalid-
7/6/2009 19:00,-Invalid-,-Invalid-,-Invalid-,-Invalid-,-Invalid-,-Invalid-,-Invalid-,-Invalid-,-Invalid-,-Invalid-
7/6/2009 19:10,-Invalid-,-Invalid-,-Invalid-,-Invalid-,-Invalid-,-Invalid-,-Invalid-,-Invalid-,-Invalid-,-Invalid-
7/6/2009 19:20,-Invalid-,-Invalid-,-Invalid-,-Invalid-,-Invalid-,-Invalid-,-Invalid-,-Invalid-,-Invalid-,-Invalid-
7/6/2009 19:30,-Invalid-,-Invalid-,-Invalid-,-Invalid-,-Invalid-,-Invalid-,-Invalid-,-Invalid-,-Invalid-,-Invalid-
7/6/2009 19:40,-Invalid-,-Invalid-,-Invalid-,-Invalid-,-Invalid-,-Invalid-,-Invalid-,-Invalid-,-Invalid-,-Invalid-
7/6/2009 19:50,-Invalid-,-Invalid-,-Invalid-,-Invalid-,-Invalid-,-Invalid-,-Invalid-,-Invalid-,-Invalid-,-Invalid-
7/6/2009 20:00,-Invalid-,-Invalid-,-Invalid-,-Invalid-,-Invalid-,-Invalid-,-Invalid-,-Invalid-,-Invalid-,-Invalid-
7/6/2009 20:10,-Invalid-,-Invalid-,-Invalid-,-Invalid-,-Invalid-,-Invalid-,-Invalid-,-Invalid-,-Invalid-,-Invalid-
7/6/2009 20:20,-Invalid-,-Invalid-,-Invalid-,-Invalid-,-Invalid-,-Invalid-,-Invalid-,-Invalid-,-Invalid-,-Invalid-
7/6/2009 20:30,-Invalid-,-Invalid-,-Invalid-,-Invalid-,-Invalid-,-Invalid-,-Invalid-,-Invalid-,-Invalid-,-Invalid-
7/6/2009 20:40,-Invalid-,-Invalid-,-Invalid-,-Invalid-,-Invalid-,-Invalid-,-Invalid-,-Invalid-,-Invalid-,-Invalid-
7/6/2009 20:50,-Invalid-,-Invalid-,-Invalid-,-Invalid-,-Invalid-,-Invalid-,-Invalid-,-Invalid-,-Invalid-,-Invalid-
7/6/2009 21:00,-Invalid-,-Invalid-,-Invalid-,-Invalid-,-Invalid-,-Invalid-,-Invalid-,-Invalid-,-Invalid-,-Invalid-
7/6/2009 21:10,-Invalid-,-Invalid-,-Invalid-,-Invalid-,-Invalid-,-Invalid-,-Invalid-,-Invalid-,-Invalid-,-Invalid-
7/6/2009 21:20,-Invalid-,-Invalid-,-Invalid-,-Invalid-,-Invalid-,-Invalid-,-Invalid-,-Invalid-,-Invalid-,-Invalid-
7/6/2009 21:30,-Invalid-,-Invalid-,-Invalid-,-Invalid-,-Invalid-,-Invalid-,-Invalid-,-Invalid-,-Invalid-,-Invalid-
7/6/2009 21:40,-Invalid-,-Invalid-,-Invalid-,-Invalid-,-Invalid-,-Invalid-,-Invalid-,-Invalid-,-Invalid-,-Invalid-
7/6/2009 21:50,-Invalid-,-Invalid-,-Invalid-,-Invalid-,-Invalid-,-Invalid-,-Invalid-,-Invalid-,-Invalid-,-Invalid-
7/6/2009 22:00,-Invalid-,-Invalid-,-Invalid-,-Invalid-,-Invalid-,-Invalid-,-Invalid-,-Invalid-,-Invalid-,-Invalid-
7/6/2009 22:10,-Invalid-,-Invalid-,-Invalid-,-Invalid-,-Invalid-,-Invalid-,-Invalid-,-Invalid-,-Invalid-,-Invalid-
7/6/2009 22:20,-Invalid-,-Invalid-,-Invalid-,-Invalid-,-Invalid-,-Invalid-,-Invalid-,-Invalid-,-Invalid-,-Invalid-
7/6/2009 22:30,-Invalid-,-Invalid-,-Invalid-,-Invalid-,-Invalid-,-Invalid-,-Invalid-,-Invalid-,-Invalid-,-Invalid-
7/6/2009 22:40,-Invalid-,-Invalid-,-Invalid-,-Invalid-,-Invalid-,-Invalid-,-Invalid-,-Invalid-,-Invalid-,-Invalid-
7/6/2009 22:50,-Invalid-,-Invalid-,-Invalid-,-Invalid-,-Invalid-,-Invalid-,-Invalid-,-Invalid-,-Invalid-,-Invalid-
7/6/2009 23:00,-Invalid-,-Invalid-,-Invalid-,-Invalid-,-Invalid-,-Invalid-,-Invalid-,-Invalid-,-Invalid-,-Invalid-
7/6/2009 23:10,-Invalid-,-Invalid-,-Invalid-,-Invalid-,-Invalid-,-Invalid-,-Invalid-,-Invalid-,-Invalid-,-Invalid-
7/6/2009 23:20,-Invalid-,-Invalid-,-Invalid-,-Invalid-,-Invalid-,-Invalid-,-Invalid-,-Invalid-,-Invalid-,-Invalid-
7/6/2009 23:30,-Invalid-,-Invalid-,-Invalid-,-Invalid-,-Invalid-,-Invalid-,-Invalid-,-Invalid-,-Invalid-,-Invalid-
7/6/2009 23:40,-Invalid-,-Invalid-,-Invalid-,-Invalid-,-Invalid-,-Invalid-,-Invalid-,-Invalid-,-Invalid-,-Invalid-
7/6/2009 23:50,-Invalid-,-Invalid-,-Invalid-,-Invalid-,-Invalid-,-Invalid-,-Invalid-,-Invalid-,-Invalid-,-Invalid-
7/7/2009 0:00,-Invalid-,-Invalid-,-Invalid-,-Invalid-,-Invalid-,-Invalid-,-Invalid-,-Invalid-,-Invalid-,-Invalid-
7/7/2009 0:10,-Invalid-,-Invalid-,-Invalid-,-Invalid-,-Invalid-,-Invalid-,-Invalid-,-Invalid-,-Invalid-,-Invalid-
7/7/2009 0:20,-Invalid-,-Invalid-,-Invalid-,-Invalid-,-Invalid-,-Invalid-,-Invalid-,-Invalid-,-Invalid-,-Invalid-
7/7/2009 0:30,-Invalid-,-Invalid-,-Invalid-,-Invalid-,-Invalid-,-Invalid-,-Invalid-,-Invalid-,-Invalid-,-Invalid-
7/7/2009 0:40,-Invalid-,-Invalid-,-Invalid-,-Invalid-,-Invalid-,-Invalid-,-Invalid-,-Invalid-,-Invalid-,-Invalid-
7/7/2009 0:50,-Invalid-,-Invalid-,-Invalid-,-Invalid-,-Invalid-,-Invalid-,-Invalid-,-Invalid-,-Invalid-,-Invalid-
7/7/2009 1:00,-Invalid-,-Invalid-,-Invalid-,-Invalid-,-Invalid-,-Invalid-,-Invalid-,-Invalid-,-Invalid-,-Invalid-
7/7/2009 1:10,-Invalid-,-Invalid-,-Invalid-,-Invalid-,-Invalid-,-Invalid-,-Invalid-,-Invalid-,-Invalid-,-Invalid-
7/7/2009 1:20,-Invalid-,-Invalid-,-Invalid-,-Invalid-,-Invalid-,-Invalid-,-Invalid-,-Invalid-,-Invalid-,-Invalid-
7/7/2009 1:30,-Invalid-,-Invalid-,-Invalid-,-Invalid-,-Invalid-,-Invalid-,-Invalid-,-Invalid-,-Invalid-,-Invalid-
7/7/2009 1:40,-Invalid-,-Invalid-,-Invalid-,-Invalid-,-Invalid-,-Invalid-,-Invalid-,-Invalid-,-Invalid-,-Invalid-
7/7/2009 1:50,-Invalid-,-Invalid-,-Invalid-,-Invalid-,-Invalid-,-Invalid-,-Invalid-,-Invalid-,-Invalid-,-Invalid-
7/7/2009 2:00,-Invalid-,-Invalid-,-Invalid-,-Invalid-,-Invalid-,-Invalid-,-Invalid-,-Invalid-,-Invalid-,-Invalid-
7/7/2009 2:10,-Invalid-,-Invalid-,-Invalid-,-Invalid-,-Invalid-,-Invalid-,-Invalid-,-Invalid-,-Invalid-,-Invalid-
7/7/2009 2:20,-Invalid-,-Invalid-,-Invalid-,-Invalid-,-Invalid-,-Invalid-,-Invalid-,-Invalid-,-Invalid-,-Invalid-
7/7/2009 2:30,-Invalid-,-Invalid-,-Invalid-,-Invalid-,-Invalid-,-Invalid-,-Invalid-,-Invalid-,-Invalid-,-Invalid-
7/7/2009 2:40,-Invalid-,-Invalid-,-Invalid-,-Invalid-,-Invalid-,-Invalid-,-Invalid-,-Invalid-,-Invalid-,-Invalid-
7/7/2009 2:50,-Invalid-,-Invalid-,-Invalid-,-Invalid-,-Invalid-,-Invalid-,-Invalid-,-Invalid-,-Invalid-,-Invalid-
7/7/2009 3:00,-Invalid-,-Invalid-,-Invalid-,-Invalid-,-Invalid-,-Invalid-,-Invalid-,-Invalid-,-Invalid-,-Invalid-
7/7/2009 3:10,-Invalid-,-Invalid-,-Invalid-,-Invalid-,-Invalid-,-Invalid-,-Invalid-,-Invalid-,-Invalid-,-Invalid-
7/7/2009 3:20,-Invalid-,-Invalid-,-Invalid-,-Invalid-,-Invalid-,-Invalid-,-Invalid-,-Invalid-,-Invalid-,-Invalid-
7/7/2009 3:30,-Invalid-,-Invalid-,-Invalid-,-Invalid-,-Invalid-,-Invalid-,-Invalid-,-Invalid-,-Invalid-,-Invalid-
7/7/2009 3:40,-Invalid-,-Invalid-,-Invalid-,-Invalid-,-Invalid-,-Invalid-,-Invalid-,-Invalid-,-Invalid-,-Invalid-
7/7/2009 3:50,-Invalid-,-Invalid-,-Invalid-,-Invalid-,-Invalid-,-Invalid-,-Invalid-,-Invalid-,-Invalid-,-Invalid-
7/7/2009 4:00,-Invalid-,-Invalid-,-Invalid-,-Invalid-,-Invalid-,-Invalid-,-Invalid-,-Invalid-,-Invalid-,-Invalid-
7/7/2009 4:10,-Invalid-,-Invalid-,-Invalid-,-Invalid-,-Invalid-,-Invalid-,-Invalid-,-Invalid-,-Invalid-,-Invalid-
7/7/2009 4:20,-Invalid-,-Invalid-,-Invalid-,-Invalid-,-Invalid-,-Invalid-,-Invalid-,-Invalid-,-Invalid-,-Invalid-
7/7/2009 4:30,-Invalid-,-Invalid-,-Invalid-,-Invalid-,-Invalid-,-Invalid-,-Invalid-,-Invalid-,-Invalid-,-Invalid-
7/7/2009 4:40,-Invalid-,-Invalid-,-Invalid-,-Invalid-,-Invalid-,-Invalid-,-Invalid-,-Invalid-,-Invalid-,-Invalid-
7/7/2009 4:50,-Invalid-,-Invalid-,-Invalid-,-Invalid-,-Invalid-,-Invalid-,-Invalid-,-Invalid-,-Invalid-,-Invalid-
7/7/2009 5:00,-Invalid-,-Invalid-,-Invalid-,-Invalid-,-Invalid-,-Invalid-,-Invalid-,-Invalid-,-Invalid-,-Invalid-
7/7/2009 5:10,-Invalid-,-Invalid-,-Invalid-,-Invalid-,-Invalid-,-Invalid-,-Invalid-,-Invalid-,-Invalid-,-Invalid-
7/7/2009 5:20,-Invalid-,-Invalid-,-Invalid-,-Invalid-,-Invalid-,-Invalid-,-Invalid-,-Invalid-,-Invalid-,-Invalid-
7/7/2009 5:30,-Invalid-,-Invalid-,-Invalid-,-Invalid-,-Invalid-,-Invalid-,-Invalid-,-Invalid-,-Invalid-,-Invalid-
7/7/2009 5:40,-Invalid-,-Invalid-,-Invalid-,-Invalid-,-Invalid-,-Invalid-,-Invalid-,-Invalid-,-Invalid-,-Invalid-
7/7/2009 5:50,-Invalid-,-Invalid-,-Invalid-,-Invalid-,-Invalid-,-Invalid-,-Invalid-,-Invalid-,-Invalid-,-Invalid-
7/7/2009 6:00,-Invalid-,-Invalid-,-Invalid-,-Invalid-,-Invalid-,-Invalid-,-Invalid-,-Invalid-,-Invalid-,-Invalid-
7/7/2009 6:10,-Invalid-,-Invalid-,-Invalid-,-Invalid-,-Invalid-,-Invalid-,-Invalid-,-Invalid-,-Invalid-,-Invalid-
7/7/2009 6:20,-Invalid-,-Invalid-,-Invalid-,-Invalid-,-Invalid-,-Invalid-,-Invalid-,-Invalid-,-Invalid-,-Invalid-
7/7/2009 6:30,-Invalid-,-Invalid-,-Invalid-,-Invalid-,-Invalid-,-Invalid-,-Invalid-,-Invalid-,-Invalid-,-Invalid-
7/7/2009 6:40,-Invalid-,-Invalid-,-Invalid-,-Invalid-,-Invalid-,-Invalid-,-Invalid-,-Invalid-,-Invalid-,-Invalid-
7/7/2009 6:50,-Invalid-,-Invalid-,-Invalid-,-Invalid-,-Invalid-,-Invalid-,-Invalid-,-Invalid-,-Invalid-,-Invalid-
7/7/2009 7:00,-Invalid-,-Invalid-,-Invalid-,-Invalid-,-Invalid-,-Invalid-,-Invalid-,-Invalid-,-Invalid-,-Invalid-
7/7/2009 7:10,-Invalid-,-Invalid-,-Invalid-,-Invalid-,-Invalid-,-Invalid-,-Invalid-,-Invalid-,-Invalid-,-Invalid-
7/7/2009 7:20,-Invalid-,-Invalid-,-Invalid-,-Invalid-,-Invalid-,-Invalid-,-Invalid-,-Invalid-,-Invalid-,-Invalid-
7/7/2009 7:30,-Invalid-,-Invalid-,-Invalid-,-Invalid-,-Invalid-,-Invalid-,-Invalid-,-Invalid-,-Invalid-,-Invalid-
7/7/2009 7:40,-Invalid-,-Invalid-,-Invalid-,-Invalid-,-Invalid-,-Invalid-,-Invalid-,-Invalid-,-Invalid-,-Invalid-
7/7/2009 7:50,-Invalid-,-Invalid-,-Invalid-,-Invalid-,-Invalid-,-Invalid-,-Invalid-,-Invalid-,-Invalid-,-Invalid-
7/7/2009 8:00,-Invalid-,-Invalid-,-Invalid-,-Invalid-,-Invalid-,-Invalid-,-Invalid-,-Invalid-,-Invalid-,-Invalid-
7/7/2009 8:10,-Invalid-,-Invalid-,-Invalid-,-Invalid-,-Invalid-,-Invalid-,-Invalid-,-Invalid-,-Invalid-,-Invalid-
7/7/2009 8:20,-Invalid-,-Invalid-,-Invalid-,-Invalid-,-Invalid-,-Invalid-,-Invalid-,-Invalid-,-Invalid-,-Invalid-
7/7/2009 8:30,-Invalid-,-Invalid-,-Invalid-,-Invalid-,-Invalid-,-Invalid-,-Invalid-,-Invalid-,-Invalid-,-Invalid-
7/7/2009 8:40,-Invalid-,-Invalid-,-Invalid-,-Invalid-,-Invalid-,-Invalid-,-Invalid-,-Invalid-,-Invalid-,-Invalid-
7/7/2009 8:50,-Invalid-,-Invalid-,-Invalid-,-Invalid-,-Invalid-,-Invalid-,-Invalid-,-Invalid-,-Invalid-,-Invalid-
7/7/2009 9:00,-Invalid-,-Invalid-,-Invalid-,-Invalid-,-Invalid-,-Invalid-,-Invalid-,-Invalid-,-Invalid-,-Invalid-
7/7/2009 9:10,-Invalid-,-Invalid-,-Invalid-,-Invalid-,-Invalid-,-Invalid-,-Invalid-,-Invalid-,-Invalid-,-Invalid-
7/7/2009 9:20,-Invalid-,-Invalid-,-Invalid-,-Invalid-,-Invalid-,-Invalid-,-Invalid-,-Invalid-,-Invalid-,-Invalid-
7/7/2009 9:30,-Invalid-,-Invalid-,-Invalid-,-Invalid-,-Invalid-,-Invalid-,-Invalid-,-Invalid-,-Invalid-,-Invalid-
7/7/2009 9:40,-Invalid-,-Invalid-,-Invalid-,-Invalid-,-Invalid-,-Invalid-,-Invalid-,-Invalid-,-Invalid-,-Invalid-
7/7/2009 9:50,-Invalid-,-Invalid-,-Invalid-,-Invalid-,-Invalid-,-Invalid-,-Invalid-,-Invalid-,-Invalid-,-Invalid-
7/7/2009 10:00,-Invalid-,-Invalid-,-Invalid-,-Invalid-,-Invalid-,-Invalid-,-Invalid-,-Invalid-,-Invalid-,-Invalid-
7/7/2009 10:10,-Invalid-,-Invalid-,-Invalid-,-Invalid-,-Invalid-,-Invalid-,-Invalid-,-Invalid-,-Invalid-,-Invalid-
7/7/2009 10:20,-Invalid-,-Invalid-,-Invalid-,-Invalid-,-Invalid-,-Invalid-,-Invalid-,-Invalid-,-Invalid-,-Invalid-
7/7/2009 10:30,-Invalid-,-Invalid-,-Invalid-,-Invalid-,-Invalid-,-Invalid-,-Invalid-,-Invalid-,-Invalid-,-Invalid-
7/7/2009 10:40,-Invalid-,-Invalid-,-Invalid-,-Invalid-,-Invalid-,-Invalid-,-Invalid-,-Invalid-,-Invalid-,-Invalid-
7/7/2009 10:50,-Invalid-,-Invalid-,-Invalid-,-Invalid-,-Invalid-,-Invalid-,-Invalid-,-Invalid-,-Invalid-,-Invalid-
7/7/2009 11:00,-Invalid-,-Invalid-,-Invalid-,-Invalid-,-Invalid-,-Invalid-,-Invalid-,-Invalid-,-Invalid-,-Invalid-
7/7/2009 11:10,-Invalid-,-Invalid-,-Invalid-,-Invalid-,-Invalid-,-Invalid-,-Invalid-,-Invalid-,-Invalid-,-Invalid-
7/7/2009 11:20,-Invalid-,-Invalid-,-Invalid-,-Invalid-,-Invalid-,-Invalid-,-Invalid-,-Invalid-,-Invalid-,-Invalid-
7/7/2009 11:30,-Invalid-,-Invalid-,-Invalid-,-Invalid-,-Invalid-,-Invalid-,-Invalid-,-Invalid-,-Invalid-,-Invalid-
7/7/2009 11:40,-Invalid-,-Invalid-,-Invalid-,-Invalid-,-Invalid-,-Invalid-,-Invalid-,-Invalid-,-Invalid-,-Invalid-
7/7/2009 11:50,-Invalid-,-Invalid-,-Invalid-,-Invalid-,-Invalid-,-Invalid-,-Invalid-,-Invalid-,-Invalid-,-Invalid-
7/7/2009 12:00,-Invalid-,-Invalid-,-Invalid-,-Invalid-,-Invalid-,-Invalid-,-Invalid-,-Invalid-,-Invalid-,-Invalid-
7/7/2009 12:10,-Invalid-,-Invalid-,-Invalid-,-Invalid-,-Invalid-,-Invalid-,-Invalid-,-Invalid-,-Invalid-,-Invalid-
7/7/2009 12:20,-Invalid-,-Invalid-,-Invalid-,-Invalid-,-Invalid-,-Invalid-,-Invalid-,-Invalid-,-Invalid-,-Invalid-
7/7/2009 12:30,-Invalid-,-Invalid-,-Invalid-,-Invalid-,-Invalid-,-Invalid-,-Invalid-,-Invalid-,-Invalid-,-Invalid-
7/7/2009 12:40,-Invalid-,-Invalid-,-Invalid-,-Invalid-,-Invalid-,-Invalid-,-Invalid-,-Invalid-,-Invalid-,-Invalid-
7/7/2009 12:50,-Invalid-,-Invalid-,-Invalid-,-Invalid-,-Invalid-,-Invalid-,-Invalid-,-Invalid-,-Invalid-,-Invalid-
7/7/2009 13:00,-Invalid-,-Invalid-,-Invalid-,-Invalid-,-Invalid-,-Invalid-,-Invalid-,-Invalid-,-Invalid-,-Invalid-
7/7/2009 13:10,-Invalid-,-Invalid-,-Invalid-,-Invalid-,-Invalid-,-Invalid-,-Invalid-,-Invalid-,-Invalid-,-Invalid-
7/7/2009 13:20,-Invalid-,-Invalid-,-Invalid-,-Invalid-,-Invalid-,-Invalid-,-Invalid-,-Invalid-,-Invalid-,-Invalid-
7/7/2009 13:30,-Invalid-,-Invalid-,-Invalid-,-Invalid-,-Invalid-,-Invalid-,-Invalid-,-Invalid-,-Invalid-,-Invalid-
7/7/2009 13:40,-Invalid-,-Invalid-,-Invalid-,-Invalid-,-Invalid-,-Invalid-,-Invalid-,-Invalid-,-Invalid-,-Invalid-
7/7/2009 13:50,-Invalid-,-Invalid-,-Invalid-,-Invalid-,-Invalid-,-Invalid-,-Invalid-,-Invalid-,-Invalid-,-Invalid-
7/7/2009 14:00,-Invalid-,-Invalid-,-Invalid-,-Invalid-,-Invalid-,-Invalid-,-Invalid-,-Invalid-,-Invalid-,-Invalid-
7/7/2009 14:10,-Invalid-,-Invalid-,-Invalid-,-Invalid-,-Invalid-,-Invalid-,-Invalid-,-Invalid-,-Invalid-,-Invalid-
7/7/2009 14:20,-Invalid-,-Invalid-,-Invalid-,-Invalid-,-Invalid-,-Invalid-,-Invalid-,-Invalid-,-Invalid-,-Invalid-
7/7/2009 14:30,-Invalid-,-Invalid-,-Invalid-,-Invalid-,-Invalid-,-Invalid-,-Invalid-,-Invalid-,-Invalid-,-Invalid-
7/7/2009 14:40,-Invalid-,-Invalid-,-Invalid-,-Invalid-,-Invalid-,-Invalid-,-Invalid-,-Invalid-,-Invalid-,-Invalid-
7/7/2009 14:50,-Invalid-,-Invalid-,-Invalid-,-Invalid-,-Invalid-,-Invalid-,-Invalid-,-Invalid-,-Invalid-,-Invalid-
7/7/2009 15:00,-Invalid-,-Invalid-,-Invalid-,-Invalid-,-Invalid-,-Invalid-,-Invalid-,-Invalid-,-Invalid-,-Invalid-
7/7/2009 15:10,-Invalid-,-Invalid-,-Invalid-,-Invalid-,-Invalid-,-Invalid-,-Invalid-,-Invalid-,-Invalid-,-Invalid-
7/7/2009 15:20,-Invalid-,-Invalid-,-Invalid-,-Invalid-,-Invalid-,-Invalid-,-Invalid-,-Invalid-,-Invalid-,-Invalid-
7/7/2009 15:30,-Invalid-,-Invalid-,-Invalid-,-Invalid-,-Invalid-,-Invalid-,-Invalid-,-Invalid-,-Invalid-,-Invalid-
7/7/2009 15:40,-Invalid-,-Invalid-,-Invalid-,-Invalid-,-Invalid-,-Invalid-,-Invalid-,-Invalid-,-Invalid-,-Invalid-
7/7/2009 15:50,-Invalid-,-Invalid-,-Invalid-,-Invalid-,-Invalid-,-Invalid-,-Invalid-,-Invalid-,-Invalid-,-Invalid-
7/7/2009 16:00,-Invalid-,-Invalid-,-Invalid-,-Invalid-,-Invalid-,-Invalid-,-Invalid-,-Invalid-,-Invalid-,-Invalid-
7/7/2009 16:10,-Invalid-,-Invalid-,-Invalid-,-Invalid-,-Invalid-,-Invalid-,-Invalid-,-Invalid-,-Invalid-,-Invalid-
7/7/2009 16:20,-Invalid-,-Invalid-,-Invalid-,-Invalid-,-Invalid-,-Invalid-,-Invalid-,-Invalid-,-Invalid-,-Invalid-
7/7/2009 16:30,-Invalid-,-Invalid-,-Invalid-,-Invalid-,-Invalid-,-Invalid-,-Invalid-,-Invalid-,-Invalid-,-Invalid-
7/7/2009 16:40,-Invalid-,-Invalid-,-Invalid-,-Invalid-,-Invalid-,-Invalid-,-Invalid-,-Invalid-,-Invalid-,-Invalid-
7/7/2009 16:50,-Invalid-,-Invalid-,-Invalid-,-Invalid-,-Invalid-,-Invalid-,-Invalid-,-Invalid-,-Invalid-,-Invalid-
7/7/2009 17:00,-Invalid-,-Invalid-,-Invalid-,-Invalid-,-Invalid-,-Invalid-,-Invalid-,-Invalid-,-Invalid-,-Invalid-
7/7/2009 17:10,-Invalid-,-Invalid-,-Invalid-,-Invalid-,-Invalid-,-Invalid-,-Invalid-,-Invalid-,-Invalid-,-Invalid-
7/7/2009 17:20,-Invalid-,-Invalid-,-Invalid-,-Invalid-,-Invalid-,-Invalid-,-Invalid-,-Invalid-,-Invalid-,-Invalid-
7/7/2009 17:30,-Invalid-,-Invalid-,-Invalid-,-Invalid-,-Invalid-,-Invalid-,-Invalid-,-Invalid-,-Invalid-,-Invalid-
7/7/2009 17:40,-Invalid-,-Invalid-,-Invalid-,-Invalid-,-Invalid-,-Invalid-,-Invalid-,-Invalid-,-Invalid-,-Invalid-
7/7/2009 17:50,-Invalid-,-Invalid-,-Invalid-,-Invalid-,-Invalid-,-Invalid-,-Invalid-,-Invalid-,-Invalid-,-Invalid-
7/7/2009 18:00,-Invalid-,-Invalid-,-Invalid-,-Invalid-,-Invalid-,-Invalid-,-Invalid-,-Invalid-,-Invalid-,-Invalid-
7/7/2009 18:10,-Invalid-,-Invalid-,-Invalid-,-Invalid-,-Invalid-,-Invalid-,-Invalid-,-Invalid-,-Invalid-,-Invalid-
7/7/2009 18:20,-Invalid-,-Invalid-,-Invalid-,-Invalid-,-Invalid-,-Invalid-,-Invalid-,-Invalid-,-Invalid-,-Invalid-
7/7/2009 18:30,-Invalid-,-Invalid-,-Invalid-,-Invalid-,-Invalid-,-Invalid-,-Invalid-,-Invalid-,-Invalid-,-Invalid-
7/7/2009 18:40,-Invalid-,-Invalid-,-Invalid-,-Invalid-,-Invalid-,-Invalid-,-Invalid-,-Invalid-,-Invalid-,-Invalid-
7/7/2009 18:50,-Invalid-,-Invalid-,-Invalid-,-Invalid-,-Invalid-,-Invalid-,-Invalid-,-Invalid-,-Invalid-,-Invalid-
7/7/2009 19:00,-Invalid-,-Invalid-,-Invalid-,-Invalid-,-Invalid-,-Invalid-,-Invalid-,-Invalid-,-Invalid-,-Invalid-
7/7/2009 19:10,-Invalid-,-Invalid-,-Invalid-,-Invalid-,-Invalid-,-Invalid-,-Invalid-,-Invalid-,-Invalid-,-Invalid-
7/7/2009 19:20,-Invalid-,-Invalid-,-Invalid-,-Invalid-,-Invalid-,-Invalid-,-Invalid-,-Invalid-,-Invalid-,-Invalid-
7/7/2009 19:30,-Invalid-,-Invalid-,-Invalid-,-Invalid-,-Invalid-,-Invalid-,-Invalid-,-Invalid-,-Invalid-,-Invalid-
7/7/2009 19:40,-Invalid-,-Invalid-,-Invalid-,-Invalid-,-Invalid-,-Invalid-,-Invalid-,-Invalid-,-Invalid-,-Invalid-
7/7/2009 19:50,-Invalid-,-Invalid-,-Invalid-,-Invalid-,-Invalid-,-Invalid-,-Invalid-,-Invalid-,-Invalid-,-Invalid-
7/7/2009 20:00,-Invalid-,-Invalid-,-Invalid-,-Invalid-,-Invalid-,-Invalid-,-Invalid-,-Invalid-,-Invalid-,-Invalid-
7/7/2009 20:10,-Invalid-,-Invalid-,-Invalid-,-Invalid-,-Invalid-,-Invalid-,-Invalid-,-Invalid-,-Invalid-,-Invalid-
7/7/2009 20:20,-Invalid-,-Invalid-,-Invalid-,-Invalid-,-Invalid-,-Invalid-,-Invalid-,-Invalid-,-Invalid-,-Invalid-
7/7/2009 20:30,-Invalid-,-Invalid-,-Invalid-,-Invalid-,-Invalid-,-Invalid-,-Invalid-,-Invalid-,-Invalid-,-Invalid-
7/7/2009 20:40,-Invalid-,-Invalid-,-Invalid-,-Invalid-,-Invalid-,-Invalid-,-Invalid-,-Invalid-,-Invalid-,-Invalid-
7/7/2009 20:50,-Invalid-,-Invalid-,-Invalid-,-Invalid-,-Invalid-,-Invalid-,-Invalid-,-Invalid-,-Invalid-,-Invalid-
7/7/2009 21:00,-Invalid-,-Invalid-,-Invalid-,-Invalid-,-Invalid-,-Invalid-,-Invalid-,-Invalid-,-Invalid-,-Invalid-
7/7/2009 21:10,-Invalid-,-Invalid-,-Invalid-,-Invalid-,-Invalid-,-Invalid-,-Invalid-,-Invalid-,-Invalid-,-Invalid-
7/7/2009 21:20,-Invalid-,-Invalid-,-Invalid-,-Invalid-,-Invalid-,-Invalid-,-Invalid-,-Invalid-,-Invalid-,-Invalid-
7/7/2009 21:30,-Invalid-,-Invalid-,-Invalid-,-Invalid-,-Invalid-,-Invalid-,-Invalid-,-Invalid-,-Invalid-,-Invalid-
7/7/2009 21:40,-Invalid-,-Invalid-,-Invalid-,-Invalid-,-Invalid-,-Invalid-,-Invalid-,-Invalid-,-Invalid-,-Invalid-
7/7/2009 21:50,-Invalid-,-Invalid-,-Invalid-,-Invalid-,-Invalid-,-Invalid-,-Invalid-,-Invalid-,-Invalid-,-Invalid-
7/7/2009 22:00,-Invalid-,-Invalid-,-Invalid-,-Invalid-,-Invalid-,-Invalid-,-Invalid-,-Invalid-,-Invalid-,-Invalid-
7/7/2009 22:10,-Invalid-,-Invalid-,-Invalid-,-Invalid-,-Invalid-,-Invalid-,-Invalid-,-Invalid-,-Invalid-,-Invalid-
7/7/2009 22:20,-Invalid-,-Invalid-,-Invalid-,-Invalid-,-Invalid-,-Invalid-,-Invalid-,-Invalid-,-Invalid-,-Invalid-
7/7/2009 22:30,-Invalid-,-Invalid-,-Invalid-,-Invalid-,-Invalid-,-Invalid-,-Invalid-,-Invalid-,-Invalid-,-Invalid-
7/7/2009 22:40,-Invalid-,-Invalid-,-Invalid-,-Invalid-,-Invalid-,-Invalid-,-Invalid-,-Invalid-,-Invalid-,-Invalid-
7/7/2009 22:50,-Invalid-,-Invalid-,-Invalid-,-Invalid-,-Invalid-,-Invalid-,-Invalid-,-Invalid-,-Invalid-,-Invalid-
7/7/2009 23:00,-Invalid-,-Invalid-,-Invalid-,-Invalid-,-Invalid-,-Invalid-,-Invalid-,-Invalid-,-Invalid-,-Invalid-
7/7/2009 23:10,-Invalid-,-Invalid-,-Invalid-,-Invalid-,-Invalid-,-Invalid-,-Invalid-,-Invalid-,-Invalid-,-Invalid-
7/7/2009 23:20,-Invalid-,-Invalid-,-Invalid-,-Invalid-,-Invalid-,-Invalid-,-Invalid-,-Invalid-,-Invalid-,-Invalid-
7/7/2009 23:30,-Invalid-,-Invalid-,-Invalid-,-Invalid-,-Invalid-,-Invalid-,-Invalid-,-Invalid-,-Invalid-,-Invalid-
7/7/2009 23:40,-Invalid-,-Invalid-,-Invalid-,-Invalid-,-Invalid-,-Invalid-,-Invalid-,-Invalid-,-Invalid-,-Invalid-
7/7/2009 23:50,-Invalid-,-Invalid-,-Invalid-,-Invalid-,-Invalid-,-Invalid-,-Invalid-,-Invalid-,-Invalid-,-Invalid-
7/8/2009 0:00,-Invalid-,-Invalid-,-Invalid-,-Invalid-,-Invalid-,-Invalid-,-Invalid-,-Invalid-,-Invalid-,-Invalid-
7/8/2009 0:10,-Invalid-,-Invalid-,-Invalid-,-Invalid-,-Invalid-,-Invalid-,-Invalid-,-Invalid-,-Invalid-,-Invalid-
7/8/2009 0:20,-Invalid-,-Invalid-,-Invalid-,-Invalid-,-Invalid-,-Invalid-,-Invalid-,-Invalid-,-Invalid-,-Invalid-
7/8/2009 0:30,-Invalid-,-Invalid-,-Invalid-,-Invalid-,-Invalid-,-Invalid-,-Invalid-,-Invalid-,-Invalid-,-Invalid-
7/8/2009 0:40,-Invalid-,-Invalid-,-Invalid-,-Invalid-,-Invalid-,-Invalid-,-Invalid-,-Invalid-,-Invalid-,-Invalid-
7/8/2009 0:50,-Invalid-,-Invalid-,-Invalid-,-Invalid-,-Invalid-,-Invalid-,-Invalid-,-Invalid-,-Invalid-,-Invalid-
7/8/2009 1:00,-Invalid-,-Invalid-,-Invalid-,-Invalid-,-Invalid-,-Invalid-,-Invalid-,-Invalid-,-Invalid-,-Invalid-
7/8/2009 1:10,-Invalid-,-Invalid-,-Invalid-,-Invalid-,-Invalid-,-Invalid-,-Invalid-,-Invalid-,-Invalid-,-Invalid-
7/8/2009 1:20,-Invalid-,-Invalid-,-Invalid-,-Invalid-,-Invalid-,-Invalid-,-Invalid-,-Invalid-,-Invalid-,-Invalid-
7/8/2009 1:30,-Invalid-,-Invalid-,-Invalid-,-Invalid-,-Invalid-,-Invalid-,-Invalid-,-Invalid-,-Invalid-,-Invalid-
7/8/2009 1:40,-Invalid-,-Invalid-,-Invalid-,-Invalid-,-Invalid-,-Invalid-,-Invalid-,-Invalid-,-Invalid-,-Invalid-
7/8/2009 1:50,-Invalid-,-Invalid-,-Invalid-,-Invalid-,-Invalid-,-Invalid-,-Invalid-,-Invalid-,-Invalid-,-Invalid-
7/8/2009 2:00,-Invalid-,-Invalid-,-Invalid-,-Invalid-,-Invalid-,-Invalid-,-Invalid-,-Invalid-,-Invalid-,-Invalid-
7/8/2009 2:10,-Invalid-,-Invalid-,-Invalid-,-Invalid-,-Invalid-,-Invalid-,-Invalid-,-Invalid-,-Invalid-,-Invalid-
7/8/2009 2:20,-Invalid-,-Invalid-,-Invalid-,-Invalid-,-Invalid-,-Invalid-,-Invalid-,-Invalid-,-Invalid-,-Invalid-
7/8/2009 2:30,-Invalid-,-Invalid-,-Invalid-,-Invalid-,-Invalid-,-Invalid-,-Invalid-,-Invalid-,-Invalid-,-Invalid-
7/8/2009 2:40,-Invalid-,-Invalid-,-Invalid-,-Invalid-,-Invalid-,-Invalid-,-Invalid-,-Invalid-,-Invalid-,-Invalid-
7/8/2009 2:50,-Invalid-,-Invalid-,-Invalid-,-Invalid-,-Invalid-,-Invalid-,-Invalid-,-Invalid-,-Invalid-,-Invalid-
7/8/2009 3:00,-Invalid-,-Invalid-,-Invalid-,-Invalid-,-Invalid-,-Invalid-,-Invalid-,-Invalid-,-Invalid-,-Invalid-
7/8/2009 3:10,-Invalid-,-Invalid-,-Invalid-,-Invalid-,-Invalid-,-Invalid-,-Invalid-,-Invalid-,-Invalid-,-Invalid-
7/8/2009 3:20,-Invalid-,-Invalid-,-Invalid-,-Invalid-,-Invalid-,-Invalid-,-Invalid-,-Invalid-,-Invalid-,-Invalid-
7/8/2009 3:30,-Invalid-,-Invalid-,-Invalid-,-Invalid-,-Invalid-,-Invalid-,-Invalid-,-Invalid-,-Invalid-,-Invalid-
7/8/2009 3:40,-Invalid-,-Invalid-,-Invalid-,-Invalid-,-Invalid-,-Invalid-,-Invalid-,-Invalid-,-Invalid-,-Invalid-
7/8/2009 3:50,-Invalid-,-Invalid-,-Invalid-,-Invalid-,-Invalid-,-Invalid-,-Invalid-,-Invalid-,-Invalid-,-Invalid-
7/8/2009 4:00,-Invalid-,-Invalid-,-Invalid-,-Invalid-,-Invalid-,-Invalid-,-Invalid-,-Invalid-,-Invalid-,-Invalid-
7/8/2009 4:10,-Invalid-,-Invalid-,-Invalid-,-Invalid-,-Invalid-,-Invalid-,-Invalid-,-Invalid-,-Invalid-,-Invalid-
7/8/2009 4:20,-Invalid-,-Invalid-,-Invalid-,-Invalid-,-Invalid-,-Invalid-,-Invalid-,-Invalid-,-Invalid-,-Invalid-
7/8/2009 4:30,-Invalid-,-Invalid-,-Invalid-,-Invalid-,-Invalid-,-Invalid-,-Invalid-,-Invalid-,-Invalid-,-Invalid-
7/8/2009 4:40,-Invalid-,-Invalid-,-Invalid-,-Invalid-,-Invalid-,-Invalid-,-Invalid-,-Invalid-,-Invalid-,-Invalid-
7/8/2009 4:50,-Invalid-,-Invalid-,-Invalid-,-Invalid-,-Invalid-,-Invalid-,-Invalid-,-Invalid-,-Invalid-,-Invalid-
7/8/2009 5:00,-Invalid-,-Invalid-,-Invalid-,-Invalid-,-Invalid-,-Invalid-,-Invalid-,-Invalid-,-Invalid-,-Invalid-
7/8/2009 5:10,-Invalid-,-Invalid-,-Invalid-,-Invalid-,-Invalid-,-Invalid-,-Invalid-,-Invalid-,-Invalid-,-Invalid-
7/8/2009 5:20,-Invalid-,-Invalid-,-Invalid-,-Invalid-,-Invalid-,-Invalid-,-Invalid-,-Invalid-,-Invalid-,-Invalid-
7/8/2009 5:30,-Invalid-,-Invalid-,-Invalid-,-Invalid-,-Invalid-,-Invalid-,-Invalid-,-Invalid-,-Invalid-,-Invalid-
7/8/2009 5:40,-Invalid-,-Invalid-,-Invalid-,-Invalid-,-Invalid-,-Invalid-,-Invalid-,-Invalid-,-Invalid-,-Invalid-
7/8/2009 5:50,-Invalid-,-Invalid-,-Invalid-,-Invalid-,-Invalid-,-Invalid-,-Invalid-,-Invalid-,-Invalid-,-Invalid-
7/8/2009 6:00,-Invalid-,-Invalid-,-Invalid-,-Invalid-,-Invalid-,-Invalid-,-Invalid-,-Invalid-,-Invalid-,-Invalid-
7/8/2009 6:10,-Invalid-,-Invalid-,-Invalid-,-Invalid-,-Invalid-,-Invalid-,-Invalid-,-Invalid-,-Invalid-,-Invalid-
7/8/2009 6:20,-Invalid-,-Invalid-,-Invalid-,-Invalid-,-Invalid-,-Invalid-,-Invalid-,-Invalid-,-Invalid-,-Invalid-
7/8/2009 6:30,-Invalid-,-Invalid-,-Invalid-,-Invalid-,-Invalid-,-Invalid-,-Invalid-,-Invalid-,-Invalid-,-Invalid-
7/8/2009 6:40,-Invalid-,-Invalid-,-Invalid-,-Invalid-,-Invalid-,-Invalid-,-Invalid-,-Invalid-,-Invalid-,-Invalid-
7/8/2009 6:50,-Invalid-,-Invalid-,-Invalid-,-Invalid-,-Invalid-,-Invalid-,-Invalid-,-Invalid-,-Invalid-,-Invalid-
7/8/2009 7:00,-Invalid-,-Invalid-,-Invalid-,-Invalid-,-Invalid-,-Invalid-,-Invalid-,-Invalid-,-Invalid-,-Invalid-
7/8/2009 7:10,-Invalid-,-Invalid-,-Invalid-,-Invalid-,-Invalid-,-Invalid-,-Invalid-,-Invalid-,-Invalid-,-Invalid-
7/8/2009 7:20,-Invalid-,-Invalid-,-Invalid-,-Invalid-,-Invalid-,-Invalid-,-Invalid-,-Invalid-,-Invalid-,-Invalid-
7/8/2009 7:30,-Invalid-,-Invalid-,-Invalid-,-Invalid-,-Invalid-,-Invalid-,-Invalid-,-Invalid-,-Invalid-,-Invalid-
7/8/2009 7:40,-Invalid-,-Invalid-,-Invalid-,-Invalid-,-Invalid-,-Invalid-,-Invalid-,-Invalid-,-Invalid-,-Invalid-
7/8/2009 7:50,-Invalid-,-Invalid-,-Invalid-,-Invalid-,-Invalid-,-Invalid-,-Invalid-,-Invalid-,-Invalid-,-Invalid-
7/8/2009 8:00,-Invalid-,-Invalid-,-Invalid-,-Invalid-,-Invalid-,-Invalid-,-Invalid-,-Invalid-,-Invalid-,-Invalid-
7/8/2009 8:10,-Invalid-,-Invalid-,-Invalid-,-Invalid-,-Invalid-,-Invalid-,-Invalid-,-Invalid-,-Invalid-,-Invalid-
7/8/2009 8:20,-Invalid-,-Invalid-,-Invalid-,-Invalid-,-Invalid-,-Invalid-,-Invalid-,-Invalid-,-Invalid-,-Invalid-
7/8/2009 8:30,-Invalid-,-Invalid-,-Invalid-,-Invalid-,-Invalid-,-Invalid-,-Invalid-,-Invalid-,-Invalid-,-Invalid-
7/8/2009 8:40,-Invalid-,-Invalid-,-Invalid-,-Invalid-,-Invalid-,-Invalid-,-Invalid-,-Invalid-,-Invalid-,-Invalid-
7/8/2009 8:50,-Invalid-,-Invalid-,-Invalid-,-Invalid-,-Invalid-,-Invalid-,-Invalid-,-Invalid-,-Invalid-,-Invalid-
7/8/2009 9:00,-Invalid-,-Invalid-,-Invalid-,-Invalid-,-Invalid-,-Invalid-,-Invalid-,-Invalid-,-Invalid-,-Invalid-
7/8/2009 9:10,-Invalid-,-Invalid-,-Invalid-,-Invalid-,-Invalid-,-Invalid-,-Invalid-,-Invalid-,-Invalid-,-Invalid-
7/8/2009 9:20,-Invalid-,-Invalid-,-Invalid-,-Invalid-,-Invalid-,-Invalid-,-Invalid-,-Invalid-,-Invalid-,-Invalid-
7/8/2009 9:30,-Invalid-,-Invalid-,-Invalid-,-Invalid-,-Invalid-,-Invalid-,-Invalid-,-Invalid-,-Invalid-,-Invalid-
7/8/2009 9:40,-Invalid-,-Invalid-,-Invalid-,-Invalid-,-Invalid-,-Invalid-,-Invalid-,-Invalid-,-Invalid-,-Invalid-
7/8/2009 9:50,-Invalid-,-Invalid-,-Invalid-,-Invalid-,-Invalid-,-Invalid-,-Invalid-,-Invalid-,-Invalid-,-Invalid-
7/8/2009 10:00,-Invalid-,-Invalid-,-Invalid-,-Invalid-,-Invalid-,-Invalid-,-Invalid-,-Invalid-,-Invalid-,-Invalid-
7/8/2009 10:10,-Invalid-,-Invalid-,-Invalid-,-Invalid-,-Invalid-,-Invalid-,-Invalid-,-Invalid-,-Invalid-,-Invalid-
7/8/2009 10:20,-Invalid-,-Invalid-,-Invalid-,-Invalid-,-Invalid-,-Invalid-,-Invalid-,-Invalid-,-Invalid-,-Invalid-
7/8/2009 10:30,-Invalid-,-Invalid-,-Invalid-,-Invalid-,-Invalid-,-Invalid-,-Invalid-,-Invalid-,-Invalid-,-Invalid-
7/8/2009 10:40,-Invalid-,-Invalid-,-Invalid-,-Invalid-,-Invalid-,-Invalid-,-Invalid-,-Invalid-,-Invalid-,-Invalid-
7/8/2009 10:50,-Invalid-,-Invalid-,-Invalid-,-Invalid-,-Invalid-,-Invalid-,-Invalid-,-Invalid-,-Invalid-,-Invalid-
7/8/2009 11:00,-Invalid-,-Invalid-,-Invalid-,-Invalid-,-Invalid-,-Invalid-,-Invalid-,-Invalid-,-Invalid-,-Invalid-
7/8/2009 11:10,-Invalid-,-Invalid-,-Invalid-,-Invalid-,-Invalid-,-Invalid-,-Invalid-,-Invalid-,-Invalid-,-Invalid-
7/8/2009 11:20,-Invalid-,-Invalid-,-Invalid-,-Invalid-,-Invalid-,-Invalid-,-Invalid-,-Invalid-,-Invalid-,-Invalid-
7/8/2009 11:30,-Invalid-,-Invalid-,-Invalid-,-Invalid-,-Invalid-,-Invalid-,-Invalid-,-Invalid-,-Invalid-,-Invalid-
7/8/2009 11:40,-Invalid-,-Invalid-,-Invalid-,-Invalid-,-Invalid-,-Invalid-,-Invalid-,-Invalid-,-Invalid-,-Invalid-
7/8/2009 11:50,-Invalid-,-Invalid-,-Invalid-,-Invalid-,-Invalid-,-Invalid-,-Invalid-,-Invalid-,-Invalid-,-Invalid-
7/8/2009 12:00,-Invalid-,-Invalid-,-Invalid-,-Invalid-,-Invalid-,-Invalid-,-Invalid-,-Invalid-,-Invalid-,-Invalid-
7/8/2009 12:10,-Invalid-,-Invalid-,-Invalid-,-Invalid-,-Invalid-,-Invalid-,-Invalid-,-Invalid-,-Invalid-,-Invalid-
7/8/2009 12:20,-Invalid-,-Invalid-,-Invalid-,-Invalid-,-Invalid-,-Invalid-,-Invalid-,-Invalid-,-Invalid-,-Invalid-
7/8/2009 12:30,-Invalid-,-Invalid-,-Invalid-,-Invalid-,-Invalid-,-Invalid-,-Invalid-,-Invalid-,-Invalid-,-Invalid-
7/8/2009 12:40,-Invalid-,-Invalid-,-Invalid-,-Invalid-,-Invalid-,-Invalid-,-Invalid-,-Invalid-,-Invalid-,-Invalid-
7/8/2009 12:50,-Invalid-,-Invalid-,-Invalid-,-Invalid-,-Invalid-,-Invalid-,-Invalid-,-Invalid-,-Invalid-,-Invalid-
7/8/2009 13:00,-Invalid-,-Invalid-,-Invalid-,-Invalid-,-Invalid-,-Invalid-,-Invalid-,-Invalid-,-Invalid-,-Invalid-
7/8/2009 13:10,-Invalid-,-Invalid-,-Invalid-,-Invalid-,-Invalid-,-Invalid-,-Invalid-,-Invalid-,-Invalid-,-Invalid-
7/8/2009 13:20,-Invalid-,-Invalid-,-Invalid-,-Invalid-,-Invalid-,-Invalid-,-Invalid-,-Invalid-,-Invalid-,-Invalid-
7/8/2009 13:30,-Invalid-,-Invalid-,-Invalid-,-Invalid-,-Invalid-,-Invalid-,-Invalid-,-Invalid-,-Invalid-,-Invalid-
7/8/2009 13:40,-Invalid-,-Invalid-,-Invalid-,-Invalid-,-Invalid-,-Invalid-,-Invalid-,-Invalid-,-Invalid-,-Invalid-
7/8/2009 13:50,-Invalid-,-Invalid-,-Invalid-,-Invalid-,-Invalid-,-Invalid-,-Invalid-,-Invalid-,-Invalid-,-Invalid-
7/8/2009 14:00,-Invalid-,-Invalid-,-Invalid-,-Invalid-,-Invalid-,-Invalid-,-Invalid-,-Invalid-,-Invalid-,-Invalid-
7/8/2009 14:10,-Invalid-,-Invalid-,-Invalid-,-Invalid-,-Invalid-,-Invalid-,-Invalid-,-Invalid-,-Invalid-,-Invalid-
7/8/2009 14:20,-Invalid-,-Invalid-,-Invalid-,-Invalid-,-Invalid-,-Invalid-,-Invalid-,-Invalid-,-Invalid-,-Invalid-
7/8/2009 14:30,-Invalid-,-Invalid-,-Invalid-,-Invalid-,-Invalid-,-Invalid-,-Invalid-,-Invalid-,-Invalid-,-Invalid-
7/8/2009 14:40,-Invalid-,-Invalid-,-Invalid-,-Invalid-,-Invalid-,-Invalid-,-Invalid-,-Invalid-,-Invalid-,-Invalid-
7/8/2009 14:50,-Invalid-,-Invalid-,-Invalid-,-Invalid-,-Invalid-,-Invalid-,-Invalid-,-Invalid-,-Invalid-,-Invalid-
7/8/2009 15:00,-Invalid-,-Invalid-,-Invalid-,-Invalid-,-Invalid-,-Invalid-,-Invalid-,-Invalid-,-Invalid-,-Invalid-
7/8/2009 15:10,-Invalid-,-Invalid-,-Invalid-,-Invalid-,-Invalid-,-Invalid-,-Invalid-,-Invalid-,-Invalid-,-Invalid-
7/8/2009 15:20,-Invalid-,-Invalid-,-Invalid-,-Invalid-,-Invalid-,-Invalid-,-Invalid-,-Invalid-,-Invalid-,-Invalid-
7/8/2009 15:30,-Invalid-,-Invalid-,-Invalid-,-Invalid-,-Invalid-,-Invalid-,-Invalid-,-Invalid-,-Invalid-,-Invalid-
7/8/2009 15:40,-Invalid-,-Invalid-,-Invalid-,-Invalid-,-Invalid-,-Invalid-,-Invalid-,-Invalid-,-Invalid-,-Invalid-
7/8/2009 15:50,-Invalid-,-Invalid-,-Invalid-,-Invalid-,-Invalid-,-Invalid-,-Invalid-,-Invalid-,-Invalid-,-Invalid-
7/8/2009 16:00,-Invalid-,-Invalid-,-Invalid-,-Invalid-,-Invalid-,-Invalid-,-Invalid-,-Invalid-,-Invalid-,-Invalid-
7/8/2009 16:10,-Invalid-,-Invalid-,-Invalid-,-Invalid-,-Invalid-,-Invalid-,-Invalid-,-Invalid-,-Invalid-,-Invalid-
7/8/2009 16:20,-Invalid-,-Invalid-,-Invalid-,-Invalid-,-Invalid-,-Invalid-,-Invalid-,-Invalid-,-Invalid-,-Invalid-
7/8/2009 16:30,-Invalid-,-Invalid-,-Invalid-,-Invalid-,-Invalid-,-Invalid-,-Invalid-,-Invalid-,-Invalid-,-Invalid-
7/8/2009 16:40,-Invalid-,-Invalid-,-Invalid-,-Invalid-,-Invalid-,-Invalid-,-Invalid-,-Invalid-,-Invalid-,-Invalid-
7/8/2009 16:50,-Invalid-,-Invalid-,-Invalid-,-Invalid-,-Invalid-,-Invalid-,-Invalid-,-Invalid-,-Invalid-,-Invalid-
7/8/2009 17:00,-Invalid-,-Invalid-,-Invalid-,-Invalid-,-Invalid-,-Invalid-,-Invalid-,-Invalid-,-Invalid-,-Invalid-
7/8/2009 17:10,-Invalid-,-Invalid-,-Invalid-,-Invalid-,-Invalid-,-Invalid-,-Invalid-,-Invalid-,-Invalid-,-Invalid-
7/8/2009 17:20,-Invalid-,-Invalid-,-Invalid-,-Invalid-,-Invalid-,-Invalid-,-Invalid-,-Invalid-,-Invalid-,-Invalid-
7/8/2009 17:30,-Invalid-,-Invalid-,-Invalid-,-Invalid-,-Invalid-,-Invalid-,-Invalid-,-Invalid-,-Invalid-,-Invalid-
7/8/2009 17:40,-Invalid-,-Invalid-,-Invalid-,-Invalid-,-Invalid-,-Invalid-,-Invalid-,-Invalid-,-Invalid-,-Invalid-
7/8/2009 17:50,-Invalid-,-Invalid-,-Invalid-,-Invalid-,-Invalid-,-Invalid-,-Invalid-,-Invalid-,-Invalid-,-Invalid-
7/8/2009 18:00,-Invalid-,-Invalid-,-Invalid-,-Invalid-,-Invalid-,-Invalid-,-Invalid-,-Invalid-,-Invalid-,-Invalid-
7/8/2009 18:10,-Invalid-,-Invalid-,-Invalid-,-Invalid-,-Invalid-,-Invalid-,-Invalid-,-Invalid-,-Invalid-,-Invalid-
7/8/2009 18:20,-Invalid-,-Invalid-,-Invalid-,-Invalid-,-Invalid-,-Invalid-,-Invalid-,-Invalid-,-Invalid-,-Invalid-
7/8/2009 18:30,-Invalid-,-Invalid-,-Invalid-,-Invalid-,-Invalid-,-Invalid-,-Invalid-,-Invalid-,-Invalid-,-Invalid-
7/8/2009 18:40,-Invalid-,-Invalid-,-Invalid-,-Invalid-,-Invalid-,-Invalid-,-Invalid-,-Invalid-,-Invalid-,-Invalid-
7/8/2009 18:50,-Invalid-,-Invalid-,-Invalid-,-Invalid-,-Invalid-,-Invalid-,-Invalid-,-Invalid-,-Invalid-,-Invalid-
7/8/2009 19:00,-Invalid-,-Invalid-,-Invalid-,-Invalid-,-Invalid-,-Invalid-,-Invalid-,-Invalid-,-Invalid-,-Invalid-
7/8/2009 19:10,-Invalid-,-Invalid-,-Invalid-,-Invalid-,-Invalid-,-Invalid-,-Invalid-,-Invalid-,-Invalid-,-Invalid-
7/8/2009 19:20,-Invalid-,-Invalid-,-Invalid-,-Invalid-,-Invalid-,-Invalid-,-Invalid-,-Invalid-,-Invalid-,-Invalid-
7/8/2009 19:30,-Invalid-,-Invalid-,-Invalid-,-Invalid-,-Invalid-,-Invalid-,-Invalid-,-Invalid-,-Invalid-,-Invalid-
7/8/2009 19:40,-Invalid-,-Invalid-,-Invalid-,-Invalid-,-Invalid-,-Invalid-,-Invalid-,-Invalid-,-Invalid-,-Invalid-
7/8/2009 19:50,-Invalid-,-Invalid-,-Invalid-,-Invalid-,-Invalid-,-Invalid-,-Invalid-,-Invalid-,-Invalid-,-Invalid-
7/8/2009 20:00,-Invalid-,-Invalid-,-Invalid-,-Invalid-,-Invalid-,-Invalid-,-Invalid-,-Invalid-,-Invalid-,-Invalid-
7/8/2009 20:10,-Invalid-,-Invalid-,-Invalid-,-Invalid-,-Invalid-,-Invalid-,-Invalid-,-Invalid-,-Invalid-,-Invalid-
7/8/2009 20:20,-Invalid-,-Invalid-,-Invalid-,-Invalid-,-Invalid-,-Invalid-,-Invalid-,-Invalid-,-Invalid-,-Invalid-
7/8/2009 20:30,-Invalid-,-Invalid-,-Invalid-,-Invalid-,-Invalid-,-Invalid-,-Invalid-,-Invalid-,-Invalid-,-Invalid-
7/8/2009 20:40,-Invalid-,-Invalid-,-Invalid-,-Invalid-,-Invalid-,-Invalid-,-Invalid-,-Invalid-,-Invalid-,-Invalid-
7/8/2009 20:50,-Invalid-,-Invalid-,-Invalid-,-Invalid-,-Invalid-,-Invalid-,-Invalid-,-Invalid-,-Invalid-,-Invalid-
7/8/2009 21:00,-Invalid-,-Invalid-,-Invalid-,-Invalid-,-Invalid-,-Invalid-,-Invalid-,-Invalid-,-Invalid-,-Invalid-
7/8/2009 21:10,-Invalid-,-Invalid-,-Invalid-,-Invalid-,-Invalid-,-Invalid-,-Invalid-,-Invalid-,-Invalid-,-Invalid-
7/8/2009 21:20,-Invalid-,-Invalid-,-Invalid-,-Invalid-,-Invalid-,-Invalid-,-Invalid-,-Invalid-,-Invalid-,-Invalid-
7/8/2009 21:30,-Invalid-,-Invalid-,-Invalid-,-Invalid-,-Invalid-,-Invalid-,-Invalid-,-Invalid-,-Invalid-,-Invalid-
7/8/2009 21:40,-Invalid-,-Invalid-,-Invalid-,-Invalid-,-Invalid-,-Invalid-,-Invalid-,-Invalid-,-Invalid-,-Invalid-
7/8/2009 21:50,-Invalid-,-Invalid-,-Invalid-,-Invalid-,-Invalid-,-Invalid-,-Invalid-,-Invalid-,-Invalid-,-Invalid-
7/8/2009 22:00,-Invalid-,-Invalid-,-Invalid-,-Invalid-,-Invalid-,-Invalid-,-Invalid-,-Invalid-,-Invalid-,-Invalid-
7/8/2009 22:10,-Invalid-,-Invalid-,-Invalid-,-Invalid-,-Invalid-,-Invalid-,-Invalid-,-Invalid-,-Invalid-,-Invalid-
7/8/2009 22:20,-Invalid-,-Invalid-,-Invalid-,-Invalid-,-Invalid-,-Invalid-,-Invalid-,-Invalid-,-Invalid-,-Invalid-
7/8/2009 22:30,-Invalid-,-Invalid-,-Invalid-,-Invalid-,-Invalid-,-Invalid-,-Invalid-,-Invalid-,-Invalid-,-Invalid-
7/8/2009 22:40,-Invalid-,-Invalid-,-Invalid-,-Invalid-,-Invalid-,-Invalid-,-Invalid-,-Invalid-,-Invalid-,-Invalid-
7/8/2009 22:50,-Invalid-,-Invalid-,-Invalid-,-Invalid-,-Invalid-,-Invalid-,-Invalid-,-Invalid-,-Invalid-,-Invalid-
7/8/2009 23:00,-Invalid-,-Invalid-,-Invalid-,-Invalid-,-Invalid-,-Invalid-,-Invalid-,-Invalid-,-Invalid-,-Invalid-
7/8/2009 23:10,-Invalid-,-Invalid-,-Invalid-,-Invalid-,-Invalid-,-Invalid-,-Invalid-,-Invalid-,-Invalid-,-Invalid-
7/8/2009 23:20,-Invalid-,-Invalid-,-Invalid-,-Invalid-,-Invalid-,-Invalid-,-Invalid-,-Invalid-,-Invalid-,-Invalid-
7/8/2009 23:30,-Invalid-,-Invalid-,-Invalid-,-Invalid-,-Invalid-,-Invalid-,-Invalid-,-Invalid-,-Invalid-,-Invalid-
7/8/2009 23:40,-Invalid-,-Invalid-,-Invalid-,-Invalid-,-Invalid-,-Invalid-,-Invalid-,-Invalid-,-Invalid-,-Invalid-
7/8/2009 23:50,-Invalid-,-Invalid-,-Invalid-,-Invalid-,-Invalid-,-Invalid-,-Invalid-,-Invalid-,-Invalid-,-Invalid-
7/9/2009 0:00,-Invalid-,-Invalid-,-Invalid-,-Invalid-,-Invalid-,-Invalid-,-Invalid-,-Invalid-,-Invalid-,-Invalid-
7/9/2009 0:10,-Invalid-,-Invalid-,-Invalid-,-Invalid-,-Invalid-,-Invalid-,-Invalid-,-Invalid-,-Invalid-,-Invalid-
7/9/2009 0:20,-Invalid-,-Invalid-,-Invalid-,-Invalid-,-Invalid-,-Invalid-,-Invalid-,-Invalid-,-Invalid-,-Invalid-
7/9/2009 0:30,-Invalid-,-Invalid-,-Invalid-,-Invalid-,-Invalid-,-Invalid-,-Invalid-,-Invalid-,-Invalid-,-Invalid-
7/9/2009 0:40,-Invalid-,-Invalid-,-Invalid-,-Invalid-,-Invalid-,-Invalid-,-Invalid-,-Invalid-,-Invalid-,-Invalid-
7/9/2009 0:50,-Invalid-,-Invalid-,-Invalid-,-Invalid-,-Invalid-,-Invalid-,-Invalid-,-Invalid-,-Invalid-,-Invalid-
7/9/2009 1:00,-Invalid-,-Invalid-,-Invalid-,-Invalid-,-Invalid-,-Invalid-,-Invalid-,-Invalid-,-Invalid-,-Invalid-
7/9/2009 1:10,-Invalid-,-Invalid-,-Invalid-,-Invalid-,-Invalid-,-Invalid-,-Invalid-,-Invalid-,-Invalid-,-Invalid-
7/9/2009 1:20,-Invalid-,-Invalid-,-Invalid-,-Invalid-,-Invalid-,-Invalid-,-Invalid-,-Invalid-,-Invalid-,-Invalid-
7/9/2009 1:30,-Invalid-,-Invalid-,-Invalid-,-Invalid-,-Invalid-,-Invalid-,-Invalid-,-Invalid-,-Invalid-,-Invalid-
7/9/2009 1:40,-Invalid-,-Invalid-,-Invalid-,-Invalid-,-Invalid-,-Invalid-,-Invalid-,-Invalid-,-Invalid-,-Invalid-
7/9/2009 1:50,-Invalid-,-Invalid-,-Invalid-,-Invalid-,-Invalid-,-Invalid-,-Invalid-,-Invalid-,-Invalid-,-Invalid-
7/9/2009 2:00,-Invalid-,-Invalid-,-Invalid-,-Invalid-,-Invalid-,-Invalid-,-Invalid-,-Invalid-,-Invalid-,-Invalid-
7/9/2009 2:10,-Invalid-,-Invalid-,-Invalid-,-Invalid-,-Invalid-,-Invalid-,-Invalid-,-Invalid-,-Invalid-,-Invalid-
7/9/2009 2:20,-Invalid-,-Invalid-,-Invalid-,-Invalid-,-Invalid-,-Invalid-,-Invalid-,-Invalid-,-Invalid-,-Invalid-
7/9/2009 2:30,-Invalid-,-Invalid-,-Invalid-,-Invalid-,-Invalid-,-Invalid-,-Invalid-,-Invalid-,-Invalid-,-Invalid-
7/9/2009 2:40,-Invalid-,-Invalid-,-Invalid-,-Invalid-,-Invalid-,-Invalid-,-Invalid-,-Invalid-,-Invalid-,-Invalid-
7/9/2009 2:50,-Invalid-,-Invalid-,-Invalid-,-Invalid-,-Invalid-,-Invalid-,-Invalid-,-Invalid-,-Invalid-,-Invalid-
7/9/2009 3:00,-Invalid-,-Invalid-,-Invalid-,-Invalid-,-Invalid-,-Invalid-,-Invalid-,-Invalid-,-Invalid-,-Invalid-
7/9/2009 3:10,-Invalid-,-Invalid-,-Invalid-,-Invalid-,-Invalid-,-Invalid-,-Invalid-,-Invalid-,-Invalid-,-Invalid-
7/9/2009 3:20,-Invalid-,-Invalid-,-Invalid-,-Invalid-,-Invalid-,-Invalid-,-Invalid-,-Invalid-,-Invalid-,-Invalid-
7/9/2009 3:30,-Invalid-,-Invalid-,-Invalid-,-Invalid-,-Invalid-,-Invalid-,-Invalid-,-Invalid-,-Invalid-,-Invalid-
7/9/2009 3:40,-Invalid-,-Invalid-,-Invalid-,-Invalid-,-Invalid-,-Invalid-,-Invalid-,-Invalid-,-Invalid-,-Invalid-
7/9/2009 3:50,-Invalid-,-Invalid-,-Invalid-,-Invalid-,-Invalid-,-Invalid-,-Invalid-,-Invalid-,-Invalid-,-Invalid-
7/9/2009 4:00,-Invalid-,-Invalid-,-Invalid-,-Invalid-,-Invalid-,-Invalid-,-Invalid-,-Invalid-,-Invalid-,-Invalid-
7/9/2009 4:10,-Invalid-,-Invalid-,-Invalid-,-Invalid-,-Invalid-,-Invalid-,-Invalid-,-Invalid-,-Invalid-,-Invalid-
7/9/2009 4:20,-Invalid-,-Invalid-,-Invalid-,-Invalid-,-Invalid-,-Invalid-,-Invalid-,-Invalid-,-Invalid-,-Invalid-
7/9/2009 4:30,-Invalid-,-Invalid-,-Invalid-,-Invalid-,-Invalid-,-Invalid-,-Invalid-,-Invalid-,-Invalid-,-Invalid-
7/9/2009 4:40,-Invalid-,-Invalid-,-Invalid-,-Invalid-,-Invalid-,-Invalid-,-Invalid-,-Invalid-,-Invalid-,-Invalid-
7/9/2009 4:50,-Invalid-,-Invalid-,-Invalid-,-Invalid-,-Invalid-,-Invalid-,-Invalid-,-Invalid-,-Invalid-,-Invalid-
7/9/2009 5:00,-Invalid-,-Invalid-,-Invalid-,-Invalid-,-Invalid-,-Invalid-,-Invalid-,-Invalid-,-Invalid-,-Invalid-
7/9/2009 5:10,-Invalid-,-Invalid-,-Invalid-,-Invalid-,-Invalid-,-Invalid-,-Invalid-,-Invalid-,-Invalid-,-Invalid-
7/9/2009 5:20,-Invalid-,-Invalid-,-Invalid-,-Invalid-,-Invalid-,-Invalid-,-Invalid-,-Invalid-,-Invalid-,-Invalid-
7/9/2009 5:30,-Invalid-,-Invalid-,-Invalid-,-Invalid-,-Invalid-,-Invalid-,-Invalid-,-Invalid-,-Invalid-,-Invalid-
7/9/2009 5:40,-Invalid-,-Invalid-,-Invalid-,-Invalid-,-Invalid-,-Invalid-,-Invalid-,-Invalid-,-Invalid-,-Invalid-
7/9/2009 5:50,-Invalid-,-Invalid-,-Invalid-,-Invalid-,-Invalid-,-Invalid-,-Invalid-,-Invalid-,-Invalid-,-Invalid-
7/9/2009 6:00,-Invalid-,-Invalid-,-Invalid-,-Invalid-,-Invalid-,-Invalid-,-Invalid-,-Invalid-,-Invalid-,-Invalid-
7/9/2009 6:10,-Invalid-,-Invalid-,-Invalid-,-Invalid-,-Invalid-,-Invalid-,-Invalid-,-Invalid-,-Invalid-,-Invalid-
7/9/2009 6:20,-Invalid-,-Invalid-,-Invalid-,-Invalid-,-Invalid-,-Invalid-,-Invalid-,-Invalid-,-Invalid-,-Invalid-
7/9/2009 6:30,-Invalid-,-Invalid-,-Invalid-,-Invalid-,-Invalid-,-Invalid-,-Invalid-,-Invalid-,-Invalid-,-Invalid-
7/9/2009 6:40,-Invalid-,-Invalid-,-Invalid-,-Invalid-,-Invalid-,-Invalid-,-Invalid-,-Invalid-,-Invalid-,-Invalid-
7/9/2009 6:50,-Invalid-,-Invalid-,-Invalid-,-Invalid-,-Invalid-,-Invalid-,-Invalid-,-Invalid-,-Invalid-,-Invalid-
7/9/2009 7:00,-Invalid-,-Invalid-,-Invalid-,-Invalid-,-Invalid-,-Invalid-,-Invalid-,-Invalid-,-Invalid-,-Invalid-
7/9/2009 7:10,-Invalid-,-Invalid-,-Invalid-,-Invalid-,-Invalid-,-Invalid-,-Invalid-,-Invalid-,-Invalid-,-Invalid-
7/9/2009 7:20,-Invalid-,-Invalid-,-Invalid-,-Invalid-,-Invalid-,-Invalid-,-Invalid-,-Invalid-,-Invalid-,-Invalid-
7/9/2009 7:30,-Invalid-,-Invalid-,-Invalid-,-Invalid-,-Invalid-,-Invalid-,-Invalid-,-Invalid-,-Invalid-,-Invalid-
7/9/2009 7:40,-Invalid-,-Invalid-,-Invalid-,-Invalid-,-Invalid-,-Invalid-,-Invalid-,-Invalid-,-Invalid-,-Invalid-
7/9/2009 7:50,-Invalid-,-Invalid-,-Invalid-,-Invalid-,-Invalid-,-Invalid-,-Invalid-,-Invalid-,-Invalid-,-Invalid-
7/9/2009 8:00,-Invalid-,-Invalid-,-Invalid-,-Invalid-,-Invalid-,-Invalid-,-Invalid-,-Invalid-,-Invalid-,-Invalid-
7/9/2009 8:10,-Invalid-,-Invalid-,-Invalid-,-Invalid-,-Invalid-,-Invalid-,-Invalid-,-Invalid-,-Invalid-,-Invalid-
7/9/2009 8:20,-Invalid-,-Invalid-,-Invalid-,-Invalid-,-Invalid-,-Invalid-,-Invalid-,-Invalid-,-Invalid-,-Invalid-
7/9/2009 8:30,-Invalid-,-Invalid-,-Invalid-,-Invalid-,-Invalid-,-Invalid-,-Invalid-,-Invalid-,-Invalid-,-Invalid-
7/9/2009 8:40,-Invalid-,-Invalid-,-Invalid-,-Invalid-,-Invalid-,-Invalid-,-Invalid-,-Invalid-,-Invalid-,-Invalid-
7/9/2009 8:50,-Invalid-,-Invalid-,-Invalid-,-Invalid-,-Invalid-,-Invalid-,-Invalid-,-Invalid-,-Invalid-,-Invalid-
7/9/2009 9:00,-Invalid-,-Invalid-,-Invalid-,-Invalid-,-Invalid-,-Invalid-,-Invalid-,-Invalid-,-Invalid-,-Invalid-
7/9/2009 9:10,-Invalid-,-Invalid-,-Invalid-,-Invalid-,-Invalid-,-Invalid-,-Invalid-,-Invalid-,-Invalid-,-Invalid-
7/9/2009 9:20,-Invalid-,-Invalid-,-Invalid-,-Invalid-,-Invalid-,-Invalid-,-Invalid-,-Invalid-,-Invalid-,-Invalid-
7/9/2009 9:30,-Invalid-,-Invalid-,-Invalid-,-Invalid-,-Invalid-,-Invalid-,-Invalid-,-Invalid-,-Invalid-,-Invalid-
7/9/2009 9:40,-Invalid-,-Invalid-,-Invalid-,-Invalid-,-Invalid-,-Invalid-,-Invalid-,-Invalid-,-Invalid-,-Invalid-
7/9/2009 9:50,-Invalid-,-Invalid-,-Invalid-,-Invalid-,-Invalid-,-Invalid-,-Invalid-,-Invalid-,-Invalid-,-Invalid-
7/9/2009 10:00,-Invalid-,-Invalid-,-Invalid-,-Invalid-,-Invalid-,-Invalid-,-Invalid-,-Invalid-,-Invalid-,-Invalid-
7/9/2009 10:10,-Invalid-,-Invalid-,-Invalid-,-Invalid-,-Invalid-,-Invalid-,-Invalid-,-Invalid-,-Invalid-,-Invalid-
7/9/2009 10:20,-Invalid-,-Invalid-,-Invalid-,-Invalid-,-Invalid-,-Invalid-,-Invalid-,-Invalid-,-Invalid-,-Invalid-
7/9/2009 10:30,-Invalid-,-Invalid-,-Invalid-,-Invalid-,-Invalid-,-Invalid-,-Invalid-,-Invalid-,-Invalid-,-Invalid-
7/9/2009 10:40,-Invalid-,-Invalid-,-Invalid-,-Invalid-,-Invalid-,-Invalid-,-Invalid-,-Invalid-,-Invalid-,-Invalid-
7/9/2009 10:50,-Invalid-,-Invalid-,-Invalid-,-Invalid-,-Invalid-,-Invalid-,-Invalid-,-Invalid-,-Invalid-,-Invalid-
7/9/2009 11:00,-Invalid-,-Invalid-,-Invalid-,-Invalid-,-Invalid-,-Invalid-,-Invalid-,-Invalid-,-Invalid-,-Invalid-
7/9/2009 11:10,-Invalid-,-Invalid-,-Invalid-,-Invalid-,-Invalid-,-Invalid-,-Invalid-,-Invalid-,-Invalid-,-Invalid-
7/9/2009 11:20,-Invalid-,-Invalid-,-Invalid-,-Invalid-,-Invalid-,-Invalid-,-Invalid-,-Invalid-,-Invalid-,-Invalid-
7/9/2009 11:30,-Invalid-,-Invalid-,-Invalid-,-Invalid-,-Invalid-,-Invalid-,-Invalid-,-Invalid-,-Invalid-,-Invalid-
7/9/2009 11:40,-Invalid-,-Invalid-,-Invalid-,-Invalid-,-Invalid-,-Invalid-,-Invalid-,-Invalid-,-Invalid-,-Invalid-
7/9/2009 11:50,-Invalid-,-Invalid-,-Invalid-,-Invalid-,-Invalid-,-Invalid-,-Invalid-,-Invalid-,-Invalid-,-Invalid-
7/9/2009 12:00,-Invalid-,-Invalid-,-Invalid-,-Invalid-,-Invalid-,-Invalid-,-Invalid-,-Invalid-,-Invalid-,-Invalid-
7/9/2009 12:10,-Invalid-,-Invalid-,-Invalid-,-Invalid-,-Invalid-,-Invalid-,-Invalid-,-Invalid-,-Invalid-,-Invalid-
7/9/2009 12:20,-Invalid-,-Invalid-,-Invalid-,-Invalid-,-Invalid-,-Invalid-,-Invalid-,-Invalid-,-Invalid-,-Invalid-
7/9/2009 12:30,-Invalid-,-Invalid-,-Invalid-,-Invalid-,-Invalid-,-Invalid-,-Invalid-,-Invalid-,-Invalid-,-Invalid-
7/9/2009 12:40,-Invalid-,-Invalid-,-Invalid-,-Invalid-,-Invalid-,-Invalid-,-Invalid-,-Invalid-,-Invalid-,-Invalid-
7/9/2009 12:50,-Invalid-,-Invalid-,-Invalid-,-Invalid-,-Invalid-,-Invalid-,-Invalid-,-Invalid-,-Invalid-,-Invalid-
7/9/2009 13:00,-Invalid-,-Invalid-,-Invalid-,-Invalid-,-Invalid-,-Invalid-,-Invalid-,-Invalid-,-Invalid-,-Invalid-
7/9/2009 13:10,-Invalid-,-Invalid-,-Invalid-,-Invalid-,-Invalid-,-Invalid-,-Invalid-,-Invalid-,-Invalid-,-Invalid-
7/9/2009 13:20,-Invalid-,-Invalid-,-Invalid-,-Invalid-,-Invalid-,-Invalid-,-Invalid-,-Invalid-,-Invalid-,-Invalid-
7/9/2009 13:30,-Invalid-,-Invalid-,-Invalid-,-Invalid-,-Invalid-,-Invalid-,-Invalid-,-Invalid-,-Invalid-,-Invalid-
7/9/2009 13:40,-Invalid-,-Invalid-,-Invalid-,-Invalid-,-Invalid-,-Invalid-,-Invalid-,-Invalid-,-Invalid-,-Invalid-
7/9/2009 13:50,-Invalid-,-Invalid-,-Invalid-,-Invalid-,-Invalid-,-Invalid-,-Invalid-,-Invalid-,-Invalid-,-Invalid-
7/9/2009 14:00,-Invalid-,-Invalid-,-Invalid-,-Invalid-,-Invalid-,-Invalid-,-Invalid-,-Invalid-,-Invalid-,-Invalid-
7/9/2009 14:10,-Invalid-,-Invalid-,-Invalid-,-Invalid-,-Invalid-,-Invalid-,-Invalid-,-Invalid-,-Invalid-,-Invalid-
7/9/2009 14:20,-Invalid-,-Invalid-,-Invalid-,-Invalid-,-Invalid-,-Invalid-,-Invalid-,-Invalid-,-Invalid-,-Invalid-
7/9/2009 14:30,-Invalid-,-Invalid-,-Invalid-,-Invalid-,-Invalid-,-Invalid-,-Invalid-,-Invalid-,-Invalid-,-Invalid-
7/9/2009 14:40,-Invalid-,-Invalid-,-Invalid-,-Invalid-,-Invalid-,-Invalid-,-Invalid-,-Invalid-,-Invalid-,-Invalid-
7/9/2009 14:50,-Invalid-,-Invalid-,-Invalid-,-Invalid-,-Invalid-,-Invalid-,-Invalid-,-Invalid-,-Invalid-,-Invalid-
7/9/2009 15:00,-Invalid-,-Invalid-,-Invalid-,-Invalid-,-Invalid-,-Invalid-,-Invalid-,-Invalid-,-Invalid-,-Invalid-
7/9/2009 15:10,-Invalid-,-Invalid-,-Invalid-,-Invalid-,-Invalid-,-Invalid-,-Invalid-,-Invalid-,-Invalid-,-Invalid-
7/9/2009 15:20,-Invalid-,-Invalid-,-Invalid-,-Invalid-,-Invalid-,-Invalid-,-Invalid-,-Invalid-,-Invalid-,-Invalid-
7/9/2009 15:30,-Invalid-,-Invalid-,-Invalid-,-Invalid-,-Invalid-,-Invalid-,-Invalid-,-Invalid-,-Invalid-,-Invalid-
7/9/2009 15:40,-Invalid-,-Invalid-,-Invalid-,-Invalid-,-Invalid-,-Invalid-,-Invalid-,-Invalid-,-Invalid-,-Invalid-
7/9/2009 15:50,-Invalid-,-Invalid-,-Invalid-,-Invalid-,-Invalid-,-Invalid-,-Invalid-,-Invalid-,-Invalid-,-Invalid-
7/9/2009 16:00,-Invalid-,-Invalid-,-Invalid-,-Invalid-,-Invalid-,-Invalid-,-Invalid-,-Invalid-,-Invalid-,-Invalid-
7/9/2009 16:10,-Invalid-,-Invalid-,-Invalid-,-Invalid-,-Invalid-,-Invalid-,-Invalid-,-Invalid-,-Invalid-,-Invalid-
7/9/2009 16:20,-Invalid-,-Invalid-,-Invalid-,-Invalid-,-Invalid-,-Invalid-,-Invalid-,-Invalid-,-Invalid-,-Invalid-
7/9/2009 16:30,-Invalid-,-Invalid-,-Invalid-,-Invalid-,-Invalid-,-Invalid-,-Invalid-,-Invalid-,-Invalid-,-Invalid-
7/9/2009 16:40,-Invalid-,-Invalid-,-Invalid-,-Invalid-,-Invalid-,-Invalid-,-Invalid-,-Invalid-,-Invalid-,-Invalid-
7/9/2009 16:50,-Invalid-,-Invalid-,-Invalid-,-Invalid-,-Invalid-,-Invalid-,-Invalid-,-Invalid-,-Invalid-,-Invalid-
7/9/2009 17:00,-Invalid-,-Invalid-,-Invalid-,-Invalid-,-Invalid-,-Invalid-,-Invalid-,-Invalid-,-Invalid-,-Invalid-
7/9/2009 17:10,-Invalid-,-Invalid-,-Invalid-,-Invalid-,-Invalid-,-Invalid-,-Invalid-,-Invalid-,-Invalid-,-Invalid-
7/9/2009 17:20,-Invalid-,-Invalid-,-Invalid-,-Invalid-,-Invalid-,-Invalid-,-Invalid-,-Invalid-,-Invalid-,-Invalid-
7/9/2009 17:30,-Invalid-,-Invalid-,-Invalid-,-Invalid-,-Invalid-,-Invalid-,-Invalid-,-Invalid-,-Invalid-,-Invalid-
7/9/2009 17:40,-Invalid-,-Invalid-,-Invalid-,-Invalid-,-Invalid-,-Invalid-,-Invalid-,-Invalid-,-Invalid-,-Invalid-
7/9/2009 17:50,-Invalid-,-Invalid-,-Invalid-,-Invalid-,-Invalid-,-Invalid-,-Invalid-,-Invalid-,-Invalid-,-Invalid-
7/9/2009 18:00,-Invalid-,-Invalid-,-Invalid-,-Invalid-,-Invalid-,-Invalid-,-Invalid-,-Invalid-,-Invalid-,-Invalid-
7/9/2009 18:10,-Invalid-,-Invalid-,-Invalid-,-Invalid-,-Invalid-,-Invalid-,-Invalid-,-Invalid-,-Invalid-,-Invalid-
7/9/2009 18:20,-Invalid-,-Invalid-,-Invalid-,-Invalid-,-Invalid-,-Invalid-,-Invalid-,-Invalid-,-Invalid-,-Invalid-
7/9/2009 18:30,-Invalid-,-Invalid-,-Invalid-,-Invalid-,-Invalid-,-Invalid-,-Invalid-,-Invalid-,-Invalid-,-Invalid-
7/9/2009 18:40,-Invalid-,-Invalid-,-Invalid-,-Invalid-,-Invalid-,-Invalid-,-Invalid-,-Invalid-,-Invalid-,-Invalid-
7/9/2009 18:50,-Invalid-,-Invalid-,-Invalid-,-Invalid-,-Invalid-,-Invalid-,-Invalid-,-Invalid-,-Invalid-,-Invalid-
7/9/2009 19:00,-Invalid-,-Invalid-,-Invalid-,-Invalid-,-Invalid-,-Invalid-,-Invalid-,-Invalid-,-Invalid-,-Invalid-
7/9/2009 19:10,-Invalid-,-Invalid-,-Invalid-,-Invalid-,-Invalid-,-Invalid-,-Invalid-,-Invalid-,-Invalid-,-Invalid-
7/9/2009 19:20,-Invalid-,-Invalid-,-Invalid-,-Invalid-,-Invalid-,-Invalid-,-Invalid-,-Invalid-,-Invalid-,-Invalid-
7/9/2009 19:30,-Invalid-,-Invalid-,-Invalid-,-Invalid-,-Invalid-,-Invalid-,-Invalid-,-Invalid-,-Invalid-,-Invalid-
7/9/2009 19:40,-Invalid-,-Invalid-,-Invalid-,-Invalid-,-Invalid-,-Invalid-,-Invalid-,-Invalid-,-Invalid-,-Invalid-
7/9/2009 19:50,-Invalid-,-Invalid-,-Invalid-,-Invalid-,-Invalid-,-Invalid-,-Invalid-,-Invalid-,-Invalid-,-Invalid-
7/9/2009 20:00,-Invalid-,-Invalid-,-Invalid-,-Invalid-,-Invalid-,-Invalid-,-Invalid-,-Invalid-,-Invalid-,-Invalid-
7/9/2009 20:10,-Invalid-,-Invalid-,-Invalid-,-Invalid-,-Invalid-,-Invalid-,-Invalid-,-Invalid-,-Invalid-,-Invalid-
7/9/2009 20:20,-Invalid-,-Invalid-,-Invalid-,-Invalid-,-Invalid-,-Invalid-,-Invalid-,-Invalid-,-Invalid-,-Invalid-
7/9/2009 20:30,-Invalid-,-Invalid-,-Invalid-,-Invalid-,-Invalid-,-Invalid-,-Invalid-,-Invalid-,-Invalid-,-Invalid-
7/9/2009 20:40,-Invalid-,-Invalid-,-Invalid-,-Invalid-,-Invalid-,-Invalid-,-Invalid-,-Invalid-,-Invalid-,-Invalid-
7/9/2009 20:50,-Invalid-,-Invalid-,-Invalid-,-Invalid-,-Invalid-,-Invalid-,-Invalid-,-Invalid-,-Invalid-,-Invalid-
7/9/2009 21:00,-Invalid-,-Invalid-,-Invalid-,-Invalid-,-Invalid-,-Invalid-,-Invalid-,-Invalid-,-Invalid-,-Invalid-
7/9/2009 21:10,-Invalid-,-Invalid-,-Invalid-,-Invalid-,-Invalid-,-Invalid-,-Invalid-,-Invalid-,-Invalid-,-Invalid-
7/9/2009 21:20,-Invalid-,-Invalid-,-Invalid-,-Invalid-,-Invalid-,-Invalid-,-Invalid-,-Invalid-,-Invalid-,-Invalid-
7/9/2009 21:30,-Invalid-,-Invalid-,-Invalid-,-Invalid-,-Invalid-,-Invalid-,-Invalid-,-Invalid-,-Invalid-,-Invalid-
7/9/2009 21:40,-Invalid-,-Invalid-,-Invalid-,-Invalid-,-Invalid-,-Invalid-,-Invalid-,-Invalid-,-Invalid-,-Invalid-
7/9/2009 21:50,-Invalid-,-Invalid-,-Invalid-,-Invalid-,-Invalid-,-Invalid-,-Invalid-,-Invalid-,-Invalid-,-Invalid-
7/9/2009 22:00,-Invalid-,-Invalid-,-Invalid-,-Invalid-,-Invalid-,-Invalid-,-Invalid-,-Invalid-,-Invalid-,-Invalid-
7/9/2009 22:10,-Invalid-,-Invalid-,-Invalid-,-Invalid-,-Invalid-,-Invalid-,-Invalid-,-Invalid-,-Invalid-,-Invalid-
7/9/2009 22:20,-Invalid-,-Invalid-,-Invalid-,-Invalid-,-Invalid-,-Invalid-,-Invalid-,-Invalid-,-Invalid-,-Invalid-
7/9/2009 22:30,-Invalid-,-Invalid-,-Invalid-,-Invalid-,-Invalid-,-Invalid-,-Invalid-,-Invalid-,-Invalid-,-Invalid-
7/9/2009 22:40,-Invalid-,-Invalid-,-Invalid-,-Invalid-,-Invalid-,-Invalid-,-Invalid-,-Invalid-,-Invalid-,-Invalid-
7/9/2009 22:50,-Invalid-,-Invalid-,-Invalid-,-Invalid-,-Invalid-,-Invalid-,-Invalid-,-Invalid-,-Invalid-,-Invalid-
7/9/2009 23:00,-Invalid-,-Invalid-,-Invalid-,-Invalid-,-Invalid-,-Invalid-,-Invalid-,-Invalid-,-Invalid-,-Invalid-
7/9/2009 23:10,-Invalid-,-Invalid-,-Invalid-,-Invalid-,-Invalid-,-Invalid-,-Invalid-,-Invalid-,-Invalid-,-Invalid-
7/9/2009 23:20,-Invalid-,-Invalid-,-Invalid-,-Invalid-,-Invalid-,-Invalid-,-Invalid-,-Invalid-,-Invalid-,-Invalid-
7/9/2009 23:30,-Invalid-,-Invalid-,-Invalid-,-Invalid-,-Invalid-,-Invalid-,-Invalid-,-Invalid-,-Invalid-,-Invalid-
7/9/2009 23:40,-Invalid-,-Invalid-,-Invalid-,-Invalid-,-Invalid-,-Invalid-,-Invalid-,-Invalid-,-Invalid-,-Invalid-
7/9/2009 23:50,-Invalid-,-Invalid-,-Invalid-,-Invalid-,-Invalid-,-Invalid-,-Invalid-,-Invalid-,-Invalid-,-Invalid-
7/10/2009 0:00,-Invalid-,-Invalid-,-Invalid-,-Invalid-,-Invalid-,-Invalid-,-Invalid-,-Invalid-,-Invalid-,-Invalid-
7/10/2009 0:10,-Invalid-,-Invalid-,-Invalid-,-Invalid-,-Invalid-,-Invalid-,-Invalid-,-Invalid-,-Invalid-,-Invalid-
7/10/2009 0:20,-Invalid-,-Invalid-,-Invalid-,-Invalid-,-Invalid-,-Invalid-,-Invalid-,-Invalid-,-Invalid-,-Invalid-
7/10/2009 0:30,-Invalid-,-Invalid-,-Invalid-,-Invalid-,-Invalid-,-Invalid-,-Invalid-,-Invalid-,-Invalid-,-Invalid-
7/10/2009 0:40,-Invalid-,-Invalid-,-Invalid-,-Invalid-,-Invalid-,-Invalid-,-Invalid-,-Invalid-,-Invalid-,-Invalid-
7/10/2009 0:50,-Invalid-,-Invalid-,-Invalid-,-Invalid-,-Invalid-,-Invalid-,-Invalid-,-Invalid-,-Invalid-,-Invalid-
7/10/2009 1:00,-Invalid-,-Invalid-,-Invalid-,-Invalid-,-Invalid-,-Invalid-,-Invalid-,-Invalid-,-Invalid-,-Invalid-
7/10/2009 1:10,-Invalid-,-Invalid-,-Invalid-,-Invalid-,-Invalid-,-Invalid-,-Invalid-,-Invalid-,-Invalid-,-Invalid-
7/10/2009 1:20,-Invalid-,-Invalid-,-Invalid-,-Invalid-,-Invalid-,-Invalid-,-Invalid-,-Invalid-,-Invalid-,-Invalid-
7/10/2009 1:30,-Invalid-,-Invalid-,-Invalid-,-Invalid-,-Invalid-,-Invalid-,-Invalid-,-Invalid-,-Invalid-,-Invalid-
7/10/2009 1:40,-Invalid-,-Invalid-,-Invalid-,-Invalid-,-Invalid-,-Invalid-,-Invalid-,-Invalid-,-Invalid-,-Invalid-
7/10/2009 1:50,-Invalid-,-Invalid-,-Invalid-,-Invalid-,-Invalid-,-Invalid-,-Invalid-,-Invalid-,-Invalid-,-Invalid-
7/10/2009 2:00,-Invalid-,-Invalid-,-Invalid-,-Invalid-,-Invalid-,-Invalid-,-Invalid-,-Invalid-,-Invalid-,-Invalid-
7/10/2009 2:10,-Invalid-,-Invalid-,-Invalid-,-Invalid-,-Invalid-,-Invalid-,-Invalid-,-Invalid-,-Invalid-,-Invalid-
7/10/2009 2:20,-Invalid-,-Invalid-,-Invalid-,-Invalid-,-Invalid-,-Invalid-,-Invalid-,-Invalid-,-Invalid-,-Invalid-
7/10/2009 2:30,-Invalid-,-Invalid-,-Invalid-,-Invalid-,-Invalid-,-Invalid-,-Invalid-,-Invalid-,-Invalid-,-Invalid-
7/10/2009 2:40,-Invalid-,-Invalid-,-Invalid-,-Invalid-,-Invalid-,-Invalid-,-Invalid-,-Invalid-,-Invalid-,-Invalid-
7/10/2009 2:50,-Invalid-,-Invalid-,-Invalid-,-Invalid-,-Invalid-,-Invalid-,-Invalid-,-Invalid-,-Invalid-,-Invalid-
7/10/2009 3:00,-Invalid-,-Invalid-,-Invalid-,-Invalid-,-Invalid-,-Invalid-,-Invalid-,-Invalid-,-Invalid-,-Invalid-
7/10/2009 3:10,-Invalid-,-Invalid-,-Invalid-,-Invalid-,-Invalid-,-Invalid-,-Invalid-,-Invalid-,-Invalid-,-Invalid-
7/10/2009 3:20,-Invalid-,-Invalid-,-Invalid-,-Invalid-,-Invalid-,-Invalid-,-Invalid-,-Invalid-,-Invalid-,-Invalid-
7/10/2009 3:30,-Invalid-,-Invalid-,-Invalid-,-Invalid-,-Invalid-,-Invalid-,-Invalid-,-Invalid-,-Invalid-,-Invalid-
7/10/2009 3:40,-Invalid-,-Invalid-,-Invalid-,-Invalid-,-Invalid-,-Invalid-,-Invalid-,-Invalid-,-Invalid-,-Invalid-
7/10/2009 3:50,-Invalid-,-Invalid-,-Invalid-,-Invalid-,-Invalid-,-Invalid-,-Invalid-,-Invalid-,-Invalid-,-Invalid-
7/10/2009 4:00,-Invalid-,-Invalid-,-Invalid-,-Invalid-,-Invalid-,-Invalid-,-Invalid-,-Invalid-,-Invalid-,-Invalid-
7/10/2009 4:10,-Invalid-,-Invalid-,-Invalid-,-Invalid-,-Invalid-,-Invalid-,-Invalid-,-Invalid-,-Invalid-,-Invalid-
7/10/2009 4:20,-Invalid-,-Invalid-,-Invalid-,-Invalid-,-Invalid-,-Invalid-,-Invalid-,-Invalid-,-Invalid-,-Invalid-
7/10/2009 4:30,-Invalid-,-Invalid-,-Invalid-,-Invalid-,-Invalid-,-Invalid-,-Invalid-,-Invalid-,-Invalid-,-Invalid-
7/10/2009 4:40,-Invalid-,-Invalid-,-Invalid-,-Invalid-,-Invalid-,-Invalid-,-Invalid-,-Invalid-,-Invalid-,-Invalid-
7/10/2009 4:50,-Invalid-,-Invalid-,-Invalid-,-Invalid-,-Invalid-,-Invalid-,-Invalid-,-Invalid-,-Invalid-,-Invalid-
7/10/2009 5:00,-Invalid-,-Invalid-,-Invalid-,-Invalid-,-Invalid-,-Invalid-,-Invalid-,-Invalid-,-Invalid-,-Invalid-
7/10/2009 5:10,-Invalid-,-Invalid-,-Invalid-,-Invalid-,-Invalid-,-Invalid-,-Invalid-,-Invalid-,-Invalid-,-Invalid-
7/10/2009 5:20,-Invalid-,-Invalid-,-Invalid-,-Invalid-,-Invalid-,-Invalid-,-Invalid-,-Invalid-,-Invalid-,-Invalid-
7/10/2009 5:30,-Invalid-,-Invalid-,-Invalid-,-Invalid-,-Invalid-,-Invalid-,-Invalid-,-Invalid-,-Invalid-,-Invalid-
7/10/2009 5:40,-Invalid-,-Invalid-,-Invalid-,-Invalid-,-Invalid-,-Invalid-,-Invalid-,-Invalid-,-Invalid-,-Invalid-
7/10/2009 5:50,-Invalid-,-Invalid-,-Invalid-,-Invalid-,-Invalid-,-Invalid-,-Invalid-,-Invalid-,-Invalid-,-Invalid-
7/10/2009 6:00,-Invalid-,-Invalid-,-Invalid-,-Invalid-,-Invalid-,-Invalid-,-Invalid-,-Invalid-,-Invalid-,-Invalid-
7/10/2009 6:10,-Invalid-,-Invalid-,-Invalid-,-Invalid-,-Invalid-,-Invalid-,-Invalid-,-Invalid-,-Invalid-,-Invalid-
7/10/2009 6:20,-Invalid-,-Invalid-,-Invalid-,-Invalid-,-Invalid-,-Invalid-,-Invalid-,-Invalid-,-Invalid-,-Invalid-
7/10/2009 6:30,-Invalid-,-Invalid-,-Invalid-,-Invalid-,-Invalid-,-Invalid-,-Invalid-,-Invalid-,-Invalid-,-Invalid-
7/10/2009 6:40,-Invalid-,-Invalid-,-Invalid-,-Invalid-,-Invalid-,-Invalid-,-Invalid-,-Invalid-,-Invalid-,-Invalid-
7/10/2009 6:50,-Invalid-,-Invalid-,-Invalid-,-Invalid-,-Invalid-,-Invalid-,-Invalid-,-Invalid-,-Invalid-,-Invalid-
7/10/2009 7:00,-Invalid-,-Invalid-,-Invalid-,-Invalid-,-Invalid-,-Invalid-,-Invalid-,-Invalid-,-Invalid-,-Invalid-
7/10/2009 7:10,-Invalid-,-Invalid-,-Invalid-,-Invalid-,-Invalid-,-Invalid-,-Invalid-,-Invalid-,-Invalid-,-Invalid-
7/10/2009 7:20,-Invalid-,-Invalid-,-Invalid-,-Invalid-,-Invalid-,-Invalid-,-Invalid-,-Invalid-,-Invalid-,-Invalid-
7/10/2009 7:30,-Invalid-,-Invalid-,-Invalid-,-Invalid-,-Invalid-,-Invalid-,-Invalid-,-Invalid-,-Invalid-,-Invalid-
7/10/2009 7:40,156,9.5,11.4,74.6,59,29.4,0,0,0,0
7/10/2009 7:50,162,7.4,8.6,75.3,58,29.4,0,0,0,0
7/10/2009 8:00,173,16.1,17,75.7,57,29.4,0,0,0,0
7/10/2009 8:10,134,5,8.5,76.1,57,29.4,0,0,0,0
7/10/2009 8:20,149,8.1,9.3,76.4,57,29.4,0,0,0,0
7/10/2009 8:30,140,8.2,9.5,77,53,29.4,0,0,0,0
7/10/2009 8:40,144,3.9,4.7,76.8,54,29.4,0,0,0,0
7/10/2009 8:50,127,3,4.5,77.3,53,29.4,0,0,0,0
7/10/2009 9:00,12,1.5,2.1,76.8,53,29.4,0,0,0,0
7/10/2009 9:10,191,9.1,9.7,76.8,52,29.4,0,0,0,0
7/10/2009 9:20,173,10.6,11,77.7,51,29.4,0,0,0,0
7/10/2009 9:30,145,9.3,10.1,77.7,50,29.4,0,0,0,0
7/10/2009 9:40,148,6.8,8.2,77.9,51,29.4,0,0,0,0
7/10/2009 9:50,153,2.5,3.1,78.9,49,29.4,0,0,0,0
7/10/2009 10:00,140,7.5,8.8,79.1,47,29.4,0,0,0,0
7/10/2009 10:10,171,7.2,8.6,79.1,47,29.4,0,0,0,0
7/10/2009 10:20,120,3.1,4.8,79.3,46,29.4,0,0,0,0
7/10/2009 10:30,171,7.8,9.3,79.7,42,29.4,0,0,0,0
7/10/2009 10:40,202,3.6,5.1,80.6,42,29.3,0,0,0,0
7/10/2009 10:50,97,8.7,10.5,80.4,41,29.3,0,0,0,0
7/10/2009 11:00,103,2.8,3.4,80.9,40,29.3,0,0,0,0
7/10/2009 11:10,236,2.5,3.3,80.9,39,29.3,0,0,0,0
7/10/2009 11:20,182,2.9,3.5,81.3,38,29.3,0,0,0,0
7/10/2009 11:30,190,5.7,7.3,81.5,40,29.3,0,0,0,0
7/10/2009 11:40,212,7.1,7.9,81.5,40,29.3,0,0,0,0
7/10/2009 11:50,235,10.3,10.6,81.8,37,29.3,0,0,0,0
7/10/2009 12:00,226,9.5,10.3,80.9,43,29.3,0,0,0,0
7/10/2009 12:10,281,3.9,5,79.3,50,29.3,0,0,0,0
7/10/2009 12:20,5,4.6,5.2,78.2,54,29.3,0,0,0,0
7/10/2009 12:30,350,6.3,7,78,55,29.3,0,0,0,0
7/10/2009 12:40,358,2.7,4.2,77,67,29.3,0,0,0,0
7/10/2009 12:50,9,6.8,7.1,77.1,56,29.3,0,0,0,0
7/10/2009 13:00,13,3.2,4.4,77.1,58,29.3,0,0,0,0
7/10/2009 13:10,17,4.7,4.9,76.8,60,29.3,0,0,0,0
7/10/2009 13:20,11,5.7,6.1,76.4,56,29.3,0,0,0,0
7/10/2009 13:30,350,4.2,5,76.4,59,29.3,0,0,0,0
7/10/2009 13:40,12,6.3,6.6,75.7,69,29.3,0,0,0,0
7/10/2009 13:50,17,4.3,5.1,75.7,70,29.3,0,0,0,0
7/10/2009 14:00,83,4.5,5.4,75,75,29.3,0,0,0,0
7/10/2009 14:10,57,4.6,5.2,75,74,29.3,0,0,0,0
7/10/2009 14:20,9,5.3,5.8,74.6,72,29.3,0,0,0,0
7/10/2009 14:30,48,8.9,9.2,74.3,72,29.3,0,0,0,0
7/10/2009 14:40,53,8.7,10,74.1,75,29.3,0,0,0,0
7/10/2009 14:50,53,8.3,9.3,73.5,78,29.3,0,0,0,0
7/10/2009 15:00,58,10.2,10.4,73.7,73,29.3,0,0,0,0
7/10/2009 15:10,41,9,10.1,73.7,75,29.3,0,0,0,0
7/10/2009 15:20,49,8.7,10.1,73.4,79,29.3,0,0,0,0
7/10/2009 15:30,51,7.9,8.2,73.4,73,29.3,0,0,0,0
7/10/2009 15:40,62,3.7,4.4,74.6,74,29.3,0,0,0,0
7/10/2009 15:50,35,2.9,3.6,75,74,29.3,0,0,0,0
7/10/2009 16:00,62,7.4,8.5,75.2,69,29.3,0,0,0,0
7/10/2009 16:10,83,6,6.2,75.3,66,29.3,0,0,0,0
7/10/2009 16:20,38,7.3,8,75.7,72,29.3,0,0,0,0
7/10/2009 16:30,64,3.5,4.6,75.5,67,29.3,0,0,0,0
7/10/2009 16:40,44,5,5.4,75.5,68,29.3,0,0,0,0
7/10/2009 16:50,108,2.9,3.6,75.9,66,29.3,0,0,0,0
7/10/2009 17:00,141,4.5,5,77.5,59,29.3,0,0,0,0
7/10/2009 17:10,165,4.1,5.5,77.9,56,29.3,0,0,0,0
7/10/2009 17:20,117,4.5,4.8,77.9,56,29.3,0,0,0,0
7/10/2009 17:30,153,6.6,7.4,77.5,56,29.3,0,0,0,0
7/10/2009 17:40,153,8.6,9.6,77.3,57,29.3,0,0,0,0
7/10/2009 17:50,148,7.3,8.2,77,58,29.3,0,0,0,0
7/10/2009 18:00,154,8,8.8,76.6,59,29.3,0,0,0,0
7/10/2009 18:10,145,7.8,8.5,76.2,59,29.3,0,0,0,0
7/10/2009 18:20,172,7.7,8.8,76.1,60,29.3,0,0,0,0
7/10/2009 18:30,164,5.2,5.8,75.9,61,29.3,0,0,0,0
7/10/2009 18:40,148,10.5,10.9,75.9,60,29.3,0,0,0,0
7/10/2009 18:50,163,7,8.3,75.9,60,29.3,0,0,0,0
7/10/2009 19:00,165,12.1,12.7,75.7,61,29.3,0,0,0,0
7/10/2009 19:10,163,7,10,75.5,61,29.3,0,0,0,0
7/10/2009 19:20,155,11.8,12.7,75.5,61,29.3,0,0,0,0
7/10/2009 19:30,159,12.9,13.5,75.2,62,29.3,0,0,0,0
7/10/2009 19:40,152,8.4,10.4,75.2,63,29.3,0,0,0,0
7/10/2009 19:50,175,7.7,10.3,75,63,29.3,0,0,0,0
7/10/2009 20:00,153,12.4,14,74.6,64,29.3,0,0,0,0
7/10/2009 20:10,164,11.5,12.4,74.3,65,29.3,0,0,0,0
7/10/2009 20:20,169,11.2,13.6,74.1,65,29.3,0,0,0,0
7/10/2009 20:30,164,8.5,10.4,74.1,66,29.3,0,0,0,0
7/10/2009 20:40,160,9.9,11,73.9,66,29.3,0,0,0,0
7/10/2009 20:50,169,11.1,13.1,73.7,67,29.3,0,0,0,0
7/10/2009 21:00,163,9.3,10.1,73.7,67,29.3,0,0,0,0
7/10/2009 21:10,152,16.3,19.1,73.5,67,29.3,0,0,0,0
7/10/2009 21:20,157,13,13.6,73.5,67,29.3,0,0,0,0
7/10/2009 21:30,164,16.2,17.5,73.5,67,29.3,0,0,0,0
7/10/2009 21:40,153,4.6,10.7,73.4,68,29.3,0,0,0,0
7/10/2009 21:50,140,11.1,12.1,73.4,68,29.3,0,0,0,0
7/10/2009 22:00,177,13,13.9,73.5,68,29.3,0,0,0,0
7/10/2009 22:10,150,18.4,20.1,73.4,68,29.3,0,0,0,0
7/10/2009 22:20,143,8.2,12.9,73.4,68,29.3,0,0,0,0
7/10/2009 22:30,180,7.9,8.8,73.4,68,29.3,0,0,0,0
7/10/2009 22:40,162,13.1,13.7,73.2,68,29.3,0,0,0,0
7/10/2009 22:50,163,11.9,14.6,73.2,68,29.2,0,0,0,0
7/10/2009 23:00,196,3.5,6.8,73.2,69,29.2,0,0,0,0
7/10/2009 23:10,154,9.6,10.5,73.4,68,29.2,0,0,0,0
7/10/2009 23:20,160,10,11.1,73.2,69,29.2,0,0,0,0
7/10/2009 23:30,154,4.7,8.1,73.4,69,29.2,0,0,0,0
7/10/2009 23:40,180,14.2,15.5,73.5,68,29.2,0,0,0,0
7/10/2009 23:50,189,11.7,13.9,73.7,68,29.2,0,0,0,0
7/11/2009 0:00,179,12.7,13.7,73.9,68,29.2,0,0,0,0
7/11/2009 0:10,210,8.9,12.4,74.1,67,29.2,0,0,0,0
7/11/2009 0:20,158,14.6,16.3,74.1,67,29.2,0,0,0,0
7/11/2009 0:30,188,11.2,12.9,73.9,68,29.2,0,0,0,0
7/11/2009 0:40,173,4.4,6.1,73.7,69,29.2,0,0,0,0
7/11/2009 0:50,177,15.4,16.8,73.7,69,29.2,0,0,0,0
7/11/2009 1:00,204,8.7,11.3,73.4,70,29.2,0,0,0,0
7/11/2009 1:10,183,11,13.1,73.2,71,29.2,0,0,0,0
7/11/2009 1:20,152,6.5,8.1,73,71,29.2,0,0,0,0
7/11/2009 1:30,187,6.9,8.9,73,72,29.2,0,0,0,0
7/11/2009 1:40,200,6.6,7.6,72.5,73,29.2,0,0,0,0
7/11/2009 1:50,184,15.7,16.9,72.3,74,29.2,0,0,0,0
7/11/2009 2:00,181,12.7,13.7,72.3,74,29.2,0,0,0,0
7/11/2009 2:10,121,7,11.3,72.3,74,29.2,0,0,0,0
7/11/2009 2:20,190,13.9,15.4,72.3,74,29.2,0,0,0,0
7/11/2009 2:30,169,10.7,13,72.3,75,29.2,0,0,0,0
7/11/2009 2:40,177,9.1,10.8,72.3,75,29.2,0,0,0,0
7/11/2009 2:50,167,10.3,12.9,72.3,75,29.2,0,0,0,0
7/11/2009 3:00,158,10.3,12.4,72.3,76,29.2,0,0,0,0
7/11/2009 3:10,187,13.1,13.6,72.3,76,29.2,0,0,0,0
7/11/2009 3:20,192,10.3,12.4,72.5,76,29.2,0,0,0,0
7/11/2009 3:30,189,14.6,15.8,72.5,76,29.2,0,0,0,0
7/11/2009 3:40,189,10.9,11.5,72.6,76,29.2,0,0,0,0
7/11/2009 3:50,204,15.7,17.3,73,75,29.2,0,0,0,0
7/11/2009 4:00,179,10.9,13.6,72.8,76,29.2,0,0,0,0
7/11/2009 4:10,188,16.3,16.8,73,76,29.2,0,0,0,0
7/11/2009 4:20,199,10.4,10.9,73,76,29.2,0,0,0,0
7/11/2009 4:30,181,14.9,17.1,73.2,76,29.2,0,0,0,0
7/11/2009 4:40,212,5.3,7.5,73.4,76,29.2,0,0,0,0
7/11/2009 4:50,210,13.1,14,73.4,76,29.2,0,0,0,0
7/11/2009 5:00,192,13.9,14.8,73.5,76,29.2,0,0,0,0
7/11/2009 5:10,199,12.9,15.4,73.5,77,29.2,0,0,0,0
7/11/2009 5:20,202,10.2,10.6,73.7,77,29.2,0,0,0,0
7/11/2009 5:30,201,12.5,14.5,73.7,78,29.2,0,0,0,0
7/11/2009 5:40,206,9.8,11.7,73.9,78,29.2,0,0,0,0
7/11/2009 5:50,199,8.3,9.9,73.7,78,29.2,0,0,0,0
7/11/2009 6:00,186,12.6,14,73.9,78,29.2,0,0,0,0
7/11/2009 6:10,195,13.7,14.3,74.1,78,29.2,0,0,0,0
7/11/2009 6:20,202,8.2,11.1,74.6,77,29.2,0,0,0,0
7/11/2009 6:30,192,11.2,14.6,75,77,29.2,0,0,0,0
7/11/2009 6:40,193,12,12.9,75,78,29.2,0,0,0,0
7/11/2009 6:50,210,11.5,14,75,78,29.2,0,0,0,0
7/11/2009 7:00,190,12.8,17,75,79,29.1,0,10,0,0
7/11/2009 7:10,194,9.9,11.4,74.6,81,29.1,0.01,580,0.11,0.11
7/11/2009 7:20,178,12.5,13.9,74.3,82,29.1,0.01,950,0,0
7/11/2009 7:30,207,8.3,9,74.1,83,29.1,0.02,1130,0.04,0.04
7/11/2009 7:40,179,11.5,12.5,73.7,84,29.1,0.03,1700,0.03,0.03
7/11/2009 7:50,236,9.4,10.6,71.9,89,29.2,0.17,2290,0.34,0.34
7/11/2009 8:00,315,18.3,20.9,68,96,29.2,0.45,2890,2.08,2.08
7/11/2009 8:10,290,20.7,21.8,66.5,95,29.2,0.72,3490,1.74,1.74
7/11/2009 8:20,269,10.5,14,66.5,97,29.2,0.84,4090,0.16,0.16
7/11/2009 8:30,304,17.7,20.2,67.1,96,29.2,0.88,4690,0.32,0.32
7/11/2009 8:40,309,15,20,67.4,93,29.2,0.92,5290,0.18,0.18
7/11/2009 8:50,306,10.4,12.7,67.4,95,29.2,0.95,5880,0.02,0.02
7/11/2009 9:00,272,3.6,5.1,67.4,95,29.2,0.96,6460,0.05,0.05
7/11/2009 9:10,181,8.9,9.9,67.6,95,29.2,0.96,7060,0.01,0.01
7/11/2009 9:20,155,11.9,13.9,67.2,94,29.2,0.96,7130,0,0
7/11/2009 9:30,167,13,14.3,67.1,93,29.2,0.96,7130,0,0
7/11/2009 9:40,154,10.6,11.5,67.2,92,29.2,0.96,7130,0,0
7/11/2009 9:50,164,7.4,8.2,67.8,91,29.2,0.96,7130,0,0
7/11/2009 10:00,186,7.7,8.8,68.7,90,29.2,0.96,7130,0,0
7/11/2009 10:10,194,7.2,9.3,69.6,88,29.2,0.96,7130,0,0
7/11/2009 10:20,208,7.9,8.5,70.8,85,29.2,0.96,7130,0,0
7/11/2009 10:30,193,9.6,11.5,72.1,82,29.2,0.96,7130,0,0
7/11/2009 10:40,208,9.4,10.7,72.6,80,29.2,0.96,7130,0,0
7/11/2009 10:50,187,10.3,12.1,73,78,29.2,0.96,7130,0,0
7/11/2009 11:00,230,21.1,22.6,74.1,71,29.1,0.96,7130,0,0
7/11/2009 11:10,180,8,15,74.3,75,29.1,0.96,7130,0,0
7/11/2009 11:20,226,17.8,21.4,74.4,72,29.1,0.96,7130,0,0
7/11/2009 11:30,222,14.2,17.1,74.8,72,29.1,0.96,7130,0,0
7/11/2009 11:40,216,12.2,13.3,75.3,70,29.1,0.96,7130,0,0
7/11/2009 11:50,232,3.8,5.3,75.5,72,29.1,0.96,7130,0,0
7/11/2009 12:00,259,3.7,6,75.7,71,29.1,0.96,7130,0,0
7/11/2009 12:10,200,5.6,7.9,75.5,71,29.1,0.96,7130,0,0
7/11/2009 12:20,253,9.2,13,74.6,75,29.1,0.96,7130,0,0
7/11/2009 12:30,244,14.5,14.8,74.1,77,29.1,0.96,7130,0,0
7/11/2009 12:40,264,6.5,7.9,73.7,80,29.1,0.96,7130,0,0
7/11/2009 12:50,264,11,13.7,73.5,82,29.1,0.96,7130,0,0
7/11/2009 13:00,267,9.6,10.9,73,82,29.1,0.96,7130,0,0
7/11/2009 13:10,247,7.8,8.5,72.6,84,29.1,0.96,7130,0,0
7/11/2009 13:20,266,13.6,14.5,72.5,84,29.1,0.96,7130,0,0
7/11/2009 13:30,234,6.9,9.6,72.8,82,29.1,0.96,7130,0,0
7/11/2009 13:40,240,13.6,16.1,73.7,80,29.1,0.96,7130,0,0
7/11/2009 13:50,244,12.9,16.3,74.6,77,29.1,0.96,7130,0,0
7/11/2009 14:00,236,17.3,20.2,74.3,79,29.1,0.96,7130,0,0
7/11/2009 14:10,223,10.8,13.4,73.9,81,29.1,0.96,7130,0,0
7/11/2009 14:20,240,6.9,7.9,74.4,80,29.1,0.96,7130,0,0
7/11/2009 14:30,250,17.5,22.1,75.2,78,29.1,0.96,7130,0,0
7/11/2009 14:40,230,9.2,15.8,74.8,80,29.1,0.96,7130,0,0
7/11/2009 14:50,241,17.6,20.9,74.8,82,29.1,0.96,7130,0,0
7/11/2009 15:00,251,13,15.1,74.8,81,29.1,0.96,7130,0,0
7/11/2009 15:10,247,12.7,15.4,75,81,29.1,0.96,7130,0,0
7/11/2009 15:20,251,19.3,21.5,75,81,29.1,0.96,7130,0,0
7/11/2009 15:30,243,24.4,29.5,74.8,82,29.1,0.96,7130,0,0
7/11/2009 15:40,243,18.1,23.5,74.8,83,29.1,0.96,7130,0,0
7/11/2009 15:50,244,16.3,18.2,74.3,84,29.1,0.96,7130,0,0
7/11/2009 16:00,248,11.9,13.7,73.9,86,29.1,0.96,7130,0,0
7/11/2009 16:10,237,7.9,8.5,74.3,85,29.1,0.96,7130,0,0
7/11/2009 16:20,253,13,15.7,73.9,86,29.1,0.96,7130,0,0
7/11/2009 16:30,249,14.7,18.8,74.1,86,29.1,0.96,7130,0,0
7/11/2009 16:40,244,17,17.9,74.1,86,29.1,0.96,7130,0,0
7/11/2009 16:50,242,8,11.8,73.9,86,29.1,0.96,7130,0,0
7/11/2009 17:00,235,9.4,14.6,74.3,84,29.1,0.96,7130,0,0
7/11/2009 17:10,224,12.7,13.5,74.8,81,29.1,0.96,7130,0,0
7/11/2009 17:20,255,8.6,10.6,74.8,82,29.1,0.96,7130,0,0
7/11/2009 17:30,259,5.7,7.5,74.6,84,29.1,0.96,7130,0,0
7/11/2009 17:40,235,12.2,14.4,73.9,86,29.1,0.96,7130,0,0
7/11/2009 17:50,282,11.4,13,73.7,87,29.1,0.96,7130,0,0
7/11/2009 18:00,270,7.9,10.4,73.4,89,29.1,0.96,7130,0,0
7/11/2009 18:10,274,5.2,6.5,73.2,89,29.1,0.96,7130,0,0
7/11/2009 18:20,281,10.4,13,73.2,88,29.1,0.96,7130,0,0
7/11/2009 18:30,264,11.4,13.1,73.2,88,29.1,0.96,7130,0,0
7/11/2009 18:40,281,24.9,26.3,73.2,88,29.1,0.96,7130,0,0
7/11/2009 18:50,320,16.1,18.7,73.5,77,29.1,0.96,7130,0,0
7/11/2009 19:00,327,10.9,12.1,72.6,80,29.1,0.96,7130,0,0
7/11/2009 19:10,341,5.7,6.9,72.5,80,29.2,0.96,7130,0,0
7/11/2009 19:20,330,8.5,9,72.5,75,29.2,0.96,7130,0,0
7/11/2009 19:30,353,8.3,9.7,72.5,69,29.2,0.96,7130,0,0
7/11/2009 19:40,339,10,11.1,71.9,71,29.2,0.96,7130,0,0
7/11/2009 19:50,7,9.7,11.9,71.6,71,29.2,0.96,7130,0,0
7/11/2009 20:00,0,9.7,11.5,71.2,71,29.2,0.96,7130,0,0
7/11/2009 20:10,355,9.1,10.4,70.8,69,29.2,0.96,7130,0,0
7/11/2009 20:20,29,16.2,18.2,70.3,66,29.2,0.96,7130,0,0
7/11/2009 20:30,26,8.1,11.9,69.4,66,29.2,0.96,7130,0,0
7/11/2009 20:40,17,9.2,11.4,68.5,70,29.2,0.96,7130,0,0
7/11/2009 20:50,356,8.1,9.8,68,73,29.2,0.96,7130,0,0
7/11/2009 21:00,352,6.5,8.5,67.6,73,29.2,0,7130,0,0
7/11/2009 21:10,14,7.6,9.5,67.4,69,29.2,0,7130,0,0
7/11/2009 21:20,31,6,7.9,67.2,66,29.2,0,7130,0,0
7/11/2009 21:30,13,13.2,14.9,67.2,59,29.2,0,7130,0,0
7/11/2009 21:40,26,6.8,8.1,66.9,63,29.2,0,7130,0,0
7/11/2009 21:50,15,1.7,2.9,66.7,68,29.2,0,7130,0,0
7/11/2009 22:00,44,3,4.8,66.7,63,29.2,0,7130,0,0
7/11/2009 22:10,358,3.6,4.6,66.7,62,29.2,0,7130,0,0
7/11/2009 22:20,40,4.8,5.9,66.3,61,29.2,0,7130,0,0
7/11/2009 22:30,49,6.8,7.4,66.2,63,29.2,0,7130,0,0
7/11/2009 22:40,43,11.6,12.6,65.8,62,29.2,0,7130,0,0
7/11/2009 22:50,181,2.2,3.5,65.4,60,29.2,0,7130,0,0
7/11/2009 23:00,43,2.2,2.8,65.4,59,29.2,0,7130,0,0
7/11/2009 23:10,11,3.3,3.8,65.3,59,29.2,0,7130,0,0
7/11/2009 23:20,49,1.2,1.7,65.1,59,29.2,0,7130,0,0
7/11/2009 23:30,63,5.3,6.1,64.9,56,29.2,0,7130,0,0
7/11/2009 23:40,80,6.2,9.5,64.9,56,29.2,0,7130,0,0
7/11/2009 23:50,29,1.1,2.8,64.7,56,29.2,0,7130,0,0
7/12/2009 0:00,28,2.6,2.9,64.4,59,29.2,0,7130,0,0
7/12/2009 0:10,39,4.4,5.5,64.2,59,29.2,0,7130,0,0
7/12/2009 0:20,7,4.4,4.9,64.2,59,29.2,0,7130,0,0
7/12/2009 0:30,154,0.6,1.4,64,61,29.2,0,7130,0,0
7/12/2009 0:40,17,6.2,6.8,64,58,29.2,0,7130,0,0
7/12/2009 0:50,14,4.8,6.8,64,56,29.2,0,7130,0,0
7/12/2009 1:00,13,3.1,3.9,63.8,58,29.2,0,7130,0,0
7/12/2009 1:10,34,6.5,7.4,63.6,58,29.2,0,7130,0,0
7/12/2009 1:20,38,2.6,4,63.6,58,29.2,0,7130,0,0
7/12/2009 1:30,85,5.3,7,63.3,61,29.2,0,7130,0,0
7/12/2009 1:40,64,5.9,6.4,63.3,61,29.2,0,7130,0,0
7/12/2009 1:50,20,5.3,6.3,62.9,63,29.2,0,7130,0,0
7/12/2009 2:00,5,5.4,5.9,63.1,65,29.2,0,7130,0,0
7/12/2009 2:10,351,4.4,4.9,62.9,66,29.2,0,7130,0,0
7/12/2009 2:20,37,5.9,6.5,62.7,66,29.2,0,7130,0,0
7/12/2009 2:30,66,2.4,3,62.7,65,29.2,0,7130,0,0
7/12/2009 2:40,127,2.2,3.7,62,67,29.2,0,7130,0,0
7/12/2009 2:50,142,1.6,2.4,60.8,69,29.2,0,7130,0,0
7/12/2009 3:00,186,3.1,3.4,58.1,76,29.2,0,7130,0,0
7/12/2009 3:10,162,4.3,5.1,58.2,74,29.2,0,7130,0,0
7/12/2009 3:20,167,3.3,4.4,58.1,74,29.2,0,7130,0,0
7/12/2009 3:30,186,3.4,3.8,59.1,70,29.2,0,7130,0,0
7/12/2009 3:40,186,5.5,5.9,59,71,29.2,0,7130,0,0
7/12/2009 3:50,193,3.6,4.3,59.1,71,29.3,0,7130,0,0
7/12/2009 4:00,248,1.1,1.3,60,68,29.3,0,7130,0,0
7/12/2009 4:10,154,2.1,2.4,60.4,69,29.3,0,7130,0,0
7/12/2009 4:20,155,2.4,2.7,61.8,63,29.3,0,7130,0,0
7/12/2009 4:30,229,1.9,2.1,62.7,63,29.3,0,7130,0,0
7/12/2009 4:40,192,1.5,2.2,63.3,64,29.3,0,7130,0,0
7/12/2009 4:50,174,2.8,3.1,63.5,60,29.3,0,7130,0,0
7/12/2009 5:00,185,2.2,3,63.8,61,29.3,0,7130,0,0
7/12/2009 5:10,200,2.2,2.7,64.9,54,29.3,0,7130,0,0
7/12/2009 5:20,325,2,4,65.6,54,29.3,0,7130,0,0
7/12/2009 5:30,270,2.6,2.9,65.3,48,29.3,0,7130,0,0
7/12/2009 5:40,236,3,3.5,65.1,51,29.3,0,7130,0,0
7/12/2009 5:50,257,1.9,2.3,64.9,51,29.3,0,7130,0,0
7/12/2009 6:00,218,4.5,4.8,64.9,51,29.3,0,7130,0,0
7/12/2009 6:10,267,7.2,8.3,65.1,52,29.3,0,7130,0,0
7/12/2009 6:20,267,6.3,7,64.9,54,29.3,0,7130,0,0
7/12/2009 6:30,266,1.9,2.6,65.3,56,29.3,0,7130,0,0
7/12/2009 6:40,275,6.9,7.7,65.4,50,29.3,0,7130,0,0
7/12/2009 6:50,276,6.5,6.8,65.4,47,29.2,0,7130,0,0
7/12/2009 7:00,294,5.8,6.2,65.3,46,29.2,0,7130,0,0
7/12/2009 7:10,0,2.4,2.7,65.8,47,29.2,0,7130,0,0
7/12/2009 7:20,285,4.1,5.4,66.2,46,29.2,0,7130,0,0
7/12/2009 7:30,333,5.3,5.7,66,47,29.2,0,7130,0,0
7/12/2009 7:40,321,3.8,4.4,66,44,29.2,0,7130,0,0
7/12/2009 7:50,315,3.6,4.1,66,44,29.2,0,7130,0,0
7/12/2009 8:00,314,2.7,3.6,66.5,47,29.2,0,7130,0,0
7/12/2009 8:10,324,1.7,2.2,66.2,45,29.2,0,7130,0,0
7/12/2009 8:20,313,3.4,3.7,66,42,29.2,0,7130,0,0
7/12/2009 8:30,334,5.4,6.1,66.5,45,29.2,0,7130,0,0
7/12/2009 8:40,321,2.1,3.8,66.7,45,29.2,0,7130,0,0
7/12/2009 8:50,337,4.9,5.7,66.5,45,29.2,0,7130,0,0
7/12/2009 9:00,347,7,7.8,66.7,44,29.2,0,7130,0,0
7/12/2009 9:10,306,5.6,5.9,66.5,42,29.2,0,7130,0,0
7/12/2009 9:20,350,4.2,4.7,66.5,47,29.2,0,7130,0,0
7/12/2009 9:30,348,4.6,4.8,67.1,44,29.2,0,7130,0,0
7/12/2009 9:40,325,4,4.4,67.1,42,29.2,0,7130,0,0
7/12/2009 9:50,307,5.5,5.9,67.2,44,29.2,0,7130,0,0
7/12/2009 10:00,304,4.3,4.7,67.1,47,29.2,0,7130,0,0
7/12/2009 10:10,278,6.1,7.2,67.4,45,29.2,0,7130,0,0
7/12/2009 10:20,311,5.6,6.4,67.2,47,29.2,0,7130,0,0
7/12/2009 10:30,317,5.1,5.4,67.6,48,29.2,0,7130,0,0
7/12/2009 10:40,340,3.4,3.8,67.4,46,29.2,0,7130,0,0
7/12/2009 10:50,286,4.9,5.2,67.6,44,29.2,0,7130,0,0
7/12/2009 11:00,333,4.6,5.7,68.1,47,29.2,0,7130,0,0
7/12/2009 11:10,324,2,2.5,67.8,47,29.2,0,7130,0,0
7/12/2009 11:20,286,3.4,4,68.3,44,29.2,0,7130,0,0
7/12/2009 11:30,294,1.9,2.2,68.7,46,29.2,0,7130,0,0
7/12/2009 11:40,325,4.9,5.3,68.7,48,29.2,0,7130,0,0
7/12/2009 11:50,284,3.1,3.3,69.2,45,29.2,0,7130,0,0
7/12/2009 12:00,339,3.6,4,69.4,42,29.2,0,7130,0,0
7/12/2009 12:10,314,4.6,4.9,69.6,40,29.2,0,7130,0,0
7/12/2009 12:20,313,5,5.3,69.4,41,29.2,0,7130,0,0
7/12/2009 12:30,301,3.2,3.4,69.6,32,29.2,0,7130,0,0
7/12/2009 12:40,321,4.8,5.4,70.7,38,29.2,0,7130,0,0
7/12/2009 12:50,337,6.3,6.6,70.1,38,29.2,0,7130,0,0
7/12/2009 13:00,338,3.4,4.6,70.3,40,29.2,0,7130,0,0
7/12/2009 13:10,68,0.6,1,70.5,42,29.2,0,7130,0,0
7/12/2009 13:20,1,5.8,6.6,69.9,41,29.2,0,7130,0,0
7/12/2009 13:30,290,4.8,5.5,70.1,42,29.2,0,7130,0,0
7/12/2009 13:40,348,5.1,5.7,69.8,41,29.2,0,7130,0,0
7/12/2009 13:50,318,3.6,4,70.3,41,29.2,0,7130,0,0
7/12/2009 14:00,0,5.8,6.3,69.9,42,29.2,0,7130,0,0
7/12/2009 14:10,291,3.1,3.4,71.2,39,29.2,0,7130,0,0
7/12/2009 14:20,327,5.7,6.5,70.7,40,29.2,0,7130,0,0
7/12/2009 14:30,7,3.6,4.1,70.1,45,29.2,0,7130,0,0
7/12/2009 14:40,32,2.7,3.2,70.3,45,29.2,0,7130,0,0
7/12/2009 14:50,37,2.3,2.5,69.2,45,29.2,0,7130,0,0
7/12/2009 15:00,74,1.3,1.7,69.4,44,29.2,0,7130,0,0
7/12/2009 15:10,39,2.3,2.5,69.4,44,29.2,0,7130,0,0
7/12/2009 15:20,36,2.6,2.8,69.2,45,29.2,0,7130,0,0
7/12/2009 15:30,62,2.1,2.3,69.2,47,29.2,0,7130,0,0
7/12/2009 15:40,61,3,3.4,69.2,46,29.1,0,7130,0,0
7/12/2009 15:50,84,2.5,2.7,69.4,44,29.1,0,7130,0,0
7/12/2009 16:00,95,1.2,1.4,69.4,45,29.1,0,7130,0,0
7/12/2009 16:10,88,2,2.2,69.6,43,29.1,0,7130,0,0
7/12/2009 16:20,191,0.7,0.9,69.9,45,29.1,0,7130,0,0
7/12/2009 16:30,170,0.6,0.9,70.1,47,29.1,0,7130,0,0
7/12/2009 16:40,245,1.2,1.3,70.3,44,29.1,0,7130,0,0
7/12/2009 16:50,256,1.9,2.1,70.1,43,29.1,0,7130,0,0
7/12/2009 17:00,224,1.8,2,69.9,46,29.1,0,7130,0,0
7/12/2009 17:10,249,1.2,1.6,69.8,48,29.1,0,7130,0,0
7/12/2009 17:20,247,1.2,1.5,69.6,48,29.1,0,7130,0,0
7/12/2009 17:30,217,3,3.4,69.6,47,29.1,0,7130,0,0
7/12/2009 17:40,0,1.1,1.6,69.2,48,29.1,0,7130,0,0
7/12/2009 17:50,328,1,1.2,69.4,47,29.1,0,7130,0,0
7/12/2009 18:00,328,2.4,2.7,69.4,50,29.1,0,7130,0,0
7/12/2009 18:10,300,1.2,1.6,69.4,50,29.1,0,7130,0,0
7/12/2009 18:20,296,1.9,2.2,69,51,29.1,0,7130,0,0
7/12/2009 18:30,343,1.7,1.9,69,52,29.1,0,7130,0,0
7/12/2009 18:40,17,2.4,2.5,69.4,52,29.1,0,7130,0,0
7/12/2009 18:50,0,2.9,3,69.4,51,29.1,0,7130,0,0
7/12/2009 19:00,353,1.4,1.9,68.9,52,29.1,0,7130,0,0
7/12/2009 19:10,350,0.7,1,68.5,53,29.1,0,7130,0,0
7/12/2009 19:20,322,2.1,2.4,68.7,53,29.1,0,7130,0,0
7/12/2009 19:30,200,0.4,0.6,68.3,54,29.1,0,7130,0,0
7/12/2009 19:40,310,1,1.2,67.8,55,29.1,0,7130,0,0
7/12/2009 19:50,344,1.7,2.1,68,54,29.1,0,7130,0,0
7/12/2009 20:00,358,3.1,3.4,68.3,55,29.1,0,7130,0,0
7/12/2009 20:10,305,0.7,1.2,68.1,56,29.1,0,7130,0,0
7/12/2009 20:20,126,1,1.2,67.2,58,29.1,0,7130,0,0
7/12/2009 20:30,168,2.5,3,66.3,61,29.1,0,7130,0,0
7/12/2009 20:40,125,2.4,2.7,66.3,61,29.1,0,7130,0,0
7/12/2009 20:50,176,4,4.4,65.8,64,29.1,0,7130,0,0
7/12/2009 21:00,176,4.4,5.2,64.2,64,29.1,0,7130,0,0
7/12/2009 21:10,176,4.6,4.9,64.9,63,29.1,0,7130,0,0
7/12/2009 21:20,168,4.7,5.5,64,66,29.1,0,7130,0,0
7/12/2009 21:30,188,4.9,5.3,64,66,29.1,0,7130,0,0
7/12/2009 21:40,180,5.1,6,63.5,68,29.1,0,7130,0,0
7/12/2009 21:50,165,2.4,3.9,62.9,69,29.1,0,7130,0,0
7/12/2009 22:00,175,6.3,7,62.2,71,29.1,0,7130,0,0
7/12/2009 22:10,182,6.3,7.1,62.2,71,29.1,0,7130,0,0
7/12/2009 22:20,159,4.2,5,62.4,71,29.1,0,7130,0,0
7/12/2009 22:30,176,5.5,5.9,62,71,29.1,0,7130,0,0
7/12/2009 22:40,185,5.7,6.5,61.5,73,29.1,0,7130,0,0
7/12/2009 22:50,171,5.8,6.8,61.3,73,29.1,0,7130,0,0
7/12/2009 23:00,174,4.9,5.8,61.3,73,29.1,0,7130,0,0
7/12/2009 23:10,182,5,5.7,61.1,73,29.1,0,7130,0,0
7/12/2009 23:20,182,4.6,5.1,61.3,73,29.1,0,7130,0,0
7/12/2009 23:30,170,4.4,5.7,60.8,74,29.1,0,7130,0,0
7/12/2009 23:40,169,5.3,5.6,60.8,74,29.1,0,7130,0,0
7/12/2009 23:50,227,3.1,3.4,60.8,74,29.1,0,7130,0,0
7/13/2009 0:00,328,6.1,6.7,63.8,77,29.2,0,7130,0,0
7/13/2009 0:10,11,6.1,8.1,64.7,70,29.2,0,7130,0,0
7/13/2009 0:20,20,4.1,4.6,64.7,66,29.2,0,7130,0,0
7/13/2009 0:30,7,4.2,6.2,64.7,65,29.2,0,7130,0,0
7/13/2009 0:40,19,11.3,13,64.7,64,29.2,0,7130,0,0
7/13/2009 0:50,2,4.1,5.4,64.7,64,29.2,0,7130,0,0
7/13/2009 1:00,81,3,4.1,64.5,63,29.2,0,7130,0,0
7/13/2009 1:10,70,4.3,6.4,64.4,61,29.2,0,7130,0,0
7/13/2009 1:20,268,2.2,4.5,64.4,58,29.2,0,7130,0,0
7/13/2009 1:30,24,5.2,5.8,64.2,58,29.2,0,7130,0,0
7/13/2009 1:40,349,1.1,1.7,64.2,56,29.2,0,7130,0,0
7/13/2009 1:50,31,5.7,6.3,64.2,55,29.2,0,7130,0,0
7/13/2009 2:00,31,3.4,4.1,64.2,54,29.2,0,7130,0,0
7/13/2009 2:10,53,4.1,4.5,64.2,54,29.2,0,7130,0,0
7/13/2009 2:20,134,3.1,5.1,64,55,29.2,0,7130,0,0
7/13/2009 2:30,1,5.9,7.1,63.6,55,29.2,0,7130,0,0
7/13/2009 2:40,3,4.1,5.9,63.5,55,29.2,0,7130,0,0
7/13/2009 2:50,8,3.3,4.3,63.3,56,29.2,0,7130,0,0
7/13/2009 3:00,27,1,1.7,62.7,57,29.2,0,7130,0,0
7/13/2009 3:10,327,3.5,4.2,62.9,56,29.2,0,7130,0,0
7/13/2009 3:20,100,1.9,2.5,63.3,52,29.2,0,7130,0,0
7/13/2009 3:30,66,5.8,6.3,63.6,50,29.2,0,7130,0,0
7/13/2009 3:40,5,3.3,5.2,63.8,49,29.2,0,7130,0,0
7/13/2009 3:50,17,4.3,5.5,63.8,48,29.2,0,7130,0,0
7/13/2009 4:00,355,3,3.8,63.8,47,29.2,0,7130,0,0
7/13/2009 4:10,24,6.8,7.7,64,49,29.2,0,7130,0,0
7/13/2009 4:20,12,10.2,11,64,48,29.2,0,7130,0,0
7/13/2009 4:30,357,5.5,6.3,64.2,46,29.2,0,7130,0,0
7/13/2009 4:40,5,8.4,9.5,64.4,44,29.2,0,7130,0,0
7/13/2009 4:50,11,9.3,9.8,64.4,44,29.2,0,7130,0,0
7/13/2009 5:00,352,10,12.2,64.4,42,29.2,0,7130,0,0
7/13/2009 5:10,13,7.6,9,64.4,43,29.2,0,7130,0,0
7/13/2009 5:20,2,6.8,8,64.4,45,29.2,0,7130,0,0
7/13/2009 5:30,10,8.8,9.6,64.5,42,29.2,0,7130,0,0
7/13/2009 5:40,332,6.2,7.8,64.5,43,29.2,0,7130,0,0
7/13/2009 5:50,316,5.4,6.4,64.7,42,29.2,0,7130,0,0
7/13/2009 6:00,32,9.7,11.5,64.7,43,29.2,0,7130,0,0
7/13/2009 6:10,324,11.6,12.9,64.7,45,29.2,0,7130,0,0
7/13/2009 6:20,326,7.5,8.4,64.7,46,29.2,0,7130,0,0
7/13/2009 6:30,349,8.1,9.4,65.1,41,29.2,0,7130,0,0
7/13/2009 6:40,355,7,8.6,65.3,43,29.2,0,7130,0,0
7/13/2009 6:50,314,6.4,7.4,65.4,39,29.2,0,7130,0,0
7/13/2009 7:00,7,3.5,4.2,65.8,40,29.2,0,7130,0,0
7/13/2009 7:10,308,7.1,8,65.8,37,29.2,0,7130,0,0
7/13/2009 7:20,314,5,5.6,65.8,40,29.2,0,7130,0,0
7/13/2009 7:30,304,5.9,6.8,65.6,38,29.2,0,7130,0,0
7/13/2009 7:40,329,7.8,8.1,65.8,37,29.2,0,7130,0,0
7/13/2009 7:50,298,7.4,7.7,65.8,39,29.2,0,7130,0,0
7/13/2009 8:00,293,9.4,9.9,66,37,29.2,0,7130,0,0
7/13/2009 8:10,316,10.6,11.6,66,40,29.2,0,7130,0,0
7/13/2009 8:20,303,7,7.9,66,38,29.2,0,7130,0,0
7/13/2009 8:30,303,7.7,8.7,66.2,39,29.2,0,7130,0,0
7/13/2009 8:40,275,6.1,6.9,66,40,29.2,0,7130,0,0
7/13/2009 8:50,300,8.1,10.1,66.2,39,29.2,0,7130,0,0
7/13/2009 9:00,293,15,16.1,66.5,39,29.2,0,7130,0,0
7/13/2009 9:10,266,9.8,10.7,66.3,38,29.2,0,7130,0,0
7/13/2009 9:20,262,9.6,10.3,66.3,39,29.2,0,7130,0,0
7/13/2009 9:30,270,13.8,14.4,66.3,40,29.2,0,7130,0,0
7/13/2009 9:40,278,11.5,12.6,66.3,38,29.2,0,7130,0,0
7/13/2009 9:50,269,13.8,14.3,66.3,40,29.2,0,7130,0,0
7/13/2009 10:00,295,12.7,13.9,66.3,42,29.2,0,7130,0,0
7/13/2009 10:10,275,13.7,14,66.5,40,29.2,0,7130,0,0
7/13/2009 10:20,294,15.8,17.1,66.7,42,29.2,0,7130,0,0
7/13/2009 10:30,289,11.2,12.6,66.7,43,29.2,0,7130,0,0
7/13/2009 10:40,280,14.9,16.9,66.9,42,29.2,0,7130,0,0
7/13/2009 10:50,272,15.4,15.8,66.7,43,29.2,0,7130,0,0
7/13/2009 11:00,267,14.6,16.6,66.9,40,29.2,0,7130,0,0
7/13/2009 11:10,274,17.7,18.7,66.7,40,29.2,0,7130,0,0
7/13/2009 11:20,299,11,15.8,66.9,43,29.2,0,7130,0,0
7/13/2009 11:30,294,12.6,14.1,67.1,46,29.2,0,7130,0,0
7/13/2009 11:40,271,16.7,17.6,67.2,44,29.2,0,7130,0,0
7/13/2009 11:50,283,15.4,17.4,67.2,43,29.2,0,7130,0,0
7/13/2009 12:00,280,17.9,18.9,67.2,44,29.2,0,7130,0,0
7/13/2009 12:10,272,16.3,17.4,67.1,43,29.2,0,7130,0,0
7/13/2009 12:20,240,12.9,13.8,67.4,44,29.2,0,7130,0,0
7/13/2009 12:30,263,12.1,12.8,67.8,46,29.2,0,7130,0,0
7/13/2009 12:40,251,8.3,9.5,68,42,29.2,0,7130,0,0
7/13/2009 12:50,279,14.2,15,68,41,29.2,0,7130,0,0
7/13/2009 13:00,235,13.8,15.8,68.3,41,29.2,0,7130,0,0
7/13/2009 13:10,259,10.4,11.4,68.9,42,29.2,0,7130,0,0
7/13/2009 13:20,292,10.7,13,68.7,41,29.2,0,7130,0,0
7/13/2009 13:30,232,8.2,9.6,68.9,42,29.2,0,7130,0,0
7/13/2009 13:40,280,10,10.8,69,41,29.2,0,7130,0,0
7/13/2009 13:50,279,12.4,12.9,69.4,42,29.2,0,7130,0,0
7/13/2009 14:00,221,12.7,13.3,69.2,41,29.2,0,7130,0,0
7/13/2009 14:10,303,12.4,14.7,69.8,40,29.2,0,7130,0,0
7/13/2009 14:20,278,5.1,6.4,69.6,41,29.2,0,7130,0,0
7/13/2009 14:30,231,7.3,8,69.2,42,29.2,0,7130,0,0
7/13/2009 14:40,239,8.6,9.7,69.6,40,29.2,0,7130,0,0
7/13/2009 14:50,251,12.7,15.3,69.4,41,29.2,0,7130,0,0
7/13/2009 15:00,259,12.1,13.6,69.4,42,29.2,0,7130,0,0
7/13/2009 15:10,234,11,12.2,69.6,40,29.2,0,7130,0,0
7/13/2009 15:20,268,8.3,8.8,69.8,42,29.2,0,7130,0,0
7/13/2009 15:30,264,7,8.1,69.8,42,29.2,0,7130,0,0
7/13/2009 15:40,262,14.2,15.4,69.8,38,29.2,0,7130,0,0
7/13/2009 15:50,239,6.5,7.4,69.8,39,29.2,0,7130,0,0
7/13/2009 16:00,221,13.6,14.9,69.8,40,29.2,0,7130,0,0
7/13/2009 16:10,249,8.2,10.4,69.8,40,29.2,0,7130,0,0
7/13/2009 16:20,231,8.2,9.4,69.8,40,29.2,0,7130,0,0
7/13/2009 16:30,189,0.8,2,69.8,42,29.2,0,7130,0,0
7/13/2009 16:40,218,3.1,4.2,69,41,29.2,0,7130,0,0
7/13/2009 16:50,231,10.1,11.9,68.9,40,29.2,0,7130,0,0
7/13/2009 17:00,241,9.1,9.7,68.7,40,29.2,0,7130,0,0
7/13/2009 17:10,219,8.6,10.2,68.7,38,29.2,0,7130,0,0
7/13/2009 17:20,224,7.4,8.2,68.5,38,29.2,0,7130,0,0
7/13/2009 17:30,223,4.7,5.8,68.5,39,29.2,0,7130,0,0
7/13/2009 17:40,196,4.4,5.2,68.3,40,29.2,0,7130,0,0
7/13/2009 17:50,226,4.4,5,68,41,29.2,0,7130,0,0
7/13/2009 18:00,183,4.8,5.3,67.6,42,29.2,0,7130,0,0
7/13/2009 18:10,193,6.3,7.2,67.1,44,29.2,0,7130,0,0
7/13/2009 18:20,186,5.7,6.1,66.5,44,29.2,0,7130,0,0
7/13/2009 18:30,176,6.7,7.1,66.2,45,29.2,0,7130,0,0
7/13/2009 18:40,175,6.1,6.8,65.8,47,29.2,0,7130,0,0
7/13/2009 18:50,188,5.4,6.1,65.4,48,29.2,0,7130,0,0
7/13/2009 19:00,193,7.8,8.6,65.1,49,29.2,0,7130,0,0
7/13/2009 19:10,188,5.7,8.2,64.9,49,29.2,0,7130,0,0
7/13/2009 19:20,186,5.3,6.1,64.7,49,29.2,0,7130,0,0
7/13/2009 19:30,203,8.8,9.7,64.4,48,29.2,0,7130,0,0
7/13/2009 19:40,193,8.1,9.5,64.2,49,29.2,0,7130,0,0
7/13/2009 19:50,146,4.7,6.1,64,49,29.2,0,7130,0,0
7/13/2009 20:00,188,11.8,13.8,63.8,48,29.2,0,7130,0,0
7/13/2009 20:10,195,10.6,11.5,63.6,48,29.2,0,7130,0,0
7/13/2009 20:20,184,7.2,8.7,63.6,48,29.2,0,7130,0,0
7/13/2009 20:30,183,10.8,12.6,63.5,49,29.2,0,7130,0,0
7/13/2009 20:40,192,7.3,9.1,63.5,49,29.2,0,7130,0,0
7/13/2009 20:50,200,11.5,13.1,63.6,49,29.2,0,7130,0,0
7/13/2009 21:00,183,8.3,10.7,63.8,48,29.2,0,7130,0,0
7/13/2009 21:10,209,7.5,8.9,63.6,49,29.2,0,7130,0,0
7/13/2009 21:20,182,10.4,11.2,64,48,29.2,0,7130,0,0
7/13/2009 21:30,195,10,11.1,64.2,48,29.2,0,7130,0,0
7/13/2009 21:40,161,7.4,8.3,64,48,29.2,0,7130,0,0
7/13/2009 21:50,216,7,7.6,64,48,29.2,0,7130,0,0
7/13/2009 22:00,189,3.5,6.1,63.8,49,29.2,0,7130,0,0
7/13/2009 22:10,174,4.4,5.4,63.6,49,29.2,0,7130,0,0
7/13/2009 22:20,201,7.2,7.9,63.8,49,29.2,0,7130,0,0
7/13/2009 22:30,211,6,7,63.6,50,29.2,0,7130,0,0
7/13/2009 22:40,213,6,6.7,63.8,50,29.2,0,7130,0,0
7/13/2009 22:50,204,3.7,4.7,63.8,52,29.2,0,7130,0,0
7/13/2009 23:00,234,6.1,7.1,64.7,56,29.2,0,7130,0,0
7/13/2009 23:10,231,4.8,5.7,64.7,58,29.2,0,7130,0,0
7/13/2009 23:20,0,6.4,6.8,65.8,64,29.2,0,7130,0,0
7/13/2009 23:30,13,6.6,8.9,66.9,58,29.2,0,7130,0,0
7/13/2009 23:40,350,11.8,13.1,66.9,56,29.2,0,7130,0,0
7/13/2009 23:50,330,10.1,13.1,67.2,52,29.2,0,7130,0,0
7/14/2009 0:00,340,12.3,13.2,67.1,52,29.2,0,7130,0,0
7/14/2009 0:10,317,12.6,13.2,66.9,54,29.2,0,7130,0,0
7/14/2009 0:20,325,8.7,10.7,66.9,59,29.2,0,7130,0,0
7/14/2009 0:30,323,9.3,9.6,66,61,29.2,0,7130,0,0
7/14/2009 0:40,318,6.3,8.9,65.4,64,29.2,0,7130,0,0
7/14/2009 0:50,354,6.2,7.8,65.3,65,29.2,0,7130,0,0
7/14/2009 1:00,356,7.7,8.2,65.1,62,29.2,0,7130,0,0
7/14/2009 1:10,326,7.7,8.7,65.1,60,29.2,0,7130,0,0
7/14/2009 1:20,20,3.3,5,65.1,59,29.2,0,7130,0,0
7/14/2009 1:30,335,7.5,8.3,65.1,62,29.2,0,7130,0,0
7/14/2009 1:40,336,7.4,8.3,64.5,67,29.2,0,7130,0,0
7/14/2009 1:50,350,10.2,12.1,64,62,29.2,0,7130,0,0
7/14/2009 2:00,342,8.4,9.5,63.5,62,29.2,0,7130,0,0
7/14/2009 2:10,354,7.9,8.7,63.1,62,29.2,0,7130,0,0
7/14/2009 2:20,3,4.5,6.4,62.6,60,29.2,0,7130,0,0
7/14/2009 2:30,32,7.7,8.2,62.6,58,29.2,0,7130,0,0
7/14/2009 2:40,5,8.1,9.1,62.6,60,29.3,0,7130,0,0
7/14/2009 2:50,349,5,5.4,62.6,57,29.3,0,7130,0,0
7/14/2009 3:00,11,3.1,4.6,62.6,57,29.3,0,7130,0,0
7/14/2009 3:10,344,6.2,6.6,62.9,53,29.3,0,7130,0,0
7/14/2009 3:20,2,3.8,4.2,62.9,53,29.3,0,7130,0,0
7/14/2009 3:30,358,7.6,8.3,62.9,54,29.3,0,7130,0,0
7/14/2009 3:40,0,5.7,7,62.4,55,29.3,0,7130,0,0
7/14/2009 3:50,337,8.8,9.6,62.4,54,29.3,0,7130,0,0
7/14/2009 4:00,24,3.9,4.7,62.6,54,29.3,0,7130,0,0
7/14/2009 4:10,349,9.2,9.9,62.7,52,29.3,0,7130,0,0
7/14/2009 4:20,353,10.9,11.2,63.1,48,29.3,0,7130,0,0
7/14/2009 4:30,335,9,10.5,63.3,48,29.3,0,7130,0,0
7/14/2009 4:40,320,9.5,10,63.3,49,29.3,0,7130,0,0
7/14/2009 4:50,348,5,5.7,63.5,49,29.3,0,7130,0,0
7/14/2009 5:00,344,11.2,12.4,63.6,50,29.3,0,7130,0,0
7/14/2009 5:10,301,10.1,10.7,63.8,48,29.3,0,7130,0,0
7/14/2009 5:20,335,8.1,11.9,63.8,53,29.3,0,7130,0,0
7/14/2009 5:30,333,5.6,6.5,63.8,53,29.3,0,7130,0,0
7/14/2009 5:40,348,4.9,7.3,63.8,53,29.3,0,7130,0,0
7/14/2009 5:50,332,8.2,9.2,63.6,55,29.3,0,7130,0,0
7/14/2009 6:00,320,6.4,7.4,63.8,55,29.3,0,7130,0,0
7/14/2009 6:10,347,7.2,8.5,63.8,55,29.3,0,7130,0,0
7/14/2009 6:20,331,7.6,9.2,64,54,29.3,0,7130,0,0
7/14/2009 6:30,318,9.9,10.3,63.8,55,29.3,0,7130,0,0
7/14/2009 6:40,336,9.3,9.7,64.2,55,29.3,0,7130,0,0
7/14/2009 6:50,295,9.3,9.8,64.4,55,29.3,0,7130,0,0
7/14/2009 7:00,311,8,8.8,64.2,55,29.3,0,7130,0,0
7/14/2009 7:10,322,9.7,10.2,64.2,53,29.3,0,7130,0,0
7/14/2009 7:20,340,6.1,7,64.4,55,29.3,0,7130,0,0
7/14/2009 7:30,322,5.3,6,64.4,55,29.3,0,7130,0,0
7/14/2009 7:40,324,10,10.4,64.2,53,29.3,0,7130,0,0
7/14/2009 7:50,302,10.7,11.1,64.7,53,29.3,0,7130,0,0
7/14/2009 8:00,320,8.7,9.2,64.7,52,29.3,0,7130,0,0
7/14/2009 8:10,329,8,8.7,64.4,53,29.3,0,7130,0,0
7/14/2009 8:20,337,6.2,7,64.5,51,29.3,0,7130,0,0
7/14/2009 8:30,301,6.4,6.8,64.9,52,29.3,0,7130,0,0
7/14/2009 8:40,321,6.4,7.2,64.9,52,29.3,0,7130,0,0
7/14/2009 8:50,279,5.9,7,64.9,51,29.3,0,7130,0,0
7/14/2009 9:00,295,4.8,6.3,64.9,52,29.3,0,7130,0,0
7/14/2009 9:10,297,8.5,9.1,65.1,52,29.3,0,7130,0,0
7/14/2009 9:20,291,9.7,10.7,65.3,52,29.3,0,7130,0,0
7/14/2009 9:30,295,9.8,10.6,65.3,52,29.3,0,7130,0,0
7/14/2009 9:40,313,8.4,8.7,65.4,54,29.3,0,7130,0,0
7/14/2009 9:50,284,11,11.4,65.4,51,29.3,0,7130,0,0
7/14/2009 10:00,267,10.8,11.1,65.3,53,29.3,0,7130,0,0
7/14/2009 10:10,278,9.7,11,65.3,53,29.3,0,7130,0,0
7/14/2009 10:20,267,13.6,14.3,65.4,51,29.3,0,7130,0,0
7/14/2009 10:30,317,9.1,9.9,65.4,54,29.3,0,7130,0,0
7/14/2009 10:40,261,8.3,8.7,65.4,53,29.3,0,7130,0,0
7/14/2009 10:50,265,6,7.6,65.4,54,29.3,0,7130,0,0
7/14/2009 11:00,292,7.4,7.7,66.2,52,29.3,0,7130,0,0
7/14/2009 11:10,301,7.5,8.5,66.7,51,29.3,0,7130,0,0
7/14/2009 11:20,303,4.6,5.5,66.2,52,29.3,0,7130,0,0
7/14/2009 11:30,278,9,9.7,66.9,52,29.3,0,7130,0,0
7/14/2009 11:40,277,8.5,8.8,67.1,52,29.3,0,7130,0,0
7/14/2009 11:50,294,7,7.9,66.7,52,29.3,0,7130,0,0
7/14/2009 12:00,285,7,7.3,66.9,47,29.3,0,7130,0,0
7/14/2009 12:10,298,5,5.6,67.4,47,29.3,0,7130,0,0
7/14/2009 12:20,285,8.2,8.8,67.1,48,29.3,0,7130,0,0
7/14/2009 12:30,308,5.9,7,67.2,51,29.3,0,7130,0,0
7/14/2009 12:40,290,9.1,9.9,67.2,51,29.3,0,7130,0,0
7/14/2009 12:50,280,7.6,8,67.4,46,29.3,0,7130,0,0
7/14/2009 13:00,296,6.1,7,67.4,47,29.3,0,7130,0,0
7/14/2009 13:10,290,7.9,8.5,67.8,47,29.3,0,7130,0,0
7/14/2009 13:20,289,7.4,7.8,67.8,48,29.3,0,7130,0,0
7/14/2009 13:30,275,10,10.3,68,47,29.3,0,7130,0,0
7/14/2009 13:40,273,12.4,13.1,68,48,29.3,0,7130,0,0
7/14/2009 13:50,302,12.7,13.9,68,51,29.3,0,7130,0,0
7/14/2009 14:00,287,12.8,13.6,68.1,50,29.3,0,7130,0,0
7/14/2009 14:10,292,12.7,13.8,68,51,29.3,0,7130,0,0
7/14/2009 14:20,279,13.7,15,67.6,52,29.3,0,7130,0,0
7/14/2009 14:30,279,9.3,9.7,68,53,29.3,0,7130,0,0
7/14/2009 14:40,277,13.4,14,68,50,29.3,0,7130,0,0
7/14/2009 14:50,283,12.2,12.5,67.8,50,29.3,0,7130,0,0
7/14/2009 15:00,273,10.6,11.9,68.1,50,29.3,0,7130,0,0
7/14/2009 15:10,238,4.1,5.7,68.1,51,29.3,0,7130,0,0
7/14/2009 15:20,265,9.3,9.8,68.1,50,29.3,0,7130,0,0
7/14/2009 15:30,271,8.7,9.3,68.3,49,29.3,0,7130,0,0
7/14/2009 15:40,240,9.7,10.5,68.3,54,29.3,0,7130,0,0
7/14/2009 15:50,221,4.3,6.2,68.9,50,29.3,0,7130,0,0
7/14/2009 16:00,288,4.6,5.9,68.9,49,29.3,0,7130,0,0
7/14/2009 16:10,268,7.4,8,68.7,48,29.3,0,7130,0,0
7/14/2009 16:20,247,3.5,4.4,68.9,48,29.3,0,7130,0,0
7/14/2009 16:30,243,7.3,7.9,69,49,29.3,0,7130,0,0
7/14/2009 16:40,259,7.7,8,69.2,45,29.3,0,7130,0,0
7/14/2009 16:50,221,5.4,5.7,69,43,29.3,0,7130,0,0
7/14/2009 17:00,219,4.8,5.1,68.9,44,29.3,0,7130,0,0
7/14/2009 17:10,217,4.6,4.8,68.5,43,29.3,0,7130,0,0
7/14/2009 17:20,214,3.5,4.3,68.1,44,29.3,0,7130,0,0
7/14/2009 17:30,215,3.6,4,68,44,29.3,0,7130,0,0
7/14/2009 17:40,213,2.7,3,67.6,44,29.3,0,7130,0,0
7/14/2009 17:50,197,2.7,2.9,67.4,45,29.3,0,7130,0,0
7/14/2009 18:00,180,2.7,3.3,67.2,47,29.3,0,7130,0,0
7/14/2009 18:10,198,4.1,4.4,67.1,47,29.3,0,7130,0,0
7/14/2009 18:20,184,3.3,4.1,66.3,50,29.3,0,7130,0,0
7/14/2009 18:30,170,3.5,3.9,65.8,51,29.3,0,7130,0,0
7/14/2009 18:40,149,3.8,4.2,64.9,54,29.3,0,7130,0,0
7/14/2009 18:50,157,4.6,5.4,64.7,54,29.3,0,7130,0,0
7/14/2009 19:00,161,4.1,4.4,64.2,55,29.3,0,7130,0,0
7/14/2009 19:10,176,5.9,6.1,63.8,57,29.3,0,7130,0,0
7/14/2009 19:20,175,5.2,5.4,62.9,60,29.3,0,7130,0,0
7/14/2009 19:30,171,3.8,4.8,62.7,61,29.3,0,7130,0,0
7/14/2009 19:40,172,5.3,5.8,62.2,61,29.3,0,7130,0,0
7/14/2009 19:50,162,5.5,6.3,62,62,29.3,0,7130,0,0
7/14/2009 20:00,173,6.2,6.6,61.7,62,29.3,0,7130,0,0
7/14/2009 20:10,174,6.4,7.2,61.7,62,29.3,0,7130,0,0
7/14/2009 20:20,154,5.2,6.2,61.5,62,29.3,0,7130,0,0
7/14/2009 20:30,174,5.6,6.2,61.5,61,29.3,0,7130,0,0
7/14/2009 20:40,169,5.1,5.6,61.3,62,29.3,0,7130,0,0
7/14/2009 20:50,159,6.7,7.2,61.3,60,29.3,0,7130,0,0
7/14/2009 21:00,173,6.5,7.1,60.9,61,29.3,0,7130,0,0
7/14/2009 21:10,156,4.6,5.8,60.9,60,29.3,0,7130,0,0
7/14/2009 21:20,150,7,7.4,61.3,57,29.3,0,7130,0,0
7/14/2009 21:30,149,6.5,7.2,61.1,58,29.3,0,7130,0,0
7/14/2009 21:40,224,1.8,2.8,60.8,58,29.3,0,7130,0,0
7/14/2009 21:50,156,6.4,7.4,60.8,58,29.3,0,7130,0,0
7/14/2009 22:00,163,6.5,8.1,60.8,58,29.3,0,7130,0,0
7/14/2009 22:10,173,5.2,6.1,60.6,58,29.3,0,7130,0,0
7/14/2009 22:20,168,6.9,8.4,60.6,59,29.3,0,7130,0,0
7/14/2009 22:30,163,6.6,8.6,60.2,59,29.3,0,7130,0,0
7/14/2009 22:40,145,7.9,8.6,60.2,59,29.3,0,7130,0,0
7/14/2009 22:50,140,6.5,10.2,60.4,59,29.3,0,7130,0,0
7/14/2009 23:00,143,8.6,9.2,60.4,58,29.3,0,7130,0,0
7/14/2009 23:10,148,8.9,9.7,60.4,58,29.3,0,7130,0,0
7/14/2009 23:20,153,9.7,10.6,60.2,58,29.3,0,7130,0,0
7/14/2009 23:30,149,8.6,9.4,60.2,58,29.3,0,7130,0,0
7/14/2009 23:40,146,7.5,10.2,60.2,58,29.3,0,7130,0,0
7/14/2009 23:50,141,8.2,9.1,60,59,29.3,0,7130,0,0
7/15/2009 0:00,141,9.4,9.9,60,59,29.3,0,7130,0,0
7/15/2009 0:10,148,8.7,8.9,59.9,59,29.3,0,7130,0,0
7/15/2009 0:20,139,6.5,8.1,59.7,60,29.3,0,7130,0,0
7/15/2009 0:30,144,9.6,11.3,59.5,60,29.3,0,7130,0,0
7/15/2009 0:40,153,8.6,9.4,59.3,61,29.3,0,7130,0,0
7/15/2009 0:50,155,7.9,9.4,59.3,61,29.3,0,7130,0,0
7/15/2009 1:00,138,9.3,10.5,59.5,61,29.3,0,7130,0,0
7/15/2009 1:10,154,9.3,9.9,59.1,62,29.3,0,7130,0,0
7/15/2009 1:20,149,12.5,13.1,59.1,63,29.3,0,7130,0,0
7/15/2009 1:30,156,6.1,7.6,59.5,63,29.3,0,7130,0,0
7/15/2009 1:40,140,5.8,8.6,59.3,63,29.3,0,7130,0,0
7/15/2009 1:50,154,8.5,9.7,59.1,63,29.3,0,7130,0,0
7/15/2009 2:00,136,8.9,9.6,59.5,63,29.3,0,7130,0,0
7/15/2009 2:10,144,7.2,7.8,59.9,62,29.3,0,7130,0,0
7/15/2009 2:20,140,9.4,10.3,60,62,29.3,0,7130,0,0
7/15/2009 2:30,160,7.9,8.9,60.2,61,29.3,0,7130,0,0
7/15/2009 2:40,143,12.7,13.2,60,61,29.3,0,7130,0,0
7/15/2009 2:50,163,8.7,10.2,59.9,62,29.3,0,7130,0,0
7/15/2009 3:00,147,11.6,12.2,59.9,62,29.3,0,7130,0,0
7/15/2009 3:10,122,7.5,8.6,59.9,62,29.3,0,7130,0,0
7/15/2009 3:20,145,11.3,13.3,60,61,29.3,0,7130,0,0
7/15/2009 3:30,150,6.4,8.3,60.4,61,29.3,0,7130,0,0
7/15/2009 3:40,137,13,14.2,60.8,60,29.3,0,7130,0,0
7/15/2009 3:50,148,10.3,11.1,61.1,60,29.3,0,7130,0,0
7/15/2009 4:00,136,10.3,11.4,61.7,59,29.3,0,7130,0,0
7/15/2009 4:10,156,10.2,13.3,62.4,58,29.3,0,7130,0,0
7/15/2009 4:20,130,5.4,10.2,62.9,57,29.3,0,7130,0,0
7/15/2009 4:30,165,10.3,11.6,63.5,56,29.3,0,7130,0,0
7/15/2009 4:40,166,8.1,9.3,64,55,29.3,0,7130,0,0
7/15/2009 4:50,169,7.8,10.1,64.4,54,29.3,0,7130,0,0
7/15/2009 5:00,168,5.8,7.1,64.5,55,29.3,0,7130,0,0
7/15/2009 5:10,161,10.5,11.8,64.9,55,29.3,0,7130,0,0
7/15/2009 5:20,156,13.1,15,65.4,53,29.3,0,7130,0,0
7/15/2009 5:30,157,12.6,14.6,66.3,53,29.3,0,7130,0,0
7/15/2009 5:40,155,13.3,15,67.1,52,29.3,0,7130,0,0
7/15/2009 5:50,155,15.6,16.7,67.6,51,29.3,0,7130,0,0
7/15/2009 6:00,146,12.2,13.6,68,50,29.3,0,7130,0,0
7/15/2009 6:10,163,11.4,12.4,68.7,51,29.3,0,7130,0,0
7/15/2009 6:20,169,16.7,18.1,69.4,49,29.3,0,7130,0,0
7/15/2009 6:30,182,11.3,14.1,69.8,49,29.3,0,7130,0,0
7/15/2009 6:40,160,8,9.1,70.1,50,29.3,0,7130,0,0
7/15/2009 6:50,180,11.6,16,70.7,47,29.3,0,7130,0,0
7/15/2009 7:00,232,4.5,8.7,71.2,48,29.3,0,7130,0,0
7/15/2009 7:10,155,12.1,13.1,71.6,46,29.3,0,7130,0,0
7/15/2009 7:20,180,9.7,12.3,71.9,47,29.3,0,7130,0,0
7/15/2009 7:30,152,8.7,10.6,73,44,29.3,0,7130,0,0
7/15/2009 7:40,197,3.9,5.4,73.5,45,29.3,0,7130,0,0
7/15/2009 7:50,206,12.6,14,73.7,43,29.3,0,7130,0,0
7/15/2009 8:00,148,4.4,8.5,74.1,44,29.3,0,7130,0,0
7/15/2009 8:10,173,10.3,11,75,43,29.3,0,7130,0,0
7/15/2009 8:20,201,7.9,8.9,74.8,43,29.3,0,7130,0,0
7/15/2009 8:30,118,2.1,2.9,75.9,43,29.3,0,7130,0,0
7/15/2009 8:40,175,8.2,8.6,76.2,38,29.2,0,7130,0,0
7/15/2009 8:50,217,9.9,10.5,76.2,39,29.2,0,7130,0,0
7/15/2009 9:00,191,10.6,12.6,76.6,38,29.2,0,7130,0,0
7/15/2009 9:10,185,7.1,8.1,77,38,29.2,0,7130,0,0
7/15/2009 9:20,197,9,10,77.1,36,29.2,0,7130,0,0
7/15/2009 9:30,186,3.3,4.7,77.1,36,29.2,0,7130,0,0
7/15/2009 9:40,185,8.8,9.3,77.7,36,29.2,0,7130,0,0
7/15/2009 9:50,216,6,6.7,77.7,35,29.2,0,7130,0,0
7/15/2009 10:00,217,9.7,12.1,78.8,35,29.2,0,7130,0,0
7/15/2009 10:10,213,15.4,18,78,35,29.2,0,7130,0,0
7/15/2009 10:20,228,13.4,14.3,77.7,36,29.2,0,7130,0,0
7/15/2009 10:30,248,6.4,7.8,78.2,38,29.2,0,7130,0,0
7/15/2009 10:40,225,12.5,13.5,77.9,38,29.2,0,7130,0,0
7/15/2009 10:50,187,4.9,7.3,78.2,37,29.2,0,7130,0,0
7/15/2009 11:00,214,8.5,9.4,78.9,37,29.2,0,7130,0,0
7/15/2009 11:10,183,7.8,8.7,78.8,37,29.2,0,7130,0,0
7/15/2009 11:20,255,12.2,13,78.9,36,29.2,0,7130,0,0
7/15/2009 11:30,216,8.1,8.8,79.1,36,29.2,0,7130,0,0
7/15/2009 11:40,131,2,2.7,79.7,36,29.2,0,7130,0,0
7/15/2009 11:50,188,7,8.3,80,36,29.2,0,7130,0,0
7/15/2009 12:00,203,7.9,8.5,79.8,37,29.2,0,7130,0,0
7/15/2009 12:10,227,7.8,8.5,80.6,35,29.2,0,7130,0,0
7/15/2009 12:20,208,8.1,8.6,80.7,35,29.2,0,7130,0,0
7/15/2009 12:30,189,5.4,6.7,80.2,36,29.2,0,7130,0,0
7/15/2009 12:40,169,5.6,7.4,80.4,35,29.2,0,7130,0,0
7/15/2009 12:50,159,10.4,12.7,80.6,34,29.1,0,7130,0,0
7/15/2009 13:00,117,6.1,7.8,80.4,37,29.1,0,7130,0,0
7/15/2009 13:10,164,11.6,15.1,80.7,36,29.1,0,7130,0,0
7/15/2009 13:20,212,11.3,13.8,80.4,37,29.1,0,7130,0,0
7/15/2009 13:30,208,8.7,9.6,80.4,38,29.1,0,7130,0,0
7/15/2009 13:40,189,4.6,5.9,80.4,39,29.1,0,7130,0,0
7/15/2009 13:50,131,11,12.2,80.9,38,29.1,0,7130,0,0
7/15/2009 14:00,191,8.2,8.8,81.3,38,29.1,0,7130,0,0
7/15/2009 14:10,180,10.1,12.6,80.9,38,29.1,0,7130,0,0
7/15/2009 14:20,180,10,10.5,80.4,40,29.1,0,7130,0,0
7/15/2009 14:30,179,9.7,12.4,80.6,40,29.1,0,7130,0,0
7/15/2009 14:40,202,7,7.9,80.4,41,29.1,0,7130,0,0
7/15/2009 14:50,204,6.1,7.3,80.4,41,29.1,0,7130,0,0
7/15/2009 15:00,209,4.3,5.3,80.2,41,29.1,0,7130,0,0
7/15/2009 15:10,197,10.7,11.9,80.6,41,29.1,0,7130,0,0
7/15/2009 15:20,248,2.3,5.1,80.4,42,29.1,0,7130,0,0
7/15/2009 15:30,200,6.4,6.8,80.2,43,29.1,0,7130,0,0
7/15/2009 15:40,184,3.7,5.3,80,43,29.1,0,7130,0,0
7/15/2009 15:50,197,3.2,4.2,80,44,29.1,0,7130,0,0
7/15/2009 16:00,167,6.1,8.4,79.8,44,29.1,0,7130,0,0
7/15/2009 16:10,196,9,9.5,79.8,44,29.1,0,7130,0,0
7/15/2009 16:20,185,3.5,5.2,79.7,44,29.1,0,7130,0,0
7/15/2009 16:30,177,6.2,7.3,79.7,45,29.1,0,7130,0,0
7/15/2009 16:40,171,3.9,5.7,79.7,45,29.1,0,7130,0,0
7/15/2009 16:50,160,8.3,10.9,79.3,45,29.1,0,7130,0,0
7/15/2009 17:00,212,4.6,5.2,79.1,46,29.1,0,7130,0,0
7/15/2009 17:10,203,1.7,2.9,78.8,47,29.1,0,7130,0,0
7/15/2009 17:20,157,7.2,8.9,78.6,47,29.1,0,7130,0,0
7/15/2009 17:30,184,8,9.1,78.4,46,29.1,0,7130,0,0
7/15/2009 17:40,186,6.9,7.7,78.2,47,29.1,0,7130,0,0
7/15/2009 17:50,155,7.1,8,77.9,47,29.1,0,7130,0,0
7/15/2009 18:00,149,7.5,8.3,77.5,48,29.1,0,7130,0,0
7/15/2009 18:10,176,9.1,10.2,77,48,29.1,0,7130,0,0
7/15/2009 18:20,166,9.4,12.5,76.8,49,29.1,0,7130,0,0
7/15/2009 18:30,153,9.1,11.1,76.6,48,29.1,0,7130,0,0
7/15/2009 18:40,181,7.4,9.8,76.6,48,29.1,0,7130,0,0
7/15/2009 18:50,223,6.1,7.7,76.8,47,29.1,0,7130,0,0
7/15/2009 19:00,183,13.4,16.1,77.1,46,29.1,0,7130,0,0
7/15/2009 19:10,180,13,15.2,77.3,46,29.1,0,7130,0,0
7/15/2009 19:20,146,5.6,9.5,77.1,46,29.1,0,7130,0,0
7/15/2009 19:30,156,11.9,13.9,77.1,46,29,0,7130,0,0
7/15/2009 19:40,170,9.6,15.4,77,47,29,0,7130,0,0
7/15/2009 19:50,156,6.5,8.8,76.6,47,29,0,7130,0,0
7/15/2009 20:00,190,9.9,10.4,76.4,48,29,0,7130,0,0
7/15/2009 20:10,198,5.5,6.6,76.4,48,29,0,7130,0,0
7/15/2009 20:20,200,10.4,10.6,76.2,49,29,0,7130,0,0
7/15/2009 20:30,174,11.2,13.8,76.4,49,29,0,7130,0,0
7/15/2009 20:40,185,14.7,15.6,76.4,50,29,0,7130,0,0
7/15/2009 20:50,190,12.3,14.3,76.4,51,29,0,7130,0,0
7/15/2009 21:00,198,10.6,11.6,76.2,52,29,0,7130,0,0
7/15/2009 21:10,207,9.1,10.3,76.1,53,29,0,7130,0,0
7/15/2009 21:20,218,14.3,15.2,76.1,53,29,0,7130,0,0
7/15/2009 21:30,214,15.9,16.5,75.7,54,29,0,7130,0,0
7/15/2009 21:40,201,12.8,14.7,75.5,56,29,0,7130,0,0
7/15/2009 21:50,179,6.1,8.8,75.7,57,29,0,7130,0,0
7/15/2009 22:00,207,11.1,13.4,75.9,58,29,0,7130,0,0
7/15/2009 22:10,222,18.4,19.7,75.7,59,29,0,7130,0,0
7/15/2009 22:20,209,7.6,11.9,75.5,59,29,0,7130,0,0
7/15/2009 22:30,215,5,7.7,75.5,61,29,0,7130,0,0
7/15/2009 22:40,222,8.8,10.2,75.5,61,29,0,7130,0,0
7/15/2009 22:50,221,14,14.8,75.2,63,29,0,7130,0,0
7/15/2009 23:00,245,13.8,14.7,75,66,29,0,7130,0,0
7/15/2009 23:10,236,9.3,10.6,75,66,29,0,7130,0,0
7/15/2009 23:20,241,19.6,21.3,74.6,68,29,0,7130,0,0
7/15/2009 23:30,214,15.6,20.3,74.8,69,29,0,7130,0,0
7/15/2009 23:40,219,12.4,13.1,74.8,70,29,0,7130,0,0
7/15/2009 23:50,223,17,17.8,74.6,71,29,0,7130,0,0
7/16/2009 0:00,223,19,22.4,74.1,72,29,0,7130,0,0
7/16/2009 0:10,202,11,14.8,73.7,73,29,0,7130,0,0
7/16/2009 0:20,219,8,9.3,73.7,74,29,0,7130,0,0
7/16/2009 0:30,217,9.1,10.6,73.2,75,29,0,7130,0,0
7/16/2009 0:40,293,5.1,8.2,73,76,29,0,7130,0,0
7/16/2009 0:50,217,11.8,12.7,72.6,77,29,0,7130,0,0
7/16/2009 1:00,202,8,9.2,72.3,78,29,0,7130,0,0
7/16/2009 1:10,222,8.4,8.9,72.1,79,29,0,7130,0,0
7/16/2009 1:20,217,12,12.9,71.9,80,29,0,7130,0,0
7/16/2009 1:30,206,5.5,6.3,71.6,81,29,0,7130,0,0
7/16/2009 1:40,196,3.9,4.4,71.6,81,29,0,7130,0,0
7/16/2009 1:50,215,11.3,14,71.6,82,29,0,7130,0,0
7/16/2009 2:00,228,15.4,17.8,71.9,82,29,0,7130,0,0
7/16/2009 2:10,217,11.6,12.9,72.5,82,29,0,7130,0,0
7/16/2009 2:20,238,13.5,15,72.3,82,29,0,7130,0,0
7/16/2009 2:30,200,10.9,11.8,72.5,82,29,0,7130,0,0
7/16/2009 2:40,219,19.2,20.4,72.5,82,29,0,7130,0,0
7/16/2009 2:50,226,8.1,13.6,72.5,83,29,0,7130,0,0
7/16/2009 3:00,248,15.4,17.5,72.6,83,29,0,7130,0,0
7/16/2009 3:10,243,13.8,15,72.5,84,29,0,7130,0,0
7/16/2009 3:20,288,7.3,9.7,72.1,86,29,0,7130,0,0
7/16/2009 3:30,243,12.6,14.2,71.9,87,29,0,7130,0,0
7/16/2009 3:40,234,13.8,14.6,71.7,88,29,0,7130,0,0
7/16/2009 3:50,261,17.7,19.5,71.9,88,29,0,7130,0,0
7/16/2009 4:00,295,8.9,11,71.7,88,29,0,7130,0,0
7/16/2009 4:10,271,9,9.9,71.7,88,29,0,7130,0,0
7/16/2009 4:20,275,5.4,6.6,71.6,87,29,0,7130,0,0
7/16/2009 4:30,245,8.6,8.9,71.6,85,29,0,7130,0,0
7/16/2009 4:40,233,1.7,3.3,71.6,85,29,0,7130,0,0
7/16/2009 4:50,279,8.7,11.9,71.6,84,29,0,7130,0,0
7/16/2009 5:00,257,14.9,16,71.4,83,29,0,7130,0,0
7/16/2009 5:10,247,12.1,14.2,71.4,82,29,0,7130,0,0
7/16/2009 5:20,265,12,13.5,71.6,80,29,0,7130,0,0
7/16/2009 5:30,243,14.5,15.9,71.4,78,29,0,7130,0,0
7/16/2009 5:40,265,6,7.8,71.6,79,29,0,7130,0,0
7/16/2009 5:50,242,5.4,7,71.6,80,29,0,7130,0,0
7/16/2009 6:00,270,15,17.3,71.6,76,29,0,7130,0,0
7/16/2009 6:10,251,9.9,13,71.6,78,29,0,7130,0,0
7/16/2009 6:20,260,10.8,11.3,71.4,76,29,0,7130,0,0
7/16/2009 6:30,275,11.6,13.2,71.2,74,29,0,7130,0,0
7/16/2009 6:40,286,11.6,12.4,71.4,73,29,0,7130,0,0
7/16/2009 6:50,271,19.1,19.7,71,74,29,0,7130,0,0
7/16/2009 7:00,274,14.1,16.7,71,75,29,0,7130,0,0
7/16/2009 7:10,262,17.6,20,71,73,29,0,7130,0,0
7/16/2009 7:20,281,15.9,16.7,70.8,73,29,0,7130,0,0
7/16/2009 7:30,267,13.3,14.7,70.7,73,29,0,7130,0,0
7/16/2009 7:40,302,14,14.8,70.7,75,29,0,7130,0,0
7/16/2009 7:50,269,13.4,14.5,70.5,77,29,0,7130,0,0
7/16/2009 8:00,273,18.8,19.2,70.7,72,29,0,7130,0,0
7/16/2009 8:10,286,11.5,14.6,70.7,74,29,0,7130,0,0
7/16/2009 8:20,254,8,9.9,71.2,74,29,0,7130,0,0
7/16/2009 8:30,289,12.1,13.1,71.2,72,29,0,7130,0,0
7/16/2009 8:40,276,12.8,13.9,71.4,71,29,0,7130,0,0
7/16/2009 8:50,273,16.8,18.1,71.4,74,29,0,7130,0,0
7/16/2009 9:00,263,14.6,16.3,71.6,72,29,0,7130,0,0
7/16/2009 9:10,274,15.8,16.6,71.2,73,29,0,7130,0,0
7/16/2009 9:20,280,10.7,12.2,71.4,76,29,0,7130,0,0
7/16/2009 9:30,289,9.3,11.6,71.7,75,29,0,7130,0,0
7/16/2009 9:40,254,11,12.4,72.1,74,29,0,7130,0,0
7/16/2009 9:50,284,10.6,12.6,72.1,74,29,0,7130,0,0
7/16/2009 10:00,279,11.4,13.1,72.5,71,29,0,7130,0,0
7/16/2009 10:10,233,9.3,10.3,72.3,73,29,0,7130,0,0
7/16/2009 10:20,253,12.3,13.3,72.3,74,29,0,7130,0,0
7/16/2009 10:30,290,10.1,11,73.2,72,29,0,7130,0,0
7/16/2009 10:40,242,12.3,14.6,73,71,29,0,7130,0,0
7/16/2009 10:50,216,3.5,5,72.8,75,29,0,7130,0,0
7/16/2009 11:00,246,13.7,14.6,73,73,29,0,7130,0,0
7/16/2009 11:10,290,11,12.3,73,77,29,0,7130,0,0
7/16/2009 11:20,286,13.2,13.7,73.4,76,29,0,7130,0,0
7/16/2009 11:30,277,11.6,14.9,72.6,80,29.1,0,7130,0,0
7/16/2009 11:40,304,8,8.8,72.5,79,29,0,7130,0,0
7/16/2009 11:50,259,7.8,8.3,72.6,79,29,0,7130,0,0
7/16/2009 12:00,271,7.4,9.2,73,77,29,0,7130,0,0
7/16/2009 12:10,221,3.8,4.5,73.7,73,29,0,7130,0,0
7/16/2009 12:20,239,11.6,13.8,73.4,71,29,0,7130,0,0
7/16/2009 12:30,299,5,8.4,73.7,71,29,0,7130,0,0
7/16/2009 12:40,271,6.5,8.1,73.7,69,29,0,7130,0,0
7/16/2009 12:50,231,7.4,8.9,74.3,67,29,0,7130,0,0
7/16/2009 13:00,291,5.2,6.7,74.6,67,29,0,7130,0,0
7/16/2009 13:10,276,9.1,11.8,74.4,65,29,0,7130,0,0
7/16/2009 13:20,274,9.7,10.7,74.4,64,29,0,7130,0,0
7/16/2009 13:30,223,5.8,7.2,74.8,66,29,0,7130,0,0
7/16/2009 13:40,242,6,7,75,64,29,0,7130,0,0
7/16/2009 13:50,256,12.5,13.2,74.8,65,29,0,7130,0,0
7/16/2009 14:00,280,5.5,6.5,75.3,65,29,0,7130,0,0
7/16/2009 14:10,250,14.3,16.1,75.7,60,29,0,7130,0,0
7/16/2009 14:20,264,8,10,75.3,64,29,0,7130,0,0
7/16/2009 14:30,258,9.5,10.2,75.2,65,29,0,7130,0,0
7/16/2009 14:40,268,11.6,13.7,75.5,66,29,0,7130,0,0
7/16/2009 14:50,238,6.5,8.2,75,69,29,0,7130,0,0
7/16/2009 15:00,262,14.6,17,75,69,29,0,7130,0,0
7/16/2009 15:10,239,18.2,19,75.2,67,29,0,7130,0,0
7/16/2009 15:20,243,9.9,10.7,75.2,67,29,0,7130,0,0
7/16/2009 15:30,251,17,17.8,75.3,64,29,0,7130,0,0
7/16/2009 15:40,240,12.5,14.4,75.3,65,29,0,7130,0,0
7/16/2009 15:50,252,13,13.9,75.3,65,29,0,7130,0,0
7/16/2009 16:00,229,12.6,14.8,75.5,63,29,0,7130,0,0
7/16/2009 16:10,252,8.2,10.5,75.5,63,29,0,7130,0,0
7/16/2009 16:20,229,13.6,17.1,75.9,58,29,0,7130,0,0
7/16/2009 16:30,230,12.6,14.2,75.9,57,29,0,7130,0,0
7/16/2009 16:40,239,15.5,16.7,75.7,58,29,0,7130,0,0
7/16/2009 16:50,252,12.8,14,75.7,56,29,0,7130,0,0
7/16/2009 17:00,219,12.7,13.3,75.5,56,29,0,7130,0,0
7/16/2009 17:10,228,6.3,9.4,75.3,56,29,0,7130,0,0
7/16/2009 17:20,241,13.1,14.6,75.2,56,29,0,7130,0,0
7/16/2009 17:30,213,14,15.1,75.2,55,29,0,7130,0,0
7/16/2009 17:40,221,13.1,15,75,54,29,0,7130,0,0
7/16/2009 17:50,233,13.3,14.5,75,55,29,0,7130,0,0
7/16/2009 18:00,244,12.8,14.8,74.8,55,29,0,7130,0,0
7/16/2009 18:10,231,14.5,17.6,74.6,54,29,0,7130,0,0
7/16/2009 18:20,249,20.6,21.6,74.6,53,29,0,7130,0,0
7/16/2009 18:30,229,8.3,14.4,74.6,52,29,0,7130,0,0
7/16/2009 18:40,223,19,20.4,74.4,51,29,0,7130,0,0
7/16/2009 18:50,248,14,15.2,74.4,50,29,0,7130,0,0
7/16/2009 19:00,202,9.9,12.9,74.3,50,29,0,7130,0,0
7/16/2009 19:10,214,12.5,13.5,74.1,50,29,0,7130,0,0
7/16/2009 19:20,233,12.1,13.8,74.3,50,29,0,7130,0,0
7/16/2009 19:30,243,12.8,15,74.3,50,29,0,7130,0,0
7/16/2009 19:40,184,5.2,9.7,73.7,51,29,0,7130,0,0
7/16/2009 19:50,191,6.2,7.3,73,52,29,0,7130,0,0
7/16/2009 20:00,207,10.4,11.4,71.6,56,29,0,7130,0,0
7/16/2009 20:10,224,12.8,15.1,71.7,58,29,0,7130,0,0
7/16/2009 20:20,205,7.7,8.3,71.2,58,29,0,7130,0,0
7/16/2009 20:30,211,11.7,13.7,70.8,61,29,0,7130,0,0
7/16/2009 20:40,175,3.6,5.9,71.6,62,29,0,7130,0,0
7/16/2009 20:50,246,15.8,17.2,72.1,65,29,0,7130,0,0
7/16/2009 21:00,264,11.9,13,72.1,68,29,0,7130,0,0
7/16/2009 21:10,268,5.8,6.7,72.1,68,29,0,7130,0,0
7/16/2009 21:20,276,9.4,10.9,72.1,65,29,0,7130,0,0
7/16/2009 21:30,268,9,10.4,71.9,62,29,0,7130,0,0
7/16/2009 21:40,297,8.9,10.2,71.7,61,29,0,7130,0,0
7/16/2009 21:50,290,14.3,15.3,71.7,57,29,0,7130,0,0
7/16/2009 22:00,286,10.6,11.2,71.6,59,29,0,7130,0,0
7/16/2009 22:10,276,9.2,9.6,71.6,53,29,0,7130,0,0
7/16/2009 22:20,281,6.1,7,71.6,53,29,0,7130,0,0
7/16/2009 22:30,291,10.1,10.4,71.4,53,29,0,7130,0,0
7/16/2009 22:40,286,7.5,8.4,71.4,51,29,0,7130,0,0
7/16/2009 22:50,297,8,8.3,71.2,49,29,0,7130,0,0
7/16/2009 23:00,277,4.6,5.3,71,51,29,0,7130,0,0
7/16/2009 23:10,173,2.5,3.2,70.1,56,29,0,7130,0,0
7/16/2009 23:20,151,2.7,2.9,68.5,62,29,0,7130,0,0
7/16/2009 23:30,154,3.7,4,67.6,65,29,0,7130,0,0
7/16/2009 23:40,157,4.2,4.6,67.1,68,29,0,7130,0,0
7/16/2009 23:50,169,4.2,5.3,66.3,70,29,0,7130,0,0
7/17/2009 0:00,132,4.6,5.1,66,70,29,0,7130,0,0
7/17/2009 0:10,156,3.9,4.2,65.8,69,29,0,7130,0,0
7/17/2009 0:20,170,5.5,6.2,66,70,29,0,7130,0,0
7/17/2009 0:30,160,3.4,3.9,65.8,69,29,0,7130,0,0
7/17/2009 0:40,169,3.7,4.8,65.8,68,29,0,7130,0,0
7/17/2009 0:50,164,3.8,6.3,65.8,68,29,0,7130,0,0
7/17/2009 1:00,174,6.2,7,65.8,67,29,0,7130,0,0
7/17/2009 1:10,146,6,6.5,66,66,29,0,7130,0,0
7/17/2009 1:20,163,7.8,9.3,66,65,29,0,7130,0,0
7/17/2009 1:30,156,5.4,6.3,65.8,65,29,0,7130,0,0
7/17/2009 1:40,142,4.8,5.5,65.6,65,29,0,7130,0,0
7/17/2009 1:50,151,6.4,7.1,65.6,65,29,0,7130,0,0
7/17/2009 2:00,154,5,6.1,65.4,66,29,0,7130,0,0
7/17/2009 2:10,156,3,3.8,65.3,67,29,0,7130,0,0
7/17/2009 2:20,139,2.3,4.8,65.1,68,29,0,7130,0,0
7/17/2009 2:30,147,4.8,5.3,65.1,69,29,0,7130,0,0
7/17/2009 2:40,153,4.7,5.9,64.7,70,29,0,7130,0,0
7/17/2009 2:50,150,6.8,8,64.7,70,29,0,7130,0,0
7/17/2009 3:00,161,7.6,8,64.9,70,29,0,7130,0,0
7/17/2009 3:10,167,9.9,11.5,65.1,70,29,0,7130,0,0
7/17/2009 3:20,147,11.2,11.8,65.4,68,29,0,7130,0,0
7/17/2009 3:30,173,6.6,7.4,65.4,69,29,0,7130,0,0
7/17/2009 3:40,185,14.6,16,65.4,70,29,0,7340,0.08,0.08
7/17/2009 3:50,184,8.3,11,65.1,73,29,0,7620,0,0
7/17/2009 4:00,185,13.7,16.3,64.5,76,29,0.01,8130,0.02,0.02
7/17/2009 4:10,170,13,14.5,64.4,77,29,0.01,8460,0,0
7/17/2009 4:20,196,9.3,11,64.5,78,29,0.01,8540,0,0
7/17/2009 4:30,194,6.7,8.1,64.9,78,29,0.01,8820,0.01,0.01
7/17/2009 4:40,190,8.3,9.7,65.1,79,29,0.01,8990,0,0
7/17/2009 4:50,187,8.9,11.6,65.3,79,29,0.01,8990,0,0
7/17/2009 5:00,183,7.2,8.3,65.4,79,29,0.01,8990,0,0
7/17/2009 5:10,157,6.2,6.3,65.6,79,29,0.01,8990,0,0
7/17/2009 5:20,127,6.3,7.1,66,80,29,0.01,8990,0,0
7/17/2009 5:30,181,3.3,4.9,66,79,29,0.01,8990,0,0
7/17/2009 5:40,196,6.6,7.6,66.2,80,29,0.01,8990,0,0
7/17/2009 5:50,205,8.5,9.1,66.2,80,29,0.01,8990,0,0
7/17/2009 6:00,188,6.2,7,66.3,80,29,0.01,8990,0,0
7/17/2009 6:10,195,5.9,6.6,66.3,80,29,0.01,8990,0,0
7/17/2009 6:20,182,7.7,8.4,66.7,79,28.9,0.01,8990,0,0
7/17/2009 6:30,178,9.1,10,67.1,79,28.9,0.01,8990,0,0
7/17/2009 6:40,190,8.8,9.2,67.6,79,29,0.01,8990,0,0
7/17/2009 6:50,202,6.3,7.7,68.1,78,29,0.01,8990,0,0
7/17/2009 7:00,219,10.3,11.4,68.5,79,29,0.01,8990,0,0
7/17/2009 7:10,237,6.2,7.1,68.5,80,29,0.01,8990,0,0
7/17/2009 7:20,196,6.3,6.8,68.7,78,29,0.01,8990,0,0
7/17/2009 7:30,240,10.4,10.8,68.7,77,29,0.01,8990,0,0
7/17/2009 7:40,285,9.6,10.6,68.7,68,29,0.01,8990,0,0
7/17/2009 7:50,275,4.4,5.2,68.5,72,29,0.01,9000,0,0
7/17/2009 8:00,256,6.1,7.2,68.5,71,29,0.01,9000,0,0
7/17/2009 8:10,213,6,7.4,68.5,71,29,0.01,9000,0,0
7/17/2009 8:20,181,7.3,7.9,68.3,72,29,0.01,9000,0,0
7/17/2009 8:30,223,6.9,7.2,68.3,75,29,0.01,9000,0,0
7/17/2009 8:40,191,4.5,5,68.5,77,29,0.01,9000,0,0
7/17/2009 8:50,164,2.6,3.2,68.7,78,28.9,0.01,9000,0,0
7/17/2009 9:00,124,1,1.6,68.7,78,29,0.01,9000,0,0
7/17/2009 9:10,153,3,3.4,68.5,77,29,0.01,9000,0,0
7/17/2009 9:20,187,5.2,5.7,68.9,76,28.9,0.01,9000,0,0
7/17/2009 9:30,211,1.6,2.5,68.9,74,28.9,0.01,9000,0,0
7/17/2009 9:40,118,4.4,4.9,68.7,75,28.9,0.01,9000,0,0
7/17/2009 9:50,269,6.1,7,68.1,79,28.9,0.04,9480,0.22,0.22
7/17/2009 10:00,10,4.8,5.6,66.7,86,28.9,0.07,10080,0.23,0.23
7/17/2009 10:10,24,4.2,4.8,64.7,90,28.9,0.1,10680,0.02,0.02
7/17/2009 10:20,287,9.5,10.1,64.4,94,28.9,0.15,11230,0.5,0.5
7/17/2009 10:30,19,7.8,8.5,63.8,93,28.9,0.23,11830,0.94,0.94
7/17/2009 10:40,37,4.2,5.6,63.8,95,28.9,0.28,12290,0,0
7/17/2009 10:50,108,8.9,9.4,64.4,95,28.9,0.28,12290,0,0
7/17/2009 11:00,83,8,8.5,64.5,93,28.9,0.28,12290,0,0
7/17/2009 11:10,92,5.6,6.1,64.9,91,28.9,0.28,12290,0,0
7/17/2009 11:20,65,5.3,6.1,65.3,92,28.9,0.28,12370,0,0
7/17/2009 11:30,85,5.4,5.9,66,92,28.9,0.28,12370,0,0
7/17/2009 11:40,84,8,8.7,66.2,91,28.9,0.28,12370,0,0
7/17/2009 11:50,63,7.9,9.4,65.6,92,28.9,0.28,12370,0,0
7/17/2009 12:00,51,5.1,6.3,65.4,92,28.9,0.28,12370,0,0
7/17/2009 12:10,46,9.1,10,65.4,91,28.9,0.28,12370,0,0
7/17/2009 12:20,48,7.3,7.9,65.8,91,28.9,0.28,12370,0,0
7/17/2009 12:30,65,6.2,6.7,66,91,28.9,0.28,12370,0,0
7/17/2009 12:40,53,3.5,3.9,66.3,92,28.9,0.28,12370,0,0
7/17/2009 12:50,24,3.5,4.4,66.7,89,28.9,0.28,12370,0,0
7/17/2009 13:00,34,5.1,5.8,66.7,91,28.9,0.28,12550,0.08,0.08
7/17/2009 13:10,4,4.4,4.8,67.1,90,28.9,0.29,13110,0.08,0.08
7/17/2009 13:20,3,10.3,10.9,66.5,92,28.9,0.3,13590,0,0
7/17/2009 13:30,350,13,13.6,66,92,28.9,0.3,13820,0.02,0.02
7/17/2009 13:40,39,5.1,6.3,65.8,91,28.9,0.3,14360,0.04,0.04
7/17/2009 13:50,4,9.1,10.4,65.3,92,28.9,0.31,14830,0.11,0.11
7/17/2009 14:00,5,8.1,8.8,64.7,94,28.9,0.33,15420,0.05,0.05
7/17/2009 14:10,39,7.2,7.9,64.4,93,28.9,0.34,15800,0,0
7/17/2009 14:20,83,4.3,4.9,64.9,92,28.9,0.34,15800,0,0
7/17/2009 14:30,16,3.3,5.2,65.1,93,28.9,0.34,15800,0,0
7/17/2009 14:40,64,8.8,9.3,65.3,90,28.9,0.34,15800,0,0
7/17/2009 14:50,89,8,8.5,65.3,92,28.9,0.34,15800,0,0
7/17/2009 15:00,99,7.4,8.2,65.3,91,28.9,0.34,15800,0,0
7/17/2009 15:10,124,5.3,5.7,65.4,91,28.9,0.34,15800,0,0
7/17/2009 15:20,105,8.3,8.7,65.6,90,28.9,0.34,15800,0,0
7/17/2009 15:30,92,2.6,3.5,65.6,91,28.9,0.34,15800,0,0
7/17/2009 15:40,113,4.4,4.9,65.6,92,28.9,0.34,15800,0,0
7/17/2009 15:50,98,4.2,4.7,66,90,28.9,0.34,15800,0,0
7/17/2009 16:00,113,2.7,3.1,66.7,88,28.9,0.34,15800,0,0
7/17/2009 16:10,253,1.9,2.2,67.8,86,28.9,0.34,15800,0,0
7/17/2009 16:20,286,1.8,2,67.8,85,28.9,0.34,15800,0,0
7/17/2009 16:30,327,3.1,3.4,67.6,87,28.9,0.34,15800,0,0
7/17/2009 16:40,292,2.9,3.2,67.6,88,28.9,0.34,15800,0,0
7/17/2009 16:50,315,2.3,2.6,67.4,87,28.9,0.34,15800,0,0
7/17/2009 17:00,273,1.5,1.8,66.9,87,28.9,0.34,15800,0,0
7/17/2009 17:10,268,3,3.3,66.5,89,28.9,0.34,15800,0,0
7/17/2009 17:20,303,3.8,4.1,66.3,89,28.9,0.34,15800,0,0
7/17/2009 17:30,326,3.4,3.7,66.2,90,28.9,0.34,15800,0,0
7/17/2009 17:40,44,2.2,2.5,66.2,90,28.9,0.34,15800,0,0
7/17/2009 17:50,76,2.5,2.8,66.2,90,28.9,0.34,15800,0,0
7/17/2009 18:00,85,5.1,5.4,66.2,90,28.9,0.34,15800,0,0
7/17/2009 18:10,346,8.5,9.6,65.1,83,28.9,0.34,15800,0,0
7/17/2009 18:20,324,8,9.2,64.5,91,28.9,0.34,15990,0,0
7/17/2009 18:30,349,6.8,7.3,63.8,91,28.9,0.38,16490,0.03,0.03
7/17/2009 18:40,9,2.6,3.7,63.8,90,28.9,0.38,16550,0,0
7/17/2009 18:50,63,0.7,1,63.6,92,28.9,0.38,16550,0,0
7/17/2009 19:00,128,0.6,0.8,63.5,93,28.9,0.38,16550,0,0
7/17/2009 19:10,186,2.9,3.4,63.3,94,28.9,0.38,16550,0,0
7/17/2009 19:20,169,3.4,4.2,63.1,94,28.9,0.38,16550,0,0
7/17/2009 19:30,173,5.2,5.5,63.1,93,28.9,0.38,16550,0,0
7/17/2009 19:40,126,6,6.4,62.7,93,28.9,0.38,16550,0,0
7/17/2009 19:50,193,4,4.7,62.6,95,28.9,0.38,16550,0,0
7/17/2009 20:00,196,5.4,5.9,62.6,93,28.9,0.38,16550,0,0
7/17/2009 20:10,223,4.2,4.7,62.9,91,28.9,0.38,16550,0,0
7/17/2009 20:20,213,4.8,5.3,62.7,91,29,0.38,16550,0,0
7/17/2009 20:30,202,4.8,5.4,62.6,89,29,0.38,16550,0,0
7/17/2009 20:40,214,6.7,7,62.7,87,29,0.38,16550,0,0
7/17/2009 20:50,316,15.7,17.6,64.9,72,28.9,0.38,16550,0,0
7/17/2009 21:00,316,10.4,13.3,65.8,70,29,0,16550,0,0
7/17/2009 21:10,331,9.2,11.9,65.8,70,29,0,16550,0,0
7/17/2009 21:20,303,20.8,23,65.8,64,29,0,16590,0,0
7/17/2009 21:30,305,16,19.2,64.7,71,29,0.01,16850,0,0
7/17/2009 21:40,292,17.6,18.9,64.9,70,29,0.01,16980,0.01,0.01
7/17/2009 21:50,320,15.2,16.4,63.6,75,29,0.02,17570,0.03,0.03
7/17/2009 22:00,319,7.1,9.4,63.6,71,29,0.02,17840,0,0
7/17/2009 22:10,321,5.7,6.8,64.5,72,29,0.02,17880,0,0
7/17/2009 22:20,302,12.5,13.8,64.7,68,29,0.02,17880,0,0
7/17/2009 22:30,296,19.5,20.5,64.7,70,29,0.02,17890,0,0
7/17/2009 22:40,295,18.2,18.7,63.6,73,29,0.03,18340,0.04,0.04
7/17/2009 22:50,290,14.3,16,62.9,73,29,0.03,18720,0,0
7/17/2009 23:00,321,6,7.3,62.7,76,29,0.04,19270,0.06,0.06
7/17/2009 23:10,314,11.4,12.9,62.6,75,29,0.04,19490,0,0
7/17/2009 23:20,311,5.7,6.4,62.6,75,29,0.04,19490,0,0
7/17/2009 23:30,326,1.8,2.9,62.7,75,29,0.04,19490,0,0
7/17/2009 23:40,292,4,5.1,62.9,75,29,0.04,19500,0,0
7/17/2009 23:50,271,4.7,5.3,62.9,72,29,0.04,19770,0.01,0.01
7/18/2009 0:00,132,2.2,3.3,62.4,81,29,0.04,20190,0,0
7/18/2009 0:10,278,7.6,8,60.2,88,29,0.04,20240,0,0
7/18/2009 0:20,218,4.5,5.7,59.5,84,29,0.07,20760,0.17,0.17
7/18/2009 0:30,203,8.8,9.2,58.8,91,29,0.21,21360,0.41,0.41
7/18/2009 0:40,185,5.5,7,58.4,94,29,0.23,21960,0.05,0.05
7/18/2009 0:50,159,6.1,6.8,58.2,94,29,0.25,22470,0.11,0.11
7/18/2009 1:00,169,7.7,8,58.2,94,29,0.28,23070,0.2,0.2
7/18/2009 1:10,186,4.3,4.9,58.1,94,29,0.32,23670,0.05,0.05
7/18/2009 1:20,181,7.2,7.6,58.1,95,29,0.42,24280,0.37,0.37
7/18/2009 1:30,165,6.8,8.1,58.1,94,29,0.44,24550,0,0
7/18/2009 1:40,155,5.4,6,58.2,94,29,0.44,24550,0,0
7/18/2009 1:50,134,7.4,8.9,58.4,92,29,0.44,24550,0,0
7/18/2009 2:00,147,4.6,7.4,58.6,91,29,0.44,24590,0.01,0.01
7/18/2009 2:10,144,4.8,5.5,58.8,91,29,0.44,24900,0.01,0.01
7/18/2009 2:20,175,3.4,3.8,58.8,91,29,0.47,25320,0.89,0.89
7/18/2009 2:30,221,4,4.6,58.8,92,29,0.52,25770,0,0
7/18/2009 2:40,209,8.8,11.1,59,91,29,0.52,25770,0,0
7/18/2009 2:50,196,10.6,11.2,59,93,29,0.52,25820,0,0
7/18/2009 3:00,190,12.5,13.5,58.8,93,29,0.52,25950,0,0
7/18/2009 3:10,200,10.8,11.7,59,93,29,0.52,25950,0,0
7/18/2009 3:20,228,4.5,6.6,59.1,92,29,0.52,25950,0,0
7/18/2009 3:30,227,4.8,5.6,59.3,92,29,0.52,25950,0,0
7/18/2009 3:40,247,4,5.5,59.1,92,29,0.52,25950,0,0
7/18/2009 3:50,286,17,20.4,61.5,87,29,0.52,25950,0,0
7/18/2009 4:00,301,22.9,25.4,62.6,82,29,0.52,25950,0,0
7/18/2009 4:10,303,20.9,23.2,62.7,78,29,0.52,25950,0,0
7/18/2009 4:20,287,10,12.8,62.9,78,29,0.52,25950,0,0
7/18/2009 4:30,299,10.3,12.3,62.7,80,29,0.52,25950,0,0
7/18/2009 4:40,295,19.2,20.7,62.9,75,29,0.52,25950,0,0
7/18/2009 4:50,279,19.3,20.7,62.7,78,29,0.52,25950,0,0
7/18/2009 5:00,281,16.3,16.9,62.7,77,29,0.52,25950,0,0
7/18/2009 5:10,309,14.6,16.1,62.7,77,29,0.52,25950,0,0
7/18/2009 5:20,267,10.6,13.3,62.7,75,29,0.52,25950,0,0
7/18/2009 5:30,301,9.9,12.4,62.7,75,29,0.52,25950,0,0
7/18/2009 5:40,289,18.6,19.9,62.9,73,29,0.52,25950,0,0
7/18/2009 5:50,298,19.4,21.3,62.7,77,29,0.52,25950,0,0
7/18/2009 6:00,282,19.6,22.5,62.6,77,29,0.52,25950,0,0
7/18/2009 6:10,258,17,18.8,63.1,72,29,0.52,25950,0,0
7/18/2009 6:20,278,23.3,26.6,62.7,74,29,0.52,25950,0,0
7/18/2009 6:30,278,24.1,25.2,62.7,74,29,0.52,25950,0,0
7/18/2009 6:40,278,24.9,26.4,62.7,74,29,0.52,25950,0,0
7/18/2009 6:50,282,19.3,22.3,62.7,75,29,0.52,25950,0,0
7/18/2009 7:00,261,21.4,23.9,62.7,76,29,0.52,25950,0,0
7/18/2009 7:10,276,25.9,28.3,63.1,75,29,0.52,25950,0,0
7/18/2009 7:20,258,16.5,21.5,63.1,75,29,0.52,25950,0,0
7/18/2009 7:30,306,19,22.1,62.7,77,29,0.52,25950,0,0
7/18/2009 7:40,286,20.2,22.7,62.9,77,29,0.52,25950,0,0
7/18/2009 7:50,287,21.4,25.6,62.9,78,29,0.52,25950,0,0
7/18/2009 8:00,272,19.9,21.2,62.7,77,29.1,0.52,25950,0,0
7/18/2009 8:10,274,26.1,27.7,62.9,73,29,0.52,25950,0,0
7/18/2009 8:20,292,16.4,18.4,63.1,75,29.1,0.52,25950,0,0
7/18/2009 8:30,293,21.4,24.3,63.5,70,29.1,0.52,25950,0,0
7/18/2009 8:40,301,9.7,15.7,63.3,74,29.1,0.52,25950,0,0
7/18/2009 8:50,284,21.1,22.5,63.5,70,29.1,0.52,25950,0,0
7/18/2009 9:00,285,16.1,18.5,63.5,74,29.1,0.52,25950,0,0
7/18/2009 9:10,283,12.5,14.4,63.6,71,29.1,0.52,25950,0,0
7/18/2009 9:20,282,16.6,18.2,64,69,29.1,0.52,25950,0,0
7/18/2009 9:30,273,19.2,20.8,64.2,68,29.1,0.52,25950,0,0
7/18/2009 9:40,264,11.1,13.7,64.2,69,29.1,0.52,25950,0,0
7/18/2009 9:50,258,9.9,11.1,64.9,65,29.1,0.52,25950,0,0
7/18/2009 10:00,276,17.4,18.2,64.5,67,29.1,0.52,25950,0,0
7/18/2009 10:10,282,15.5,15.8,64.2,64,29.1,0.52,25950,0,0
7/18/2009 10:20,282,15.1,15.4,64.9,63,29.1,0.52,25950,0,0
7/18/2009 10:30,274,14.1,15,64.7,67,29.1,0.52,25950,0,0
7/18/2009 10:40,272,14.9,16.5,64.5,66,29.1,0.52,25950,0,0
7/18/2009 10:50,267,8.7,10.4,65.1,66,29.1,0.52,25950,0,0
7/18/2009 11:00,243,9.9,11,64.9,66,29.1,0.52,25950,0,0
7/18/2009 11:10,286,11.1,12.7,65.4,66,29.1,0.52,25950,0,0
7/18/2009 11:20,246,9.8,10.4,65.1,69,29.1,0.52,25950,0,0
7/18/2009 11:30,273,15,17,66,61,29.1,0.52,25950,0,0
7/18/2009 11:40,265,13,14.7,66,60,29.1,0.52,25950,0,0
7/18/2009 11:50,288,13.3,14.6,65.4,63,29.1,0.52,25950,0,0
7/18/2009 12:00,276,15.1,16.8,65.1,64,29.1,0.52,25950,0,0
7/18/2009 12:10,280,14.2,16.1,65.3,67,29.1,0.52,25950,0,0
7/18/2009 12:20,241,9.5,10.6,64.7,66,29.1,0.52,25950,0,0
7/18/2009 12:30,262,21.5,23.9,64.7,64,29.1,0.52,25950,0,0
7/18/2009 12:40,285,18.6,19.4,65.1,64,29.1,0.52,25950,0,0
7/18/2009 12:50,258,17.1,18,65.3,63,29.1,0.52,25950,0,0
7/18/2009 13:00,271,9.1,10.5,66,66,29.1,0.52,25950,0,0
7/18/2009 13:10,254,16.9,20.1,65.8,63,29.1,0.52,25950,0,0
7/18/2009 13:20,231,15.9,19.7,66,63,29.1,0.52,25950,0,0
7/18/2009 13:30,282,16.3,19.2,66.2,62,29.1,0.52,25950,0,0
7/18/2009 13:40,289,5.7,13.1,66.2,63,29.1,0.52,25950,0,0
7/18/2009 13:50,253,13.5,15.9,66,61,29.1,0.52,25950,0,0
7/18/2009 14:00,284,11.2,13.4,66.2,64,29.1,0.52,25950,0,0
7/18/2009 14:10,242,12.9,13.2,66.3,63,29.1,0.52,25950,0,0
7/18/2009 14:20,242,14,17.3,66.2,64,29.1,0.52,25950,0,0
7/18/2009 14:30,258,13.4,14.6,66.3,63,29.1,0.52,25950,0,0
7/18/2009 14:40,243,19.1,20.5,66,65,29.1,0.52,25950,0,0
7/18/2009 14:50,276,11.6,14.2,66.2,65,29.1,0.52,25950,0,0
7/18/2009 15:00,267,16.2,18.2,66.2,63,29.1,0.52,25950,0,0
7/18/2009 15:10,271,8,9.4,66.3,66,29.1,0.52,25950,0,0
7/18/2009 15:20,275,10.9,13.3,66.3,62,29.1,0.52,25950,0,0
7/18/2009 15:30,284,16.9,19.6,66.7,63,29.1,0.52,25950,0,0
7/18/2009 15:40,264,13.6,16.3,66.7,62,29.1,0.52,25950,0,0
7/18/2009 15:50,274,10.6,12.9,66.7,61,29.1,0.52,25950,0,0
7/18/2009 16:00,271,15,18,66.9,61,29.1,0.52,25950,0,0
7/18/2009 16:10,276,11.5,13,66.9,62,29.1,0.52,25950,0,0
7/18/2009 16:20,282,16.7,18.8,66.5,61,29.1,0.52,25950,0,0
7/18/2009 16:30,248,12.6,14.5,66.5,62,29.1,0.52,25950,0,0
7/18/2009 16:40,268,16.9,17.4,66.5,66,29.1,0.52,25950,0,0
7/18/2009 16:50,292,18.6,20,66.5,64,29.1,0.52,25950,0,0
7/18/2009 17:00,297,21.5,25.9,64.7,76,29.1,0.53,26000,0,0
7/18/2009 17:10,293,23.9,25.6,64.4,76,29.1,0.53,26170,0.14,0.14
7/18/2009 17:20,253,18.2,19.1,62.6,81,29.1,0.54,26750,0.08,0.08
7/18/2009 17:30,301,7.8,13,62.7,83,29.1,0.55,27160,0,0
7/18/2009 17:40,245,7,7.9,62.6,84,29.2,0.55,27480,0.02,0.02
7/18/2009 17:50,210,8.4,10,61.7,86,29.1,0.56,28040,0.03,0.03
7/18/2009 18:00,191,7.1,8.2,61.5,86,29.1,0.56,28130,0,0
7/18/2009 18:10,177,7,8.1,61.1,89,29.1,0.56,28130,0,0
7/18/2009 18:20,194,6,6.7,61.1,90,29.1,0.56,28130,0,0
7/18/2009 18:30,183,8.5,9.1,61.3,89,29.2,0.56,28130,0,0
7/18/2009 18:40,182,4.7,7,61.3,88,29.2,0.56,28130,0,0
7/18/2009 18:50,181,6.8,7.6,61.5,87,29.2,0.56,28130,0,0
7/18/2009 19:00,174,8.3,9.6,61.7,86,29.2,0.56,28130,0,0
7/18/2009 19:10,202,5.5,6.5,61.7,86,29.2,0.56,28130,0,0
7/18/2009 19:20,211,6.4,7.7,61.7,86,29.2,0.56,28130,0,0
7/18/2009 19:30,195,9.9,10.8,61.7,85,29.2,0.56,28130,0,0
7/18/2009 19:40,176,6.1,7.6,61.5,84,29.2,0.56,28130,0,0
7/18/2009 19:50,176,7.2,7.8,61.7,82,29.2,0.56,28190,0,0
7/18/2009 20:00,183,6,6.9,61.7,82,29.2,0.56,28200,0,0
7/18/2009 20:10,190,8.2,10.7,61.7,81,29.2,0.56,28240,0.01,0.01
7/18/2009 20:20,205,11.3,12.7,61.8,80,29.2,0.56,28330,0,0
7/18/2009 20:30,215,9.5,10.6,62,80,29.2,0.56,28330,0,0
7/18/2009 20:40,230,6.3,6.9,62.6,80,29.2,0.56,28330,0,0
7/18/2009 20:50,216,14.3,15.5,62.6,80,29.2,0.56,28330,0,0
7/18/2009 21:00,252,12.7,13.6,62.7,81,29.2,0,28330,0,0
7/18/2009 21:10,217,6.8,7.8,63.3,80,29.2,0,28330,0,0
7/18/2009 21:20,284,7.2,8.3,64.9,76,29.2,0,28330,0,0
7/18/2009 21:30,274,15.9,17.9,65.4,73,29.2,0,28330,0,0
7/18/2009 21:40,272,16.5,17.8,65.6,73,29.2,0,28330,0,0
7/18/2009 21:50,296,14.8,17.6,65.4,74,29.2,0,28330,0,0
7/18/2009 22:00,270,13.6,14.7,65.4,72,29.2,0,28330,0,0
7/18/2009 22:10,295,20,21.8,65.3,73,29.2,0,28330,0,0
7/18/2009 22:20,304,18.8,24,65.1,74,29.2,0,28330,0,0
7/18/2009 22:30,293,18,18.8,64.9,76,29.2,0,28330,0,0
7/18/2009 22:40,278,12.6,15,64.9,77,29.2,0,28330,0,0
7/18/2009 22:50,285,14.9,19.9,64.9,79,29.2,0,28330,0,0
7/18/2009 23:00,286,13.8,17,64.9,79,29.2,0,28330,0,0
7/18/2009 23:10,316,9.3,11.9,64.7,78,29.2,0,28330,0,0
7/18/2009 23:20,282,13.9,15.3,64.4,79,29.2,0,28330,0,0
7/18/2009 23:30,280,16.5,17,64.4,77,29.2,0,28330,0,0
7/18/2009 23:40,288,18.5,19,64.2,78,29.2,0,28330,0,0
7/18/2009 23:50,285,11.4,13.2,64.2,79,29.2,0,28330,0,0
7/19/2009 0:00,277,8.6,10.1,64.2,78,29.2,0,28330,0,0
7/19/2009 0:10,297,11.9,14.1,64,81,29.2,0,28330,0,0
7/19/2009 0:20,281,11.8,13.9,63.8,79,29.2,0,28330,0,0
7/19/2009 0:30,277,9.5,11,63.6,80,29.2,0,28330,0,0
7/19/2009 0:40,300,8,9.4,63.6,81,29.2,0,28330,0,0
7/19/2009 0:50,302,12.3,13.9,63.6,78,29.2,0,28330,0,0
7/19/2009 1:00,298,16,17.1,63.6,76,29.2,0,28330,0,0
7/19/2009 1:10,289,10.6,11.8,63.6,78,29.2,0,28330,0,0
7/19/2009 1:20,261,6.4,7.9,63.6,76,29.2,0,28330,0,0
7/19/2009 1:30,262,11.7,12.4,63.6,78,29.2,0,28330,0,0
7/19/2009 1:40,285,14.5,15.9,63.6,78,29.2,0,28330,0,0
7/19/2009 1:50,297,15.2,16,63.6,77,29.2,0,28330,0,0
7/19/2009 2:00,284,11.8,13,63.6,77,29.2,0,28330,0,0
7/19/2009 2:10,296,17,18.4,63.5,77,29.2,0,28330,0,0
7/19/2009 2:20,252,10.5,11.9,63.6,77,29.2,0,28330,0,0
7/19/2009 2:30,274,13.4,15.6,63.5,76,29.2,0,28330,0,0
7/19/2009 2:40,299,14.6,16.7,63.3,77,29.2,0,28330,0,0
7/19/2009 2:50,291,9.4,11.5,63.5,77,29.2,0,28330,0,0
7/19/2009 3:00,273,11.1,14.3,63.5,74,29.2,0,28330,0,0
7/19/2009 3:10,265,13.1,16.4,63.3,73,29.2,0,28330,0,0
7/19/2009 3:20,247,12.3,13.8,63.3,73,29.2,0,28330,0,0
7/19/2009 3:30,306,10.9,11.4,63.3,75,29.2,0,28330,0,0
7/19/2009 3:40,255,3.4,5.3,63.3,74,29.2,0,28330,0,0
7/19/2009 3:50,267,7.9,9.8,63.3,75,29.2,0,28330,0,0
7/19/2009 4:00,250,12.7,13.2,63.5,73,29.2,0,28330,0,0
7/19/2009 4:10,259,9.4,11.3,63.5,73,29.2,0,28330,0,0
7/19/2009 4:20,275,10.8,12.8,63.5,73,29.2,0,28330,0,0
7/19/2009 4:30,268,13.5,15.4,63.6,76,29.2,0,28330,0,0
7/19/2009 4:40,266,16.1,17.2,63.5,75,29.3,0,28330,0,0
7/19/2009 4:50,290,14.4,16.1,63.3,75,29.3,0,28330,0,0
7/19/2009 5:00,277,12.6,14,63.5,77,29.3,0,28330,0,0
7/19/2009 5:10,263,9.8,10.9,63.5,75,29.3,0,28330,0,0
7/19/2009 5:20,272,9.4,10.5,63.6,73,29.3,0,28330,0,0
7/19/2009 5:30,277,7,10.2,63.8,72,29.3,0,28330,0,0
7/19/2009 5:40,275,8.8,10.1,64,70,29.3,0,28330,0,0
7/19/2009 5:50,280,14.4,16.8,63.8,70,29.3,0,28330,0,0
7/19/2009 6:00,272,12.3,13.8,64.2,70,29.3,0,28330,0,0
7/19/2009 6:10,265,13,14.9,63.8,70,29.3,0,28330,0,0
7/19/2009 6:20,294,14.1,15.3,63.6,74,29.3,0,28330,0,0
7/19/2009 6:30,292,15.4,16.1,63.5,73,29.3,0,28330,0,0
7/19/2009 6:40,276,14.2,16.1,63.6,72,29.3,0,28330,0,0
7/19/2009 6:50,286,15.1,15.8,63.6,74,29.3,0,28330,0,0
7/19/2009 7:00,275,8.3,9.3,63.5,74,29.3,0,28330,0,0
7/19/2009 7:10,276,11.9,12.8,63.3,73,29.3,0,28330,0,0
7/19/2009 7:20,281,14,14.3,63.6,72,29.3,0,28330,0,0
7/19/2009 7:30,270,11.5,13.2,63.5,73,29.3,0,28330,0,0
7/19/2009 7:40,278,12.9,13.7,63.3,73,29.3,0,28330,0,0
7/19/2009 7:50,288,13.5,15,63.3,74,29.3,0,28330,0,0
7/19/2009 8:00,284,4.1,6.7,63.5,74,29.3,0,28330,0,0
7/19/2009 8:10,274,14.3,15.2,63.8,71,29.3,0,28330,0,0
7/19/2009 8:20,266,10.6,11.6,63.6,72,29.3,0,28330,0,0
7/19/2009 8:30,263,9.5,10.3,63.6,74,29.3,0,28330,0,0
7/19/2009 8:40,293,7.8,9.1,64,71,29.3,0,28330,0,0
7/19/2009 8:50,250,14.2,14.8,64,67,29.3,0,28330,0,0
7/19/2009 9:00,256,12.3,15,64.7,67,29.3,0,28330,0,0
7/19/2009 9:10,254,12.8,14.6,64.5,69,29.3,0,28330,0,0
7/19/2009 9:20,262,14.5,15.3,64.7,68,29.3,0,28330,0,0
7/19/2009 9:30,278,11.2,12.3,64.5,70,29.3,0,28330,0,0
7/19/2009 9:40,286,18,19.7,64.4,71,29.3,0,28330,0,0
7/19/2009 9:50,265,12,12.3,65.1,69,29.3,0,28330,0,0
7/19/2009 10:00,273,16.4,18.7,65.3,67,29.3,0,28330,0,0
7/19/2009 10:10,275,15.4,16.7,64.5,69,29.3,0,28330,0,0
7/19/2009 10:20,260,8.8,9.2,65.1,68,29.3,0,28330,0,0
7/19/2009 10:30,283,5.3,6.2,65.3,68,29.3,0,28330,0,0
7/19/2009 10:40,266,11.1,13.4,65.3,67,29.3,0,28330,0,0
7/19/2009 10:50,275,13.9,15,65.3,66,29.3,0,28330,0,0
7/19/2009 11:00,221,6.6,7.9,65.3,65,29.3,0,28330,0,0
7/19/2009 11:10,268,6.4,7.5,65.8,66,29.3,0,28330,0,0
7/19/2009 11:20,292,13.2,15.5,65.4,67,29.3,0,28330,0,0
7/19/2009 11:30,283,14.5,15.1,65.6,66,29.3,0,28330,0,0
7/19/2009 11:40,271,7.8,10.2,65.6,68,29.3,0,28330,0,0
7/19/2009 11:50,280,8.9,9.4,65.6,66,29.3,0,28330,0,0
7/19/2009 12:00,269,9,9.6,65.8,64,29.3,0,28330,0,0
7/19/2009 12:10,282,9.3,10.3,65.4,67,29.3,0,28330,0,0
7/19/2009 12:20,287,7.8,8.6,65.3,68,29.3,0,28330,0,0
7/19/2009 12:30,277,11.3,12,65.4,66,29.3,0,28330,0,0
7/19/2009 12:40,282,13.3,13.6,65.4,67,29.3,0,28330,0,0
7/19/2009 12:50,297,9.8,11.6,65.6,68,29.3,0,28330,0,0
7/19/2009 13:00,272,10.9,11.2,65.4,68,29.3,0,28330,0,0
7/19/2009 13:10,271,8.3,9.8,65.4,68,29.3,0,28330,0,0
7/19/2009 13:20,263,8.4,8.9,65.4,68,29.3,0,28330,0,0
7/19/2009 13:30,294,9,9.3,66,66,29.3,0,28330,0,0
7/19/2009 13:40,296,9.2,9.9,66,67,29.3,0,28330,0,0
7/19/2009 13:50,290,5.5,6.1,65.6,69,29.3,0,28330,0,0
7/19/2009 14:00,311,8.7,9.1,65.8,66,29.3,0,28330,0,0
7/19/2009 14:10,315,5.2,5.9,66,67,29.3,0,28330,0,0
7/19/2009 14:20,290,6.9,7.9,66.3,66,29.3,0,28330,0,0
7/19/2009 14:30,302,7.8,8.2,66.3,63,29.3,0,28330,0,0
7/19/2009 14:40,277,8.2,8.6,66.2,64,29.3,0,28330,0,0
7/19/2009 14:50,316,6.1,6.4,65.8,67,29.3,0,28330,0,0
7/19/2009 15:00,282,5.5,6,65.4,68,29.3,0,28330,0,0
7/19/2009 15:10,292,4.4,4.8,66,66,29.3,0,28330,0,0
7/19/2009 15:20,273,5.7,6.3,66.2,64,29.3,0,28330,0,0
7/19/2009 15:30,287,6,6.4,66.2,68,29.3,0,28330,0,0
7/19/2009 15:40,279,6.1,6.3,66.2,66,29.3,0,28330,0,0
7/19/2009 15:50,257,4.5,5.4,66,67,29.3,0,28330,0,0
7/19/2009 16:00,270,4.8,5.1,66.2,64,29.3,0,28330,0,0
7/19/2009 16:10,257,6.2,6.6,66.2,66,29.3,0,28330,0,0
7/19/2009 16:20,269,3.9,4.7,66.3,65,29.3,0,28330,0,0
7/19/2009 16:30,287,4.9,5.6,66.2,65,29.3,0,28330,0,0
7/19/2009 16:40,295,3.6,4.1,66.2,63,29.3,0,28330,0,0
7/19/2009 16:50,232,2.9,3.3,66.3,66,29.3,0,28330,0,0
7/19/2009 17:00,234,6,6.4,66.2,65,29.3,0,28330,0,0
7/19/2009 17:10,220,5,5.3,66,67,29.3,0,28330,0,0
7/19/2009 17:20,169,1.9,3,65.6,65,29.3,0,28330,0,0
7/19/2009 17:30,236,3.3,3.7,65.6,67,29.3,0,28330,0,0
7/19/2009 17:40,199,3.6,4.2,65.3,67,29.3,0,28330,0,0
7/19/2009 17:50,206,3.4,3.7,65.1,68,29.3,0,28330,0,0
7/19/2009 18:00,187,3,3.5,64.9,67,29.3,0,28330,0,0
7/19/2009 18:10,176,3.3,3.6,64.9,68,29.3,0,28330,0,0
7/19/2009 18:20,178,3.8,4,64.9,66,29.3,0,28330,0,0
7/19/2009 18:30,175,4.6,4.8,64.5,67,29.3,0,28330,0,0
7/19/2009 18:40,149,4.4,4.9,64,69,29.3,0,28330,0,0
7/19/2009 18:50,156,4.5,5,63.6,72,29.3,0,28330,0,0
7/19/2009 19:00,166,4.3,4.7,63.5,73,29.3,0,28330,0,0
7/19/2009 19:10,137,3.8,4.8,62.9,73,29.3,0,28330,0,0
7/19/2009 19:20,143,4.4,5.1,62.7,74,29.3,0,28330,0,0
7/19/2009 19:30,159,5.6,6.9,62.4,75,29.3,0,28330,0,0
7/19/2009 19:40,158,5.1,5.7,62,75,29.3,0,28330,0,0
7/19/2009 19:50,154,5.3,6.4,61.7,76,29.3,0,28330,0,0
7/19/2009 20:00,156,8.1,9,60.9,78,29.3,0,28330,0,0
7/19/2009 20:10,158,4.7,5.4,61.1,77,29.3,0,28330,0,0
7/19/2009 20:20,157,5,5.7,61.1,77,29.3,0,28330,0,0
7/19/2009 20:30,162,5.9,6.5,60.9,77,29.3,0,28330,0,0
7/19/2009 20:40,152,6.4,6.9,60.8,77,29.3,0,28330,0,0
7/19/2009 20:50,155,4.9,5.5,60.8,77,29.3,0,28330,0,0
7/19/2009 21:00,149,6.6,7,60.8,76,29.3,0,28330,0,0
7/19/2009 21:10,146,6.4,6.6,60.8,76,29.3,0,28330,0,0
7/19/2009 21:20,148,5.9,6.9,60.6,76,29.3,0,28330,0,0
7/19/2009 21:30,146,6.9,7.3,60.4,77,29.3,0,28330,0,0
7/19/2009 21:40,161,7,7.4,60.4,77,29.3,0,28330,0,0
7/19/2009 21:50,154,7.5,7.8,59.9,78,29.3,0,28330,0,0
7/19/2009 22:00,154,4.4,5.2,59.3,80,29.3,0,28330,0,0
7/19/2009 22:10,160,5,6.6,59,82,29.3,0,28330,0,0
7/19/2009 22:20,166,5.4,6.3,59,82,29.3,0,28330,0,0
7/19/2009 22:30,142,4.2,5.2,59.1,82,29.3,0,28330,0,0
7/19/2009 22:40,149,4.1,5.4,59.1,81,29.3,0,28330,0,0
7/19/2009 22:50,155,4.5,4.9,59,82,29.3,0,28330,0,0
7/19/2009 23:00,142,4.4,4.9,58.6,83,29.3,0,28330,0,0
7/19/2009 23:10,133,3.5,4.4,58.4,84,29.3,0,28330,0,0
7/19/2009 23:20,146,5.8,6.3,58.4,84,29.3,0,28330,0,0
7/19/2009 23:30,142,4.9,5.2,58.4,83,29.3,0,28330,0,0
7/19/2009 23:40,145,4,4.4,58.6,83,29.3,0,28330,0,0
7/19/2009 23:50,153,4.4,5.1,58.4,83,29.3,0,28330,0,0
7/20/2009 0:00,149,4.8,5.1,58.6,83,29.3,0,28330,0,0
7/20/2009 0:10,154,5,5.5,58.1,84,29.3,0,28330,0,0
7/20/2009 0:20,149,5,5.6,57.9,84,29.3,0,28330,0,0
7/20/2009 0:30,149,7.7,8.9,57.9,84,29.3,0,28330,0,0
7/20/2009 0:40,145,5.4,5.9,57.7,84,29.3,0,28330,0,0
7/20/2009 0:50,137,4.3,5.4,57.7,84,29.3,0,28330,0,0
7/20/2009 1:00,135,9.4,10.2,58.1,82,29.3,0,28330,0,0
7/20/2009 1:10,131,8.9,9.5,58.4,80,29.3,0,28330,0,0
7/20/2009 1:20,138,9.3,10,58.1,81,29.3,0,28330,0,0
7/20/2009 1:30,131,9.3,9.5,58.1,81,29.3,0,28330,0,0
7/20/2009 1:40,130,8,8.4,57.9,82,29.3,0,28330,0,0
7/20/2009 1:50,140,8.3,9.1,57.9,81,29.3,0,28330,0,0
7/20/2009 2:00,142,8.3,8.8,58.2,80,29.3,0,28330,0,0
7/20/2009 2:10,141,6.3,6.9,58.2,80,29.3,0,28330,0,0
7/20/2009 2:20,133,8.5,9.2,58.2,80,29.3,0,28330,0,0
7/20/2009 2:30,129,7.5,7.8,58.2,80,29.3,0,28330,0,0
7/20/2009 2:40,137,8.3,8.9,58.8,79,29.3,0,28330,0,0
7/20/2009 2:50,133,6.1,7.1,59,78,29.3,0,28330,0,0
7/20/2009 3:00,133,6.2,6.8,58.6,79,29.3,0,28330,0,0
7/20/2009 3:10,134,6.9,7.1,58.4,80,29.3,0,28330,0,0
7/20/2009 3:20,131,7.4,8.1,58.4,80,29.3,0,28330,0,0
7/20/2009 3:30,133,8.2,8.9,58.4,80,29.3,0,28330,0,0
7/20/2009 3:40,129,8.5,9.1,58.4,80,29.3,0,28330,0,0
7/20/2009 3:50,131,7.9,8.6,59,78,29.3,0,28330,0,0
7/20/2009 4:00,119,7.7,8.3,59.5,76,29.3,0,28330,0,0
7/20/2009 4:10,122,7.4,7.7,59.9,74,29.3,0,28330,0,0
7/20/2009 4:20,118,5.8,6.7,60,74,29.3,0,28330,0,0
7/20/2009 4:30,127,7.3,7.9,60.4,73,29.3,0,28330,0,0
7/20/2009 4:40,113,4.9,5.7,60.6,73,29.3,0,28330,0,0
7/20/2009 4:50,114,3.9,4.7,61.1,74,29.4,0,28330,0,0
7/20/2009 5:00,131,4.4,5.1,61.7,72,29.4,0,28330,0,0
7/20/2009 5:10,142,5.3,5.9,62.6,70,29.4,0,28330,0,0
7/20/2009 5:20,130,4.9,5.5,62.9,70,29.4,0,28330,0,0
7/20/2009 5:30,137,5.4,5.7,63.6,68,29.4,0,28330,0,0
7/20/2009 5:40,128,7.2,7.8,63.6,67,29.4,0,28330,0,0
7/20/2009 5:50,113,4.4,5.2,64,67,29.4,0,28330,0,0
7/20/2009 6:00,157,1,2,64.7,67,29.4,0,28330,0,0
7/20/2009 6:10,115,5.1,5.9,65.4,63,29.4,0,28330,0,0
7/20/2009 6:20,16,2,3.1,66.9,60,29.4,0,28330,0,0
7/20/2009 6:30,117,5.6,6.2,67.2,58,29.4,0,28330,0,0
7/20/2009 6:40,90,3.2,3.8,68.1,58,29.4,0,28330,0,0
7/20/2009 6:50,83,4.2,4.9,67.8,55,29.4,0,28330,0,0
7/20/2009 7:00,99,5.1,5.4,68,54,29.4,0,28330,0,0
7/20/2009 7:10,118,4.4,5.1,68.7,53,29.4,0,28330,0,0
7/20/2009 7:20,97,4.4,5.3,69,55,29.4,0,28330,0,0
7/20/2009 7:30,112,4.4,5.1,69.9,53,29.4,0,28330,0,0
7/20/2009 7:40,91,8.7,9.5,70.1,51,29.4,0,28330,0,0
7/20/2009 7:50,78,5.2,6.5,69.9,59,29.4,0,28330,0,0
7/20/2009 8:00,23,5.1,5.9,69.2,60,29.4,0,28330,0,0
7/20/2009 8:10,35,2.6,3.4,69.6,62,29.4,0,28330,0,0
7/20/2009 8:20,350,3.8,4.6,69.9,65,29.4,0,28330,0,0
7/20/2009 8:30,60,1.9,2.3,69.9,65,29.4,0,28330,0,0
7/20/2009 8:40,347,4.7,5.2,69.4,65,29.4,0,28330,0,0
7/20/2009 8:50,22,4,4.2,69.9,65,29.4,0,28330,0,0
7/20/2009 9:00,58,7.2,7.7,70.5,62,29.4,0,28330,0,0
7/20/2009 9:10,41,6,6.4,69.6,63,29.4,0,28330,0,0
7/20/2009 9:20,12,5.8,7,69.9,64,29.4,0,28330,0,0
7/20/2009 9:30,21,5.1,6.6,70.1,66,29.4,0,28330,0,0
7/20/2009 9:40,55,9,10.9,70.1,66,29.3,0,28330,0,0
7/20/2009 9:50,0,8.5,9.3,69.9,65,29.3,0,28330,0,0
7/20/2009 10:00,316,4.4,5.4,69.9,66,29.3,0,28330,0,0
7/20/2009 10:10,15,5.2,6.3,69.8,66,29.3,0,28330,0,0
7/20/2009 10:20,337,10.3,12.5,69.8,67,29.3,0,28330,0,0
7/20/2009 10:30,32,11,12.2,69.6,66,29.3,0,28330,0,0
7/20/2009 10:40,45,10.3,11.6,69.6,70,29.3,0,28330,0,0
7/20/2009 10:50,42,10,11.2,70.1,67,29.3,0,28330,0,0
7/20/2009 11:00,40,6.6,7.8,69.9,65,29.3,0,28330,0,0
7/20/2009 11:10,40,3,5.3,69.9,65,29.3,0,28330,0,0
7/20/2009 11:20,50,8.7,9.6,69.9,66,29.3,0,28330,0,0
7/20/2009 11:30,46,7.4,12.4,70.1,68,29.3,0,28330,0,0
7/20/2009 11:40,85,9.5,10.3,70.1,66,29.3,0,28330,0,0
7/20/2009 11:50,59,9.4,9.8,69.8,66,29.3,0,28330,0,0
7/20/2009 12:00,112,2.4,4.7,69.6,68,29.3,0,28330,0,0
7/20/2009 12:10,43,9.1,11.2,69.4,68,29.3,0,28330,0,0
7/20/2009 12:20,59,4.2,5,69.6,69,29.3,0,28330,0,0
7/20/2009 12:30,72,8.9,9.8,69.6,69,29.3,0,28330,0,0
7/20/2009 12:40,45,10.4,12.1,69.6,69,29.3,0,28330,0,0
7/20/2009 12:50,11,8.5,10,69.9,66,29.3,0,28330,0,0
7/20/2009 13:00,62,10.3,11,69.9,66,29.3,0,28330,0,0
7/20/2009 13:10,31,10.2,14,69.8,69,29.3,0,28330,0,0
7/20/2009 13:20,59,9.1,10.3,70.1,67,29.3,0,28330,0,0
7/20/2009 13:30,81,5.5,8.5,69.9,67,29.3,0,28330,0,0
7/20/2009 13:40,24,6,6.9,70.1,67,29.3,0,28330,0,0
7/20/2009 13:50,56,13.5,14.6,69.8,66,29.3,0,28330,0,0
7/20/2009 14:00,45,9.6,11.7,69.6,66,29.3,0,28330,0,0
7/20/2009 14:10,78,10,10.3,69.6,66,29.3,0,28330,0,0
7/20/2009 14:20,52,7.8,8.8,69.8,66,29.3,0,28330,0,0
7/20/2009 14:30,62,8.9,10.2,70.1,65,29.3,0,28330,0,0
7/20/2009 14:40,67,4.6,5.4,70.3,65,29.3,0,28330,0,0
7/20/2009 14:50,29,6.4,7.7,70.5,66,29.3,0,28330,0,0
7/20/2009 15:00,57,7.8,9.6,70.7,61,29.3,0,28330,0,0
7/20/2009 15:10,67,11.5,11.8,70.5,59,29.3,0,28330,0,0
7/20/2009 15:20,73,9,9.9,70.5,62,29.3,0,28330,0,0
7/20/2009 15:30,49,7.1,7.7,70.7,64,29.3,0,28330,0,0
7/20/2009 15:40,115,4.9,6.4,70.7,64,29.3,0,28330,0,0
7/20/2009 15:50,47,12.8,13.6,71.2,64,29.3,0,28330,0,0
7/20/2009 16:00,23,6,7.7,71.2,64,29.3,0,28330,0,0
7/20/2009 16:10,354,2.2,3.5,70.8,66,29.3,0,28360,0,0
7/20/2009 16:20,41,4.5,5,70.5,68,29.3,0,28540,0,0
7/20/2009 16:30,54,6.2,7.5,70.3,70,29.3,0,28540,0,0
7/20/2009 16:40,49,4.6,5.1,69.9,70,29.3,0,28540,0,0
7/20/2009 16:50,87,2.9,3.5,69.9,69,29.3,0,28540,0,0
7/20/2009 17:00,52,5.4,5.9,69.8,70,29.3,0,28540,0,0
7/20/2009 17:10,62,8.8,9.2,69.8,70,29.3,0,28540,0,0
7/20/2009 17:20,59,7.9,8.7,69.8,70,29.3,0,28540,0,0
7/20/2009 17:30,36,6.9,8.5,69.8,70,29.3,0,28540,0,0
7/20/2009 17:40,74,5.7,7.3,69.9,69,29.3,0,28540,0,0
7/20/2009 17:50,80,8,9,69.9,70,29.3,0,28540,0,0
7/20/2009 18:00,86,8.5,10.1,69.8,72,29.3,0,28540,0,0
7/20/2009 18:10,93,8.3,8.5,69.8,70,29.3,0,28540,0,0
7/20/2009 18:20,89,6.1,6.7,69.8,70,29.3,0,28540,0,0
7/20/2009 18:30,73,5,5.9,69.8,70,29.3,0,28540,0,0
7/20/2009 18:40,70,5.8,6,69.8,71,29.3,0,28550,0,0
7/20/2009 18:50,83,6.6,7,69.6,71,29.3,0.01,28590,0,0
7/20/2009 19:00,48,5.9,6.7,69.6,73,29.3,0.01,28590,0,0
7/20/2009 19:10,64,6.7,7.1,69.6,74,29.3,0.01,28590,0,0
7/20/2009 19:20,88,6.2,6.8,69.2,74,29.3,0.01,28590,0,0
7/20/2009 19:30,80,6.5,7,69.2,73,29.3,0.01,28590,0,0
7/20/2009 19:40,86,6.1,6.3,69.4,71,29.3,0.01,28590,0,0
7/20/2009 19:50,77,5.3,5.6,69.4,71,29.3,0.01,28590,0,0
7/20/2009 20:00,90,5.7,5.8,69.6,70,29.3,0.01,28590,0,0
7/20/2009 20:10,109,5.5,5.9,69.2,71,29.3,0.01,28590,0,0
7/20/2009 20:20,121,7.3,7.7,69.6,69,29.3,0.01,28590,0,0
7/20/2009 20:30,115,6.8,7.8,69.4,69,29.3,0.01,28590,0,0
7/20/2009 20:40,134,6.9,7.6,69.2,69,29.3,0.01,28590,0,0
7/20/2009 20:50,141,4.5,4.8,69.2,69,29.3,0.01,28590,0,0
7/20/2009 21:00,112,4.2,5.6,69.6,69,29.3,0,28590,0,0
7/20/2009 21:10,108,4.5,5,69.6,69,29.3,0,28590,0,0
7/20/2009 21:20,139,4.4,5.1,69.4,69,29.3,0,28590,0,0
7/20/2009 21:30,117,7.7,8.6,69.2,69,29.3,0,28590,0,0
7/20/2009 21:40,123,7.6,8.2,69,69,29.3,0,28590,0,0
7/20/2009 21:50,166,6.3,8.3,68.7,69,29.3,0,28590,0,0
7/20/2009 22:00,126,10.1,11.5,68.5,69,29.3,0,28590,0,0
7/20/2009 22:10,141,6.3,7.6,68.3,69,29.3,0,28590,0,0
7/20/2009 22:20,158,2.8,4.3,68.1,69,29.3,0,28590,0,0
7/20/2009 22:30,166,4.1,5.4,68,69,29.3,0,28590,0,0
7/20/2009 22:40,111,3.1,4.7,67.8,69,29.3,0,28590,0,0
7/20/2009 22:50,145,1.2,2.3,67.8,69,29.3,0,28590,0,0
7/20/2009 23:00,143,5.3,6,67.6,70,29.3,0,28590,0,0
7/20/2009 23:10,146,3.6,4,67.4,70,29.3,0,28590,0,0
7/20/2009 23:20,151,4.2,4.6,67.2,71,29.3,0,28590,0,0
7/20/2009 23:30,125,4.7,5,67.1,71,29.3,0,28590,0,0
7/20/2009 23:40,132,3.5,4.3,66.9,71,29.3,0,28590,0,0
7/20/2009 23:50,133,6.9,7.6,66.7,71,29.3,0,28590,0,0
7/21/2009 0:00,114,4.5,4.8,66.7,72,29.3,0,28590,0,0
7/21/2009 0:10,135,1.2,1.7,66.5,72,29.3,0,28590,0,0
7/21/2009 0:20,117,4,4.3,66.5,72,29.3,0,28590,0,0
7/21/2009 0:30,113,7.5,8,66.5,71,29.3,0,28590,0,0
7/21/2009 0:40,133,6,6.6,66.7,70,29.3,0,28590,0,0
7/21/2009 0:50,144,7.4,8.7,66.7,69,29.3,0,28590,0,0
7/21/2009 1:00,119,8.7,9.6,66.9,69,29.3,0,28590,0,0
7/21/2009 1:10,110,6.4,7.2,66.5,70,29.3,0,28590,0,0
7/21/2009 1:20,124,10.5,11.9,66,72,29.3,0,28640,0,0
7/21/2009 1:30,147,8.5,9.6,65.3,77,29.3,0.01,29090,0.07,0.07
7/21/2009 1:40,146,11.7,13.5,64.2,81,29.3,0.02,29690,0.05,0.05
7/21/2009 1:50,126,9.6,10.6,63.5,86,29.3,0.04,30220,0,0
7/21/2009 2:00,166,9.8,10.4,63.1,87,29.3,0.06,30800,0.02,0.02
7/21/2009 2:10,150,6.9,9.1,63.1,87,29.3,0.06,31000,0,0
7/21/2009 2:20,147,7.6,8.2,62.7,89,29.3,0.06,31000,0,0
7/21/2009 2:30,131,6.7,7.6,62.9,88,29.3,0.06,31000,0,0
7/21/2009 2:40,153,7.1,7.9,62.9,90,29.3,0.06,31060,0,0
7/21/2009 2:50,133,8,8.5,63.1,89,29.3,0.06,31060,0,0
7/21/2009 3:00,141,6.7,7.2,63.1,88,29.3,0.06,31060,0,0
7/21/2009 3:10,147,6.9,7.8,63.1,89,29.3,0.06,31060,0,0
7/21/2009 3:20,149,7.5,7.8,63.3,89,29.3,0.06,31060,0,0
7/21/2009 3:30,159,8.4,8.9,63.3,87,29.3,0.06,31060,0,0
7/21/2009 3:40,163,3.9,5.4,63.5,87,29.3,0.06,31060,0,0
7/21/2009 3:50,139,4.2,5,63.6,87,29.3,0.06,31060,0,0
7/21/2009 4:00,126,7.8,8.4,63.8,86,29.3,0.06,31060,0,0
7/21/2009 4:10,125,8.7,9.1,64,85,29.3,0.06,31060,0,0
7/21/2009 4:20,134,10.8,11.6,64,84,29.3,0.06,31060,0,0
7/21/2009 4:30,142,6.3,8.1,64,84,29.3,0.06,31060,0,0
7/21/2009 4:40,134,4.1,4.7,64.2,83,29.3,0.06,31260,0,0
7/21/2009 4:50,125,6.9,7.8,63.8,85,29.3,0.07,31860,0.1,0.1
7/21/2009 5:00,124,4.4,5.3,63.5,88,29.3,0.07,32340,0,0
7/21/2009 5:10,110,5.3,5.8,63.5,87,29.3,0.08,32640,0.03,0.03
7/21/2009 5:20,123,7,8.1,63.3,86,29.3,0.08,32760,0,0
7/21/2009 5:30,146,8,8.7,63.8,85,29.3,0.08,32760,0,0
7/21/2009 5:40,123,6.5,6.8,64,86,29.3,0.08,32760,0,0
7/21/2009 5:50,120,7.1,8.2,64.5,84,29.3,0.08,32760,0,0
7/21/2009 6:00,93,6.8,9.9,64.5,84,29.3,0.08,32760,0,0
7/21/2009 6:10,108,12.7,13.1,64.5,83,29.3,0.08,32780,0,0
7/21/2009 6:20,134,10.9,12.3,63.6,85,29.3,0.08,33200,0.02,0.02
7/21/2009 6:30,110,8.9,10.8,63.8,85,29.3,0.08,33320,0,0
7/21/2009 6:40,117,7.1,9.2,63.6,86,29.3,0.08,33530,0.01,0.01
7/21/2009 6:50,146,11.6,12.4,63.8,85,29.3,0.09,34110,0.03,0.03
7/21/2009 7:00,142,11.1,12.1,63.5,87,29.3,0.09,34640,0,0
7/21/2009 7:10,117,10,11.4,63.6,87,29.3,0.09,34860,0,0
7/21/2009 7:20,127,11.2,11.8,63.6,87,29.3,0.09,35080,0,0
7/21/2009 7:30,121,11.2,12.6,63.6,87,29.3,0.09,35260,0,0
7/21/2009 7:40,114,12.7,13.8,63.8,87,29.3,0.09,35320,0,0
7/21/2009 7:50,119,9.1,10.8,64.2,87,29.3,0.1,35520,0,0
7/21/2009 8:00,100,7.1,8.5,64.2,87,29.3,0.1,35660,0,0
7/21/2009 8:10,118,9.2,10,64.2,86,29.3,0.1,35820,0,0
7/21/2009 8:20,119,10.2,10.6,64.4,86,29.3,0.1,35970,0,0
7/21/2009 8:30,108,8.5,9.1,64.4,86,29.3,0.1,36280,0.01,0.01
7/21/2009 8:40,113,10.2,10.9,64,86,29.3,0.1,36600,0,0
7/21/2009 8:50,110,11,12,63.8,88,29.3,0.1,37090,0.03,0.03
7/21/2009 9:00,106,10.2,12.1,63.8,88,29.3,0.11,37200,0,0
7/21/2009 9:10,104,2.9,5.1,64,88,29.3,0.11,37540,0,0
7/21/2009 9:20,108,9.4,10.5,64,86,29.3,0.11,37770,0.01,0.01
7/21/2009 9:30,112,6.3,6.8,64.4,87,29.3,0.11,37930,0,0
7/21/2009 9:40,140,4.4,6.7,65.3,84,29.3,0.11,37930,0,0
7/21/2009 9:50,92,7.6,9,65.8,82,29.3,0.11,37930,0,0
7/21/2009 10:00,112,5.7,6.8,66.2,83,29.3,0.11,37980,0,0
7/21/2009 10:10,117,10,10.7,66.3,81,29.3,0.11,37980,0,0
7/21/2009 10:20,173,6.8,8.6,66.9,80,29.3,0.11,37980,0,0
7/21/2009 10:30,95,9.1,11.1,66.5,77,29.3,0.11,38130,0.04,0.04
7/21/2009 10:40,135,12.7,14.9,66.3,77,29.3,0.11,38240,0,0
7/21/2009 10:50,125,7.2,7.7,66.3,78,29.3,0.11,38240,0,0
7/21/2009 11:00,130,9.1,9.7,66.2,78,29.3,0.11,38670,0.06,0.06
7/21/2009 11:10,115,5.8,7.9,65.1,81,29.3,0.12,39250,0,0
7/21/2009 11:20,127,10.3,12.1,64.9,82,29.3,0.12,39280,0,0
7/21/2009 11:30,119,7.2,8,64.5,83,29.3,0.12,39280,0,0
7/21/2009 11:40,136,14.5,16.3,64.5,82,29.3,0.12,39280,0,0
7/21/2009 11:50,128,10.6,11.3,64.7,82,29.3,0.12,39280,0,0
7/21/2009 12:00,125,15.5,17.6,64.7,81,29.3,0.12,39280,0,0
7/21/2009 12:10,118,7.8,9,64.7,82,29.3,0.12,39280,0,0
7/21/2009 12:20,116,7,8.2,65.3,80,29.3,0.12,39280,0,0
7/21/2009 12:30,119,7.9,9.3,66.2,77,29.3,0.12,39280,0,0
7/21/2009 12:40,80,11.4,12.5,67.8,71,29.3,0.12,39280,0,0
7/21/2009 12:50,90,6.2,6.5,68.7,69,29.3,0.12,39280,0,0
7/21/2009 13:00,97,6.7,7.8,69.6,67,29.3,0.12,39280,0,0
7/21/2009 13:10,87,8.2,8.7,68.9,70,29.3,0.12,39280,0,0
7/21/2009 13:20,93,6.9,7.6,68.3,71,29.3,0.12,39280,0,0
7/21/2009 13:30,94,5.1,5.7,68.5,74,29.3,0.12,39280,0,0
7/21/2009 13:40,1,4.1,5.4,68.5,76,29.3,0.12,39280,0,0
7/21/2009 13:50,87,4.3,6.7,68.3,79,29.3,0.12,39280,0,0
7/21/2009 14:00,87,9.4,11.3,68.7,78,29.3,0.12,39280,0,0
7/21/2009 14:10,45,14.6,15.5,68.7,80,29.3,0.12,39280,0,0
7/21/2009 14:20,58,7.8,8.3,68.5,79,29.3,0.12,39280,0,0
7/21/2009 14:30,56,9.5,10.9,68.1,82,29.3,0.12,39280,0,0
7/21/2009 14:40,51,12.9,14.9,68.7,81,29.3,0.12,39280,0,0
7/21/2009 14:50,63,11.7,12.7,68.7,79,29.3,0.12,39280,0,0
7/21/2009 15:00,69,11,13,68.5,77,29.3,0.12,39280,0,0
7/21/2009 15:10,62,10.5,11.7,68.5,77,29.2,0.12,39280,0,0
7/21/2009 15:20,60,8.4,10.5,68.1,79,29.2,0.12,39280,0,0
7/21/2009 15:30,75,8,9.1,68,80,29.2,0.12,39280,0,0
7/21/2009 15:40,70,11.2,11.9,68.1,80,29.2,0.12,39280,0,0
7/21/2009 15:50,75,7,7.5,68.5,79,29.2,0.12,39280,0,0
7/21/2009 16:00,74,4,5.1,68.7,79,29.2,0.12,39280,0,0
7/21/2009 16:10,62,6.8,7.3,68.7,79,29.2,0.12,39280,0,0
7/21/2009 16:20,49,10.4,12,68.3,80,29.2,0.12,39280,0,0
7/21/2009 16:30,58,12.9,14.8,68.3,79,29.2,0.12,39280,0,0
7/21/2009 16:40,65,8.5,9.2,68.3,78,29.2,0.12,39280,0,0
7/21/2009 16:50,95,4.9,5.5,68.3,79,29.3,0.12,39280,0,0
7/21/2009 17:00,82,7.6,7.9,68.3,77,29.3,0.12,39280,0,0
7/21/2009 17:10,114,5.5,6,68.5,77,29.3,0.12,39280,0,0
7/21/2009 17:20,194,4.6,7.8,69.2,66,29.3,0.12,39280,0,0
7/21/2009 17:30,185,9.5,10.5,68.9,63,29.3,0.14,39430,0.73,0.73
7/21/2009 17:40,118,6.8,7.7,64.9,75,29.3,0.19,40030,0.09,0.09
7/21/2009 17:50,148,2.7,3.8,64.5,75,29.3,0.19,40310,0,0
7/21/2009 18:00,213,1.4,1.7,64.7,76,29.3,0.19,40310,0,0
7/21/2009 18:10,118,4.1,4.4,64.5,75,29.3,0.19,40320,0,0
7/21/2009 18:20,116,5.9,6.1,65.1,74,29.3,0.19,40690,0,0
7/21/2009 18:30,105,6,6.3,65.6,72,29.3,0.19,40690,0,0
7/21/2009 18:40,107,7.6,8.1,66.5,70,29.3,0.19,40690,0,0
7/21/2009 18:50,112,7.4,7.8,64.9,77,29.3,0.19,40690,0,0
7/21/2009 19:00,89,9.1,11.2,64.9,77,29.3,0.19,40690,0,0
7/21/2009 19:10,92,10.5,11.2,65.4,79,29.3,0.19,40690,0,0
7/21/2009 19:20,105,11,11.5,65.4,81,29.3,0.19,40690,0,0
7/21/2009 19:30,120,7.5,8.3,65.6,81,29.3,0.19,40690,0,0
7/21/2009 19:40,107,7.1,7.8,65.4,82,29.2,0.19,40690,0,0
7/21/2009 19:50,120,9.3,9.7,64.7,84,29.2,0.19,40690,0,0
7/21/2009 20:00,131,7.2,8,64.5,86,29.2,0.19,40690,0,0
7/21/2009 20:10,117,10.2,11.6,64.4,86,29.2,0.19,40690,0,0
7/21/2009 20:20,113,7.7,9.1,64.4,85,29.2,0.19,40690,0,0
7/21/2009 20:30,134,5.6,8.4,64.4,85,29.2,0.19,40690,0,0
7/21/2009 20:40,115,6.4,7.6,64.2,85,29.2,0.19,40690,0,0
7/21/2009 20:50,137,10.6,12,64.4,85,29.2,0.19,40690,0,0
7/21/2009 21:00,125,11.9,12.6,64.2,85,29.3,0,40690,0,0
7/21/2009 21:10,157,6.3,8.8,64,86,29.3,0,40690,0,0
7/21/2009 21:20,143,6.5,8.3,64,85,29.3,0,40690,0,0
7/21/2009 21:30,128,10.3,10.7,64,85,29.3,0,40690,0,0
7/21/2009 21:40,119,10.2,10.5,63.8,85,29.3,0,40690,0,0
7/21/2009 21:50,135,10.2,10.6,63.8,84,29.3,0,40690,0,0
7/21/2009 22:00,139,9,9.8,63.8,83,29.3,0,40690,0,0
7/21/2009 22:10,149,9.9,11.2,64,81,29.3,0,40690,0,0
7/21/2009 22:20,125,9.7,10.6,64.2,81,29.3,0,40690,0,0
7/21/2009 22:30,137,10.3,11.6,64.4,80,29.3,0,40690,0,0
7/21/2009 22:40,136,10.3,11.2,64.2,80,29.2,0,40690,0,0
7/21/2009 22:50,144,9.3,10.6,64,79,29.2,0,40690,0,0
7/21/2009 23:00,179,7.9,9,64,78,29.2,0,40690,0,0
7/21/2009 23:10,135,10.5,11.5,64,77,29.2,0,40690,0,0
7/21/2009 23:20,131,8.7,10.2,63.8,76,29.2,0,40690,0,0
7/21/2009 23:30,149,9.1,9.8,63.8,75,29.2,0,40690,0,0
7/21/2009 23:40,129,8.4,8.8,64.2,77,29.2,0,40690,0,0
7/21/2009 23:50,160,4.9,6.3,64.4,79,29.2,0,40690,0,0
7/22/2009 0:00,130,9.4,10.5,64.4,80,29.2,0,40690,0,0
7/22/2009 0:10,174,3.7,8,64.4,80,29.2,0,40690,0,0
7/22/2009 0:20,143,9.1,9.8,64.4,81,29.2,0,40690,0,0
7/22/2009 0:30,142,8.7,10,64.2,82,29.2,0,40690,0,0
7/22/2009 0:40,120,9.9,10.4,64.2,82,29.2,0,40690,0,0
7/22/2009 0:50,126,9.3,10.6,64.2,82,29.2,0,40690,0,0
7/22/2009 1:00,130,7.7,8.5,64.2,83,29.2,0,40690,0,0
7/22/2009 1:10,141,8.6,9.5,63.8,83,29.2,0,40690,0,0
7/22/2009 1:20,127,8.5,9.4,63.8,83,29.2,0,40690,0,0
7/22/2009 1:30,151,9.7,10.7,63.8,83,29.2,0,40690,0,0
7/22/2009 1:40,138,8.3,9.1,63.8,83,29.2,0,40690,0,0
7/22/2009 1:50,149,11.9,12.6,63.8,83,29.2,0,40690,0,0
7/22/2009 2:00,152,11,11.9,63.8,83,29.2,0,40690,0,0
7/22/2009 2:10,147,7.5,8.2,63.8,82,29.2,0,40690,0,0
7/22/2009 2:20,120,8.7,9.5,63.6,83,29.2,0,40690,0,0
7/22/2009 2:30,134,6,7.5,63.6,83,29.2,0,40690,0,0
7/22/2009 2:40,126,3.5,4.3,63.5,83,29.3,0,40690,0,0
7/22/2009 2:50,123,3.4,3.8,63.3,83,29.3,0,40690,0,0
7/22/2009 3:00,142,2.1,2.6,63.3,83,29.3,0,40690,0,0
7/22/2009 3:10,106,3.6,4.4,63.1,83,29.3,0,40690,0,0
7/22/2009 3:20,109,2.8,3.3,63.3,82,29.3,0,40690,0,0
7/22/2009 3:30,89,4,4.7,63.5,81,29.3,0,40690,0,0
7/22/2009 3:40,110,3.1,3.5,63.5,81,29.3,0,40690,0,0
7/22/2009 3:50,102,2.7,3,63.6,80,29.2,0,40690,0,0
7/22/2009 4:00,133,0.6,1.1,64,79,29.3,0,40690,0,0
7/22/2009 4:10,152,4.1,4.6,64.7,77,29.3,0,40690,0,0
7/22/2009 4:20,238,3.1,3.6,65.3,77,29.3,0,40690,0,0
7/22/2009 4:30,46,0.8,1.5,65.6,76,29.3,0,40690,0,0
7/22/2009 4:40,113,3.5,4.7,66,76,29.3,0,40690,0,0
7/22/2009 4:50,133,5.4,5.6,66.3,75,29.3,0,40690,0,0
7/22/2009 5:00,137,4.6,5,66.3,75,29.3,0,40690,0,0
7/22/2009 5:10,56,2.3,2.7,65.8,77,29.3,0,40690,0,0
7/22/2009 5:20,102,1.7,1.9,66.9,76,29.3,0,40690,0,0
7/22/2009 5:30,229,1.9,2.4,67.8,76,29.3,0,40690,0,0
7/22/2009 5:40,116,4,4.4,67.8,73,29.3,0,40690,0,0
7/22/2009 5:50,121,5.3,5.7,67.8,72,29.3,0,40690,0,0
7/22/2009 6:00,25,1.5,2.9,68,74,29.3,0,40690,0,0
7/22/2009 6:10,91,0.4,0.8,68.1,75,29.3,0,40690,0,0
7/22/2009 6:20,103,1.4,1.6,69.2,74,29.3,0,40690,0,0
7/22/2009 6:30,164,2.1,2.3,71,67,29.3,0,40690,0,0
7/22/2009 6:40,306,3.1,3.5,71.4,68,29.3,0,40690,0,0
7/22/2009 6:50,350,1.2,1.5,70.8,69,29.3,0,40690,0,0
7/22/2009 7:00,338,2.3,2.5,70.1,72,29.3,0,40690,0,0
7/22/2009 7:10,302,1.8,2,70.5,73,29.3,0,40690,0,0
7/22/2009 7:20,336,2.7,3,70.5,72,29.3,0,40690,0,0
7/22/2009 7:30,39,3.4,3.6,70.1,73,29.3,0,40690,0,0
7/22/2009 7:40,36,4.8,5,70.3,73,29.3,0,40690,0,0
7/22/2009 7:50,13,5.3,5.5,70.8,71,29.3,0,40690,0,0
7/22/2009 8:00,3,2.6,3.4,71,71,29.3,0,40690,0,0
7/22/2009 8:10,41,6.6,7,70.7,74,29.3,0,40690,0,0
7/22/2009 8:20,48,7.1,7.8,69.9,75,29.3,0,40690,0,0
7/22/2009 8:30,44,6.5,6.9,69.8,77,29.3,0,40690,0,0
7/22/2009 8:40,41,2.9,3.6,69.9,78,29.3,0,40690,0,0
7/22/2009 8:50,43,6.6,8.4,69.8,76,29.3,0,40690,0,0
7/22/2009 9:00,68,6.1,6.4,69,78,29.3,0,40690,0,0
7/22/2009 9:10,60,5.5,6.2,69,80,29.3,0,40690,0,0
7/22/2009 9:20,46,10.7,11.4,69.2,79,29.3,0,40690,0,0
7/22/2009 9:30,41,4.9,6,69.2,80,29.3,0,40690,0,0
7/22/2009 9:40,49,8,9.5,69.2,79,29.3,0,40690,0,0
7/22/2009 9:50,58,8.6,9,69,80,29.3,0,40690,0,0
7/22/2009 10:00,85,6.3,6.9,69.2,79,29.3,0,40690,0,0
7/22/2009 10:10,67,7.7,8.9,69.4,79,29.3,0,40690,0,0
7/22/2009 10:20,73,7.5,8.5,69.6,79,29.3,0,40690,0,0
7/22/2009 10:30,48,6.1,8.2,69.9,76,29.3,0,40690,0,0
7/22/2009 10:40,54,7.8,8.4,69.8,82,29.3,0,40690,0,0
7/22/2009 10:50,70,8.5,9.5,69.6,83,29.3,0,40690,0,0
7/22/2009 11:00,35,3.4,4.1,69.4,84,29.3,0,40690,0,0
7/22/2009 11:10,63,9.7,10.3,69.4,84,29.3,0,40690,0,0
7/22/2009 11:20,60,12.5,13.5,69.8,83,29.2,0,40690,0,0
7/22/2009 11:30,73,7.3,8.2,69.8,83,29.2,0,40690,0,0
7/22/2009 11:40,26,8.6,9.6,69.8,82,29.2,0,40690,0,0
7/22/2009 11:50,43,11.9,15.2,69.8,82,29.2,0,40690,0,0
7/22/2009 12:00,50,11.6,12.6,69.4,82,29.2,0,40690,0,0
7/22/2009 12:10,58,14.1,15,69.6,82,29.2,0,40690,0,0
7/22/2009 12:20,56,16.1,17.1,69.8,83,29.2,0,40690,0,0
7/22/2009 12:30,42,3.2,9,69.8,83,29.2,0,40690,0,0
7/22/2009 12:40,55,14.4,16,69.8,82,29.2,0,40690,0,0
7/22/2009 12:50,49,6.4,8.7,69.8,85,29.2,0,40690,0,0
7/22/2009 13:00,53,9.1,11.2,69.6,84,29.2,0,40690,0,0
7/22/2009 13:10,61,10.9,11.6,69.6,83,29.2,0,40690,0,0
7/22/2009 13:20,50,12.1,13,69.8,83,29.2,0,40690,0,0
7/22/2009 13:30,87,9.4,10.6,69.9,82,29.2,0,40710,0,0
7/22/2009 13:40,29,6.5,7.4,69.9,82,29.2,0,40710,0,0
7/22/2009 13:50,51,9.4,11.8,69.9,81,29.2,0,40710,0,0
7/22/2009 14:00,65,9.3,10.5,69.8,82,29.2,0,40710,0,0
7/22/2009 14:10,64,4.9,7.3,69.9,81,29.2,0,40710,0,0
7/22/2009 14:20,72,7.4,8.8,70.1,81,29.2,0,40710,0,0
7/22/2009 14:30,49,2.1,3.7,70.5,81,29.2,0,40710,0,0
7/22/2009 14:40,53,10.1,10.9,70.5,81,29.2,0,40710,0,0
7/22/2009 14:50,42,10.8,13.1,70.3,84,29.2,0,40710,0,0
7/22/2009 15:00,42,9.4,11.7,70.1,84,29.2,0,40710,0,0
7/22/2009 15:10,38,10.4,11.1,70.1,84,29.2,0,40710,0,0
7/22/2009 15:20,45,5.7,6.7,70.3,85,29.2,0,40710,0,0
7/22/2009 15:30,315,16.9,20.5,69.6,78,29.2,0,40710,0,0
7/22/2009 15:40,29,7.4,13.3,67.1,83,29.2,0,40720,0,0
7/22/2009 15:50,349,7.5,8.5,67.1,84,29.2,0,40720,0,0
7/22/2009 16:00,358,4,5.8,67.2,83,29.2,0,40830,0.09,0.09
7/22/2009 16:10,55,3.5,4.1,67.1,87,29.2,0.01,41220,0,0
7/22/2009 16:20,57,2.3,3,66.7,89,29.2,0.01,41260,0,0
7/22/2009 16:30,7,4.6,5.2,66.9,88,29.2,0.01,41420,0,0
7/22/2009 16:40,93,2.5,2.9,66.9,90,29.2,0.01,41580,0,0
7/22/2009 16:50,68,3,3.8,66.9,89,29.2,0.01,41690,0,0
7/22/2009 17:00,133,2.8,3.4,66.9,91,29.2,0.01,41730,0,0
7/22/2009 17:10,92,4.2,4.8,66.7,90,29.2,0.01,42040,0.02,0.02
7/22/2009 17:20,1,3,3.8,66.2,91,29.2,0.01,42110,0,0
7/22/2009 17:30,75,8.7,9.3,66,92,29.2,0.01,42220,0,0
7/22/2009 17:40,83,6.7,7.9,66,93,29.2,0.01,42340,0,0
7/22/2009 17:50,91,9.6,11.2,66,92,29.2,0.01,42460,0,0
7/22/2009 18:00,67,5.5,7.2,66,93,29.2,0.01,42630,0,0
7/22/2009 18:10,74,11.4,13.1,66.2,95,29.2,0.01,42710,0,0
7/22/2009 18:20,75,8.8,9.6,66.2,95,29.2,0.01,42710,0,0
7/22/2009 18:30,96,9.7,10.3,66,95,29.2,0.01,42710,0,0
7/22/2009 18:40,115,13.2,14,66,95,29.2,0.01,42710,0,0
7/22/2009 18:50,138,9.1,10.8,66.2,94,29.2,0.01,42720,0,0
7/22/2009 19:00,114,13.1,14.8,66.7,90,29.2,0.03,43210,0.03,0.03
7/22/2009 19:10,115,6.2,7.9,66.7,92,29.2,0.06,43810,0.07,0.07
7/22/2009 19:20,27,2.8,5.4,66.3,95,29.2,0.07,44370,0.06,0.06
7/22/2009 19:30,87,8.3,8.8,66.3,94,29.2,0.08,44970,0.05,0.05
7/22/2009 19:40,114,8.6,9.5,66.3,95,29.2,0.1,45570,0.01,0.01
7/22/2009 19:50,119,14.5,15.6,66,95,29.2,0.1,46140,0.01,0.01
7/22/2009 20:00,116,12.1,12.5,65.6,95,29.2,0.1,46660,0.02,0.02
7/22/2009 20:10,115,9.7,11,65.6,95,29.2,0.11,47150,0.03,0.03
7/22/2009 20:20,102,13.4,13.9,65.8,95,29.2,0.12,47750,0.17,0.17
7/22/2009 20:30,125,10.2,11.1,65.8,95,29.2,0.14,48340,0.09,0.09
7/22/2009 20:40,108,11.3,12.5,65.8,94,29.2,0.15,48930,0.02,0.02
7/22/2009 20:50,103,5.7,7.2,65.8,94,29.2,0.16,49510,0.04,0.04
7/22/2009 21:00,119,4.9,5.3,65.8,94,29.2,0.01,50110,0.08,0.08
7/22/2009 21:10,92,7.5,8,65.6,95,29.2,0.02,50700,0.04,0.04
7/22/2009 21:20,107,8.6,9.9,65.3,94,29.2,0.05,51310,0.23,0.23
7/22/2009 21:30,125,7.3,7.6,65.3,93,29.2,0.07,51900,0.04,0.04
7/22/2009 21:40,111,7,7.4,64.9,93,29.2,0.09,52500,0.32,0.32
7/22/2009 21:50,90,7.5,7.8,64.7,93,29.2,0.12,53110,0.03,0.03
7/22/2009 22:00,105,6.6,7.1,64.7,93,29.2,0.12,53600,0,0
7/22/2009 22:10,86,6.1,6.9,64.5,94,29.2,0.13,54160,0.06,0.06
7/22/2009 22:20,79,7.2,7.5,64.5,94,29.2,0.15,54770,0.13,0.13
7/22/2009 22:30,77,10.5,11.2,64.4,93,29.2,0.16,55020,0,0
7/22/2009 22:40,76,10.2,11,64,94,29.2,0.16,55040,0,0
7/22/2009 22:50,82,8.9,9.7,64,93,29.2,0.16,55090,0,0
7/22/2009 23:00,89,10.4,12,64,95,29.1,0.16,55090,0,0
7/22/2009 23:10,86,8,9.7,64.2,95,29.1,0.16,55100,0,0
7/22/2009 23:20,94,13.2,14.4,64.4,95,29.1,0.16,55100,0,0
7/22/2009 23:30,98,7.7,8.3,64.5,95,29.1,0.16,55100,0,0
7/22/2009 23:40,95,3,5,64.5,96,29.1,0.16,55110,0,0
7/22/2009 23:50,94,7.4,8.3,64.5,96,29.1,0.16,55460,0.03,0.03
7/23/2009 0:00,105,9.4,10.2,64.7,96,29.1,0.16,55790,0,0
7/23/2009 0:10,82,11.2,12.2,64.7,96,29.1,0.16,55920,0,0
7/23/2009 0:20,104,9.3,11.1,64.7,96,29.1,0.17,56470,0.05,0.05
7/23/2009 0:30,82,13,14.7,64.7,96,29.1,0.17,56960,0,0
7/23/2009 0:40,55,8.9,9.8,64.9,96,29.1,0.17,57430,0.05,0.05
7/23/2009 0:50,88,10.9,11.4,64.7,95,29.1,0.18,57940,0,0
7/23/2009 1:00,91,9.3,10.1,64.7,95,29.1,0.2,58370,0.22,0.22
7/23/2009 1:10,53,12.3,13.5,64.5,95,29.1,0.21,58940,0,0
7/23/2009 1:20,50,9.9,11.2,64.4,96,29.1,0.21,59390,0,0
7/23/2009 1:30,102,7.3,7.8,64.2,96,29.1,0.21,59580,0,0
7/23/2009 1:40,106,7.5,8,64.2,96,29.1,0.21,59580,0,0
7/23/2009 1:50,71,5.8,6.3,64.4,96,29.1,0.21,59710,0,0
7/23/2009 2:00,77,5.6,6.1,64.2,97,29.1,0.22,60270,0.02,0.02
7/23/2009 2:10,82,5.6,6.1,64.4,97,29.1,0.22,60710,0,0
7/23/2009 2:20,82,8.7,9.5,64.4,97,29.1,0.23,61140,0,0
7/23/2009 2:30,99,6.8,8,64.4,97,29.1,0.24,61710,0.15,0.15
7/23/2009 2:40,98,5.1,6.1,64.4,97,29.1,0.25,62290,0.02,0.02
7/23/2009 2:50,64,7.6,8.3,64.5,97,29.1,0.26,62890,0.04,0.04
7/23/2009 3:00,80,8.7,9.4,64.5,97,29.1,0.26,63250,0,0
7/23/2009 3:10,63,11.4,12.3,64.5,97,29.1,0.26,63720,0.02,0.02
7/23/2009 3:20,77,3.8,4.9,64.4,97,29.1,0.27,63930,0.03,0.03
7/23/2009 3:30,106,4.1,4.8,64.5,97,29.1,0.28,64340,0.04,0.04
7/23/2009 3:40,83,6,6.9,64.5,97,29.1,0.28,64410,0,0
7/23/2009 3:50,66,4.4,4.8,64.5,97,29,0.28,64530,0.03,0.03
7/23/2009 4:00,73,4.4,4.7,64.5,97,29.1,0.32,65110,0.55,0.55
7/23/2009 4:10,71,1.2,1.6,64.5,97,29,0.41,164,0.12,0.12
7/23/2009 4:20,43,5.9,7,64.7,97,29,0.44,764,0.08,0.08
7/23/2009 4:30,73,3.9,4.3,65.1,97,29,0.47,1364,0.01,0.01
7/23/2009 4:40,32,3.1,3.4,65.1,97,29,0.48,1964,0.04,0.04
7/23/2009 4:50,65,4.8,5.3,65.1,97,29,0.48,2364,0,0
7/23/2009 5:00,40,1.8,2,65.1,97,29,0.48,2374,0,0
7/23/2009 5:10,79,1.5,1.7,65.3,96,29,0.48,2374,0,0
7/23/2009 5:20,85,3.9,4.2,65.4,96,29,0.48,2374,0,0
7/23/2009 5:30,81,3.1,3.4,65.6,97,29,0.48,2374,0,0
7/23/2009 5:40,84,3.2,3.4,65.8,97,29,0.48,2374,0,0
7/23/2009 5:50,91,2.9,3.1,66,97,29,0.48,2374,0,0
7/23/2009 6:00,136,6.1,6.8,66.3,96,29,0.48,2374,0,0
7/23/2009 6:10,186,4.3,5,67.2,93,29,0.48,2374,0,0
7/23/2009 6:20,215,2.9,4.4,67.6,92,29,0.48,2374,0,0
7/23/2009 6:30,177,5.2,6.8,68,91,29,0.48,2374,0,0
7/23/2009 6:40,152,4.7,5,68,91,29,0.48,2374,0,0
7/23/2009 6:50,163,2.9,3.9,68,91,29,0.48,2374,0,0
7/23/2009 7:00,118,5.9,6.1,68.1,91,29,0.48,2374,0,0
7/23/2009 7:10,196,3.4,6.2,68.3,90,29,0.48,2374,0,0
7/23/2009 7:20,134,8.9,10,68.5,90,29,0.48,2374,0,0
7/23/2009 7:30,185,4.7,5.4,68.7,90,29,0.48,2374,0,0
7/23/2009 7:40,173,6.3,7.7,68.9,89,29,0.48,2374,0,0
7/23/2009 7:50,164,6.9,8,69,88,29,0.48,2374,0,0
7/23/2009 8:00,211,7.3,8.1,69.2,88,29,0.48,2374,0,0
7/23/2009 8:10,157,3.4,6.5,69,88,29,0.48,2374,0,0
7/23/2009 8:20,179,6.2,7.2,68.9,89,29,0.48,2374,0,0
7/23/2009 8:30,161,4.3,8,68.7,91,29,0.48,2374,0,0
7/23/2009 8:40,173,6.2,7,68.7,90,29,0.48,2374,0,0
7/23/2009 8:50,196,5.2,5.7,69.4,89,29,0.48,2374,0,0
7/23/2009 9:00,173,4.3,5.4,70.3,87,29,0.48,2374,0,0
7/23/2009 9:10,204,10.7,11.5,70.8,85,29,0.48,2374,0,0
7/23/2009 9:20,208,11.2,11.9,71.4,83,29,0.48,2374,0,0
7/23/2009 9:30,220,9.7,10.6,72.6,78,29,0.48,2374,0,0
7/23/2009 9:40,209,10.6,13,72.8,78,29,0.48,2374,0,0
7/23/2009 9:50,193,7.8,8.9,73.2,78,29,0.48,2374,0,0
7/23/2009 10:00,189,6.7,8.2,73.5,77,29,0.48,2374,0,0
7/23/2009 10:10,209,9.1,10.1,73.4,77,29,0.48,2374,0,0
7/23/2009 10:20,199,7,8.8,73.7,76,29,0.48,2374,0,0
7/23/2009 10:30,184,14.2,15.6,74.1,74,29,0.48,2374,0,0
7/23/2009 10:40,185,8.1,9.9,74.1,75,29,0.48,2374,0,0
7/23/2009 10:50,196,9.3,10.1,73.9,75,29,0.48,2404,0,0
7/23/2009 11:00,204,4.5,6.7,73.2,77,29,0.48,2424,0,0
7/23/2009 11:10,192,3.3,4.2,72.6,79,29,0.48,2504,0,0
7/23/2009 11:20,217,8.3,9.2,72.8,80,29,0.48,2504,0,0
7/23/2009 11:30,182,7,7.4,73,81,29,0.48,2504,0,0
7/23/2009 11:40,223,2.8,4,73.2,82,29,0.48,2584,0.05,0.05
7/23/2009 11:50,190,5.3,5.9,74.3,78,29,0.48,2584,0,0
7/23/2009 12:00,101,4,5.8,75.3,75,29,0.48,2584,0,0
7/23/2009 12:10,189,9.5,11.5,75.9,74,29,0.48,2584,0,0
7/23/2009 12:20,204,11,13,76.2,71,29,0.48,2584,0,0
7/23/2009 12:30,247,23.4,25.6,75,75,29,0.48,2584,0,0
7/23/2009 12:40,259,6.9,14.8,69.9,88,29,0.48,2584,0,0
7/23/2009 12:50,265,10.1,11.1,69.6,89,29,0.48,2584,0,0
7/23/2009 13:00,266,13,14.4,69.2,91,29,0.48,2584,0,0
7/23/2009 13:10,283,17,18.8,68.5,91,29,0.48,2724,0,0
7/23/2009 13:20,245,8.2,10.2,67.8,94,29,0.49,3214,0.1,0.1
7/23/2009 13:30,236,4.7,5.3,68.1,96,29,0.53,3794,0.53,0.53
7/23/2009 13:40,214,3.1,4,68.5,93,29,0.6,4154,0,0
7/23/2009 13:50,270,5.3,6,69.2,91,29,0.6,4154,0,0
7/23/2009 14:00,284,3.3,3.9,69.6,92,29,0.6,4154,0,0
7/23/2009 14:10,231,7,7.6,69.2,90,29,0.6,4154,0,0
7/23/2009 14:20,236,6.9,7.5,69.4,91,29,0.6,4154,0,0
7/23/2009 14:30,252,11.6,12.2,69,89,29,0.6,4154,0,0
7/23/2009 14:40,272,13.3,13.8,68.5,91,29,0.6,4154,0,0
7/23/2009 14:50,266,9.9,11.4,68,93,29,0.6,4154,0,0
7/23/2009 15:00,277,14,16.2,67.2,94,29,0.6,4194,0,0
7/23/2009 15:10,286,10.4,13.3,67.4,93,29,0.6,4194,0,0
7/23/2009 15:20,267,10.5,11.6,67.8,92,29,0.6,4194,0,0
7/23/2009 15:30,275,13,14.5,67.8,92,29,0.6,4194,0,0
7/23/2009 15:40,283,14.5,16.6,68,91,29,0.6,4194,0,0
7/23/2009 15:50,261,12.1,13.1,68.1,92,29,0.6,4194,0,0
7/23/2009 16:00,283,21.9,22.9,68.1,88,29,0.6,4194,0,0
7/23/2009 16:10,272,15.8,18.8,68.3,89,29,0.6,4194,0,0
7/23/2009 16:20,238,9.6,13.7,68.3,90,29,0.6,4194,0,0
7/23/2009 16:30,241,8.3,9.2,68.5,89,29,0.6,4194,0,0
7/23/2009 16:40,241,15.2,17.1,68.7,88,29,0.6,4194,0,0
7/23/2009 16:50,263,5.4,10.4,68.7,87,29,0.6,4194,0,0
7/23/2009 17:00,253,14.4,15.5,68.9,88,29,0.6,4194,0,0
7/23/2009 17:10,263,12.4,13.6,68.7,86,29,0.6,4194,0,0
7/23/2009 17:20,215,12.5,13.8,68.5,87,29,0.6,4194,0,0
7/23/2009 17:30,278,11.9,13.5,68.5,89,29,0.6,4194,0,0
7/23/2009 17:40,256,5.5,6.4,68.5,89,29,0.6,4194,0,0
7/23/2009 17:50,251,12.1,13.3,68.5,87,29,0.6,4194,0,0
7/23/2009 18:00,248,10.8,11.7,68.3,88,29,0.6,4194,0,0
7/23/2009 18:10,248,7,8.9,68,89,29,0.6,4194,0,0
7/23/2009 18:20,225,9.9,11.1,67.6,90,29,0.6,4194,0,0
7/23/2009 18:30,211,7,7.3,67.2,91,29,0.6,4194,0,0
7/23/2009 18:40,206,9.5,10.6,66.9,91,29,0.6,4194,0,0
7/23/2009 18:50,202,5.2,6.2,66.9,92,29,0.6,4194,0,0
7/23/2009 19:00,189,7.1,8,66.5,92,29,0.6,4194,0,0
7/23/2009 19:10,195,8.3,9.6,66.3,92,29,0.6,4194,0,0
7/23/2009 19:20,199,7.3,8.4,66,92,29,0.6,4194,0,0
7/23/2009 19:30,164,2.5,4.5,66,92,29,0.6,4194,0,0
7/23/2009 19:40,206,5.7,6.5,65.6,92,29,0.6,4194,0,0
7/23/2009 19:50,169,5.7,6.6,65.6,92,29,0.6,4194,0,0
7/23/2009 20:00,197,4.6,5.9,65.6,92,29,0.6,4194,0,0
7/23/2009 20:10,210,7.8,8.5,65.4,92,29,0.6,4194,0,0
7/23/2009 20:20,196,11.2,11.6,65.4,91,29,0.6,4194,0,0
7/23/2009 20:30,222,10.2,11.1,65.4,91,29,0.6,4194,0,0
7/23/2009 20:40,211,8.7,9.7,65.4,91,29,0.6,4194,0,0
7/23/2009 20:50,193,5.3,6,65.3,91,29,0.6,4194,0,0
7/23/2009 21:00,204,11.9,13.3,65.4,90,29,0,4194,0,0
7/23/2009 21:10,121,3.1,7,65.6,90,29,0,4194,0,0
7/23/2009 21:20,196,5.7,6.4,65.6,89,29,0,4194,0,0
7/23/2009 21:30,191,8.9,9.6,65.6,89,29,0,4194,0,0
7/23/2009 21:40,176,6.2,6.8,65.3,90,29,0,4194,0,0
7/23/2009 21:50,188,6.4,7,65.1,91,29,0,4194,0,0
7/23/2009 22:00,172,3.6,5.4,64.9,91,29,0,4194,0,0
7/23/2009 22:10,205,6.2,7,64.9,91,29,0,4194,0,0
7/23/2009 22:20,213,8.6,9.2,65.1,90,29,0,4194,0,0
7/23/2009 22:30,189,8.6,9.6,64.9,90,29,0,4194,0,0
7/23/2009 22:40,201,10,10.6,64.7,90,29,0,4194,0,0
7/23/2009 22:50,199,9,9.9,64.7,90,29,0,4194,0,0
7/23/2009 23:00,184,5.7,7.2,64.7,90,29,0,4194,0,0
7/23/2009 23:10,191,7.4,8.2,64.9,89,29,0,4194,0,0
7/23/2009 23:20,180,7,8.5,65.1,88,29,0,4194,0,0
7/23/2009 23:30,192,5.3,7.2,65.1,88,29,0,4194,0,0
7/23/2009 23:40,198,10.8,12.3,64.9,89,29,0,4194,0,0
7/23/2009 23:50,193,9.3,10.6,64.7,89,29,0,4194,0,0
7/24/2009 0:00,203,10.2,10.5,64.7,89,29,0,4194,0,0
7/24/2009 0:10,185,9.2,10.3,64.7,89,29,0,4194,0,0
7/24/2009 0:20,233,3.2,3.7,64.7,90,29,0,4194,0,0
7/24/2009 0:30,180,8.9,9.8,64.5,90,29,0,4194,0,0
7/24/2009 0:40,208,7.7,8.1,64.5,90,29,0,4194,0,0
7/24/2009 0:50,203,4.4,4.8,64.4,91,29,0,4194,0,0
7/24/2009 1:00,183,6.6,7.9,64.2,92,29,0,4194,0,0
7/24/2009 1:10,198,12.1,13.1,64,92,29,0,4194,0,0
7/24/2009 1:20,180,6.9,8.2,64,92,29,0,4194,0,0
7/24/2009 1:30,163,6.6,7.3,63.8,92,29,0,4194,0,0
7/24/2009 1:40,184,7.2,9.2,63.8,92,29,0,4194,0,0
7/24/2009 1:50,190,9.6,10.2,63.8,92,29,0,4194,0,0
7/24/2009 2:00,178,9.4,10.2,63.8,92,29,0,4194,0,0
7/24/2009 2:10,195,8.8,9.5,63.8,92,29,0,4194,0,0
7/24/2009 2:20,210,9.7,10.6,63.8,92,29,0,4194,0,0
7/24/2009 2:30,291,2.4,3.8,63.6,94,29,0.08,4684,0.06,0.06
7/24/2009 2:40,194,9.1,10.3,63.3,94,29,0.08,4864,0,0
7/24/2009 2:50,185,10.8,11.4,63.1,94,29,0.08,4864,0,0
7/24/2009 3:00,176,9.5,10.6,63.1,94,29,0.08,4864,0,0
7/24/2009 3:10,181,9.4,9.8,63.1,94,29,0.08,4864,0,0
7/24/2009 3:20,189,7.3,8.4,63.1,94,29,0.08,4864,0,0
7/24/2009 3:30,192,6.4,7.8,63.1,94,29,0.08,4864,0,0
7/24/2009 3:40,189,6.8,7.8,63.5,94,29,0.08,4864,0,0
7/24/2009 3:50,182,8.3,9.6,63.6,93,29,0.08,4864,0,0
7/24/2009 4:00,232,3.1,3.7,63.8,93,29,0.08,4864,0,0
7/24/2009 4:10,213,7.5,8,63.8,93,29,0.08,4864,0,0
7/24/2009 4:20,219,8.6,9,64.2,92,29.1,0.08,4864,0,0
7/24/2009 4:30,189,7.7,9.1,64.7,91,29.1,0.08,4874,0,0
7/24/2009 4:40,202,17,18.8,64.7,91,29.1,0.08,5394,0.01,0.01
7/24/2009 4:50,223,9.5,12.6,64.4,91,29.1,0.08,5674,0,0
7/24/2009 5:00,211,10.6,11.7,64.2,87,29.1,0.09,5974,0,0
7/24/2009 5:10,198,5.8,7.6,63.8,88,29.1,0.09,6474,0.04,0.04
7/24/2009 5:20,190,9.9,10.7,63.3,86,29.1,0.1,6964,0,0
7/24/2009 5:30,185,8.1,9.5,63.3,88,29.1,0.1,7094,0,0
7/24/2009 5:40,205,7.3,8.6,64.2,84,29.1,0.1,7184,0,0
7/24/2009 5:50,199,3.6,3.9,64.5,83,29.1,0.1,7184,0,0
7/24/2009 6:00,166,5.8,6.9,64.9,83,29.1,0.1,7184,0,0
7/24/2009 6:10,209,9.9,10.5,65.4,82,29.1,0.1,7184,0,0
7/24/2009 6:20,211,2.9,5.6,66.5,84,29.1,0.1,7184,0,0
7/24/2009 6:30,157,2.7,3.4,67.6,83,29.1,0.1,7184,0,0
7/24/2009 6:40,271,4.3,5.8,67.8,84,29.1,0.1,7184,0,0
7/24/2009 6:50,278,6.8,7.2,68,83,29.1,0.1,7184,0,0
7/24/2009 7:00,245,8.1,8.7,68,83,29.1,0.1,7254,0.03,0.03
7/24/2009 7:10,276,8.8,9.8,68.5,83,29.1,0.1,7254,0,0
7/24/2009 7:20,251,8.8,9.5,68.9,82,29.1,0.1,7254,0,0
7/24/2009 7:30,246,10.3,10.7,69,82,29.1,0.1,7254,0,0
7/24/2009 7:40,251,8.6,9.5,69.2,81,29.1,0.1,7254,0,0
7/24/2009 7:50,299,7.7,8.2,69.2,82,29.1,0.1,7254,0,0
7/24/2009 8:00,267,5.3,6.4,69.4,82,29.1,0.1,7254,0,0
7/24/2009 8:10,278,10.2,12.7,69,80,29.1,0.1,7254,0,0
7/24/2009 8:20,264,8,9.2,69,82,29.1,0.1,7254,0,0
7/24/2009 8:30,241,7.9,8.8,69.6,80,29.1,0.1,7254,0,0
7/24/2009 8:40,273,9.9,10.5,69.4,79,29.1,0.1,7254,0,0
7/24/2009 8:50,261,9.5,9.9,69.9,76,29.1,0.1,7254,0,0
7/24/2009 9:00,287,3.2,3.6,69.6,79,29.1,0.1,7254,0,0
7/24/2009 9:10,293,8.2,10,69.6,80,29.1,0.1,7254,0,0
7/24/2009 9:20,270,11.9,12.4,69,81,29.1,0.1,7254,0,0
7/24/2009 9:30,281,5.1,6.7,69.2,81,29.1,0.1,7254,0,0
7/24/2009 9:40,297,9.6,11.2,69.4,81,29.1,0.1,7254,0,0
7/24/2009 9:50,230,6.4,7,70.1,79,29.1,0.1,7254,0,0
7/24/2009 10:00,305,7,7.9,70.3,78,29.1,0.1,7254,0,0
7/24/2009 10:10,258,7.9,9.6,69.8,79,29.1,0.1,7254,0,0
7/24/2009 10:20,304,7.4,7.8,70.5,76,29.1,0.1,7254,0,0
7/24/2009 10:30,281,11.4,12,70.1,77,29.1,0.1,7254,0,0
7/24/2009 10:40,299,8,9.1,69.9,79,29.1,0.1,7254,0,0
7/24/2009 10:50,266,11,12.2,69.6,80,29.1,0.1,7254,0,0
7/24/2009 11:00,279,10.5,11.2,69.6,80,29.1,0.1,7254,0,0
7/24/2009 11:10,281,12.7,14.6,69.6,79,29.1,0.1,7254,0,0
7/24/2009 11:20,284,14.4,15.2,69.6,79,29.1,0.1,7254,0,0
7/24/2009 11:30,277,14.3,14.8,69.8,79,29.1,0.1,7254,0,0
7/24/2009 11:40,279,12.9,14.5,69.8,79,29.1,0.1,7254,0,0
7/24/2009 11:50,256,7,9.1,70.1,80,29.1,0.1,7254,0,0
7/24/2009 12:00,287,11.6,12.5,70.5,79,29.1,0.1,7254,0,0
7/24/2009 12:10,279,10.6,12.4,70.8,78,29.1,0.1,7254,0,0
7/24/2009 12:20,277,8.7,11.7,70.7,79,29.1,0.1,7254,0,0
7/24/2009 12:30,288,9.2,12.3,70.7,78,29.1,0.1,7254,0,0
7/24/2009 12:40,277,12.8,16.5,70.7,75,29.1,0.1,7254,0,0
7/24/2009 12:50,283,10.8,12,70.5,74,29.1,0.1,7254,0,0
7/24/2009 13:00,283,15.9,16.5,70.8,76,29.1,0.1,7254,0,0
7/24/2009 13:10,261,14.4,16.2,70.3,79,29.1,0.1,7254,0,0
7/24/2009 13:20,270,14.2,16.3,70.5,80,29.1,0.1,7254,0,0
7/24/2009 13:30,233,10.6,11.1,70.8,79,29.1,0.1,7254,0,0
7/24/2009 13:40,284,13.3,14.9,70.7,78,29.1,0.1,7254,0,0
7/24/2009 13:50,280,11.8,12.2,70.1,79,29.1,0.1,7254,0,0
7/24/2009 14:00,269,9.7,11.8,70.5,75,29.1,0.1,7254,0,0
7/24/2009 14:10,247,12.6,14.6,70.5,77,29.1,0.1,7254,0,0
7/24/2009 14:20,238,8.5,10,70.7,76,29.1,0.1,7254,0,0
7/24/2009 14:30,244,14.4,16.9,70.5,76,29.1,0.1,7254,0,0
7/24/2009 14:40,258,4.7,10.4,70.1,77,29.1,0.1,7254,0,0
7/24/2009 14:50,244,16.2,17.8,70.5,72,29.1,0.1,7254,0,0
7/24/2009 15:00,266,13.6,15.6,71,70,29.1,0.1,7254,0,0
7/24/2009 15:10,267,12.2,13.4,71.4,68,29.1,0.1,7254,0,0
7/24/2009 15:20,280,10.7,14.7,71.6,66,29.1,0.1,7254,0,0
7/24/2009 15:30,255,18.9,19.6,71.6,65,29.1,0.1,7254,0,0
7/24/2009 15:40,261,8.1,10.2,71.6,69,29.1,0.1,7254,0,0
7/24/2009 15:50,267,7.7,10,71.6,67,29.1,0.1,7254,0,0
7/24/2009 16:00,232,11.4,12.4,71.7,66,29.1,0.1,7254,0,0
7/24/2009 16:10,239,13.5,15.8,71.9,63,29.1,0.1,7254,0,0
7/24/2009 16:20,218,8,8.6,71.7,63,29.1,0.1,7254,0,0
7/24/2009 16:30,213,4.3,7.3,71.9,64,29.1,0.1,7254,0,0
7/24/2009 16:40,236,3.7,4.1,71.7,63,29.1,0.1,7254,0,0
7/24/2009 16:50,243,8.6,9.5,71.6,62,29.1,0.1,7254,0,0
7/24/2009 17:00,231,9.8,11.1,71.4,62,29.1,0.1,7254,0,0
7/24/2009 17:10,230,8,9.1,71.2,62,29.1,0.1,7254,0,0
7/24/2009 17:20,213,7.7,8.2,71,61,29.1,0.1,7254,0,0
7/24/2009 17:30,214,6,6.3,70.8,62,29.1,0.1,7254,0,0
7/24/2009 17:40,196,2.4,3.1,70.5,62,29.1,0.1,7254,0,0
7/24/2009 17:50,176,5.7,6.8,70.1,64,29.1,0.1,7254,0,0
7/24/2009 18:00,173,4.8,5.4,69.8,64,29.1,0.1,7254,0,0
7/24/2009 18:10,175,6.9,7.7,69.4,65,29.1,0.1,7254,0,0
7/24/2009 18:20,178,6.1,7.1,69,65,29.1,0.1,7254,0,0
7/24/2009 18:30,148,5.5,7,69,66,29.1,0.1,7254,0,0
7/24/2009 18:40,164,3.9,5.6,68.7,66,29.1,0.1,7254,0,0
7/24/2009 18:50,163,6.4,6.7,68.5,66,29.1,0.1,7254,0,0
7/24/2009 19:00,171,6.8,7.4,68.5,65,29.1,0.1,7254,0,0
7/24/2009 19:10,168,8.4,9,68.3,65,29.1,0.1,7254,0,0
7/24/2009 19:20,169,10.2,11.4,68.3,64,29.1,0.1,7254,0,0
7/24/2009 19:30,173,9.3,10.2,68.5,63,29.1,0.1,7254,0,0
7/24/2009 19:40,157,6.7,8.1,68.3,63,29.1,0.1,7254,0,0
7/24/2009 19:50,161,3,3.6,68,64,29.1,0.1,7254,0,0
7/24/2009 20:00,170,9.7,10.9,68,64,29.1,0.1,7254,0,0
7/24/2009 20:10,167,6.5,8.5,67.8,65,29.1,0.1,7254,0,0
7/24/2009 20:20,161,7.3,8.6,67.6,66,29.1,0.1,7254,0,0
7/24/2009 20:30,165,8.6,10.5,67.6,66,29.1,0.1,7254,0,0
7/24/2009 20:40,187,6.7,7.4,67.6,66,29.1,0.1,7254,0,0
7/24/2009 20:50,175,11.3,12.8,67.6,67,29.1,0.1,7254,0,0
7/24/2009 21:00,168,11,12.2,67.4,67,29.1,0,7254,0,0
7/24/2009 21:10,159,9.6,11,67.2,67,29.1,0,7254,0,0
7/24/2009 21:20,155,8.5,9.5,67.2,67,29.1,0,7254,0,0
7/24/2009 21:30,169,8.2,9.7,67.2,68,29.1,0,7254,0,0
7/24/2009 21:40,90,3.8,5.3,67.1,68,29.1,0,7254,0,0
7/24/2009 21:50,173,7,7.6,66.9,68,29.1,0,7254,0,0
7/24/2009 22:00,209,4,6.6,66.9,68,29.1,0,7254,0,0
7/24/2009 22:10,159,6.1,8,67.1,68,29.1,0,7254,0,0
7/24/2009 22:20,168,7,7.8,67.2,67,29.1,0,7254,0,0
7/24/2009 22:30,173,10.2,12.6,67.2,66,29.1,0,7254,0,0
7/24/2009 22:40,163,11,12.4,67.2,66,29.1,0,7254,0,0
7/24/2009 22:50,151,8.7,10.6,67.2,66,29.1,0,7254,0,0
7/24/2009 23:00,157,7.2,9.4,67.2,66,29,0,7254,0,0
7/24/2009 23:10,156,12.3,14.4,67.4,66,29,0,7254,0,0
7/24/2009 23:20,164,15.4,16.6,67.4,65,29,0,7254,0,0
7/24/2009 23:30,183,7.4,15,67.6,64,29,0,7254,0,0
7/24/2009 23:40,170,8.6,9.7,67.8,64,29,0,7254,0,0
7/24/2009 23:50,151,11.5,12.6,67.6,64,29,0,7254,0,0
7/25/2009 0:00,150,8.5,10.3,67.6,65,29,0,7254,0,0
7/25/2009 0:10,166,10.9,12.8,67.4,66,29,0,7254,0,0
7/25/2009 0:20,171,7.8,9.8,67.2,67,29,0,7254,0,0
7/25/2009 0:30,172,7.9,11.2,67.2,68,29,0,7254,0,0
7/25/2009 0:40,167,10.1,12,67.4,67,29,0,7254,0,0
7/25/2009 0:50,164,11.4,13.5,67.4,67,29,0,7254,0,0
7/25/2009 1:00,166,8.7,11.2,67.6,67,29,0,7254,0,0
7/25/2009 1:10,164,10,13.6,68,66,29,0,7254,0,0
7/25/2009 1:20,191,6.2,7.6,68.1,66,29,0,7254,0,0
7/25/2009 1:30,180,5.6,8.9,68.3,66,29,0,7254,0,0
7/25/2009 1:40,164,11.4,12.7,68.5,66,29,0,7254,0,0
7/25/2009 1:50,182,6.4,7.9,68.5,66,29,0,7254,0,0
7/25/2009 2:00,160,8.9,11.7,68.5,66,29,0,7254,0,0
7/25/2009 2:10,166,10,11.4,68.5,66,29,0,7254,0,0
7/25/2009 2:20,154,9.4,12.8,68.3,67,29,0,7254,0,0
7/25/2009 2:30,171,11.6,13.3,68.1,67,29,0,7254,0,0
7/25/2009 2:40,166,12.5,13.3,67.6,68,29,0,7254,0,0
7/25/2009 2:50,155,12.1,14.4,67.6,69,29,0,7254,0,0
7/25/2009 3:00,167,13.1,15.6,67.2,70,29,0,7254,0,0
7/25/2009 3:10,168,15.5,16.8,67.1,70,29,0,7254,0,0
7/25/2009 3:20,151,7.3,8.9,67.1,70,29,0,7254,0,0
7/25/2009 3:30,144,11.3,16.2,67.1,70,29,0,7254,0,0
7/25/2009 3:40,164,9,9.6,67.2,70,29,0,7254,0,0
7/25/2009 3:50,156,6.1,7.4,67.2,70,29,0,7254,0,0
7/25/2009 4:00,148,10,11.2,67.4,71,29,0,7254,0,0
7/25/2009 4:10,178,12.5,15.7,68,71,29,0,7254,0,0
7/25/2009 4:20,113,4.8,9.3,68.5,70,29,0,7254,0,0
7/25/2009 4:30,150,4.6,6.6,68.7,70,29,0,7254,0,0
7/25/2009 4:40,150,8.6,10.8,68.7,70,29,0,7254,0,0
7/25/2009 4:50,180,12.7,14.7,68.9,70,29,0,7254,0,0
7/25/2009 5:00,160,11.5,12.6,69,70,29,0,7254,0,0
7/25/2009 5:10,178,15.9,17,69.2,69,29,0,7254,0,0
7/25/2009 5:20,155,12.5,15.3,69.8,69,29,0,7254,0,0
7/25/2009 5:30,179,4.2,5.3,70.3,68,29,0,7254,0,0
7/25/2009 5:40,162,11.6,12.9,70.7,68,29,0,7254,0,0
7/25/2009 5:50,141,19.3,19.9,70.8,69,29,0,7254,0,0
7/25/2009 6:00,176,12.5,12.9,71.2,69,29,0,7254,0,0
7/25/2009 6:10,164,10.7,13.7,71.2,70,29,0,7254,0,0
7/25/2009 6:20,186,17.3,18.7,71,70,29,0,7254,0,0
7/25/2009 6:30,176,14.3,18,71.2,70,29,0,7254,0,0
7/25/2009 6:40,162,12.9,14.6,71.4,70,29,0,7254,0,0
7/25/2009 6:50,184,3.7,7.9,71.6,70,29,0,7254,0,0
7/25/2009 7:00,180,4.1,6.3,71.7,70,29,0,7254,0,0
7/25/2009 7:10,144,6.7,7.7,72.1,70,29,0,7254,0,0
7/25/2009 7:20,152,12.2,14.9,72.5,69,28.9,0,7254,0,0
7/25/2009 7:30,141,15.7,19.1,72.5,68,28.9,0,7254,0,0
7/25/2009 7:40,159,8,12.1,72.6,69,28.9,0,7254,0,0
7/25/2009 7:50,145,10.4,12.6,72.8,68,28.9,0,7254,0,0
7/25/2009 8:00,163,16,19.9,73,68,28.9,0,7254,0,0
7/25/2009 8:10,162,15.8,19.1,73,68,28.9,0,7254,0,0
7/25/2009 8:20,152,13.6,15.3,72.8,68,28.9,0,7254,0,0
7/25/2009 8:30,131,11.5,13.7,72.6,69,28.9,0,7334,0.01,0.01
7/25/2009 8:40,79,6.2,9.2,72.3,71,28.9,0,7624,0,0
7/25/2009 8:50,234,3.7,5.5,72.5,70,28.9,0,7624,0,0
7/25/2009 9:00,167,7.3,9.5,72.8,71,28.9,0,7744,0.01,0.01
7/25/2009 9:10,161,4.8,5.7,72.5,73,28.9,0.01,8154,0,0
7/25/2009 9:20,175,12.5,13.9,72.6,72,28.9,0.01,8164,0,0
7/25/2009 9:30,174,14.9,19.8,73.2,70,28.9,0.01,8164,0,0
7/25/2009 9:40,173,14.8,15.2,73.5,70,28.9,0.01,8164,0,0
7/25/2009 9:50,174,16.4,17.7,73.9,69,28.9,0.01,8164,0,0
7/25/2009 10:00,167,18.9,20.1,75,66,28.9,0.01,8164,0,0
7/25/2009 10:10,148,11.9,13.2,75.3,65,28.9,0.01,8164,0,0
7/25/2009 10:20,166,6.3,9.1,75.9,65,28.9,0.01,8164,0,0
7/25/2009 10:30,277,4,6.5,75.2,69,28.9,0.03,8404,0,0
7/25/2009 10:40,206,10.6,12.2,76.1,66,28.9,0.03,8404,0,0
7/25/2009 10:50,305,5.5,8.4,78.2,61,28.9,0.03,8404,0,0
7/25/2009 11:00,194,17.1,23.7,79.1,58,28.9,0.03,8404,0,0
7/25/2009 11:10,223,18.5,20,79.1,56,28.9,0.03,8414,0,0
7/25/2009 11:20,192,25.3,28.7,78.6,57,28.9,0.03,8434,0,0
7/25/2009 11:30,229,8.5,20.8,78.2,57,28.9,0.03,8434,0,0
7/25/2009 11:40,190,21.1,23.3,79.1,55,28.9,0.03,8454,0,0
7/25/2009 11:50,169,12.6,17.4,79.5,55,28.9,0.03,8454,0,0
7/25/2009 12:00,207,18,18.8,79.3,55,28.9,0.03,8464,0,0
7/25/2009 12:10,199,11,12.3,79.8,55,28.9,0.03,8464,0,0
7/25/2009 12:20,203,18.2,22.3,79.3,55,28.9,0.03,8464,0,0
7/25/2009 12:30,264,16.2,19.2,74.8,73,28.9,0.03,8464,0,0
7/25/2009 12:40,259,12.7,15.9,73.4,76,28.9,0.03,8464,0,0
7/25/2009 12:50,254,9.4,10.8,73,78,28.9,0.03,8464,0,0
7/25/2009 13:00,252,15.8,17.3,72.8,78,28.9,0.03,8464,0,0
7/25/2009 13:10,256,19.4,21.4,72.8,78,28.9,0.03,8554,0,0
7/25/2009 13:20,212,17,19.9,72.6,77,28.9,0.03,8554,0,0
7/25/2009 13:30,230,10.3,11.2,73.9,74,28.9,0.03,8554,0,0
7/25/2009 13:40,210,12,13.9,75.3,70,28.9,0.03,8554,0,0
7/25/2009 13:50,174,7.2,9.7,75.9,71,28.9,0.03,8554,0,0
7/25/2009 14:00,212,8.5,9.7,75.7,71,28.9,0.03,8554,0,0
7/25/2009 14:10,249,9.4,10.4,74.4,77,28.9,0.03,8554,0,0
7/25/2009 14:20,265,5.5,6.3,74.6,76,28.9,0.03,8554,0,0
7/25/2009 14:30,260,5.7,6.7,73.4,81,28.9,0.03,8554,0,0
7/25/2009 14:40,258,4.2,4.9,73.2,80,28.9,0.03,8554,0,0
7/25/2009 14:50,271,7.4,8.7,72.8,81,28.9,0.03,8554,0,0
7/25/2009 15:00,228,6.9,7.4,73.2,79,28.9,0.03,8554,0,0
7/25/2009 15:10,220,7.9,9.5,75.3,70,28.9,0.03,8554,0,0
7/25/2009 15:20,231,12.7,14.6,75.7,69,28.9,0.03,8554,0,0
7/25/2009 15:30,218,19.3,19.9,75.5,68,28.9,0.03,8554,0,0
7/25/2009 15:40,206,15.1,15.7,75.2,69,28.9,0.03,8554,0,0
7/25/2009 15:50,199,15.5,16.6,74.8,69,28.9,0.03,8554,0,0
7/25/2009 16:00,215,9.5,11.2,73.7,73,28.9,0.03,8624,0,0
7/25/2009 16:10,222,7.9,8.4,73,76,28.9,0.03,8644,0,0
7/25/2009 16:20,95,3.4,4.8,72.3,79,28.9,0.03,8644,0,0
7/25/2009 16:30,187,12.7,14,72.3,78,28.9,0.03,8644,0,0
7/25/2009 16:40,180,14.7,15.1,72.5,78,28.9,0.03,8644,0,0
7/25/2009 16:50,172,5.3,7.5,72.1,79,28.9,0.03,8644,0,0
7/25/2009 17:00,188,12.9,16,72.1,78,28.9,0.03,8644,0,0
7/25/2009 17:10,206,9.1,10.5,72.1,78,28.9,0.03,8644,0,0
7/25/2009 17:20,179,8.1,8.9,72.1,79,28.9,0.03,8644,0,0
7/25/2009 17:30,206,10.9,11.7,71.9,78,28.9,0.03,8644,0,0
7/25/2009 17:40,202,12,13.5,71.9,79,28.9,0.03,8644,0,0
7/25/2009 17:50,200,6.3,7.1,71.7,79,28.9,0.03,8644,0,0
7/25/2009 18:00,200,7.7,8.4,71.7,79,28.9,0.03,8644,0,0
7/25/2009 18:10,201,6.2,8.8,71.6,80,28.9,0.03,8694,0,0
7/25/2009 18:20,225,7,7.8,71.4,80,28.9,0.03,8694,0,0
7/25/2009 18:30,200,8.2,10.5,71.4,81,28.9,0.03,8694,0,0
7/25/2009 18:40,213,9.8,10.9,71.2,81,28.9,0.03,8694,0,0
7/25/2009 18:50,189,12,12.6,71,82,28.9,0.03,8694,0,0
7/25/2009 19:00,177,8,10.6,70.7,83,28.9,0.03,8694,0,0
7/25/2009 19:10,202,10.7,12.3,70.7,83,28.9,0.03,8694,0,0
7/25/2009 19:20,208,6.3,9.2,70.7,83,28.9,0.03,8694,0,0
7/25/2009 19:30,198,8.9,10.6,70.5,83,28.9,0.03,8694,0,0
7/25/2009 19:40,193,6.4,6.9,70.3,83,28.9,0.03,8694,0,0
7/25/2009 19:50,204,12.5,12.9,70.1,84,28.9,0.03,8694,0,0
7/25/2009 20:00,194,10.3,11.9,69.9,84,28.9,0.03,8694,0,0
7/25/2009 20:10,196,10.7,11.8,69.9,84,28.9,0.03,8694,0,0
7/25/2009 20:20,189,16.4,17,69.8,84,28.9,0.03,8694,0,0
7/25/2009 20:30,185,13.2,14.3,69.8,84,28.9,0.03,8694,0,0
7/25/2009 20:40,200,16.4,18.3,69.9,84,28.9,0.03,8694,0,0
7/25/2009 20:50,185,7.4,12,70.1,83,28.9,0.03,8694,0,0
7/25/2009 21:00,210,9.7,10.4,70.3,83,28.9,0,8694,0,0
7/25/2009 21:10,203,17.6,18.5,70.5,82,28.9,0,8694,0,0
7/25/2009 21:20,202,17.3,18.5,70.7,82,28.9,0,8694,0,0
7/25/2009 21:30,205,13.5,14.7,70.8,80,28.9,0,8694,0,0
7/25/2009 21:40,205,20.3,21.2,70.8,79,28.9,0,8694,0,0
7/25/2009 21:50,212,15.8,17.8,70.7,79,28.9,0,8694,0,0
7/25/2009 22:00,210,16.6,17.9,70.7,79,28.9,0,8694,0,0
7/25/2009 22:10,199,13.2,16.2,70.5,79,28.9,0,8694,0,0
7/25/2009 22:20,208,8.5,11,70.3,80,28.9,0,8694,0,0
7/25/2009 22:30,215,7.4,8.5,70.1,80,28.9,0,8694,0,0
7/25/2009 22:40,216,11.7,14.8,70.3,80,28.9,0,8694,0,0
7/25/2009 22:50,214,14.8,15.5,70.1,80,28.9,0,8694,0,0
7/25/2009 23:00,216,11,11.3,69.9,81,28.9,0,8694,0,0
7/25/2009 23:10,228,7.9,9.2,69.8,81,28.9,0,8694,0,0
7/25/2009 23:20,195,7.6,10,69.6,81,28.9,0,8694,0,0
7/25/2009 23:30,215,9,11.2,69.4,82,28.9,0,8694,0,0
7/25/2009 23:40,189,7.8,8.4,69.2,82,28.9,0,8694,0,0
7/25/2009 23:50,201,11.8,13.9,69,82,28.9,0,8694,0,0
7/26/2009 0:00,224,9.5,11.2,68.9,82,29,0,8694,0,0
7/26/2009 0:10,188,7.1,10.1,68.7,82,29,0,8694,0,0
7/26/2009 0:20,197,8.8,10.3,68.3,83,29,0,8694,0,0
7/26/2009 0:30,189,8.8,9.4,68.1,83,29,0,8694,0,0
7/26/2009 0:40,191,5,6.8,68,84,29,0,8694,0,0
7/26/2009 0:50,195,6.3,7.2,67.8,83,29,0,8694,0,0
7/26/2009 1:00,192,9.7,10.6,67.6,84,29,0,8694,0,0
7/26/2009 1:10,187,12.1,12.6,67.4,84,29,0,8694,0,0
7/26/2009 1:20,187,13.3,14.5,67.2,84,29,0,8694,0,0
7/26/2009 1:30,175,7.1,9.6,67.1,84,29,0,8694,0,0
7/26/2009 1:40,175,8.6,10.4,66.9,85,28.9,0,8694,0,0
7/26/2009 1:50,180,9.2,11.8,66.7,86,29,0,8694,0,0
7/26/2009 2:00,205,9.3,10.5,66.5,86,29,0,8694,0,0
7/26/2009 2:10,121,2.7,3.9,66.5,87,29,0,8694,0,0
7/26/2009 2:20,209,5.5,6.6,66.5,87,29,0,8694,0,0
7/26/2009 2:30,189,15.2,16.1,66.5,87,29,0,8694,0,0
7/26/2009 2:40,169,6.5,9.5,66.7,86,29,0,8694,0,0
7/26/2009 2:50,186,13.9,14.8,66.7,86,29,0,8694,0,0
7/26/2009 3:00,179,12.9,13.6,66.5,87,29,0,8694,0,0
7/26/2009 3:10,175,10.5,12.3,66.7,87,29,0,8694,0,0
7/26/2009 3:20,179,11.7,15.6,66.7,87,29,0,8694,0,0
7/26/2009 3:30,189,10.8,11.8,66.7,87,29,0,8694,0,0
7/26/2009 3:40,164,12.1,13.6,66.9,86,29,0,8694,0,0
7/26/2009 3:50,200,13.3,15.3,67.4,85,29,0,8694,0,0
7/26/2009 4:00,160,11.9,14.1,67.8,83,29,0,8694,0,0
7/26/2009 4:10,167,7.4,10.7,68,83,29,0,8694,0,0
7/26/2009 4:20,172,9.9,11.8,68.1,83,29,0,8694,0,0
7/26/2009 4:30,174,10.8,15.2,68.1,83,29,0,8694,0,0
7/26/2009 4:40,195,8.2,11.4,68.7,82,29,0,8694,0,0
7/26/2009 4:50,186,10,11.8,69,81,29,0,8694,0,0
7/26/2009 5:00,182,15.6,16.6,69.4,79,29,0,8694,0,0
7/26/2009 5:10,195,13.2,14.7,69.6,79,29,0,8694,0,0
7/26/2009 5:20,175,7.5,11.3,70.1,78,29,0,8694,0,0
7/26/2009 5:30,303,6,8,70.3,76,29,0,8694,0,0
7/26/2009 5:40,175,11.6,12.3,70.7,75,29,0,8694,0,0
7/26/2009 5:50,206,14,15.3,70.8,74,29,0,8694,0,0
7/26/2009 6:00,199,12.2,14,70.8,74,29,0,8694,0,0
7/26/2009 6:10,147,7.3,10.6,71,74,29,0,8694,0,0
7/26/2009 6:20,204,14.5,15.9,71.4,73,29,0,8694,0,0
7/26/2009 6:30,195,12.8,14,71.6,73,29,0,8694,0,0
7/26/2009 6:40,189,10.6,12.7,72.1,72,29,0,8694,0,0
7/26/2009 6:50,183,14.8,16.9,72.8,69,29,0,8694,0,0
7/26/2009 7:00,196,7.6,9.7,72.8,68,29,0,8694,0,0
7/26/2009 7:10,200,7.4,12.3,73.2,68,29,0,8694,0,0
7/26/2009 7:20,228,12.3,14.1,73.4,67,29,0,8694,0,0
7/26/2009 7:30,216,8.2,8.9,73.9,64,29,0,8694,0,0
7/26/2009 7:40,192,16.4,18.3,74.4,64,29,0,8694,0,0
7/26/2009 7:50,228,17.4,19.3,74.8,62,29,0,8694,0,0
7/26/2009 8:00,213,5.4,9.9,75,63,29,0,8694,0,0
7/26/2009 8:10,203,11,12.1,75,62,29,0,8694,0,0
7/26/2009 8:20,202,19.8,22.4,75.3,58,29,0,8694,0,0
7/26/2009 8:30,229,19,19.7,75.2,57,29,0,8694,0,0
7/26/2009 8:40,223,15.7,18.3,75.2,58,29,0,8694,0,0
7/26/2009 8:50,210,17.9,18.6,75,59,29,0,8694,0,0
7/26/2009 9:00,304,12,13.3,74.8,66,29,0,8694,0,0
7/26/2009 9:10,255,7.2,8.7,70.5,79,29,0,8724,0.01,0.01
7/26/2009 9:20,285,12.9,14.1,68.9,83,29,0.02,9044,0,0
7/26/2009 9:30,280,18.3,20.4,67.8,80,29,0.03,9404,0.01,0.01
7/26/2009 9:40,272,4.8,13.3,67.2,84,29,0.1,9754,0,0
7/26/2009 9:50,299,11.8,13.2,68,84,29,0.1,10144,0.04,0.04
7/26/2009 10:00,232,14.4,16,65.8,87,29,0.28,10724,2.04,2.04
7/26/2009 10:10,280,12.7,13.6,65.8,84,29,0.5,11314,0.02,0.02
7/26/2009 10:20,265,12.1,12.9,66.5,85,29,0.52,11524,0.93,0.93
7/26/2009 10:30,241,6.4,7.9,65.3,86,29,0.79,12084,0,0
7/26/2009 10:40,236,12.2,13.3,65.3,88,29,0.88,12654,0.18,0.18
7/26/2009 10:50,248,7.1,7.8,66.9,85,29,0.92,12954,0,0
7/26/2009 11:00,200,4.4,4.9,67.8,85,29,0.92,12954,0,0
7/26/2009 11:10,248,5.3,5.7,67.4,87,29,0.93,13384,0,0
7/26/2009 11:20,317,2.1,3.4,67.6,87,29,0.96,13844,0.02,0.02
7/26/2009 11:30,213,5,5.6,67.8,86,29,0.97,14024,0,0
7/26/2009 11:40,180,2.5,3.8,68.9,84,29,0.97,14024,0,0
7/26/2009 11:50,198,6.3,6.8,68.5,86,29,0.97,14024,0,0
7/26/2009 12:00,267,6.1,6.6,68.9,84,29,0.97,14024,0,0
7/26/2009 12:10,268,5.8,6.7,68.9,82,29,0.99,14484,0.03,0.03
7/26/2009 12:20,252,8.4,8.9,69.8,84,29,0.99,14584,0,0
7/26/2009 12:30,254,10.5,11.3,70.3,83,29,0.99,14584,0,0
7/26/2009 12:40,170,2.9,4.2,71.4,82,29,0.99,14584,0,0
7/26/2009 12:50,266,5,5.8,72.1,77,29,0.99,14584,0,0
7/26/2009 13:00,240,11.9,14.5,72.1,77,29,0.99,14584,0,0
7/26/2009 13:10,257,15.7,16.2,72.5,74,29,0.99,14584,0,0
7/26/2009 13:20,255,10.8,13.3,72.1,76,29,0.99,14584,0,0
7/26/2009 13:30,254,17,18.8,71.9,75,29,0.99,14584,0,0
7/26/2009 13:40,237,11.2,13.1,72.1,77,29,0.99,14584,0,0
7/26/2009 13:50,243,19.1,20.3,72.5,75,29,0.99,14584,0,0
7/26/2009 14:00,260,10.4,12.2,72.1,78,29,0.99,14584,0,0
7/26/2009 14:10,222,7.6,8.4,72.8,75,29,0.99,14584,0,0
7/26/2009 14:20,225,6.6,7.8,73.2,74,29,0.99,14584,0,0
7/26/2009 14:30,256,10.6,12.1,73,73,29,0.99,14584,0,0
7/26/2009 14:40,232,7.8,8.6,72.8,75,29,0.99,14584,0,0
7/26/2009 14:50,242,8.3,8.6,73,75,29,0.99,14584,0,0
7/26/2009 15:00,267,6.5,7.5,72.8,74,29,0.99,14584,0,0
7/26/2009 15:10,235,11.8,12.9,73.4,69,29,0.99,14584,0,0
7/26/2009 15:20,213,11.7,12.4,73.4,66,29,0.99,14584,0,0
7/26/2009 15:30,227,10.8,11.6,73.7,65,29,0.99,14584,0,0
7/26/2009 15:40,252,3.8,5.6,73.7,65,29,0.99,14584,0,0
7/26/2009 15:50,230,9.6,10.3,73.7,67,29,0.99,14584,0,0
7/26/2009 16:00,234,7.4,8.9,73.7,67,29,0.99,14584,0,0
7/26/2009 16:10,211,4.6,6.5,73.9,68,29,0.99,14584,0,0
7/26/2009 16:20,220,5.9,7.2,73.5,68,29,0.99,14584,0,0
7/26/2009 16:30,227,9.1,10,73.4,69,29,0.99,14584,0,0
7/26/2009 16:40,247,5.6,5.9,73.2,69,29,0.99,14584,0,0
7/26/2009 16:50,192,4.1,4.6,73.2,67,29,0.99,14584,0,0
7/26/2009 17:00,202,7.3,8.1,73.2,67,29,0.99,14584,0,0
7/26/2009 17:10,229,12.4,13.3,73.2,65,29,0.99,14584,0,0
7/26/2009 17:20,211,6.8,7.8,73,66,29,0.99,14584,0,0
7/26/2009 17:30,226,10,10.6,72.6,66,29,0.99,14584,0,0
7/26/2009 17:40,230,7.9,8.8,72.3,67,29,0.99,14584,0,0
7/26/2009 17:50,175,4.8,6.4,71.6,72,29,0.99,14584,0,0
7/26/2009 18:00,171,6.4,7.2,70.5,78,29,0.99,14584,0,0
7/26/2009 18:10,178,9.7,11.1,69.8,81,29,0.99,14584,0,0
7/26/2009 18:20,188,5.6,6.7,69.2,82,29,0.99,14584,0,0
7/26/2009 18:30,164,11.2,12.7,69,82,29,0.99,14584,0,0
7/26/2009 18:40,176,8.1,8.7,68.9,83,29,0.99,14584,0,0
7/26/2009 18:50,174,14.4,15.8,68.9,82,29,0.99,14584,0,0
7/26/2009 19:00,199,6.3,7.8,68.7,82,29,0.99,14584,0,0
7/26/2009 19:10,185,16,17.8,68.5,81,29,0.99,14584,0,0
7/26/2009 19:20,178,8.2,10.7,68.3,80,29,0.99,14604,0,0
7/26/2009 19:30,190,9.2,10.8,67.8,82,29,1.01,14944,0,0
7/26/2009 19:40,161,5.3,7.3,67.4,82,29,1.01,14944,0,0
7/26/2009 19:50,181,5,5.7,67.1,83,29,1.01,14944,0,0
7/26/2009 20:00,149,3.3,4.5,66.7,84,29,1.01,14944,0,0
7/26/2009 20:10,216,10.5,12.4,66.9,82,29,1.01,14944,0,0
7/26/2009 20:20,209,16.4,17.2,67.2,80,29,1.01,14944,0,0
7/26/2009 20:30,249,12.1,13.1,67.8,79,29,1.01,14944,0,0
7/26/2009 20:40,86,5.9,6.8,66.9,83,29,1.01,15154,0,0
7/26/2009 20:50,187,5.5,8.4,66,86,29,1.01,15214,0,0
7/26/2009 21:00,202,7.8,8.6,65.4,88,29,0,15214,0,0
7/26/2009 21:10,223,11.4,13,65.6,88,29,0,15214,0,0
7/26/2009 21:20,205,10.9,11.6,65.8,87,29,0,15214,0,0
7/26/2009 21:30,176,5.8,7.1,65.6,87,29,0,15214,0,0
7/26/2009 21:40,201,11,12.3,65.4,87,29,0,15214,0,0
7/26/2009 21:50,188,7.2,9,65.3,87,29,0,15214,0,0
7/26/2009 22:00,209,8.5,9.5,64.9,88,29,0,15214,0,0
7/26/2009 22:10,192,9.6,10.6,64.7,88,29,0,15214,0,0
7/26/2009 22:20,206,7.2,7.9,64.5,89,29,0,15214,0,0
7/26/2009 22:30,202,7.3,8.1,64.4,89,29,0,15214,0,0
7/26/2009 22:40,203,8.7,9.2,64.4,90,29,0,15214,0,0
7/26/2009 22:50,217,8.7,9.2,64.4,89,29,0,15214,0,0
7/26/2009 23:00,184,3.8,5.3,64.4,90,29,0,15214,0,0
7/26/2009 23:10,189,6.9,7.5,64.2,90,29,0,15214,0,0
7/26/2009 23:20,179,3.7,4.9,64.2,90,29,0,15214,0,0
7/26/2009 23:30,188,8,8.9,64,91,29,0,15214,0,0
7/26/2009 23:40,196,7.3,7.7,64,90,29,0,15214,0,0
7/26/2009 23:50,195,8.7,10.3,64.2,89,29,0,15214,0,0
7/27/2009 0:00,187,9.7,10.4,64.2,89,29,0,15214,0,0
7/27/2009 0:10,200,11.2,12,64.2,89,29,0,15214,0,0
7/27/2009 0:20,179,6.3,8.6,64.4,89,29,0,15214,0,0
7/27/2009 0:30,188,6.2,7.5,64.4,89,29,0,15214,0,0
7/27/2009 0:40,203,8.2,8.8,64.5,89,29,0,15414,0,0
7/27/2009 0:50,204,5.7,6.3,64.5,89,29,0,15464,0,0
7/27/2009 1:00,182,9.1,10.4,64.5,89,29,0,15464,0,0
7/27/2009 1:10,205,9.3,10,64.5,89,29,0,15464,0,0
7/27/2009 1:20,172,6.9,9,64.5,89,29,0,15464,0,0
7/27/2009 1:30,193,5.8,7.1,64.5,88,29,0,15464,0,0
7/27/2009 1:40,175,9,9.9,64.5,88,29.1,0,15464,0,0
7/27/2009 1:50,188,5.9,8.9,64.4,88,29.1,0,15464,0,0
7/27/2009 2:00,4,2.7,3.6,64.4,88,29.1,0,15464,0,0
7/27/2009 2:10,209,10.4,11.2,64.4,87,29.1,0,15464,0,0
7/27/2009 2:20,194,7.3,8.3,64.2,87,29.1,0,15464,0,0
7/27/2009 2:30,193,6.2,7.3,64.2,87,29.1,0,15464,0,0
7/27/2009 2:40,194,10.5,11.3,64.2,87,29.1,0,15464,0,0
7/27/2009 2:50,218,10.2,10.7,64.5,85,29.1,0,15464,0,0
7/27/2009 3:00,216,7.3,8,64.5,86,29.1,0,15464,0,0
7/27/2009 3:10,210,12.3,12.7,64.5,85,29.1,0,15464,0,0
7/27/2009 3:20,210,7.5,9.5,64.2,86,29.1,0,15464,0,0
7/27/2009 3:30,194,8.9,9.5,64.2,86,29.1,0,15464,0,0
7/27/2009 3:40,183,8.5,9.6,64.2,86,29.1,0,15464,0,0
7/27/2009 3:50,214,6,8.1,64.4,86,29.1,0,15464,0,0
7/27/2009 4:00,192,6.4,7.9,64.5,85,29.1,0,15464,0,0
7/27/2009 4:10,203,6.4,6.9,64.9,84,29.1,0,15464,0,0
7/27/2009 4:20,216,7,8,65.3,84,29.1,0,15464,0,0
7/27/2009 4:30,196,4.4,5.3,65.6,83,29.1,0,15464,0,0
7/27/2009 4:40,192,8.6,9.5,66.3,81,29.1,0,15464,0,0
7/27/2009 4:50,203,7.3,9.3,66.9,80,29.1,0,15464,0,0
7/27/2009 5:00,216,9.4,11.1,66.7,81,29.1,0,15464,0,0
7/27/2009 5:10,210,6.8,7.8,67.1,81,29.1,0,15464,0,0
7/27/2009 5:20,228,4.8,6.2,67.4,80,29.1,0,15464,0,0
7/27/2009 5:30,230,16.7,18.2,68,79,29.1,0,15464,0,0
7/27/2009 5:40,249,19.2,20.5,68,79,29.1,0,15464,0,0
7/27/2009 5:50,246,12.7,13.8,68,80,29.1,0,15464,0,0
7/27/2009 6:00,252,19.6,21.5,68.1,80,29.1,0,15464,0,0
7/27/2009 6:10,245,11.7,14.2,68.3,81,29.1,0,15464,0,0
7/27/2009 6:20,245,20.2,21.9,68.7,81,29.1,0,15464,0,0
7/27/2009 6:30,282,14.5,17.9,69,80,29.1,0,15464,0,0
7/27/2009 6:40,235,19.9,22.7,68.7,80,29.1,0,15464,0,0
7/27/2009 6:50,229,17.5,19.9,69,76,29.1,0,15464,0,0
7/27/2009 7:00,289,5.8,10.3,69.2,78,29.1,0,15464,0,0
7/27/2009 7:10,278,16.3,17.6,68.3,81,29.1,0,15464,0,0
7/27/2009 7:20,282,15.9,17.9,69,82,29.1,0,15464,0,0
7/27/2009 7:30,270,11.7,13.8,69.6,75,29.1,0,15464,0,0
7/27/2009 7:40,251,13.6,15,69.6,74,29.1,0,15464,0,0
7/27/2009 7:50,259,7.6,9.4,69.8,75,29.1,0,15464,0,0
7/27/2009 8:00,263,17.4,19.1,69.4,75,29.1,0,15464,0,0
7/27/2009 8:10,246,13,14.9,69.8,75,29.1,0,15464,0,0
7/27/2009 8:20,258,18.4,20.2,69.8,74,29.1,0,15464,0,0
7/27/2009 8:30,280,11.6,11.9,69.9,72,29.1,0,15464,0,0
7/27/2009 8:40,257,14.1,15.8,70.3,72,29.1,0,15464,0,0
7/27/2009 8:50,289,8.8,10.2,70.5,73,29.1,0,15464,0,0
7/27/2009 9:00,264,15.1,16.5,70.7,70,29.1,0,15464,0,0
7/27/2009 9:10,260,6.5,8.6,70.5,71,29.1,0,15464,0,0
7/27/2009 9:20,233,8.9,11,70.7,69,29.1,0,15464,0,0
7/27/2009 9:30,262,9.5,11.5,70.5,68,29.1,0,15464,0,0
7/27/2009 9:40,235,13.3,15.3,71,68,29.1,0,15464,0,0
7/27/2009 9:50,272,10.6,12.3,71,70,29.1,0,15464,0,0
7/27/2009 10:00,289,10.4,12.2,70.8,70,29.1,0,15464,0,0
7/27/2009 10:10,276,8.5,9.8,71,72,29.1,0,15464,0,0
7/27/2009 10:20,247,13.2,13.8,71,70,29.1,0,15464,0,0
7/27/2009 10:30,282,3.6,5.3,71.4,74,29.1,0,15464,0,0
7/27/2009 10:40,254,9.5,11.8,71.4,72,29.1,0,15464,0,0
7/27/2009 10:50,268,11.7,13.2,71.6,72,29.1,0,15464,0,0
7/27/2009 11:00,251,6.4,7.4,71.7,73,29.1,0,15464,0,0
7/27/2009 11:10,292,5.3,6,72.5,72,29.1,0,15464,0,0
7/27/2009 11:20,229,8,8.6,72.1,72,29.1,0,15464,0,0
7/27/2009 11:30,286,8.7,10.1,71.9,72,29.1,0,15464,0,0
7/27/2009 11:40,281,8.4,9.4,71.4,76,29.1,0,15464,0,0
7/27/2009 11:50,286,10.5,11,71.2,76,29.1,0,15464,0,0
7/27/2009 12:00,285,6.6,7.8,71.4,76,29.1,0,15464,0,0
7/27/2009 12:10,270,9.4,9.9,71.7,74,29.1,0,15464,0,0
7/27/2009 12:20,280,9.5,11,72.1,72,29.1,0,15464,0,0
7/27/2009 12:30,280,7.9,8.2,72.1,71,29.1,0,15464,0,0
7/27/2009 12:40,297,4.9,5.7,73,69,29.1,0,15464,0,0
7/27/2009 12:50,317,2.1,2.3,73.5,69,29.1,0,15464,0,0
7/27/2009 13:00,282,7.8,9,73,69,29.1,0,15464,0,0
7/27/2009 13:10,247,5.2,5.8,73.5,68,29.1,0,15464,0,0
7/27/2009 13:20,236,5.1,5.4,73.7,66,29.1,0,15464,0,0
7/27/2009 13:30,266,7.6,7.8,73.2,63,29.1,0,15464,0,0
7/27/2009 13:40,254,7.6,7.9,73.2,61,29.1,0,15464,0,0
7/27/2009 13:50,304,1.9,3.4,73.5,65,29.1,0,15464,0,0
7/27/2009 14:00,279,7.6,8.3,73.4,64,29.1,0,15464,0,0
7/27/2009 14:10,276,4.3,4.6,73.4,66,29.1,0,15464,0,0
7/27/2009 14:20,299,5.2,5.6,73.4,68,29.1,0,15464,0,0
7/27/2009 14:30,274,4.4,5,73.7,65,29.1,0,15464,0,0
7/27/2009 14:40,265,4.8,5.1,74.3,64,29.1,0,15464,0,0
7/27/2009 14:50,257,2.2,3.2,74.1,58,29.1,0,15464,0,0
7/27/2009 15:00,247,5.6,6,74.6,57,29.1,0,15464,0,0
7/27/2009 15:10,241,5.4,7.3,75,55,29.1,0,15464,0,0
7/27/2009 15:20,240,6.9,7.4,75.5,53,29.1,0,15464,0,0
7/27/2009 15:30,229,4.4,4.9,75.9,54,29.1,0,15464,0,0
7/27/2009 15:40,247,6.5,8.4,76.4,53,29.1,0,15464,0,0
7/27/2009 15:50,221,8.6,9.1,76.6,51,29.1,0,15464,0,0
7/27/2009 16:00,193,3,4.3,77,51,29.1,0,15464,0,0
7/27/2009 16:10,172,3.9,4.5,77.1,50,29.1,0,15464,0,0
7/27/2009 16:20,168,2.4,3.1,77.5,51,29.1,0,15464,0,0
7/27/2009 16:30,225,4.2,4.5,77.1,51,29.1,0,15464,0,0
7/27/2009 16:40,262,5.5,5.7,77,53,29.1,0,15464,0,0
7/27/2009 16:50,256,5.5,6.1,75.9,58,29.1,0,15464,0,0
7/27/2009 17:00,225,3.2,3.5,75.7,58,29.1,0,15464,0,0
7/27/2009 17:10,215,5,5.3,75.7,53,29.1,0,15464,0,0
7/27/2009 17:20,205,2.7,3.1,75.7,56,29.1,0,15464,0,0
7/27/2009 17:30,178,3.6,3.9,75.3,58,29.1,0,15464,0,0
7/27/2009 17:40,168,4.6,5.4,75,58,29.1,0,15464,0,0
7/27/2009 17:50,165,6.3,6.7,75,59,29.1,0,15464,0,0
7/27/2009 18:00,164,5.3,6.3,75,60,29.1,0,15464,0,0
7/27/2009 18:10,164,6.4,7.4,74.8,60,29.1,0,15464,0,0
7/27/2009 18:20,167,5.3,5.6,74.1,62,29.1,0,15464,0,0
7/27/2009 18:30,155,5.3,5.7,73.7,63,29.1,0,15464,0,0
7/27/2009 18:40,147,5.7,6.5,73.2,64,29.1,0,15464,0,0
7/27/2009 18:50,177,5.6,7.4,73,66,29.1,0,15464,0,0
7/27/2009 19:00,160,6.6,7.7,72.3,68,29.1,0,15464,0,0
7/27/2009 19:10,159,9.8,10.6,71.7,72,29.1,0,15464,0,0
7/27/2009 19:20,176,8.2,9.7,71.4,73,29.1,0,15464,0,0
7/27/2009 19:30,193,5.9,8.3,71.4,72,29.1,0,15464,0,0
7/27/2009 19:40,171,8.7,10.6,71.7,71,29.1,0,15464,0,0
7/27/2009 19:50,166,8,9.8,71.7,70,29.1,0,15464,0,0
7/27/2009 20:00,169,7.6,8.9,71.7,69,29.1,0,15464,0,0
7/27/2009 20:10,178,7.2,8.1,71.7,69,29.1,0,15464,0,0
7/27/2009 20:20,183,8.3,11.3,71.9,67,29.1,0,15464,0,0
7/27/2009 20:30,190,14.5,16.3,72.1,66,29.1,0,15464,0,0
7/27/2009 20:40,188,15.1,16.1,72.3,66,29.1,0,15464,0,0
7/27/2009 20:50,179,13.6,14,72.3,65,29.1,0,15464,0,0
7/27/2009 21:00,160,7.9,10.5,72.3,64,29.1,0,15464,0,0
7/27/2009 21:10,180,10.3,10.7,72.1,64,29.1,0,15464,0,0
7/27/2009 21:20,174,7.8,9.4,71.9,65,29.1,0,15464,0,0
7/27/2009 21:30,183,8.4,9,71.6,66,29.1,0,15464,0,0
7/27/2009 21:40,169,7.6,10,71.4,67,29.1,0,15464,0,0
7/27/2009 21:50,171,11.1,12.3,71.4,66,29.1,0,15464,0,0
7/27/2009 22:00,188,8.7,10.6,71.6,66,29.1,0,15464,0,0
7/27/2009 22:10,217,5.8,8.6,71.6,66,29.1,0,15464,0,0
7/27/2009 22:20,177,10.6,11.2,71.6,66,29.1,0,15464,0,0
7/27/2009 22:30,172,10.9,12.3,71.4,67,29.1,0,15464,0,0
7/27/2009 22:40,181,15,15.8,71.4,67,29.1,0,15464,0,0
7/27/2009 22:50,185,11.5,13,71.4,68,29.1,0,15464,0,0
7/27/2009 23:00,175,10.2,13.4,71.2,68,29.1,0,15464,0,0
7/27/2009 23:10,192,10.6,12,71.2,69,29.1,0,15464,0,0
7/27/2009 23:20,151,8.6,10.9,71,69,29.1,0,15464,0,0
7/27/2009 23:30,179,12.3,14,71,69,29.1,0,15464,0,0
7/27/2009 23:40,192,12.9,14.9,70.8,70,29.1,0,15464,0,0
7/27/2009 23:50,197,11.9,12.9,70.8,70,29.1,0,15464,0,0
7/28/2009 0:00,197,11.5,13.5,70.7,70,29.1,0,15464,0,0
7/28/2009 0:10,174,9.5,12.9,70.7,70,29.1,0,15464,0,0
7/28/2009 0:20,188,12.7,14.5,70.7,70,29.1,0,15464,0,0
7/28/2009 0:30,179,7.9,10,70.7,70,29.1,0,15464,0,0
7/28/2009 0:40,184,12.9,13.8,70.5,71,29.1,0,15464,0,0
7/28/2009 0:50,186,13.1,14.7,70.3,72,29.1,0,15464,0,0
7/28/2009 1:00,159,9.9,12.2,70.3,72,29.1,0,15464,0,0
7/28/2009 1:10,182,9.6,11.2,69.9,73,29.1,0,15464,0,0
7/28/2009 1:20,169,8.6,11.1,69.9,73,29.1,0,15464,0,0
7/28/2009 1:30,339,5,6.2,69.8,74,29.1,0,15464,0,0
7/28/2009 1:40,178,11.2,14.8,69.8,74,29.1,0,15464,0,0
7/28/2009 1:50,169,9.4,13.1,69.9,74,29.1,0,15464,0,0
7/28/2009 2:00,186,7.8,9.1,69.6,75,29.1,0,15464,0,0
7/28/2009 2:10,180,11,12,69.4,76,29.1,0,15464,0,0
7/28/2009 2:20,168,8.2,10.1,69,76,29.1,0,15464,0,0
7/28/2009 2:30,163,8.5,9,69,76,29.1,0,15464,0,0
7/28/2009 2:40,174,5.6,10.2,69.2,76,29.1,0,15464,0,0
7/28/2009 2:50,178,9.7,11.7,69.2,76,29.1,0,15464,0,0
7/28/2009 3:00,165,11.4,12.4,69,77,29.1,0,15464,0,0
7/28/2009 3:10,173,11,13.3,69,77,29.1,0,15464,0,0
7/28/2009 3:20,177,8.4,9,68.9,77,29.1,0,15464,0,0
7/28/2009 3:30,181,8.6,9.2,69.2,76,29.1,0,15464,0,0
7/28/2009 3:40,161,9.2,9.8,69.4,76,29.1,0,15464,0,0
7/28/2009 3:50,181,5.7,7.9,69.6,76,29.1,0,15464,0,0
7/28/2009 4:00,164,5.3,7,69.8,75,29.1,0,15464,0,0
7/28/2009 4:10,190,11.4,11.9,70.1,74,29.1,0,15464,0,0
7/28/2009 4:20,193,10.3,11.2,70.8,73,29.1,0,15464,0,0
7/28/2009 4:30,203,10.3,11.2,71.2,72,29.1,0,15464,0,0
7/28/2009 4:40,171,2.4,3.3,71.6,72,29.1,0,15494,0,0
7/28/2009 4:50,184,11.9,12.8,71.9,71,29.1,0,15494,0,0
7/28/2009 5:00,185,13,14,72.5,71,29.1,0,15494,0,0
7/28/2009 5:10,193,12.1,13,72.8,70,29.1,0,15494,0,0
7/28/2009 5:20,280,3.5,5.7,73.5,68,29.1,0,15494,0,0
7/28/2009 5:30,186,8.7,10.5,73.9,69,29.1,0,15494,0,0
7/28/2009 5:40,177,2.3,4.4,74.1,68,29.1,0,15494,0,0
7/28/2009 5:50,198,8,8.9,74.1,67,29.1,0,15494,0,0
7/28/2009 6:00,198,10.3,11.7,74.4,67,29.1,0,15494,0,0
7/28/2009 6:10,157,4.9,7.2,75,66,29.1,0,15494,0,0
7/28/2009 6:20,181,12.2,13,75.3,65,29.1,0,15494,0,0
7/28/2009 6:30,215,8.4,9.8,75.7,65,29.1,0,15494,0,0
7/28/2009 6:40,180,6.8,8,76.2,64,29.1,0,15494,0,0
7/28/2009 6:50,75,4.4,5.2,76.2,63,29.1,0,15494,0,0
7/28/2009 7:00,214,13.1,14.2,76.6,63,29.1,0,15494,0,0
7/28/2009 7:10,214,11.9,12.4,77.5,60,29.1,0,15494,0,0
7/28/2009 7:20,212,7.6,9.7,77.9,60,29.1,0,15494,0,0
7/28/2009 7:30,185,7.2,8.9,78.2,58,29.1,0,15494,0,0
7/28/2009 7:40,194,9.1,11.5,78.2,57,29.1,0,15494,0,0
7/28/2009 7:50,203,6.5,7.5,78.8,60,29.1,0,15494,0,0
7/28/2009 8:00,229,3.7,4.6,78.6,58,29.1,0,15494,0,0
7/28/2009 8:10,213,11.5,13.4,78.8,58,29.1,0,15494,0,0
7/28/2009 8:20,257,5.5,7.2,78.4,58,29.1,0,15494,0,0
7/28/2009 8:30,215,10,13.2,78.9,56,29.1,0,15494,0,0
7/28/2009 8:40,207,17.2,19.2,79.8,54,29.1,0,15494,0,0
7/28/2009 8:50,208,18.3,21.7,79.1,53,29.1,0,15494,0,0
7/28/2009 9:00,228,7.9,9.5,79.5,54,29.1,0,15494,0,0
7/28/2009 9:10,223,20.1,22.1,79.8,51,29.1,0,15494,0,0
7/28/2009 9:20,213,13,15,80.2,54,29.1,0,15494,0,0
7/28/2009 9:30,200,10.3,12.4,80.6,51,29.1,0,15494,0,0
7/28/2009 9:40,243,3.5,4.3,80.7,52,29.1,0,15494,0,0
7/28/2009 9:50,213,10.3,10.9,80.6,50,29.1,0,15494,0,0
7/28/2009 10:00,235,15.7,16.8,80.4,51,29.1,0,15494,0,0
7/28/2009 10:10,229,13.9,15.2,80.7,51,29.1,0,15494,0,0
7/28/2009 10:20,212,18.2,18.8,80.6,51,29,0,15494,0,0
7/28/2009 10:30,173,12,14.9,81.5,50,29,0,15494,0,0
7/28/2009 10:40,208,5.2,6.1,81.5,52,29.1,0,15494,0,0
7/28/2009 10:50,236,9.1,11.7,81.6,52,29,0,15494,0,0
7/28/2009 11:00,284,9.7,10.7,76.8,65,29,0,15494,0,0
7/28/2009 11:10,276,13.3,14.9,76.6,66,29,0,15494,0,0
7/28/2009 11:20,291,3.9,8.8,76.2,68,29,0,15494,0,0
7/28/2009 11:30,268,3.9,4.3,76.4,67,29,0,15494,0,0
7/28/2009 11:40,254,5.7,6.1,76.6,67,29,0,15494,0,0
7/28/2009 11:50,242,7.3,7.9,76.2,66,29,0,15494,0,0
7/28/2009 12:00,270,10.4,10.8,76.4,65,29,0,15494,0,0
7/28/2009 12:10,268,6.6,7.4,77,64,29,0,15494,0,0
7/28/2009 12:20,273,7.6,8.3,77,64,29,0,15494,0,0
7/28/2009 12:30,311,2.9,4,76.8,66,29,0,15494,0,0
7/28/2009 12:40,291,8.4,9.2,76.2,67,29,0,15494,0,0
7/28/2009 12:50,294,5.2,6.6,76.4,68,29,0,15494,0,0
7/28/2009 13:00,292,6.3,7.8,76.6,67,29,0,15494,0,0
7/28/2009 13:10,250,7.9,9.3,77.7,63,29,0,15494,0,0
7/28/2009 13:20,287,11,11.9,77,65,29,0,15494,0,0
7/28/2009 13:30,297,7,8,76.8,68,29,0,15494,0,0
7/28/2009 13:40,280,8.9,9.2,76.1,71,29,0,15494,0,0
7/28/2009 13:50,262,7.2,8.2,77.1,66,29,0,15494,0,0
7/28/2009 14:00,263,7.5,8.8,77.1,68,29,0,15494,0,0
7/28/2009 14:10,273,3.5,4.6,77.5,68,29,0,15494,0,0
7/28/2009 14:20,264,5.8,6.2,77.1,66,29,0,15494,0,0
7/28/2009 14:30,262,5.2,5.7,76.8,69,29,0,15494,0,0
7/28/2009 14:40,279,8.1,8.8,77.3,67,29,0,15494,0,0
7/28/2009 14:50,274,4.7,5.2,77.3,68,29,0,15494,0,0
7/28/2009 15:00,292,7.6,8.1,77.5,66,29,0,15494,0,0
7/28/2009 15:10,252,14.3,16.3,78,60,29,0,15494,0,0
7/28/2009 15:20,230,5.4,7.7,80,59,29,0,15494,0,0
7/28/2009 15:30,224,7.4,8.5,81.1,52,29,0,15494,0,0
7/28/2009 15:40,195,9.7,10.6,82.4,50,29,0,15494,0,0
7/28/2009 15:50,196,8.9,9.7,82,50,29,0,15494,0,0
7/28/2009 16:00,345,3.4,4.9,81.6,50,29,0,15494,0,0
7/28/2009 16:10,157,5.1,7.2,81.3,51,29,0,15494,0,0
7/28/2009 16:20,198,8.9,10.9,81.3,50,29,0,15494,0,0
7/28/2009 16:30,219,9,10,81.1,50,29,0,15494,0,0
7/28/2009 16:40,225,4.4,5.1,80.7,51,29,0,15494,0,0
7/28/2009 16:50,225,3.5,6.4,80.4,52,29,0,15494,0,0
7/28/2009 17:00,197,7.9,8.3,80.2,53,29,0,15494,0,0
7/28/2009 17:10,172,5.5,6.2,79.8,54,29,0,15494,0,0
7/28/2009 17:20,186,5.3,7.4,79.5,55,29,0,15494,0,0
7/28/2009 17:30,185,7.9,8.6,78.9,56,29,0,15494,0,0
7/28/2009 17:40,183,8.8,10.1,78.8,57,29,0,15494,0,0
7/28/2009 17:50,178,6.9,8.4,78.6,57,29,0,15494,0,0
7/28/2009 18:00,145,4.1,4.6,78.2,58,29,0,15494,0,0
7/28/2009 18:10,187,7.8,8.9,77.9,58,29,0,15494,0,0
7/28/2009 18:20,159,10,11.3,77.5,59,29,0,15494,0,0
7/28/2009 18:30,188,10.9,12,77.1,60,29,0,15494,0,0
7/28/2009 18:40,182,10.2,10.5,77,60,29,0,15494,0,0
7/28/2009 18:50,184,15.8,17,77,59,29,0,15494,0,0
7/28/2009 19:00,156,8.4,9.6,76.8,59,29,0,15494,0,0
7/28/2009 19:10,184,9.3,11.5,76.8,59,29,0,15494,0,0
7/28/2009 19:20,181,12.5,14,76.6,59,29,0,15494,0,0
7/28/2009 19:30,188,8,10.7,76.6,59,29,0,15494,0,0
7/28/2009 19:40,193,10.6,11.5,76.2,60,29,0,15494,0,0
7/28/2009 19:50,178,10.6,11.9,76.1,61,29,0,15494,0,0
7/28/2009 20:00,190,6.3,9.2,76.1,61,29,0,15494,0,0
7/28/2009 20:10,164,5.8,7.1,76.1,61,29,0,15494,0,0
7/28/2009 20:20,192,12.4,14.3,76.1,61,29,0,15494,0,0
7/28/2009 20:30,183,13.7,14.6,76.2,61,29,0,15494,0,0
7/28/2009 20:40,199,9,10.4,76.2,61,29,0,15494,0,0
7/28/2009 20:50,174,5.1,6.3,76.4,61,29,0,15494,0,0
7/28/2009 21:00,202,9.7,10.8,76.2,61,29,0,15494,0,0
7/28/2009 21:10,232,5.1,7,76.2,61,29,0,15494,0,0
7/28/2009 21:20,168,10.7,12.6,75.9,62,29,0,15494,0,0
7/28/2009 21:30,201,7.1,7.9,75.5,63,29,0,15494,0,0
7/28/2009 21:40,174,6.6,8.2,75.3,63,29,0,15494,0,0
7/28/2009 21:50,185,8.4,11.8,75.3,63,29,0,15494,0,0
7/28/2009 22:00,169,11.1,14.1,75,63,29,0,15494,0,0
7/28/2009 22:10,149,7.7,10.9,75,63,29,0,15494,0,0
7/28/2009 22:20,183,10.6,11.9,74.8,63,29,0,15494,0,0
7/28/2009 22:30,190,9.3,9.8,74.4,64,29,0,15494,0,0
7/28/2009 22:40,184,8.5,11.1,74.4,64,29,0,15494,0,0
7/28/2009 22:50,188,14.8,15.7,74.3,64,29,0,15494,0,0
7/28/2009 23:00,190,11.9,14.2,74.1,65,29,0,15494,0,0
7/28/2009 23:10,189,11,12.2,73.9,66,29,0,15494,0,0
7/28/2009 23:20,167,13.1,14.3,74.1,66,29,0,15494,0,0
7/28/2009 23:30,205,7.7,10.2,73.9,66,29,0,15494,0,0
7/28/2009 23:40,186,11.9,12.9,74.1,66,29,0,15494,0,0
7/28/2009 23:50,185,10.6,11.4,73.7,66,29,0,15494,0,0
7/29/2009 0:00,194,8.7,9.4,73.4,67,29,0,15494,0,0
7/29/2009 0:10,196,10.7,11.5,73.2,68,29,0,15494,0,0
7/29/2009 0:20,191,8.3,11.3,73,69,29,0,15494,0,0
7/29/2009 0:30,212,5.3,6.9,73,69,29,0,15494,0,0
7/29/2009 0:40,185,5.5,7.2,73,70,29,0,15494,0,0
7/29/2009 0:50,185,6.9,8.8,72.8,70,29,0,15494,0,0
7/29/2009 1:00,201,7,8.1,73,71,29,0,15494,0,0
7/29/2009 1:10,185,11.4,12.4,73,71,29,0,15494,0,0
7/29/2009 1:20,161,8.6,10,73,71,29,0,15494,0,0
7/29/2009 1:30,189,9.8,10.5,72.8,72,29,0,15494,0,0
7/29/2009 1:40,173,8.2,8.7,72.8,72,29,0,15494,0,0
7/29/2009 1:50,167,9,10.2,72.6,73,29,0,15494,0,0
7/29/2009 2:00,177,8.5,9.5,72.5,73,29,0,15494,0,0
7/29/2009 2:10,166,7.1,8.7,72.5,73,29,0,15494,0,0
7/29/2009 2:20,187,7.6,9.1,72.3,74,29,0,15494,0,0
7/29/2009 2:30,190,9.3,10.9,72.1,74,29,0,15494,0,0
7/29/2009 2:40,162,9.6,10.6,72.1,73,29,0,15494,0,0
7/29/2009 2:50,170,8.6,9.2,71.9,74,29,0,15494,0,0
7/29/2009 3:00,152,4.9,6.3,71.7,75,29,0,15494,0,0
7/29/2009 3:10,178,8.7,9.3,71.6,75,29,0,15494,0,0
7/29/2009 3:20,164,4.7,6.1,71.6,75,29,0,15494,0,0
7/29/2009 3:30,174,7.3,7.8,71.6,75,29,0,15494,0,0
7/29/2009 3:40,154,7.1,8.7,71.4,76,29,0,15494,0,0
7/29/2009 3:50,196,2.6,3.7,71.4,76,29,0,15494,0,0
7/29/2009 4:00,153,5.4,6.4,71.6,76,29,0,15494,0,0
7/29/2009 4:10,176,4.5,5.7,71.4,76,29,0,15494,0,0
7/29/2009 4:20,181,7.7,8.2,71.4,76,29,0,15494,0,0
7/29/2009 4:30,149,4.8,5.5,71.4,76,29,0,15494,0,0
7/29/2009 4:40,193,6.6,7.2,71.4,76,29,0,15494,0,0
7/29/2009 4:50,193,5.5,5.9,71.4,77,29,0,15494,0,0
7/29/2009 5:00,163,2.6,3.4,71.4,77,29,0,15494,0,0
7/29/2009 5:10,138,1.8,2.5,71.4,78,29,0,15494,0,0
7/29/2009 5:20,167,3.6,4.2,71.4,78,29,0,15494,0,0
7/29/2009 5:30,158,5.3,6.1,71.4,78,29,0,15494,0,0
7/29/2009 5:40,141,3.5,4.6,71.4,78,29,0,15544,0,0
7/29/2009 5:50,162,5.1,5.7,71.4,79,29,0,15564,0,0
7/29/2009 6:00,177,2.9,5,71.2,80,29,0,15564,0,0
7/29/2009 6:10,157,3.5,4.4,71.2,81,29,0,15594,0,0
7/29/2009 6:20,130,3.1,4.4,71.2,82,29,0,15904,0,0
7/29/2009 6:30,170,6.6,7.7,70.8,83,29,0,16014,0,0
7/29/2009 6:40,321,3.6,7.7,70.5,84,29,0,16304,0.06,0.06
7/29/2009 6:50,200,2.8,4.3,70.3,86,29,0.01,16564,0,0
7/29/2009 7:00,159,6.6,7.3,70.1,87,29,0.01,16844,0.02,0.02
7/29/2009 7:10,192,3.8,5.3,70.1,88,29,0.01,17094,0,0
7/29/2009 7:20,189,5.4,6.2,70.3,87,29,0.01,17154,0,0
7/29/2009 7:30,155,7.8,8.7,70.5,88,29,0.01,17194,0,0
7/29/2009 7:40,152,5.4,7.5,70.7,88,29,0.01,17684,0.02,0.02
7/29/2009 7:50,176,8.1,9.2,70.8,88,29,0.01,17924,0,0
7/29/2009 8:00,203,5.1,6.5,71,88,29,0.01,17924,0,0
7/29/2009 8:10,145,5.3,6.1,71,88,29,0.01,17924,0,0
7/29/2009 8:20,158,7.5,8.2,71.4,87,29,0.01,17924,0,0
7/29/2009 8:30,149,7,7.7,71.9,87,29,0.01,17924,0,0
7/29/2009 8:40,118,4,5.7,71.9,87,29,0.01,17924,0,0
7/29/2009 8:50,207,2.8,3.8,72.3,86,29,0.01,17924,0,0
7/29/2009 9:00,209,1.6,2.3,72.3,86,29,0.01,17924,0,0
7/29/2009 9:10,186,8.1,8.9,72.6,84,29,0.01,17924,0,0
7/29/2009 9:20,191,6.9,8.1,72.8,84,29,0.01,17934,0,0
7/29/2009 9:30,179,5.7,6.8,72.5,85,29,0.01,18004,0,0
7/29/2009 9:40,189,8,8.5,72.3,84,29,0.01,18074,0,0
7/29/2009 9:50,196,5,6.1,72.1,86,29,0.01,18094,0,0
7/29/2009 10:00,218,1.8,2.2,72.5,87,28.9,0.01,18094,0,0
7/29/2009 10:10,173,5,5.8,73,84,28.9,0.01,18094,0,0
7/29/2009 10:20,156,6.8,7.3,73.5,82,28.9,0.01,18094,0,0
7/29/2009 10:30,185,4.3,5.7,74.1,80,28.9,0.01,18094,0,0
7/29/2009 10:40,178,8,8.6,74.1,77,28.9,0.01,18094,0,0
7/29/2009 10:50,209,7,7.3,73.7,78,28.9,0.01,18094,0,0
7/29/2009 11:00,190,4,4.9,73.9,78,28.9,0.01,18094,0,0
7/29/2009 11:10,212,3.8,5.1,73.5,80,28.9,0.01,18234,0,0
7/29/2009 11:20,272,2,2.8,73.5,84,28.9,0.01,18234,0,0
7/29/2009 11:30,321,4.1,4.4,72.5,87,28.9,0.01,18244,0,0
7/29/2009 11:40,321,4.2,4.6,71.6,90,28.9,0.01,18244,0,0
7/29/2009 11:50,284,5.6,5.9,71.6,90,28.9,0.01,18364,0.03,0.03
7/29/2009 12:00,276,7.1,7.9,70.8,92,28.9,0.02,18624,0.03,0.03
7/29/2009 12:10,315,2.9,3.9,70.5,93,28.9,0.02,19154,0.01,0.01
7/29/2009 12:20,265,6.8,7.1,70.3,93,28.9,0.04,19724,0.36,0.36
7/29/2009 12:30,235,4.4,4.7,69.8,95,28.9,0.27,20324,0.44,0.44
7/29/2009 12:40,74,0.8,1.8,69.8,95,28.9,0.31,20704,0,0
7/29/2009 12:50,262,5.4,6.3,69.6,93,28.9,0.31,20944,0,0
7/29/2009 13:00,273,7,7.6,69.9,92,28.9,0.32,21414,0.04,0.04
7/29/2009 13:10,283,7.2,7.5,70.1,94,28.9,0.33,22004,0.03,0.03
7/29/2009 13:20,308,3.4,5.2,70.1,94,28.9,0.33,22264,0,0
7/29/2009 13:30,280,7.2,7.9,70.1,93,28.9,0.33,22384,0,0
7/29/2009 13:40,290,10.5,11.9,70.1,94,28.9,0.33,22404,0,0
7/29/2009 13:50,332,6,7,69.9,94,28.9,0.33,22544,0,0
7/29/2009 14:00,310,10,10.5,70.1,95,28.9,0.33,22764,0,0
7/29/2009 14:10,298,11.6,12.4,70.1,95,28.9,0.33,23034,0,0
7/29/2009 14:20,294,8.7,9.4,69.9,94,28.9,0.33,23134,0,0
7/29/2009 14:30,296,6.6,7.5,69.9,94,28.9,0.33,23194,0,0
7/29/2009 14:40,308,4.6,5.3,69.9,93,28.9,0.33,23604,0.01,0.01
7/29/2009 14:50,319,5.7,6.5,69.9,92,29,0.33,24104,0.01,0.01
7/29/2009 15:00,314,4.1,4.4,70.1,92,29,0.34,24354,0.01,0.01
7/29/2009 15:10,304,4,4.4,70.1,92,29,0.34,24694,0,0
7/29/2009 15:20,267,2.8,3,70.1,92,29,0.34,24694,0,0
7/29/2009 15:30,267,4.4,5,70.1,91,29,0.34,24694,0,0
7/29/2009 15:40,234,3.5,4.1,70.1,90,29,0.34,24694,0,0
7/29/2009 15:50,258,4.6,5.4,70.1,90,29,0.34,24694,0,0
7/29/2009 16:00,291,5.4,5.9,70.1,91,29,0.34,24694,0,0
7/29/2009 16:10,274,6.3,6.7,70.1,91,29,0.34,24694,0,0
7/29/2009 16:20,272,4.1,4.6,70.1,91,29,0.34,24694,0,0
7/29/2009 16:30,273,5.4,5.9,70.1,91,29,0.34,24694,0,0
7/29/2009 16:40,273,3.7,4.5,70.1,92,29,0.34,24694,0,0
7/29/2009 16:50,282,7.3,8.3,70.1,92,29,0.34,24694,0,0
7/29/2009 17:00,270,5.5,7,70.1,92,29,0.34,24694,0,0
7/29/2009 17:10,267,6.1,6.8,70.1,93,29,0.34,24694,0,0
7/29/2009 17:20,279,4.7,5.2,69.9,93,29,0.34,24694,0,0
7/29/2009 17:30,319,3.9,4.4,69.9,94,29,0.34,24694,0,0
7/29/2009 17:40,272,5,5.4,69.9,94,29,0.34,24694,0,0
7/29/2009 17:50,282,6.7,8.3,69.9,94,29,0.34,24694,0,0
7/29/2009 18:00,286,3.5,4.4,69.9,94,29,0.34,24694,0,0
7/29/2009 18:10,292,4.5,5.2,69.9,94,29,0.34,24694,0,0
7/29/2009 18:20,268,6.6,7,70.1,93,29,0.34,24694,0,0
7/29/2009 18:30,297,6.9,7.3,70.1,93,29,0.34,24694,0,0
7/29/2009 18:40,311,4,4.7,70.1,94,29,0.34,24694,0,0
7/29/2009 18:50,336,4,4.5,70.1,94,29,0.34,24694,0,0
7/29/2009 19:00,283,2.9,3.2,69.9,92,29,0.34,24694,0,0
7/29/2009 19:10,306,2,2.3,69.9,93,29,0.34,24694,0,0
7/29/2009 19:20,301,3,3.3,69.9,93,29,0.34,24694,0,0
7/29/2009 19:30,350,2.1,2.4,69.6,94,29,0.34,24694,0,0
7/29/2009 19:40,76,0.4,0.9,69.6,94,29,0.34,24694,0,0
7/29/2009 19:50,275,2.8,3.1,69.4,94,29,0.34,24694,0,0
7/29/2009 20:00,246,2.2,2.6,69.4,94,29,0.34,24694,0,0
7/29/2009 20:10,199,2.2,2.4,69.2,94,29,0.34,24694,0,0
7/29/2009 20:20,242,3.3,3.6,69,96,29,0.34,24694,0,0
7/29/2009 20:30,225,3.8,4.2,69,95,29,0.34,24694,0,0
7/29/2009 20:40,202,4.2,4.6,68.5,95,29,0.34,24694,0,0
7/29/2009 20:50,185,3.7,4.6,68.1,96,29,0.34,24694,0,0
7/29/2009 21:00,191,5.4,5.9,68,96,29,0,24694,0,0
7/29/2009 21:10,190,3.4,3.9,67.8,95,29,0,24694,0,0
7/29/2009 21:20,218,6,6.6,67.8,95,29,0,24694,0,0
7/29/2009 21:30,207,5.3,5.7,67.8,95,29,0,24694,0,0
7/29/2009 21:40,194,5.3,6.6,67.8,94,29,0,24694,0,0
7/29/2009 21:50,179,3.9,4.5,67.8,93,29,0,24694,0,0
7/29/2009 22:00,183,4.2,5.5,67.8,93,29,0,24694,0,0
7/29/2009 22:10,206,5,5.7,67.8,92,29,0,24694,0,0
7/29/2009 22:20,196,6.2,7,68,92,29,0,24694,0,0
7/29/2009 22:30,209,5,5.5,67.6,93,29,0,24694,0,0
7/29/2009 22:40,240,7.1,8.5,67.8,94,29,0,24694,0,0
7/29/2009 22:50,223,3.6,4.4,68,94,29,0,24694,0,0
7/29/2009 23:00,159,1.6,2.1,68.5,92,29,0,24694,0,0
7/29/2009 23:10,216,2.1,2.4,68.9,90,29,0,24694,0,0
7/29/2009 23:20,197,5.6,6.4,68.1,92,29,0,24694,0,0
7/29/2009 23:30,172,2.3,2.9,67.6,93,29,0,24694,0,0
7/29/2009 23:40,228,3.2,3.6,68,91,29,0,24694,0,0
7/29/2009 23:50,237,2,2.3,68.3,89,29,0,24694,0,0
7/30/2009 0:00,301,1.5,1.8,68.1,88,29,0,24694,0,0
7/30/2009 0:10,168,3.3,3.6,67.8,91,29,0,24694,0,0
7/30/2009 0:20,188,4.5,4.7,66.5,94,29,0,24694,0,0
7/30/2009 0:30,195,5.4,5.8,66.2,95,29,0,24694,0,0
7/30/2009 0:40,199,4.1,4.7,66.2,95,29,0,24694,0,0
7/30/2009 0:50,193,4.5,4.8,66,95,29,0,24694,0,0
7/30/2009 1:00,196,4.9,5.3,65.8,96,29,0,24694,0,0
7/30/2009 1:10,188,4.6,4.8,65.6,96,29,0,24694,0,0
7/30/2009 1:20,149,4.6,5.3,65.3,96,29,0,24694,0,0
7/30/2009 1:30,158,4.1,4.6,64.9,97,29,0,24694,0,0
7/30/2009 1:40,176,4,4.6,64.7,97,29,0,24694,0,0
7/30/2009 1:50,152,4.6,5.1,64.7,97,29,0,24694,0,0
7/30/2009 2:00,166,4.9,5.2,64.5,97,29,0,24694,0,0
7/30/2009 2:10,161,5.3,5.9,64.7,98,29,0,24694,0,0
7/30/2009 2:20,173,2.5,4.2,64.7,98,29,0,24694,0,0
7/30/2009 2:30,161,4.8,6.7,64.9,98,29,0,24694,0,0
7/30/2009 2:40,166,5.5,6.5,65.1,98,29.1,0,24694,0,0
7/30/2009 2:50,169,5.4,6.5,65.3,98,29.1,0,24694,0,0
7/30/2009 3:00,177,7,7.4,65.4,98,29.1,0,24694,0,0
7/30/2009 3:10,161,8.2,9.3,65.6,98,29.1,0,24694,0,0
7/30/2009 3:20,163,7,7.3,65.6,97,29.1,0,24694,0,0
7/30/2009 3:30,159,6.5,7.5,65.8,97,29.1,0,24694,0,0
7/30/2009 3:40,149,3.8,5.2,66,96,29.1,0,24694,0,0
7/30/2009 3:50,154,3.9,4.5,66.3,95,29.1,0,24694,0,0
7/30/2009 4:00,158,7.3,8.7,66.3,94,29.1,0,24694,0,0
7/30/2009 4:10,153,10,10.7,66.3,93,29.1,0,24694,0,0
7/30/2009 4:20,169,3.7,4.4,66.3,93,29.1,0,24694,0,0
7/30/2009 4:30,172,8.8,11.2,66.5,92,29.1,0,24694,0,0
7/30/2009 4:40,188,9.5,10.2,66.3,93,29.1,0,24694,0,0
7/30/2009 4:50,184,9.7,10.2,66.3,93,29.1,0,24694,0,0
7/30/2009 5:00,187,7.6,8,66.7,92,29.1,0,24694,0,0
7/30/2009 5:10,157,5.5,6.8,67.2,91,29.1,0,24694,0,0
7/30/2009 5:20,187,5.3,6.6,67.2,90,29.1,0,24694,0,0
7/30/2009 5:30,178,9.6,11.5,67.2,89,29.1,0,24694,0,0
7/30/2009 5:40,125,3,3.6,67.8,90,29.1,0,24694,0,0
7/30/2009 5:50,182,8.8,10.7,68.1,88,29.1,0,24694,0,0
7/30/2009 6:00,179,14.1,16.4,67.8,87,29.1,0,24694,0,0
7/30/2009 6:10,178,6.7,11,67.8,87,29.1,0,24694,0,0
7/30/2009 6:20,175,7.7,8.4,68.7,85,29.1,0,24694,0,0
7/30/2009 6:30,219,11.9,13.7,69.4,83,29.1,0,24694,0,0
7/30/2009 6:40,161,3.4,4.3,70.1,83,29.1,0,24694,0,0
7/30/2009 6:50,196,10.7,11.3,70.5,80,29.1,0,24694,0,0
7/30/2009 7:00,211,6.8,8.2,70.1,79,29.1,0,24694,0,0
7/30/2009 7:10,158,10.1,11.3,70.7,78,29.1,0,24694,0,0
7/30/2009 7:20,183,11.5,14.4,71.4,77,29.1,0,24694,0,0
7/30/2009 7:30,186,14.5,15.4,71.9,77,29.1,0,24694,0,0
7/30/2009 7:40,193,6.9,7.9,73,74,29.1,0,24694,0,0
7/30/2009 7:50,227,3.5,4.4,73.7,67,29.1,0,24694,0,0
7/30/2009 8:00,200,7.9,8.5,74.1,67,29.1,0,24694,0,0
7/30/2009 8:10,193,12.4,14.5,74.3,64,29.1,0,24694,0,0
7/30/2009 8:20,210,14.8,15.4,74.8,61,29.1,0,24694,0,0
7/30/2009 8:30,245,6.4,7.1,76.4,61,29.1,0,24694,0,0
7/30/2009 8:40,208,5.7,6.3,75.7,57,29.1,0,24694,0,0
7/30/2009 8:50,267,4.9,5.8,75.5,58,29.1,0,24694,0,0
7/30/2009 9:00,277,9.2,9.7,75.5,54,29.1,0,24694,0,0
7/30/2009 9:10,252,7.6,8,74.6,61,29.1,0,24694,0,0
7/30/2009 9:20,283,9.5,10.3,74.4,63,29.1,0,24694,0,0
7/30/2009 9:30,282,11.5,12.1,74.6,60,29.1,0,24694,0,0
7/30/2009 9:40,267,12.8,13.3,74.6,56,29.1,0,24694,0,0
7/30/2009 9:50,266,7.5,8.7,74.6,58,29.1,0,24694,0,0
7/30/2009 10:00,273,9.5,10.6,74.8,60,29.1,0,24694,0,0
7/30/2009 10:10,297,8.5,9.5,74.8,62,29.1,0,24694,0,0
7/30/2009 10:20,288,11,12.2,74.6,59,29.1,0,24694,0,0
7/30/2009 10:30,273,9.7,11.2,74.8,57,29.1,0,24694,0,0
7/30/2009 10:40,285,7.9,9.8,74.6,57,29.1,0,24694,0,0
7/30/2009 10:50,285,8.2,8.7,74.1,59,29.1,0,24694,0,0
7/30/2009 11:00,254,4.5,5.6,73.7,60,29.1,0,24694,0,0
7/30/2009 11:10,277,7.6,8.5,73.9,60,29.1,0,24694,0,0
7/30/2009 11:20,277,7.5,8.2,74.3,60,29.1,0,24694,0,0
7/30/2009 11:30,322,4.3,4.9,74.6,58,29.1,0,24694,0,0
7/30/2009 11:40,291,7.1,7.9,74.4,61,29.1,0,24694,0,0
7/30/2009 11:50,302,6,6.3,73.9,61,29.1,0,24694,0,0
7/30/2009 12:00,277,3.7,4.2,74.3,61,29.1,0,24694,0,0
7/30/2009 12:10,303,3.1,3.6,73.9,64,29.1,0,24694,0,0
7/30/2009 12:20,287,5.2,5.6,73.5,60,29.1,0,24694,0,0
7/30/2009 12:30,280,5.3,5.6,73.2,66,29.1,0,24694,0,0
7/30/2009 12:40,280,5.4,5.7,73.2,64,29.1,0,24694,0,0
7/30/2009 12:50,293,5.2,5.6,73,65,29.1,0,24694,0,0
7/30/2009 13:00,300,5.5,5.9,73,65,29.1,0,24694,0,0
7/30/2009 13:10,257,2.9,3.7,72.6,69,29.1,0,24694,0,0
7/30/2009 13:20,322,1.5,2.1,73,69,29.1,0,24694,0,0
7/30/2009 13:30,313,4.2,4.4,73.4,68,29.1,0,24694,0,0
7/30/2009 13:40,334,2.4,2.9,73.5,69,29.1,0,24694,0,0
7/30/2009 13:50,287,4.3,4.8,73.7,67,29.1,0,24694,0,0
7/30/2009 14:00,315,3.4,4,73,68,29.1,0,24694,0,0
7/30/2009 14:10,296,5.4,5.7,72.6,71,29.1,0,24694,0,0
7/30/2009 14:20,257,4.2,4.9,72.6,73,29.1,0,24694,0,0
7/30/2009 14:30,309,3.6,3.7,72.5,72,29.1,0,24694,0,0
7/30/2009 14:40,319,5.2,6.1,72.6,72,29.1,0,24694,0,0
7/30/2009 14:50,293,1.6,2.1,73,72,29.1,0,24694,0,0
7/30/2009 15:00,323,2.3,2.7,72.6,74,29.1,0,24694,0,0
7/30/2009 15:10,311,4.8,5.2,73.4,65,29.1,0,24694,0,0
7/30/2009 15:20,346,2.3,3.4,73,70,29,0,24694,0,0
7/30/2009 15:30,359,3.1,3.4,73.2,70,29.1,0,24694,0,0
7/30/2009 15:40,320,3.8,4.3,73,71,29.1,0,24694,0,0
7/30/2009 15:50,288,3,3.5,73,70,29.1,0,24694,0,0
7/30/2009 16:00,342,3.5,3.8,73,70,29.1,0,24694,0,0
7/30/2009 16:10,328,1.3,1.7,72.5,71,29.1,0,24694,0,0
7/30/2009 16:20,302,3.8,5,72.3,70,29.1,0,24694,0,0
7/30/2009 16:30,265,2.6,3.4,72.1,72,29.1,0,24694,0,0
7/30/2009 16:40,261,0.9,1.2,72.1,71,29.1,0,24694,0,0
7/30/2009 16:50,310,1,1.3,71.9,71,29.1,0,24694,0,0
7/30/2009 17:00,258,0.5,0.7,71.9,68,29.1,0,24694,0,0
7/30/2009 17:10,268,1.4,1.7,71.9,65,29.1,0,24694,0,0
7/30/2009 17:20,274,1.3,1.4,71.7,65,29.1,0,24694,0,0
7/30/2009 17:30,214,0.9,1.2,71.7,70,29.1,0,24694,0,0
7/30/2009 17:40,263,2.2,2.5,71.7,65,29.1,0,24694,0,0
7/30/2009 17:50,257,3.3,3.4,71.9,65,29.1,0,24694,0,0
7/30/2009 18:00,244,0.5,0.9,71.9,68,29.1,0,24694,0,0
7/30/2009 18:10,194,3,3.6,71.9,65,29.1,0,24864,0,0
7/30/2009 18:20,172,2.3,2.5,71.6,67,29.1,0,24884,0,0
7/30/2009 18:30,229,2.2,2.5,71.4,68,29.1,0,24884,0,0
7/30/2009 18:40,203,2.8,3,71.2,67,29.1,0,24884,0,0
7/30/2009 18:50,172,3.3,3.8,71.2,70,29.1,0,24884,0,0
7/30/2009 19:00,173,4.5,5.2,71.2,69,29.1,0,24884,0,0
7/30/2009 19:10,180,5.9,6.2,71,70,29.1,0,24884,0,0
7/30/2009 19:20,201,6,6.8,70.7,71,29.1,0,24884,0,0
7/30/2009 19:30,179,5.7,6.3,70.5,71,29.1,0,24884,0,0
7/30/2009 19:40,177,4,4.6,70.1,73,29.1,0,24884,0,0
7/30/2009 19:50,167,4.5,5.2,69.8,75,29.1,0,24884,0,0
7/30/2009 20:00,138,3.9,5.3,69.6,75,29.1,0,24884,0,0
7/30/2009 20:10,187,3.6,4,69.4,76,29.1,0,24884,0,0
7/30/2009 20:20,182,5.2,6.5,69,77,29.1,0,24884,0,0
7/30/2009 20:30,180,6.2,7,68.7,78,29.1,0,24884,0,0
7/30/2009 20:40,184,5.2,6.1,68.5,78,29.1,0,24884,0,0
7/30/2009 20:50,193,5.9,6.5,68.5,76,29.1,0,24884,0,0
7/30/2009 21:00,174,4.6,6.1,68.5,77,29.1,0,24884,0,0
7/30/2009 21:10,180,6.8,7.5,68.5,75,29.1,0,24884,0,0
7/30/2009 21:20,156,5.7,6.4,68.5,74,29.1,0,24884,0,0
7/30/2009 21:30,177,7.4,8.1,68.5,72,29.1,0,24884,0,0
7/30/2009 21:40,178,6.5,7.1,68.5,71,29.1,0,24884,0,0
7/30/2009 21:50,181,7,7.4,68.3,70,29.1,0,24884,0,0
7/30/2009 22:00,181,7.3,7.7,68.1,69,29.1,0,24884,0,0
7/30/2009 22:10,178,4,5.1,68.1,69,29.1,0,24884,0,0
7/30/2009 22:20,182,7.9,8.5,68.1,67,29.1,0,24884,0,0
7/30/2009 22:30,192,5.2,6.8,68.1,67,29.1,0,24884,0,0
7/30/2009 22:40,188,5.3,5.8,68.1,67,29.1,0,24884,0,0
7/30/2009 22:50,183,7.8,8.2,68.1,66,29.1,0,24884,0,0
7/30/2009 23:00,179,5.7,6.2,68.1,67,29.1,0,24884,0,0
7/30/2009 23:10,173,6.6,7.3,68,66,29,0,24884,0,0
7/30/2009 23:20,193,7.7,8,68,66,29.1,0,24884,0,0
7/30/2009 23:30,183,5.4,6.7,68.1,65,29.1,0,24884,0,0
7/30/2009 23:40,179,4.9,5.5,68.1,66,29,0,24884,0,0
7/30/2009 23:50,173,5.1,5.9,68.1,66,29,0,24884,0,0
7/31/2009 0:00,160,5,5.8,68.1,66,29,0,24884,0,0
7/31/2009 0:10,168,5.3,6.3,68.1,66,29,0,24884,0,0
7/31/2009 0:20,167,5.6,6,68.1,67,29,0,24884,0,0
7/31/2009 0:30,168,4.9,6.2,68.1,67,29,0,24884,0,0
7/31/2009 0:40,169,6.5,7,68.1,67,29,0,24884,0,0
7/31/2009 0:50,165,5.3,6,68.1,68,29,0,24884,0,0
7/31/2009 1:00,176,6.8,8,68.1,68,29,0,24884,0,0
7/31/2009 1:10,145,4.1,4.8,68.1,68,29,0,24884,0,0
7/31/2009 1:20,167,6.8,7.8,68,69,29,0,24884,0,0
7/31/2009 1:30,182,2.5,3.6,67.8,70,29,0,24884,0,0
7/31/2009 1:40,181,3.6,4.9,67.8,70,29,0,24894,0,0
7/31/2009 1:50,179,9.6,10.9,67.4,71,29,0,24914,0,0
7/31/2009 2:00,182,5.9,7.5,67.1,73,29,0,24914,0,0
7/31/2009 2:10,191,4.6,5.4,66.7,75,29,0,24914,0,0
7/31/2009 2:20,127,3.9,6.6,66.2,78,29,0,24914,0,0
7/31/2009 2:30,190,8.8,10,65.8,78,29,0,24944,0,0
7/31/2009 2:40,182,9.2,10.7,65.4,76,29,0,24944,0,0
7/31/2009 2:50,193,7.8,8.9,65.4,74,29,0,24944,0,0
7/31/2009 3:00,190,6.1,6.8,65.1,76,29,0,25084,0,0
7/31/2009 3:10,195,7.4,8.1,64.4,80,29,0,25454,0.01,0.01
7/31/2009 3:20,178,6.7,8,64,83,29,0,25924,0,0
7/31/2009 3:30,170,7.8,8.7,63.8,84,29,0.01,26104,0,0
7/31/2009 3:40,161,5.2,7.1,63.8,84,29,0.01,26194,0,0
7/31/2009 3:50,151,7.2,8.4,64,83,29,0.01,26214,0,0
7/31/2009 4:00,138,7.3,8.3,64,84,29,0.01,26394,0.02,0.02
7/31/2009 4:10,134,9.3,9.9,63.8,83,29,0.01,26824,0,0
7/31/2009 4:20,170,5,6.3,63.8,82,29,0.01,26874,0,0
7/31/2009 4:30,166,5.1,5.8,63.8,82,29,0.01,27024,0,0
7/31/2009 4:40,134,6.7,7.4,63.8,82,29,0.01,27034,0,0
7/31/2009 4:50,135,6,7,64,81,29,0.01,27034,0,0
7/31/2009 5:00,130,6.4,7.7,64.4,80,29,0.01,27034,0,0
7/31/2009 5:10,148,6.2,7.3,64.7,79,29,0.01,27384,0.01,0.01
7/31/2009 5:20,136,8.7,9.1,64.5,79,29,0.01,27434,0,0
7/31/2009 5:30,125,5.9,6.6,64.5,79,29,0.01,27434,0,0
7/31/2009 5:40,141,7.2,8,64.9,79,29,0.01,27434,0,0
7/31/2009 5:50,132,6.6,7,64.9,80,29,0.01,27434,0,0
7/31/2009 6:00,139,6.2,6.5,65.1,80,29,0.01,27434,0,0
7/31/2009 6:10,123,6.2,8.1,65.3,78,29,0.01,27434,0,0
7/31/2009 6:20,137,5.7,6.1,65.6,80,29,0.01,27434,0,0
7/31/2009 6:30,139,6.1,6.8,66,76,29,0.01,27434,0,0
7/31/2009 6:40,138,5.7,6.3,66.2,76,29.1,0.01,27434,0,0
7/31/2009 6:50,141,3.8,4.6,66.5,75,29.1,0.01,27434,0,0
7/31/2009 7:00,159,3.8,4.9,66.5,77,29.1,0.01,27434,0,0
7/31/2009 7:10,173,8.2,8.7,66.2,78,29.1,0.01,27434,0,0
7/31/2009 7:20,317,1.4,3.2,66.5,78,29.1,0.01,27434,0,0
7/31/2009 7:30,147,5.1,5.7,67.1,77,29.1,0.01,27434,0,0
7/31/2009 7:40,137,5.1,5.5,67.2,78,29.1,0.01,27434,0,0
7/31/2009 7:50,149,4.4,5.1,67.8,76,29.1,0.01,27434,0,0
7/31/2009 8:00,151,4.9,5.1,68.3,76,29.1,0.01,27434,0,0
7/31/2009 8:10,121,3.5,3.9,69.4,71,29.1,0.01,27434,0,0
7/31/2009 8:20,184,1.3,1.7,71.4,65,29.1,0.01,27434,0,0
7/31/2009 8:30,83,3.3,3.6,71.9,54,29.1,0.01,27434,0,0
7/31/2009 8:40,106,2.8,3.4,73,56,29.1,0.01,27434,0,0
7/31/2009 8:50,280,4,4.4,72.3,66,29.1,0.01,27434,0,0
7/31/2009 9:00,358,4.1,4.3,71.2,64,29.1,0.01,27434,0,0
7/31/2009 9:10,317,7,7.5,71,65,29.1,0.01,27434,0,0
7/31/2009 9:20,320,4.6,5.5,71.4,67,29.1,0.01,27434,0,0
7/31/2009 9:30,320,5.8,6.1,71.2,64,29.1,0.01,27434,0,0
7/31/2009 9:40,312,6.6,6.8,71.2,67,29.1,0.01,27434,0,0
7/31/2009 9:50,319,4.3,4.9,71.4,68,29.1,0.01,27434,0,0
7/31/2009 10:00,310,6.3,6.6,71.6,64,29.1,0.01,27434,0,0
7/31/2009 10:10,312,5.8,6.5,71.7,66,29.1,0.01,27434,0,0
7/31/2009 10:20,319,7.4,7.8,72.1,63,29.1,0.01,27434,0,0
7/31/2009 10:30,306,8.4,9.1,71.9,63,29.1,0.01,27434,0,0
7/31/2009 10:40,310,9.3,9.7,71.9,65,29.1,0.01,27434,0,0
7/31/2009 10:50,316,7.1,8,71.6,68,29.1,0.01,27434,0,0
7/31/2009 11:00,293,8,8.5,71.6,65,29.1,0.01,27434,0,0
7/31/2009 11:10,292,12.1,12.8,71.7,65,29.1,0.01,27434,0,0
7/31/2009 11:20,322,10.1,11.4,71.7,63,29.1,0.01,27434,0,0
7/31/2009 11:30,314,9.3,10.1,71.9,63,29.1,0.01,27434,0,0
7/31/2009 11:40,304,9.5,10.4,71.7,65,29.1,0.01,27434,0,0
7/31/2009 11:50,307,9.6,10.5,71.7,66,29.1,0.01,27434,0,0
7/31/2009 12:00,319,9,9.5,71.9,69,29.1,0.01,27434,0,0
7/31/2009 12:10,310,7.8,8.6,71.9,71,29.1,0.01,27434,0,0
7/31/2009 12:20,296,8,9.4,71.6,73,29.1,0.01,27434,0,0
7/31/2009 12:30,291,9.3,9.9,71.7,74,29.1,0.01,27434,0,0
7/31/2009 12:40,297,9.3,9.9,71.7,74,29.1,0.01,27434,0,0
7/31/2009 12:50,292,5.7,7.4,71.9,76,29.1,0.01,27434,0,0
7/31/2009 13:00,268,4.9,5.5,71.9,74,29.1,0.01,27434,0,0
7/31/2009 13:10,282,10.9,11.4,72.1,73,29.1,0.01,27434,0,0
7/31/2009 13:20,267,11.3,12.1,71.9,74,29.1,0.01,27434,0,0
7/31/2009 13:30,275,12.7,13,71.9,77,29.1,0.01,27434,0,0
7/31/2009 13:40,291,12.3,12.6,71.6,77,29.1,0.01,27434,0,0
7/31/2009 13:50,274,11.9,12.8,71.7,72,29.1,0.01,27434,0,0
7/31/2009 14:00,277,11.7,12.2,72.1,75,29.1,0.01,27434,0,0
7/31/2009 14:10,235,8.1,10.5,72.1,74,29.1,0.01,27434,0,0
7/31/2009 14:20,289,7.7,10.6,72.8,72,29.1,0.01,27434,0,0
7/31/2009 14:30,263,5.9,7.5,73,70,29.1,0.01,27434,0,0
7/31/2009 14:40,259,7.3,8.3,73.2,68,29.1,0.01,27434,0,0
7/31/2009 14:50,241,5.6,6.4,73,69,29.1,0.01,27434,0,0
7/31/2009 15:00,238,13.2,14,73,67,29.1,0.01,27434,0,0
7/31/2009 15:10,256,14.5,15.1,73.2,68,29.1,0.01,27434,0,0
7/31/2009 15:20,256,6.8,8.2,73.2,69,29.1,0.01,27434,0,0
7/31/2009 15:30,257,7.6,8.2,73.2,69,29.1,0.01,27434,0,0
7/31/2009 15:40,265,8.5,10.2,73.2,67,29.1,0.01,27434,0,0
7/31/2009 15:50,242,5.2,6.1,73.4,68,29.1,0.01,27434,0,0
7/31/2009 16:00,254,6.5,7.2,73.4,66,29.1,0.01,27434,0,0
7/31/2009 16:10,236,10.5,11,73.2,64,29.1,0.01,27434,0,0
7/31/2009 16:20,265,8.2,8.9,73.4,63,29.1,0.01,27434,0,0
7/31/2009 16:30,223,5.7,6.8,73.4,65,29.1,0.01,27434,0,0
7/31/2009 16:40,246,10.1,11.8,73.4,65,29.1,0.01,27434,0,0
7/31/2009 16:50,261,9.1,9.8,73.2,65,29.1,0.01,27434,0,0
7/31/2009 17:00,220,5.2,6.6,73,66,29.1,0.01,27434,0,0
7/31/2009 17:10,246,12.1,13.5,72.8,67,29.1,0.01,27434,0,0
7/31/2009 17:20,247,8.6,10.2,72.5,70,29.1,0.01,27434,0,0
7/31/2009 17:30,200,2.1,3.2,72.1,72,29.1,0.01,27434,0,0
7/31/2009 17:40,229,7.7,8.2,71.6,73,29.1,0.01,27434,0,0
7/31/2009 17:50,201,4.4,5.7,71.4,73,29.1,0.01,27434,0,0
7/31/2009 18:00,183,4.8,5.6,71,72,29.1,0.01,27434,0,0
7/31/2009 18:10,204,4.8,5.2,70.8,73,29.1,0.01,27434,0,0
7/31/2009 18:20,206,4.2,4.9,70.5,74,29.1,0.01,27434,0,0
7/31/2009 18:30,185,5.2,6.3,70.1,74,29.2,0.01,27434,0,0
7/31/2009 18:40,200,6.9,8,69.8,75,29.2,0.01,27434,0,0
7/31/2009 18:50,197,8,9.2,69.4,76,29.2,0.01,27434,0,0
7/31/2009 19:00,202,7.1,7.4,69.4,76,29.2,0.01,27434,0,0
7/31/2009 19:10,201,5.6,6.1,69,77,29.2,0.01,27434,0,0
7/31/2009 19:20,185,6.2,6.6,69,76,29.2,0.01,27434,0,0
7/31/2009 19:30,178,6.8,7.5,68.9,76,29.2,0.01,27434,0,0
7/31/2009 19:40,185,6,6.6,68.5,76,29.2,0.01,27434,0,0
7/31/2009 19:50,187,5.7,6,68.5,76,29.2,0.01,27434,0,0
7/31/2009 20:00,152,3.4,5.5,68.3,76,29.2,0.01,27434,0,0
7/31/2009 20:10,200,5.8,6.8,68.3,76,29.2,0.01,27434,0,0
7/31/2009 20:20,197,9.3,10.3,68,76,29.2,0.01,27434,0,0
7/31/2009 20:30,205,8.9,10.1,68,76,29.2,0.01,27434,0,0
7/31/2009 20:40,191,9,9.7,67.8,77,29.2,0.01,27434,0,0
7/31/2009 20:50,198,9.7,10.2,67.8,76,29.2,0.01,27434,0,0
7/31/2009 21:00,202,6.2,7.3,68,76,29.2,0,27434,0,0
7/31/2009 21:10,205,5.9,7.1,67.6,77,29.2,0,27434,0,0
7/31/2009 21:20,196,5.9,6.4,67.6,77,29.2,0,27434,0,0
7/31/2009 21:30,174,4.4,5.7,67.4,77,29.2,0,27434,0,0
7/31/2009 21:40,189,8.6,9.2,67.2,77,29.2,0,27434,0,0
7/31/2009 21:50,185,5.5,7.3,67.1,78,29.2,0,27434,0,0
7/31/2009 22:00,191,4.7,5.1,67.1,78,29.2,0,27434,0,0
7/31/2009 22:10,187,5.2,6.7,66.9,79,29.2,0,27434,0,0
7/31/2009 22:20,173,7.7,8.1,66.7,79,29.2,0,27434,0,0
7/31/2009 22:30,173,7.4,8.9,66.7,79,29.2,0,27434,0,0
7/31/2009 22:40,180,8.2,9.3,66.5,79,29.2,0,27434,0,0
7/31/2009 22:50,194,8.8,9.6,66.5,79,29.2,0,27434,0,0
7/31/2009 23:00,151,4.5,7.6,66.3,80,29.2,0,27434,0,0
7/31/2009 23:10,174,6.8,8.7,66.2,80,29.2,0,27434,0,0
7/31/2009 23:20,169,4.8,6,65.8,81,29.2,0,27434,0,0
7/31/2009 23:30,181,3.6,4.6,65.6,81,29.2,0,27434,0,0
7/31/2009 23:40,154,6.8,7.4,65.4,82,29.2,0,27434,0,0
7/31/2009 23:50,159,5.9,6.8,65.4,82,29.2,0,27434,0,0
8/1/2009 0:00,177,9,10.2,65.3,82,29.2,0,27434,0,0
8/1/2009 0:10,167,7.8,10.1,64.9,83,29.2,0,27434,0,0
8/1/2009 0:20,168,9,9.9,64.9,83,29.2,0,27434,0,0
8/1/2009 0:30,168,8.5,9.6,64.7,83,29.2,0,27434,0,0
8/1/2009 0:40,170,6.3,6.8,64.5,84,29.2,0,27434,0,0
8/1/2009 0:50,179,9.2,9.7,64.5,84,29.2,0,27434,0,0
8/1/2009 1:00,161,9.3,10,64.4,84,29.2,0,27434,0,0
8/1/2009 1:10,177,7.5,8.6,64.2,84,29.2,0,27434,0,0
8/1/2009 1:20,172,6.8,9.3,64.2,84,29.2,0,27434,0,0
8/1/2009 1:30,184,9,9.8,64,84,29.2,0,27434,0,0
8/1/2009 1:40,162,6,7,64.2,83,29.2,0,27434,0,0
8/1/2009 1:50,184,8,9,64.2,83,29.2,0,27434,0,0
8/1/2009 2:00,182,9.5,10.3,64.2,82,29.2,0,27434,0,0
8/1/2009 2:10,223,3.6,5.5,64.2,82,29.2,0,27434,0,0
8/1/2009 2:20,173,9.3,10.3,64.2,81,29.2,0,27434,0,0
8/1/2009 2:30,182,9.1,10.7,64.4,80,29.2,0,27434,0,0
8/1/2009 2:40,167,9.4,11,64.4,79,29.2,0,27434,0,0
8/1/2009 2:50,190,8.1,9.7,64.5,78,29.2,0,27434,0,0
8/1/2009 3:00,167,8,9.2,64.7,77,29.2,0,27434,0,0
8/1/2009 3:10,182,8.9,9.7,64.9,76,29.2,0,27434,0,0
8/1/2009 3:20,175,6.9,7.8,64.9,76,29.2,0,27434,0,0
8/1/2009 3:30,178,10.6,12.3,65.1,75,29.2,0,27434,0,0
8/1/2009 3:40,180,9,10.6,65.1,75,29.2,0,27434,0,0
8/1/2009 3:50,172,9.5,11.1,65.4,74,29.2,0,27434,0,0
8/1/2009 4:00,185,6.8,8.6,65.8,74,29.2,0,27434,0,0
8/1/2009 4:10,180,8.7,10.3,66.3,73,29.2,0,27434,0,0
8/1/2009 4:20,185,13.3,13.8,66.7,72,29.2,0,27434,0,0
8/1/2009 4:30,173,7.8,8.4,67.1,72,29.2,0,27434,0,0
8/1/2009 4:40,165,6.8,8.1,67.4,72,29.2,0,27434,0,0
8/1/2009 4:50,180,10.1,11,68,70,29.2,0,27434,0,0
8/1/2009 5:00,176,10.9,11.6,68.5,69,29.2,0,27434,0,0
8/1/2009 5:10,178,5.1,7.4,68.9,70,29.2,0,27434,0,0
8/1/2009 5:20,188,5.7,8.8,69.4,69,29.2,0,27434,0,0
8/1/2009 5:30,176,8.5,10.8,69.9,68,29.2,0,27434,0,0
8/1/2009 5:40,175,4.1,5.2,70.3,69,29.2,0,27434,0,0
8/1/2009 5:50,194,9.2,10.3,71,67,29.2,0,27434,0,0
8/1/2009 6:00,188,10.4,11.7,71.6,66,29.2,0,27434,0,0
8/1/2009 6:10,174,6.4,8.6,72.5,66,29.2,0,27434,0,0
8/1/2009 6:20,184,7.2,8.7,73,63,29.2,0,27434,0,0
8/1/2009 6:30,210,6.2,7.5,73.4,60,29.2,0,27434,0,0
8/1/2009 6:40,194,7.2,7.5,73.9,60,29.2,0,27434,0,0
8/1/2009 6:50,220,10.8,12.1,74.1,59,29.2,0,27434,0,0
8/1/2009 7:00,212,14.9,15.8,74.8,54,29.2,0,27434,0,0
8/1/2009 7:10,211,9.4,10.5,74.6,56,29.2,0,27434,0,0
8/1/2009 7:20,189,5.8,6.6,75.5,55,29.2,0,27434,0,0
8/1/2009 7:30,196,10.9,13.2,75.3,52,29.2,0,27434,0,0
8/1/2009 7:40,221,10.5,11.9,75.3,53,29.2,0,27434,0,0
8/1/2009 7:50,190,10.6,11.8,76.6,51,29.2,0,27434,0,0
8/1/2009 8:00,206,11.5,13,76.6,50,29.2,0,27434,0,0
8/1/2009 8:10,69,4.2,6.2,77,50,29.2,0,27434,0,0
8/1/2009 8:20,220,7.3,8.5,77,51,29.2,0,27434,0,0
8/1/2009 8:30,178,9.2,9.9,77.3,48,29.2,0,27434,0,0
8/1/2009 8:40,230,9.4,10,76.8,50,29.2,0,27434,0,0
8/1/2009 8:50,230,12.6,13.4,76.8,49,29.2,0,27434,0,0
8/1/2009 9:00,203,8,9.6,76.8,50,29.2,0,27434,0,0
8/1/2009 9:10,195,10.1,11.3,77.9,45,29.2,0,27434,0,0
8/1/2009 9:20,166,6.3,8.6,77.5,44,29.2,0,27434,0,0
8/1/2009 9:30,222,15.4,16.7,78.4,42,29.2,0,27434,0,0
8/1/2009 9:40,227,7.4,9.9,78,44,29.2,0,27434,0,0
8/1/2009 9:50,193,5.7,6.8,78.9,39,29.2,0,27434,0,0
8/1/2009 10:00,201,8,9.4,78.4,41,29.2,0,27434,0,0
8/1/2009 10:10,202,11.6,12.7,78.8,42,29.2,0,27434,0,0
8/1/2009 10:20,212,5.2,6.8,78.4,43,29.2,0,27434,0,0
8/1/2009 10:30,232,10.3,11.7,78.9,40,29.2,0,27434,0,0
8/1/2009 10:40,234,9.4,11.6,79.3,42,29.2,0,27434,0,0
8/1/2009 10:50,207,4.1,4.6,79.7,40,29.2,0,27434,0,0
8/1/2009 11:00,218,16.7,18.4,78.8,39,29.2,0,27434,0,0
8/1/2009 11:10,281,11.8,12.5,79.7,40,29.2,0,27434,0,0
8/1/2009 11:20,228,8,8.8,77,55,29.2,0,27434,0,0
8/1/2009 11:30,328,9.8,10.7,76.1,58,29.2,0,27434,0,0
8/1/2009 11:40,322,6.9,8.2,75.5,60,29.2,0,27434,0,0
8/1/2009 11:50,316,7.5,8.5,74.6,64,29.2,0,27434,0,0
8/1/2009 12:00,281,10.1,10.6,74.8,64,29.2,0,27434,0,0
8/1/2009 12:10,280,5.3,6.3,75,62,29.2,0,27434,0,0
8/1/2009 12:20,310,6.5,7.6,75,62,29.2,0,27434,0,0
8/1/2009 12:30,276,11.5,12.4,74.8,63,29.2,0,27434,0,0
8/1/2009 12:40,291,6.2,7.4,74.8,63,29.2,0,27434,0,0
8/1/2009 12:50,290,6.6,7.6,74.6,66,29.2,0,27434,0,0
8/1/2009 13:00,291,6.5,7.1,74.8,62,29.2,0,27434,0,0
8/1/2009 13:10,315,5,6.3,74.4,63,29.2,0,27434,0,0
8/1/2009 13:20,275,5,5.5,75,62,29.2,0,27434,0,0
8/1/2009 13:30,298,7.6,8,75.2,61,29.2,0,27434,0,0
8/1/2009 13:40,319,5.1,5.7,74.8,62,29.2,0,27434,0,0
8/1/2009 13:50,284,5.1,5.5,75,62,29.2,0,27434,0,0
8/1/2009 14:00,327,1.6,3.3,75.2,62,29.2,0,27434,0,0
8/1/2009 14:10,303,3.9,4.4,75.3,60,29.2,0,27434,0,0
8/1/2009 14:20,297,2.2,3.6,75.3,59,29.2,0,27434,0,0
8/1/2009 14:30,257,0.8,1.1,75.7,58,29.1,0,27434,0,0
8/1/2009 14:40,335,3.3,3.6,75.7,55,29.1,0,27434,0,0
8/1/2009 14:50,299,2.9,3.2,75.3,56,29.1,0,27434,0,0
8/1/2009 15:00,326,3.8,4.2,74.8,57,29.1,0,27434,0,0
8/1/2009 15:10,37,1.9,2.2,74.6,58,29.1,0,27434,0,0
8/1/2009 15:20,3,2.2,2.7,74.6,58,29.1,0,27434,0,0
8/1/2009 15:30,344,2.7,3.1,74.1,59,29.1,0,27434,0,0
8/1/2009 15:40,27,3.4,3.8,73.7,60,29.1,0,27434,0,0
8/1/2009 15:50,75,0.9,1.5,73.5,61,29.1,0,27434,0,0
8/1/2009 16:00,72,2.3,2.7,73.4,61,29.1,0,27434,0,0
8/1/2009 16:10,48,1.3,1.6,73.4,60,29.1,0,27434,0,0
8/1/2009 16:20,84,5.5,5.9,73.5,55,29.1,0,27434,0,0
8/1/2009 16:30,93,5.8,6.1,73.4,60,29.1,0,27434,0,0
8/1/2009 16:40,83,4.3,4.8,73.5,57,29.1,0,27434,0,0
8/1/2009 16:50,101,4.4,4.8,74.1,53,29.1,0,27434,0,0
8/1/2009 17:00,88,3.6,3.9,74.3,53,29.1,0,27434,0,0
8/1/2009 17:10,99,2.2,2.4,74.3,54,29.1,0,27434,0,0
8/1/2009 17:20,216,1.7,1.9,73.4,58,29.1,0,27434,0,0
8/1/2009 17:30,127,2.9,3.2,73.7,55,29.1,0,27434,0,0
8/1/2009 17:40,108,4.4,4.8,74.1,55,29.1,0,27434,0,0
8/1/2009 17:50,133,4.7,5.2,73.9,57,29.1,0,27434,0,0
8/1/2009 18:00,130,7.6,8,74.1,58,29.1,0,27434,0,0
8/1/2009 18:10,141,6.2,6.5,73.9,59,29.1,0,27434,0,0
8/1/2009 18:20,164,7.9,8.5,73.7,60,29.1,0,27434,0,0
8/1/2009 18:30,141,4.4,5.3,73.7,61,29.1,0,27464,0,0
8/1/2009 18:40,229,1.9,3.9,73.9,61,29.1,0,27464,0,0
8/1/2009 18:50,183,3.5,3.8,74.1,60,29.1,0,27464,0,0
8/1/2009 19:00,175,8.8,10.2,74.3,59,29.1,0,27464,0,0
8/1/2009 19:10,196,8.4,9,74.3,60,29.1,0,27464,0,0
8/1/2009 19:20,160,5,7,74.3,62,29.1,0,27464,0,0
8/1/2009 19:30,211,6,7.4,74.3,63,29.1,0,27464,0,0
8/1/2009 19:40,320,5.2,8.4,74.1,64,29.1,0,27464,0,0
8/1/2009 19:50,149,8.2,8.8,73.9,63,29.1,0,27464,0,0
8/1/2009 20:00,168,9.9,10.8,73.9,63,29.1,0,27464,0,0
8/1/2009 20:10,179,10.2,11.1,73.7,63,29.1,0,27464,0,0
8/1/2009 20:20,166,8.5,9.6,73.4,63,29.1,0,27464,0,0
8/1/2009 20:30,163,5.7,7.5,73.4,64,29.1,0,27464,0,0
8/1/2009 20:40,138,8.1,9.4,73.2,64,29.1,0,27464,0,0
8/1/2009 20:50,185,5.9,8.1,73,66,29.1,0,27464,0,0
8/1/2009 21:00,184,11.6,14.3,72.8,66,29.1,0,27464,0,0
8/1/2009 21:10,168,7,10.1,72.6,67,29.1,0,27464,0,0
8/1/2009 21:20,180,6.8,9,72.5,68,29.1,0,27494,0,0
8/1/2009 21:30,185,8.1,9.7,72.1,69,29.1,0,27524,0,0
8/1/2009 21:40,180,7.8,9,71.9,70,29.1,0,27554,0,0
8/1/2009 21:50,179,9.7,10.6,71.9,71,29.1,0,27784,0.06,0.06
8/1/2009 22:00,172,10.6,11.7,71.2,74,29.1,0.01,28034,0,0
8/1/2009 22:10,174,10.8,14.2,70.7,76,29.1,0.01,28464,0.04,0.04
8/1/2009 22:20,201,5.7,6.9,69.8,80,29.1,0.01,28744,0,0
8/1/2009 22:30,191,7.2,9.9,69.4,81,29.1,0.02,29164,0,0
8/1/2009 22:40,164,11.3,12.4,68.9,84,29.1,0.02,29234,0,0
8/1/2009 22:50,176,9.1,10.3,68.7,85,29.1,0.02,29234,0,0
8/1/2009 23:00,173,9,10.1,68.9,84,29.1,0.02,29234,0,0
8/1/2009 23:10,172,6,7.1,68.7,84,29.1,0.02,29234,0,0
8/1/2009 23:20,133,4.5,7,68.9,84,29.1,0.02,29234,0,0
8/1/2009 23:30,187,8.2,9.2,69,83,29.1,0.02,29234,0,0
8/1/2009 23:40,189,11.5,12.6,69,83,29.1,0.02,29234,0,0
8/1/2009 23:50,188,7.6,9.5,69,83,29,0.02,29234,0,0
8/2/2009 0:00,185,5.3,6.3,69,84,29,0.02,29234,0,0
8/2/2009 0:10,203,8.8,9.3,68.9,84,29,0.02,29274,0,0
8/2/2009 0:20,207,7.2,8.6,68.7,85,29.1,0.02,29314,0,0
8/2/2009 0:30,213,6.8,7.6,68.7,85,29.1,0.02,29314,0,0
8/2/2009 0:40,239,15.3,16.6,69.8,81,29.1,0.02,29344,0,0
8/2/2009 0:50,275,18.3,20.3,69.6,76,29.1,0.02,29364,0,0
8/2/2009 1:00,238,5.5,8.4,69.4,78,29.1,0.02,29384,0,0
8/2/2009 1:10,255,7.5,8.2,69.2,78,29,0.02,29444,0,0
8/2/2009 1:20,222,6.9,7.5,69.2,78,29,0.02,29444,0,0
8/2/2009 1:30,184,5,6.3,68.7,80,29,0.02,29444,0,0
8/2/2009 1:40,167,2.1,3.1,68.1,83,29,0.02,29444,0,0
8/2/2009 1:50,175,4.3,5.1,67.8,85,29,0.02,29474,0,0
8/2/2009 2:00,157,2.5,3.3,67.6,86,29,0.02,29474,0,0
8/2/2009 2:10,216,4.5,5.2,67.8,86,29,0.02,29474,0,0
8/2/2009 2:20,187,6.2,6.7,67.8,86,29,0.02,29474,0,0
8/2/2009 2:30,167,2.3,3.9,67.8,86,29,0.02,29474,0,0
8/2/2009 2:40,176,2,3.4,67.8,85,29,0.02,29474,0,0
8/2/2009 2:50,158,3.2,3.6,67.8,83,29,0.02,29474,0,0
8/2/2009 3:00,182,6.8,7.4,68,82,29,0.02,29674,0.03,0.03
8/2/2009 3:10,184,9.9,10.4,67.6,82,29,0.03,30244,0.05,0.05
8/2/2009 3:20,168,6.2,8.4,66.9,85,29,0.04,30844,0.09,0.09
8/2/2009 3:30,199,9.9,10.9,66.5,85,29,0.05,31444,0.1,0.1
8/2/2009 3:40,176,7.5,8.8,66.2,87,29,0.07,32044,0.11,0.11
8/2/2009 3:50,192,11.2,12.9,66,87,29,0.07,32534,0,0
8/2/2009 4:00,173,9.5,11,66.3,86,29,0.07,32534,0,0
8/2/2009 4:10,188,11.9,12.9,66.2,87,29,0.07,32544,0,0
8/2/2009 4:20,79,5,8.5,66.2,87,29,0.07,32604,0,0
8/2/2009 4:30,162,3.2,4.8,66,88,29,0.07,32604,0,0
8/2/2009 4:40,216,7.1,9.5,66,88,29,0.07,32604,0,0
8/2/2009 4:50,185,8,9.1,66,87,29,0.07,32604,0,0
8/2/2009 5:00,191,12.2,13,66.2,85,29,0.07,32604,0,0
8/2/2009 5:10,242,3.4,5.5,66.2,85,29,0.07,32604,0,0
8/2/2009 5:20,198,6.1,6.9,66,85,29,0.07,32614,0,0
8/2/2009 5:30,190,11.8,12.3,66,84,29,0.07,32684,0,0
8/2/2009 5:40,184,5.4,7.3,65.8,86,29,0.07,32684,0,0
8/2/2009 5:50,173,6.4,8,65.8,85,29,0.07,32684,0,0
8/2/2009 6:00,231,5.8,6.6,66.2,85,29,0.07,32704,0,0
8/2/2009 6:10,187,4.8,5.4,66.3,85,29,0.08,33004,0,0
8/2/2009 6:20,181,4.5,5.6,66.2,86,29,0.08,33004,0,0
8/2/2009 6:30,188,7.9,8.7,66.5,85,29,0.08,33024,0,0
8/2/2009 6:40,223,7,7.6,66.7,84,29,0.08,33404,0,0
8/2/2009 6:50,230,6.8,7.8,66.9,84,29,0.08,33404,0,0
8/2/2009 7:00,188,9.1,10.4,67.1,83,29,0.08,33404,0,0
8/2/2009 7:10,200,7.8,8.2,66.7,85,29,0.1,33874,0,0
8/2/2009 7:20,165,5,8.5,67.1,84,29,0.1,33874,0,0
8/2/2009 7:30,189,11.3,12.1,67.2,83,29,0.1,33874,0,0
8/2/2009 7:40,187,7.8,8.7,67.2,85,29,0.1,33874,0,0
8/2/2009 7:50,204,5.5,5.9,67.1,87,29,0.1,34004,0.02,0.02
8/2/2009 8:00,142,4,4.9,66.9,88,29.1,0.11,34574,0.06,0.06
8/2/2009 8:10,211,9,9.9,66.3,90,29.1,0.13,35174,0.09,0.09
8/2/2009 8:20,202,7.4,8.8,66.2,92,29.1,0.15,35774,0.12,0.12
8/2/2009 8:30,219,10.2,11.1,66.3,90,29.1,0.17,36144,0,0
8/2/2009 8:40,261,5.6,7,66.5,90,29.1,0.17,36194,0,0
8/2/2009 8:50,225,5.8,7.5,66.7,89,29.1,0.17,36504,0.05,0.05
8/2/2009 9:00,215,8.2,10.2,67.1,87,29.1,0.18,37094,0,0
8/2/2009 9:10,254,1.1,2.4,67.4,90,29.1,0.18,37094,0,0
8/2/2009 9:20,210,4.8,6.3,67.6,89,29.1,0.18,37094,0,0
8/2/2009 9:30,197,5.1,6.7,67.6,88,29.1,0.18,37094,0,0
8/2/2009 9:40,243,10.2,10.9,67.8,88,29.1,0.18,37094,0,0
8/2/2009 9:50,262,12.4,13.3,68.1,88,29.1,0.18,37094,0,0
8/2/2009 10:00,237,11.2,12,68.1,84,29.1,0.18,37094,0,0
8/2/2009 10:10,223,8.3,8.7,68.1,87,29.1,0.18,37094,0,0
8/2/2009 10:20,238,3.2,3.9,68.5,88,29.1,0.18,37094,0,0
8/2/2009 10:30,228,5.9,6.6,69.2,87,29.1,0.18,37094,0,0
8/2/2009 10:40,242,6.7,8.2,69.4,84,29,0.18,37094,0,0
8/2/2009 10:50,228,3.9,4.7,69.2,85,29,0.18,37094,0,0
8/2/2009 11:00,260,5,5.4,69.4,83,29,0.18,37094,0,0
8/2/2009 11:10,280,2.8,4.4,69.6,83,29,0.18,37094,0,0
8/2/2009 11:20,252,9.1,10.5,69.2,84,29,0.18,37094,0,0
8/2/2009 11:30,256,11.5,12.9,69.6,81,29,0.18,37094,0,0
8/2/2009 11:40,278,15.3,16.3,69.9,79,29,0.18,37094,0,0
8/2/2009 11:50,275,14.8,18.5,69.8,80,29,0.18,37094,0,0
8/2/2009 12:00,295,11,12.3,69.6,79,29.1,0.18,37094,0,0
8/2/2009 12:10,268,16.8,17.5,69.4,79,29.1,0.18,37094,0,0
8/2/2009 12:20,262,13.5,15,69.6,78,29.1,0.18,37094,0,0
8/2/2009 12:30,291,13.5,18.1,69.9,76,29,0.18,37094,0,0
8/2/2009 12:40,283,14.8,17.4,70.3,75,29.1,0.18,37094,0,0
8/2/2009 12:50,286,16.6,18.1,70.5,74,29.1,0.18,37094,0,0
8/2/2009 13:00,283,18.8,20.8,70.5,69,29,0.18,37094,0,0
8/2/2009 13:10,275,13.5,17.8,70.7,68,29.1,0.18,37094,0,0
8/2/2009 13:20,279,19.5,20.5,70.8,67,29.1,0.18,37094,0,0
8/2/2009 13:30,266,15.8,17.6,71,68,29.1,0.18,37094,0,0
8/2/2009 13:40,267,16,17.2,71.2,67,29.1,0.18,37094,0,0
8/2/2009 13:50,264,13.1,14.8,71.2,68,29.1,0.18,37094,0,0
8/2/2009 14:00,289,12.9,15.2,71.4,65,29.1,0.18,37094,0,0
8/2/2009 14:10,283,13.4,17.2,71.2,69,29.1,0.18,37094,0,0
8/2/2009 14:20,297,15.7,17.8,71.2,68,29.1,0.18,37094,0,0
8/2/2009 14:30,296,9.4,10.8,71.7,64,29.1,0.18,37094,0,0
8/2/2009 14:40,261,13.9,15.9,72.1,57,29.1,0.18,37094,0,0
8/2/2009 14:50,260,17.5,19.6,71.9,56,29.1,0.18,37094,0,0
8/2/2009 15:00,258,10,10.7,72.1,58,29.1,0.18,37094,0,0
8/2/2009 15:10,273,9,9.3,72.1,58,29.1,0.18,37094,0,0
8/2/2009 15:20,286,18.6,20.3,72.1,56,29.1,0.18,37094,0,0
8/2/2009 15:30,271,19.4,20.6,72.1,54,29.1,0.18,37094,0,0
8/2/2009 15:40,272,16.5,17.8,71.9,54,29.1,0.18,37094,0,0
8/2/2009 15:50,274,17,19,71.9,52,29.1,0.18,37094,0,0
8/2/2009 16:00,280,14.3,16.3,71.9,53,29.1,0.18,37094,0,0
8/2/2009 16:10,278,15.5,16.4,71.7,56,29.1,0.18,37094,0,0
8/2/2009 16:20,290,6,9.4,71.7,55,29.1,0.18,37094,0,0
8/2/2009 16:30,287,12.7,14.1,71.6,57,29.1,0.18,37094,0,0
8/2/2009 16:40,269,14.9,16.6,71.4,59,29.1,0.18,37094,0,0
8/2/2009 16:50,255,6.2,9.6,71.2,62,29.1,0.18,37094,0,0
8/2/2009 17:00,249,11.2,12.1,71,60,29.1,0.18,37094,0,0
8/2/2009 17:10,238,12,14.1,70.8,63,29.1,0.18,37094,0,0
8/2/2009 17:20,259,6.6,7.8,70.7,64,29.1,0.18,37094,0,0
8/2/2009 17:30,270,9.8,11,70.7,62,29.1,0.18,37094,0,0
8/2/2009 17:40,276,13.7,14.5,70.7,64,29.1,0.18,37094,0,0
8/2/2009 17:50,280,14,15.4,70.7,62,29.1,0.18,37094,0,0
8/2/2009 18:00,220,8.5,9.4,69.9,64,29.1,0.18,37094,0,0
8/2/2009 18:10,197,6.9,7.5,68.3,67,29.1,0.18,37094,0,0
8/2/2009 18:20,207,6.8,7.4,67.6,70,29.1,0.18,37094,0,0
8/2/2009 18:30,198,6.4,7,67.1,71,29.1,0.18,37094,0,0
8/2/2009 18:40,192,6.6,7.3,66.7,72,29.1,0.18,37094,0,0
8/2/2009 18:50,196,7.2,8.6,66.3,72,29.1,0.18,37094,0,0
8/2/2009 19:00,205,6.3,7.1,66.2,72,29.1,0.18,37094,0,0
8/2/2009 19:10,192,7.3,8.6,66.2,72,29.1,0.18,37094,0,0
8/2/2009 19:20,188,6.8,9,66.2,72,29.1,0.18,37094,0,0
8/2/2009 19:30,189,8.2,8.8,65.8,72,29.1,0.18,37094,0,0
8/2/2009 19:40,183,7.6,8.7,65.6,72,29.1,0.18,37094,0,0
8/2/2009 19:50,178,3.9,5.2,65.6,72,29.1,0.18,37094,0,0
8/2/2009 20:00,189,7.3,8.5,65.4,72,29.1,0.18,37094,0,0
8/2/2009 20:10,199,9.4,10.2,65.3,72,29.1,0.18,37094,0,0
8/2/2009 20:20,183,7.4,7.9,65.1,72,29.1,0.18,37094,0,0
8/2/2009 20:30,180,5.5,8.5,65.1,72,29.1,0.18,37094,0,0
8/2/2009 20:40,185,8.2,10,65.1,72,29.1,0.18,37094,0,0
8/2/2009 20:50,196,8.8,9.8,64.9,72,29.1,0.18,37094,0,0
8/2/2009 21:00,190,9.9,10.5,64.9,72,29.1,0,37094,0,0
8/2/2009 21:10,197,7,7.8,64.7,72,29.1,0,37094,0,0
8/2/2009 21:20,191,6.5,6.8,64.5,72,29.1,0,37094,0,0
8/2/2009 21:30,179,10.5,12.7,64.4,72,29.1,0,37094,0,0
8/2/2009 21:40,175,7.3,9.4,64.4,72,29.1,0,37094,0,0
8/2/2009 21:50,182,11.2,11.6,64.4,71,29.2,0,37094,0,0
8/2/2009 22:00,185,8.1,9.3,64.2,72,29.2,0,37094,0,0
8/2/2009 22:10,177,8.7,9.1,64.2,71,29.2,0,37094,0,0
8/2/2009 22:20,182,11.1,11.8,64,71,29.2,0,37094,0,0
8/2/2009 22:30,169,8,9.2,64,71,29.2,0,37094,0,0
8/2/2009 22:40,190,6.6,10,63.8,72,29.2,0,37094,0,0
8/2/2009 22:50,171,9.9,10.8,63.6,72,29.2,0,37094,0,0
8/2/2009 23:00,171,7.9,8.6,63.5,73,29.1,0,37094,0,0
8/2/2009 23:10,179,9.7,11.3,63.3,73,29.1,0,37094,0,0
8/2/2009 23:20,172,7,7.9,63.1,74,29.1,0,37094,0,0
8/2/2009 23:30,178,8,8.6,62.9,75,29.2,0,37094,0,0
8/2/2009 23:40,181,11.1,12.2,62.9,75,29.1,0,37094,0,0
8/2/2009 23:50,180,9,9.9,62.7,75,29.2,0,37094,0,0
8/3/2009 0:00,175,10.3,11.5,62.9,75,29.1,0,37094,0,0
8/3/2009 0:10,182,14.6,15.6,63.1,74,29.1,0,37094,0,0
8/3/2009 0:20,184,9.1,10,62.9,75,29.1,0,37094,0,0
8/3/2009 0:30,176,9,10,63.1,74,29.1,0,37094,0,0
8/3/2009 0:40,184,6.3,7.6,63.5,74,29.2,0,37094,0,0
8/3/2009 0:50,183,8.8,11,63.8,73,29.2,0,37094,0,0
8/3/2009 1:00,186,7.4,8.5,64,72,29.2,0,37094,0,0
8/3/2009 1:10,188,8.2,9.6,64,72,29.2,0,37094,0,0
8/3/2009 1:20,176,5.9,6.8,63.6,73,29.2,0,37094,0,0
8/3/2009 1:30,180,9.1,9.4,63.5,74,29.2,0,37094,0,0
8/3/2009 1:40,180,9.4,9.9,63.1,75,29.1,0,37094,0,0
8/3/2009 1:50,169,5.6,8.1,62.9,75,29.1,0,37094,0,0
8/3/2009 2:00,184,9.5,10.4,62.7,76,29.2,0,37094,0,0
8/3/2009 2:10,175,7.8,9.5,62.6,76,29.2,0,37094,0,0
8/3/2009 2:20,167,8.2,8.5,62.4,77,29.2,0,37094,0,0
8/3/2009 2:30,170,5.5,7.2,62,78,29.2,0,37094,0,0
8/3/2009 2:40,176,7.7,9.7,61.7,79,29.2,0,37094,0,0
8/3/2009 2:50,188,5.7,8.2,61.3,80,29.2,0,37094,0,0
8/3/2009 3:00,176,10.1,11.8,60.9,80,29.2,0,37094,0,0
8/3/2009 3:10,180,6.8,8,60.8,81,29.2,0,37094,0,0
8/3/2009 3:20,192,5.2,7,60.8,81,29.2,0,37094,0,0
8/3/2009 3:30,160,3.1,4.8,60.8,80,29.2,0,37094,0,0
8/3/2009 3:40,175,11.2,12.6,60.9,80,29.2,0,37094,0,0
8/3/2009 3:50,177,6.8,7.7,61.3,79,29.2,0,37094,0,0
8/3/2009 4:00,170,8.9,9.7,61.5,79,29.2,0,37094,0,0
8/3/2009 4:10,185,10.8,12.9,61.7,78,29.2,0,37094,0,0
8/3/2009 4:20,183,11.5,13.5,62,78,29.2,0,37094,0,0
8/3/2009 4:30,193,10.3,11.2,62.6,77,29.2,0,37094,0,0
8/3/2009 4:40,177,6.4,8.6,62.9,76,29.2,0,37094,0,0
8/3/2009 4:50,177,3.4,4.7,63.5,76,29.2,0,37094,0,0
8/3/2009 5:00,201,9.3,10.1,64,74,29.2,0,37094,0,0
8/3/2009 5:10,235,4.5,5.5,64.7,73,29.2,0,37094,0,0
8/3/2009 5:20,150,7.7,9.9,65.1,72,29.2,0,37094,0,0
8/3/2009 5:30,179,3.1,4.2,65.8,72,29.2,0,37094,0,0
8/3/2009 5:40,174,8,8.7,66.3,71,29.2,0,37094,0,0
8/3/2009 5:50,131,2.3,3.6,66.9,69,29.2,0,37094,0,0
8/3/2009 6:00,166,5,5.7,67.8,69,29.2,0,37094,0,0
8/3/2009 6:10,162,5.9,7.7,68.3,67,29.2,0,37094,0,0
8/3/2009 6:20,197,2.8,3.5,69.2,66,29.2,0,37094,0,0
8/3/2009 6:30,274,5.8,6.7,69.6,68,29.2,0,37094,0,0
8/3/2009 6:40,206,6.4,6.7,69.8,67,29.2,0,37094,0,0
8/3/2009 6:50,264,5.1,5.9,70.8,65,29.2,0,37094,0,0
8/3/2009 7:00,312,2.1,3.1,71.4,65,29.2,0,37094,0,0
8/3/2009 7:10,282,8.3,9.5,69.6,69,29.2,0,37094,0,0
8/3/2009 7:20,273,5.3,6.6,70.1,71,29.2,0,37094,0,0
8/3/2009 7:30,233,7.5,7.9,71,65,29.2,0,37094,0,0
8/3/2009 7:40,244,9.8,10.6,71.2,66,29.2,0,37094,0,0
8/3/2009 7:50,295,10.8,11.4,71.4,69,29.2,0,37094,0,0
8/3/2009 8:00,250,11.1,12.2,71.6,63,29.2,0,37094,0,0
8/3/2009 8:10,254,4.2,5.5,72.1,66,29.2,0,37094,0,0
8/3/2009 8:20,279,10.4,12.3,71,69,29.2,0,37094,0,0
8/3/2009 8:30,281,11.1,12.2,70.1,70,29.2,0,37094,0,0
8/3/2009 8:40,284,10.5,11.7,71.4,65,29.2,0,37094,0,0
8/3/2009 8:50,269,7.6,8.2,71.7,63,29.2,0,37094,0,0
8/3/2009 9:00,242,10,10.7,72.1,60,29.2,0,37094,0,0
8/3/2009 9:10,259,10.4,12,72.3,58,29.2,0,37094,0,0
8/3/2009 9:20,255,6.7,9,72.3,57,29.2,0,37094,0,0
8/3/2009 9:30,285,9.7,11,72.8,48,29.2,0,37094,0,0
8/3/2009 9:40,285,9.2,10.2,72.5,52,29.2,0,37094,0,0
8/3/2009 9:50,283,14.2,14.7,72.1,51,29.2,0,37094,0,0
8/3/2009 10:00,298,10.2,10.9,72.3,53,29.2,0,37094,0,0
8/3/2009 10:10,283,5.2,5.5,72.1,55,29.2,0,37094,0,0
8/3/2009 10:20,281,11,12.3,72.5,52,29.2,0,37094,0,0
8/3/2009 10:30,266,10,10.7,72.3,53,29.2,0,37094,0,0
8/3/2009 10:40,280,9.4,9.7,72.5,54,29.2,0,37094,0,0
8/3/2009 10:50,295,9.9,10.8,72.6,54,29.2,0,37094,0,0
8/3/2009 11:00,282,6.9,8.3,73.4,54,29.2,0,37094,0,0
8/3/2009 11:10,295,3.9,4.3,73.2,51,29.2,0,37094,0,0
8/3/2009 11:20,286,6.9,7.2,73.4,53,29.2,0,37094,0,0
8/3/2009 11:30,332,4.1,4.5,73.7,55,29.2,0,37094,0,0
8/3/2009 11:40,81,1.7,2.3,75.3,49,29.2,0,37094,0,0
8/3/2009 11:50,266,3.2,5,76.2,51,29.2,0,37094,0,0
8/3/2009 12:00,276,7.5,8.4,77.3,42,29.2,0,37094,0,0
8/3/2009 12:10,208,16.3,17.7,77.1,41,29.1,0,37094,0,0
8/3/2009 12:20,185,16,16.8,77.7,40,29.1,0,37094,0,0
8/3/2009 12:30,176,7,11,77.9,43,29.1,0,37094,0,0
8/3/2009 12:40,197,4.5,8,78.2,43,29.1,0,37094,0,0
8/3/2009 12:50,205,17.7,19,78.2,42,29.1,0,37094,0,0
8/3/2009 13:00,163,7.4,11.4,77.9,42,29.1,0,37094,0,0
8/3/2009 13:10,178,9.9,11,78.4,43,29.1,0,37094,0,0
8/3/2009 13:20,216,17.5,18.8,78.4,43,29.1,0,37094,0,0
8/3/2009 13:30,179,17.8,19.2,78,42,29.1,0,37094,0,0
8/3/2009 13:40,198,11.4,13.4,78.8,44,29.1,0,37094,0,0
8/3/2009 13:50,204,11.3,12.9,78.8,44,29.1,0,37094,0,0
8/3/2009 14:00,198,4.1,6,78.4,44,29.1,0,37094,0,0
8/3/2009 14:10,189,6.1,8.4,78.4,45,29.1,0,37094,0,0
8/3/2009 14:20,162,5.8,7.3,77.9,45,29.1,0,37094,0,0
8/3/2009 14:30,201,7,9.1,77.9,45,29.1,0,37094,0,0
8/3/2009 14:40,191,8.1,10,78.2,45,29.1,0,37094,0,0
8/3/2009 14:50,192,16.5,18,78.2,44,29.1,0,37094,0,0
8/3/2009 15:00,177,9.7,10.8,78.2,44,29.1,0,37094,0,0
8/3/2009 15:10,168,4.9,6.5,77.9,45,29.1,0,37094,0,0
8/3/2009 15:20,171,11.6,13.9,77.7,45,29.1,0,37094,0,0
8/3/2009 15:30,180,13.4,17.8,77.7,46,29.1,0,37094,0,0
8/3/2009 15:40,150,11.3,14.3,77.5,47,29.1,0,37094,0,0
8/3/2009 15:50,185,19.9,21.3,77.5,47,29.1,0,37094,0,0
8/3/2009 16:00,191,16.6,18.4,77,49,29.1,0,37094,0,0
8/3/2009 16:10,179,12.5,13.7,77,50,29.1,0,37094,0,0
8/3/2009 16:20,61,7.5,11.7,76.6,52,29.1,0,37094,0,0
8/3/2009 16:30,182,7.8,10.6,76.4,52,29.1,0,37094,0,0
8/3/2009 16:40,184,12.9,14.3,76.1,52,29.1,0,37094,0,0
8/3/2009 16:50,158,9.3,10.1,75.5,53,29.1,0,37094,0,0
8/3/2009 17:00,139,13.8,16.5,75.2,53,29.1,0,37094,0,0
8/3/2009 17:10,181,10.9,15,75,54,29.1,0,37094,0,0
8/3/2009 17:20,159,5.3,7.9,74.8,54,29.1,0,37094,0,0
8/3/2009 17:30,168,16.1,19.1,74.6,55,29.1,0,37094,0,0
8/3/2009 17:40,195,16.9,18.4,74.3,56,29.1,0,37094,0,0
8/3/2009 17:50,183,15.5,17.3,74.3,56,29.1,0,37094,0,0
8/3/2009 18:00,179,15.2,18.2,74.1,56,29.1,0,37094,0,0
8/3/2009 18:10,175,6.7,9.1,73.9,57,29.1,0,37094,0,0
8/3/2009 18:20,162,17.2,19.7,73.7,57,29.1,0,37094,0,0
8/3/2009 18:30,187,12.2,14.3,73.5,58,29.1,0,37094,0,0
8/3/2009 18:40,191,18.6,19.5,73.5,57,29.1,0,37094,0,0
8/3/2009 18:50,181,9,11.5,73.9,57,29.1,0,37094,0,0
8/3/2009 19:00,182,16.8,20.4,73.9,56,29.1,0,37094,0,0
8/3/2009 19:10,193,16.7,18.5,74.1,56,29.1,0,37094,0,0
8/3/2009 19:20,190,15.2,16.3,74.1,56,29.1,0,37094,0,0
8/3/2009 19:30,175,14.3,16.9,74.1,56,29.1,0,37094,0,0
8/3/2009 19:40,183,15.1,19.7,74.1,56,29.1,0,37094,0,0
8/3/2009 19:50,174,14.6,15.6,74.1,56,29.1,0,37094,0,0
8/3/2009 20:00,119,12.9,14.1,74.1,56,29.1,0,37094,0,0
8/3/2009 20:10,211,10.8,12.7,73.9,57,29.1,0,37094,0,0
8/3/2009 20:20,158,9.3,12.1,73.7,57,29.1,0,37094,0,0
8/3/2009 20:30,203,18.9,20,73.7,58,29.1,0,37094,0,0
8/3/2009 20:40,196,8.4,13.8,73.7,58,29.1,0,37094,0,0
8/3/2009 20:50,193,21.7,22.7,73.5,58,29.1,0,37094,0,0
8/3/2009 21:00,183,23,24.5,73.5,59,29.1,0,37094,0,0
8/3/2009 21:10,203,19.9,20.9,73.4,59,29.1,0,37094,0,0
8/3/2009 21:20,185,12.4,14.2,73.4,59,29.1,0,37094,0,0
8/3/2009 21:30,177,17.4,19.9,73.2,59,29.1,0,37094,0,0
8/3/2009 21:40,167,9.6,13.2,73,60,29.1,0,37094,0,0
8/3/2009 21:50,218,11.1,11.8,72.8,60,29.1,0,37094,0,0
8/3/2009 22:00,210,8.3,9.2,72.6,61,29.1,0,37094,0,0
8/3/2009 22:10,203,14.9,18.4,72.5,61,29.1,0,37094,0,0
8/3/2009 22:20,239,9,11.1,72.6,61,29.1,0,37094,0,0
8/3/2009 22:30,260,4.1,5.4,72.6,61,29.1,0,37094,0,0
8/3/2009 22:40,202,7.5,8.2,72.8,61,29.1,0,37094,0,0
8/3/2009 22:50,201,6.9,7.8,72.5,62,29.1,0,37094,0,0
8/3/2009 23:00,181,9.2,10.3,72.3,62,29.1,0,37094,0,0
8/3/2009 23:10,205,9,11,72.1,63,29.1,0,37094,0,0
8/3/2009 23:20,170,3.7,5.3,71.9,64,29.1,0,37094,0,0
8/3/2009 23:30,202,11.5,13.1,71.7,64,29.1,0,37094,0,0
8/3/2009 23:40,187,14.9,15.9,71.4,65,29.1,0,37094,0,0
8/3/2009 23:50,186,12.6,14.2,71.2,65,29.1,0,37094,0,0
8/4/2009 0:00,202,10.8,13.1,71.2,66,29.1,0,37094,0,0
8/4/2009 0:10,193,15.5,16.8,71.2,66,29.1,0,37094,0,0
8/4/2009 0:20,196,10.3,14.1,71.4,66,29.1,0,37094,0,0
8/4/2009 0:30,185,11.3,14,71.2,66,29.1,0,37094,0,0
8/4/2009 0:40,185,7.7,8.4,71.4,66,29.1,0,37094,0,0
8/4/2009 0:50,197,11.5,13.1,71.4,66,29.1,0,37094,0,0
8/4/2009 1:00,175,11.6,12.8,71.6,66,29.1,0,37094,0,0
8/4/2009 1:10,207,13.5,15.5,71.6,66,29.1,0,37094,0,0
8/4/2009 1:20,187,19,20.2,71.2,67,29.1,0,37094,0,0
8/4/2009 1:30,220,14.3,16.2,70.8,68,29.1,0,37094,0,0
8/4/2009 1:40,191,8.5,10.3,70.8,68,29.1,0,37094,0,0
8/4/2009 1:50,177,7.4,9.4,70.7,69,29.1,0,37094,0,0
8/4/2009 2:00,187,11.5,11.8,70.5,70,29.1,0,37094,0,0
8/4/2009 2:10,181,13.1,14,70.1,71,29.1,0,37094,0,0
8/4/2009 2:20,166,14.7,16.9,69.9,71,29.1,0,37094,0,0
8/4/2009 2:30,166,7.8,11.2,69.8,72,29.1,0,37094,0,0
8/4/2009 2:40,187,13.1,17.4,69.4,72,29.1,0,37094,0,0
8/4/2009 2:50,179,15.5,16.8,69.4,72,29.1,0,37094,0,0
8/4/2009 3:00,179,8.6,10.2,69.4,73,29.1,0,37094,0,0
8/4/2009 3:10,182,7,9.6,69.2,73,29.1,0,37094,0,0
8/4/2009 3:20,194,9,11.6,69,74,29.1,0,37094,0,0
8/4/2009 3:30,145,6.6,8.9,69,74,29.1,0,37094,0,0
8/4/2009 3:40,194,17.3,18.4,69,74,29.1,0,37094,0,0
8/4/2009 3:50,138,6.9,11,69,74,29.1,0,37094,0,0
8/4/2009 4:00,157,9.9,11.3,69,74,29.1,0,37094,0,0
8/4/2009 4:10,138,5.6,7.8,69.2,74,29.1,0,37094,0,0
8/4/2009 4:20,191,12.3,15,69.4,73,29.1,0,37094,0,0
8/4/2009 4:30,169,10.5,12.1,69.8,73,29.1,0,37094,0,0
8/4/2009 4:40,186,6.9,9.3,70.3,72,29.1,0,37094,0,0
8/4/2009 4:50,180,10.7,13.6,71,71,29.1,0,37094,0,0
8/4/2009 5:00,195,14.9,17.4,71.4,70,29.1,0,37094,0,0
8/4/2009 5:10,141,3.3,8.1,71.7,69,29.1,0,37094,0,0
8/4/2009 5:20,181,9.6,10.9,71.7,70,29.1,0,37094,0,0
8/4/2009 5:30,191,11.4,13.3,71.9,70,29.1,0,37094,0,0
8/4/2009 5:40,89,4.6,5.8,72.5,69,29.1,0,37094,0,0
8/4/2009 5:50,203,9,9.6,72.6,68,29.1,0,37094,0,0
8/4/2009 6:00,161,14.4,18.9,73,68,29.1,0,37094,0,0
8/4/2009 6:10,198,15.8,17.3,73,68,29.1,0,37094,0,0
8/4/2009 6:20,172,15.2,17.4,73.5,67,29.1,0,37094,0,0
8/4/2009 6:30,216,3.9,10.7,74.3,67,29.1,0,37094,0,0
8/4/2009 6:40,61,5.3,8.4,74.3,66,29.1,0,37094,0,0
8/4/2009 6:50,191,12.8,14.7,74.4,66,29.1,0,37094,0,0
8/4/2009 7:00,15,5.3,6.5,75,64,29.1,0,37094,0,0
8/4/2009 7:10,205,6.5,11.2,76.1,64,29.1,0,37094,0,0
8/4/2009 7:20,144,5.8,9.1,75.7,64,29.1,0,37094,0,0
8/4/2009 7:30,198,10.1,11.4,75.9,65,29.1,0,37094,0,0
8/4/2009 7:40,213,19.7,20.6,76.4,62,29.1,0,37094,0,0
8/4/2009 7:50,193,14,15,76.4,62,29,0,37094,0,0
8/4/2009 8:00,194,16.9,18.2,77,62,29.1,0,37094,0,0
8/4/2009 8:10,171,10.4,13.1,77.1,61,29.1,0,37094,0,0
8/4/2009 8:20,182,10.5,11.4,77,62,29.1,0,37094,0,0
8/4/2009 8:30,208,19.2,21,77,62,29.1,0,37094,0,0
8/4/2009 8:40,167,7.8,12.5,77,63,29.1,0,37094,0,0
8/4/2009 8:50,225,5.5,6.5,77.5,63,29.1,0,37094,0,0
8/4/2009 9:00,212,7,8.3,78.2,63,29.1,0,37164,0,0
8/4/2009 9:10,207,17.3,18.3,77.9,61,29.1,0,37164,0,0
8/4/2009 9:20,240,16.2,18,78.2,62,29.1,0,37164,0,0
8/4/2009 9:30,180,8.4,12.6,78.4,62,29.1,0,37164,0,0
8/4/2009 9:40,207,14.6,17.5,78.6,61,29.1,0,37164,0,0
8/4/2009 9:50,221,15.3,17,78.9,60,29,0,37164,0,0
8/4/2009 10:00,196,16.2,16.9,79.5,61,29,0,37164,0,0
8/4/2009 10:10,123,5.2,10.4,79.5,61,29,0,37164,0,0
8/4/2009 10:20,213,19,21.4,79.8,59,29,0,37164,0,0
8/4/2009 10:30,185,14.1,16.6,80.2,60,29,0,37164,0,0
8/4/2009 10:40,180,7.6,10.4,79.7,61,29,0,37164,0,0
8/4/2009 10:50,214,16.3,20.5,79.7,60,29,0,37164,0,0
8/4/2009 11:00,220,8.9,13.2,79.8,61,29,0,37164,0,0
8/4/2009 11:10,194,14.4,18.3,79.3,62,29,0,37164,0,0
8/4/2009 11:20,215,7.3,8.8,79.1,63,29,0,37164,0,0
8/4/2009 11:30,212,8.6,9.3,79.1,63,29,0,37164,0,0
8/4/2009 11:40,205,19.3,20.8,79.8,61,29,0,37164,0,0
8/4/2009 11:50,197,7.4,12.7,80,62,29,0,37164,0,0
8/4/2009 12:00,178,9.3,10.6,80,61,29,0,37164,0,0
8/4/2009 12:10,218,14.9,16.3,80,62,29,0,37164,0,0
8/4/2009 12:20,216,13.2,15.9,79.8,63,29,0,37164,0,0
8/4/2009 12:30,204,15.5,16.6,80.2,62,29,0,37164,0,0
8/4/2009 12:40,301,9.7,11,79.5,65,29,0,37164,0,0
8/4/2009 12:50,295,6.6,7.4,75.7,75,29,0,37164,0,0
8/4/2009 13:00,255,8.9,10.1,76.1,75,29,0,37164,0,0
8/4/2009 13:10,259,8.6,9.6,76.2,75,29,0,37164,0,0
8/4/2009 13:20,38,1.9,3.1,76.2,76,29,0,37164,0,0
8/4/2009 13:30,252,5,6.6,75.9,77,29,0,37164,0,0
8/4/2009 13:40,225,9.3,10.4,75.9,75,29,0,37164,0,0
8/4/2009 13:50,276,5.7,6.7,75.7,76,29,0,37164,0,0
8/4/2009 14:00,228,8.9,10,75.7,77,29,0,37164,0,0
8/4/2009 14:10,295,5.5,6.3,75.3,77,29,0,37164,0,0
8/4/2009 14:20,245,3.9,4.4,75,79,29,0,37164,0,0
8/4/2009 14:30,230,11.4,12.3,75.3,76,29,0,37174,0,0
8/4/2009 14:40,241,12.6,14.1,76.1,75,29,0,37174,0,0
8/4/2009 14:50,228,10.9,11.6,76.4,75,29,0,37174,0,0
8/4/2009 15:00,203,2.1,3.2,76.4,77,29,0,37174,0,0
8/4/2009 15:10,187,3.8,4.1,76.8,76,29,0,37174,0,0
8/4/2009 15:20,181,1.5,1.9,77.3,76,29,0,37174,0,0
8/4/2009 15:30,169,4.8,5.4,77.1,75,29,0,37174,0,0
8/4/2009 15:40,184,7.5,8,76.8,75,29,0,37174,0,0
8/4/2009 15:50,191,4.9,6.2,76.8,77,29,0,37174,0,0
8/4/2009 16:00,208,3.6,4.6,76.8,78,29,0,37174,0,0
8/4/2009 16:10,188,7.9,9.1,76.6,79,29,0,37174,0,0
8/4/2009 16:20,192,4.2,5,76.4,79,29,0,37174,0,0
8/4/2009 16:30,80,2.8,4.9,76.4,79,29,0,37174,0,0
8/4/2009 16:40,195,4.4,4.7,76.2,80,29,0,37174,0,0
8/4/2009 16:50,223,3.3,3.6,76.1,81,29,0,37174,0,0
8/4/2009 17:00,195,2.4,2.8,76.1,82,29,0,37174,0,0
8/4/2009 17:10,188,5.6,6,75.9,82,29,0,37174,0,0
8/4/2009 17:20,184,6,6.5,75.7,81,29,0,37174,0,0
8/4/2009 17:30,184,7.5,9.6,75.5,80,29,0,37174,0,0
8/4/2009 17:40,167,3.7,5,75.2,81,29,0,37174,0,0
8/4/2009 17:50,181,7.9,9.3,74.6,83,29,0,37174,0,0
8/4/2009 18:00,200,6.5,7.8,74.3,83,29,0,37174,0,0
8/4/2009 18:10,200,4.2,4.6,74.3,83,29,0,37174,0,0
8/4/2009 18:20,200,7.4,8.9,74.1,82,29,0,37174,0,0
8/4/2009 18:30,184,9,9.8,73.7,83,29,0,37174,0,0
8/4/2009 18:40,186,9.1,11,73.2,85,29,0,37174,0,0
8/4/2009 18:50,200,7,9,73.2,84,29,0,37174,0,0
8/4/2009 19:00,192,11.1,11.9,73.4,83,29,0,37174,0,0
8/4/2009 19:10,191,6.7,7.8,73.4,82,29,0,37174,0,0
8/4/2009 19:20,174,12.3,12.9,73.4,82,29,0,37174,0,0
8/4/2009 19:30,177,6,8.4,73.4,82,29,0,37174,0,0
8/4/2009 19:40,190,5.1,7,73,82,29,0,37174,0,0
8/4/2009 19:50,198,10.3,11,72.8,82,29,0,37174,0,0
8/4/2009 20:00,198,11,11.5,72.8,82,29,0,37174,0,0
8/4/2009 20:10,211,10,10.4,72.6,81,29,0,37174,0,0
8/4/2009 20:20,176,7,8.6,72.6,81,29,0,37174,0,0
8/4/2009 20:30,198,5.8,7.6,72.5,81,29,0,37174,0,0
8/4/2009 20:40,199,7.6,8.5,72.6,80,29,0,37174,0,0
8/4/2009 20:50,208,12.7,13.9,72.6,79,29,0,37174,0,0
8/4/2009 21:00,215,18.2,19.3,73,77,29,0,37174,0,0
8/4/2009 21:10,226,8.5,10.9,73.2,76,29.1,0,37174,0,0
8/4/2009 21:20,220,7,8.2,73.4,76,29.1,0,37174,0,0
8/4/2009 21:30,222,6.4,7,73.2,77,29.1,0,37174,0,0
8/4/2009 21:40,231,6.6,7.5,72.8,78,29.1,0,37174,0,0
8/4/2009 21:50,353,10.2,11.6,70.8,81,29.1,0,37184,0,0
8/4/2009 22:00,27,14.6,16,68.9,78,29.1,0,37354,0.08,0.08
8/4/2009 22:10,345,12.7,17.9,68,73,29.1,0,37444,0,0
8/4/2009 22:20,0,9.8,12.1,67.4,73,29.1,0.01,37574,0.19,0.19
8/4/2009 22:30,47,5.9,7,66,74,29.1,0.02,37734,0,0
8/4/2009 22:40,12,8.7,10.6,65.8,75,29.1,0.02,37734,0,0
8/4/2009 22:50,352,3.1,3.7,65.4,73,29.1,0.02,37734,0,0
8/4/2009 23:00,6,1.6,2.6,65.8,72,29.1,0.02,37734,0,0
8/4/2009 23:10,9,3.7,5.1,66,71,29.1,0.02,37734,0,0
8/4/2009 23:20,13,8.1,10.3,66,70,29.1,0.02,37934,0,0
8/4/2009 23:30,59,6.2,7.4,65.6,69,29.1,0.02,38044,0,0
8/4/2009 23:40,81,2.7,3.5,65.4,69,29.1,0.02,38154,0,0
8/4/2009 23:50,347,4.2,6.1,65.8,67,29.1,0.02,38154,0,0
8/5/2009 0:00,354,6.9,7.8,65.6,66,29.1,0.02,38154,0,0
8/5/2009 0:10,19,8.8,9.7,65.4,66,29.1,0.02,38154,0,0
8/5/2009 0:20,5,14.1,15.3,65.4,63,29.1,0.02,38154,0,0
8/5/2009 0:30,7,10.8,11.8,65.3,63,29.1,0.02,38154,0,0
8/5/2009 0:40,55,10.2,11.8,65.4,63,29.1,0.02,38154,0,0
8/5/2009 0:50,27,7.3,7.8,65.3,61,29.2,0.02,38154,0,0
8/5/2009 1:00,21,8.3,10,65.3,60,29.2,0.02,38154,0,0
8/5/2009 1:10,351,8.5,9.2,65.3,56,29.2,0.02,38154,0,0
8/5/2009 1:20,17,6,7.8,65.3,56,29.2,0.02,38154,0,0
8/5/2009 1:30,345,6.7,7.8,65.3,56,29.2,0.02,38154,0,0
8/5/2009 1:40,43,8.2,8.6,65.4,55,29.2,0.02,38154,0,0
8/5/2009 1:50,10,5.3,6.1,65.3,56,29.2,0.02,38154,0,0
8/5/2009 2:00,10,8.6,10.3,65.1,56,29.2,0.02,38154,0,0
8/5/2009 2:10,31,7.2,7.9,64.9,55,29.2,0.02,38154,0,0
8/5/2009 2:20,9,10.6,11.4,64.5,55,29.2,0.02,38154,0,0
8/5/2009 2:30,320,4.6,5.8,64.2,55,29.2,0.02,38154,0,0
8/5/2009 2:40,13,7.6,8.3,63.8,56,29.2,0.02,38154,0,0
8/5/2009 2:50,344,6.3,7.6,63.6,58,29.2,0.02,38154,0,0
8/5/2009 3:00,343,7.7,8.8,63.5,59,29.2,0.02,38154,0,0
8/5/2009 3:10,6,5.1,7,63.1,60,29.2,0.02,38154,0,0
8/5/2009 3:20,10,6.6,7.6,62.9,62,29.2,0.02,38154,0,0
8/5/2009 3:30,16,6.9,7.6,62.9,61,29.2,0.02,38154,0,0
8/5/2009 3:40,359,11,13,62.9,61,29.2,0.02,38154,0,0
8/5/2009 3:50,352,2.7,4.5,62.9,61,29.2,0.02,38154,0,0
8/5/2009 4:00,5,3.4,4,63.1,60,29.2,0.02,38154,0,0
8/5/2009 4:10,25,5.7,6.8,62.7,62,29.2,0.02,38154,0,0
8/5/2009 4:20,328,5.9,6.5,62.7,62,29.2,0.02,38154,0,0
8/5/2009 4:30,355,6.3,6.8,62.7,63,29.2,0.02,38154,0,0
8/5/2009 4:40,0,8.3,8.8,62.7,63,29.2,0.02,38154,0,0
8/5/2009 4:50,322,3.3,4.2,62.7,64,29.2,0.02,38154,0,0
8/5/2009 5:00,350,5.3,5.6,62.7,65,29.2,0.02,38154,0,0
8/5/2009 5:10,4,8,8.3,62.6,63,29.2,0.02,38154,0,0
8/5/2009 5:20,346,6.2,6.7,62.9,64,29.2,0.02,38154,0,0
8/5/2009 5:30,28,4.8,5.5,62.9,65,29.2,0.02,38154,0,0
8/5/2009 5:40,16,5.2,5.9,62.9,65,29.2,0.02,38154,0,0
8/5/2009 5:50,57,4.1,4.6,62.9,66,29.2,0.02,38154,0,0
8/5/2009 6:00,6,9.1,10.6,63.1,62,29.2,0.02,38154,0,0
8/5/2009 6:10,22,10.1,12,63.1,61,29.2,0.02,38154,0,0
8/5/2009 6:20,6,10.8,11.4,63.1,64,29.2,0.02,38154,0,0
8/5/2009 6:30,358,5.7,7.1,63.1,64,29.2,0.02,38154,0,0
8/5/2009 6:40,35,7.8,8.9,63.3,64,29.2,0.02,38154,0,0
8/5/2009 6:50,331,6.7,7.8,63.6,61,29.2,0.02,38154,0,0
8/5/2009 7:00,46,2.5,4.2,63.5,62,29.2,0.02,38154,0,0
8/5/2009 7:10,343,2.4,2.7,63.6,63,29.2,0.02,38154,0,0
8/5/2009 7:20,0,5.5,6.7,64,63,29.2,0.02,38154,0,0
8/5/2009 7:30,41,4.6,5.7,64.4,60,29.2,0.02,38154,0,0
8/5/2009 7:40,14,2,2.5,64.9,61,29.2,0.02,38154,0,0
8/5/2009 7:50,70,5.6,6.5,64.7,61,29.2,0.02,38154,0,0
8/5/2009 8:00,77,1.3,2.5,65.8,59,29.2,0.02,38154,0,0
8/5/2009 8:10,38,5.9,6.1,65.6,58,29.2,0.02,38154,0,0
8/5/2009 8:20,313,4.5,5.5,66.2,57,29.2,0.02,38154,0,0
8/5/2009 8:30,342,4.7,5.9,66,56,29.2,0.02,38154,0,0
8/5/2009 8:40,305,4.9,5.6,66.3,55,29.2,0.02,38154,0,0
8/5/2009 8:50,318,4.3,5,66.3,56,29.2,0.02,38154,0,0
8/5/2009 9:00,334,8.9,9.9,66.2,54,29.2,0.02,38154,0,0
8/5/2009 9:10,354,8.7,9,66.3,53,29.2,0.02,38154,0,0
8/5/2009 9:20,4,6.6,7.3,66.3,54,29.2,0.02,38154,0,0
8/5/2009 9:30,343,5.1,6.8,66.3,54,29.2,0.02,38154,0,0
8/5/2009 9:40,1,5.8,6.2,66.2,52,29.2,0.02,38154,0,0
8/5/2009 9:50,335,5.9,6.5,66.3,54,29.2,0.02,38154,0,0
8/5/2009 10:00,323,5.5,6.4,66.5,52,29.2,0.02,38154,0,0
8/5/2009 10:10,345,3.1,4,66.9,53,29.2,0.02,38154,0,0
8/5/2009 10:20,340,5.2,6.1,67.4,53,29.2,0.02,38154,0,0
8/5/2009 10:30,334,5.2,5.5,67.1,54,29.2,0.02,38154,0,0
8/5/2009 10:40,1,6.1,6.6,66.9,54,29.2,0.02,38154,0,0
8/5/2009 10:50,273,3.5,4.2,67.2,55,29.2,0.02,38154,0,0
8/5/2009 11:00,329,7,7.6,66.9,52,29.2,0.02,38154,0,0
8/5/2009 11:10,284,2.5,4.1,67.2,53,29.2,0.02,38154,0,0
8/5/2009 11:20,315,6.7,7.9,67.1,51,29.2,0.02,38154,0,0
8/5/2009 11:30,314,6.3,6.9,67.4,54,29.2,0.02,38154,0,0
8/5/2009 11:40,310,5.3,5.9,67.4,52,29.2,0.02,38154,0,0
8/5/2009 11:50,330,3.7,4.8,67.4,53,29.2,0.02,38154,0,0
8/5/2009 12:00,279,4.8,6.4,67.2,53,29.2,0.02,38154,0,0
8/5/2009 12:10,330,5.6,5.8,67.1,51,29.2,0.02,38154,0,0
8/5/2009 12:20,295,5.8,6.7,67.2,54,29.2,0.02,38154,0,0
8/5/2009 12:30,283,6.3,6.8,67.8,52,29.2,0.02,38154,0,0
8/5/2009 12:40,283,8.6,9.7,67.8,53,29.2,0.02,38154,0,0
8/5/2009 12:50,305,6.8,7.3,67.8,54,29.2,0.02,38154,0,0
8/5/2009 13:00,286,8.7,9.1,67.1,53,29.2,0.02,38154,0,0
8/5/2009 13:10,286,8.7,9.1,67.4,56,29.2,0.02,38154,0,0
8/5/2009 13:20,293,6.8,7.3,67.6,54,29.2,0.02,38154,0,0
8/5/2009 13:30,270,7.2,7.7,67.2,55,29.2,0.02,38154,0,0
8/5/2009 13:40,314,7.3,7.8,67.6,56,29.2,0.02,38154,0,0
8/5/2009 13:50,281,9,9.7,67.6,56,29.2,0.02,38154,0,0
8/5/2009 14:00,281,10.3,11.3,67.6,57,29.2,0.02,38154,0,0
8/5/2009 14:10,252,10.1,10.5,67.6,56,29.2,0.02,38154,0,0
8/5/2009 14:20,284,5.9,6.7,68,58,29.2,0.02,38154,0,0
8/5/2009 14:30,265,7.5,8.5,67.8,57,29.2,0.02,38154,0,0
8/5/2009 14:40,299,3.8,4.2,68,57,29.2,0.02,38154,0,0
8/5/2009 14:50,254,6.3,6.7,68.1,56,29.2,0.02,38154,0,0
8/5/2009 15:00,287,8.2,8.6,68,55,29.2,0.02,38154,0,0
8/5/2009 15:10,258,9.3,10,68.3,55,29.2,0.02,38154,0,0
8/5/2009 15:20,260,9,9.7,68.1,56,29.2,0.02,38154,0,0
8/5/2009 15:30,281,2.9,4,68.3,59,29.2,0.02,38154,0,0
8/5/2009 15:40,288,6.5,7.2,68.1,57,29.2,0.02,38154,0,0
8/5/2009 15:50,282,5.7,6.3,68,57,29.2,0.02,38154,0,0
8/5/2009 16:00,285,2.5,3.6,68.3,56,29.2,0.02,38154,0,0
8/5/2009 16:10,264,5.9,6.8,68.1,57,29.2,0.02,38154,0,0
8/5/2009 16:20,236,5.1,5.7,68.1,58,29.2,0.02,38154,0,0
8/5/2009 16:30,248,5.1,5.5,68.1,57,29.2,0.02,38154,0,0
8/5/2009 16:40,258,4.2,4.5,68.1,59,29.2,0.02,38154,0,0
8/5/2009 16:50,259,4.9,5.2,67.8,58,29.2,0.02,38154,0,0
8/5/2009 17:00,239,4.8,5,67.6,60,29.2,0.02,38154,0,0
8/5/2009 17:10,227,3.9,4.4,67.2,60,29.2,0.02,38154,0,0
8/5/2009 17:20,212,5.1,5.8,66.9,61,29.2,0.02,38154,0,0
8/5/2009 17:30,197,3.4,3.9,66.7,61,29.2,0.02,38154,0,0
8/5/2009 17:40,197,3.8,4.6,66.5,62,29.2,0.02,38154,0,0
8/5/2009 17:50,216,4.8,5.1,66.3,62,29.2,0.02,38154,0,0
8/5/2009 18:00,226,4.3,4.7,66,63,29.2,0.02,38154,0,0
8/5/2009 18:10,182,2.8,3.6,65.6,64,29.2,0.02,38154,0,0
8/5/2009 18:20,183,2.5,2.9,65.1,66,29.2,0.02,38154,0,0
8/5/2009 18:30,176,3.8,4.1,64.9,67,29.2,0.02,38154,0,0
8/5/2009 18:40,187,5.5,6,65.1,66,29.2,0.02,38154,0,0
8/5/2009 18:50,185,5.5,5.9,64.9,66,29.2,0.02,38154,0,0
8/5/2009 19:00,169,3,3.7,64.4,68,29.2,0.02,38154,0,0
8/5/2009 19:10,49,1.4,1.8,63.8,69,29.2,0.02,38154,0,0
8/5/2009 19:20,147,3.8,4.6,64,70,29.2,0.02,38154,0,0
8/5/2009 19:30,176,4.4,4.7,63.6,70,29.2,0.02,38154,0,0
8/5/2009 19:40,199,6.1,7,63.5,71,29.2,0.02,38154,0,0
8/5/2009 19:50,174,4.4,4.8,63.1,71,29.2,0.02,38154,0,0
8/5/2009 20:00,172,6.2,6.6,62.6,73,29.2,0.02,38154,0,0
8/5/2009 20:10,165,6.4,6.9,61.8,75,29.2,0.02,38154,0,0
8/5/2009 20:20,176,6.2,6.8,61.5,75,29.2,0.02,38154,0,0
8/5/2009 20:30,167,4.3,4.6,61.3,75,29.2,0.02,38154,0,0
8/5/2009 20:40,181,7.8,8.2,61.3,75,29.2,0.02,38154,0,0
8/5/2009 20:50,176,7.6,8.2,61.1,75,29.2,0.02,38154,0,0
8/5/2009 21:00,174,6.2,7,60.9,75,29.2,0,38154,0,0
8/5/2009 21:10,137,4.2,6.2,60.6,76,29.2,0,38154,0,0
8/5/2009 21:20,160,5.8,7.1,60.6,76,29.2,0,38154,0,0
8/5/2009 21:30,181,6.1,6.7,60.8,75,29.2,0,38154,0,0
8/5/2009 21:40,172,5,5.7,60.6,76,29.2,0,38154,0,0
8/5/2009 21:50,171,5.5,6.1,60.4,76,29.2,0,38154,0,0
8/5/2009 22:00,172,7,7.7,60,77,29.2,0,38154,0,0
8/5/2009 22:10,176,6.9,7.3,60,78,29.2,0,38154,0,0
8/5/2009 22:20,163,7.4,7.9,59.9,78,29.2,0,38154,0,0
8/5/2009 22:30,165,7.6,9.3,59.9,78,29.2,0,38154,0,0
8/5/2009 22:40,164,7.3,8,59.9,78,29.2,0,38154,0,0
8/5/2009 22:50,154,5.7,6.7,59.7,79,29.2,0,38154,0,0
8/5/2009 23:00,158,6.2,6.7,59.3,79,29.2,0,38154,0,0
8/5/2009 23:10,183,6.8,8,59.1,80,29.2,0,38154,0,0
8/5/2009 23:20,186,5.3,6.2,59.1,80,29.2,0,38154,0,0
8/5/2009 23:30,177,6.1,8.4,59.1,80,29.2,0,38154,0,0
8/5/2009 23:40,183,9.8,10.8,59.1,79,29.2,0,38154,0,0
8/5/2009 23:50,179,7.4,8.2,59,79,29.2,0,38154,0,0
8/6/2009 0:00,173,4.3,5.1,59.1,79,29.2,0,38154,0,0
8/6/2009 0:10,183,7.8,8.9,59.1,79,29.2,0,38154,0,0
8/6/2009 0:20,182,7.8,8.8,59.1,79,29.2,0,38154,0,0
8/6/2009 0:30,167,6.1,7.6,58.8,79,29.2,0,38154,0,0
8/6/2009 0:40,178,6.6,7.9,58.8,79,29.2,0,38154,0,0
8/6/2009 0:50,179,7.8,8.5,58.8,79,29.2,0,38154,0,0
8/6/2009 1:00,179,9.3,10,58.6,79,29.2,0,38154,0,0
8/6/2009 1:10,176,8.3,9.2,58.6,79,29.2,0,38154,0,0
8/6/2009 1:20,163,6.4,7.4,58.6,79,29.2,0,38154,0,0
8/6/2009 1:30,175,6.7,7.5,58.6,79,29.2,0,38154,0,0
8/6/2009 1:40,188,6.3,7.1,58.6,79,29.2,0,38154,0,0
8/6/2009 1:50,193,6.9,7.6,58.8,79,29.2,0,38154,0,0
8/6/2009 2:00,176,6.9,8.1,58.8,78,29.2,0,38154,0,0
8/6/2009 2:10,192,7.6,9.1,58.6,79,29.2,0,38154,0,0
8/6/2009 2:20,176,5,5.8,58.6,79,29.2,0,38154,0,0
8/6/2009 2:30,179,6.1,7,58.8,78,29.2,0,38154,0,0
8/6/2009 2:40,186,5.5,6.3,58.6,79,29.2,0,38154,0,0
8/6/2009 2:50,179,5,6.5,58.8,78,29.2,0,38154,0,0
8/6/2009 3:00,167,6.5,8.2,58.8,78,29.2,0,38154,0,0
8/6/2009 3:10,182,6.6,7.5,58.8,78,29.2,0,38154,0,0
8/6/2009 3:20,182,8.8,9.3,58.8,78,29.2,0,38154,0,0
8/6/2009 3:30,193,6.8,9.3,59,78,29.2,0,38154,0,0
8/6/2009 3:40,166,3.5,4,59,78,29.2,0,38154,0,0
8/6/2009 3:50,169,5.3,6.4,59.1,78,29.2,0,38154,0,0
8/6/2009 4:00,173,7,8.2,59.3,77,29.2,0,38154,0,0
8/6/2009 4:10,177,5.2,5.7,60,76,29.2,0,38154,0,0
8/6/2009 4:20,191,8.4,9.3,60.8,73,29.2,0,38154,0,0
8/6/2009 4:30,192,8.2,9.3,61.5,72,29.2,0,38154,0,0
8/6/2009 4:40,185,6.5,7.6,61.7,72,29.2,0,38154,0,0
8/6/2009 4:50,181,6.5,7.8,62,72,29.2,0,38154,0,0
8/6/2009 5:00,191,4.2,5.2,62.4,72,29.2,0,38154,0,0
8/6/2009 5:10,187,6.2,7.4,62.4,71,29.2,0,38154,0,0
8/6/2009 5:20,186,9.5,9.9,62.6,70,29.2,0,38154,0,0
8/6/2009 5:30,195,9.7,10.6,62.6,71,29.2,0,38154,0,0
8/6/2009 5:40,196,5.5,7.1,62.9,71,29.2,0,38154,0,0
8/6/2009 5:50,198,6.8,7.6,63.1,71,29.2,0,38154,0,0
8/6/2009 6:00,201,9.6,10.6,63.3,70,29.2,0,38154,0,0
8/6/2009 6:10,193,5.7,6.4,63.5,69,29.2,0,38154,0,0
8/6/2009 6:20,203,6.5,7.2,63.8,68,29.2,0,38154,0,0
8/6/2009 6:30,184,6.2,7,64.5,67,29.2,0,38154,0,0
8/6/2009 6:40,198,2.6,4.1,64.9,66,29.2,0,38154,0,0
8/6/2009 6:50,186,2.6,3,65.3,66,29.2,0,38154,0,0
8/6/2009 7:00,207,5.7,6.2,65.6,65,29.2,0,38154,0,0
8/6/2009 7:10,201,6.9,7.9,66.2,61,29.2,0,38254,0,0
8/6/2009 7:20,279,1.9,3,66,61,29.2,0,38284,0,0
8/6/2009 7:30,241,2.9,3.1,66.2,59,29.2,0,38464,0,0
8/6/2009 7:40,204,5.1,6,66.3,59,29.2,0,38554,0,0
8/6/2009 7:50,213,4.9,5.5,66.3,61,29.3,0,38744,0,0
8/6/2009 8:00,225,5.1,5.5,65.4,65,29.3,0,39004,0.01,0.01
8/6/2009 8:10,193,2.2,2.7,64.9,70,29.2,0,39244,0,0
8/6/2009 8:20,231,2.8,3.2,65.1,74,29.2,0,39254,0,0
8/6/2009 8:30,191,0.9,1.7,65.3,74,29.2,0,39324,0,0
8/6/2009 8:40,182,2.6,3.3,65.3,73,29.2,0,39324,0,0
8/6/2009 8:50,183,3.6,4.2,64.5,80,29.2,0,39324,0,0
8/6/2009 9:00,190,4.5,5.4,64.2,75,29.2,0,39334,0,0
8/6/2009 9:10,162,4.4,5.2,63.8,78,29.2,0,39344,0,0
8/6/2009 9:20,171,4.1,5,63.8,81,29.2,0,39344,0,0
8/6/2009 9:30,177,5.7,8,63.5,81,29.2,0,39364,0,0
8/6/2009 9:40,177,6.6,7.2,63.5,81,29.2,0.01,39394,0,0
8/6/2009 9:50,196,6.2,6.5,63.3,80,29.2,0.01,39414,0,0
8/6/2009 10:00,189,3,4.2,63.1,84,29.2,0.01,39444,0,0
8/6/2009 10:10,194,5.6,6.4,63.6,78,29.2,0.01,39444,0,0
8/6/2009 10:20,199,5.9,6.6,63.6,82,29.2,0.01,39454,0,0
8/6/2009 10:30,186,6.6,7.6,64,74,29.2,0.01,39464,0,0
8/6/2009 10:40,169,7.4,8.6,63.6,79,29.2,0.01,39464,0,0
8/6/2009 10:50,170,11.3,15,63.6,79,29.2,0.01,39464,0,0
8/6/2009 11:00,169,10.2,11.2,63.5,78,29.2,0.01,39464,0,0
8/6/2009 11:10,172,7.7,8.5,63.6,78,29.2,0.01,39464,0,0
8/6/2009 11:20,178,6.8,7.8,63.8,79,29.2,0.01,39464,0,0
8/6/2009 11:30,164,4.2,4.7,63.8,79,29.2,0.01,39464,0,0
8/6/2009 11:40,191,5.8,6.5,64,78,29.2,0.01,39464,0,0
8/6/2009 11:50,93,1.9,3,64.5,78,29.2,0.01,39464,0,0
8/6/2009 12:00,148,7.5,8.3,65.3,74,29.2,0.01,39464,0,0
8/6/2009 12:10,182,2.6,3.9,66.9,70,29.2,0.01,39464,0,0
8/6/2009 12:20,255,2.3,2.6,69.2,61,29.2,0.01,39464,0,0
8/6/2009 12:30,254,2.9,3.1,70.3,59,29.2,0.01,39464,0,0
8/6/2009 12:40,305,3.1,4,70.5,60,29.2,0.01,39464,0,0
8/6/2009 12:50,283,3.4,3.7,70.8,57,29.2,0.01,39464,0,0
8/6/2009 13:00,285,5.3,5.7,69.9,58,29.2,0.01,39464,0,0
8/6/2009 13:10,285,8,8.5,69.6,59,29.2,0.01,39464,0,0
8/6/2009 13:20,300,7.2,7.9,69.8,59,29.2,0.01,39464,0,0
8/6/2009 13:30,309,2.3,4,70.1,60,29.2,0.01,39464,0,0
8/6/2009 13:40,285,5.2,5.8,69.6,59,29.2,0.01,39464,0,0
8/6/2009 13:50,283,4.4,5.4,69.6,57,29.2,0.01,39464,0,0
8/6/2009 14:00,279,5.8,6.3,70.3,52,29.2,0.01,39464,0,0
8/6/2009 14:10,305,4.1,4.8,70.1,54,29.2,0.01,39464,0,0
8/6/2009 14:20,288,7.6,8.2,70.7,53,29.2,0.01,39464,0,0
8/6/2009 14:30,222,2.4,4.4,70.5,55,29.2,0.01,39464,0,0
8/6/2009 14:40,263,9,10,71.2,53,29.2,0.01,39464,0,0
8/6/2009 14:50,259,4.8,5.7,70.7,54,29.2,0.01,39464,0,0
8/6/2009 15:00,256,7.5,8.2,70.7,52,29.2,0.01,39464,0,0
8/6/2009 15:10,289,7,8,70.8,54,29.2,0.01,39464,0,0
8/6/2009 15:20,275,4.6,5.6,70.3,54,29.2,0.01,39464,0,0
8/6/2009 15:30,273,4.1,4.9,70.3,54,29.2,0.01,39464,0,0
8/6/2009 15:40,261,4.6,4.9,70.1,56,29.2,0.01,39464,0,0
8/6/2009 15:50,251,6.6,7,70.1,54,29.2,0.01,39464,0,0
8/6/2009 16:00,243,3.7,4.3,70.5,55,29.2,0.01,39464,0,0
8/6/2009 16:10,254,6,6.5,70.1,55,29.2,0.01,39464,0,0
8/6/2009 16:20,252,6,6.3,69.9,57,29.2,0.01,39464,0,0
8/6/2009 16:30,226,4,4.2,69.8,57,29.2,0.01,39464,0,0
8/6/2009 16:40,235,5.2,5.7,69.6,58,29.2,0.01,39464,0,0
8/6/2009 16:50,215,4,4.8,69.2,58,29.2,0.01,39464,0,0
8/6/2009 17:00,230,5.2,5.4,68.9,59,29.2,0.01,39464,0,0
8/6/2009 17:10,211,3.4,3.6,68.5,60,29.2,0.01,39464,0,0
8/6/2009 17:20,204,3.9,4.3,68.1,61,29.2,0.01,39464,0,0
8/6/2009 17:30,188,4.9,5.6,68,62,29.2,0.01,39464,0,0
8/6/2009 17:40,189,5.1,5.5,67.8,62,29.2,0.01,39464,0,0
8/6/2009 17:50,200,7.1,7.4,67.1,64,29.2,0.01,39464,0,0
8/6/2009 18:00,184,2.3,3.7,66.5,66,29.2,0.01,39464,0,0
8/6/2009 18:10,188,3.3,4,66.3,66,29.2,0.01,39464,0,0
8/6/2009 18:20,191,5.6,6,65.6,68,29.2,0.01,39464,0,0
8/6/2009 18:30,163,5.5,6.4,65.1,69,29.2,0.01,39464,0,0
8/6/2009 18:40,171,6.5,7.4,64.4,71,29.3,0.01,39464,0,0
8/6/2009 18:50,177,6.7,8.4,64.4,70,29.3,0.01,39464,0,0
8/6/2009 19:00,175,5.7,6.6,64.2,71,29.3,0.01,39464,0,0
8/6/2009 19:10,176,6.1,6.8,64,71,29.3,0.01,39464,0,0
8/6/2009 19:20,189,7.2,7.9,64,71,29.3,0.01,39464,0,0
8/6/2009 19:30,186,6.1,7.1,63.6,72,29.3,0.01,39464,0,0
8/6/2009 19:40,198,6.4,7,63.8,71,29.3,0.01,39464,0,0
8/6/2009 19:50,185,6.4,7,63.3,72,29.3,0.01,39464,0,0
8/6/2009 20:00,188,8.4,8.9,63.3,72,29.3,0.01,39464,0,0
8/6/2009 20:10,181,7.1,7.6,62.9,72,29.3,0.01,39464,0,0
8/6/2009 20:20,179,8.4,9.3,62.4,73,29.3,0.01,39464,0,0
8/6/2009 20:30,185,7.5,8.9,62.4,73,29.3,0.01,39464,0,0
8/6/2009 20:40,195,8.5,9,63.1,71,29.3,0.01,39464,0,0
8/6/2009 20:50,186,7.4,8.3,63.1,70,29.3,0.01,39464,0,0
8/6/2009 21:00,183,9.2,9.8,62.9,70,29.3,0,39464,0,0
8/6/2009 21:10,189,8,8.4,62.2,71,29.3,0,39464,0,0
8/6/2009 21:20,187,8.2,8.7,62.2,71,29.3,0,39464,0,0
8/6/2009 21:30,191,7.8,8.5,62.2,71,29.3,0,39464,0,0
8/6/2009 21:40,186,7.2,8.2,62.6,70,29.3,0,39464,0,0
8/6/2009 21:50,186,6.5,7.4,62.6,70,29.3,0,39464,0,0
8/6/2009 22:00,185,6.8,8,62.4,70,29.3,0,39464,0,0
8/6/2009 22:10,179,7.4,9.2,62.2,70,29.3,0,39464,0,0
8/6/2009 22:20,189,7.3,8.1,61.8,71,29.3,0,39464,0,0
8/6/2009 22:30,184,6.7,7.5,61.7,71,29.3,0,39464,0,0
8/6/2009 22:40,184,7.3,8.9,61.8,71,29.3,0,39464,0,0
8/6/2009 22:50,170,6.2,9.3,61.8,71,29.3,0,39464,0,0
8/6/2009 23:00,166,5.4,6.3,61.7,71,29.3,0,39464,0,0
8/6/2009 23:10,188,10.3,11.5,61.7,71,29.3,0,39464,0,0
8/6/2009 23:20,177,7.7,8.2,61.7,71,29.3,0,39464,0,0
8/6/2009 23:30,185,10.4,11.3,61.7,71,29.3,0,39464,0,0
8/6/2009 23:40,182,9,9.9,61.8,71,29.3,0,39464,0,0
8/6/2009 23:50,181,9.5,9.9,61.8,71,29.3,0,39464,0,0
8/7/2009 0:00,174,5.3,7.4,61.5,72,29.3,0,39464,0,0
8/7/2009 0:10,183,8.4,9.1,61.5,72,29.3,0,39464,0,0
8/7/2009 0:20,184,7.2,7.9,61.5,72,29.3,0,39464,0,0
8/7/2009 0:30,189,4.3,9,61.7,72,29.3,0,39464,0,0
8/7/2009 0:40,177,8.8,9.3,61.7,71,29.3,0,39464,0,0
8/7/2009 0:50,179,10,11.7,61.7,71,29.3,0,39464,0,0
8/7/2009 1:00,151,4.3,5.3,61.7,71,29.3,0,39464,0,0
8/7/2009 1:10,176,6.3,7.9,62,70,29.3,0,39464,0,0
8/7/2009 1:20,179,5.3,6.3,61.7,71,29.3,0,39464,0,0
8/7/2009 1:30,198,7.4,8,62.2,70,29.3,0,39464,0,0
8/7/2009 1:40,197,10.2,10.8,62,70,29.3,0,39464,0,0
8/7/2009 1:50,185,4.9,6.4,61.8,71,29.3,0,39464,0,0
8/7/2009 2:00,203,7.7,8.3,61.8,71,29.3,0,39464,0,0
8/7/2009 2:10,191,5.8,7.7,61.7,71,29.3,0,39464,0,0
8/7/2009 2:20,146,2.2,3,62,71,29.3,0,39464,0,0
8/7/2009 2:30,224,5.6,6.1,62.6,70,29.3,0,39464,0,0
8/7/2009 2:40,208,5.7,6.2,62.6,70,29.3,0,39464,0,0
8/7/2009 2:50,207,7.8,8.5,62.4,71,29.3,0,39464,0,0
8/7/2009 3:00,230,3.9,4.4,62.4,71,29.3,0,39464,0,0
8/7/2009 3:10,192,3,3.2,62.4,72,29.3,0,39554,0,0
8/7/2009 3:20,204,3.1,3.9,62.6,72,29.3,0,39584,0,0
8/7/2009 3:30,223,2.6,3,62.9,73,29.3,0,39594,0,0
8/7/2009 3:40,110,3,3.5,63.1,76,29.3,0,39594,0,0
8/7/2009 3:50,28,0.7,1.1,64,75,29.3,0,39594,0,0
8/7/2009 4:00,144,2.9,3.4,64,75,29.3,0,39594,0,0
8/7/2009 4:10,205,2.5,2.9,64.4,75,29.3,0,39594,0,0
8/7/2009 4:20,51,1.1,1.5,64.7,74,29.3,0,39594,0,0
8/7/2009 4:30,23,4.4,4.8,65.8,73,29.3,0,39594,0,0
8/7/2009 4:40,72,2.8,3.1,65.4,75,29.3,0,39594,0,0
8/7/2009 4:50,356,1.8,2.6,66,75,29.3,0,39594,0,0
8/7/2009 5:00,90,4.6,5,66.7,73,29.3,0,39594,0,0
8/7/2009 5:10,88,0.8,1.6,67.1,72,29.3,0,39594,0,0
8/7/2009 5:20,343,3.1,4,67.6,68,29.3,0,39594,0,0
8/7/2009 5:30,84,7.3,8.3,66.9,69,29.3,0,39594,0,0
8/7/2009 5:40,57,6.4,6.8,66.7,70,29.3,0,39594,0,0
8/7/2009 5:50,28,4.4,5.7,66.7,70,29.3,0,39594,0,0
8/7/2009 6:00,59,2.5,2.9,66.5,71,29.3,0,39594,0,0
8/7/2009 6:10,82,3.6,4.1,66.3,70,29.3,0,39594,0,0
8/7/2009 6:20,76,1.5,2.2,66.9,68,29.3,0,39594,0,0
8/7/2009 6:30,80,3.3,3.7,67.1,68,29.3,0,39594,0,0
8/7/2009 6:40,49,7.5,8.2,67.8,63,29.3,0,39594,0,0
8/7/2009 6:50,72,6.4,7.1,68.3,64,29.3,0,39594,0,0
8/7/2009 7:00,41,5,5.9,68.3,61,29.3,0,39594,0,0
8/7/2009 7:10,81,2.8,3.6,68.5,62,29.3,0,39594,0,0
8/7/2009 7:20,36,6.1,6.7,68.3,60,29.3,0,39594,0,0
8/7/2009 7:30,37,6.2,6.3,68.5,60,29.3,0,39594,0,0
8/7/2009 7:40,60,3.6,4.3,68.7,59,29.3,0,39594,0,0
8/7/2009 7:50,41,3.7,4.1,69,62,29.3,0,39594,0,0
8/7/2009 8:00,30,4.9,5.6,68.9,60,29.4,0,39594,0,0
8/7/2009 8:10,22,1.7,2.1,69.4,61,29.4,0,39594,0,0
8/7/2009 8:20,84,3.7,4.4,69.6,59,29.4,0,39594,0,0
8/7/2009 8:30,103,3.4,3.8,69.8,57,29.4,0,39594,0,0
8/7/2009 8:40,2,1.9,2.5,69.6,58,29.3,0,39594,0,0
8/7/2009 8:50,16,6.4,7.2,70.1,59,29.3,0,39594,0,0
8/7/2009 9:00,42,5.8,6,69.8,57,29.3,0,39594,0,0
8/7/2009 9:10,334,5.1,5.6,69.4,56,29.3,0,39594,0,0
8/7/2009 9:20,332,8.1,9.2,69.2,56,29.3,0,39594,0,0
8/7/2009 9:30,329,7,7.9,69,55,29.4,0,39594,0,0
8/7/2009 9:40,334,5,5.5,69.4,52,29.3,0,39594,0,0
8/7/2009 9:50,316,3.3,3.8,69.6,53,29.3,0,39594,0,0
8/7/2009 10:00,339,4.4,5.3,69.4,54,29.4,0,39594,0,0
8/7/2009 10:10,317,4.9,5.6,69.6,54,29.3,0,39594,0,0
8/7/2009 10:20,11,4.7,5.2,69.8,51,29.3,0,39594,0,0
8/7/2009 10:30,345,2.5,2.8,70.3,50,29.3,0,39594,0,0
8/7/2009 10:40,336,2.4,3.6,70.3,51,29.3,0,39594,0,0
8/7/2009 10:50,323,6.6,7,70.5,50,29.3,0,39594,0,0
8/7/2009 11:00,340,6.8,7.7,69.9,53,29.3,0,39594,0,0
8/7/2009 11:10,309,6.9,7.5,70.1,51,29.3,0,39594,0,0
8/7/2009 11:20,307,2.4,3.7,70.5,53,29.4,0,39594,0,0
8/7/2009 11:30,311,7.1,7.6,70.1,53,29.3,0,39594,0,0
8/7/2009 11:40,316,6.1,6.7,70.1,51,29.3,0,39594,0,0
8/7/2009 11:50,325,7.6,8.1,70.8,51,29.3,0,39594,0,0
8/7/2009 12:00,286,4.8,5.4,70.7,51,29.3,0,39594,0,0
8/7/2009 12:10,328,4.1,5,70.3,52,29.3,0,39594,0,0
8/7/2009 12:20,315,5.1,5.9,70.7,52,29.3,0,39594,0,0
8/7/2009 12:30,310,7,7.4,70.7,50,29.4,0,39594,0,0
8/7/2009 12:40,294,6.7,7.2,70.5,52,29.4,0,39594,0,0
8/7/2009 12:50,317,6.8,7.4,70.3,52,29.3,0,39594,0,0
8/7/2009 13:00,324,4.3,5.3,70.3,53,29.3,0,39594,0,0
8/7/2009 13:10,308,5.9,6.7,71,52,29.3,0,39594,0,0
8/7/2009 13:20,280,4.9,5.4,70.1,54,29.3,0,39594,0,0
8/7/2009 13:30,292,8.1,8.4,70.3,51,29.4,0,39594,0,0
8/7/2009 13:40,332,6.4,6.7,70.1,55,29.4,0,39594,0,0
8/7/2009 13:50,318,4.9,5.5,70.1,55,29.3,0,39594,0,0
8/7/2009 14:00,316,6,6.4,70.1,56,29.3,0,39594,0,0
8/7/2009 14:10,325,5.9,6.5,69.9,56,29.3,0,39594,0,0
8/7/2009 14:20,311,8.7,9.9,70.1,54,29.3,0,39594,0,0
8/7/2009 14:30,312,4.7,5.4,70.3,55,29.3,0,39594,0,0
8/7/2009 14:40,319,5.9,6.7,70.3,52,29.4,0,39594,0,0
8/7/2009 14:50,267,5.1,6.7,70.3,50,29.4,0,39594,0,0
8/7/2009 15:00,303,6.8,7.6,70.5,49,29.4,0,39594,0,0
8/7/2009 15:10,287,4.2,4.9,70.7,51,29.4,0,39594,0,0
8/7/2009 15:20,290,7.9,8.4,70.7,51,29.4,0,39594,0,0
8/7/2009 15:30,289,5.7,6.7,70.7,51,29.4,0,39594,0,0
8/7/2009 15:40,318,7.7,8.8,70.7,50,29.4,0,39594,0,0
8/7/2009 15:50,317,6.9,7.2,70.7,51,29.4,0,39594,0,0
8/7/2009 16:00,307,8.7,9.2,70.7,52,29.4,0,39594,0,0
8/7/2009 16:10,322,4.3,6.9,70.7,54,29.4,0,39594,0,0
8/7/2009 16:20,284,5.3,5.9,70.7,55,29.4,0,39594,0,0
8/7/2009 16:30,312,3.3,3.8,70.5,57,29.3,0,39594,0,0
8/7/2009 16:40,326,5.3,5.8,70.3,55,29.3,0,39594,0,0
8/7/2009 16:50,305,5.7,6.2,70.3,57,29.3,0,39594,0,0
8/7/2009 17:00,295,5.1,5.9,70.3,57,29.4,0,39594,0,0
8/7/2009 17:10,345,1.5,2.1,70.3,56,29.4,0,39594,0,0
8/7/2009 17:20,106,1.2,1.4,69.9,57,29.4,0,39594,0,0
8/7/2009 17:30,194,2.9,3.2,69,59,29.4,0,39594,0,0
8/7/2009 17:40,196,2.8,3.2,68.9,59,29.4,0,39594,0,0
8/7/2009 17:50,187,3.4,3.7,68.5,60,29.4,0,39594,0,0
8/7/2009 18:00,143,1.9,2.3,68.7,61,29.4,0,39594,0,0
8/7/2009 18:10,128,2.4,2.9,68.3,61,29.4,0,39594,0,0
8/7/2009 18:20,152,3.5,3.9,68,63,29.4,0,39594,0,0
8/7/2009 18:30,161,2.4,3.1,68,62,29.4,0,39594,0,0
8/7/2009 18:40,144,1.7,2.1,68,62,29.4,0,39594,0,0
8/7/2009 18:50,160,3.6,4.2,67.4,64,29.4,0,39594,0,0
8/7/2009 19:00,126,2.4,2.8,67.2,65,29.4,0,39594,0,0
8/7/2009 19:10,98,1,1.3,66.9,65,29.4,0,39594,0,0
8/7/2009 19:20,157,3.2,4.4,66.5,68,29.4,0,39594,0,0
8/7/2009 19:30,144,3.6,4.2,66.3,67,29.4,0,39594,0,0
8/7/2009 19:40,159,3.7,4.5,66.5,66,29.4,0,39594,0,0
8/7/2009 19:50,153,3.2,3.5,66.2,69,29.4,0,39594,0,0
8/7/2009 20:00,147,2.9,3.4,66,70,29.4,0,39594,0,0
8/7/2009 20:10,168,3.9,4.4,65.6,69,29.4,0,39594,0,0
8/7/2009 20:20,171,3.8,4.3,65.6,68,29.4,0,39594,0,0
8/7/2009 20:30,195,3.4,4.2,66.2,69,29.4,0,39594,0,0
8/7/2009 20:40,158,5.1,5.5,64.5,73,29.4,0,39594,0,0
8/7/2009 20:50,140,5.9,6.5,64.2,74,29.4,0,39594,0,0
8/7/2009 21:00,142,6.1,7.4,64.5,71,29.4,0,39594,0,0
8/7/2009 21:10,145,6.3,6.9,64.9,71,29.4,0,39594,0,0
8/7/2009 21:20,134,8.2,8.9,65.3,69,29.4,0,39594,0,0
8/7/2009 21:30,153,6.6,7.4,64.5,72,29.4,0,39594,0,0
8/7/2009 21:40,133,6.5,7,64.7,71,29.4,0,39594,0,0
8/7/2009 21:50,174,4.5,6.5,64,73,29.4,0,39594,0,0
8/7/2009 22:00,156,5,5.6,63.5,75,29.4,0,39594,0,0
8/7/2009 22:10,149,4.9,6,63.1,76,29.4,0,39594,0,0
8/7/2009 22:20,131,6.2,6.9,62.9,76,29.4,0,39594,0,0
8/7/2009 22:30,144,8.2,9,63.1,76,29.4,0,39594,0,0
8/7/2009 22:40,132,7.6,8.4,62.9,76,29.4,0,39594,0,0
8/7/2009 22:50,133,5.5,6.1,62.9,76,29.4,0,39594,0,0
8/7/2009 23:00,143,7.9,8.7,62.9,76,29.4,0,39594,0,0
8/7/2009 23:10,143,7,7.8,63.1,75,29.4,0,39594,0,0
8/7/2009 23:20,139,7.6,7.9,62.9,76,29.4,0,39594,0,0
8/7/2009 23:30,153,7.5,9,62.9,76,29.4,0,39594,0,0
8/7/2009 23:40,144,5.8,7.1,62.9,75,29.4,0,39594,0,0
8/7/2009 23:50,127,5.9,6.2,63.3,74,29.4,0,39594,0,0
8/8/2009 0:00,143,7,8.1,63.6,74,29.4,0,39594,0,0
8/8/2009 0:10,159,5.3,7,63.6,74,29.4,0,39594,0,0
8/8/2009 0:20,134,6.5,7.2,63.5,73,29.4,0,39594,0,0
8/8/2009 0:30,146,8,8.5,63.5,72,29.4,0,39594,0,0
8/8/2009 0:40,151,7.5,8.2,63.8,71,29.4,0,39594,0,0
8/8/2009 0:50,134,5.9,7,64,71,29.4,0,39594,0,0
8/8/2009 1:00,155,7.3,7.9,64,71,29.4,0,39594,0,0
8/8/2009 1:10,149,6.8,7.5,64.2,71,29.4,0,39594,0,0
8/8/2009 1:20,145,6.1,7.1,64.4,71,29.4,0,39594,0,0
8/8/2009 1:30,138,6.7,7.1,64.5,70,29.4,0,39594,0,0
8/8/2009 1:40,150,5.5,6.4,64.5,70,29.4,0,39594,0,0
8/8/2009 1:50,9,1.9,3.6,64.5,69,29.4,0,39594,0,0
8/8/2009 2:00,154,7.6,8,64.7,68,29.4,0,39594,0,0
8/8/2009 2:10,160,7.5,8.6,64.9,68,29.4,0,39594,0,0
8/8/2009 2:20,146,5.1,6.5,64.9,68,29.4,0,39594,0,0
8/8/2009 2:30,159,7.5,8.5,65.1,69,29.4,0,39594,0,0
8/8/2009 2:40,157,7.2,9.3,65.1,68,29.4,0,39594,0,0
8/8/2009 2:50,162,9.9,10.8,65.3,68,29.4,0,39594,0,0
8/8/2009 3:00,148,6.7,8.2,65.1,69,29.4,0,39594,0,0
8/8/2009 3:10,160,11,13,65.1,68,29.4,0,39594,0,0
8/8/2009 3:20,139,6.3,7.5,65.3,67,29.4,0,39594,0,0
8/8/2009 3:30,134,8.4,9.3,65.1,68,29.4,0,39594,0,0
8/8/2009 3:40,128,5.4,6.9,65.1,67,29.4,0,39594,0,0
8/8/2009 3:50,161,16.7,18,65.1,65,29.4,0,39594,0,0
8/8/2009 4:00,165,11.2,11.9,65.3,64,29.4,0,39594,0,0
8/8/2009 4:10,161,12.6,13.6,65.3,63,29.4,0,39594,0,0
8/8/2009 4:20,158,13.3,15.3,65.4,61,29.4,0,39594,0,0
8/8/2009 4:30,145,13.6,15.3,65.8,60,29.4,0,39594,0,0
8/8/2009 4:40,153,9.6,11.7,65.8,60,29.4,0,39594,0,0
8/8/2009 4:50,127,5.1,6,66.3,58,29.4,0,39594,0,0
8/8/2009 5:00,154,4.5,6.4,66.9,57,29.4,0,39594,0,0
8/8/2009 5:10,149,8.3,10.2,67.1,55,29.4,0,39594,0,0
8/8/2009 5:20,142,12.4,13.6,67.1,54,29.4,0,39594,0,0
8/8/2009 5:30,137,4.4,8.5,67.2,54,29.4,0,39594,0,0
8/8/2009 5:40,138,11.1,14,67.4,53,29.4,0,39594,0,0
8/8/2009 5:50,162,7.4,9.1,67.8,54,29.4,0,39594,0,0
8/8/2009 6:00,135,11.3,13.4,67.8,54,29.4,0,39594,0,0
8/8/2009 6:10,155,9.9,11.8,67.6,55,29.4,0,39594,0,0
8/8/2009 6:20,147,15.2,16.7,68,54,29.4,0,39594,0,0
8/8/2009 6:30,169,11.4,12.3,68.3,54,29.4,0,39594,0,0
8/8/2009 6:40,148,8.4,10.2,69,53,29.4,0,39594,0,0
8/8/2009 6:50,161,7.2,10.5,69.2,52,29.4,0,39594,0,0
8/8/2009 7:00,156,4.4,5.9,69.8,52,29.4,0,39594,0,0
8/8/2009 7:10,147,13.3,14.8,70.3,52,29.4,0,39594,0,0
8/8/2009 7:20,162,10.2,11.8,70.7,52,29.4,0,39594,0,0
8/8/2009 7:30,143,9.9,10.8,70.8,53,29.4,0,39594,0,0
8/8/2009 7:40,147,6,7.9,71,54,29.4,0,39594,0,0
8/8/2009 7:50,138,9.4,11.1,71.2,53,29.3,0,39594,0,0
8/8/2009 8:00,177,14.1,15.1,71.6,50,29.3,0,39594,0,0
8/8/2009 8:10,147,11.3,14.3,71.7,48,29.3,0,39594,0,0
8/8/2009 8:20,199,7.1,8.3,71.9,50,29.3,0,39594,0,0
8/8/2009 8:30,165,10.8,11.9,72.3,48,29.3,0,39594,0,0
8/8/2009 8:40,169,7.1,8.3,72.3,49,29.3,0,39594,0,0
8/8/2009 8:50,146,10.4,11.8,72.3,50,29.3,0,39594,0,0
8/8/2009 9:00,191,5.2,7.5,72.5,52,29.3,0,39594,0,0
8/8/2009 9:10,168,12.9,14.8,72.8,53,29.3,0,39594,0,0
8/8/2009 9:20,219,7.6,9.3,73.2,53,29.3,0,39594,0,0
8/8/2009 9:30,163,9.5,12.8,73.5,53,29.3,0,39594,0,0
8/8/2009 9:40,196,10.7,15,73.4,54,29.3,0,39594,0,0
8/8/2009 9:50,141,4.6,5.8,73.4,54,29.3,0,39594,0,0
8/8/2009 10:00,191,7.5,8.2,73.5,54,29.3,0,39594,0,0
8/8/2009 10:10,231,10.6,11.9,73.4,56,29.4,0,39624,0,0
8/8/2009 10:20,230,17.2,18.1,72.1,56,29.4,0,40034,0,0
8/8/2009 10:30,239,8,9.4,71,60,29.4,0,40544,0.01,0.01
8/8/2009 10:40,216,6.3,7.4,70.3,62,29.4,0.01,40994,0.01,0.01
8/8/2009 10:50,206,5.4,6.2,69.4,69,29.4,0.01,41294,0,0
8/8/2009 11:00,229,7.7,8.7,69,72,29.4,0.01,41554,0,0
8/8/2009 11:10,204,5,6.3,68.7,75,29.3,0.01,41914,0,0
8/8/2009 11:20,205,5.4,5.9,68.7,77,29.3,0.01,42174,0,0
8/8/2009 11:30,282,3.1,5.3,68.7,78,29.3,0.01,42464,0,0
8/8/2009 11:40,153,5.1,6,68.5,78,29.3,0.01,42954,0.03,0.03
8/8/2009 11:50,165,5.8,6.1,68.3,80,29.3,0.02,43474,0,0
8/8/2009 12:00,143,4.5,5.4,68.5,80,29.3,0.02,43824,0,0
8/8/2009 12:10,180,5.9,6.6,69,76,29.3,0.02,43984,0,0
8/8/2009 12:20,179,4.4,4.8,68.9,79,29.3,0.02,44154,0,0
8/8/2009 12:30,121,2.1,3.2,69,77,29.3,0.02,44164,0,0
8/8/2009 12:40,211,6.8,7.7,68.9,76,29.3,0.02,44514,0.02,0.02
8/8/2009 12:50,175,1.7,3.7,68.1,81,29.3,0.03,45114,0.11,0.11
8/8/2009 13:00,195,4.6,5.1,67.6,85,29.3,0.06,45714,0.4,0.4
8/8/2009 13:10,199,8.6,9.5,67.1,87,29.3,0.08,46304,0.05,0.05
8/8/2009 13:20,175,4.2,6.1,67.1,88,29.3,0.09,46854,0.01,0.01
8/8/2009 13:30,173,8,9.5,66.9,88,29.3,0.09,47444,0.07,0.07
8/8/2009 13:40,181,6.9,10.2,66.5,90,29.3,0.11,48044,0.01,0.01
8/8/2009 13:50,171,11.9,12.5,66.5,88,29.3,0.12,48614,0.16,0.16
8/8/2009 14:00,166,8.8,9.8,66.5,87,29.2,0.13,49194,0.02,0.02
8/8/2009 14:10,176,13.9,16.3,66.5,87,29.2,0.14,49784,0.02,0.02
8/8/2009 14:20,179,21.2,23.7,66.5,85,29.2,0.14,50374,0.04,0.04
8/8/2009 14:30,184,13.6,15.3,66.2,87,29.2,0.14,50914,0,0
8/8/2009 14:40,139,9.7,11.4,66.5,88,29.2,0.15,51244,0,0
8/8/2009 14:50,161,5.6,9,66.7,87,29.2,0.15,51434,0,0
8/8/2009 15:00,195,7.4,9.1,67.1,86,29.2,0.15,51524,0,0
8/8/2009 15:10,188,9.8,12.1,66.7,86,29.2,0.15,51564,0,0
8/8/2009 15:20,161,7.2,8.1,66.7,86,29.2,0.15,51564,0,0
8/8/2009 15:30,171,9.6,10.1,66.9,84,29.2,0.15,51564,0,0
8/8/2009 15:40,199,4.9,7.8,66.7,85,29.2,0.15,51714,0,0
8/8/2009 15:50,161,12.2,13.2,66.2,85,29.2,0.15,51944,0.01,0.01
8/8/2009 16:00,143,9.2,10.5,65.8,87,29.2,0.15,52284,0,0
8/8/2009 16:10,177,14.6,16.3,66.2,85,29.2,0.15,52284,0,0
8/8/2009 16:20,168,17,18.3,66.3,84,29.2,0.15,52394,0,0
8/8/2009 16:30,151,19.3,21.1,66.3,83,29.2,0.15,52394,0,0
8/8/2009 16:40,160,7.8,14.2,66.5,83,29.2,0.15,52394,0,0
8/8/2009 16:50,183,15,16.1,66.3,82,29.2,0.15,52494,0.05,0.05
8/8/2009 17:00,166,13.6,15,66,83,29.2,0.16,52984,0.07,0.07
8/8/2009 17:10,209,9.1,10.1,65.8,82,29.2,0.17,53274,0,0
8/8/2009 17:20,152,21.1,25.3,65.3,84,29.2,0.18,53804,0.03,0.03
8/8/2009 17:30,153,15.3,18.9,65.4,82,29.2,0.19,54264,0,0
8/8/2009 17:40,166,10.5,14.3,65.6,80,29.2,0.19,54474,0.02,0.02
8/8/2009 17:50,173,17,18.9,66.2,79,29.2,0.19,54604,0,0
8/8/2009 18:00,166,17.2,21.5,66.7,77,29.2,0.19,54804,0,0
8/8/2009 18:10,164,15.2,18.1,66.7,78,29.2,0.2,54974,0,0
8/8/2009 18:20,161,12.6,15.4,67.2,77,29.2,0.21,55134,0,0
8/8/2009 18:30,140,7.8,13.4,67.4,76,29.2,0.21,55134,0,0
8/8/2009 18:40,184,19,21.6,68,76,29.2,0.21,55164,0,0
8/8/2009 18:50,156,14.2,19,67.1,82,29.2,0.26,55524,0,0
8/8/2009 19:00,168,16.1,20.6,67.4,82,29.2,0.26,55524,0,0
8/8/2009 19:10,186,17.6,23.3,68.7,78,29.2,0.26,55534,0,0
8/8/2009 19:20,149,14.4,19.2,69,78,29.2,0.27,55814,0,0
8/8/2009 19:30,152,15,17,69,78,29.2,0.27,55814,0,0
8/8/2009 19:40,181,16.5,19.3,69.6,77,29.2,0.27,55824,0,0
8/8/2009 19:50,183,22,24.5,70.1,77,29.2,0.27,55834,0,0
8/8/2009 20:00,196,23.2,25.1,70.5,77,29.2,0.27,55834,0,0
8/8/2009 20:10,46,9.6,14.8,71.4,76,29.2,0.27,55834,0,0
8/8/2009 20:20,94,5,6.9,73.4,72,29.2,0.27,55834,0,0
8/8/2009 20:30,164,12,14.4,72.3,74,29.2,0.27,55834,0,0
8/8/2009 20:40,158,21,22.1,71.7,76,29.2,0.27,55834,0,0
8/8/2009 20:50,182,19.6,22.2,71.7,77,29.2,0.27,55864,0,0
8/8/2009 21:00,179,19.3,20.2,71.6,79,29.2,0.02,56124,0.33,0.33
8/8/2009 21:10,194,11.5,15.1,69.6,89,29.2,0.18,56724,1.21,1.21
8/8/2009 21:20,147,6.1,8.6,71.6,84,29.2,0.19,57064,0,0
8/8/2009 21:30,195,10.9,15.1,72.3,82,29.2,0.2,57314,0,0
8/8/2009 21:40,170,5.7,7.9,71.9,83,29.2,0.2,57314,0,0
8/8/2009 21:50,200,16.3,17.9,72.6,81,29.2,0.2,57314,0,0
8/8/2009 22:00,199,18.8,20.2,71.9,83,29.2,0.2,57344,0,0
8/8/2009 22:10,220,20.4,22.3,72.3,83,29.2,0.2,57344,0,0
8/8/2009 22:20,201,18.9,21,72.6,82,29.2,0.2,57344,0,0
8/8/2009 22:30,191,10.2,14.1,72.6,82,29.2,0.2,57344,0,0
8/8/2009 22:40,186,11.2,13,73,82,29.2,0.2,57344,0,0
8/8/2009 22:50,203,11.7,15.3,73.2,82,29.2,0.2,57344,0,0
8/8/2009 23:00,190,16.2,22.1,73.2,82,29.2,0.2,57344,0,0
8/8/2009 23:10,194,9.7,15.4,73.7,81,29.2,0.2,57344,0,0
8/8/2009 23:20,216,7.8,11.4,75,79,29.2,0.2,57344,0,0
8/8/2009 23:30,209,16.7,19,75.2,78,29.2,0.2,57344,0,0
8/8/2009 23:40,208,16.5,18.3,75.3,78,29.2,0.21,57364,0,0
8/8/2009 23:50,217,13.7,14.5,75.5,78,29.2,0.21,57364,0,0
8/9/2009 0:00,221,16.9,19.7,75.7,78,29.2,0.21,57364,0,0
8/9/2009 0:10,231,9.7,10.4,75.9,78,29.2,0.21,57364,0,0
8/9/2009 0:20,213,11.7,15.8,76.4,77,29.2,0.21,57364,0,0
8/9/2009 0:30,204,14.8,19.1,76.1,80,29.2,0.24,57614,0,0
8/9/2009 0:40,220,12.3,14.4,75.2,83,29.2,0.24,58044,0.04,0.04
8/9/2009 0:50,249,2.7,4.7,74.4,85,29.2,0.25,58524,0,0
8/9/2009 1:00,222,11.9,12.5,74.3,86,29.2,0.26,59014,0.01,0.01
8/9/2009 1:10,209,14.7,15.7,74.4,85,29.2,0.26,59184,0,0
8/9/2009 1:20,217,9.7,11.6,74.6,85,29.2,0.26,59194,0,0
8/9/2009 1:30,208,13.3,14.4,74.4,85,29.2,0.26,59214,0,0
8/9/2009 1:40,189,16.4,19.9,74.6,84,29.2,0.26,59244,0,0
8/9/2009 1:50,213,12.2,13.8,74.6,84,29.2,0.26,59244,0,0
8/9/2009 2:00,221,12,14.3,74.6,84,29.2,0.26,59244,0,0
8/9/2009 2:10,220,12.5,13.9,75.2,83,29.2,0.26,59244,0,0
8/9/2009 2:20,237,5.1,8,75.5,82,29.2,0.26,59244,0,0
8/9/2009 2:30,223,11.3,13,75.7,82,29.2,0.26,59244,0,0
8/9/2009 2:40,216,14.9,20.9,76.6,80,29.2,0.26,59244,0,0
8/9/2009 2:50,216,15,16.9,77.1,78,29.2,0.26,59244,0,0
8/9/2009 3:00,221,17.7,18.6,77.3,78,29.2,0.26,59244,0,0
8/9/2009 3:10,231,16,17.1,77.3,78,29.2,0.26,59244,0,0
8/9/2009 3:20,217,24.8,27.5,77.1,79,29.2,0.26,59244,0,0
8/9/2009 3:30,231,13.1,19.9,76.8,80,29.2,0.26,59244,0,0
8/9/2009 3:40,228,13,17.9,76.8,81,29.2,0.26,59244,0,0
8/9/2009 3:50,227,12.4,14.2,76.6,81,29.1,0.26,59244,0,0
8/9/2009 4:00,198,8.8,9.6,76.2,83,29.1,0.26,59314,0,0
8/9/2009 4:10,209,13.2,14.8,75.7,83,29.1,0.26,59314,0,0
8/9/2009 4:20,202,10,10.6,75.7,83,29.2,0.26,59314,0,0
8/9/2009 4:30,265,13.8,14.9,75.7,83,29.2,0.26,59314,0,0
8/9/2009 4:40,239,18,19.1,75.7,83,29.2,0.26,59314,0,0
8/9/2009 4:50,239,14.8,16.6,76.2,80,29.2,0.26,59314,0,0
8/9/2009 5:00,251,13.3,14.2,76.2,80,29.2,0.26,59314,0,0
8/9/2009 5:10,260,12.4,13.2,76.6,79,29.2,0.26,59314,0,0
8/9/2009 5:20,225,9,10.5,76.4,81,29.2,0.26,59314,0,0
8/9/2009 5:30,238,8,9.2,76.2,82,29.2,0.26,59314,0,0
8/9/2009 5:40,229,11.6,12.7,76.2,83,29.2,0.26,59314,0,0
8/9/2009 5:50,243,10.7,12.1,76.4,82,29.2,0.26,59314,0,0
8/9/2009 6:00,254,10.1,11.4,77.1,81,29.2,0.26,59314,0,0
8/9/2009 6:10,231,14.4,15.3,77.3,80,29.2,0.26,59314,0,0
8/9/2009 6:20,222,4.7,9.2,77.5,81,29.2,0.26,59314,0,0
8/9/2009 6:30,230,10.6,11.9,77.3,81,29.2,0.26,59314,0,0
8/9/2009 6:40,238,12,13.1,77.1,81,29.2,0.26,59314,0,0
8/9/2009 6:50,237,11.1,11.8,77.1,81,29.2,0.26,59314,0,0
8/9/2009 7:00,261,13.2,14.4,77.1,82,29.2,0.26,59314,0,0
8/9/2009 7:10,234,9,10,77,83,29.2,0.26,59314,0,0
8/9/2009 7:20,247,15.5,16.3,77.3,82,29.2,0.26,59314,0,0
8/9/2009 7:30,237,10.8,14,77.7,81,29.2,0.26,59314,0,0
8/9/2009 7:40,67,3.9,5.6,77.9,80,29.2,0.26,59314,0,0
8/9/2009 7:50,255,9.4,10.1,79.1,77,29.2,0.26,59314,0,0
8/9/2009 8:00,263,12.4,15.1,79.1,79,29.2,0.26,59314,0,0
8/9/2009 8:10,241,19.7,21.4,79.7,77,29.2,0.26,59314,0,0
8/9/2009 8:20,230,19.8,21.4,78.6,79,29.2,0.26,59314,0,0
8/9/2009 8:30,262,18,20.2,78.4,80,29.2,0.26,59314,0,0
8/9/2009 8:40,249,17.2,18.6,78.6,79,29.2,0.26,59314,0,0
8/9/2009 8:50,255,11.8,16,79.1,79,29.2,0.26,59314,0,0
8/9/2009 9:00,269,9.7,12.4,80.2,77,29.2,0.26,59314,0,0
8/9/2009 9:10,225,14.6,15.9,79.3,78,29.2,0.26,59314,0,0
8/9/2009 9:20,259,13.6,15,79.7,77,29.2,0.26,59314,0,0
8/9/2009 9:30,222,10.9,14,79.7,77,29.2,0.26,59314,0,0
8/9/2009 9:40,253,13.9,15,79.8,77,29.2,0.26,59314,0,0
8/9/2009 9:50,250,18.5,20.1,79.7,76,29.2,0.26,59314,0,0
8/9/2009 10:00,231,15.9,18.5,80.4,75,29.2,0.26,59314,0,0
8/9/2009 10:10,229,13,14.5,80.4,75,29.2,0.26,59324,0,0
8/9/2009 10:20,270,19,21.6,79.7,77,29.2,0.26,59324,0,0
8/9/2009 10:30,248,11.1,13,79.3,77,29.2,0.26,59324,0,0
8/9/2009 10:40,262,10.7,11.5,80.7,73,29.2,0.26,59324,0,0
8/9/2009 10:50,249,18.9,20.9,82,70,29.2,0.26,59324,0,0
8/9/2009 11:00,236,11.9,18.3,82.9,68,29.2,0.26,59324,0,0
8/9/2009 11:10,289,4.6,5.3,82.4,69,29.2,0.26,59324,0,0
8/9/2009 11:20,250,7.7,8.9,82.5,69,29.2,0.26,59324,0,0
8/9/2009 11:30,237,18.9,20.7,82.7,68,29.1,0.26,59324,0,0
8/9/2009 11:40,255,10,13.1,83.3,68,29.2,0.26,59324,0,0
8/9/2009 11:50,269,17.6,21.6,83.4,67,29.1,0.26,59324,0,0
8/9/2009 12:00,223,17.1,18.6,83.1,68,29.1,0.26,59324,0,0
8/9/2009 12:10,229,18.6,19.9,83.6,67,29.1,0.26,59324,0,0
8/9/2009 12:20,260,14.3,18.5,84.3,66,29.1,0.26,59324,0,0
8/9/2009 12:30,274,14.5,17,84.9,66,29.1,0.26,59324,0,0
8/9/2009 12:40,267,8.2,11.4,85.1,65,29.1,0.26,59324,0,0
8/9/2009 12:50,232,14,16.7,84.7,65,29.1,0.26,59324,0,0
8/9/2009 13:00,248,12.3,13.1,84.7,65,29.1,0.26,59324,0,0
8/9/2009 13:10,237,9.4,10.2,84.5,64,29.1,0.26,59324,0,0
8/9/2009 13:20,214,10.9,14.3,84.9,64,29.1,0.26,59324,0,0
8/9/2009 13:30,240,11.1,12.8,85.2,62,29.1,0.26,59324,0,0
8/9/2009 13:40,223,20.2,22.2,85.4,62,29.1,0.26,59324,0,0
8/9/2009 13:50,230,16.9,17.9,85.4,62,29.1,0.26,59324,0,0
8/9/2009 14:00,252,12.9,13.7,84.7,65,29.1,0.26,59324,0,0
8/9/2009 14:10,249,17.9,22.4,85.1,64,29.1,0.26,59324,0,0
8/9/2009 14:20,245,10.8,16.9,84.9,64,29.1,0.26,59324,0,0
8/9/2009 14:30,230,17.4,18.4,86.5,61,29.1,0.26,59324,0,0
8/9/2009 14:40,252,16.3,17.9,86.1,61,29.1,0.26,59324,0,0
8/9/2009 14:50,230,13.9,14.8,86.9,60,29.1,0.26,59324,0,0
8/9/2009 15:00,257,9.2,11.9,87,60,29.1,0.26,59324,0,0
8/9/2009 15:10,238,12.2,14.3,85.4,63,29.1,0.26,59324,0,0
8/9/2009 15:20,261,15.5,17.9,85.6,64,29.1,0.26,59324,0,0
8/9/2009 15:30,249,8.4,10.4,86.3,63,29.1,0.26,59324,0,0
8/9/2009 15:40,235,12,13.7,85.8,63,29.1,0.26,59324,0,0
8/9/2009 15:50,249,10.1,11.1,86,63,29.1,0.26,59324,0,0
8/9/2009 16:00,233,10.2,11,84.7,66,29.1,0.26,59324,0,0
8/9/2009 16:10,253,7.3,8,84.3,68,29.1,0.26,59324,0,0
8/9/2009 16:20,260,5.9,6.9,82.9,71,29.1,0.26,59324,0,0
8/9/2009 16:30,254,6.8,8,83.4,70,29.1,0.26,59324,0,0
8/9/2009 16:40,247,6.7,7.4,84.5,68,29.1,0.26,59324,0,0
8/9/2009 16:50,219,7.5,8.1,85.6,67,29.1,0.26,59324,0,0
8/9/2009 17:00,205,7.3,7.9,86.5,65,29.1,0.26,59324,0,0
8/9/2009 17:10,209,12.1,13.4,86.1,65,29.1,0.26,59324,0,0
8/9/2009 17:20,200,14.1,17,86,65,29.1,0.26,59324,0,0
8/9/2009 17:30,194,8.6,10,85.4,67,29.1,0.26,59324,0,0
8/9/2009 17:40,196,11.8,12.1,85.1,67,29.1,0.26,59324,0,0
8/9/2009 17:50,203,7.2,8.3,84.7,67,29.1,0.26,59324,0,0
8/9/2009 18:00,190,10.4,12.2,84.5,67,29.1,0.26,59324,0,0
8/9/2009 18:10,204,12,14.9,84.3,67,29.1,0.26,59324,0,0
8/9/2009 18:20,199,16.3,17.7,84.3,66,29.1,0.26,59324,0,0
8/9/2009 18:30,197,10,12.3,84.3,66,29.1,0.26,59324,0,0
8/9/2009 18:40,220,15.5,16.6,84.2,66,29.1,0.26,59324,0,0
8/9/2009 18:50,194,11.1,11.7,84,66,29.1,0.26,59324,0,0
8/9/2009 19:00,212,18.5,20.7,83.8,66,29.1,0.26,59324,0,0
8/9/2009 19:10,210,15.9,17.4,83.8,66,29.1,0.26,59324,0,0
8/9/2009 19:20,211,13,15.1,83.6,66,29.1,0.26,59324,0,0
8/9/2009 19:30,238,12.9,15.7,83.6,66,29.1,0.26,59324,0,0
8/9/2009 19:40,222,12.8,13.8,83.6,66,29.1,0.26,59324,0,0
8/9/2009 19:50,234,21.1,23.3,83.6,66,29.1,0.26,59324,0,0
8/9/2009 20:00,217,16.5,19.5,83.4,66,29.1,0.26,59324,0,0
8/9/2009 20:10,209,16.3,17.6,83.4,66,29.1,0.26,59324,0,0
8/9/2009 20:20,204,17.4,23,83.3,66,29.1,0.26,59324,0,0
8/9/2009 20:30,315,23.3,29.6,81.6,72,29.1,0.26,59654,0,0
8/9/2009 20:40,272,20,25.6,74.8,86,29.1,0.29,59954,0.01,0.01
8/9/2009 20:50,287,4.6,11.4,75.7,85,29.1,0.29,59954,0,0
8/9/2009 21:00,202,3.9,6.5,76.1,84,29.1,0,59954,0,0
8/9/2009 21:10,236,9,10.1,77,77,29.1,0,59954,0,0
8/9/2009 21:20,213,7.2,9,77.3,75,29.1,0,59954,0,0
8/9/2009 21:30,186,8.8,9.8,77.5,74,29.1,0,59954,0,0
8/9/2009 21:40,185,11.3,12.9,77.1,74,29.1,0,59954,0,0
8/9/2009 21:50,190,13.9,14.5,77.1,73,29.1,0,59954,0,0
8/9/2009 22:00,169,11,12.5,77.1,72,29.1,0,59954,0,0
8/9/2009 22:10,214,4.2,5.5,77.3,72,29.1,0,59954,0,0
8/9/2009 22:20,205,8.3,8.8,77.3,71,29.1,0,59954,0,0
8/9/2009 22:30,206,9.5,11.3,77.3,70,29.2,0,59954,0,0
8/9/2009 22:40,186,10,10.6,77.7,70,29.2,0,59954,0,0
8/9/2009 22:50,192,8,8.6,77.7,71,29.2,0,59954,0,0
8/9/2009 23:00,171,10.2,11.2,77.5,72,29.2,0,59954,0,0
8/9/2009 23:10,174,8,8.7,77.5,74,29.2,0,59954,0,0
8/9/2009 23:20,190,12.9,13.4,77.5,75,29.1,0,59954,0,0
8/9/2009 23:30,194,5.7,7.5,77.5,76,29.2,0,59954,0,0
8/9/2009 23:40,201,6.8,7.8,77.7,76,29.2,0,59954,0,0
8/9/2009 23:50,216,8.4,9.5,77.7,77,29.2,0,59954,0,0
8/10/2009 0:00,226,12.8,15,77.9,77,29.1,0,59954,0,0
8/10/2009 0:10,223,14.6,15.4,78.4,75,29.1,0,59954,0,0
8/10/2009 0:20,215,14.2,15,78.4,75,29.1,0,59954,0,0
8/10/2009 0:30,218,7.2,8.1,78.8,74,29.1,0,59954,0,0
8/10/2009 0:40,222,14.3,17.6,78.9,74,29.1,0,59954,0,0
8/10/2009 0:50,242,12.3,14.2,78.9,74,29.1,0,59954,0,0
8/10/2009 1:00,222,11.5,12.7,78.9,74,29.1,0,59954,0,0
8/10/2009 1:10,212,12.9,13.4,79.1,73,29.1,0,59954,0,0
8/10/2009 1:20,238,5.9,10.2,79.3,73,29.1,0,59954,0,0
8/10/2009 1:30,252,16.3,18.2,79.5,73,29.1,0,59954,0,0
8/10/2009 1:40,246,14.7,17.2,79.7,72,29.1,0,59954,0,0
8/10/2009 1:50,250,9.1,11.1,79.5,73,29.2,0,59954,0,0
8/10/2009 2:00,237,14,14.7,79.7,72,29.1,0,59954,0,0
8/10/2009 2:10,257,21.9,25.9,79.5,73,29.1,0,59954,0,0
8/10/2009 2:20,239,15.5,17.6,79.3,74,29.1,0,59954,0,0
8/10/2009 2:30,259,15.8,18.4,78.9,75,29.1,0,59954,0,0
8/10/2009 2:40,318,5.7,7.7,78.6,77,29.1,0,59954,0,0
8/10/2009 2:50,232,12,12.5,77.9,79,29.1,0,59954,0,0
8/10/2009 3:00,268,15.2,16.8,77.7,80,29.1,0,59954,0,0
8/10/2009 3:10,241,9.8,10.9,77.9,80,29.1,0,59954,0,0
8/10/2009 3:20,252,15.9,16.4,77.9,80,29.1,0,59954,0,0
8/10/2009 3:30,267,20.4,22.1,77.3,81,29.2,0.01,60054,0.27,0.27
8/10/2009 3:40,297,18.7,26.7,75.2,85,29.2,0.02,60144,0,0
8/10/2009 3:50,297,16.3,20.4,74.3,84,29.2,0.02,60144,0,0
8/10/2009 4:00,324,9.1,10,73.9,86,29.2,0.02,60144,0,0
8/10/2009 4:10,323,6.5,6.8,73.5,86,29.2,0.02,60144,0,0
8/10/2009 4:20,328,3,3.6,73.9,86,29.2,0.02,60144,0,0
8/10/2009 4:30,246,1.9,2.9,74.4,86,29.2,0.02,60214,0,0
8/10/2009 4:40,256,5.2,5.9,74.6,88,29.2,0.02,60214,0,0
8/10/2009 4:50,263,9.5,11.1,75.3,88,29.2,0.02,60214,0,0
8/10/2009 5:00,251,11.8,12.8,75.9,86,29.2,0.02,60214,0,0
8/10/2009 5:10,263,10.1,11.6,76.2,85,29.2,0.02,60214,0,0
8/10/2009 5:20,241,21.7,22.6,76.4,83,29.2,0.02,60214,0,0
8/10/2009 5:30,255,14.5,15.8,76.2,84,29.2,0.02,60214,0,0
8/10/2009 5:40,235,12.6,13.6,76.4,83,29.2,0.02,60214,0,0
8/10/2009 5:50,267,14,15.4,76.6,81,29.2,0.02,60214,0,0
8/10/2009 6:00,234,14.2,16.1,77,81,29.2,0.02,60214,0,0
8/10/2009 6:10,240,14.3,16.5,77.1,81,29.2,0.02,60214,0,0
8/10/2009 6:20,250,19.4,21.1,77.1,77,29.1,0.02,60214,0,0
8/10/2009 6:30,246,16.6,18.7,77.3,78,29.2,0.02,60214,0,0
8/10/2009 6:40,219,5.6,9.7,77.7,73,29.2,0.02,60214,0,0
8/10/2009 6:50,222,10.8,11.5,79.3,68,29.1,0.02,60214,0,0
8/10/2009 7:00,260,2.7,4.4,80.4,68,29.1,0.02,60214,0,0
8/10/2009 7:10,227,14.2,15.7,80.4,70,29.1,0.02,60214,0,0
8/10/2009 7:20,227,12.6,13.8,80.6,70,29.1,0.02,60214,0,0
8/10/2009 7:30,225,11,11.9,80.6,72,29.1,0.02,60214,0,0
8/10/2009 7:40,216,12.3,12.9,81.1,70,29.1,0.02,60214,0,0
8/10/2009 7:50,179,5.9,7.7,81.5,70,29.1,0.02,60214,0,0
8/10/2009 8:00,205,6.7,8.6,81.8,70,29.1,0.02,60214,0,0
8/10/2009 8:10,263,8.2,9.4,82.4,70,29.1,0.02,60214,0,0
8/10/2009 8:20,208,8.3,9.6,82.4,69,29.1,0.02,60214,0,0
8/10/2009 8:30,198,12.2,14.3,82.7,69,29.1,0.02,60214,0,0
8/10/2009 8:40,200,11.1,13.2,83.3,68,29.1,0.02,60214,0,0
8/10/2009 8:50,210,20,20.7,83.8,65,29.1,0.02,60214,0,0
8/10/2009 9:00,179,5.8,14.1,84.3,66,29.1,0.02,60214,0,0
8/10/2009 9:10,209,6.9,8,84,66,29.1,0.02,60214,0,0
8/10/2009 9:20,243,11.3,13.6,84.7,65,29.1,0.02,60214,0,0
8/10/2009 9:30,200,17.9,18.9,84.7,62,29.1,0.02,60214,0,0
8/10/2009 9:40,271,8.5,11.8,85.6,62,29.1,0.02,60214,0,0
8/10/2009 9:50,308,6.3,7.3,79.7,76,29.1,0.02,60214,0,0
8/10/2009 10:00,326,13.7,15.4,76.1,85,29.1,0.02,60214,0,0
8/10/2009 10:10,306,15.8,18.5,75.7,86,29.1,0.02,60214,0,0
8/10/2009 10:20,308,10.1,11.6,75.2,87,29.1,0.02,60214,0,0
8/10/2009 10:30,305,9.3,11.2,75.5,87,29.1,0.02,60214,0,0
8/10/2009 10:40,316,10.5,14,75.7,87,29.1,0.02,60214,0,0
8/10/2009 10:50,305,13.3,14.1,75.9,86,29.1,0.02,60214,0,0
8/10/2009 11:00,321,7,8.5,75.9,86,29.1,0.02,60214,0,0
8/10/2009 11:10,228,4,4.3,76.8,84,29.1,0.02,60214,0,0
8/10/2009 11:20,125,2.4,3.5,77.5,81,29.1,0.02,60214,0,0
8/10/2009 11:30,338,1.1,2.1,78,81,29.1,0.02,60214,0,0
8/10/2009 11:40,209,5,5.5,78.2,79,29.1,0.02,60214,0,0
8/10/2009 11:50,263,12,13,78.8,78,29.1,0.02,60214,0,0
8/10/2009 12:00,262,9.6,10.7,78.4,79,29.1,0.02,60214,0,0
8/10/2009 12:10,306,7.5,8.3,78,80,29.1,0.02,60214,0,0
8/10/2009 12:20,264,3.4,4.1,77.1,83,29.1,0.02,60214,0,0
8/10/2009 12:30,221,2.6,3.1,77.5,81,29.1,0.02,60214,0,0
8/10/2009 12:40,286,6.8,7.4,76.8,84,29.1,0.02,60214,0,0
8/10/2009 12:50,287,8.2,9.4,76.8,84,29.1,0.02,60214,0,0
8/10/2009 13:00,222,7.5,8.2,77.3,83,29.1,0.02,60254,0,0
8/10/2009 13:10,278,11.6,12,76.4,86,29.1,0.02,60254,0,0
8/10/2009 13:20,285,9.5,12.5,75.3,88,29.1,0.02,60254,0,0
8/10/2009 13:30,249,8.1,8.5,74.8,88,29.1,0.03,60694,0.1,0.1
8/10/2009 13:40,278,8.1,10,74.1,90,29.1,0.04,61284,0.02,0.02
8/10/2009 13:50,279,7.8,8.5,73.9,84,29.1,0.04,61494,0,0
8/10/2009 14:00,229,7.4,7.7,73.5,87,29.1,0.04,61504,0,0
8/10/2009 14:10,231,6,6.7,73.4,88,29.1,0.04,61504,0,0
8/10/2009 14:20,211,6,6.8,73.4,86,29.1,0.04,61504,0,0
8/10/2009 14:30,212,5.9,6.9,73.7,83,29.1,0.04,61504,0,0
8/10/2009 14:40,247,3.3,4.4,74.3,83,29.1,0.04,61504,0,0
8/10/2009 14:50,180,5.8,6.7,75.3,80,29.1,0.04,61504,0,0
8/10/2009 15:00,212,10.7,11.7,76.1,76,29.1,0.04,61504,0,0
8/10/2009 15:10,221,4.7,5.4,76.4,75,29.1,0.04,61504,0,0
8/10/2009 15:20,233,2.9,3.8,76.6,74,29.1,0.04,61504,0,0
8/10/2009 15:30,284,4.8,6.5,76.4,75,29.1,0.04,61504,0,0
8/10/2009 15:40,228,7.5,8,76.4,73,29.1,0.04,61504,0,0
8/10/2009 15:50,225,9.1,10.2,76.4,72,29.1,0.04,61504,0,0
8/10/2009 16:00,261,9,10.8,76.4,73,29.1,0.04,61504,0,0
8/10/2009 16:10,263,10.9,12.4,75.5,78,29.1,0.04,61504,0,0
8/10/2009 16:20,247,10.7,11.8,75.9,77,29.1,0.04,61504,0,0
8/10/2009 16:30,250,5.5,6.6,75.7,80,29.1,0.04,61504,0,0
8/10/2009 16:40,287,5.4,6.1,75.3,82,29.1,0.04,61504,0,0
8/10/2009 16:50,218,6.7,7.1,75.2,81,29.1,0.04,61504,0,0
8/10/2009 17:00,210,2.7,3.7,75,81,29.1,0.04,61504,0,0
8/10/2009 17:10,215,5.8,6.6,75,77,29.1,0.04,61504,0,0
8/10/2009 17:20,186,2.4,3.2,74.8,79,29.1,0.04,61504,0,0
8/10/2009 17:30,219,7.5,8.4,74.6,80,29.1,0.04,61504,0,0
8/10/2009 17:40,206,3.8,4.4,74.6,80,29.1,0.04,61504,0,0
8/10/2009 17:50,210,4.6,5.1,74.3,82,29.1,0.04,61504,0,0
8/10/2009 18:00,215,3.9,5.7,74.1,83,29.1,0.04,61504,0,0
8/10/2009 18:10,209,9.5,10.4,73.9,86,29.1,0.04,61504,0,0
8/10/2009 18:20,207,7.6,8.7,73.5,87,29.1,0.04,61504,0,0
8/10/2009 18:30,181,7.5,8.2,73.2,88,29.1,0.04,61504,0,0
8/10/2009 18:40,197,7,7.8,73.2,88,29.1,0.04,61504,0,0
8/10/2009 18:50,197,8.8,9.7,73,89,29.1,0.04,61504,0,0
8/10/2009 19:00,199,6.6,7.5,72.8,89,29.1,0.04,61504,0,0
8/10/2009 19:10,204,7.3,7.9,72.6,89,29.1,0.04,61504,0,0
8/10/2009 19:20,186,5.3,7.2,72.3,89,29.1,0.04,61504,0,0
8/10/2009 19:30,192,7.4,8.1,72.1,89,29.1,0.04,61504,0,0
8/10/2009 19:40,193,5.3,7,71.9,90,29.1,0.04,61504,0,0
8/10/2009 19:50,208,5.7,6.2,71.9,90,29.1,0.04,61504,0,0
8/10/2009 20:00,193,8.3,9.6,71.7,90,29.1,0.04,61504,0,0
8/10/2009 20:10,193,8.6,9.4,71.7,90,29.1,0.04,61504,0,0
8/10/2009 20:20,198,6.1,7.2,71.6,90,29.1,0.04,61504,0,0
8/10/2009 20:30,197,6.2,6.8,71.4,90,29.1,0.04,61504,0,0
8/10/2009 20:40,197,7.4,8.6,71.2,90,29.1,0.04,61504,0,0
8/10/2009 20:50,184,11.4,12.3,71.2,90,29.1,0.04,61504,0,0
8/10/2009 21:00,178,7.3,9.7,71,90,29.1,0,61504,0,0
8/10/2009 21:10,178,9.7,10.3,71,91,29.1,0,61504,0,0
8/10/2009 21:20,159,8.8,9.4,70.8,91,29.1,0,61504,0,0
8/10/2009 21:30,163,4,6.5,70.8,91,29.1,0,61504,0,0
8/10/2009 21:40,179,10.3,11.8,71,91,29.1,0,61504,0,0
8/10/2009 21:50,93,2.3,4.4,70.8,91,29.1,0,61504,0,0
8/10/2009 22:00,182,3.6,5.3,70.8,91,29.1,0,61504,0,0
8/10/2009 22:10,189,10.6,11.3,70.8,91,29.1,0,61504,0,0
8/10/2009 22:20,180,10.2,11.1,71,91,29.1,0,61504,0,0
8/10/2009 22:30,188,8.6,10.4,70.8,91,29.1,0,61504,0,0
8/10/2009 22:40,188,6.4,7.1,70.8,91,29.1,0,61504,0,0
8/10/2009 22:50,182,10.2,10.9,70.8,90,29.1,0,61504,0,0
8/10/2009 23:00,186,8.9,10,70.7,90,29.1,0,61504,0,0
8/10/2009 23:10,169,6.4,8.9,70.8,90,29.1,0,61504,0,0
8/10/2009 23:20,191,6.7,8,70.8,90,29.1,0,61504,0,0
8/10/2009 23:30,167,6.3,6.9,70.8,90,29.1,0,61504,0,0
8/10/2009 23:40,179,7.6,8.6,70.8,90,29.1,0,61504,0,0
8/10/2009 23:50,188,7.5,8.2,70.8,90,29.1,0,61504,0,0
8/11/2009 0:00,163,4.3,5.2,70.7,90,29.1,0,61504,0,0
8/11/2009 0:10,162,6.7,7.4,70.8,90,29.1,0,61504,0,0
8/11/2009 0:20,177,6.7,8,70.8,89,29.1,0,61504,0,0
8/11/2009 0:30,183,7,8.3,70.8,89,29.1,0,61504,0,0
8/11/2009 0:40,165,6.3,7.5,70.7,90,29.1,0,61504,0,0
8/11/2009 0:50,190,6.1,6.7,70.8,90,29.1,0,61504,0,0
8/11/2009 1:00,200,5.5,6.3,70.8,89,29.1,0,61504,0,0
8/11/2009 1:10,179,6.1,6.8,71.2,89,29.1,0,61504,0,0
8/11/2009 1:20,149,4.6,7,70.8,89,29.1,0,61504,0,0
8/11/2009 1:30,144,4.6,5.5,70.7,90,29.1,0,61504,0,0
8/11/2009 1:40,180,6,6.6,70.5,90,29.1,0,61504,0,0
8/11/2009 1:50,179,6.4,8.4,70.5,90,29.1,0,61504,0,0
8/11/2009 2:00,181,8.2,8.9,70.5,90,29.1,0,61504,0,0
8/11/2009 2:10,162,7.2,7.7,70.7,90,29.1,0,61504,0,0
8/11/2009 2:20,180,3.1,4.5,70.5,90,29.1,0,61504,0,0
8/11/2009 2:30,171,7.3,7.8,70.3,90,29.1,0,61504,0,0
8/11/2009 2:40,151,7.9,8.5,70.3,90,29.1,0,61504,0,0
8/11/2009 2:50,187,12.1,12.9,70.3,90,29.1,0,61504,0,0
8/11/2009 3:00,201,7.5,9.3,70.3,89,29.1,0,61504,0,0
8/11/2009 3:10,193,7.9,9.5,70.5,89,29.1,0,61504,0,0
8/11/2009 3:20,205,9.7,10.8,70.7,89,29.1,0,61504,0,0
8/11/2009 3:30,207,9.4,10.1,70.7,89,29.1,0,61504,0,0
8/11/2009 3:40,198,7.1,8,70.7,89,29.1,0,61504,0,0
8/11/2009 3:50,191,7.8,8.3,70.7,89,29.1,0,61504,0,0
8/11/2009 4:00,201,4.9,6,70.7,89,29.1,0,61504,0,0
8/11/2009 4:10,187,7.1,7.7,70.7,89,29.1,0,61504,0,0
8/11/2009 4:20,189,5.3,5.8,70.8,89,29.1,0,61504,0,0
8/11/2009 4:30,185,2.5,3.1,71,88,29.1,0,61504,0,0
8/11/2009 4:40,190,3.8,4.4,71.2,88,29.1,0,61504,0,0
8/11/2009 4:50,196,2.5,3.5,71.4,88,29.1,0,61504,0,0
8/11/2009 5:00,192,3.9,4.2,71.9,87,29.1,0,61504,0,0
8/11/2009 5:10,197,7.6,9,72.1,87,29.1,0,61504,0,0
8/11/2009 5:20,192,6.8,8.2,72.1,87,29.1,0,61504,0,0
8/11/2009 5:30,204,9.2,10.3,72.5,86,29.1,0,61504,0,0
8/11/2009 5:40,210,8.6,9.1,72.5,86,29.1,0,61504,0,0
8/11/2009 5:50,187,7.5,7.9,72.6,86,29.1,0,61504,0,0
8/11/2009 6:00,188,7.7,10.1,72.8,86,29.1,0,61504,0,0
8/11/2009 6:10,189,6.9,9.7,73.2,85,29.1,0,61504,0,0
8/11/2009 6:20,223,3.9,6,74.6,82,29.1,0,61504,0,0
8/11/2009 6:30,222,3.5,3.9,74.6,83,29.1,0,61504,0,0
8/11/2009 6:40,266,7.4,8.7,74.8,83,29.1,0,61504,0,0
8/11/2009 6:50,233,5.5,6.2,74.4,84,29.1,0,61504,0,0
8/11/2009 7:00,249,9.6,10.2,74.8,84,29.1,0,61504,0,0
8/11/2009 7:10,222,7.8,10.6,73.9,87,29.1,0,61504,0,0
8/11/2009 7:20,217,7.5,7.9,74.3,88,29.1,0,61504,0,0
8/11/2009 7:30,225,6.3,6.9,74.3,88,29.1,0,61504,0,0
8/11/2009 7:40,266,11.4,12.1,74.3,88,29.1,0,61504,0,0
8/11/2009 7:50,285,10.3,11.4,74.1,89,29.1,0,61504,0,0
8/11/2009 8:00,286,14,14.9,74.1,90,29.1,0,61504,0,0
8/11/2009 8:10,234,6.8,8.1,73.7,90,29.1,0,61504,0,0
8/11/2009 8:20,269,10.2,12,73.4,91,29.1,0,61504,0,0
8/11/2009 8:30,275,7.8,8.7,72.5,93,29.1,0,61504,0,0
8/11/2009 8:40,244,5.7,8.2,71.9,95,29.1,0,61504,0,0
8/11/2009 8:50,261,12.1,12.8,71.9,93,29.1,0,61504,0,0
8/11/2009 9:00,258,10,10.6,72.6,92,29.1,0,61504,0,0
8/11/2009 9:10,301,7.7,8.1,73,92,29.1,0,61504,0,0
8/11/2009 9:20,276,10.9,11.6,72.8,90,29.1,0,61504,0,0
8/11/2009 9:30,281,12.8,13.3,73.4,89,29.1,0,61504,0,0
8/11/2009 9:40,279,12,13.2,73,91,29.1,0,61504,0,0
8/11/2009 9:50,281,8.6,8.9,72.8,92,29.1,0,61504,0,0
8/11/2009 10:00,287,10.7,11.3,73.4,89,29.1,0,61504,0,0
8/11/2009 10:10,289,10.8,12.2,73.4,89,29.1,0,61504,0,0
8/11/2009 10:20,280,9.3,10.3,73.5,89,29.1,0,61504,0,0
8/11/2009 10:30,285,10.6,11,73.5,88,29.1,0,61504,0,0
8/11/2009 10:40,277,8.7,9.5,73.7,87,29.1,0,61504,0,0
8/11/2009 10:50,311,6.6,7.2,73.9,87,29.1,0,61504,0,0
8/11/2009 11:00,280,8.4,9.3,74.3,85,29.1,0,61504,0,0
8/11/2009 11:10,249,7.1,7.6,74.3,85,29.1,0,61504,0,0
8/11/2009 11:20,256,8.4,8.8,74.4,79,29.1,0,61504,0,0
8/11/2009 11:30,262,7.9,8.7,74.8,81,29.1,0,61504,0,0
8/11/2009 11:40,258,7.9,8.6,75.2,80,29.1,0,61504,0,0
8/11/2009 11:50,241,9.1,10.5,75,80,29.1,0,61504,0,0
8/11/2009 12:00,289,4.7,5.4,75,81,29.1,0,61504,0,0
8/11/2009 12:10,238,6.5,6.9,74.8,81,29.1,0,61504,0,0
8/11/2009 12:20,250,4.4,5.4,75,83,29.1,0,61504,0,0
8/11/2009 12:30,278,8.6,9.5,75,82,29.1,0,61504,0,0
8/11/2009 12:40,280,8.7,9.2,75.3,81,29.1,0,61504,0,0
8/11/2009 12:50,253,10.1,10.4,74.8,81,29.1,0,61504,0,0
8/11/2009 13:00,261,7.3,8.7,75,80,29.1,0,61504,0,0
8/11/2009 13:10,205,2.9,3.9,74.6,82,29.1,0,61504,0,0
8/11/2009 13:20,283,6.1,6.9,74.6,81,29.1,0,61504,0,0
8/11/2009 13:30,254,7.6,8,74.4,82,29.1,0,61504,0,0
8/11/2009 13:40,275,15.2,15.7,73.9,83,29.1,0,61504,0,0
8/11/2009 13:50,274,14.4,14.8,73.5,85,29.1,0,61504,0,0
8/11/2009 14:00,264,11.5,12.3,73.4,86,29.1,0,61504,0,0
8/11/2009 14:10,276,8.8,9.5,73.7,84,29.1,0,61504,0,0
8/11/2009 14:20,265,5.3,6.8,74.1,84,29.1,0,61504,0,0
8/11/2009 14:30,276,7.4,8.3,73.7,83,29.1,0,61504,0,0
8/11/2009 14:40,250,5.4,6.4,73.9,83,29.1,0,61504,0,0
8/11/2009 14:50,266,7.9,8.6,74.3,82,29.1,0,61504,0,0
8/11/2009 15:00,257,7,7.6,74.1,82,29.1,0,61504,0,0
8/11/2009 15:10,254,5,5.9,73.9,84,29.1,0,61504,0,0
8/11/2009 15:20,248,6.3,7,73.9,86,29.1,0,61504,0,0
8/11/2009 15:30,262,9.8,10.8,74.1,84,29.1,0,61504,0,0
8/11/2009 15:40,272,6.8,7.2,74.3,85,29.1,0,61504,0,0
8/11/2009 15:50,260,7.7,9.2,74.4,84,29.1,0,61504,0,0
8/11/2009 16:00,266,6.2,7.4,74.3,84,29.1,0,61504,0,0
8/11/2009 16:10,236,4.8,5.1,74.3,84,29.1,0,61504,0,0
8/11/2009 16:20,262,5.4,5.7,74.1,85,29.1,0,61504,0,0
8/11/2009 16:30,284,2.3,3.4,73.9,85,29.1,0,61504,0,0
8/11/2009 16:40,252,7.7,8.3,74.1,85,29.1,0,61504,0,0
8/11/2009 16:50,248,5.5,6.1,73.7,85,29.1,0,61504,0,0
8/11/2009 17:00,203,2.9,4.2,73.5,86,29.1,0,61504,0,0
8/11/2009 17:10,252,6.1,6.7,73.2,87,29.1,0,61504,0,0
8/11/2009 17:20,221,4.5,5,73.2,88,29.1,0,61504,0,0
8/11/2009 17:30,249,2.1,3.1,73,88,29.1,0,61504,0,0
8/11/2009 17:40,222,8.4,9.4,72.8,88,29.1,0,61504,0,0
8/11/2009 17:50,113,1.2,2.4,72.8,88,29.1,0,61504,0,0
8/11/2009 18:00,251,8.9,10.2,72.8,88,29.1,0,61504,0,0
8/11/2009 18:10,274,10.2,11.7,72.8,88,29.1,0.04,61944,0.72,0.72
8/11/2009 18:20,236,8.2,8.8,70.5,89,29.1,0.24,62544,0.27,0.27
8/11/2009 18:30,217,5.3,6,70.7,91,29.1,0.24,62664,0,0
8/11/2009 18:40,211,6.4,7,71.4,91,29.1,0.24,62664,0,0
8/11/2009 18:50,204,3.4,3.7,71.2,92,29.1,0.24,62664,0,0
8/11/2009 19:00,206,4.6,4.9,71,93,29.1,0.24,62664,0,0
8/11/2009 19:10,220,6,6.4,71,92,29.1,0.24,62664,0,0
8/11/2009 19:20,216,4.9,5.1,71.2,92,29.1,0.24,62664,0,0
8/11/2009 19:30,157,2.5,2.9,71,93,29.1,0.24,62664,0,0
8/11/2009 19:40,183,4.7,5.1,70.7,94,29.1,0.24,62664,0,0
8/11/2009 19:50,202,3.9,4.3,70.5,94,29.1,0.24,62664,0,0
8/11/2009 20:00,211,6.1,6.5,70.8,93,29.1,0.24,62664,0,0
8/11/2009 20:10,212,4.9,5.3,71,92,29.1,0.24,62664,0,0
8/11/2009 20:20,215,4.5,4.8,71,92,29.1,0.24,62664,0,0
8/11/2009 20:30,127,2.2,3.1,70.5,93,29.1,0.24,62664,0,0
8/11/2009 20:40,214,5.9,6.4,70.1,94,29.1,0.24,62664,0,0
8/11/2009 20:50,127,7,7.6,70.1,94,29.1,0.24,62664,0,0
8/11/2009 21:00,205,7.7,8.2,70.7,92,29.1,0,62664,0,0
8/11/2009 21:10,175,2.3,3.8,70.3,93,29.1,0,62664,0,0
8/11/2009 21:20,212,2.2,2.9,69.8,94,29.1,0,62664,0,0
8/11/2009 21:30,189,5.6,6.4,69.4,95,29.1,0,62664,0,0
8/11/2009 21:40,202,4.7,5.3,69.2,95,29.1,0,62664,0,0
8/11/2009 21:50,160,1.3,2.1,70.1,96,29.1,0,62664,0,0
8/11/2009 22:00,27,3,3.4,70.7,95,29.1,0,62664,0,0
8/11/2009 22:10,31,5.5,6.7,71,94,29.1,0,62664,0,0
8/11/2009 22:20,21,5.1,5.8,71.2,94,29.1,0,62664,0,0
8/11/2009 22:30,32,3.4,4.2,71.2,93,29.1,0,62664,0,0
8/11/2009 22:40,349,4.3,4.6,71.2,93,29.1,0,62664,0,0
8/11/2009 22:50,58,3,3.6,71.2,92,29.1,0,62664,0,0
8/11/2009 23:00,17,4.2,4.5,71,93,29.1,0,62664,0,0
8/11/2009 23:10,345,1.5,2.1,70.7,94,29.1,0,62664,0,0
8/11/2009 23:20,69,4,4.4,70.3,94,29.1,0,62664,0,0
8/11/2009 23:30,75,5.5,5.9,70.3,95,29.1,0,62664,0,0
8/11/2009 23:40,93,4.7,5.1,69.9,95,29.1,0,62664,0,0
8/11/2009 23:50,161,1.8,2.1,69.4,95,29.1,0,62664,0,0
8/12/2009 0:00,341,2.3,2.4,69.4,96,29.1,0,62664,0,0
8/12/2009 0:10,36,3,3.3,69.2,92,29.1,0,62664,0,0
8/12/2009 0:20,81,4.3,4.5,69.4,90,29.1,0,62664,0,0
8/12/2009 0:30,70,5.5,6.3,69.2,91,29.1,0,62664,0,0
8/12/2009 0:40,98,4.2,5.1,69,90,29.1,0,62664,0,0
8/12/2009 0:50,105,5.1,5.4,68.9,91,29.1,0,62664,0,0
8/12/2009 1:00,103,5.1,5.7,68.9,90,29.1,0,62664,0,0
8/12/2009 1:10,109,5,5.2,69,89,29.1,0,62664,0,0
8/12/2009 1:20,80,2.3,2.9,68.9,90,29.1,0,62664,0,0
8/12/2009 1:30,66,1.3,1.5,68.7,90,29.2,0,62664,0,0
8/12/2009 1:40,101,3.5,4,68.7,90,29.2,0,62664,0,0
8/12/2009 1:50,105,4.4,4.8,68.5,89,29.1,0,62664,0,0
8/12/2009 2:00,106,5.7,6,68.7,86,29.1,0,62664,0,0
8/12/2009 2:10,103,4.6,4.9,68.5,88,29.1,0,62664,0,0
8/12/2009 2:20,116,4.6,4.8,68.1,90,29.1,0,62664,0,0
8/12/2009 2:30,113,4.1,4.4,68,90,29.2,0,62664,0,0
8/12/2009 2:40,92,4.1,4.4,68.1,88,29.2,0,62664,0,0
8/12/2009 2:50,86,4.1,4.4,68.3,86,29.2,0,62664,0,0
8/12/2009 3:00,115,3.1,3.4,68.1,86,29.2,0,62664,0,0
8/12/2009 3:10,128,3.5,3.8,67.6,90,29.2,0,62664,0,0
8/12/2009 3:20,149,3.7,3.9,67.2,91,29.2,0,62664,0,0
8/12/2009 3:30,137,4.2,4.8,66.7,91,29.2,0,62664,0,0
8/12/2009 3:40,190,2.5,3.4,66.7,91,29.2,0,62664,0,0
8/12/2009 3:50,122,3.3,3.6,66.7,90,29.2,0,62664,0,0
8/12/2009 4:00,126,4.1,4.4,66.7,90,29.2,0,62664,0,0
8/12/2009 4:10,124,4.2,4.6,67.1,88,29.2,0,62664,0,0
8/12/2009 4:20,118,3,3.4,67.2,88,29.2,0,62664,0,0
8/12/2009 4:30,137,2.6,2.9,67.8,87,29.2,0,62664,0,0
8/12/2009 4:40,135,1.2,1.8,68.3,87,29.2,0,62664,0,0
8/12/2009 4:50,196,0.6,0.8,69.2,86,29.2,0,62664,0,0
8/12/2009 5:00,155,0.7,1.2,70.1,83,29.2,0,62664,0,0
8/12/2009 5:10,95,0.4,0.5,71.4,80,29.2,0,62664,0,0
8/12/2009 5:20,33,1.8,2.2,71.4,78,29.2,0,62664,0,0
8/12/2009 5:30,81,1.2,1.7,70.7,81,29.2,0,62664,0,0
8/12/2009 5:40,31,2.5,2.7,70.5,80,29.2,0,62664,0,0
8/12/2009 5:50,34,3.3,4,71,80,29.2,0,62664,0,0
8/12/2009 6:00,84,2.6,3,70.5,84,29.2,0,62664,0,0
8/12/2009 6:10,27,3.4,4,69.9,85,29.2,0,62664,0,0
8/12/2009 6:20,62,4.9,5.2,69.8,84,29.2,0,62664,0,0
8/12/2009 6:30,343,3,3.5,70.5,84,29.2,0,62664,0,0
8/12/2009 6:40,45,3.7,4.2,70.8,81,29.2,0,62664,0,0
8/12/2009 6:50,91,2.7,3.2,71,79,29.2,0,62664,0,0
8/12/2009 7:00,98,1.4,2.2,71.6,79,29.2,0,62664,0,0
8/12/2009 7:10,18,5,5.5,71.4,82,29.2,0,62664,0,0
8/12/2009 7:20,21,6.6,6.8,71,80,29.2,0,62664,0,0
8/12/2009 7:30,341,4.2,5.1,71.6,82,29.2,0,62664,0,0
8/12/2009 7:40,343,6,6.6,71,82,29.2,0,62664,0,0
8/12/2009 7:50,343,6.6,7.2,70.8,82,29.2,0,62664,0,0
8/12/2009 8:00,339,5.8,6.7,71.4,82,29.2,0,62664,0,0
8/12/2009 8:10,341,4.4,5.8,71.2,81,29.2,0,62664,0,0
8/12/2009 8:20,345,8.9,9.4,71.4,80,29.2,0,62664,0,0
8/12/2009 8:30,320,5.2,5.6,71.2,82,29.2,0,62664,0,0
8/12/2009 8:40,353,5.3,6,71,80,29.2,0,62664,0,0
8/12/2009 8:50,335,5.3,6.1,71.2,81,29.2,0,62664,0,0
8/12/2009 9:00,9,6.8,9,71.4,80,29.2,0,62664,0,0
8/12/2009 9:10,351,7,8.2,71.2,79,29.2,0,62664,0,0
8/12/2009 9:20,341,8.3,9,71.2,80,29.2,0,62664,0,0
8/12/2009 9:30,333,8.5,8.9,70.8,82,29.2,0,62664,0,0
8/12/2009 9:40,342,5.5,6.9,70.8,82,29.2,0,62664,0,0
8/12/2009 9:50,329,9.1,10.5,70.8,81,29.2,0,62664,0,0
8/12/2009 10:00,359,8.1,9.2,70.8,79,29.2,0,62664,0,0
8/12/2009 10:10,343,7.2,8.5,70.8,79,29.2,0,62664,0,0
8/12/2009 10:20,342,10.2,11,71.4,78,29.2,0,62664,0,0
8/12/2009 10:30,9,4.9,6.1,71,79,29.2,0,62664,0,0
8/12/2009 10:40,319,11.2,12.7,71,78,29.2,0,62664,0,0
8/12/2009 10:50,5,9.9,10.9,71.6,76,29.2,0,62664,0,0
8/12/2009 11:00,343,4.9,6,70.5,81,29.2,0,62664,0,0
8/12/2009 11:10,339,5.7,7.8,70.8,81,29.2,0,62664,0,0
8/12/2009 11:20,17,6.9,8.2,71,80,29.2,0,62664,0,0
8/12/2009 11:30,333,7.3,8.3,71,79,29.2,0,62664,0,0
8/12/2009 11:40,3,7.2,7.8,71,78,29.2,0,62664,0,0
8/12/2009 11:50,341,7.8,8.9,70.8,79,29.2,0,62664,0,0
8/12/2009 12:00,358,9.1,9.3,71,78,29.2,0,62664,0,0
8/12/2009 12:10,339,2.8,3.8,71.7,79,29.2,0,62664,0,0
8/12/2009 12:20,6,5.3,5.7,71.9,75,29.2,0,62664,0,0
8/12/2009 12:30,329,10,10.6,70.8,77,29.2,0,62664,0,0
8/12/2009 12:40,344,7.3,7.8,71,79,29.2,0,62664,0,0
8/12/2009 12:50,334,6.5,7.5,71,79,29.2,0,62664,0,0
8/12/2009 13:00,346,6.3,7.6,71,81,29.2,0,62664,0,0
8/12/2009 13:10,345,8.1,8.5,71.4,79,29.2,0,62664,0,0
8/12/2009 13:20,334,7.8,8.2,70.8,80,29.2,0,62664,0,0
8/12/2009 13:30,7,8.4,9,70.3,82,29.2,0,62664,0,0
8/12/2009 13:40,344,3.9,4.7,70.7,80,29.2,0,62664,0,0
8/12/2009 13:50,307,5.5,6,71.4,78,29.2,0,62664,0,0
8/12/2009 14:00,356,1.9,2.5,71.9,81,29.2,0,62664,0,0
8/12/2009 14:10,311,6.7,7.3,71.6,78,29.2,0,62664,0,0
8/12/2009 14:20,327,4.5,5.2,71.7,79,29.2,0,62664,0,0
8/12/2009 14:30,31,5.1,5.3,71.7,79,29.2,0,62664,0,0
8/12/2009 14:40,306,5.7,6,71.7,79,29.2,0,62664,0,0
8/12/2009 14:50,293,4.7,5,71.6,78,29.2,0,62664,0,0
8/12/2009 15:00,296,6,6.3,71.6,80,29.2,0,62664,0,0
8/12/2009 15:10,314,6.8,7.1,71.4,80,29.2,0,62664,0,0
8/12/2009 15:20,355,4.1,4.8,71.9,79,29.2,0,62664,0,0
8/12/2009 15:30,58,0.8,1.2,72.1,80,29.2,0,62664,0,0
8/12/2009 15:40,7,3.5,3.8,71.9,79,29.2,0,62664,0,0
8/12/2009 15:50,299,3,3.3,71.9,79,29.2,0,62664,0,0
8/12/2009 16:00,313,2.5,2.8,71.4,81,29.2,0,62664,0,0
8/12/2009 16:10,289,6.4,6.7,71.4,81,29.2,0,62664,0,0
8/12/2009 16:20,282,7.6,7.9,71,83,29.2,0,62664,0,0
8/12/2009 16:30,280,3.8,4.7,70.8,84,29.2,0,62664,0,0
8/12/2009 16:40,292,4.8,5.3,70.7,84,29.2,0,62664,0,0
8/12/2009 16:50,293,4.8,5.1,70.5,84,29.2,0,62664,0,0
8/12/2009 17:00,301,5.2,5.5,70.5,84,29.2,0,62664,0,0
8/12/2009 17:10,285,6.8,7.2,70.3,83,29.2,0,62664,0,0
8/12/2009 17:20,265,3,3.9,70.3,82,29.2,0,62664,0,0
8/12/2009 17:30,313,4.3,5,70.1,84,29.2,0,62664,0,0
8/12/2009 17:40,291,3.3,3.8,70.1,84,29.2,0,62664,0,0
8/12/2009 17:50,194,0.3,1,70.1,84,29.2,0,62664,0,0
8/12/2009 18:00,317,2.8,3.8,70.1,85,29.2,0,62664,0,0
8/12/2009 18:10,293,1.8,2.2,70.1,85,29.2,0,62664,0,0
8/12/2009 18:20,241,1.4,1.6,69.9,86,29.2,0,62664,0,0
8/12/2009 18:30,220,1.3,1.6,69.9,86,29.2,0,62664,0,0
8/12/2009 18:40,286,3.8,4.2,70.1,86,29.3,0,62664,0,0
8/12/2009 18:50,298,3.1,3.6,70.3,86,29.3,0,62664,0,0
8/12/2009 19:00,304,2,2.2,70.1,86,29.3,0,62664,0,0
8/12/2009 19:10,151,4.4,5.1,69,87,29.3,0,62664,0,0
8/12/2009 19:20,162,2.4,3,68.3,89,29.3,0,62664,0,0
8/12/2009 19:30,183,2.3,2.6,68,90,29.3,0,62664,0,0
8/12/2009 19:40,203,4,4.3,67.6,91,29.3,0,62664,0,0
8/12/2009 19:50,184,2.6,3,67.6,91,29.3,0,62664,0,0
8/12/2009 20:00,178,4.2,4.5,67.2,91,29.3,0,62664,0,0
8/12/2009 20:10,154,3.1,3.6,66.9,92,29.2,0,62664,0,0
8/12/2009 20:20,165,3.8,4.3,66.7,92,29.2,0,62664,0,0
8/12/2009 20:30,167,3.7,3.9,66.7,92,29.2,0,62664,0,0
8/12/2009 20:40,166,4.1,4.5,66.7,93,29.2,0,62664,0,0
8/12/2009 20:50,163,3.5,4.2,66.5,93,29.2,0,62664,0,0
8/12/2009 21:00,169,4,4.9,66.5,93,29.2,0,62664,0,0
8/12/2009 21:10,177,3.2,3.6,66.5,93,29.2,0,62664,0,0
8/12/2009 21:20,175,3.8,4.3,66.3,93,29.2,0,62664,0,0
8/12/2009 21:30,185,4.3,4.6,66.3,93,29.2,0,62664,0,0
8/12/2009 21:40,164,5.2,6.1,66.2,93,29.2,0,62664,0,0
8/12/2009 21:50,188,5.5,5.8,66.2,94,29.2,0,62664,0,0
8/12/2009 22:00,178,6,6.5,66.2,93,29.2,0,62664,0,0
8/12/2009 22:10,156,4,4.5,66,93,29.2,0,62664,0,0
8/12/2009 22:20,175,5.6,6.3,66,94,29.2,0,62664,0,0
8/12/2009 22:30,174,3.9,5.1,66,93,29.2,0,62664,0,0
8/12/2009 22:40,175,5.6,6,65.8,94,29.2,0,62664,0,0
8/12/2009 22:50,173,6.4,6.8,66,93,29.2,0,62664,0,0
8/12/2009 23:00,168,4.9,6.1,66,93,29.2,0,62664,0,0
8/12/2009 23:10,172,5.1,5.6,65.8,93,29.2,0,62664,0,0
8/12/2009 23:20,170,5.6,7,66,94,29.2,0,62664,0,0
8/12/2009 23:30,167,4.7,5.9,66,94,29.2,0,62664,0,0
8/12/2009 23:40,153,4.6,5,66,93,29.2,0,62664,0,0
8/12/2009 23:50,161,5.1,5.9,66,94,29.2,0,62664,0,0
8/13/2009 0:00,163,4.6,5.4,66.3,93,29.2,0,62664,0,0
8/13/2009 0:10,153,5.3,5.7,66.2,94,29.2,0,62664,0,0
8/13/2009 0:20,162,4.7,5.4,66.2,94,29.2,0,62664,0,0
8/13/2009 0:30,143,4.6,4.7,66.2,93,29.2,0,62664,0,0
8/13/2009 0:40,134,5,5.5,66,93,29.2,0,62664,0,0
8/13/2009 0:50,135,5.3,6.2,66,94,29.3,0,62664,0,0
8/13/2009 1:00,132,5.7,6.3,66.2,94,29.3,0,62664,0,0
8/13/2009 1:10,132,8.4,8.9,66.3,94,29.3,0,62664,0,0
8/13/2009 1:20,131,8.9,9.3,66,93,29.3,0,62664,0,0
8/13/2009 1:30,139,8.9,9.3,65.8,93,29.3,0,62664,0,0
8/13/2009 1:40,144,7.2,7.7,65.6,93,29.3,0,62664,0,0
8/13/2009 1:50,135,7.4,8.1,65.4,93,29.3,0,62664,0,0
8/13/2009 2:00,141,7.6,8.1,65.4,93,29.3,0,62664,0,0
8/13/2009 2:10,143,6.4,7,65.4,93,29.3,0,62664,0,0
8/13/2009 2:20,153,6.9,7.3,65.4,94,29.3,0,62664,0,0
8/13/2009 2:30,149,6.3,6.9,65.4,93,29.3,0,62664,0,0
8/13/2009 2:40,149,6.5,6.8,65.4,94,29.3,0,62664,0,0
8/13/2009 2:50,160,6,7,65.4,94,29.3,0,62664,0,0
8/13/2009 3:00,147,4.3,4.6,65.1,94,29.3,0,62664,0,0
8/13/2009 3:10,162,3.6,4.7,64.9,94,29.3,0,62664,0,0
8/13/2009 3:20,158,3.8,4.3,65.1,94,29.3,0,62664,0,0
8/13/2009 3:30,153,5.3,5.7,65.1,94,29.3,0,62664,0,0
8/13/2009 3:40,165,3.3,4,65.3,93,29.3,0,62664,0,0
8/13/2009 3:50,145,5.2,5.9,65.4,92,29.3,0,62664,0,0
8/13/2009 4:00,143,7.2,7.5,66,91,29.3,0,62664,0,0
8/13/2009 4:10,137,4.2,5.3,66.3,90,29.3,0,62664,0,0
8/13/2009 4:20,147,4.9,5.9,66.5,90,29.3,0,62664,0,0
8/13/2009 4:30,149,3.6,4.4,67.4,88,29.3,0,62664,0,0
8/13/2009 4:40,136,3.8,4.2,68.1,86,29.3,0,62664,0,0
8/13/2009 4:50,136,6,6.6,68.9,85,29.3,0,62664,0,0
8/13/2009 5:00,161,1.2,1.9,69.6,84,29.3,0,62664,0,0
8/13/2009 5:10,121,1.9,2.3,70.8,81,29.3,0,62664,0,0
8/13/2009 5:20,113,1.6,2.1,71.6,79,29.3,0,62664,0,0
8/13/2009 5:30,117,1.8,2.2,72.8,75,29.3,0,62664,0,0
8/13/2009 5:40,126,0.4,0.7,73.5,75,29.3,0,62664,0,0
8/13/2009 5:50,77,4,4.4,73.9,73,29.3,0,62664,0,0
8/13/2009 6:00,11,2.9,3.2,72.8,76,29.3,0,62664,0,0
8/13/2009 6:10,334,2.1,2.3,73.2,75,29.3,0,62664,0,0
8/13/2009 6:20,344,2.1,2.3,73.2,75,29.3,0,62664,0,0
8/13/2009 6:30,338,4.8,5.1,73.2,75,29.3,0,62664,0,0
8/13/2009 6:40,350,4.4,4.9,72.8,77,29.3,0,62664,0,0
8/13/2009 6:50,345,2.7,3.4,72.6,81,29.3,0,62664,0,0
8/13/2009 7:00,333,5.9,6.8,72.6,81,29.3,0,62664,0,0
8/13/2009 7:10,315,4.5,5.2,72.6,82,29.3,0,62664,0,0
8/13/2009 7:20,350,3,3.9,72.3,82,29.3,0,62664,0,0
8/13/2009 7:30,349,6.7,7.5,72.1,82,29.3,0,62664,0,0
8/13/2009 7:40,308,6.9,7.5,72.1,84,29.3,0,62664,0,0
8/13/2009 7:50,326,6.6,7,72.3,84,29.3,0,62664,0,0
8/13/2009 8:00,354,7.4,8,72.8,82,29.3,0,62664,0,0
8/13/2009 8:10,319,5,5.8,72.1,85,29.3,0,62664,0,0
8/13/2009 8:20,318,7.7,8,72.3,84,29.3,0,62664,0,0
8/13/2009 8:30,346,5.4,6.9,72.3,85,29.3,0,62664,0,0
8/13/2009 8:40,320,7.2,7.6,72.3,84,29.3,0,62664,0,0
8/13/2009 8:50,325,4.8,5.5,72.8,83,29.3,0,62664,0,0
8/13/2009 9:00,315,8.6,9.1,73,82,29.3,0,62664,0,0
8/13/2009 9:10,354,5.7,6.5,73.2,83,29.3,0,62664,0,0
8/13/2009 9:20,292,1.9,3.4,73.4,81,29.3,0,62664,0,0
8/13/2009 9:30,350,2.5,3.3,73,83,29.3,0,62664,0,0
8/13/2009 9:40,338,5,6.2,73.7,82,29.3,0,62664,0,0
8/13/2009 9:50,313,2.7,3.5,73.7,81,29.3,0,62664,0,0
8/13/2009 10:00,310,6.5,7.1,73.4,82,29.3,0,62664,0,0
8/13/2009 10:10,312,4,5.2,73.4,83,29.3,0,62664,0,0
8/13/2009 10:20,348,2.1,3.1,73.7,83,29.3,0,62664,0,0
8/13/2009 10:30,346,6,6.9,73.5,83,29.3,0,62664,0,0
8/13/2009 10:40,335,8,8.7,73.7,83,29.3,0,62664,0,0
8/13/2009 10:50,340,7,7.2,73.5,82,29.3,0,62664,0,0
8/13/2009 11:00,354,8.2,9.5,73.5,84,29.3,0,62664,0,0
8/13/2009 11:10,338,8.1,8.5,73.5,83,29.3,0,62664,0,0
8/13/2009 11:20,336,7.9,8.2,73.9,81,29.3,0,62664,0,0
8/13/2009 11:30,339,7.7,9,74.3,81,29.3,0,62664,0,0
8/13/2009 11:40,320,5.9,6.7,74.4,81,29.3,0,62664,0,0
8/13/2009 11:50,306,6.4,8,74.6,80,29.3,0,62664,0,0
8/13/2009 12:00,338,8.9,9.2,74.1,80,29.3,0,62664,0,0
8/13/2009 12:10,349,8,8.7,74.4,79,29.3,0,62664,0,0
8/13/2009 12:20,336,7.1,7.7,73.7,82,29.3,0,62664,0,0
8/13/2009 12:30,336,3.6,3.9,74.3,82,29.3,0,62664,0,0
8/13/2009 12:40,3,6.6,6.9,74.4,77,29.3,0,62664,0,0
8/13/2009 12:50,14,4.6,5.1,74.6,79,29.3,0,62664,0,0
8/13/2009 13:00,296,3.6,4,74.8,79,29.3,0,62664,0,0
8/13/2009 13:10,342,8.3,8.9,75.2,77,29.3,0,62664,0,0
8/13/2009 13:20,359,4.9,6.4,75.3,73,29.3,0,62664,0,0
8/13/2009 13:30,356,7.4,8.2,76.1,71,29.3,0,62664,0,0
8/13/2009 13:40,43,6.7,7.2,76.2,71,29.3,0,62664,0,0
8/13/2009 13:50,49,7.4,8.1,76.1,64,29.3,0,62664,0,0
8/13/2009 14:00,89,5.1,6.5,76.2,68,29.3,0,62664,0,0
8/13/2009 14:10,38,3.7,4.7,76.4,70,29.3,0,62664,0,0
8/13/2009 14:20,18,4,4.8,75.7,70,29.3,0,62664,0,0
8/13/2009 14:30,95,4,4.9,76.1,68,29.3,0,62664,0,0
8/13/2009 14:40,19,6.6,7,76.1,67,29.3,0,62664,0,0
8/13/2009 14:50,73,5.5,6.3,76.2,64,29.3,0,62664,0,0
8/13/2009 15:00,337,1.7,1.9,76.2,68,29.3,0,62664,0,0
8/13/2009 15:10,358,2,2.9,75.9,68,29.3,0,62664,0,0
8/13/2009 15:20,3,2.9,3.8,75.7,69,29.3,0,62664,0,0
8/13/2009 15:30,341,2.7,3.2,75.7,67,29.3,0,62664,0,0
8/13/2009 15:40,83,1.7,1.9,75.7,67,29.3,0,62664,0,0
8/13/2009 15:50,47,5.9,6.5,75.7,64,29.3,0,62664,0,0
8/13/2009 16:00,71,5.7,6.6,75.5,69,29.3,0,62664,0,0
8/13/2009 16:10,68,3.8,4.1,75.2,69,29.3,0,62664,0,0
8/13/2009 16:20,80,4.4,5.2,75.2,66,29.3,0,62664,0,0
8/13/2009 16:30,45,4.5,4.8,75,67,29.3,0,62664,0,0
8/13/2009 16:40,50,6.2,6.7,74.8,66,29.3,0,62664,0,0
8/13/2009 16:50,62,3.9,4.3,74.6,69,29.3,0,62664,0,0
8/13/2009 17:00,74,4.4,4.8,74.6,66,29.3,0,62664,0,0
8/13/2009 17:10,89,2.7,3.2,74.4,69,29.3,0,62664,0,0
8/13/2009 17:20,47,2.6,3.2,74.4,68,29.3,0,62664,0,0
8/13/2009 17:30,70,5.1,5.5,74.4,67,29.3,0,62664,0,0
8/13/2009 17:40,71,5.4,6.2,74.4,68,29.3,0,62664,0,0
8/13/2009 17:50,75,4.5,5,74.3,68,29.3,0,62664,0,0
8/13/2009 18:00,69,4.8,5.8,74.1,66,29.3,0,62664,0,0
8/13/2009 18:10,68,5.1,5.3,74.3,65,29.3,0,62664,0,0
8/13/2009 18:20,89,1.7,2.4,73.5,66,29.3,0,62664,0,0
8/13/2009 18:30,145,2.1,2.3,73.7,67,29.3,0,62664,0,0
8/13/2009 18:40,161,2.5,3.1,72.8,70,29.3,0,62664,0,0
8/13/2009 18:50,155,3.7,4.5,73,68,29.3,0,62664,0,0
8/13/2009 19:00,168,2.5,2.9,72.1,72,29.3,0,62664,0,0
8/13/2009 19:10,137,4.3,4.7,71.7,72,29.3,0,62664,0,0
8/13/2009 19:20,126,5.4,5.8,72.3,72,29.3,0,62664,0,0
8/13/2009 19:30,142,4.6,4.9,71.7,74,29.3,0,62664,0,0
8/13/2009 19:40,127,5.9,6.3,71.6,74,29.3,0,62664,0,0
8/13/2009 19:50,150,5.2,6,70.8,75,29.3,0,62664,0,0
8/13/2009 20:00,137,7.5,7.9,71.2,71,29.3,0,62664,0,0
8/13/2009 20:10,129,6.5,6.7,70.7,73,29.3,0,62664,0,0
8/13/2009 20:20,135,6.6,7.3,70.7,73,29.3,0,62664,0,0
8/13/2009 20:30,136,8.2,8.7,70.3,71,29.3,0,62664,0,0
8/13/2009 20:40,135,7.7,8.1,70.7,69,29.3,0,62664,0,0
8/13/2009 20:50,133,7.4,7.8,70.5,69,29.3,0,62664,0,0
8/13/2009 21:00,131,7.7,7.9,70.8,68,29.3,0,62664,0,0
8/13/2009 21:10,132,7.9,8.3,70.8,67,29.3,0,62664,0,0
8/13/2009 21:20,137,6.6,7.3,70.8,67,29.3,0,62664,0,0
8/13/2009 21:30,132,7.9,8.4,71,66,29.3,0,62664,0,0
8/13/2009 21:40,139,6,6.5,70.7,68,29.3,0,62664,0,0
8/13/2009 21:50,137,5.9,6.5,70.5,67,29.3,0,62664,0,0
8/13/2009 22:00,143,7,7.3,70.7,65,29.3,0,62664,0,0
8/13/2009 22:10,131,7.1,7.8,71,64,29.3,0,62664,0,0
8/13/2009 22:20,129,7.3,7.6,71.2,65,29.3,0,62664,0,0
8/13/2009 22:30,131,7.7,8,71,66,29.3,0,62664,0,0
8/13/2009 22:40,133,5.9,6.2,70.8,67,29.3,0,62664,0,0
8/13/2009 22:50,139,7.2,7.5,70.7,67,29.3,0,62664,0,0
8/13/2009 23:00,135,4.3,4.7,70.3,68,29.3,0,62664,0,0
8/13/2009 23:10,147,3.3,3.5,69.8,69,29.3,0,62664,0,0
8/13/2009 23:20,189,1.3,1.5,69.4,70,29.3,0,62664,0,0
8/13/2009 23:30,315,2.3,2.6,69.2,71,29.3,0,62664,0,0
8/13/2009 23:40,296,2.7,2.9,69.4,71,29.3,0,62664,0,0
8/13/2009 23:50,307,2.4,2.6,69.6,71,29.3,0,62664,0,0
8/14/2009 0:00,359,0.8,1.1,69.6,71,29.3,0,62664,0,0
8/14/2009 0:10,330,2.4,2.6,69.6,72,29.3,0,62664,0,0
8/14/2009 0:20,331,2.8,3,69.8,73,29.3,0,62664,0,0
8/14/2009 0:30,355,3.7,3.9,69.8,77,29.3,0,62664,0,0
8/14/2009 0:40,78,3.8,4.3,69.6,76,29.3,0,62664,0,0
8/14/2009 0:50,87,5.3,5.7,69.6,78,29.3,0,62664,0,0
8/14/2009 1:00,85,4.5,4.8,69.6,78,29.3,0,62664,0,0
8/14/2009 1:10,99,3.8,4.4,69,77,29.3,0,62664,0,0
8/14/2009 1:20,118,5.5,5.9,68.3,79,29.3,0,62664,0,0
8/14/2009 1:30,131,6.1,6.6,67.6,81,29.3,0,62664,0,0
8/14/2009 1:40,142,6.2,6.7,67.1,82,29.3,0,62664,0,0
8/14/2009 1:50,131,6.5,7,67.4,81,29.3,0,62664,0,0
8/14/2009 2:00,137,6.3,6.6,67.6,81,29.3,0,62664,0,0
8/14/2009 2:10,136,6.7,7,67.4,81,29.3,0,62664,0,0
8/14/2009 2:20,145,7.1,7.4,66.7,83,29.3,0,62664,0,0
8/14/2009 2:30,150,5.7,6,66.2,84,29.3,0,62664,0,0
8/14/2009 2:40,140,5.7,6.4,65.6,85,29.3,0,62664,0,0
8/14/2009 2:50,137,6.5,7.2,65.8,85,29.3,0,62664,0,0
8/14/2009 3:00,150,6.4,6.9,65.6,86,29.3,0,62874,0,0
8/14/2009 3:10,184,2.8,3.9,66,85,29.3,0,62874,0,0
8/14/2009 3:20,153,3.6,3.9,66.2,85,29.3,0,62874,0,0
8/14/2009 3:30,162,4.2,4.6,66,85,29.4,0,62874,0,0
8/14/2009 3:40,154,5.3,5.9,66.2,85,29.4,0,62874,0,0
8/14/2009 3:50,170,4.2,5.4,66.5,84,29.4,0,62874,0,0
8/14/2009 4:00,169,5.1,5.7,67.1,83,29.4,0,62874,0,0
8/14/2009 4:10,150,4.8,5.3,67.4,82,29.4,0,62874,0,0
8/14/2009 4:20,171,5.5,5.8,67.8,81,29.4,0,62874,0,0
8/14/2009 4:30,174,4.8,5.2,68.3,80,29.4,0,62874,0,0
8/14/2009 4:40,146,2.8,3.9,68.9,79,29.4,0,62874,0,0
8/14/2009 4:50,157,4.1,4.4,69.8,77,29.4,0,62874,0,0
8/14/2009 5:00,261,1.8,2.6,70.5,76,29.4,0,62874,0,0
8/14/2009 5:10,150,3.5,4.2,71,74,29.4,0,62874,0,0
8/14/2009 5:20,185,2.1,3,71.9,72,29.4,0,62874,0,0
8/14/2009 5:30,221,1.4,1.9,72.6,71,29.4,0,62874,0,0
8/14/2009 5:40,147,4,4.6,73.7,69,29.4,0,62874,0,0
8/14/2009 5:50,165,3.7,4,73.7,68,29.4,0,62874,0,0
8/14/2009 6:00,198,1.1,2,74.6,68,29.4,0,62874,0,0
8/14/2009 6:10,310,2.4,2.8,75.5,67,29.4,0,62874,0,0
8/14/2009 6:20,303,2.8,3.1,74.4,68,29.4,0,62874,0,0
8/14/2009 6:30,292,2.8,3.7,74.4,69,29.4,0,62874,0,0
8/14/2009 6:40,303,2.9,3.2,74.3,68,29.4,0,62874,0,0
8/14/2009 6:50,335,3.1,3.5,74.1,70,29.4,0,62874,0,0
8/14/2009 7:00,323,3,3.3,73.9,69,29.4,0,62874,0,0
8/14/2009 7:10,320,4.5,5.1,73.9,71,29.4,0,62874,0,0
8/14/2009 7:20,302,3.2,3.7,74.3,71,29.4,0,62874,0,0
8/14/2009 7:30,349,4.6,5,73.7,70,29.4,0,62874,0,0
8/14/2009 7:40,316,4.3,4.7,73.9,72,29.4,0,62874,0,0
8/14/2009 7:50,340,4,5.1,74.6,71,29.4,0,62874,0,0
8/14/2009 8:00,342,5.9,6.2,74.3,73,29.4,0,62874,0,0
8/14/2009 8:10,353,5.3,5.9,74.3,75,29.4,0,62874,0,0
8/14/2009 8:20,350,6.7,7,74.3,74,29.4,0,62874,0,0
8/14/2009 8:30,343,4.5,4.9,74.4,74,29.4,0,62874,0,0
8/14/2009 8:40,356,5.8,6.3,75.2,69,29.4,0,62874,0,0
8/14/2009 8:50,347,4.6,5.5,75.9,70,29.4,0,62874,0,0
8/14/2009 9:00,322,4.6,4.8,76.1,67,29.4,0,62874,0,0
8/14/2009 9:10,337,4.9,5.2,76.6,68,29.4,0,62874,0,0
8/14/2009 9:20,354,6.6,7,76.4,66,29.4,0,62874,0,0
8/14/2009 9:30,341,5.2,5.6,76.8,64,29.4,0,62874,0,0
8/14/2009 9:40,355,4.7,5.3,76.6,65,29.4,0,62874,0,0
8/14/2009 9:50,3,5.4,5.9,76.8,64,29.4,0,62874,0,0
8/14/2009 10:00,356,5.8,6.3,76.6,64,29.4,0,62874,0,0
8/14/2009 10:10,4,4.2,4.8,77.1,64,29.4,0,62874,0,0
8/14/2009 10:20,3,6.5,6.9,76.4,63,29.4,0,62874,0,0
8/14/2009 10:30,349,3.8,4.4,77.1,64,29.4,0,62874,0,0
8/14/2009 10:40,8,3.8,4.3,76.6,67,29.4,0,62874,0,0
8/14/2009 10:50,358,7.6,8,77.1,62,29.4,0,62874,0,0
8/14/2009 11:00,329,4,5,76.8,68,29.4,0,62874,0,0
8/14/2009 11:10,346,8.7,9.8,77.1,66,29.4,0,62874,0,0
8/14/2009 11:20,333,4.2,5,77.5,68,29.4,0,62874,0,0
8/14/2009 11:30,315,3.5,4,76.8,68,29.4,0,62874,0,0
8/14/2009 11:40,264,1.6,2,78.2,63,29.4,0,62874,0,0
8/14/2009 11:50,344,3.1,4,80,57,29.4,0,62874,0,0
8/14/2009 12:00,18,6.6,6.9,78.6,61,29.4,0,62874,0,0
8/14/2009 12:10,345,7.8,8.4,77.7,67,29.3,0,62874,0,0
8/14/2009 12:20,356,3.7,4.4,78.6,66,29.3,0,62874,0,0
8/14/2009 12:30,355,4.4,4.7,78.8,64,29.3,0,62874,0,0
8/14/2009 12:40,328,5.9,6.5,78.9,64,29.3,0,62874,0,0
8/14/2009 12:50,337,3.1,4,78.9,63,29.3,0,62874,0,0
8/14/2009 13:00,343,6.7,7.5,78.8,63,29.3,0,62874,0,0
8/14/2009 13:10,71,2.4,3.3,79.3,62,29.3,0,62874,0,0
8/14/2009 13:20,18,3.8,4,79.1,62,29.3,0,62874,0,0
8/14/2009 13:30,82,3.6,4,78.9,63,29.3,0,62874,0,0
8/14/2009 13:40,95,2.9,3.5,78.6,64,29.3,0,62874,0,0
8/14/2009 13:50,47,9.2,10.1,78,69,29.3,0,62874,0,0
8/14/2009 14:00,53,3.4,4.8,78,71,29.3,0,62874,0,0
8/14/2009 14:10,69,4.3,4.6,77.9,69,29.3,0,62874,0,0
8/14/2009 14:20,76,3.1,3.6,77.9,70,29.3,0,62874,0,0
8/14/2009 14:30,65,4.1,5.3,77.9,68,29.3,0,62874,0,0
8/14/2009 14:40,40,2,3.2,77.9,68,29.3,0,62874,0,0
8/14/2009 14:50,30,6.3,7,77.7,65,29.3,0,62874,0,0
8/14/2009 15:00,87,4.5,5.6,77.5,69,29.3,0,62874,0,0
8/14/2009 15:10,58,6.9,7.5,77.3,68,29.3,0,62874,0,0
8/14/2009 15:20,107,6.5,7.6,77.3,67,29.3,0,62874,0,0
8/14/2009 15:30,80,4.6,5,77.3,68,29.3,0,62874,0,0
8/14/2009 15:40,67,4.2,5.2,77.3,66,29.3,0,62874,0,0
8/14/2009 15:50,54,4.8,5.4,77.1,64,29.3,0,62874,0,0
8/14/2009 16:00,59,6.3,7.1,77.1,66,29.3,0,62874,0,0
8/14/2009 16:10,48,7.4,7.8,77.1,62,29.3,0,62874,0,0
8/14/2009 16:20,75,5.6,6.1,77.1,63,29.3,0,62874,0,0
8/14/2009 16:30,77,5.1,5.5,77,66,29.3,0,62874,0,0
8/14/2009 16:40,77,4.5,5.3,76.8,62,29.3,0,62874,0,0
8/14/2009 16:50,69,6,7.1,76.8,64,29.3,0,62874,0,0
8/14/2009 17:00,70,6.7,7.2,76.6,65,29.3,0,62874,0,0
8/14/2009 17:10,67,7.4,7.8,76.8,57,29.3,0,62874,0,0
8/14/2009 17:20,79,6.4,7.2,77.1,55,29.3,0,62874,0,0
8/14/2009 17:30,63,4.1,5,76.8,61,29.3,0,62874,0,0
8/14/2009 17:40,73,4.5,5,76.8,63,29.3,0,62874,0,0
8/14/2009 17:50,80,5,5.2,76.8,60,29.3,0,62874,0,0
8/14/2009 18:00,97,4.9,5.4,77,59,29.3,0,62874,0,0
8/14/2009 18:10,116,5.8,6.2,76.6,59,29.3,0,62874,0,0
8/14/2009 18:20,130,5.8,6.6,76.2,60,29.3,0,62874,0,0
8/14/2009 18:30,121,6.3,6.9,76.2,59,29.3,0,62874,0,0
8/14/2009 18:40,114,8.9,9.6,75.9,57,29.3,0,62874,0,0
8/14/2009 18:50,120,8.1,8.8,75.7,57,29.3,0,62874,0,0
8/14/2009 19:00,123,8.2,8.8,75.3,56,29.3,0,62874,0,0
8/14/2009 19:10,116,8.6,9.2,75.2,55,29.3,0,62874,0,0
8/14/2009 19:20,117,7.6,8,75.2,55,29.3,0,62874,0,0
8/14/2009 19:30,110,7.6,8.5,75.2,55,29.3,0,62874,0,0
8/14/2009 19:40,127,7.7,8.6,75,55,29.3,0,62874,0,0
8/14/2009 19:50,122,8,8.3,74.8,55,29.3,0,62874,0,0
8/14/2009 20:00,128,4.6,5.4,74.4,57,29.3,0,62874,0,0
8/14/2009 20:10,123,6.7,7.3,74.3,58,29.3,0,62874,0,0
8/14/2009 20:20,109,7.7,8.3,74.6,57,29.3,0,62874,0,0
8/14/2009 20:30,124,7.3,8,74.4,58,29.3,0,62874,0,0
8/14/2009 20:40,114,6.9,7.2,74.3,58,29.3,0,62874,0,0
8/14/2009 20:50,150,3.2,3.9,73.9,60,29.3,0,62874,0,0
8/14/2009 21:00,357,0.9,1.5,73.4,62,29.3,0,62874,0,0
8/14/2009 21:10,133,3.9,4.4,73.5,61,29.3,0,62874,0,0
8/14/2009 21:20,137,5.6,6.1,73.9,61,29.3,0,62874,0,0
8/14/2009 21:30,158,2.7,3.2,73.5,64,29.3,0,62874,0,0
8/14/2009 21:40,137,4.7,5.4,73.5,65,29.3,0,62874,0,0
8/14/2009 21:50,136,6,6.3,73.7,65,29.3,0,62874,0,0
8/14/2009 22:00,132,4.8,5.2,73.9,66,29.3,0,62874,0,0
8/14/2009 22:10,130,4.5,6.6,73.9,66,29.3,0,62874,0,0
8/14/2009 22:20,153,6,7.2,73.9,67,29.3,0,62874,0,0
8/14/2009 22:30,127,4.4,5,73.7,68,29.3,0,62874,0,0
8/14/2009 22:40,158,4.8,5.5,73.9,68,29.3,0,62874,0,0
8/14/2009 22:50,142,6.4,7.3,73.9,68,29.3,0,62874,0,0
8/14/2009 23:00,142,5.8,6.5,73.9,68,29.3,0,62874,0,0
8/14/2009 23:10,144,6.5,6.8,73.9,69,29.3,0,62874,0,0
8/14/2009 23:20,125,5.7,6.9,73.7,69,29.3,0,62874,0,0
8/14/2009 23:30,149,7.7,8.1,73.7,70,29.3,0,62874,0,0
8/14/2009 23:40,160,8.1,8.8,73.9,70,29.3,0,62874,0,0
8/14/2009 23:50,149,5.6,6.8,73.9,70,29.3,0,62874,0,0
8/15/2009 0:00,152,8.3,9.5,73.9,70,29.3,0,62874,0,0
8/15/2009 0:10,113,2,4,73.7,71,29.3,0,62874,0,0
8/15/2009 0:20,154,5.2,6.2,73.5,71,29.3,0,62874,0,0
8/15/2009 0:30,166,0.9,1.9,73.2,72,29.3,0,62874,0,0
8/15/2009 0:40,124,0.5,0.9,73,72,29.3,0,62874,0,0
8/15/2009 0:50,139,4.3,4.8,73.2,72,29.3,0,62874,0,0
8/15/2009 1:00,116,1.9,2.3,72.8,73,29.3,0,62874,0,0
8/15/2009 1:10,353,0.9,1.2,72.6,74,29.3,0,62874,0,0
8/15/2009 1:20,151,3.9,4.3,72.6,73,29.3,0,62874,0,0
8/15/2009 1:30,148,6.3,7.2,72.6,73,29.3,0,62874,0,0
8/15/2009 1:40,123,5.7,6.2,72.3,74,29.3,0,62874,0,0
8/15/2009 1:50,161,8.4,9,72.3,74,29.3,0,62874,0,0
8/15/2009 2:00,144,6.4,7.9,71.9,75,29.3,0,62874,0,0
8/15/2009 2:10,183,5.9,7.3,71.9,75,29.3,0,62874,0,0
8/15/2009 2:20,173,7.8,8.2,71.9,75,29.3,0,62874,0,0
8/15/2009 2:30,160,6.5,8.5,71.7,75,29.3,0,62874,0,0
8/15/2009 2:40,117,4.2,7.9,71.7,76,29.3,0,62874,0,0
8/15/2009 2:50,161,12.3,13.2,71.4,76,29.3,0,62874,0,0
8/15/2009 3:00,170,8.1,10.4,71.4,76,29.3,0,62874,0,0
8/15/2009 3:10,157,9.9,10.4,71.4,77,29.3,0,62874,0,0
8/15/2009 3:20,169,12.5,13.2,71.2,77,29.3,0,62874,0,0
8/15/2009 3:30,164,12.2,13.9,70.8,78,29.3,0,62874,0,0
8/15/2009 3:40,158,12.8,13.4,70.7,79,29.3,0,62874,0,0
8/15/2009 3:50,172,8.9,10,70.8,78,29.3,0,62874,0,0
8/15/2009 4:00,160,8.8,10.8,70.8,78,29.3,0,62874,0,0
8/15/2009 4:10,154,6.3,7.3,71.2,78,29.3,0,62874,0,0
8/15/2009 4:20,169,12.3,13.4,71.4,77,29.3,0,62874,0,0
8/15/2009 4:30,193,5.3,9.3,71.7,77,29.3,0,62874,0,0
8/15/2009 4:40,168,10.3,10.5,71.9,76,29.3,0,62874,0,0
8/15/2009 4:50,184,5.7,6.4,72.3,75,29.3,0,62874,0,0
8/15/2009 5:00,196,3.3,3.6,72.6,75,29.3,0,62874,0,0
8/15/2009 5:10,218,2.1,3,73.2,75,29.3,0,62874,0,0
8/15/2009 5:20,177,4.6,7.3,73.4,74,29.3,0,62874,0,0
8/15/2009 5:30,169,4,5.1,74.3,72,29.3,0,62874,0,0
8/15/2009 5:40,174,4.2,5.1,74.6,71,29.3,0,62874,0,0
8/15/2009 5:50,203,6.9,7.8,75.2,70,29.3,0,62874,0,0
8/15/2009 6:00,100,0.9,1.8,76.2,69,29.3,0,62874,0,0
8/15/2009 6:10,212,2.9,4,76.2,69,29.3,0,62874,0,0
8/15/2009 6:20,189,4.2,4.7,76.8,68,29.3,0,62874,0,0
8/15/2009 6:30,245,3.4,4,77.7,68,29.3,0,62874,0,0
8/15/2009 6:40,322,3.7,4.1,75.2,73,29.4,0,62874,0,0
8/15/2009 6:50,3,5.9,6.1,75,75,29.4,0,62874,0,0
8/15/2009 7:00,301,1.4,1.7,75.9,74,29.3,0,62874,0,0
8/15/2009 7:10,324,5.9,6.7,76.4,72,29.4,0,62874,0,0
8/15/2009 7:20,317,4.6,5,75.7,74,29.4,0,62874,0,0
8/15/2009 7:30,345,2.4,2.6,76.4,74,29.3,0,62874,0,0
8/15/2009 7:40,341,2.2,2.9,75.5,74,29.3,0,62874,0,0
8/15/2009 7:50,273,5.3,5.6,77.9,66,29.4,0,62874,0,0
8/15/2009 8:00,327,4.4,5,77.3,72,29.4,0,62874,0,0
8/15/2009 8:10,292,3.4,3.8,77.1,72,29.4,0,62874,0,0
8/15/2009 8:20,332,7.8,8.5,77.7,72,29.4,0,62874,0,0
8/15/2009 8:30,315,4.9,6.1,77.3,73,29.4,0,62874,0,0
8/15/2009 8:40,260,6.2,6.5,77.1,67,29.3,0,62874,0,0
8/15/2009 8:50,282,5.1,5.7,77.5,69,29.3,0,62874,0,0
8/15/2009 9:00,301,5.5,6.1,77.9,70,29.3,0,62874,0,0
8/15/2009 9:10,291,3.4,4.1,77.9,68,29.3,0,62874,0,0
8/15/2009 9:20,313,5.7,6.8,77,75,29.3,0,62874,0,0
8/15/2009 9:30,290,8.3,8.6,77.7,68,29.3,0,62874,0,0
8/15/2009 9:40,302,5.1,6.2,77.5,70,29.3,0,62874,0,0
8/15/2009 9:50,281,7.8,8.1,77.1,69,29.3,0,62874,0,0
8/15/2009 10:00,260,6.2,6.9,77.3,71,29.3,0,62874,0,0
8/15/2009 10:10,279,4,4.3,77.7,73,29.3,0,62874,0,0
8/15/2009 10:20,294,4.9,5.2,77.5,71,29.3,0,62874,0,0
8/15/2009 10:30,299,5.2,6.4,77.5,71,29.3,0,62874,0,0
8/15/2009 10:40,312,6.2,6.9,77.5,74,29.3,0,62874,0,0
8/15/2009 10:50,312,7,7.3,77.7,74,29.3,0,62874,0,0
8/15/2009 11:00,295,5.9,6.5,77.1,76,29.3,0,62874,0,0
8/15/2009 11:10,304,4,5,77.9,74,29.3,0,62874,0,0
8/15/2009 11:20,302,7,7.5,77.5,74,29.3,0,62874,0,0
8/15/2009 11:30,300,6.2,6.5,77.9,73,29.3,0,62874,0,0
8/15/2009 11:40,312,6.4,7.2,77.5,75,29.3,0,62874,0,0
8/15/2009 11:50,299,7.1,7.7,78,75,29.3,0,62874,0,0
8/15/2009 12:00,315,7.7,9.8,77.9,75,29.3,0,62874,0,0
8/15/2009 12:10,321,8,9.1,77.5,76,29.3,0,62874,0,0
8/15/2009 12:20,345,2.9,3.6,78,76,29.3,0,62874,0,0
8/15/2009 12:30,338,4.9,5.3,77.7,75,29.3,0,62874,0,0
8/15/2009 12:40,331,5.5,6.2,77.5,77,29.3,0,62874,0,0
8/15/2009 12:50,330,6,6.6,77.9,77,29.3,0,62874,0,0
8/15/2009 13:00,333,4.3,4.8,77.7,77,29.3,0,62874,0,0
8/15/2009 13:10,353,6.3,6.7,78.2,75,29.3,0,62874,0,0
8/15/2009 13:20,334,4.1,4.6,77.9,77,29.3,0,62874,0,0
8/15/2009 13:30,0,5.9,6.1,79.1,73,29.3,0,62874,0,0
8/15/2009 13:40,71,1.8,2.7,78.9,70,29.3,0,62874,0,0
8/15/2009 13:50,352,1.1,1.3,79.3,71,29.3,0,62874,0,0
8/15/2009 14:00,8,4.6,5.3,79.3,69,29.3,0,62874,0,0
8/15/2009 14:10,51,6.1,6.4,78.8,67,29.3,0,62874,0,0
8/15/2009 14:20,81,3.7,4.1,79.1,67,29.3,0,62874,0,0
8/15/2009 14:30,42,4.1,4.6,79.3,65,29.3,0,62874,0,0
8/15/2009 14:40,44,5.6,5.9,78.9,67,29.3,0,62874,0,0
8/15/2009 14:50,5,2.7,3.4,78.8,70,29.3,0,62874,0,0
8/15/2009 15:00,49,6.5,7.4,78.6,70,29.3,0,62874,0,0
8/15/2009 15:10,50,7.4,7.9,78.6,68,29.3,0,62874,0,0
8/15/2009 15:20,58,3.9,4.4,78.8,65,29.3,0,62874,0,0
8/15/2009 15:30,73,4.5,5,78.6,68,29.3,0,62874,0,0
8/15/2009 15:40,49,5.5,5.7,78.6,66,29.3,0,62874,0,0
8/15/2009 15:50,58,5,5.2,78.6,65,29.3,0,62874,0,0
8/15/2009 16:00,42,2.6,3,78.6,64,29.3,0,62874,0,0
8/15/2009 16:10,40,2.8,3.2,78.2,67,29.3,0,62874,0,0
8/15/2009 16:20,59,4.2,5.3,78,67,29.3,0,62874,0,0
8/15/2009 16:30,42,4.3,4.9,78,68,29.3,0,62874,0,0
8/15/2009 16:40,51,3.2,4,77.9,69,29.3,0,62874,0,0
8/15/2009 16:50,71,6,6.6,77.7,68,29.3,0,62874,0,0
8/15/2009 17:00,58,4.9,5.1,77.7,71,29.3,0,62874,0,0
8/15/2009 17:10,62,3.1,3.8,77.9,66,29.3,0,62874,0,0
8/15/2009 17:20,69,5.2,5.6,78,66,29.3,0,62874,0,0
8/15/2009 17:30,49,3.7,4,78,66,29.3,0,62874,0,0
8/15/2009 17:40,76,5.9,6.5,77.7,70,29.3,0,62874,0,0
8/15/2009 17:50,95,3.8,4.5,77.3,70,29.3,0,62874,0,0
8/15/2009 18:00,91,5.3,5.6,77.3,69,29.3,0,62874,0,0
8/15/2009 18:10,124,4,4.2,77.5,67,29.3,0,62894,0,0
8/15/2009 18:20,133,4.4,4.9,77.7,68,29.3,0,62984,0,0
8/15/2009 18:30,129,5.7,6.1,77.7,67,29.3,0,62984,0,0
8/15/2009 18:40,136,6,6.4,77.3,68,29.3,0,62984,0,0
8/15/2009 18:50,130,5.2,5.9,77.1,67,29.3,0,62984,0,0
8/15/2009 19:00,146,6.3,7.5,76.8,66,29.3,0,62984,0,0
8/15/2009 19:10,140,6.2,6.7,76.8,66,29.3,0,62984,0,0
8/15/2009 19:20,131,5.7,6.3,76.6,67,29.3,0,62984,0,0
8/15/2009 19:30,135,5.9,6.4,76.6,66,29.3,0,62984,0,0
8/15/2009 19:40,138,5,6.1,76.1,67,29.3,0,62984,0,0
8/15/2009 19:50,141,6.3,6.9,75.7,67,29.3,0,62984,0,0
8/15/2009 20:00,140,7.1,7.4,75.9,66,29.3,0,62984,0,0
8/15/2009 20:10,140,7.5,7.8,75.5,65,29.3,0,62984,0,0
8/15/2009 20:20,147,7,7.4,75.3,64,29.3,0,62984,0,0
8/15/2009 20:30,145,7.7,8.5,75.7,62,29.3,0,62984,0,0
8/15/2009 20:40,154,7.1,7.5,76.1,58,29.3,0,62984,0,0
8/15/2009 20:50,160,6.8,7.2,75.2,60,29.3,0,62984,0,0
8/15/2009 21:00,160,6.5,7.2,74.4,62,29.3,0,62984,0,0
8/15/2009 21:10,157,6.7,7.2,74.6,61,29.3,0,62984,0,0
8/15/2009 21:20,145,6.8,7.8,74.3,62,29.3,0,62984,0,0
8/15/2009 21:30,160,6.4,6.8,74.3,62,29.3,0,62984,0,0
8/15/2009 21:40,160,7.5,7.9,74.3,62,29.3,0,62984,0,0
8/15/2009 21:50,140,4.5,5.1,74.3,62,29.3,0,62984,0,0
8/15/2009 22:00,150,6.4,7,74.4,63,29.3,0,62984,0,0
8/15/2009 22:10,158,4.2,4.7,74.4,64,29.3,0,62984,0,0
8/15/2009 22:20,190,2.4,2.9,74.1,65,29.3,0,62984,0,0
8/15/2009 22:30,279,3.1,3.3,73.7,67,29.3,0,62984,0,0
8/15/2009 22:40,175,2.8,3.2,73.5,68,29.3,0,62984,0,0
8/15/2009 22:50,154,4.1,4.6,73.9,69,29.3,0,62984,0,0
8/15/2009 23:00,153,5,5.7,73.5,70,29.3,0,62984,0,0
8/15/2009 23:10,81,1.4,2.1,73.4,70,29.3,0,62984,0,0
8/15/2009 23:20,84,1,1.3,73.4,71,29.3,0,62984,0,0
8/15/2009 23:30,143,3.7,4,73.4,71,29.3,0,62984,0,0
8/15/2009 23:40,42,0.7,1.3,73,72,29.3,0,62984,0,0
8/15/2009 23:50,186,0.4,0.6,72.6,74,29.3,0,62984,0,0
8/16/2009 0:00,150,1.5,2,72.5,75,29.3,0,62984,0,0
8/16/2009 0:10,160,2.3,2.9,72.3,76,29.3,0,62984,0,0
8/16/2009 0:20,131,2.1,2.5,71.9,77,29.3,0,62984,0,0
8/16/2009 0:30,337,0.8,1.4,71.6,79,29.3,0,62984,0,0
8/16/2009 0:40,267,2.3,2.7,71.4,79,29.3,0,62984,0,0
8/16/2009 0:50,232,3.3,3.6,71.4,79,29.3,0,62984,0,0
8/16/2009 1:00,240,1.5,1.9,71.4,80,29.3,0,62984,0,0
8/16/2009 1:10,220,2.8,3,71.4,80,29.3,0,62984,0,0
8/16/2009 1:20,192,2.4,2.6,70.8,81,29.3,0,62984,0,0
8/16/2009 1:30,174,5.7,6.3,70.7,82,29.3,0,62984,0,0
8/16/2009 1:40,168,6.1,6.6,70.5,82,29.3,0,62984,0,0
8/16/2009 1:50,174,7.4,8.3,70.5,82,29.3,0,62984,0,0
8/16/2009 2:00,175,5.9,6.6,70.5,82,29.3,0,62984,0,0
8/16/2009 2:10,176,7.1,8.4,70.5,82,29.3,0,62984,0,0
8/16/2009 2:20,182,7.2,7.9,70.7,81,29.3,0,62984,0,0
8/16/2009 2:30,166,7.7,8.5,70.7,81,29.3,0,62984,0,0
8/16/2009 2:40,180,6.3,6.7,70.5,81,29.3,0,62984,0,0
8/16/2009 2:50,143,5.7,6.4,70.5,81,29.3,0,62984,0,0
8/16/2009 3:00,158,7.4,8.2,70.5,80,29.3,0,62984,0,0
8/16/2009 3:10,166,7.2,7.9,70.5,80,29.3,0,62984,0,0
8/16/2009 3:20,165,5.3,6.8,70.5,80,29.3,0,62984,0,0
8/16/2009 3:30,157,6.1,7,70.5,80,29.3,0,62984,0,0
8/16/2009 3:40,158,5,5.9,70.5,79,29.3,0,62984,0,0
8/16/2009 3:50,155,9,9.9,70.8,78,29.3,0,62984,0,0
8/16/2009 4:00,163,7.2,8.3,71.2,77,29.3,0,62984,0,0
8/16/2009 4:10,158,4.4,5.7,71.4,77,29.3,0,62984,0,0
8/16/2009 4:20,160,8.6,9.7,71.6,76,29.3,0,62984,0,0
8/16/2009 4:30,158,8,8.5,71.9,75,29.3,0,62984,0,0
8/16/2009 4:40,159,6.2,7.3,72.5,74,29.3,0,62984,0,0
8/16/2009 4:50,161,5.5,7,73,72,29.3,0,62984,0,0
8/16/2009 5:00,140,6.9,7.9,73.7,71,29.4,0,62984,0,0
8/16/2009 5:10,125,5.4,6.4,74.4,70,29.4,0,62984,0,0
8/16/2009 5:20,149,3.6,4.4,75.2,68,29.4,0,62984,0,0
8/16/2009 5:30,160,7.6,8.2,75.7,67,29.4,0,62984,0,0
8/16/2009 5:40,146,7.8,8.1,76.4,65,29.4,0,62984,0,0
8/16/2009 5:50,161,9.1,10.3,77.1,63,29.4,0,62984,0,0
8/16/2009 6:00,147,6.4,8.2,77.7,62,29.4,0,62984,0,0
8/16/2009 6:10,169,7.3,8.6,78,62,29.4,0,62984,0,0
8/16/2009 6:20,178,9.8,10.5,78.2,61,29.4,0,62984,0,0
8/16/2009 6:30,175,5.9,6.3,79.3,61,29.4,0,62984,0,0
8/16/2009 6:40,151,5.1,6.9,79.7,59,29.4,0,62984,0,0
8/16/2009 6:50,192,8.8,10,80.2,58,29.4,0,62984,0,0
8/16/2009 7:00,185,9.3,10,81.1,56,29.4,0,62984,0,0
8/16/2009 7:10,174,8.4,9.3,81.5,53,29.4,0,62984,0,0
8/16/2009 7:20,196,6.5,7.5,81.8,52,29.4,0,62984,0,0
8/16/2009 7:30,200,8.1,9,81.6,55,29.4,0,62984,0,0
8/16/2009 7:40,170,8.6,9.7,82,55,29.4,0,62984,0,0
8/16/2009 7:50,191,7.5,8.4,82.7,53,29.4,0,62984,0,0
8/16/2009 8:00,190,9.3,11.3,82.9,53,29.4,0,62984,0,0
8/16/2009 8:10,176,10.8,12.4,83.1,53,29.4,0,62984,0,0
8/16/2009 8:20,343,2.8,3.9,83.3,54,29.4,0,62984,0,0
8/16/2009 8:30,172,9.7,10.7,84.2,49,29.4,0,62984,0,0
8/16/2009 8:40,232,5.8,6.8,83.8,52,29.4,0,62984,0,0
8/16/2009 8:50,220,7.3,9,84.7,49,29.4,0,62984,0,0
8/16/2009 9:00,229,10.5,11.5,83.8,52,29.3,0,62984,0,0
8/16/2009 9:10,222,2.4,3.6,83.8,52,29.3,0,62984,0,0
8/16/2009 9:20,234,10.9,11.8,84.7,51,29.3,0,62984,0,0
8/16/2009 9:30,240,6.5,7,84.2,52,29.3,0,62984,0,0
8/16/2009 9:40,231,5,6.6,85.2,51,29.3,0,62984,0,0
8/16/2009 9:50,244,8.4,9.4,84.7,52,29.3,0,62984,0,0
8/16/2009 10:00,277,7.9,8.2,84,56,29.3,0,62984,0,0
8/16/2009 10:10,290,9.7,10.1,81.8,64,29.3,0,62984,0,0
8/16/2009 10:20,284,7.4,8.8,82.7,65,29.3,0,62984,0,0
8/16/2009 10:30,300,9.8,10.8,82.4,61,29.3,0,62984,0,0
8/16/2009 10:40,274,8.7,9.5,81.6,66,29.3,0,62984,0,0
8/16/2009 10:50,287,7.2,7.8,82.7,65,29.3,0,62984,0,0
8/16/2009 11:00,275,5,5.8,81.8,61,29.3,0,62984,0,0
8/16/2009 11:10,308,5.6,6.3,82.2,64,29.3,0,62984,0,0
8/16/2009 11:20,287,5.2,5.6,82,64,29.3,0,62984,0,0
8/16/2009 11:30,299,5.5,5.9,82.5,61,29.3,0,62984,0,0
8/16/2009 11:40,341,6.1,6.6,81.6,66,29.3,0,62984,0,0
8/16/2009 11:50,314,2.6,3.1,82.2,64,29.3,0,62984,0,0
8/16/2009 12:00,17,2,2.5,82.2,65,29.3,0,62984,0,0
8/16/2009 12:10,343,4.6,5.6,82.9,62,29.3,0,62984,0,0
8/16/2009 12:20,353,3.6,4,83.3,59,29.3,0,62984,0,0
8/16/2009 12:30,328,1.9,2.5,84,54,29.3,0,62984,0,0
8/16/2009 12:40,9,3.1,3.4,84.2,56,29.3,0,62984,0,0
8/16/2009 12:50,338,3.3,3.8,83.8,60,29.3,0,62984,0,0
8/16/2009 13:00,346,4.5,4.7,83.6,57,29.3,0,62984,0,0
8/16/2009 13:10,1,3.9,4.3,84,56,29.3,0,62984,0,0
8/16/2009 13:20,354,4.3,4.8,82.5,63,29.3,0,62984,0,0
8/16/2009 13:30,5,3,3.8,83.6,62,29.3,0,62984,0,0
8/16/2009 13:40,357,1,1.6,84.2,57,29.3,0,62984,0,0
8/16/2009 13:50,345,2.2,2.5,86.3,55,29.3,0,62984,0,0
8/16/2009 14:00,24,0.6,1,85.8,57,29.3,0,62984,0,0
8/16/2009 14:10,348,4.1,4.6,85.1,59,29.3,0,62984,0,0
8/16/2009 14:20,40,5.5,5.9,83.6,63,29.3,0,62984,0,0
8/16/2009 14:30,38,4.2,4.5,83.8,65,29.3,0,62984,0,0
8/16/2009 14:40,176,6.4,6.9,86.1,51,29.3,0,62984,0,0
8/16/2009 14:50,162,7.8,8.6,87.2,48,29.3,0,62984,0,0
8/16/2009 15:00,188,4.9,6.2,87.4,48,29.3,0,62984,0,0
8/16/2009 15:10,199,8.7,9.6,87,48,29.3,0,62984,0,0
8/16/2009 15:20,272,2.1,3,86.9,50,29.3,0,62984,0,0
8/16/2009 15:30,181,7.5,7.8,86.5,50,29.3,0,62984,0,0
8/16/2009 15:40,192,4.9,6.4,86.5,51,29.3,0,62984,0,0
8/16/2009 15:50,180,5.5,7.9,86.3,51,29.3,0,62984,0,0
8/16/2009 16:00,182,8.6,9.1,86,52,29.3,0,62984,0,0
8/16/2009 16:10,193,3.8,5.1,85.8,53,29.3,0,62984,0,0
8/16/2009 16:20,158,5,6.4,85.6,54,29.3,0,62984,0,0
8/16/2009 16:30,150,7.9,9.1,85.2,56,29.3,0,62984,0,0
8/16/2009 16:40,169,1.6,2.9,84.7,57,29.3,0,62984,0,0
8/16/2009 16:50,188,2.6,3.3,84.3,58,29.3,0,62984,0,0
8/16/2009 17:00,140,4.5,5.4,83.8,60,29.3,0,62984,0,0
8/16/2009 17:10,131,5.5,6.3,83.3,62,29.3,0,62984,0,0
8/16/2009 17:20,159,8.1,9.1,82.7,62,29.3,0,62984,0,0
8/16/2009 17:30,175,4.8,5.9,82.5,62,29.3,0,62984,0,0
8/16/2009 17:40,165,10.6,11.7,82.4,62,29.3,0,62984,0,0
8/16/2009 17:50,170,10.6,11.2,82.2,62,29.3,0,62984,0,0
8/16/2009 18:00,139,9.4,10.6,81.8,63,29.3,0,62984,0,0
8/16/2009 18:10,153,10.1,10.8,81.6,63,29.3,0,62984,0,0
8/16/2009 18:20,140,8.9,10.6,81.6,63,29.3,0,62984,0,0
8/16/2009 18:30,159,13.3,14.5,81.3,64,29.3,0,62984,0,0
8/16/2009 18:40,167,6.7,8.4,81.1,65,29.3,0,62984,0,0
8/16/2009 18:50,174,12.3,13.8,80.7,65,29.3,0,62984,0,0
8/16/2009 19:00,158,10.5,12.4,80.7,65,29.3,0,62984,0,0
8/16/2009 19:10,156,8.5,9.3,80.4,66,29.3,0,62984,0,0
8/16/2009 19:20,180,7,10.3,80.2,66,29.3,0,62984,0,0
8/16/2009 19:30,142,9,11.5,80,66,29.3,0,62984,0,0
8/16/2009 19:40,192,4.6,6.6,79.8,67,29.3,0,62984,0,0
8/16/2009 19:50,144,10,11.1,79.7,67,29.3,0,62984,0,0
8/16/2009 20:00,153,9.3,10.8,79.5,67,29.3,0,62984,0,0
8/16/2009 20:10,173,10.8,11.5,79.5,67,29.3,0,62984,0,0
8/16/2009 20:20,128,6.5,9.4,79.5,67,29.3,0,62984,0,0
8/16/2009 20:30,161,11.5,12.6,79.5,66,29.3,0,62984,0,0
8/16/2009 20:40,169,12.4,14.1,79.3,66,29.3,0,62984,0,0
8/16/2009 20:50,165,7.2,10.7,79.3,66,29.3,0,62984,0,0
8/16/2009 21:00,165,10.2,11.3,79.1,67,29.3,0,62984,0,0
8/16/2009 21:10,179,8.6,10.3,78.9,67,29.3,0,62984,0,0
8/16/2009 21:20,148,6.2,9.8,78.9,67,29.3,0,62984,0,0
8/16/2009 21:30,167,14,15.1,78.8,66,29.3,0,62984,0,0
8/16/2009 21:40,164,11,13.7,78.9,66,29.3,0,62984,0,0
8/16/2009 21:50,180,11.2,13.6,79.1,66,29.3,0,62984,0,0
8/16/2009 22:00,169,12.8,15,79.1,66,29.3,0,62984,0,0
8/16/2009 22:10,170,12.5,14,79.1,66,29.3,0,62984,0,0
8/16/2009 22:20,180,7.1,8.2,78.9,66,29.3,0,62984,0,0
8/16/2009 22:30,190,8.9,9.9,78.6,67,29.3,0,62984,0,0
8/16/2009 22:40,141,4.2,5.9,78.4,67,29.3,0,62984,0,0
8/16/2009 22:50,175,9.3,12.3,78.4,67,29.3,0,62984,0,0
8/16/2009 23:00,174,10.4,11.1,78.2,67,29.3,0,62984,0,0
8/16/2009 23:10,161,11,11.5,78.2,67,29.3,0,62984,0,0
8/16/2009 23:20,170,12.1,13.6,78,67,29.3,0,62984,0,0
8/16/2009 23:30,199,12.3,13.6,78,67,29.3,0,62984,0,0
8/16/2009 23:40,174,10.3,11.7,78,67,29.3,0,62984,0,0
8/16/2009 23:50,185,13.5,14.5,77.9,67,29.3,0,62984,0,0
8/17/2009 0:00,182,8.2,10.3,77.7,67,29.3,0,62984,0,0
8/17/2009 0:10,184,11.3,14.4,77.5,68,29.3,0,62984,0,0
8/17/2009 0:20,183,6.1,7.4,77.3,68,29.3,0,62984,0,0
8/17/2009 0:30,194,5.5,7.1,77.1,68,29.3,0,62984,0,0
8/17/2009 0:40,194,13.6,14.9,77.1,68,29.3,0,62984,0,0
8/17/2009 0:50,176,11.1,12.7,77,69,29.3,0,62984,0,0
8/17/2009 1:00,185,7.7,9.7,77,69,29.3,0,62984,0,0
8/17/2009 1:10,182,15,17.8,77,69,29.3,0,62984,0,0
8/17/2009 1:20,189,9.6,11.1,76.8,69,29.3,0,62984,0,0
8/17/2009 1:30,167,11.5,13,76.4,70,29.3,0,62984,0,0
8/17/2009 1:40,169,13.4,14.8,76.6,69,29.3,0,62984,0,0
8/17/2009 1:50,172,10.5,11.9,76.2,71,29.3,0,62984,0,0
8/17/2009 2:00,188,13.7,14.5,76.1,71,29.3,0,62984,0,0
8/17/2009 2:10,177,8.9,12.1,75.9,71,29.3,0,62984,0,0
8/17/2009 2:20,179,7.5,9.5,75.7,72,29.3,0,62984,0,0
8/17/2009 2:30,193,6.5,7.9,75.5,72,29.3,0,62984,0,0
8/17/2009 2:40,186,8.4,11.4,75.5,73,29.3,0,62984,0,0
8/17/2009 2:50,176,11.4,12.3,75.3,73,29.3,0,62984,0,0
8/17/2009 3:00,176,11.5,12.7,75.5,72,29.3,0,62984,0,0
8/17/2009 3:10,210,9.2,9.9,75.3,73,29.3,0,62984,0,0
8/17/2009 3:20,186,13.1,14.2,75.5,72,29.3,0,62984,0,0
8/17/2009 3:30,172,8.8,10.9,75.3,73,29.3,0,62984,0,0
8/17/2009 3:40,173,5.9,7.2,75,74,29.3,0,62984,0,0
8/17/2009 3:50,148,8,10.6,75,74,29.3,0,62984,0,0
8/17/2009 4:00,168,3.8,6.1,75,74,29.3,0,62984,0,0
8/17/2009 4:10,176,6.7,7.6,75.3,73,29.3,0,62984,0,0
8/17/2009 4:20,173,8.7,9.8,75.7,73,29.3,0,62984,0,0
8/17/2009 4:30,152,8.6,10.6,75.9,73,29.3,0,62984,0,0
8/17/2009 4:40,218,6.6,9,76.2,72,29.3,0,62984,0,0
8/17/2009 4:50,207,4.5,5.7,76.2,72,29.3,0,62984,0,0
8/17/2009 5:00,169,9.9,13,76.8,71,29.3,0,62984,0,0
8/17/2009 5:10,190,6,7.6,77.3,70,29.3,0,62984,0,0
8/17/2009 5:20,218,9.6,13.2,78,69,29.3,0,62984,0,0
8/17/2009 5:30,176,11.1,12.4,78,69,29.3,0,62984,0,0
8/17/2009 5:40,169,9.4,10.8,78.4,69,29.3,0,62984,0,0
8/17/2009 5:50,213,9.9,10.4,79.1,67,29.3,0,62984,0,0
8/17/2009 6:00,207,10.8,11.9,79.8,67,29.3,0,62984,0,0
8/17/2009 6:10,214,9.7,10.2,80.4,66,29.3,0,62984,0,0
8/17/2009 6:20,191,11.1,11.4,81.3,63,29.3,0,62984,0,0
8/17/2009 6:30,213,13.6,14.8,81.5,64,29.3,0,62984,0,0
8/17/2009 6:40,216,9,10.1,81.6,63,29.3,0,62984,0,0
8/17/2009 6:50,200,8.8,9.9,82.4,62,29.3,0,62984,0,0
8/17/2009 7:00,205,8.4,9.6,82.9,61,29.3,0,62984,0,0
8/17/2009 7:10,203,8.3,8.7,82.9,61,29.3,0,62984,0,0
8/17/2009 7:20,220,7.2,8.9,82.9,60,29.3,0,62984,0,0
8/17/2009 7:30,244,8.6,9.9,83.3,60,29.3,0,62984,0,0
8/17/2009 7:40,183,2.5,3.4,83.4,60,29.3,0,62984,0,0
8/17/2009 7:50,268,3.7,5.3,83.6,60,29.3,0,62984,0,0
8/17/2009 8:00,256,12.1,13,83.6,58,29.3,0,62984,0,0
8/17/2009 8:10,237,9.6,10.3,83.6,57,29.3,0,62984,0,0
8/17/2009 8:20,237,8.8,9.5,84.2,57,29.3,0,62984,0,0
8/17/2009 8:30,255,10.3,11.5,84.3,58,29.3,0,62984,0,0
8/17/2009 8:40,264,8.3,9.1,84.7,57,29.3,0,62984,0,0
8/17/2009 8:50,277,4.2,4.7,84.9,59,29.3,0,62984,0,0
8/17/2009 9:00,249,3.7,4,84.9,58,29.3,0,62984,0,0
8/17/2009 9:10,226,3.9,4.8,83.8,60,29.3,0,62984,0,0
8/17/2009 9:20,266,6.9,7.8,84.2,60,29.3,0,62984,0,0
8/17/2009 9:30,296,6.6,8,83.3,61,29.3,0,62984,0,0
8/17/2009 9:40,256,5.8,6.2,83.4,62,29.3,0,62984,0,0
8/17/2009 9:50,280,7,7.4,84,58,29.3,0,62984,0,0
8/17/2009 10:00,268,6.4,6.8,83.8,61,29.3,0,62984,0,0
8/17/2009 10:10,303,6.7,7.8,83.6,60,29.3,0,62984,0,0
8/17/2009 10:20,304,6.4,6.8,83.8,61,29.3,0,62984,0,0
8/17/2009 10:30,350,3.4,4,83.3,67,29.3,0,62984,0,0
8/17/2009 10:40,291,4.9,5.2,84.2,61,29.3,0,62984,0,0
8/17/2009 10:50,304,5.2,5.7,84.7,58,29.3,0,62984,0,0
8/17/2009 11:00,292,4.4,4.8,84.9,55,29.3,0,62984,0,0
8/17/2009 11:10,287,3.7,4.2,85.2,54,29.3,0,62984,0,0
8/17/2009 11:20,304,4.6,5,84.2,61,29.3,0,62984,0,0
8/17/2009 11:30,313,2.8,3.8,83.4,68,29.3,0,62984,0,0
8/17/2009 11:40,356,0.9,1.2,84.2,62,29.3,0,62984,0,0
8/17/2009 11:50,315,6,6.4,84.7,57,29.3,0,62984,0,0
8/17/2009 12:00,290,4.8,5.4,85.2,53,29.3,0,62984,0,0
8/17/2009 12:10,342,4.9,5.5,84.3,60,29.3,0,62984,0,0
8/17/2009 12:20,321,8.1,8.9,83.8,61,29.3,0,62984,0,0
8/17/2009 12:30,316,5.3,6.7,83.1,66,29.3,0,62984,0,0
8/17/2009 12:40,328,7.6,8.7,82.9,64,29.3,0,62984,0,0
8/17/2009 12:50,325,6.6,7.2,82.5,65,29.3,0,62984,0,0
8/17/2009 13:00,334,4,4.4,82.2,68,29.3,0,62984,0,0
8/17/2009 13:10,67,1.2,2.1,82.5,69,29.3,0,62984,0,0
8/17/2009 13:20,321,4.2,4.8,83.6,65,29.3,0,62984,0,0
8/17/2009 13:30,6,4.8,5.5,83.4,64,29.3,0,62984,0,0
8/17/2009 13:40,337,3.1,3.7,82.7,63,29.3,0,62984,0,0
8/17/2009 13:50,358,4.2,4.7,83.4,60,29.3,0,62984,0,0
8/17/2009 14:00,352,3.1,3.8,84,60,29.3,0,62984,0,0
8/17/2009 14:10,299,4.3,4.8,84.7,51,29.3,0,62984,0,0
8/17/2009 14:20,34,3.2,3.6,83.6,54,29.2,0,62984,0,0
8/17/2009 14:30,21,3.1,3.3,83.6,56,29.2,0,62984,0,0
8/17/2009 14:40,25,2.4,2.8,83.8,57,29.2,0,62984,0,0
8/17/2009 14:50,30,4.6,5,83.1,59,29.2,0,62984,0,0
8/17/2009 15:00,20,4.3,4.5,82.9,60,29.2,0,62984,0,0
8/17/2009 15:10,17,4.8,5.1,82.7,59,29.2,0,62984,0,0
8/17/2009 15:20,9,6.1,6.3,82.4,55,29.2,0,62984,0,0
8/17/2009 15:30,11,6.7,6.9,82.2,59,29.2,0,62984,0,0
8/17/2009 15:40,23,3.8,4.5,82,60,29.2,0,62984,0,0
8/17/2009 15:50,65,1.2,1.5,82.2,60,29.2,0,62984,0,0
8/17/2009 16:00,38,2.1,2.4,82,59,29.2,0,62984,0,0
8/17/2009 16:10,67,4.1,4.5,81.8,63,29.2,0,62984,0,0
8/17/2009 16:20,56,3.1,3.4,82,62,29.2,0,62984,0,0
8/17/2009 16:30,63,2.3,2.7,82,62,29.2,0,62984,0,0
8/17/2009 16:40,59,0.6,1.1,82.5,62,29.2,0,62984,0,0
8/17/2009 16:50,94,1.2,1.4,82.2,62,29.2,0,62984,0,0
8/17/2009 17:00,46,0.6,1,81.5,66,29.2,0,62984,0,0
8/17/2009 17:10,140,2.6,2.9,82.2,61,29.2,0,62984,0,0
8/17/2009 17:20,178,6.4,6.8,82.4,60,29.2,0,62984,0,0
8/17/2009 17:30,162,6.7,7.5,82,61,29.2,0,62984,0,0
8/17/2009 17:40,167,5,5.9,81.8,62,29.2,0,62984,0,0
8/17/2009 17:50,178,8.3,9,81.5,63,29.2,0,62984,0,0
8/17/2009 18:00,164,9.2,9.9,81.3,63,29.2,0,62984,0,0
8/17/2009 18:10,182,9.6,10.7,81.1,63,29.2,0,62984,0,0
8/17/2009 18:20,211,9.1,10.3,81.3,62,29.2,0,62984,0,0
8/17/2009 18:30,223,9,9.4,80.7,63,29.2,0,62984,0,0
8/17/2009 18:40,185,3.5,4.4,79.5,78,29.3,0,62984,0,0
8/17/2009 18:50,240,6.3,8.2,78.4,79,29.3,0,62984,0,0
8/17/2009 19:00,221,5.6,6.2,78,81,29.3,0,62984,0,0
8/17/2009 19:10,194,7.6,8.2,78,78,29.3,0,62984,0,0
8/17/2009 19:20,175,3.7,4.9,77.9,78,29.3,0,62984,0,0
8/17/2009 19:30,164,4.8,5.5,77.5,78,29.2,0,62984,0,0
8/17/2009 19:40,170,4.6,5.7,77.5,77,29.2,0,62984,0,0
8/17/2009 19:50,153,8,8.7,77.3,76,29.2,0,62984,0,0
8/17/2009 20:00,182,5.1,6.3,77.5,75,29.2,0,62984,0,0
8/17/2009 20:10,165,7,8.5,77.3,74,29.2,0,62984,0,0
8/17/2009 20:20,174,3.5,6.5,77.3,74,29.2,0,62984,0,0
8/17/2009 20:30,175,5.2,6.7,77.1,74,29.2,0,62984,0,0
8/17/2009 20:40,180,9.3,10.3,77.1,72,29.2,0,62984,0,0
8/17/2009 20:50,168,7.4,7.9,77.1,72,29.2,0,62984,0,0
8/17/2009 21:00,162,4.2,6.1,76.8,74,29.2,0,62984,0,0
8/17/2009 21:10,173,5.7,6.2,76.4,74,29.2,0,62984,0,0
8/17/2009 21:20,158,10.9,11.6,76.4,74,29.2,0,62984,0,0
8/17/2009 21:30,154,9.5,10.5,76.4,74,29.2,0,62984,0,0
8/17/2009 21:40,180,11.8,12.3,76.4,73,29.2,0,62984,0,0
8/17/2009 21:50,145,8.5,10.1,76.4,73,29.2,0,62984,0,0
8/17/2009 22:00,99,2.6,4.2,76.6,72,29.2,0,62984,0,0
8/17/2009 22:10,182,6.7,8.9,76.6,72,29.2,0,62984,0,0
8/17/2009 22:20,103,4.4,6.9,77.3,69,29.2,0,62984,0,0
8/17/2009 22:30,214,9.7,10.7,77.5,68,29.2,0,62984,0,0
8/17/2009 22:40,156,7,8.3,77.7,68,29.2,0,62984,0,0
8/17/2009 22:50,187,14.1,15.6,77.5,68,29.2,0,62984,0,0
8/17/2009 23:00,190,9.9,11.6,77.5,68,29.2,0,62984,0,0
8/17/2009 23:10,157,7.6,9.2,77.7,67,29.2,0,62984,0,0
8/17/2009 23:20,179,13.6,14.6,77.7,67,29.2,0,62984,0,0
8/17/2009 23:30,202,13.6,16.1,77.9,66,29.2,0,62984,0,0
8/17/2009 23:40,207,12,12.8,78,64,29.2,0,62984,0,0
8/17/2009 23:50,196,12.9,13.8,78,65,29.2,0,62984,0,0
8/18/2009 0:00,192,11,12.3,77.9,65,29.2,0,62984,0,0
8/18/2009 0:10,188,8.1,9.7,77.5,67,29.2,0,62984,0,0
8/18/2009 0:20,180,8.6,12.6,77.3,68,29.2,0,62984,0,0
8/18/2009 0:30,184,12,14.3,77.1,68,29.2,0,62984,0,0
8/18/2009 0:40,185,18.5,19.6,76.8,69,29.2,0,62984,0,0
8/18/2009 0:50,186,11.5,14.6,76.6,70,29.2,0,62984,0,0
8/18/2009 1:00,192,13.2,14.7,76.6,70,29.2,0,62984,0,0
8/18/2009 1:10,219,3.6,7.5,76.4,71,29.2,0,62984,0,0
8/18/2009 1:20,195,4.4,6.6,76.1,71,29.2,0,62984,0,0
8/18/2009 1:30,188,11.8,12.5,75.7,72,29.2,0,62984,0,0
8/18/2009 1:40,193,10.7,11.5,75.5,72,29.2,0,62984,0,0
8/18/2009 1:50,188,10.4,11.1,75.3,73,29.2,0,62984,0,0
8/18/2009 2:00,184,13.2,15,75.3,73,29.2,0,62984,0,0
8/18/2009 2:10,231,5.2,8.8,75,74,29.2,0,62984,0,0
8/18/2009 2:20,186,10.2,13.4,75.2,74,29.2,0,62984,0,0
8/18/2009 2:30,201,10.9,11.9,75.2,74,29.2,0,62984,0,0
8/18/2009 2:40,187,8.1,9.5,75,74,29.2,0,62984,0,0
8/18/2009 2:50,206,11.6,13.1,74.8,75,29.2,0,62984,0,0
8/18/2009 3:00,200,11.9,13.8,74.6,75,29.2,0,62984,0,0
8/18/2009 3:10,183,12.5,13.8,74.4,76,29.2,0,62984,0,0
8/18/2009 3:20,187,9.7,10.8,74.3,76,29.2,0,62984,0,0
8/18/2009 3:30,193,6.9,8.3,74.3,77,29.2,0,62984,0,0
8/18/2009 3:40,194,5.8,6.7,74.1,77,29.2,0,62984,0,0
8/18/2009 3:50,193,10.1,10.6,73.9,78,29.2,0,62984,0,0
8/18/2009 4:00,216,15.8,17.4,73.9,78,29.2,0,62984,0,0
8/18/2009 4:10,195,5.1,11.3,74.1,78,29.2,0,62984,0,0
8/18/2009 4:20,192,10.4,11.4,74.3,77,29.2,0,62984,0,0
8/18/2009 4:30,203,7.3,8,74.3,77,29.2,0,62984,0,0
8/18/2009 4:40,205,5.5,6.1,74.6,77,29.2,0,62984,0,0
8/18/2009 4:50,177,2.9,3.7,75,76,29.2,0,62984,0,0
8/18/2009 5:00,187,7,8.9,75.2,76,29.2,0,62984,0,0
8/18/2009 5:10,212,11,12.1,75.3,76,29.2,0,62984,0,0
8/18/2009 5:20,203,9.7,10.5,75.3,76,29.2,0,62984,0,0
8/18/2009 5:30,165,2.4,4.8,75.5,76,29.2,0,62984,0,0
8/18/2009 5:40,206,8.8,10.2,75.5,76,29.2,0,62984,0,0
8/18/2009 5:50,191,5.6,7,76.1,75,29.2,0,62984,0,0
8/18/2009 6:00,201,7.5,12.3,76.8,74,29.2,0,62984,0,0
8/18/2009 6:10,193,10,12,77,73,29.2,0,62984,0,0
8/18/2009 6:20,196,9.2,10.8,77,73,29.2,0,62984,0,0
8/18/2009 6:30,168,6.1,8,77.7,73,29.2,0,62984,0,0
8/18/2009 6:40,203,11.9,13.1,77.7,71,29.2,0,62984,0,0
8/18/2009 6:50,191,11.9,14.2,78,72,29.2,0,62984,0,0
8/18/2009 7:00,216,17,18,78.2,71,29.2,0,62984,0,0
8/18/2009 7:10,214,8.5,10.6,78.2,71,29.2,0,62984,0,0
8/18/2009 7:20,207,11.6,13.6,79.1,69,29.2,0,62984,0,0
8/18/2009 7:30,217,10.8,12.7,79.3,69,29.2,0,62984,0,0
8/18/2009 7:40,236,7,8.1,80,68,29.2,0,62984,0,0
8/18/2009 7:50,270,7.6,8.4,79.8,70,29.2,0,62984,0,0
8/18/2009 8:00,271,14.8,16.6,77.9,76,29.2,0,62984,0,0
8/18/2009 8:10,281,19.2,23.4,77.3,77,29.2,0,62984,0,0
8/18/2009 8:20,256,17.4,18.2,77,77,29.2,0,62984,0,0
8/18/2009 8:30,265,7.6,12.3,76.8,81,29.2,0,63174,0,0
8/18/2009 8:40,240,8.1,9.1,75,87,29.2,0.05,63764,0.04,0.04
8/18/2009 8:50,249,6.7,7.7,75,88,29.2,0.06,63994,0.22,0.22
8/18/2009 9:00,240,10.5,11.5,74.3,89,29.2,0.07,64214,0,0
8/18/2009 9:10,235,9.8,10.4,74.6,88,29.2,0.07,64214,0,0
8/18/2009 9:20,242,8.8,9.1,75,88,29.2,0.07,64254,0,0
8/18/2009 9:30,240,11.1,12.2,75.2,85,29.2,0.07,64264,0,0
8/18/2009 9:40,224,15.6,17.2,75.3,83,29.2,0.07,64264,0,0
8/18/2009 9:50,230,9.5,11.5,75.7,84,29.2,0.07,64264,0,0
8/18/2009 10:00,234,7.7,9.1,75.5,84,29.2,0.07,64264,0,0
8/18/2009 10:10,280,3,4,75.9,84,29.2,0.07,64264,0,0
8/18/2009 10:20,246,8.6,9.5,77,81,29.2,0.07,64264,0,0
8/18/2009 10:30,226,4.8,5.7,76.6,82,29.2,0.07,64264,0,0
8/18/2009 10:40,241,7.7,9.1,76.6,82,29.2,0.07,64264,0,0
8/18/2009 10:50,237,12.7,13.3,76.6,81,29.2,0.07,64264,0,0
8/18/2009 11:00,265,9.3,9.7,76.6,80,29.2,0.07,64264,0,0
8/18/2009 11:10,194,6,7,76.2,82,29.2,0.07,64264,0,0
8/18/2009 11:20,255,5.6,6.5,76.2,82,29.2,0.07,64264,0,0
8/18/2009 11:30,218,12.1,12.8,76.1,82,29.2,0.07,64264,0,0
8/18/2009 11:40,225,6.7,8.9,75.7,83,29.2,0.07,64264,0,0
8/18/2009 11:50,157,2.6,4.5,76.1,83,29.2,0.07,64264,0,0
8/18/2009 12:00,232,11.6,12.9,77,80,29.2,0.07,64264,0,0
8/18/2009 12:10,240,3.5,6.7,77.3,79,29.2,0.07,64264,0,0
8/18/2009 12:20,33,2.2,3,78.2,79,29.2,0.07,64264,0,0
8/18/2009 12:30,238,7,7.6,77.5,77,29.2,0.07,64264,0,0
8/18/2009 12:40,298,5.2,6.2,78,75,29.2,0.07,64264,0,0
8/18/2009 12:50,241,9.7,10.9,77.9,76,29.2,0.07,64264,0,0
8/18/2009 13:00,356,3.1,4.7,77.1,79,29.2,0.07,64264,0,0
8/18/2009 13:10,277,11.6,12.9,77.3,79,29.2,0.07,64264,0,0
8/18/2009 13:20,293,8.3,9.3,77.3,80,29.2,0.07,64264,0,0
8/18/2009 13:30,273,14.2,15.5,77,80,29.1,0.07,64264,0,0
8/18/2009 13:40,271,6.9,7.6,76.6,83,29.1,0.07,64264,0,0
8/18/2009 13:50,252,8.1,8.7,77.3,81,29.1,0.07,64264,0,0
8/18/2009 14:00,253,7.4,9.2,77.7,78,29.1,0.07,64264,0,0
8/18/2009 14:10,286,12.3,15.7,77.9,73,29.1,0.07,64264,0,0
8/18/2009 14:20,273,14.2,15.3,78,72,29.1,0.07,64264,0,0
8/18/2009 14:30,302,7.5,9.4,78.4,72,29.1,0.07,64264,0,0
8/18/2009 14:40,246,9.9,11.5,78,73,29.1,0.07,64264,0,0
8/18/2009 14:50,303,7.8,8.6,78,74,29.1,0.07,64264,0,0
8/18/2009 15:00,279,10.8,11.5,77.9,75,29.1,0.07,64264,0,0
8/18/2009 15:10,313,4.8,6.2,78.2,76,29.1,0.07,64264,0,0
8/18/2009 15:20,259,9,9.4,77.9,78,29.1,0.07,64264,0,0
8/18/2009 15:30,266,13,13.9,78,75,29.1,0.07,64264,0,0
8/18/2009 15:40,249,8.8,9.8,77.5,75,29.1,0.07,64264,0,0
8/18/2009 15:50,230,7.9,10.3,77.3,75,29.1,0.07,64264,0,0
8/18/2009 16:00,247,7.6,10.3,77.1,75,29.1,0.07,64264,0,0
8/18/2009 16:10,240,9.4,10.6,77,75,29.1,0.07,64264,0,0
8/18/2009 16:20,231,9.9,11.3,77.1,74,29.1,0.07,64264,0,0
8/18/2009 16:30,141,4,5.2,77.1,74,29.1,0.07,64264,0,0
8/18/2009 16:40,222,7.6,8.5,77.1,72,29.1,0.07,64264,0,0
8/18/2009 16:50,225,8.2,8.7,77,72,29.1,0.07,64264,0,0
8/18/2009 17:00,220,6.5,7.6,76.8,71,29.1,0.07,64264,0,0
8/18/2009 17:10,211,7.4,8.3,76.6,71,29.1,0.07,64264,0,0
8/18/2009 17:20,211,5.8,7,76.4,72,29.1,0.07,64264,0,0
8/18/2009 17:30,212,8.3,8.9,76.2,72,29.1,0.07,64264,0,0
8/18/2009 17:40,194,4.2,6.2,75.9,73,29.1,0.07,64264,0,0
8/18/2009 17:50,191,5.5,6.4,75.3,74,29.1,0.07,64264,0,0
8/18/2009 18:00,195,6,7,75,74,29.1,0.07,64264,0,0
8/18/2009 18:10,194,7.7,9.1,75,74,29.1,0.07,64264,0,0
8/18/2009 18:20,183,6.9,7.2,75,74,29.1,0.07,64264,0,0
8/18/2009 18:30,187,6.9,8,74.6,75,29.1,0.07,64264,0,0
8/18/2009 18:40,180,5.6,7.6,74.4,76,29.1,0.07,64264,0,0
8/18/2009 18:50,194,10.4,11,74.3,76,29.1,0.07,64264,0,0
8/18/2009 19:00,193,8.8,9.3,73.9,77,29.1,0.07,64264,0,0
8/18/2009 19:10,182,6.8,7.4,73.9,78,29.1,0.07,64264,0,0
8/18/2009 19:20,204,7.3,8.4,73.7,78,29.1,0.07,64264,0,0
8/18/2009 19:30,170,5.7,7.6,73.5,79,29.1,0.07,64264,0,0
8/18/2009 19:40,195,10.5,11.1,73.2,79,29.1,0.07,64264,0,0
8/18/2009 19:50,182,10.4,11.1,73.2,79,29.1,0.07,64264,0,0
8/18/2009 20:00,184,5,6.9,73.2,79,29.1,0.07,64264,0,0
8/18/2009 20:10,187,8.1,10.4,73.2,79,29.1,0.07,64264,0,0
8/18/2009 20:20,184,8.7,9.3,73,80,29.1,0.07,64264,0,0
8/18/2009 20:30,198,11.2,12.1,73,80,29.2,0.07,64264,0,0
8/18/2009 20:40,196,11.3,12.9,73,80,29.2,0.07,64264,0,0
8/18/2009 20:50,205,11.3,12.8,73.2,80,29.2,0.07,64264,0,0
8/18/2009 21:00,192,6.6,7.2,73.2,80,29.2,0,64264,0,0
8/18/2009 21:10,185,8,10.4,73,81,29.2,0,64264,0,0
8/18/2009 21:20,180,10.4,12.1,72.8,82,29.2,0,64264,0,0
8/18/2009 21:30,192,8.8,10.2,72.6,83,29.2,0,64264,0,0
8/18/2009 21:40,198,8,8.8,72.6,83,29.2,0,64264,0,0
8/18/2009 21:50,194,6.3,7.3,72.6,83,29.2,0,64264,0,0
8/18/2009 22:00,187,6.9,8.4,72.8,83,29.2,0,64264,0,0
8/18/2009 22:10,189,7.6,8.9,72.8,84,29.2,0,64264,0,0
8/18/2009 22:20,210,5.5,7.2,73,83,29.2,0,64264,0,0
8/18/2009 22:30,166,8.5,9.4,72.8,84,29.2,0,64264,0,0
8/18/2009 22:40,184,11,11.8,72.8,84,29.2,0,64264,0,0
8/18/2009 22:50,188,8.4,10.3,72.6,85,29.1,0,64264,0,0
8/18/2009 23:00,190,7.6,8.2,72.8,85,29.1,0,64264,0,0
8/18/2009 23:10,198,7.7,8.8,73,84,29.1,0,64264,0,0
8/18/2009 23:20,188,5.7,6.1,73.4,83,29.1,0,64264,0,0
8/18/2009 23:30,189,7.5,8.7,73,84,29.1,0,64264,0,0
8/18/2009 23:40,211,10.2,11.2,72.8,85,29.1,0,64264,0,0
8/18/2009 23:50,197,9.4,10.3,72.8,85,29.1,0,64264,0,0
8/19/2009 0:00,207,10.3,11.2,72.6,86,29.1,0,64264,0,0
8/19/2009 0:10,226,8,9.9,72.6,87,29.1,0,64264,0,0
8/19/2009 0:20,207,7,7.6,73,86,29.1,0,64264,0,0
8/19/2009 0:30,208,8.4,9.4,73,86,29.1,0,64264,0,0
8/19/2009 0:40,224,6.1,7,73.2,86,29.1,0,64264,0,0
8/19/2009 0:50,219,8.7,10.1,73,87,29.1,0,64264,0,0
8/19/2009 1:00,275,3.8,5.1,73.4,85,29.1,0,64264,0,0
8/19/2009 1:10,309,8.7,11.3,74.1,75,29.1,0,64264,0,0
8/19/2009 1:20,308,7.8,8.7,73.5,73,29.2,0.03,64644,0.18,0.18
8/19/2009 1:30,324,7.9,11.6,72.8,77,29.1,0.04,64874,0.04,0.04
8/19/2009 1:40,9,1.9,3.5,72.3,67,29.2,0.04,64974,0,0
8/19/2009 1:50,195,1.9,2.7,71.4,71,29.2,0.04,64974,0,0
8/19/2009 2:00,298,6.3,7.4,72.3,70,29.2,0.04,64974,0,0
8/19/2009 2:10,310,3.2,3.8,72.8,66,29.2,0.04,64974,0,0
8/19/2009 2:20,337,5.6,6.7,72.8,66,29.2,0.04,64974,0,0
8/19/2009 2:30,311,3,3.3,72.8,70,29.2,0.04,64974,0,0
8/19/2009 2:40,316,3.6,5.2,72.8,71,29.2,0.04,64974,0,0
8/19/2009 2:50,314,6.8,7.4,73,67,29.2,0.04,64974,0,0
8/19/2009 3:00,24,2.5,3.4,73,66,29.2,0.04,64974,0,0
8/19/2009 3:10,356,2.7,3.2,72.6,69,29.2,0.04,64974,0,0
8/19/2009 3:20,128,2.3,2.7,70.8,82,29.2,0.04,64974,0,0
8/19/2009 3:30,179,1.9,2.3,70.7,81,29.2,0.04,64974,0,0
8/19/2009 3:40,156,2.5,2.8,70.3,85,29.2,0.04,64974,0,0
8/19/2009 3:50,171,2.7,3.1,69.9,85,29.2,0.04,64974,0,0
8/19/2009 4:00,177,1.9,2.3,69.8,88,29.2,0.04,64974,0,0
8/19/2009 4:10,174,2.1,3,69.9,88,29.2,0.04,64974,0,0
8/19/2009 4:20,170,4.2,4.6,70.1,85,29.2,0.04,64974,0,0
8/19/2009 4:30,113,0.9,1.5,70.7,85,29.2,0.04,64974,0,0
8/19/2009 4:40,138,2.4,2.7,70.7,85,29.2,0.04,64974,0,0
8/19/2009 4:50,159,1.5,2.4,70.8,82,29.2,0.04,64974,0,0
8/19/2009 5:00,179,3.5,3.8,70.8,85,29.2,0.04,64974,0,0
8/19/2009 5:10,152,2.8,3,71,85,29.2,0.04,64974,0,0
8/19/2009 5:20,178,4,4.9,71.2,86,29.2,0.04,64974,0,0
8/19/2009 5:30,169,2.2,3,72.1,81,29.2,0.04,64974,0,0
8/19/2009 5:40,130,1.8,2.3,73.2,78,29.2,0.04,64974,0,0
8/19/2009 5:50,177,2.3,2.5,73.4,73,29.2,0.04,64974,0,0
8/19/2009 6:00,154,1,1.7,73.7,76,29.2,0.04,64974,0,0
8/19/2009 6:10,146,0.3,0.5,73.7,76,29.2,0.04,64974,0,0
8/19/2009 6:20,55,1,1.6,74.3,75,29.2,0.04,64974,0,0
8/19/2009 6:30,195,1.9,2.1,74.1,69,29.2,0.04,64974,0,0
8/19/2009 6:40,287,1.2,1.6,74.6,71,29.2,0.04,64974,0,0
8/19/2009 6:50,238,2.1,2.3,74.8,64,29.2,0.04,64974,0,0
8/19/2009 7:00,276,2.8,3.2,74.6,64,29.2,0.04,64974,0,0
8/19/2009 7:10,259,2.3,2.7,74.4,65,29.2,0.04,64974,0,0
8/19/2009 7:20,242,3.6,4.2,75,64,29.2,0.04,64974,0,0
8/19/2009 7:30,254,2.6,3,75.2,59,29.2,0.04,64974,0,0
8/19/2009 7:40,301,4.2,4.7,75.7,62,29.2,0.04,64974,0,0
8/19/2009 7:50,278,5,5.3,75.3,63,29.2,0.04,64974,0,0
8/19/2009 8:00,279,5.1,5.3,75.7,60,29.2,0.04,64974,0,0
8/19/2009 8:10,272,4.5,4.8,75.2,63,29.2,0.04,64974,0,0
8/19/2009 8:20,291,6.1,6.4,75.3,56,29.2,0.04,64974,0,0
8/19/2009 8:30,294,5.1,5.5,75.3,61,29.2,0.04,64974,0,0
8/19/2009 8:40,295,5.8,7.4,75.7,63,29.2,0.04,64974,0,0
8/19/2009 8:50,314,4.6,5.1,75.9,61,29.2,0.04,64974,0,0
8/19/2009 9:00,325,4.3,4.9,75.9,61,29.2,0.04,64974,0,0
8/19/2009 9:10,277,4.3,4.6,76.4,61,29.2,0.04,64974,0,0
8/19/2009 9:20,300,5,5.5,76.6,61,29.2,0.04,64974,0,0
8/19/2009 9:30,322,4.8,5.6,76.1,62,29.2,0.04,64974,0,0
8/19/2009 9:40,283,5.3,5.8,76.1,65,29.2,0.04,64974,0,0
8/19/2009 9:50,296,5.3,6,75.7,64,29.2,0.04,64974,0,0
8/19/2009 10:00,311,3,3.3,75.9,66,29.2,0.04,64974,0,0
8/19/2009 10:10,349,4.3,5,76.1,65,29.2,0.04,64974,0,0
8/19/2009 10:20,180,2.4,3.5,76.4,65,29.2,0.04,64974,0,0
8/19/2009 10:30,278,6,6.6,76.1,66,29.2,0.04,64974,0,0
8/19/2009 10:40,306,4.9,5.4,76.1,62,29.2,0.04,64974,0,0
8/19/2009 10:50,293,4.8,5.1,76.1,62,29.2,0.04,64974,0,0
8/19/2009 11:00,287,6,6.5,76.4,61,29.2,0.04,64974,0,0
8/19/2009 11:10,325,5.6,5.9,76.4,62,29.2,0.04,64974,0,0
8/19/2009 11:20,323,5.9,6.7,76.1,62,29.2,0.04,64974,0,0
8/19/2009 11:30,309,6.4,6.9,76.1,64,29.2,0.04,64974,0,0
8/19/2009 11:40,322,6.8,7.1,76.4,62,29.2,0.04,64974,0,0
8/19/2009 11:50,315,6.1,6.8,76.6,60,29.2,0.04,64974,0,0
8/19/2009 12:00,318,7.5,7.8,77,56,29.2,0.04,64974,0,0
8/19/2009 12:10,323,6.8,7.6,76.4,57,29.2,0.04,64974,0,0
8/19/2009 12:20,326,3.8,4,76.6,59,29.2,0.04,64974,0,0
8/19/2009 12:30,330,4.6,5.1,76.6,59,29.2,0.04,64974,0,0
8/19/2009 12:40,322,5.1,5.8,77,56,29.1,0.04,64974,0,0
8/19/2009 12:50,354,2.9,4.6,76.8,60,29.1,0.04,64974,0,0
8/19/2009 13:00,289,5.9,6.4,76.4,60,29.2,0.04,64974,0,0
8/19/2009 13:10,336,3.5,4,76.8,54,29.2,0.04,64974,0,0
8/19/2009 13:20,349,4.2,4.4,77,54,29.1,0.04,64974,0,0
8/19/2009 13:30,323,5.6,6.7,77,57,29.1,0.04,64974,0,0
8/19/2009 13:40,338,6.3,7,76.8,58,29.1,0.04,64974,0,0
8/19/2009 13:50,358,5.6,6.1,76.6,58,29.1,0.04,64974,0,0
8/19/2009 14:00,5,5.2,5.6,76.8,58,29.1,0.04,64974,0,0
8/19/2009 14:10,9,4.2,4.9,76.8,59,29.1,0.04,64974,0,0
8/19/2009 14:20,37,3.6,4.1,76.6,56,29.1,0.04,64974,0,0
8/19/2009 14:30,14,4.5,5,76.6,59,29.1,0.04,64974,0,0
8/19/2009 14:40,28,2.7,3.3,76.6,60,29.1,0.04,64974,0,0
8/19/2009 14:50,338,3.7,4.2,76.4,62,29.1,0.04,64974,0,0
8/19/2009 15:00,83,3.9,4.5,76.2,63,29.1,0.04,64974,0,0
8/19/2009 15:10,79,4.1,4.6,75.9,61,29.1,0.04,64974,0,0
8/19/2009 15:20,49,6,6.5,76.2,61,29.1,0.04,64974,0,0
8/19/2009 15:30,69,5.3,6.2,75.7,62,29.1,0.04,64974,0,0
8/19/2009 15:40,71,3.3,4,75.5,61,29.1,0.04,64974,0,0
8/19/2009 15:50,66,2.5,3.4,75.5,60,29.1,0.04,64974,0,0
8/19/2009 16:00,59,5.8,6.6,75.3,62,29.1,0.04,64974,0,0
8/19/2009 16:10,80,6.1,6.6,75.2,63,29.1,0.04,64974,0,0
8/19/2009 16:20,46,4.3,4.7,75,64,29.1,0.04,64974,0,0
8/19/2009 16:30,90,4.4,4.8,74.8,66,29.1,0.04,64974,0,0
8/19/2009 16:40,70,7,7.8,74.3,66,29.1,0.04,64974,0,0
8/19/2009 16:50,80,5.7,6.1,74.4,66,29.1,0.04,64974,0,0
8/19/2009 17:00,72,7.9,8.5,74.6,66,29.1,0.04,64974,0,0
8/19/2009 17:10,93,3.9,4.9,74.6,67,29.1,0.04,64974,0,0
8/19/2009 17:20,78,6.2,6.6,74.8,63,29.1,0.04,64974,0,0
8/19/2009 17:30,95,7,7.6,74.8,63,29.1,0.04,64974,0,0
8/19/2009 17:40,97,5.4,6.4,74.8,64,29.1,0.04,64974,0,0
8/19/2009 17:50,89,4.6,5.5,74.8,64,29.1,0.04,64974,0,0
8/19/2009 18:00,93,5.7,7,74.8,63,29.1,0.04,64974,0,0
8/19/2009 18:10,91,6.8,7.4,74.6,64,29.1,0.04,64974,0,0
8/19/2009 18:20,105,7,7.5,74.6,64,29.1,0.04,64974,0,0
8/19/2009 18:30,101,4.3,4.5,74.8,64,29.1,0.04,64974,0,0
8/19/2009 18:40,98,7.3,8,74.8,65,29.1,0.04,64974,0,0
8/19/2009 18:50,125,8.6,9.1,74.4,67,29.1,0.04,64974,0,0
8/19/2009 19:00,119,7.4,8.1,74.3,67,29.1,0.04,64974,0,0
8/19/2009 19:10,112,7,8.2,74.4,67,29.1,0.04,64974,0,0
8/19/2009 19:20,117,4.6,5.4,74.1,69,29.1,0.04,64974,0,0
8/19/2009 19:30,111,9.8,10.6,73.9,70,29.1,0.04,64974,0,0
8/19/2009 19:40,135,4.7,6.6,74.1,70,29.1,0.04,64974,0,0
8/19/2009 19:50,139,4.9,5.4,74.3,70,29.1,0.04,64974,0,0
8/19/2009 20:00,146,5.4,5.8,74.4,71,29.1,0.04,64974,0,0
8/19/2009 20:10,139,6.1,7.3,74.6,73,29.1,0.04,64974,0,0
8/19/2009 20:20,126,9,10,74.6,75,29.1,0.04,64974,0,0
8/19/2009 20:30,171,8.8,10.7,74.6,77,29.1,0.04,64974,0,0
8/19/2009 20:40,174,11.4,13.6,74.6,78,29.1,0.04,64974,0,0
8/19/2009 20:50,156,8.9,10.9,74.4,79,29.1,0.04,64974,0,0
8/19/2009 21:00,183,9.1,10.5,74.3,79,29.1,0,64974,0,0
8/19/2009 21:10,187,9.5,11.9,74.4,79,29.1,0,64974,0,0
8/19/2009 21:20,180,2.5,5.1,74.4,80,29.1,0,64974,0,0
8/19/2009 21:30,169,8.2,9.1,74.3,80,29.1,0,64974,0,0
8/19/2009 21:40,179,5.2,6.4,74.3,80,29.1,0,64974,0,0
8/19/2009 21:50,185,12,13.6,74.6,79,29.1,0,64974,0,0
8/19/2009 22:00,165,6.6,8.5,74.8,79,29.1,0,64974,0,0
8/19/2009 22:10,183,2.3,3.1,75.2,79,29.1,0,64974,0,0
8/19/2009 22:20,156,7.6,9,75.3,79,29.1,0,64974,0,0
8/19/2009 22:30,169,14.9,15.3,75.3,79,29.1,0,64974,0,0
8/19/2009 22:40,189,10,11.4,75.2,80,29.1,0,64974,0,0
8/19/2009 22:50,190,12.1,13.9,75.2,80,29.1,0,64974,0,0
8/19/2009 23:00,165,5.3,6.3,75.3,79,29.1,0,64974,0,0
8/19/2009 23:10,181,11.6,12.9,75.3,79,29,0,64974,0,0
8/19/2009 23:20,185,7.3,8.9,75.3,79,29,0,64974,0,0
8/19/2009 23:30,195,14.5,15.8,75.3,79,29,0,64974,0,0
8/19/2009 23:40,147,9.6,11,75.3,79,29,0,64974,0,0
8/19/2009 23:50,148,5.4,7,75.3,78,29,0,64974,0,0
8/20/2009 0:00,185,10.9,12.8,75.7,78,29,0,64974,0,0
8/20/2009 0:10,110,7.2,9.5,75.3,79,29,0,64974,0,0
8/20/2009 0:20,192,10.2,13.8,75,79,29,0,64994,0,0
8/20/2009 0:30,162,6.5,8.4,74.6,81,29,0,65044,0,0
8/20/2009 0:40,197,10.9,13.2,74.1,83,29,0,65054,0,0
8/20/2009 0:50,165,6.4,8.6,73.7,84,29,0,65054,0,0
8/20/2009 1:00,181,11,13.3,73.7,84,29,0,65054,0,0
8/20/2009 1:10,143,8.2,10.6,73.7,84,29,0,65134,0,0
8/20/2009 1:20,149,10.7,12.3,73.5,85,29,0,65194,0,0
8/20/2009 1:30,172,3.8,7.6,73.5,83,29,0,65214,0,0
8/20/2009 1:40,165,5.3,7.2,73.7,82,29,0,65214,0,0
8/20/2009 1:50,142,8.3,10.5,73.5,82,29,0,65214,0,0
8/20/2009 2:00,141,9.1,11.9,73.7,82,29,0,65214,0,0
8/20/2009 2:10,177,13.2,14.7,73.5,82,29,0,65214,0,0
8/20/2009 2:20,172,9,11.3,73.7,81,29,0,65214,0,0
8/20/2009 2:30,180,12.9,14.2,73.7,81,29,0,65214,0,0
8/20/2009 2:40,192,11.9,12.8,73.7,80,29,0,65214,0,0
8/20/2009 2:50,196,4.3,5.3,73.7,79,29,0,65214,0,0
8/20/2009 3:00,205,6.4,9.4,73.7,79,29,0,65214,0,0
8/20/2009 3:10,204,3.2,4.8,73.5,78,29,0,65214,0,0
8/20/2009 3:20,209,9.1,11.2,73.4,78,29,0,65214,0,0
8/20/2009 3:30,186,8.9,13.1,73.4,77,29,0,65214,0,0
8/20/2009 3:40,180,6.8,7.8,73.4,77,29,0,65214,0,0
8/20/2009 3:50,209,11,13.5,73.2,77,29,0,65214,0,0
8/20/2009 4:00,201,12.1,13.2,73,78,29,0,65214,0,0
8/20/2009 4:10,151,11.1,12.4,72.8,78,29,0,65214,0,0
8/20/2009 4:20,191,12.4,13.1,73,77,29,0,65214,0,0
8/20/2009 4:30,124,3.6,5.6,72.8,77,29,0,65214,0,0
8/20/2009 4:40,118,4.9,9.2,72.8,78,29,0,65214,0,0
8/20/2009 4:50,198,11.1,13.5,72.8,77,29,0,65214,0,0
8/20/2009 5:00,165,12.6,13.7,73.2,76,29,0,65214,0,0
8/20/2009 5:10,163,13,14.5,73.5,75,29,0,65214,0,0
8/20/2009 5:20,164,7.9,9,73.5,75,29,0,65214,0,0
8/20/2009 5:30,175,7.9,11.4,74.4,74,29,0,65214,0,0
8/20/2009 5:40,190,22.5,24.1,75,74,29,0,65214,0,0
8/20/2009 5:50,196,10.4,15.3,75.7,74,29,0,65214,0,0
8/20/2009 6:00,157,16.9,18,76.1,73,29,0,65214,0,0
8/20/2009 6:10,178,15.5,17.4,76.1,74,29,0,65214,0,0
8/20/2009 6:20,177,10.6,14.3,76.2,74,29,0,65214,0,0
8/20/2009 6:30,172,17.4,18.2,76.4,74,29,0,65214,0,0
8/20/2009 6:40,205,10.5,13.3,76.8,74,29,0,65214,0,0
8/20/2009 6:50,179,7.7,13.1,77.7,73,29,0,65214,0,0
8/20/2009 7:00,186,15.7,19.6,77.1,74,29,0,65214,0,0
8/20/2009 7:10,193,18.6,20.6,77.1,74,29,0,65214,0,0
8/20/2009 7:20,195,14.4,17.7,78.2,72,29,0,65214,0,0
8/20/2009 7:30,183,14.8,16.4,78.6,71,29,0,65214,0,0
8/20/2009 7:40,184,19.8,21.8,79.1,70,29,0,65214,0,0
8/20/2009 7:50,195,10.6,11.1,79.3,70,29,0,65214,0,0
8/20/2009 8:00,210,15.8,18.3,79.8,68,29,0,65214,0,0
8/20/2009 8:10,176,14.8,16.6,79.8,69,29,0,65214,0,0
8/20/2009 8:20,181,14.8,15.5,80.4,67,29,0,65214,0,0
8/20/2009 8:30,187,14.2,18.5,81.1,66,29,0,65214,0,0
8/20/2009 8:40,164,11.8,12.7,81.5,66,29,0,65214,0,0
8/20/2009 8:50,197,10.1,10.9,82,65,29,0,65214,0,0
8/20/2009 9:00,170,5.1,7.6,82.5,65,29,0,65214,0,0
8/20/2009 9:10,153,7.9,8.7,82.2,64,29,0,65214,0,0
8/20/2009 9:20,214,11.6,13.8,82.7,63,29,0,65214,0,0
8/20/2009 9:30,196,7,8.2,83.4,61,29,0,65214,0,0
8/20/2009 9:40,154,5.9,9.2,83.6,61,29,0,65214,0,0
8/20/2009 9:50,162,9.3,11.6,84.5,59,29,0,65214,0,0
8/20/2009 10:00,218,9.4,12,84.2,60,29,0,65214,0,0
8/20/2009 10:10,180,17.3,19.5,84.2,60,29,0,65214,0,0
8/20/2009 10:20,204,14,15.4,84.5,60,29,0,65214,0,0
8/20/2009 10:30,207,13.6,16,84.7,59,29,0,65214,0,0
8/20/2009 10:40,167,4.2,7.2,84.3,59,29,0,65214,0,0
8/20/2009 10:50,202,20.7,24,84.3,59,29,0,65214,0,0
8/20/2009 11:00,95,5.4,14.3,84.9,59,29,0,65214,0,0
8/20/2009 11:10,197,17.6,19.6,84.5,59,29,0,65214,0,0
8/20/2009 11:20,183,22.3,24,84.3,60,29,0,65244,0.01,0.01
8/20/2009 11:30,194,15.4,17.7,80.7,70,29,0,65374,0,0
8/20/2009 11:40,190,11.9,14.2,81.1,72,29,0,65374,0,0
8/20/2009 11:50,190,14.6,18.2,83.1,66,29,0,65374,0,0
8/20/2009 12:00,179,9.6,13.8,84,63,28.9,0,65374,0,0
8/20/2009 12:10,212,5.6,6.7,84.5,61,28.9,0,65374,0,0
8/20/2009 12:20,187,15.5,20.9,84.7,60,28.9,0,65374,0,0
8/20/2009 12:30,192,19.8,21.6,85.2,58,28.9,0,65374,0,0
8/20/2009 12:40,208,12.7,13.3,85.2,58,28.9,0,65374,0,0
8/20/2009 12:50,192,13.5,15.3,85.6,57,28.9,0,65374,0,0
8/20/2009 13:00,197,19.8,21.4,85.2,57,28.9,0,65374,0,0
8/20/2009 13:10,190,18,20.8,85.4,57,28.9,0,65374,0,0
8/20/2009 13:20,198,12.4,17.6,85.8,57,28.9,0,65374,0,0
8/20/2009 13:30,190,30.5,34,85.6,56,28.9,0,65374,0,0
8/20/2009 13:40,191,20.8,25.3,85.2,56,28.9,0,65374,0,0
8/20/2009 13:50,183,15.3,17.1,85.2,55,28.9,0,65374,0,0
8/20/2009 14:00,343,8.9,13.2,84.3,57,28.9,0,65374,0,0
8/20/2009 14:10,179,10.7,12.4,83.8,59,28.9,0,65374,0,0
8/20/2009 14:20,124,5.9,7.9,84.5,58,28.9,0,65374,0,0
8/20/2009 14:30,201,25.7,31,84.5,58,28.9,0,65374,0,0
8/20/2009 14:40,187,16.5,24.2,84.3,59,28.9,0,65374,0,0
8/20/2009 14:50,141,5.1,7.2,84,60,28.9,0,65374,0,0
8/20/2009 15:00,189,15.6,18.3,84.2,60,28.9,0,65374,0,0
8/20/2009 15:10,189,22.5,24.5,83.6,61,28.9,0,65374,0,0
8/20/2009 15:20,194,24.8,25.9,83.3,61,28.9,0,65374,0,0
8/20/2009 15:30,131,8.5,16.5,83.1,62,28.9,0,65374,0,0
8/20/2009 15:40,186,20.4,22.5,82.7,62,28.9,0,65374,0,0
8/20/2009 15:50,189,13.6,15.3,82.5,62,28.9,0,65374,0,0
8/20/2009 16:00,303,10.3,13.4,79.8,68,28.9,0,65374,0,0
8/20/2009 16:10,275,9.9,10.6,74.6,83,28.9,0,65374,0,0
8/20/2009 16:20,280,14.9,16.8,74.4,84,28.9,0,65374,0,0
8/20/2009 16:30,236,39.6,42.5,71.6,89,28.9,0.04,158,1.2,1.2
8/20/2009 16:40,201,21.6,32.1,69.8,93,28.9,0.25,718,0.12,0.12
8/20/2009 16:50,181,13.7,16.9,70.1,88,28.9,0.26,1318,0.1,0.1
8/20/2009 17:00,182,13.2,16,69.9,88,28.9,0.27,1908,0.07,0.07
8/20/2009 17:10,195,6.3,9.2,69.8,90,28.9,0.28,2498,0.04,0.04
8/20/2009 17:20,170,13.8,15.7,69.9,90,28.9,0.29,2978,0.16,0.16
8/20/2009 17:30,178,15.8,17.1,70.1,89,28.9,0.3,3348,0,0
8/20/2009 17:40,171,7.1,10.5,70.7,88,28.9,0.3,3348,0,0
8/20/2009 17:50,187,8.5,10.1,70.8,88,28.9,0.3,3348,0,0
8/20/2009 18:00,189,10.5,12.1,71.2,87,28.9,0.3,3348,0,0
8/20/2009 18:10,186,17.4,19.2,71.9,85,28.9,0.3,3348,0,0
8/20/2009 18:20,161,8.3,11.6,72.1,84,28.9,0.3,3348,0,0
8/20/2009 18:30,180,14.9,17.8,71.7,85,29,0.3,3348,0,0
8/20/2009 18:40,182,20.2,21.8,71.4,85,29,0.3,3348,0,0
8/20/2009 18:50,197,11.3,14,71.4,86,29,0.3,3348,0,0
8/20/2009 19:00,192,12,15,71.6,85,29,0.3,3348,0,0
8/20/2009 19:10,171,7.8,11.6,72.1,84,29,0.3,3348,0,0
8/20/2009 19:20,194,12.6,14.7,72.6,82,29,0.3,3348,0,0
8/20/2009 19:30,196,7.4,8.8,72.8,82,29,0.3,3348,0,0
8/20/2009 19:40,200,10.6,12.2,72.8,82,29,0.3,3348,0,0
8/20/2009 19:50,108,4.5,5.7,72.8,83,29,0.3,3348,0,0
8/20/2009 20:00,160,9.9,11.2,72.6,84,29,0.3,3348,0,0
8/20/2009 20:10,179,18,19.7,72.6,84,29,0.3,3348,0,0
8/20/2009 20:20,183,13.5,14.7,72.8,83,29,0.3,3348,0,0
8/20/2009 20:30,178,18.7,20.5,73,83,29,0.3,3348,0,0
8/20/2009 20:40,177,11.3,12.9,72.8,84,29,0.3,3348,0,0
8/20/2009 20:50,202,18.1,18.6,73.2,83,29,0.3,3348,0,0
8/20/2009 21:00,188,13.8,15.2,73,84,29,0,3348,0,0
8/20/2009 21:10,194,14.5,15.5,72.8,86,29,0,3348,0,0
8/20/2009 21:20,182,17.1,17.9,73,86,29,0,3348,0,0
8/20/2009 21:30,195,11.9,14.1,73,86,29,0,3348,0,0
8/20/2009 21:40,176,14.8,16.9,73.2,86,29,0,3348,0,0
8/20/2009 21:50,198,10.6,13.6,73.5,85,29,0,3348,0,0
8/20/2009 22:00,226,5.6,7.7,73.9,84,29,0,3348,0,0
8/20/2009 22:10,184,10.1,11.8,73.9,84,29,0,3348,0,0
8/20/2009 22:20,222,9.8,10.6,73.7,84,29,0,3348,0,0
8/20/2009 22:30,195,14.4,16.3,73.5,85,29,0,3348,0,0
8/20/2009 22:40,199,10.3,11.6,73.5,85,29,0,3348,0,0
8/20/2009 22:50,188,9.9,10.9,73.4,85,29,0,3348,0,0
8/20/2009 23:00,177,11.4,13.8,73.4,85,29,0,3348,0,0
8/20/2009 23:10,205,10.4,10.9,73.4,85,29,0,3348,0,0
8/20/2009 23:20,193,7.9,8.7,73.4,85,29,0,3348,0,0
8/20/2009 23:30,206,11.2,12.4,73.4,85,29,0,3348,0,0
8/20/2009 23:40,188,8.2,9.3,73.4,85,29,0,3348,0,0
8/20/2009 23:50,199,15.1,16.9,73.4,85,29,0,3348,0,0
8/21/2009 0:00,191,10.1,10.7,73.2,86,29,0,3348,0,0
8/21/2009 0:10,175,9.4,10.5,73.2,86,29,0,3348,0,0
8/21/2009 0:20,210,12.5,15.1,73.4,85,29,0,3348,0,0
8/21/2009 0:30,198,12.9,14.3,73.4,85,29,0,3348,0,0
8/21/2009 0:40,228,6.3,7.6,73.2,85,29,0,3368,0,0
8/21/2009 0:50,187,4.6,5.6,73.2,85,29,0,3378,0,0
8/21/2009 1:00,168,4.8,6.5,73.2,85,29,0,3378,0,0
8/21/2009 1:10,172,7,7.5,73,85,29,0,3498,0,0
8/21/2009 1:20,212,6.1,8,72.8,86,29,0,3728,0,0
8/21/2009 1:30,202,12.6,13.3,72.8,85,29,0,3728,0,0
8/21/2009 1:40,211,6.6,8,72.8,85,29,0,3728,0,0
8/21/2009 1:50,176,8.9,10.3,72.6,85,29,0,3728,0,0
8/21/2009 2:00,201,8.2,8.6,72.6,86,29,0,3728,0,0
8/21/2009 2:10,173,9.2,11.3,72.5,86,29,0,3728,0,0
8/21/2009 2:20,188,12.2,13.5,72.5,86,29,0,3728,0,0
8/21/2009 2:30,185,10.4,11.4,72.5,86,29,0,3728,0,0
8/21/2009 2:40,180,7,8.4,72.5,85,29,0,3728,0,0
8/21/2009 2:50,187,5,7.5,72.5,85,29,0,3728,0,0
8/21/2009 3:00,177,6.8,8.4,72.5,85,29,0,3728,0,0
8/21/2009 3:10,191,11.4,15.4,72.5,84,29,0,3728,0,0
8/21/2009 3:20,191,9.8,11.9,72.5,84,29,0,3728,0,0
8/21/2009 3:30,196,9.5,10.2,72.3,85,29,0,3728,0,0
8/21/2009 3:40,205,6.6,7.4,72.3,85,29,0,3728,0,0
8/21/2009 3:50,202,8.2,9.4,72.1,85,29,0,3728,0,0
8/21/2009 4:00,178,10.8,12.7,72.1,84,29,0,3728,0,0
8/21/2009 4:10,207,8.8,10.5,71.9,84,29,0,3728,0,0
8/21/2009 4:20,199,18.7,20.5,71.7,84,29,0,3728,0,0
8/21/2009 4:30,208,12,13.5,71.7,84,29,0,3728,0,0
8/21/2009 4:40,175,12.7,14.1,71.7,84,29,0,3728,0,0
8/21/2009 4:50,199,5.4,7.2,71.6,84,29,0,3728,0,0
8/21/2009 5:00,195,5.2,6.9,71.6,84,29,0,3728,0,0
8/21/2009 5:10,187,7.5,8.4,71.6,84,29,0,3728,0,0
8/21/2009 5:20,201,9.2,9.9,71.4,85,29,0,3728,0,0
8/21/2009 5:30,202,12.1,12.5,71.4,85,29,0,3728,0,0
8/21/2009 5:40,248,6.3,7.6,71.4,85,29,0,3728,0,0
8/21/2009 5:50,168,5.3,6.8,71.4,85,29,0,3778,0,0
8/21/2009 6:00,195,8.8,10.5,71.6,84,29,0,3788,0,0
8/21/2009 6:10,181,8.5,9.8,71.7,83,29,0,3788,0,0
8/21/2009 6:20,209,15.7,16.6,72.5,81,29,0,3788,0,0
8/21/2009 6:30,187,17.8,18.5,73.2,78,29,0,3788,0,0
8/21/2009 6:40,193,11,13.1,73.7,77,29,0,3788,0,0
8/21/2009 6:50,218,10.8,11.5,73.2,78,29,0,3788,0,0
8/21/2009 7:00,227,3.1,5,73.5,77,29,0,3788,0,0
8/21/2009 7:10,149,5.3,8.9,74.3,76,29,0,3788,0,0
8/21/2009 7:20,206,8.8,10.6,74.4,75,29,0,3788,0,0
8/21/2009 7:30,207,8,11.9,74.8,71,29,0,3788,0,0
8/21/2009 7:40,220,9.7,10.4,75,72,29,0,3788,0,0
8/21/2009 7:50,223,4.8,6.3,75,71,29,0,3788,0,0
8/21/2009 8:00,234,9.7,12.8,75.2,70,29,0,3788,0,0
8/21/2009 8:10,212,12.1,14.3,75.3,66,29,0,3788,0,0
8/21/2009 8:20,212,17.8,19.1,76.2,63,29,0,3788,0,0
8/21/2009 8:30,192,13.8,14.4,76.4,59,29,0,3788,0,0
8/21/2009 8:40,208,16.5,17.7,77.1,57,29,0,3788,0,0
8/21/2009 8:50,210,4.3,10.2,77.5,56,29,0,3788,0,0
8/21/2009 9:00,195,9.7,11.8,78.2,54,29,0,3788,0,0
8/21/2009 9:10,148,4.2,6.5,78.4,54,29,0,3788,0,0
8/21/2009 9:20,264,6.9,10.5,78.4,52,29,0,3788,0,0
8/21/2009 9:30,233,12.7,13.7,78.8,53,29,0,3788,0,0
8/21/2009 9:40,209,14.3,16.1,79.1,52,29,0,3788,0,0
8/21/2009 9:50,208,14.4,16.7,80,52,29,0,3788,0,0
8/21/2009 10:00,223,13,15.3,78.8,53,29,0,3788,0,0
8/21/2009 10:10,199,7.1,9.3,79.5,51,29,0,3788,0,0
8/21/2009 10:20,210,8.3,10.2,78.8,52,29,0,3788,0,0
8/21/2009 10:30,259,6,7.9,79.5,52,29,0,3788,0,0
8/21/2009 10:40,275,13.9,15.6,78.9,60,29,0,3788,0,0
8/21/2009 10:50,314,7,8.3,75,70,29,0,3788,0,0
8/21/2009 11:00,270,12.2,13.7,74.6,70,29,0,3788,0,0
8/21/2009 11:10,268,19.7,22,74.4,70,29,0,3788,0,0
8/21/2009 11:20,266,9.1,11,75.2,71,29,0,3788,0,0
8/21/2009 11:30,274,16.1,16.9,75.2,69,29,0,3788,0,0
8/21/2009 11:40,279,11.1,12.8,75.5,70,29,0,3788,0,0
8/21/2009 11:50,273,13.2,14.6,75.7,68,29,0,3788,0,0
8/21/2009 12:00,300,15.9,16.7,75.9,65,29,0,3788,0,0
8/21/2009 12:10,273,10.8,11.3,76.1,65,29,0,3788,0,0
8/21/2009 12:20,282,13.1,14.3,76.4,64,29,0,3788,0,0
8/21/2009 12:30,275,18.9,19.3,75.5,64,29,0,3788,0,0
8/21/2009 12:40,273,19,21.4,75,68,29,0,3788,0,0
8/21/2009 12:50,286,13.2,14.9,74.8,68,29,0,3788,0,0
8/21/2009 13:00,283,14.3,15.7,75.3,68,29,0,3788,0,0
8/21/2009 13:10,264,18.4,20.7,75.2,67,29,0,3788,0,0
8/21/2009 13:20,269,16.2,17.3,75,68,29,0,3788,0,0
8/21/2009 13:30,269,12.7,17,75,68,29,0,3788,0,0
8/21/2009 13:40,255,5,10.9,75.2,67,29,0,3788,0,0
8/21/2009 13:50,276,9.3,10.5,75.5,67,29,0,3788,0,0
8/21/2009 14:00,228,10.4,12.7,75.9,63,29,0,3788,0,0
8/21/2009 14:10,286,6.8,8.5,75.5,64,29,0,3788,0,0
8/21/2009 14:20,237,7.6,8.4,75.5,65,29,0,3788,0,0
8/21/2009 14:30,254,11.4,13.1,75.3,66,29,0,3788,0,0
8/21/2009 14:40,274,11.2,12.8,75.7,65,29,0,3788,0,0
8/21/2009 14:50,245,10,12,75.7,65,29,0,3788,0,0
8/21/2009 15:00,239,10.3,11,75.7,65,29,0,3788,0,0
8/21/2009 15:10,274,8.5,10.2,75.9,65,29,0,3788,0,0
8/21/2009 15:20,279,8.1,9,76.6,63,29,0,3788,0,0
8/21/2009 15:30,239,9.4,10.6,76.4,63,29,0,3788,0,0
8/21/2009 15:40,281,6.2,8.8,76.1,64,29,0,3788,0,0
8/21/2009 15:50,248,10.5,11,76.2,63,29,0,3788,0,0
8/21/2009 16:00,308,4.6,5.9,76.4,64,29,0,3788,0,0
8/21/2009 16:10,253,7,7.9,76.2,64,29,0,3788,0,0
8/21/2009 16:20,265,2.5,3.5,75.9,66,29,0,3788,0,0
8/21/2009 16:30,178,2.2,3.1,75.7,65,29,0,3788,0,0
8/21/2009 16:40,196,3.1,3.4,75.3,65,29,0,3788,0,0
8/21/2009 16:50,218,4.6,5.1,75.2,66,29,0,3788,0,0
8/21/2009 17:00,224,5.5,6.2,75,66,29,0,3788,0,0
8/21/2009 17:10,171,4.6,5.1,74.6,67,29,0,3788,0,0
8/21/2009 17:20,152,4,4.4,74.4,67,29,0,3788,0,0
8/21/2009 17:30,156,6,6.7,74.1,68,29,0,3788,0,0
8/21/2009 17:40,136,5.3,6,74.1,70,29,0,3788,0,0
8/21/2009 17:50,160,4.4,5.9,74.1,70,29,0,3788,0,0
8/21/2009 18:00,151,5.4,7.5,73.9,69,29,0,3788,0,0
8/21/2009 18:10,161,5.3,6.5,73.9,67,29,0,3788,0,0
8/21/2009 18:20,168,6,7.3,73.4,67,29,0,3788,0,0
8/21/2009 18:30,171,6.8,8.5,73,67,29,0,3788,0,0
8/21/2009 18:40,175,10.4,11.2,72.8,65,29,0,3788,0,0
8/21/2009 18:50,171,8.7,9,72.5,65,29,0,3788,0,0
8/21/2009 19:00,149,6.8,8.3,72.5,64,29,0,3788,0,0
8/21/2009 19:10,170,5.1,8.4,72.5,64,29,0,3788,0,0
8/21/2009 19:20,183,6.7,7.6,72.3,63,29,0,3788,0,0
8/21/2009 19:30,189,9.6,10.2,72.5,62,29,0,3788,0,0
8/21/2009 19:40,202,10.7,11.6,72.8,60,29,0,3788,0,0
8/21/2009 19:50,169,8.7,9.9,72.6,61,29,0,3788,0,0
8/21/2009 20:00,171,12.8,13.5,72.1,62,29,0,3788,0,0
8/21/2009 20:10,193,6.5,9,71.9,63,29,0,3788,0,0
8/21/2009 20:20,174,6.5,8.1,72.1,63,29,0,3788,0,0
8/21/2009 20:30,188,9.2,10,71.9,64,29,0,3888,0,0
8/21/2009 20:40,188,9.5,9.9,71.9,64,29,0,3888,0,0
8/21/2009 20:50,186,10.4,11.5,71.7,64,29,0,3888,0,0
8/21/2009 21:00,85,4.3,5.2,71.6,64,29,0,3888,0,0
8/21/2009 21:10,171,8.7,12.2,71.6,65,29,0,3888,0,0
8/21/2009 21:20,178,12.5,14.4,71.6,65,29,0,3888,0,0
8/21/2009 21:30,186,9,11,71.2,66,29,0,3888,0,0
8/21/2009 21:40,179,11,11.7,70.7,67,29,0,3888,0,0
8/21/2009 21:50,164,9.6,10.5,70.3,68,29,0,3888,0,0
8/21/2009 22:00,179,8.5,9.6,70.1,68,29,0,3888,0,0
8/21/2009 22:10,184,7.7,10.9,70.1,68,29,0,3888,0,0
8/21/2009 22:20,184,10.3,10.8,70.1,69,29,0,3888,0,0
8/21/2009 22:30,176,8.1,9.8,70.1,69,29,0,3888,0,0
8/21/2009 22:40,181,9.8,12.3,69.9,69,29,0,3888,0,0
8/21/2009 22:50,184,11.3,12.2,69.6,70,29,0,3888,0,0
8/21/2009 23:00,183,12.2,13.5,69.8,70,29,0,3888,0,0
8/21/2009 23:10,159,8.6,10.1,69.4,71,29,0,3888,0,0
8/21/2009 23:20,166,3.9,5.9,69.2,71,29,0,3888,0,0
8/21/2009 23:30,198,10.7,12,69.4,71,29,0,3888,0,0
8/21/2009 23:40,177,7.1,8.3,69.6,71,29,0,3888,0,0
8/21/2009 23:50,189,6.3,7,69.4,71,29,0,3888,0,0
8/22/2009 0:00,184,7.7,8.5,69.2,72,29,0,3888,0,0
8/22/2009 0:10,171,6.6,7.8,68.9,72,29,0,3888,0,0
8/22/2009 0:20,174,7.2,8.5,68.5,73,29,0,3888,0,0
8/22/2009 0:30,183,8.4,9,68.5,73,29,0,3888,0,0
8/22/2009 0:40,157,5.2,5.9,68.5,73,29,0,3888,0,0
8/22/2009 0:50,150,5.6,7.1,68.5,73,29,0,3888,0,0
8/22/2009 1:00,171,5.5,6.1,68.1,74,29,0,3888,0,0
8/22/2009 1:10,167,4.5,6,68,74,29,0,3888,0,0
8/22/2009 1:20,170,7.1,8.1,67.8,75,29,0,3888,0,0
8/22/2009 1:30,153,8.1,9.3,67.6,75,29,0,3888,0,0
8/22/2009 1:40,152,2.6,4.4,67.6,76,29,0,3888,0,0
8/22/2009 1:50,179,7.5,9.4,67.6,76,29,0,3888,0,0
8/22/2009 2:00,156,6.6,7.6,67.4,76,29,0,3888,0,0
8/22/2009 2:10,147,3.4,5.5,67.2,76,29,0,3888,0,0
8/22/2009 2:20,191,9.3,10.5,67.2,76,29,0,3888,0,0
8/22/2009 2:30,177,8.4,8.9,67.2,77,29,0,3888,0,0
8/22/2009 2:40,170,6.2,7.5,67.1,77,29,0,3888,0,0
8/22/2009 2:50,165,4.6,5.8,67.2,76,29,0,3888,0,0
8/22/2009 3:00,179,9.2,10.3,67.4,76,29,0,3888,0,0
8/22/2009 3:10,166,7.5,8.8,67.4,76,29,0,3888,0,0
8/22/2009 3:20,168,5.7,6.6,67.6,76,29,0,3888,0,0
8/22/2009 3:30,161,7.8,9.5,67.6,76,29,0,3888,0,0
8/22/2009 3:40,169,8.9,9.7,67.6,76,29,0,3888,0,0
8/22/2009 3:50,128,5.7,7.2,67.4,76,29,0,3888,0,0
8/22/2009 4:00,162,7.2,8.2,67.4,76,29,0,3888,0,0
8/22/2009 4:10,174,6.9,8.7,67.6,76,29,0,3888,0,0
8/22/2009 4:20,166,7.9,8.8,67.6,76,29,0,3888,0,0
8/22/2009 4:30,171,11.2,12.2,67.4,76,29,0,3888,0,0
8/22/2009 4:40,166,7,8.5,67.4,77,29,0,3888,0,0
8/22/2009 4:50,169,5.7,8.1,67.6,76,29,0,3888,0,0
8/22/2009 5:00,177,10.4,10.8,67.8,76,29,0,3888,0,0
8/22/2009 5:10,184,4.6,6.6,68.3,75,29,0,3888,0,0
8/22/2009 5:20,188,9.9,11.8,69,74,29,0,3888,0,0
8/22/2009 5:30,155,13.6,15.1,69.4,73,29,0,3888,0,0
8/22/2009 5:40,174,8.2,9.8,69.9,72,29,0,3888,0,0
8/22/2009 5:50,217,5.1,7.6,70.3,72,29,0,3888,0,0
8/22/2009 6:00,146,6.9,7.4,70.7,71,29,0,3888,0,0
8/22/2009 6:10,156,8,8.6,71.2,70,29,0,3888,0,0
8/22/2009 6:20,170,12.6,13.4,71.4,70,29,0,3888,0,0
8/22/2009 6:30,186,9.9,10.8,72.1,69,29,0,3888,0,0
8/22/2009 6:40,174,8.6,9.4,73,66,29,0,3888,0,0
8/22/2009 6:50,196,3.8,6,73.9,66,29,0,3888,0,0
8/22/2009 7:00,208,9.5,10.1,74.4,65,29,0,3888,0,0
8/22/2009 7:10,214,8.4,8.9,74.6,65,29,0,3888,0,0
8/22/2009 7:20,270,4.6,5.1,73.7,70,29,0,3888,0,0
8/22/2009 7:30,300,10.4,11.5,72.6,74,29,0,3888,0,0
8/22/2009 7:40,259,11,12.1,72.8,72,29,0,3888,0,0
8/22/2009 7:50,218,12.4,13.6,72.6,71,29,0,3888,0,0
8/22/2009 8:00,255,8.6,9.2,72.8,71,29,0,3888,0,0
8/22/2009 8:10,217,11.6,12.1,73.5,68,29,0,3888,0,0
8/22/2009 8:20,255,5.9,8.3,74.3,67,29,0,3888,0,0
8/22/2009 8:30,262,5.7,6.2,74.8,66,29,0,3888,0,0
8/22/2009 8:40,258,9,10.9,74.3,68,29,0,3888,0,0
8/22/2009 8:50,273,6.1,7.5,73.5,72,29,0,3888,0,0
8/22/2009 9:00,273,16.2,19.6,72.5,72,29,0,3888,0,0
8/22/2009 9:10,249,9.9,12,71.7,75,29,0,3888,0,0
8/22/2009 9:20,229,6,6.4,72.1,74,29,0,3888,0,0
8/22/2009 9:30,274,8.4,11,71.7,74,29,0,3888,0,0
8/22/2009 9:40,286,12.5,13.6,72.1,73,29,0,3888,0,0
8/22/2009 9:50,275,16.1,16.6,72.1,75,29,0,3888,0,0
8/22/2009 10:00,280,14.5,15.8,71.7,74,29,0,3888,0,0
8/22/2009 10:10,262,12.3,13.3,71.7,75,29,0,3888,0,0
8/22/2009 10:20,256,14.8,17.8,70.3,81,29,0,3888,0,0
8/22/2009 10:30,267,17.9,19.1,70.1,77,29,0,3888,0,0
8/22/2009 10:40,273,16.9,18.8,71.4,73,29,0,3888,0,0
8/22/2009 10:50,278,14.5,15.1,71.6,72,29,0,3888,0,0
8/22/2009 11:00,290,12.6,13.5,71.6,72,29,0,3908,0,0
8/22/2009 11:10,272,10.3,11,70.3,76,29,0.02,4468,0,0
8/22/2009 11:20,255,10,10.9,70.3,79,29,0.02,4508,0,0
8/22/2009 11:30,273,11.9,14.7,70.7,81,29,0.02,4508,0,0
8/22/2009 11:40,250,9.7,11,71,75,29,0.02,4508,0,0
8/22/2009 11:50,267,16.8,20.9,70.8,74,29,0.02,4508,0,0
8/22/2009 12:00,260,12.9,15.3,70.5,78,29,0.02,4508,0,0
8/22/2009 12:10,281,11.3,14.5,71,76,29,0.02,4508,0,0
8/22/2009 12:20,222,9.8,11.5,70.7,77,29,0.02,4508,0,0
8/22/2009 12:30,272,11.8,14.5,70.1,77,29,0.02,4508,0,0
8/22/2009 12:40,264,12.2,13.4,69.9,79,29,0.02,4508,0,0
8/22/2009 12:50,294,14.2,17.8,70.1,79,29,0.02,4508,0,0
8/22/2009 13:00,265,18.9,21.6,69.8,78,29,0.02,4508,0,0
8/22/2009 13:10,289,17.4,18.8,69.6,77,29,0.02,4508,0,0
8/22/2009 13:20,303,13.5,14.6,69.6,79,29,0.02,4508,0,0
8/22/2009 13:30,280,18.2,19.5,69.6,78,29,0.02,4508,0,0
8/22/2009 13:40,296,11.2,13.8,69.6,79,29,0.02,4508,0,0
8/22/2009 13:50,279,15.7,17.6,69.6,79,29,0.02,4508,0,0
8/22/2009 14:00,280,21.3,23.3,69.6,76,29,0.02,4508,0,0
8/22/2009 14:10,285,18.2,19.6,69.4,75,29,0.02,4508,0,0
8/22/2009 14:20,280,14.9,16.6,69.2,80,29,0.02,4508,0,0
8/22/2009 14:30,295,19.5,22,69.2,79,29,0.02,4508,0,0
8/22/2009 14:40,302,20.2,22.2,69.2,78,29,0.02,4508,0,0
8/22/2009 14:50,299,19.2,22.2,68.9,77,29,0.02,4508,0,0
8/22/2009 15:00,307,15.4,16.3,68.9,78,29.1,0.02,4508,0,0
8/22/2009 15:10,301,13.8,17.4,68.9,78,29.1,0.02,4508,0,0
8/22/2009 15:20,322,16.8,21.1,68.9,78,29.1,0.02,4508,0,0
8/22/2009 15:30,277,14,17.5,68.9,80,29.1,0.02,4508,0,0
8/22/2009 15:40,295,16.1,20.2,68.9,77,29.1,0.02,4508,0,0
8/22/2009 15:50,322,13.1,15.5,69,78,29.1,0.02,4508,0,0
8/22/2009 16:00,312,11.6,12.6,68.9,77,29.1,0.02,4508,0,0
8/22/2009 16:10,304,13.5,14.4,68.7,77,29.1,0.02,4508,0,0
8/22/2009 16:20,302,12.2,13.6,68.7,77,29.1,0.02,4508,0,0
8/22/2009 16:30,315,13,13.7,68.5,77,29.1,0.02,4508,0,0
8/22/2009 16:40,322,14.4,15,68.7,78,29.1,0.02,4508,0,0
8/22/2009 16:50,318,15.5,17.8,68.5,77,29.1,0.02,4508,0,0
8/22/2009 17:00,336,9.2,10.1,68.3,76,29.1,0.02,4508,0,0
8/22/2009 17:10,307,8.3,9.6,68.3,77,29.1,0.02,4508,0,0
8/22/2009 17:20,331,12.5,15.3,68.3,76,29.1,0.02,4508,0,0
8/22/2009 17:30,322,15.3,17.5,68.1,76,29.1,0.02,4508,0,0
8/22/2009 17:40,326,13.1,13.7,68,73,29.1,0.02,4508,0,0
8/22/2009 17:50,338,10.6,11.9,68,76,29.1,0.02,4508,0,0
8/22/2009 18:00,333,7.7,9.9,68,76,29.1,0.02,4508,0,0
8/22/2009 18:10,340,5.9,6.7,68,77,29.1,0.02,4508,0,0
8/22/2009 18:20,0,10.6,13.1,67.8,77,29.1,0.02,4508,0,0
8/22/2009 18:30,331,12.7,14.4,67.8,78,29.1,0.02,4508,0,0
8/22/2009 18:40,334,10.9,11.5,67.8,76,29.1,0.02,4508,0,0
8/22/2009 18:50,349,6.9,8.1,67.6,77,29.1,0.02,4508,0,0
8/22/2009 19:00,343,9.6,10.3,67.2,77,29.1,0.02,4508,0,0
8/22/2009 19:10,357,9.2,10.4,67.2,78,29.1,0.02,4508,0,0
8/22/2009 19:20,339,10.2,11.8,67.2,77,29.1,0.02,4508,0,0
8/22/2009 19:30,313,10.2,11,67.2,79,29.1,0.02,4508,0,0
8/22/2009 19:40,343,14.8,16.7,67.1,78,29.1,0.02,4508,0,0
8/22/2009 19:50,341,11.5,13.6,67.1,77,29.1,0.02,4508,0,0
8/22/2009 20:00,339,11.8,12.3,66.9,79,29.1,0.02,4508,0,0
8/22/2009 20:10,340,13,14.9,66.9,79,29.1,0.02,4508,0,0
8/22/2009 20:20,314,9.8,10.9,66.5,79,29.1,0.02,4508,0,0
8/22/2009 20:30,332,12.3,13.2,66.5,79,29.1,0.02,4508,0,0
8/22/2009 20:40,348,10.5,12.1,66.3,80,29.1,0.02,4508,0,0
8/22/2009 20:50,327,15.6,18,66.2,79,29.1,0.02,4508,0,0
8/22/2009 21:00,327,11,12.3,66.2,78,29.1,0,4508,0,0
8/22/2009 21:10,347,9.4,10.1,66.2,80,29.1,0,4508,0,0
8/22/2009 21:20,333,10.9,12.2,66.2,79,29.1,0,4508,0,0
8/22/2009 21:30,320,11.7,12.7,66.2,80,29.1,0,4508,0,0
8/22/2009 21:40,340,6.8,7.6,66.2,80,29.1,0,4508,0,0
8/22/2009 21:50,321,9.5,10.7,66,81,29.1,0,4508,0,0
8/22/2009 22:00,329,11.4,12.1,66,82,29.1,0,4508,0,0
8/22/2009 22:10,317,12,12.9,66,82,29.1,0,4508,0,0
8/22/2009 22:20,337,6,9,66,82,29.1,0,4508,0,0
8/22/2009 22:30,333,6.5,7.2,65.8,83,29.1,0,4508,0,0
8/22/2009 22:40,349,7.6,7.9,65.8,83,29.1,0,4508,0,0
8/22/2009 22:50,341,7.4,7.8,65.8,82,29.1,0,4508,0,0
8/22/2009 23:00,326,4.2,5.5,65.8,84,29.1,0,4508,0,0
8/22/2009 23:10,29,3.6,4.3,66,85,29.1,0,4508,0,0
8/22/2009 23:20,318,6.3,7,65.8,85,29.1,0,4508,0,0
8/22/2009 23:30,305,7.9,8.8,65.8,85,29.1,0,4508,0,0
8/22/2009 23:40,325,8.3,9.2,65.8,85,29.1,0,4508,0,0
8/22/2009 23:50,336,6.7,9.2,66,84,29.1,0,4508,0,0
8/23/2009 0:00,336,7.5,7.8,66,83,29.1,0,4508,0,0
8/23/2009 0:10,323,10.8,11.5,65.8,85,29.1,0,4508,0,0
8/23/2009 0:20,304,7.3,9.5,65.8,85,29.1,0,4508,0,0
8/23/2009 0:30,11,5.3,6.4,65.6,85,29.1,0,4508,0,0
8/23/2009 0:40,350,3.2,5.2,65.6,85,29.1,0,4508,0,0
8/23/2009 0:50,327,5.3,6.3,65.6,83,29.1,0,4508,0,0
8/23/2009 1:00,309,6.7,7.2,65.6,85,29.1,0,4508,0,0
8/23/2009 1:10,287,6.3,6.9,65.6,85,29.1,0,4508,0,0
8/23/2009 1:20,326,7.1,7.5,65.6,84,29.1,0,4508,0,0
8/23/2009 1:30,322,5.8,6.1,65.6,84,29.1,0,4508,0,0
8/23/2009 1:40,303,7,7.8,65.6,82,29.1,0,4508,0,0
8/23/2009 1:50,277,8.4,8.8,65.8,81,29.1,0,4508,0,0
8/23/2009 2:00,296,3.8,4.5,65.8,83,29.1,0,4508,0,0
8/23/2009 2:10,273,6.6,7.5,66,82,29.1,0,4508,0,0
8/23/2009 2:20,292,5.1,5.3,66,82,29.1,0,4508,0,0
8/23/2009 2:30,326,6.3,6.9,66,83,29.1,0,4508,0,0
8/23/2009 2:40,299,9.4,9.7,66.3,81,29.1,0,4508,0,0
8/23/2009 2:50,311,4.6,6.2,66.3,81,29.1,0,4508,0,0
8/23/2009 3:00,309,8.6,9,66.3,80,29.1,0,4508,0,0
8/23/2009 3:10,299,7.4,10.1,66.2,81,29.1,0,4508,0,0
8/23/2009 3:20,295,6,6.7,66.3,81,29.1,0,4508,0,0
8/23/2009 3:30,291,8.1,9.5,66.5,81,29.1,0,4508,0,0
8/23/2009 3:40,333,7,7.8,66.5,79,29.1,0,4508,0,0
8/23/2009 3:50,322,4.7,5.1,66.5,80,29.1,0,4508,0,0
8/23/2009 4:00,315,9.1,9.7,66.5,79,29.1,0,4508,0,0
8/23/2009 4:10,300,8.1,9.3,66.3,82,29.1,0,4508,0,0
8/23/2009 4:20,304,4.7,6,66.2,82,29.1,0,4508,0,0
8/23/2009 4:30,301,7.2,9.1,66.3,80,29.1,0,4508,0,0
8/23/2009 4:40,358,9,10,66.3,79,29.1,0,4508,0,0
8/23/2009 4:50,310,7.5,8.5,66.3,79,29.1,0,4508,0,0
8/23/2009 5:00,311,6,7,66.5,79,29.1,0,4508,0,0
8/23/2009 5:10,304,9.3,9.8,66.5,78,29.1,0,4508,0,0
8/23/2009 5:20,292,9.8,10.2,66.7,79,29.1,0,4508,0,0
8/23/2009 5:30,307,10.9,12.5,66.7,78,29.1,0,4508,0,0
8/23/2009 5:40,293,9.4,10.1,66.7,77,29.1,0,4508,0,0
8/23/2009 5:50,312,3.8,4.3,66.9,77,29.1,0,4508,0,0
8/23/2009 6:00,282,10.3,11.2,67.1,76,29.1,0,4508,0,0
8/23/2009 6:10,300,11.4,11.9,67.2,76,29.1,0,4508,0,0
8/23/2009 6:20,282,4.9,5.5,67.4,75,29.2,0,4508,0,0
8/23/2009 6:30,273,9.7,9.9,67.4,71,29.2,0,4508,0,0
8/23/2009 6:40,302,6.1,6.6,67.8,72,29.2,0,4508,0,0
8/23/2009 6:50,282,10.3,11.2,67.8,70,29.2,0,4508,0,0
8/23/2009 7:00,274,9.1,9.3,67.8,71,29.2,0,4508,0,0
8/23/2009 7:10,272,9.8,10.7,68,71,29.2,0,4508,0,0
8/23/2009 7:20,257,12.1,12.8,68,72,29.2,0,4508,0,0
8/23/2009 7:30,279,9.7,12.7,68,72,29.2,0,4508,0,0
8/23/2009 7:40,285,7.5,8.4,68,71,29.2,0,4508,0,0
8/23/2009 7:50,221,7.4,8.2,68.3,71,29.2,0,4508,0,0
8/23/2009 8:00,277,11.2,12.5,68.1,76,29.2,0,4508,0,0
8/23/2009 8:10,276,14.3,14.9,68,75,29.2,0,4508,0,0
8/23/2009 8:20,283,15.4,16.1,68.1,77,29.2,0,4508,0,0
8/23/2009 8:30,277,14,14.7,68.1,77,29.2,0,4508,0,0
8/23/2009 8:40,298,12.7,15.3,68.1,76,29.2,0,4508,0,0
8/23/2009 8:50,281,8.5,10.2,68.1,77,29.2,0,4508,0,0
8/23/2009 9:00,290,11.9,12.9,68.1,77,29.2,0,4508,0,0
8/23/2009 9:10,280,14.7,15.9,67.8,78,29.2,0,4508,0,0
8/23/2009 9:20,302,11.1,12.5,67.8,79,29.2,0,4518,0,0
8/23/2009 9:30,274,19.4,20.4,67.6,77,29.2,0,4558,0,0
8/23/2009 9:40,287,12.4,14.2,67.6,77,29.2,0,4558,0,0
8/23/2009 9:50,290,15.5,17.4,68.5,76,29.2,0,4558,0,0
8/23/2009 10:00,293,18.7,21.2,68.7,74,29.2,0,4558,0,0
8/23/2009 10:10,282,18.6,19.9,68.7,73,29.2,0,4558,0,0
8/23/2009 10:20,310,11.4,12.5,69,72,29.2,0,4558,0,0
8/23/2009 10:30,286,11,12.7,69,70,29.2,0,4558,0,0
8/23/2009 10:40,279,12.8,14.6,69.2,67,29.2,0,4558,0,0
8/23/2009 10:50,278,17,18.8,69.6,69,29.2,0,4558,0,0
8/23/2009 11:00,288,14.9,16.6,69.4,72,29.2,0,4558,0,0
8/23/2009 11:10,278,12.3,13.9,69.4,73,29.2,0,4558,0,0
8/23/2009 11:20,289,12.2,13.5,69.4,71,29.2,0,4558,0,0
8/23/2009 11:30,284,16.7,18,69.2,72,29.2,0,4558,0,0
8/23/2009 11:40,274,13.4,14.7,69.4,71,29.2,0,4558,0,0
8/23/2009 11:50,285,16.4,18.1,69.2,72,29.2,0,4558,0,0
8/23/2009 12:00,270,12.3,13.8,69.2,70,29.2,0,4558,0,0
8/23/2009 12:10,281,16.4,17.5,69.6,70,29.2,0,4558,0,0
8/23/2009 12:20,306,11.7,12.6,69.6,71,29.2,0,4558,0,0
8/23/2009 12:30,280,14.1,14.7,69.6,70,29.2,0,4558,0,0
8/23/2009 12:40,269,6.8,7.1,69.9,71,29.2,0,4558,0,0
8/23/2009 12:50,295,11.1,12.4,69.6,71,29.2,0,4558,0,0
8/23/2009 13:00,283,12.8,13.9,69.6,72,29.2,0,4558,0,0
8/23/2009 13:10,267,13.3,14.2,69.4,72,29.2,0,4558,0,0
8/23/2009 13:20,262,10.9,11.8,69.4,72,29.2,0,4558,0,0
8/23/2009 13:30,274,11.9,13,69.4,72,29.2,0,4558,0,0
8/23/2009 13:40,274,15.1,16.2,69.8,70,29.2,0,4558,0,0
8/23/2009 13:50,294,12.8,13.3,69.6,70,29.2,0,4558,0,0
8/23/2009 14:00,277,8.5,9.4,69.6,71,29.2,0,4558,0,0
8/23/2009 14:10,293,13.8,14.9,69.9,70,29.2,0,4558,0,0
8/23/2009 14:20,294,14.9,15.4,69.8,68,29.2,0,4558,0,0
8/23/2009 14:30,285,10.7,11.3,69.8,68,29.2,0,4558,0,0
8/23/2009 14:40,297,11.9,12.7,70.3,68,29.2,0,4558,0,0
8/23/2009 14:50,281,13.8,15.1,70.1,70,29.2,0,4558,0,0
8/23/2009 15:00,295,8.5,9.2,70.1,71,29.2,0,4558,0,0
8/23/2009 15:10,270,6.8,8.6,69.9,69,29.2,0,4558,0,0
8/23/2009 15:20,283,8.9,9.8,69.8,71,29.2,0,4558,0,0
8/23/2009 15:30,300,6.3,7.9,69.6,71,29.2,0,4558,0,0
8/23/2009 15:40,290,10.8,11.9,69.6,74,29.2,0,4558,0,0
8/23/2009 15:50,280,10.6,11.2,69.4,74,29.2,0,4578,0,0
8/23/2009 16:00,282,11.4,12.2,69.4,75,29.2,0,4788,0,0
8/23/2009 16:10,333,10.4,13.4,69.2,80,29.2,0,4788,0,0
8/23/2009 16:20,310,10.7,11.8,68.7,82,29.2,0,4788,0,0
8/23/2009 16:30,315,13.6,15.9,68.7,83,29.2,0,4788,0,0
8/23/2009 16:40,317,16.2,17.4,68.1,81,29.2,0,4788,0,0
8/23/2009 16:50,299,19.5,20.4,68.1,75,29.2,0,4788,0,0
8/23/2009 17:00,292,15.8,16.3,68.1,72,29.2,0,4788,0,0
8/23/2009 17:10,300,13.3,14.7,68.3,76,29.2,0,4788,0,0
8/23/2009 17:20,296,12.3,13.4,68,82,29.2,0,4788,0,0
8/23/2009 17:30,316,13.3,14.6,67.8,78,29.2,0,4788,0,0
8/23/2009 17:40,314,11.3,12.4,68.3,75,29.2,0,4788,0,0
8/23/2009 17:50,313,8.5,9.2,68.3,76,29.2,0,4788,0,0
8/23/2009 18:00,310,7.3,8.2,68.5,77,29.2,0,4788,0,0
8/23/2009 18:10,338,5.5,6.5,69,72,29.2,0,4788,0,0
8/23/2009 18:20,18,3.2,4,69.2,73,29.2,0,4788,0,0
8/23/2009 18:30,345,4.4,5.5,69,74,29.2,0,4788,0,0
8/23/2009 18:40,340,5.7,6,69,74,29.2,0,4788,0,0
8/23/2009 18:50,359,5.2,5.7,68.9,74,29.2,0,4788,0,0
8/23/2009 19:00,317,1.7,3,69,74,29.2,0,4788,0,0
8/23/2009 19:10,6,3.4,3.6,69,74,29.2,0,4788,0,0
8/23/2009 19:20,329,0.9,1.3,68.9,75,29.2,0,4788,0,0
8/23/2009 19:30,195,2.7,3.1,68.3,78,29.2,0,4788,0,0
8/23/2009 19:40,186,3.9,4.3,67.4,82,29.2,0,4788,0,0
8/23/2009 19:50,163,3.2,3.8,67.1,83,29.2,0,4788,0,0
8/23/2009 20:00,193,3.5,4.2,66.9,83,29.2,0,4788,0,0
8/23/2009 20:10,153,2.2,2.8,66.7,84,29.2,0,4788,0,0
8/23/2009 20:20,200,3.9,4.4,66.7,84,29.2,0,4788,0,0
8/23/2009 20:30,192,3.1,3.3,66.7,84,29.2,0,4788,0,0
8/23/2009 20:40,80,3.2,3.6,66.7,84,29.2,0,4788,0,0
8/23/2009 20:50,265,6.5,7.4,67.2,83,29.2,0,4788,0,0
8/23/2009 21:00,153,1.1,2,68.3,80,29.2,0,4788,0,0
8/23/2009 21:10,295,7,8.9,68.1,81,29.2,0,4788,0,0
8/23/2009 21:20,318,9,10.6,68.7,78,29.2,0,4788,0,0
8/23/2009 21:30,310,5.1,5.6,68.7,78,29.2,0,4788,0,0
8/23/2009 21:40,243,3.2,4,68.3,80,29.2,0,4788,0,0
8/23/2009 21:50,232,1.1,1.5,66.3,85,29.2,0,4788,0,0
8/23/2009 22:00,231,1.4,1.7,66,86,29.2,0,4788,0,0
8/23/2009 22:10,240,1,1.3,65.8,86,29.2,0,4788,0,0
8/23/2009 22:20,357,7.8,8.8,67.8,82,29.2,0,4788,0,0
8/23/2009 22:30,345,7.6,8.2,68,83,29.2,0,4788,0,0
8/23/2009 22:40,314,9.9,11.2,68.1,80,29.2,0,4788,0,0
8/23/2009 22:50,343,9.9,11,68.1,80,29.2,0,4788,0,0
8/23/2009 23:00,346,4.7,6.1,68.1,81,29.2,0,4788,0,0
8/23/2009 23:10,353,10.1,11.5,68,81,29.2,0,4788,0,0
8/23/2009 23:20,15,7,8,67.8,80,29.2,0,4788,0,0
8/23/2009 23:30,8,6.4,7.3,67.4,82,29.2,0,4788,0,0
8/23/2009 23:40,356,5.1,5.7,67.2,83,29.2,0,4788,0,0
8/23/2009 23:50,338,4.5,5.2,67.1,82,29.3,0,4788,0,0
8/24/2009 0:00,347,3.8,4.5,67.4,81,29.3,0,4788,0,0
8/24/2009 0:10,324,5.3,5.7,67.8,80,29.3,0,4788,0,0
8/24/2009 0:20,331,3.4,3.6,68,79,29.3,0,4788,0,0
8/24/2009 0:30,59,0.8,1.6,68,79,29.3,0,4788,0,0
8/24/2009 0:40,7,3.1,3.9,68,80,29.3,0,4788,0,0
8/24/2009 0:50,350,2.1,3.2,67.8,83,29.3,0,4788,0,0
8/24/2009 1:00,42,10.5,11.9,67.8,82,29.3,0,4818,0,0
8/24/2009 1:10,353,9.6,11.2,67.4,82,29.3,0,4818,0,0
8/24/2009 1:20,31,5.4,6,67.2,83,29.3,0,4818,0,0
8/24/2009 1:30,3,5,5.7,67.1,83,29.3,0,4818,0,0
8/24/2009 1:40,335,2.8,3,66.9,82,29.3,0,4818,0,0
8/24/2009 1:50,3,3.8,4.2,67.1,83,29.3,0,4818,0,0
8/24/2009 2:00,19,3.5,4,66.9,82,29.3,0,4818,0,0
8/24/2009 2:10,45,6.2,7,66.9,82,29.3,0,4818,0,0
8/24/2009 2:20,45,1.9,2.8,66.9,82,29.3,0,4818,0,0
8/24/2009 2:30,20,4.7,5.1,66.9,83,29.3,0,4818,0,0
8/24/2009 2:40,348,8.9,9.9,66.9,84,29.3,0,4818,0,0
8/24/2009 2:50,334,6.1,7,66.9,83,29.3,0,4818,0,0
8/24/2009 3:00,345,6.2,7.4,66.9,83,29.3,0,4818,0,0
8/24/2009 3:10,353,10.2,11.2,66.7,83,29.3,0,4818,0,0
8/24/2009 3:20,303,5.7,6.8,66.5,83,29.3,0,4818,0,0
8/24/2009 3:30,349,5.4,6.4,66.3,83,29.3,0,4818,0,0
8/24/2009 3:40,318,11,12.6,66.2,83,29.3,0,4818,0,0
8/24/2009 3:50,343,7,7.7,65.8,84,29.3,0,4818,0,0
8/24/2009 4:00,315,11.1,12.6,65.6,84,29.3,0,4818,0,0
8/24/2009 4:10,323,7.8,9,65.6,84,29.3,0,4818,0,0
8/24/2009 4:20,326,8.9,9.4,65.3,84,29.3,0,4818,0,0
8/24/2009 4:30,322,8.3,9.3,65.3,84,29.3,0,4818,0,0
8/24/2009 4:40,328,8.9,10.5,65.1,82,29.3,0,4878,0,0
8/24/2009 4:50,317,10.4,11.1,65.1,80,29.3,0,4878,0,0
8/24/2009 5:00,343,10.5,12.4,64.9,80,29.3,0,4878,0,0
8/24/2009 5:10,331,12.2,13.3,64.7,78,29.3,0,4878,0,0
8/24/2009 5:20,320,7.4,9.2,64.7,78,29.3,0,4878,0,0
8/24/2009 5:30,319,3,4,64.5,79,29.3,0,4878,0,0
8/24/2009 5:40,348,3.8,4,64.7,80,29.3,0,4878,0,0
8/24/2009 5:50,293,7,7.7,64.7,77,29.3,0,4878,0,0
8/24/2009 6:00,291,5.9,6.2,64.5,76,29.3,0,4878,0,0
8/24/2009 6:10,300,6.5,7,65.4,75,29.3,0,4878,0,0
8/24/2009 6:20,311,8.2,9,65.1,73,29.3,0,4878,0,0
8/24/2009 6:30,307,6,6.4,65.4,72,29.3,0,4878,0,0
8/24/2009 6:40,343,4.9,5.3,65.6,72,29.3,0,4878,0,0
8/24/2009 6:50,306,5.3,5.9,65.6,72,29.3,0,4878,0,0
8/24/2009 7:00,319,8.7,9.4,65.4,72,29.3,0,4878,0,0
8/24/2009 7:10,359,5.3,6,64.9,74,29.3,0,4878,0,0
8/24/2009 7:20,328,11.5,12.7,64.5,75,29.3,0,4878,0,0
8/24/2009 7:30,322,10.6,11.2,64.4,73,29.3,0,4878,0,0
8/24/2009 7:40,306,8.8,9.9,64.5,73,29.3,0,4878,0,0
8/24/2009 7:50,307,6.3,7.8,65.1,70,29.4,0,4878,0,0
8/24/2009 8:00,304,10.5,11.7,64.7,70,29.4,0,4878,0,0
8/24/2009 8:10,319,8.2,9,64.7,73,29.4,0,4878,0,0
8/24/2009 8:20,300,10.9,11.4,64.9,71,29.4,0,4878,0,0
8/24/2009 8:30,315,7.3,8.1,65.4,71,29.4,0,4878,0,0
8/24/2009 8:40,327,6.3,6.7,65.4,71,29.4,0,4878,0,0
8/24/2009 8:50,311,11.8,13.5,65.6,70,29.4,0,4878,0,0
8/24/2009 9:00,309,9,10.2,65.8,69,29.4,0,4878,0,0
8/24/2009 9:10,306,13.1,14,66,69,29.4,0,4878,0,0
8/24/2009 9:20,314,14.5,15.5,65.8,71,29.4,0,4878,0,0
8/24/2009 9:30,313,14.3,15.5,65.4,71,29.4,0,4878,0,0
8/24/2009 9:40,320,16.3,17.4,65.6,71,29.4,0,4878,0,0
8/24/2009 9:50,309,7.3,9.9,65.6,70,29.4,0,4878,0,0
8/24/2009 10:00,322,6.4,6.8,66.2,68,29.4,0,4878,0,0
8/24/2009 10:10,302,9.6,10.7,66,69,29.4,0,4878,0,0
8/24/2009 10:20,330,9.3,10,66.2,69,29.4,0,4878,0,0
8/24/2009 10:30,295,9.7,11.2,66.2,68,29.4,0,4878,0,0
8/24/2009 10:40,308,13,14.6,66,67,29.4,0,4878,0,0
8/24/2009 10:50,297,14,15,66,68,29.4,0,4878,0,0
8/24/2009 11:00,344,7.6,8.4,66,69,29.4,0,4878,0,0
8/24/2009 11:10,305,8.7,9.2,66.7,68,29.4,0,4878,0,0
8/24/2009 11:20,303,7.4,7.8,66.5,66,29.4,0,4878,0,0
8/24/2009 11:30,282,7.6,8.3,67.8,64,29.4,0,4878,0,0
8/24/2009 11:40,313,5,5.9,67.6,63,29.4,0,4878,0,0
8/24/2009 11:50,318,4.6,4.9,67.2,64,29.4,0,4878,0,0
8/24/2009 12:00,309,10.2,11.1,67.1,66,29.4,0,4878,0,0
8/24/2009 12:10,311,3.6,5.1,68.1,64,29.4,0,4878,0,0
8/24/2009 12:20,320,7.1,7.6,68.1,61,29.4,0,4878,0,0
8/24/2009 12:30,287,5.5,6.1,67.8,61,29.4,0,4878,0,0
8/24/2009 12:40,325,5.8,6.1,68,64,29.4,0,4878,0,0
8/24/2009 12:50,305,5.4,6.1,67.6,64,29.4,0,4878,0,0
8/24/2009 13:00,311,5.9,6.5,68,64,29.3,0,4878,0,0
8/24/2009 13:10,274,7.2,7.8,68.1,63,29.3,0,4878,0,0
8/24/2009 13:20,315,5.9,6.6,68,65,29.4,0,4878,0,0
8/24/2009 13:30,273,7.1,7.5,68.1,63,29.3,0,4878,0,0
8/24/2009 13:40,332,4.4,5.1,68.5,62,29.3,0,4878,0,0
8/24/2009 13:50,288,6.9,7.5,68.5,63,29.3,0,4878,0,0
8/24/2009 14:00,295,6.5,7.2,68.1,63,29.3,0,4878,0,0
8/24/2009 14:10,255,4.6,5.1,68,63,29.3,0,4878,0,0
8/24/2009 14:20,315,4.8,5.1,68.3,62,29.3,0,4878,0,0
8/24/2009 14:30,270,5.3,5.8,67.8,65,29.3,0,4878,0,0
8/24/2009 14:40,257,4.1,4.6,67.8,66,29.3,0,4878,0,0
8/24/2009 14:50,270,5,5.5,67.1,67,29.3,0,4878,0,0
8/24/2009 15:00,262,2.6,3.1,67.6,67,29.3,0,4878,0,0
8/24/2009 15:10,277,5.9,6.3,68.1,63,29.3,0,4878,0,0
8/24/2009 15:20,226,1.1,1.9,67.4,66,29.3,0,4878,0,0
8/24/2009 15:30,265,3.8,4.3,67.1,67,29.3,0,4878,0,0
8/24/2009 15:40,269,4.5,5.5,67.6,66,29.3,0,4878,0,0
8/24/2009 15:50,309,2.7,3.3,67.8,66,29.3,0,4878,0,0
8/24/2009 16:00,289,3.5,3.8,68,66,29.3,0,4878,0,0
8/24/2009 16:10,263,3.8,4.2,67.6,64,29.3,0,4878,0,0
8/24/2009 16:20,256,4,4.5,67.4,65,29.3,0,4878,0,0
8/24/2009 16:30,222,2.2,2.9,67.4,65,29.3,0,4878,0,0
8/24/2009 16:40,226,2.9,3,67.2,65,29.3,0,4878,0,0
8/24/2009 16:50,212,1.7,2,66.9,66,29.3,0,4878,0,0
8/24/2009 17:00,188,3.1,3.3,66.5,66,29.3,0,4878,0,0
8/24/2009 17:10,203,4.8,5.2,66.3,66,29.3,0,4878,0,0
8/24/2009 17:20,210,3.6,3.9,66.2,66,29.3,0,4878,0,0
8/24/2009 17:30,176,3.1,3.8,65.6,69,29.3,0,4878,0,0
8/24/2009 17:40,193,3.6,3.8,65.6,69,29.3,0,4878,0,0
8/24/2009 17:50,193,3.2,4,65.8,68,29.3,0,4878,0,0
8/24/2009 18:00,187,3.5,4,65.4,69,29.3,0,4878,0,0
8/24/2009 18:10,183,4.4,5,65.3,70,29.3,0,4878,0,0
8/24/2009 18:20,163,4,4.3,64.4,73,29.3,0,4878,0,0
8/24/2009 18:30,177,3.6,3.9,63.8,74,29.3,0,4878,0,0
8/24/2009 18:40,190,4.3,4.8,64.2,72,29.3,0,4878,0,0
8/24/2009 18:50,162,3.8,4,64.4,73,29.3,0,4878,0,0
8/24/2009 19:00,173,3.2,3.6,62.7,78,29.3,0,4878,0,0
8/24/2009 19:10,185,4.3,4.7,63.3,76,29.4,0,4878,0,0
8/24/2009 19:20,153,5.6,6.5,62.7,78,29.3,0,4878,0,0
8/24/2009 19:30,163,3.9,4.6,61.8,80,29.3,0,4878,0,0
8/24/2009 19:40,168,5.8,6.2,61.8,80,29.3,0,4878,0,0
8/24/2009 19:50,157,5.7,6.7,61.5,81,29.4,0,4878,0,0
8/24/2009 20:00,170,5,5.7,61.7,80,29.3,0,4878,0,0
8/24/2009 20:10,149,3.7,4.2,61.3,81,29.3,0,4878,0,0
8/24/2009 20:20,157,4.5,5.7,61.1,82,29.3,0,4878,0,0
8/24/2009 20:30,166,4.3,4.6,60.8,83,29.3,0,4878,0,0
8/24/2009 20:40,144,4.6,5.3,60.6,82,29.3,0,4878,0,0
8/24/2009 20:50,169,4.5,5,60.6,82,29.3,0,4878,0,0
8/24/2009 21:00,168,6.3,6.8,60.6,81,29.3,0,4878,0,0
8/24/2009 21:10,151,4.4,5.7,60.2,83,29.3,0,4878,0,0
8/24/2009 21:20,168,5,5.5,59.9,83,29.3,0,4878,0,0
8/24/2009 21:30,170,5.5,5.8,59.5,84,29.3,0,4878,0,0
8/24/2009 21:40,167,6.1,7.2,59.3,84,29.3,0,4878,0,0
8/24/2009 21:50,166,6.8,7.5,59.3,84,29.3,0,4878,0,0
8/24/2009 22:00,165,5.6,6.3,59.1,84,29.4,0,4878,0,0
8/24/2009 22:10,146,6.1,6.6,59,85,29.3,0,4878,0,0
8/24/2009 22:20,160,7.4,9.1,59,85,29.3,0,4878,0,0
8/24/2009 22:30,149,5,6.5,58.8,85,29.3,0,4878,0,0
8/24/2009 22:40,166,5.6,6.3,58.8,85,29.3,0,4878,0,0
8/24/2009 22:50,150,5.9,7.4,59,84,29.3,0,4878,0,0
8/24/2009 23:00,162,8,8.8,59,84,29.3,0,4878,0,0
8/24/2009 23:10,156,5.2,5.9,59.1,84,29.3,0,4878,0,0
8/24/2009 23:20,160,6.2,6.8,59.1,84,29.3,0,4878,0,0
8/24/2009 23:30,158,6.8,7.3,59,84,29.3,0,4878,0,0
8/24/2009 23:40,145,8.1,8.8,59,85,29.3,0,4878,0,0
8/24/2009 23:50,170,5.5,6.1,59,85,29.3,0,4878,0,0
8/25/2009 0:00,164,7.7,8.6,58.8,85,29.3,0,4878,0,0
8/25/2009 0:10,151,3.6,4.2,58.4,86,29.3,0,4878,0,0
8/25/2009 0:20,147,8.1,9.4,58.2,86,29.3,0,4878,0,0
8/25/2009 0:30,154,5.1,6.2,58.2,86,29.3,0,4878,0,0
8/25/2009 0:40,158,7.5,7.8,58.2,86,29.3,0,4878,0,0
8/25/2009 0:50,146,9.1,9.7,58.2,86,29.3,0,4878,0,0
8/25/2009 1:00,150,6.3,7.9,58.2,86,29.3,0,4878,0,0
8/25/2009 1:10,140,6.8,7.8,58.1,86,29.3,0,4878,0,0
8/25/2009 1:20,163,8.2,8.7,58.2,86,29.3,0,4878,0,0
8/25/2009 1:30,156,8.3,9.2,58.2,86,29.3,0,4878,0,0
8/25/2009 1:40,159,6.8,8.2,58.4,85,29.4,0,4878,0,0
8/25/2009 1:50,150,6.9,7.4,58.2,85,29.4,0,4878,0,0
8/25/2009 2:00,157,5.4,6.6,58.2,85,29.4,0,4878,0,0
8/25/2009 2:10,152,7,8.5,58.1,85,29.4,0,4878,0,0
8/25/2009 2:20,156,6.8,7.6,58.1,85,29.4,0,4878,0,0
8/25/2009 2:30,169,7.5,9.5,58.2,85,29.4,0,4878,0,0
8/25/2009 2:40,146,8.4,8.7,58.6,85,29.4,0,4878,0,0
8/25/2009 2:50,153,10.5,12.3,58.8,85,29.4,0,4878,0,0
8/25/2009 3:00,161,8.8,9.9,58.8,84,29.4,0,4878,0,0
8/25/2009 3:10,149,10.1,11.3,58.8,84,29.4,0,4878,0,0
8/25/2009 3:20,150,8.8,9.5,59,84,29.4,0,4878,0,0
8/25/2009 3:30,170,7.7,9.1,59,84,29.4,0,4878,0,0
8/25/2009 3:40,153,8.5,10.1,59,84,29.4,0,4878,0,0
8/25/2009 3:50,146,8,9.3,59,84,29.4,0,4878,0,0
8/25/2009 4:00,138,3.6,6.5,59.1,84,29.4,0,4878,0,0
8/25/2009 4:10,189,7.8,10.1,59.3,83,29.4,0,5048,0,0
8/25/2009 4:20,104,5.7,7,59.7,82,29.4,0,5128,0,0
8/25/2009 4:30,162,6.6,7.7,60.2,82,29.4,0,5128,0,0
8/25/2009 4:40,29,2,3,60.8,80,29.4,0,5128,0,0
8/25/2009 4:50,169,7.6,9,61.1,80,29.4,0,5128,0,0
8/25/2009 5:00,171,6.8,7.2,61.7,78,29.4,0,5128,0,0
8/25/2009 5:10,152,7.7,8.3,62.2,77,29.4,0,5128,0,0
8/25/2009 5:20,163,6.1,6.7,62.9,76,29.4,0,5128,0,0
8/25/2009 5:30,183,8,8.7,63.8,74,29.4,0,5128,0,0
8/25/2009 5:40,170,6.6,7.3,64.2,74,29.4,0,5128,0,0
8/25/2009 5:50,155,8.5,9.8,64.5,72,29.4,0,5128,0,0
8/25/2009 6:00,129,5.4,6.8,64.9,71,29.4,0,5128,0,0
8/25/2009 6:10,158,7.6,8.6,65.4,70,29.4,0,5128,0,0
8/25/2009 6:20,152,5.2,7.2,66.2,69,29.4,0,5128,0,0
8/25/2009 6:30,185,5.9,7.5,66.7,68,29.4,0,5128,0,0
8/25/2009 6:40,174,8.5,9.3,67.6,64,29.4,0,5128,0,0
8/25/2009 6:50,203,3.9,4.8,67.6,64,29.4,0,5128,0,0
8/25/2009 7:00,180,4.4,4.8,68.1,64,29.4,0,5128,0,0
8/25/2009 7:10,116,2.6,4,68.9,61,29.4,0,5128,0,0
8/25/2009 7:20,105,1.9,2.5,69,62,29.4,0,5128,0,0
8/25/2009 7:30,199,5.8,7.4,69.6,59,29.4,0,5128,0,0
8/25/2009 7:40,162,5.3,6.8,69.9,59,29.4,0,5128,0,0
8/25/2009 7:50,231,6.3,6.7,70.7,58,29.4,0,5128,0,0
8/25/2009 8:00,225,3.6,4.2,71.4,57,29.4,0,5128,0,0
8/25/2009 8:10,313,4.4,4.7,72.3,58,29.4,0,5128,0,0
8/25/2009 8:20,288,7.4,7.9,70.3,61,29.4,0,5128,0,0
8/25/2009 8:30,257,6.1,7.6,70.3,63,29.4,0,5128,0,0
8/25/2009 8:40,264,8,9.1,70.7,63,29.3,0,5128,0,0
8/25/2009 8:50,275,4,4.9,71,61,29.3,0,5128,0,0
8/25/2009 9:00,249,8.5,9.5,71,62,29.3,0,5128,0,0
8/25/2009 9:10,285,7,7.7,71,62,29.3,0,5128,0,0
8/25/2009 9:20,232,5.7,6.2,71.4,63,29.3,0,5128,0,0
8/25/2009 9:30,288,8,9.1,72.1,62,29.3,0,5128,0,0
8/25/2009 9:40,279,9.5,10.4,71.7,62,29.3,0,5128,0,0
8/25/2009 9:50,272,4.8,5.3,71.9,62,29.3,0,5128,0,0
8/25/2009 10:00,241,5.2,5.7,72.8,60,29.3,0,5128,0,0
8/25/2009 10:10,227,5.9,6.1,73,61,29.3,0,5128,0,0
8/25/2009 10:20,306,3.9,4.5,73.4,60,29.3,0,5128,0,0
8/25/2009 10:30,279,7.9,8.4,73.7,55,29.3,0,5128,0,0
8/25/2009 10:40,239,7.4,8,73.7,57,29.3,0,5128,0,0
8/25/2009 10:50,254,7.7,8.6,74.4,54,29.3,0,5128,0,0
8/25/2009 11:00,276,11.7,12.2,73.9,56,29.3,0,5128,0,0
8/25/2009 11:10,275,12.3,12.6,73.5,57,29.3,0,5128,0,0
8/25/2009 11:20,275,8.1,10.3,73.7,57,29.3,0,5128,0,0
8/25/2009 11:30,268,11,11.6,73.7,60,29.3,0,5128,0,0
8/25/2009 11:40,279,11.4,13,73.9,59,29.3,0,5128,0,0
8/25/2009 11:50,277,11.5,12.7,74.1,58,29.3,0,5128,0,0
8/25/2009 12:00,290,10.3,12.1,74.1,58,29.3,0,5128,0,0
8/25/2009 12:10,284,6.5,7.3,74.6,59,29.3,0,5128,0,0
8/25/2009 12:20,281,9.2,9.5,74.3,57,29.3,0,5128,0,0
8/25/2009 12:30,285,10.5,10.7,74.6,59,29.3,0,5128,0,0
8/25/2009 12:40,256,7.2,7.8,74.4,59,29.3,0,5128,0,0
8/25/2009 12:50,295,7.6,8,74.4,61,29.3,0,5128,0,0
8/25/2009 13:00,327,5.8,6.5,74.6,60,29.3,0,5128,0,0
8/25/2009 13:10,278,6.8,8,74.6,60,29.3,0,5128,0,0
8/25/2009 13:20,285,6.6,7.2,74.8,63,29.3,0,5128,0,0
8/25/2009 13:30,284,9.4,9.7,74.4,58,29.3,0,5128,0,0
8/25/2009 13:40,285,7.2,8.4,74.3,61,29.2,0,5128,0,0
8/25/2009 13:50,265,6.9,7.3,74.3,61,29.2,0,5128,0,0
8/25/2009 14:00,275,9,9.3,74.4,61,29.2,0,5128,0,0
8/25/2009 14:10,294,7.7,8.4,74.4,64,29.3,0,5128,0,0
8/25/2009 14:20,281,6.7,7.7,74.4,62,29.3,0,5128,0,0
8/25/2009 14:30,287,9.9,10.2,74.6,61,29.3,0,5128,0,0
8/25/2009 14:40,302,10,10.4,74.4,62,29.2,0,5128,0,0
8/25/2009 14:50,267,8.6,9.2,74.6,62,29.2,0,5128,0,0
8/25/2009 15:00,276,8,8.4,74.8,62,29.2,0,5128,0,0
8/25/2009 15:10,265,5.5,5.9,74.6,62,29.2,0,5128,0,0
8/25/2009 15:20,257,5.3,5.6,74.6,62,29.2,0,5128,0,0
8/25/2009 15:30,231,5.7,6,74.6,62,29.2,0,5128,0,0
8/25/2009 15:40,291,6.1,6.7,74.4,63,29.2,0,5128,0,0
8/25/2009 15:50,270,8.1,9.3,74.1,65,29.2,0,5128,0,0
8/25/2009 16:00,269,4.3,4.9,73.9,66,29.2,0,5128,0,0
8/25/2009 16:10,253,6.3,6.9,73.9,66,29.2,0,5128,0,0
8/25/2009 16:20,285,1,2.2,73.7,67,29.2,0,5128,0,0
8/25/2009 16:30,276,6.8,7.3,73.4,67,29.2,0,5128,0,0
8/25/2009 16:40,253,7.7,7.9,73,69,29.2,0,5128,0,0
8/25/2009 16:50,274,4.3,5,72.8,70,29.2,0,5128,0,0
8/25/2009 17:00,250,4.9,5.4,72.8,69,29.2,0,5128,0,0
8/25/2009 17:10,231,4.1,4.7,72.6,71,29.2,0,5128,0,0
8/25/2009 17:20,237,3.9,4.1,72.6,71,29.2,0,5128,0,0
8/25/2009 17:30,222,3.3,3.6,72.3,72,29.2,0,5128,0,0
8/25/2009 17:40,202,3.1,3.5,71.6,73,29.2,0,5128,0,0
8/25/2009 17:50,195,4,4.3,71.4,73,29.2,0,5128,0,0
8/25/2009 18:00,179,4.1,4.5,70.7,75,29.2,0,5128,0,0
8/25/2009 18:10,170,3.9,4.2,70.8,75,29.2,0,5128,0,0
8/25/2009 18:20,169,6,6.8,70.1,77,29.2,0,5128,0,0
8/25/2009 18:30,150,4.8,6.1,69.9,77,29.2,0,5128,0,0
8/25/2009 18:40,160,4.6,4.9,69.9,77,29.2,0,5128,0,0
8/25/2009 18:50,180,6.3,6.9,69.6,78,29.2,0,5128,0,0
8/25/2009 19:00,165,5.3,6.3,69.4,78,29.2,0,5128,0,0
8/25/2009 19:10,168,7,7.7,69,79,29.2,0,5128,0,0
8/25/2009 19:20,174,6.3,7.9,68.9,79,29.2,0,5128,0,0
8/25/2009 19:30,168,5.7,6.8,68.5,80,29.2,0,5128,0,0
8/25/2009 19:40,169,4.8,5.1,68.3,81,29.2,0,5128,0,0
8/25/2009 19:50,175,6.1,7.1,68,82,29.2,0,5128,0,0
8/25/2009 20:00,179,3.6,5.1,67.6,82,29.2,0,5128,0,0
8/25/2009 20:10,178,7.9,8.8,67.4,82,29.2,0,5128,0,0
8/25/2009 20:20,168,3.7,4.8,67.4,82,29.2,0,5128,0,0
8/25/2009 20:30,188,4.3,5.1,67.4,82,29.2,0,5128,0,0
8/25/2009 20:40,169,5.9,6.6,67.4,82,29.2,0,5128,0,0
8/25/2009 20:50,174,6.1,7.4,67.4,81,29.2,0,5128,0,0
8/25/2009 21:00,177,8.8,9.5,67.6,80,29.2,0,5128,0,0
8/25/2009 21:10,180,5.9,6.9,67.8,79,29.2,0,5128,0,0
8/25/2009 21:20,174,6.7,8.2,67.8,79,29.2,0,5128,0,0
8/25/2009 21:30,181,6.6,8.3,68.1,78,29.2,0,5128,0,0
8/25/2009 21:40,186,10.7,11.4,68.5,77,29.2,0,5128,0,0
8/25/2009 21:50,194,7.6,8.8,68.5,77,29.2,0,5128,0,0
8/25/2009 22:00,214,6.2,6.6,68.7,76,29.2,0,5128,0,0
8/25/2009 22:10,187,8.1,8.6,69,75,29.2,0,5128,0,0
8/25/2009 22:20,191,7.1,7.5,68.9,75,29.2,0,5128,0,0
8/25/2009 22:30,188,8,8.5,68.9,76,29.2,0,5128,0,0
8/25/2009 22:40,201,7.7,9,68.9,76,29.2,0,5128,0,0
8/25/2009 22:50,182,4.6,5.9,68.9,76,29.2,0,5128,0,0
8/25/2009 23:00,220,7.7,8.4,68.9,76,29.2,0,5128,0,0
8/25/2009 23:10,205,9.7,10.3,68.9,76,29.2,0,5128,0,0
8/25/2009 23:20,191,8.1,9.3,68.9,76,29.2,0,5128,0,0
8/25/2009 23:30,195,7.3,7.8,68.7,76,29.2,0,5128,0,0
8/25/2009 23:40,195,10.4,11.4,68.7,76,29.2,0,5128,0,0
8/25/2009 23:50,164,4.2,5.3,68.7,76,29.2,0,5128,0,0
8/26/2009 0:00,201,9.2,10.7,68.5,76,29.2,0,5128,0,0
8/26/2009 0:10,198,9.7,10.3,68.5,76,29.2,0,5128,0,0
8/26/2009 0:20,192,9.4,10.3,68.7,76,29.2,0,5128,0,0
8/26/2009 0:30,207,8.1,8.9,68.5,76,29.2,0,5128,0,0
8/26/2009 0:40,219,10.4,11.1,68.9,76,29.2,0,5128,0,0
8/26/2009 0:50,215,12.7,13.6,69,76,29.2,0,5128,0,0
8/26/2009 1:00,213,9.1,10.2,69.2,75,29.2,0,5128,0,0
8/26/2009 1:10,203,12.9,14.7,69.2,75,29.2,0,5128,0,0
8/26/2009 1:20,236,7.6,9.1,69.4,76,29.2,0,5128,0,0
8/26/2009 1:30,231,6.3,7.2,69.4,76,29.2,0,5128,0,0
8/26/2009 1:40,210,9.6,10.4,69.4,76,29.2,0,5128,0,0
8/26/2009 1:50,200,5.8,7.4,69.2,77,29.2,0,5128,0,0
8/26/2009 2:00,199,8.4,9.5,68.9,79,29.2,0,5128,0,0
8/26/2009 2:10,171,6.9,8.3,68.9,79,29.2,0,5128,0,0
8/26/2009 2:20,209,10.1,10.7,68.5,81,29.2,0,5128,0,0
8/26/2009 2:30,214,9.2,9.8,68.3,82,29.2,0,5128,0,0
8/26/2009 2:40,196,6.9,7.6,68.3,82,29.2,0,5128,0,0
8/26/2009 2:50,206,10.1,10.6,68.3,82,29.2,0,5128,0,0
8/26/2009 3:00,203,9.4,10.4,68.3,83,29.2,0,5128,0,0
8/26/2009 3:10,194,10.1,10.9,68.1,83,29.2,0,5128,0,0
8/26/2009 3:20,189,8,9.4,68.1,84,29.2,0,5128,0,0
8/26/2009 3:30,206,10.6,11.2,68,84,29.2,0,5128,0,0
8/26/2009 3:40,203,9.2,10.5,68.1,83,29.2,0,5128,0,0
8/26/2009 3:50,194,5.5,6.3,68.1,84,29.2,0,5128,0,0
8/26/2009 4:00,212,8.8,10.3,68.1,84,29.2,0,5128,0,0
8/26/2009 4:10,207,10.7,11.6,68.3,84,29.2,0,5128,0,0
8/26/2009 4:20,204,10.9,11.4,68.5,83,29.2,0,5128,0,0
8/26/2009 4:30,224,11.5,12.5,68.7,83,29.2,0,5128,0,0
8/26/2009 4:40,212,8,8.9,69,84,29.2,0,5128,0,0
8/26/2009 4:50,213,8.9,10.6,69,84,29.2,0,5128,0,0
8/26/2009 5:00,209,6.8,7.6,69,84,29.2,0,5128,0,0
8/26/2009 5:10,208,8.2,9.3,69.4,84,29.2,0,5128,0,0
8/26/2009 5:20,221,9.1,9.7,69.8,84,29.2,0,5128,0,0
8/26/2009 5:30,207,9.7,10.4,70.3,84,29.2,0,5128,0,0
8/26/2009 5:40,236,5.3,6,70.5,84,29.2,0,5128,0,0
8/26/2009 5:50,198,3.5,4.4,70.7,84,29.2,0,5128,0,0
8/26/2009 6:00,208,10.3,11.1,70.5,84,29.2,0,5128,0,0
8/26/2009 6:10,203,6.9,9.4,70.5,84,29.2,0,5148,0.05,0.05
8/26/2009 6:20,238,14.3,18.9,70.7,83,29.2,0.02,5328,0,0
8/26/2009 6:30,246,15.4,18.5,70.7,84,29.2,0.02,5328,0,0
8/26/2009 6:40,206,6.3,8.2,71,83,29.2,0.02,5328,0,0
8/26/2009 6:50,-Invalid-,-Invalid-,-Invalid-,-Invalid-,-Invalid-,-Invalid-,-Invalid-,-Invalid-,-Invalid-,-Invalid-
8/26/2009 7:00,259,23.4,25.2,71.4,83,29.2,0.02,5328,0,0
8/26/2009 7:10,260,20.8,21.8,71.6,82,29.2,0.02,5328,0,0
8/26/2009 7:20,235,19.8,22.8,71.9,82,29.2,0.02,5328,0,0
8/26/2009 7:30,257,24.1,26.6,72.5,81,29.2,0.02,5328,0,0
8/26/2009 7:40,318,12.4,18.9,72.6,81,29.2,0.02,5328,0,0
8/26/2009 7:50,274,22.6,30.3,72.8,81,29.2,0.02,5328,0,0
8/26/2009 8:00,262,34.1,37.1,72.8,81,29.2,0.02,5328,0,0
8/26/2009 8:10,-Invalid-,-Invalid-,-Invalid-,-Invalid-,-Invalid-,-Invalid-,-Invalid-,-Invalid-,-Invalid-,-Invalid-
8/26/2009 8:20,260,27,28.5,72.5,84,29.2,0.02,5338,0,0
8/26/2009 8:30,262,25.2,26,72.6,84,29.2,0.02,5338,0,0
8/26/2009 8:40,291,17.2,19.9,72.6,82,29.2,0.02,5338,0,0
8/26/2009 8:50,276,18.2,22.9,72.6,81,29.2,0.02,5518,0.05,0.05
8/26/2009 9:00,292,13.2,14.5,72.1,85,29.2,0.02,5938,0,0
8/26/2009 9:10,293,19.6,21.7,71.6,85,29.2,0.02,5938,0,0
8/26/2009 9:20,304,12.2,13.9,71.7,86,29.2,0.02,5938,0,0
8/26/2009 9:30,295,15.9,17.4,71.4,86,29.2,0.02,5968,0,0
8/26/2009 9:40,309,15.1,16.3,71.2,87,29.2,0.02,5978,0,0
8/26/2009 9:50,326,8.9,11.3,70.5,90,29.2,0.02,6158,0,0
8/26/2009 10:00,359,10,11.2,68.9,92,29.2,0.02,6158,0,0
8/26/2009 10:10,357,11.1,14,68.3,94,29.2,0.02,6168,0,0
8/26/2009 10:20,343,10.2,11.9,67.8,93,29.2,0.03,6228,0.04,0.04
8/26/2009 10:30,357,10.1,10.9,67.6,94,29.2,0.03,6598,0.01,0.01
8/26/2009 10:40,345,9.9,11,67.4,94,29.2,0.03,6858,0,0
8/26/2009 10:50,348,11.6,12.6,67.4,94,29.3,0.03,7148,0.02,0.02
8/26/2009 11:00,342,8,8.7,67.2,94,29.2,0.03,7618,0,0
8/26/2009 11:10,16,10.8,12.3,67.2,94,29.2,0.03,7648,0,0
8/26/2009 11:20,37,11.4,12.3,67.2,93,29.2,0.03,7648,0,0
8/26/2009 11:30,7,9.7,10.4,67.2,93,29.2,0.04,7728,0.02,0.02
8/26/2009 11:40,347,6,8.2,67.2,94,29.2,0.04,8188,0.09,0.09
8/26/2009 11:50,341,5.3,6.5,67.2,94,29.2,0.05,8788,0.06,0.06
8/26/2009 12:00,330,3.6,5,67.2,93,29.2,0.06,9388,0.04,0.04
8/26/2009 12:10,336,7.8,10.5,67.2,92,29.2,0.07,9978,0.04,0.04
8/26/2009 12:20,351,10.3,11.1,67.1,93,29.2,0.07,10348,0.01,0.01
8/26/2009 12:30,356,8.5,9.4,66.9,93,29.2,0.07,10748,0,0
8/26/2009 12:40,1,7.8,10.9,66.9,94,29.2,0.08,11248,0.02,0.02
8/26/2009 12:50,5,7.2,8.2,66.7,94,29.2,0.08,11718,0.02,0.02
8/26/2009 13:00,354,9,10.4,66.5,93,29.2,0.08,11978,0,0
8/26/2009 13:10,7,7.6,9.8,66.5,94,29.2,0.08,11998,0,0
8/26/2009 13:20,341,8.5,11.1,66.2,95,29.2,0.08,12018,0,0
8/26/2009 13:30,341,9,11.2,65.8,95,29.2,0.08,12018,0,0
8/26/2009 13:40,331,10.4,14.6,65.6,96,29.2,0.08,12028,0,0
8/26/2009 13:50,0,9.5,10.4,65.4,96,29.2,0.08,12098,0,0
8/26/2009 14:00,344,9.7,11.3,65.1,96,29.3,0.08,12098,0,0
8/26/2009 14:10,350,9.4,10.3,64.7,95,29.3,0.08,12098,0,0
8/26/2009 14:20,339,7.2,8,64.5,95,29.3,0.08,12098,0,0
8/26/2009 14:30,350,6.6,7.4,64.7,94,29.3,0.08,12098,0,0
8/26/2009 14:40,350,7.3,8.4,64.9,93,29.3,0.08,12098,0,0
8/26/2009 14:50,356,8.3,9.4,65.1,94,29.3,0.08,12098,0,0
8/26/2009 15:00,11,5.4,5.9,65.1,94,29.3,0.08,12098,0,0
8/26/2009 15:10,341,6.9,8.2,64.9,94,29.3,0.08,12098,0,0
8/26/2009 15:20,358,5.7,6.9,64.9,94,29.3,0.08,12098,0,0
8/26/2009 15:30,10,4.1,7.4,65.1,94,29.3,0.08,12098,0,0
8/26/2009 15:40,68,2.9,4.1,65.3,93,29.3,0.08,12098,0,0
8/26/2009 15:50,248,5.2,5.8,65.3,93,29.3,0.08,12098,0,0
8/26/2009 16:00,190,3.6,4.7,65.3,93,29.3,0.08,12098,0,0
8/26/2009 16:10,211,2.5,3.4,65.4,93,29.3,0.08,12098,0,0
8/26/2009 16:20,216,3.3,3.8,65.3,94,29.3,0.08,12098,0,0
8/26/2009 16:30,231,5.3,6.5,65.3,94,29.3,0.08,12108,0,0
8/26/2009 16:40,229,5.6,6.1,65.3,94,29.3,0.08,12248,0,0
8/26/2009 16:50,205,3.5,3.9,65.3,94,29.3,0.08,12248,0,0
8/26/2009 17:00,181,4.1,5,65.3,94,29.3,0.08,12248,0,0
8/26/2009 17:10,127,3.9,5.2,65.3,94,29.3,0.08,12248,0,0
8/26/2009 17:20,189,3.6,4,65.3,94,29.3,0.08,12248,0,0
8/26/2009 17:30,146,2.6,4.2,65.4,94,29.3,0.08,12248,0,0
8/26/2009 17:40,157,4,4.7,65.4,94,29.3,0.08,12248,0,0
8/26/2009 17:50,179,3.1,3.8,65.4,94,29.3,0.08,12248,0,0
8/26/2009 18:00,174,3.1,3.6,65.4,94,29.3,0.08,12248,0,0
8/26/2009 18:10,178,3.2,3.8,65.4,94,29.3,0.08,12248,0,0
8/26/2009 18:20,178,3.5,4.1,65.4,94,29.3,0.08,12248,0,0
8/26/2009 18:30,149,3.9,4.4,65.4,93,29.3,0.08,12248,0,0
8/26/2009 18:40,183,3.1,3.7,65.6,93,29.3,0.08,12248,0,0
8/26/2009 18:50,138,3.6,4.1,65.4,93,29.3,0.08,12248,0,0
8/26/2009 19:00,140,3.6,3.8,65.6,93,29.3,0.08,12248,0,0
8/26/2009 19:10,155,3.8,4.8,65.6,92,29.3,0.08,12248,0,0
8/26/2009 19:20,146,4.9,5.3,65.8,92,29.3,0.08,12248,0,0
8/26/2009 19:30,210,2.3,3.4,65.8,93,29.3,0.08,12248,0,0
8/26/2009 19:40,151,2.3,2.8,65.8,92,29.3,0.08,12248,0,0
8/26/2009 19:50,86,1.3,2.2,66,92,29.3,0.08,12248,0,0
8/26/2009 20:00,147,3,3.5,66,93,29.3,0.08,12248,0,0
8/26/2009 20:10,163,3.4,3.9,66,92,29.3,0.08,12248,0,0
8/26/2009 20:20,169,2.9,4.2,66,91,29.3,0.08,12248,0,0
8/26/2009 20:30,149,5,6,65.6,93,29.3,0.08,12248,0,0
8/26/2009 20:40,145,4.4,4.9,65.6,93,29.3,0.08,12248,0,0
8/26/2009 20:50,185,3.4,3.9,65.8,93,29.3,0.08,12248,0,0
8/26/2009 21:00,166,3.4,5.1,65.8,92,29.3,0,12248,0,0
8/26/2009 21:10,171,3.1,3.7,65.8,93,29.3,0,12248,0,0
8/26/2009 21:20,153,3,3.4,65.8,92,29.3,0,12248,0,0
8/26/2009 21:30,134,4.2,4.6,65.8,92,29.3,0,12248,0,0
8/26/2009 21:40,121,5.6,6,65.8,92,29.3,0,12248,0,0
8/26/2009 21:50,112,5,5.4,65.6,92,29.3,0,12248,0,0
8/26/2009 22:00,129,4.8,5.2,65.6,92,29.3,0,12248,0,0
8/26/2009 22:10,122,4.5,4.9,65.4,93,29.3,0,12248,0,0
8/26/2009 22:20,128,4.7,5,65.4,92,29.3,0,12248,0,0
8/26/2009 22:30,116,4.5,4.7,65.4,92,29.3,0,12248,0,0
8/26/2009 22:40,112,4.3,4.8,65.3,92,29.3,0,12248,0,0
8/26/2009 22:50,118,3.4,3.8,65.1,93,29.3,0,12248,0,0
8/26/2009 23:00,115,4.3,4.6,65.1,92,29.3,0,12248,0,0
8/26/2009 23:10,118,5.3,6,64.9,91,29.3,0,12248,0,0
8/26/2009 23:20,105,5.9,6.3,64.9,91,29.3,0,12248,0,0
8/26/2009 23:30,107,6.9,7.4,64.7,90,29.3,0,12248,0,0
8/26/2009 23:40,111,6.6,7.1,64.5,90,29.3,0,12248,0,0
8/26/2009 23:50,108,7,7.5,64.5,89,29.3,0,12248,0,0
8/27/2009 0:00,109,5.4,6.1,64,90,29.3,0,12248,0,0
8/27/2009 0:10,101,5.1,5.4,64,90,29.3,0,12248,0,0
8/27/2009 0:20,108,6.7,7,63.8,89,29.3,0,12248,0,0
8/27/2009 0:30,115,6,6.3,63.6,90,29.3,0,12248,0,0
8/27/2009 0:40,101,5.4,5.8,63.3,90,29.3,0,12248,0,0
8/27/2009 0:50,92,6.4,8,63.3,88,29.3,0,12248,0,0
8/27/2009 1:00,97,7.2,8.1,63.5,85,29.3,0,12248,0,0
8/27/2009 1:10,80,6.6,7.7,63.1,84,29.3,0,12248,0,0
8/27/2009 1:20,85,5.6,6.5,63.1,84,29.3,0,12248,0,0
8/27/2009 1:30,75,5.8,6.5,62.6,87,29.3,0,12248,0,0
8/27/2009 1:40,87,3.9,4.8,62.4,88,29.3,0,12248,0,0
8/27/2009 1:50,80,5.4,7,62.2,90,29.3,0,12248,0,0
8/27/2009 2:00,85,7,8,62,90,29.3,0,12248,0,0
8/27/2009 2:10,83,7.3,8.5,62,88,29.3,0,12248,0,0
8/27/2009 2:20,89,5.3,5.8,62,89,29.3,0,12248,0,0
8/27/2009 2:30,110,4.6,4.9,61.7,91,29.3,0,12248,0,0
8/27/2009 2:40,134,5.4,6.1,61.8,91,29.3,0,12248,0,0
8/27/2009 2:50,127,4.6,5.1,61.5,92,29.3,0,12248,0,0
8/27/2009 3:00,127,4,4.6,61.3,93,29.3,0,12248,0,0
8/27/2009 3:10,121,3.7,4.3,61.1,93,29.3,0,12248,0,0
8/27/2009 3:20,103,3.8,4,61.3,92,29.3,0,12248,0,0
8/27/2009 3:30,85,5.5,5.8,61.7,90,29.3,0,12248,0,0
8/27/2009 3:40,81,5.6,5.9,61.7,90,29.3,0,12248,0,0
8/27/2009 3:50,95,4.5,5.2,61.3,91,29.3,0,12248,0,0
8/27/2009 4:00,117,5.1,5.3,60.9,91,29.3,0,12248,0,0
8/27/2009 4:10,87,5.3,5.6,60.9,91,29.3,0,12248,0,0
8/27/2009 4:20,73,5.3,5.9,60.9,91,29.3,0,12248,0,0
8/27/2009 4:30,89,6.3,6.6,61.1,91,29.3,0,12248,0,0
8/27/2009 4:40,87,4.9,5.7,61.1,91,29.3,0,12248,0,0
8/27/2009 4:50,125,4.8,5.3,61.5,90,29.3,0,12248,0,0
8/27/2009 5:00,24,2.2,3.4,61.7,90,29.3,0,12248,0,0
8/27/2009 5:10,71,2.1,2.5,61.8,91,29.3,0,12248,0,0
8/27/2009 5:20,54,2.8,3.6,61.7,90,29.3,0,12248,0,0
8/27/2009 5:30,98,3.7,4.1,61.7,90,29.3,0,12248,0,0
8/27/2009 5:40,89,1.6,2.1,62.2,90,29.3,0,12248,0,0
8/27/2009 5:50,354,4,4.7,62.7,89,29.3,0,12248,0,0
8/27/2009 6:00,118,5.5,6.1,62.9,87,29.3,0,12248,0,0
8/27/2009 6:10,13,7.2,7.8,64.4,84,29.3,0,12248,0,0
8/27/2009 6:20,10,9.7,10.2,65.1,81,29.3,0,12248,0,0
8/27/2009 6:30,19,4.5,5.7,64.7,80,29.3,0,12248,0,0
8/27/2009 6:40,46,5,7.8,64.9,82,29.3,0,12248,0,0
8/27/2009 6:50,347,6.4,7.7,64.9,81,29.3,0,12248,0,0
8/27/2009 7:00,6,7.7,8.2,65.1,79,29.3,0,12248,0,0
8/27/2009 7:10,81,3.8,4.9,65.8,76,29.3,0,12248,0,0
8/27/2009 7:20,348,5,6.1,66.2,76,29.3,0,12248,0,0
8/27/2009 7:30,359,6.9,8,66.5,75,29.3,0,12248,0,0
8/27/2009 7:40,6,9.3,11.6,66.7,74,29.3,0,12248,0,0
8/27/2009 7:50,9,9.2,10.4,67.1,75,29.3,0,12248,0,0
8/27/2009 8:00,21,5.3,7.6,67.2,75,29.3,0,12248,0,0
8/27/2009 8:10,3,7.6,8.4,67.1,76,29.3,0,12248,0,0
8/27/2009 8:20,23,7.3,9.2,67.6,74,29.3,0,12248,0,0
8/27/2009 8:30,342,2.9,3.5,67.8,73,29.3,0,12248,0,0
8/27/2009 8:40,51,5.6,6.3,68,68,29.3,0,12248,0,0
8/27/2009 8:50,67,2.1,2.9,68.7,71,29.3,0,12248,0,0
8/27/2009 9:00,22,9.4,11.4,68.7,68,29.3,0,12248,0,0
8/27/2009 9:10,73,6.6,7.2,68.7,69,29.3,0,12248,0,0
8/27/2009 9:20,1,9.1,11.7,68.5,69,29.3,0,12248,0,0
8/27/2009 9:30,29,7.7,8.9,68.3,68,29.3,0,12248,0,0
8/27/2009 9:40,83,7.4,9.3,68.7,68,29.3,0,12248,0,0
8/27/2009 9:50,55,8.9,9.9,68.7,70,29.3,0,12248,0,0
8/27/2009 10:00,10,8.8,9.7,68.5,67,29.3,0,12248,0,0
8/27/2009 10:10,351,8.8,10.4,68.1,69,29.3,0,12248,0,0
8/27/2009 10:20,327,5.6,8.1,68.1,70,29.3,0,12248,0,0
8/27/2009 10:30,195,7.3,10.3,68,71,29.3,0,12248,0,0
8/27/2009 10:40,5,9.3,10.6,68,72,29.3,0,12248,0,0
8/27/2009 10:50,15,10.7,12.4,68,72,29.3,0,12248,0,0
8/27/2009 11:00,23,8.4,9.1,68,72,29.3,0,12248,0,0
8/27/2009 11:10,0,8.1,10.5,68.1,73,29.3,0,12248,0,0
8/27/2009 11:20,18,7.4,8.5,68,73,29.3,0,12248,0,0
8/27/2009 11:30,52,7.8,9.5,68,74,29.3,0,12248,0,0
8/27/2009 11:40,45,7.2,8.4,68.1,74,29.3,0,12248,0,0
8/27/2009 11:50,33,9.4,10.5,68.3,72,29.3,0,12248,0,0
8/27/2009 12:00,6,10.9,12.6,68.5,73,29.3,0,12248,0,0
8/27/2009 12:10,56,6.8,8.3,68.7,73,29.3,0,12248,0,0
8/27/2009 12:20,47,8.5,9.4,68.1,71,29.3,0,12248,0,0
8/27/2009 12:30,54,6.7,7.9,68.3,72,29.3,0,12248,0,0
8/27/2009 12:40,15,11.6,12.2,68.1,72,29.3,0,12248,0,0
8/27/2009 12:50,26,8,9.1,68,74,29.3,0,12248,0,0
8/27/2009 13:00,351,9.6,10.8,68,73,29.3,0,12248,0,0
8/27/2009 13:10,111,3.3,4.3,68.1,72,29.3,0,12248,0,0
8/27/2009 13:20,36,11.6,14.1,68.5,71,29.3,0,12248,0,0
8/27/2009 13:30,82,4.9,6,69.2,72,29.3,0,12248,0,0
8/27/2009 13:40,57,8.3,9.3,69.2,67,29.3,0,12248,0,0
8/27/2009 13:50,69,6.2,8.5,68.9,67,29.3,0,12248,0,0
8/27/2009 14:00,6,11.3,13.1,69,67,29.3,0,12248,0,0
8/27/2009 14:10,356,10.2,12.6,68.7,66,29.3,0,12248,0,0
8/27/2009 14:20,120,5.5,6.9,69,65,29.3,0,12248,0,0
8/27/2009 14:30,357,7.6,8.4,68.3,69,29.3,0,12248,0,0
8/27/2009 14:40,59,4,5.3,68.3,69,29.3,0,12248,0,0
8/27/2009 14:50,53,7.3,10,68.9,68,29.3,0,12248,0,0
8/27/2009 15:00,40,6.1,8.9,68.5,67,29.3,0,12248,0,0
8/27/2009 15:10,351,7.6,8.6,68.5,69,29.3,0,12248,0,0
8/27/2009 15:20,64,10,11.5,68.5,69,29.3,0,12248,0,0
8/27/2009 15:30,69,7.9,9.2,68.3,68,29.3,0,12248,0,0
8/27/2009 15:40,78,7.6,9.8,68,68,29.3,0,12248,0,0
8/27/2009 15:50,83,4.3,5.5,68,69,29.3,0,12248,0,0
8/27/2009 16:00,54,4.6,5.6,68,69,29.3,0,12248,0,0
8/27/2009 16:10,44,6.5,7.7,67.8,69,29.3,0,12248,0,0
8/27/2009 16:20,29,5.7,6.6,67.6,70,29.3,0,12248,0,0
8/27/2009 16:30,102,4.4,4.9,67.6,71,29.3,0,12248,0,0
8/27/2009 16:40,58,7.2,8,67.4,70,29.3,0,12248,0,0
8/27/2009 16:50,2,5.7,6.7,67.6,70,29.3,0,12248,0,0
8/27/2009 17:00,78,6.9,8.3,67.6,69,29.3,0,12248,0,0
8/27/2009 17:10,94,8.7,11.1,67.4,69,29.3,0,12248,0,0
8/27/2009 17:20,93,7.4,8.4,67.4,69,29.3,0,12248,0,0
8/27/2009 17:30,82,5.8,6.9,67.4,69,29.3,0,12248,0,0
8/27/2009 17:40,74,5.7,6.6,67.1,69,29.3,0,12248,0,0
8/27/2009 17:50,103,6.8,7.3,66.9,69,29.3,0,12248,0,0
8/27/2009 18:00,102,5,5.5,66.9,69,29.3,0,12248,0,0
8/27/2009 18:10,87,10.3,12.3,66.9,67,29.3,0,12248,0,0
8/27/2009 18:20,90,5.7,6,66.7,68,29.3,0,12248,0,0
8/27/2009 18:30,104,8,8.5,66.7,67,29.3,0,12248,0,0
8/27/2009 18:40,103,6.8,7.5,66.7,66,29.3,0,12248,0,0
8/27/2009 18:50,55,5,6.6,66.7,66,29.3,0,12248,0,0
8/27/2009 19:00,94,6.1,7,66.7,66,29.3,0,12248,0,0
8/27/2009 19:10,112,5.6,6.4,66.5,66,29.3,0,12248,0,0
8/27/2009 19:20,91,8.9,10.8,66.5,66,29.3,0,12248,0,0
8/27/2009 19:30,55,7.4,8.4,66.3,68,29.3,0,12418,0,0
8/27/2009 19:40,32,4.1,4.8,66,70,29.3,0,12418,0,0
8/27/2009 19:50,62,4.4,5.6,65.8,71,29.3,0,12418,0,0
8/27/2009 20:00,37,5.1,5.8,65.8,70,29.3,0,12418,0,0
8/27/2009 20:10,81,5.6,7.3,65.8,71,29.3,0,12418,0,0
8/27/2009 20:20,94,3.5,4,65.6,72,29.3,0,12418,0,0
8/27/2009 20:30,55,3.8,4.5,65.4,73,29.3,0,12418,0,0
8/27/2009 20:40,0,5.2,6.2,65.4,73,29.3,0,12418,0,0
8/27/2009 20:50,61,3.8,4.5,65.3,73,29.3,0,12418,0,0
8/27/2009 21:00,26,6.7,8,65.4,73,29.3,0,12418,0,0
8/27/2009 21:10,60,4.3,4.9,65.6,73,29.3,0,12418,0,0
8/27/2009 21:20,96,3.8,4.3,65.8,74,29.3,0,12418,0,0
8/27/2009 21:30,61,3.8,4.7,65.8,74,29.3,0,12418,0,0
8/27/2009 21:40,119,5,6,65.4,74,29.3,0,12418,0,0
8/27/2009 21:50,88,4.8,5.4,65.4,74,29.3,0,12418,0,0
8/27/2009 22:00,102,3.9,4.9,65.4,74,29.3,0,12418,0,0
8/27/2009 22:10,88,5,5.6,65.4,75,29.3,0,12418,0,0
8/27/2009 22:20,93,5.3,6.2,65.3,75,29.3,0,12418,0,0
8/27/2009 22:30,108,6.5,7.3,65.3,75,29.3,0,12418,0,0
8/27/2009 22:40,110,5.6,6,64.9,76,29.3,0,12418,0,0
8/27/2009 22:50,104,9.3,11.4,64.7,76,29.3,0,12418,0,0
8/27/2009 23:00,83,5.2,5.8,64.5,77,29.3,0,12418,0,0
8/27/2009 23:10,99,5.5,6,64.5,76,29.3,0,12418,0,0
8/27/2009 23:20,123,5.8,6.5,64.4,77,29.3,0,12418,0,0
8/27/2009 23:30,77,6,7.6,64,77,29.3,0,12418,0,0
8/27/2009 23:40,81,3.4,4.4,63.6,78,29.3,0,12418,0,0
8/27/2009 23:50,88,4.1,4.5,63.6,79,29.3,0,12418,0,0
8/28/2009 0:00,106,4.8,5.1,63.5,79,29.3,0,12418,0,0
8/28/2009 0:10,47,4.5,4.8,63.1,80,29.3,0,12418,0,0
8/28/2009 0:20,36,5.2,6.2,63.3,81,29.3,0,12418,0,0
8/28/2009 0:30,66,3.8,4.4,63.3,81,29.3,0,12418,0,0
8/28/2009 0:40,51,4.1,4.5,63.5,80,29.3,0,12418,0,0
8/28/2009 0:50,82,4.2,5.3,63.3,81,29.3,0,12418,0,0
8/28/2009 1:00,56,5,5.9,63.5,81,29.3,0,12418,0,0
8/28/2009 1:10,67,4.8,5.4,63.5,81,29.3,0,12418,0,0
8/28/2009 1:20,81,6,7,63.3,82,29.3,0,12418,0,0
8/28/2009 1:30,90,5,5.6,63.3,81,29.3,0,12418,0,0
8/28/2009 1:40,77,5.5,6.3,63.1,82,29.2,0,12418,0,0
8/28/2009 1:50,89,7.3,8.8,63.1,82,29.2,0,12418,0,0
8/28/2009 2:00,92,10.6,10.9,63.1,82,29.2,0,12418,0,0
8/28/2009 2:10,99,7.5,8.4,62.7,83,29.2,0,12418,0,0
8/28/2009 2:20,114,6.6,7.3,62.7,83,29.2,0,12418,0,0
8/28/2009 2:30,84,5.5,6.4,62.6,84,29.2,0,12418,0,0
8/28/2009 2:40,94,6.8,7.2,62.4,84,29.2,0,12418,0,0
8/28/2009 2:50,123,5.1,5.5,62.2,85,29.3,0,12418,0,0
8/28/2009 3:00,87,5.3,5.8,62.2,85,29.2,0,12418,0,0
8/28/2009 3:10,107,5.9,6.2,61.8,86,29.2,0,12418,0,0
8/28/2009 3:20,79,4.9,5.5,61.8,85,29.2,0,12418,0,0
8/28/2009 3:30,66,5.2,5.7,61.8,85,29.2,0,12418,0,0
8/28/2009 3:40,69,4.7,5.4,62.2,85,29.2,0,12418,0,0
8/28/2009 3:50,86,5,6,62.2,84,29.2,0,12418,0,0
8/28/2009 4:00,72,6.2,7.2,62.4,84,29.2,0,12418,0,0
8/28/2009 4:10,66,8,8.9,62.4,84,29.2,0,12418,0,0
8/28/2009 4:20,64,5.1,6.4,62.4,84,29.2,0,12418,0,0
8/28/2009 4:30,75,5.2,6.1,62.6,84,29.2,0,12418,0,0
8/28/2009 4:40,85,5.2,6.3,62.6,83,29.2,0,12418,0,0
8/28/2009 4:50,31,3.8,4.3,62.9,83,29.2,0,12418,0,0
8/28/2009 5:00,56,2.8,3.6,63.5,82,29.2,0,12438,0.02,0.02
8/28/2009 5:10,105,5,5.4,63.6,81,29.2,0,12438,0,0
8/28/2009 5:20,203,4.6,6,64.4,80,29.2,0,12438,0,0
8/28/2009 5:30,38,5.7,6.8,65.1,79,29.2,0,12438,0,0
8/28/2009 5:40,14,5,5.9,64.9,80,29.2,0,12438,0,0
8/28/2009 5:50,355,7.9,9.2,64.9,81,29.2,0,12438,0,0
8/28/2009 6:00,94,9.6,12.1,65.1,82,29.2,0,12438,0,0
8/28/2009 6:10,69,6.5,10.3,65.6,81,29.2,0,12438,0,0
8/28/2009 6:20,114,10.4,12.4,66.7,78,29.2,0,12438,0,0
8/28/2009 6:30,1,9,10.3,66.2,79,29.2,0,12438,0,0
8/28/2009 6:40,346,8,9.1,66.5,80,29.2,0,12438,0,0
8/28/2009 6:50,86,4.8,6.2,67.1,78,29.2,0,12438,0,0
8/28/2009 7:00,141,3.4,3.9,67.6,77,29.2,0,12438,0,0
8/28/2009 7:10,3,4.7,5.3,67.6,78,29.2,0,12448,0,0
8/28/2009 7:20,116,2.1,3.2,67.4,78,29.2,0,12448,0,0
8/28/2009 7:30,56,4.2,4.8,67.8,78,29.2,0,12448,0,0
8/28/2009 7:40,343,6,7.1,68.1,75,29.2,0,12448,0,0
8/28/2009 7:50,123,4.6,5.3,68.7,76,29.2,0,12448,0,0
8/28/2009 8:00,132,3.6,4.3,68.7,75,29.2,0,12448,0,0
8/28/2009 8:10,73,9.7,11.5,68.7,76,29.2,0,12448,0,0
8/28/2009 8:20,96,8.6,9.8,68.5,77,29.2,0,12448,0,0
8/28/2009 8:30,112,4.4,5.2,68.5,77,29.2,0,12458,0,0
8/28/2009 8:40,136,6,7.5,68.3,79,29.2,0,12548,0,0
8/28/2009 8:50,6,5.2,5.6,68.7,80,29.2,0,12678,0,0
8/28/2009 9:00,63,5,5.9,68.9,81,29.2,0,12928,0,0
8/28/2009 9:10,110,7.9,8.2,68.7,79,29.2,0,12998,0,0
8/28/2009 9:20,122,6.7,7,68.9,79,29.2,0,13038,0,0
8/28/2009 9:30,75,5.6,6.1,68.9,80,29.2,0,13058,0,0
8/28/2009 9:40,101,3.9,4.5,69.2,78,29.2,0,13058,0,0
8/28/2009 9:50,134,10.7,11.5,69.6,77,29.2,0,13058,0,0
8/28/2009 10:00,114,9.7,10.4,69.9,77,29.2,0,13058,0,0
8/28/2009 10:10,137,7.3,7.8,70.5,77,29.2,0,13058,0,0
8/28/2009 10:20,-Invalid-,-Invalid-,-Invalid-,-Invalid-,-Invalid-,-Invalid-,-Invalid-,-Invalid-,-Invalid-,-Invalid-
8/28/2009 10:30,356,11.2,14.3,71.9,72,29.2,0,13058,0,0
8/28/2009 10:40,149,12.7,13.3,71.9,72,29.2,0,13058,0,0
8/28/2009 10:50,194,6.7,8.9,71.6,73,29.2,0,13058,0,0
8/28/2009 11:00,120,8.7,11.9,72.1,72,29.2,0,13058,0,0
8/28/2009 11:10,104,8.7,10.8,72.1,71,29.2,0,13058,0,0
8/28/2009 11:20,144,8.6,10.8,73,70,29.2,0,13058,0,0
8/28/2009 11:30,133,9.5,9.9,72.3,71,29.1,0,13058,0,0
8/28/2009 11:40,110,6.1,9.3,72.3,73,29.1,0,13058,0,0
8/28/2009 11:50,141,10.7,11.9,72.3,72,29.1,0,13058,0,0
8/28/2009 12:00,105,7,8,73,70,29.1,0,13058,0,0
8/28/2009 12:10,114,7.4,8.4,72.8,72,29.1,0,13058,0,0
8/28/2009 12:20,112,2.4,3.9,72.8,70,29.1,0,13058,0,0
8/28/2009 12:30,127,7.5,8.1,74.3,66,29.1,0,13058,0,0
8/28/2009 12:40,122,6,9.3,73.7,67,29.1,0,13058,0,0
8/28/2009 12:50,106,4.7,7.3,74.3,67,29.1,0,13058,0,0
8/28/2009 13:00,103,4,5.1,73.9,67,29.1,0,13058,0,0
8/28/2009 13:10,147,9.8,11.3,74.1,68,29.1,0,13058,0,0
8/28/2009 13:20,110,7.7,9.7,73.9,67,29.1,0,13058,0,0
8/28/2009 13:30,119,6.5,7,73.9,68,29.1,0,13058,0,0
8/28/2009 13:40,139,11,12.2,74.3,66,29.1,0,13058,0,0
8/28/2009 13:50,132,8.3,10,74.8,64,29.1,0,13058,0,0
8/28/2009 14:00,99,6.2,7.2,74.1,66,29.1,0,13058,0,0
8/28/2009 14:10,103,9.7,10.1,71.7,77,29.1,0,13058,0,0
8/28/2009 14:20,53,7.9,10.2,70.7,81,29.1,0,13058,0,0
8/28/2009 14:30,13,10.4,11.7,70.3,81,29.1,0,13058,0,0
8/28/2009 14:40,50,7.5,9,70.3,83,29.1,0,13148,0.01,0.01
8/28/2009 14:50,16,7.6,8.9,70.1,83,29.1,0,13168,0,0
8/28/2009 15:00,34,10.5,11.3,70.5,82,29.1,0,13268,0,0
8/28/2009 15:10,32,7.4,12.1,70.7,81,29.1,0,13268,0,0
8/28/2009 15:20,8,7.3,8.6,71,81,29.1,0,13268,0,0
8/28/2009 15:30,104,4,4.6,71,80,29.1,0,13268,0,0
8/28/2009 15:40,104,4.7,5,71.6,78,29.1,0,13268,0,0
8/28/2009 15:50,110,6.9,7.5,71.7,76,29.1,0,13268,0,0
8/28/2009 16:00,135,5.8,6.6,72.1,75,29.1,0,13268,0,0
8/28/2009 16:10,162,8,10.6,72.1,74,29.1,0,13268,0,0
8/28/2009 16:20,129,11.8,12.6,71.6,76,29.1,0,13268,0,0
8/28/2009 16:30,137,10.2,11.2,71,77,29.1,0,13268,0,0
8/28/2009 16:40,176,6.8,8,70.7,78,29.1,0,13268,0,0
8/28/2009 16:50,138,8,10.3,70.1,80,29.1,0,13378,0,0
8/28/2009 17:00,142,12.5,14.9,69.6,81,29,0,13418,0,0
8/28/2009 17:10,20,4.8,6.6,69.6,82,29.1,0,13448,0,0
8/28/2009 17:20,186,7.2,9.8,69.4,83,29,0.01,13518,0.07,0.07
8/28/2009 17:30,-Invalid-,-Invalid-,-Invalid-,-Invalid-,-Invalid-,-Invalid-,-Invalid-,-Invalid-,-Invalid-,-Invalid-
8/28/2009 17:40,256,35.4,39.2,68,89,29,0.05,14298,0,0
8/28/2009 17:50,123,11.4,19.9,68.3,88,29,0.05,14298,0,0
8/28/2009 18:00,199,6.6,13.5,68.5,87,29,0.05,14298,0,0
8/28/2009 18:10,182,7.4,8.2,68.7,87,29,0.05,14298,0,0
8/28/2009 18:20,140,10.3,12.7,68.9,86,29,0.05,14298,0,0
8/28/2009 18:30,170,6.2,9.1,68.9,87,29,0.05,14298,0,0
8/28/2009 18:40,149,9.5,12.6,68.9,87,29,0.05,14298,0,0
8/28/2009 18:50,136,4.4,5.7,69,87,29,0.05,14298,0,0
8/28/2009 19:00,133,8.6,11.5,69.2,86,29,0.05,14298,0,0
8/28/2009 19:10,181,6.3,7.8,69,87,29,0.05,14298,0,0
8/28/2009 19:20,189,8.7,9.2,69.2,86,29,0.05,14298,0,0
8/28/2009 19:30,179,6.4,7.4,69.4,86,29,0.05,14298,0,0
8/28/2009 19:40,175,10,11,69.8,86,29,0.05,14298,0,0
8/28/2009 19:50,152,10,11.7,69.6,86,29,0.05,14298,0,0
8/28/2009 20:00,156,5.1,6.9,69.6,87,29,0.05,14298,0,0
8/28/2009 20:10,182,6.3,7.3,69.8,86,29,0.05,14298,0,0
8/28/2009 20:20,160,8.2,10,69.9,86,29,0.05,14298,0,0
8/28/2009 20:30,192,7.9,9.7,70.1,86,29,0.05,14298,0,0
8/28/2009 20:40,194,7,8.8,70.3,86,29,0.05,14298,0,0
8/28/2009 20:50,172,12,13.6,70.3,86,29,0.05,14298,0,0
8/28/2009 21:00,178,7.6,9.6,70.5,86,29,0,14298,0,0
8/28/2009 21:10,194,9,12.4,70.5,86,29,0,14348,0,0
8/28/2009 21:20,251,5.9,8.8,70.3,87,29,0,14408,0,0
8/28/2009 21:30,188,6.3,7.7,70.3,87,29,0,14448,0,0
8/28/2009 21:40,186,8.2,9,70.5,87,29,0,14498,0,0
8/28/2009 21:50,165,4.8,6.1,70.7,86,29,0,14498,0,0
8/28/2009 22:00,196,7.5,9.5,70.5,86,29,0,14498,0,0
8/28/2009 22:10,136,6.7,8,70.5,86,29,0,14508,0,0
8/28/2009 22:20,192,9.4,11.1,70.5,86,28.9,0,14518,0,0
8/28/2009 22:30,199,11,13.1,70.1,86,28.9,0,14518,0,0
8/28/2009 22:40,197,10.1,15.4,70.1,86,28.9,0,14518,0,0
8/28/2009 22:50,181,6.4,8.8,70.1,85,28.9,0,14518,0,0
8/28/2009 23:00,200,9,11.5,70.3,84,28.9,0,14518,0,0
8/28/2009 23:10,217,15.3,16.3,70.3,83,28.9,0,14518,0,0
8/28/2009 23:20,197,14.2,16.1,69.9,84,28.9,0,14518,0,0
8/28/2009 23:30,179,8.6,10.7,69.8,84,28.9,0,14518,0,0
8/28/2009 23:40,161,8.8,10.6,69.8,84,28.9,0,14518,0,0
8/28/2009 23:50,204,8.4,9.5,69.6,84,28.9,0,14518,0,0
8/29/2009 0:00,190,5.2,7.2,69.9,81,28.9,0,14518,0,0
8/29/2009 0:10,210,5.7,7.4,69.9,80,28.9,0,14518,0,0
8/29/2009 0:20,192,12.9,14,69.9,79,28.9,0,14518,0,0
8/29/2009 0:30,198,9.2,10,69.9,79,28.9,0,14518,0,0
8/29/2009 0:40,192,8,9.8,69.8,80,28.9,0,14518,0,0
8/29/2009 0:50,212,19.6,21.9,69.8,80,28.9,0,14518,0,0
8/29/2009 1:00,169,11.1,15,69.6,80,28.9,0,14518,0,0
8/29/2009 1:10,211,11.1,12.8,69.6,80,28.9,0,14518,0,0
8/29/2009 1:20,200,9.5,10.9,69.4,80,28.9,0,14518,0,0
8/29/2009 1:30,211,12.3,13.2,69.4,80,28.9,0,14518,0,0
8/29/2009 1:40,209,8.6,9.2,69.2,81,28.9,0,14518,0,0
8/29/2009 1:50,219,12.4,15.2,68.9,82,28.9,0,14518,0,0
8/29/2009 2:00,216,6.1,7.5,68.9,83,28.9,0,14518,0,0
8/29/2009 2:10,215,7.6,9.2,68.7,84,28.9,0,14518,0,0
8/29/2009 2:20,212,11.5,12.5,68.3,85,28.9,0,14658,0,0
8/29/2009 2:30,217,16.3,18.4,68.3,85,28.9,0,14698,0,0
8/29/2009 2:40,205,15,16.6,68.3,85,28.9,0,14698,0,0
8/29/2009 2:50,213,10.6,12.1,68.5,84,28.9,0,14698,0,0
8/29/2009 3:00,211,13.8,14.7,68.3,85,28.9,0,14728,0,0
8/29/2009 3:10,205,5,7.7,68.1,86,28.9,0,14728,0,0
8/29/2009 3:20,233,6.8,7.9,68.1,86,28.9,0,14728,0,0
8/29/2009 3:30,210,6.9,8.8,68.1,86,28.9,0,14848,0.04,0.04
8/29/2009 3:40,182,8.2,10.3,67.8,87,28.9,0.02,15428,0.15,0.15
8/29/2009 3:50,177,7.2,9.5,67.4,89,28.9,0.03,16008,0.03,0.03
8/29/2009 4:00,-Invalid-,-Invalid-,-Invalid-,-Invalid-,-Invalid-,-Invalid-,-Invalid-,-Invalid-,-Invalid-,-Invalid-
8/29/2009 4:10,245,45.3,47.6,66.7,91,28.9,0.03,16628,0,0
8/29/2009 4:20,189,44,46.9,66.5,92,28.9,0.03,16628,0,0
8/29/2009 4:30,112,36.1,36.9,66.5,93,28.9,0.04,16698,0,0
8/29/2009 4:40,328,40.9,42,66.3,92,28.9,0.04,16838,0.01,0.01
8/29/2009 4:50,100,35.3,36.2,66.5,92,28.9,0.04,16868,0,0
8/29/2009 5:00,101,32.5,34.8,66.5,92,28.9,0.04,16888,0.01,0.01
8/29/2009 5:10,139,39,42.1,66.5,92,28.9,0.05,17358,0,0
8/29/2009 5:20,196,39.4,47.2,66.5,92,28.9,0.05,17358,0,0
8/29/2009 5:30,161,38.5,45.2,66.5,91,28.9,0.05,17358,0,0
8/29/2009 5:40,236,10.9,24.3,66.5,93,28.9,0.05,17358,0,0
8/29/2009 5:50,259,7.2,8.2,66.9,92,28.9,0.05,17568,0,0
8/29/2009 6:00,299,14.3,16.3,66.7,91,28.9,0.06,17788,0,0
8/29/2009 6:10,299,18.2,20.6,66.7,89,28.9,0.06,17788,0,0
8/29/2009 6:20,300,19.5,21.4,66.5,89,28.9,0.06,17788,0,0
8/29/2009 6:30,272,22.4,28.9,66.3,90,28.9,0.06,17788,0,0
8/29/2009 6:40,280,19.4,20.4,66.3,88,28.9,0.06,17788,0,0
8/29/2009 6:50,276,16.8,20.7,66.3,89,28.9,0.06,17788,0,0
8/29/2009 7:00,240,10.6,12.8,66.5,87,28.9,0.06,17788,0,0
8/29/2009 7:10,283,12.4,13.9,66.7,87,28.9,0.06,17788,0,0
8/29/2009 7:20,287,18.9,21.8,66.9,86,28.9,0.06,17788,0,0
8/29/2009 7:30,284,17.6,21.4,66.9,85,28.9,0.06,17788,0,0
8/29/2009 7:40,282,13,14.8,66.7,86,28.9,0.06,17788,0,0
8/29/2009 7:50,292,20.4,22.4,66.7,85,28.9,0.06,17788,0,0
8/29/2009 8:00,277,19.1,19.7,66.7,84,28.9,0.06,17788,0,0
8/29/2009 8:10,298,17.3,18.7,66.3,86,28.9,0.06,17788,0,0
8/29/2009 8:20,284,17.5,19.7,66.3,85,28.9,0.06,17788,0,0
8/29/2009 8:30,279,17,23.2,66.2,86,28.9,0.06,17788,0,0
8/29/2009 8:40,293,8.5,10.9,66.9,85,28.9,0.06,17788,0,0
8/29/2009 8:50,288,15.8,18.9,66.7,86,28.9,0.06,17788,0,0
8/29/2009 9:00,292,12.8,14,67.2,85,28.9,0.06,17788,0,0
8/29/2009 9:10,265,25.7,29.9,67.4,82,28.9,0.06,17788,0,0
8/29/2009 9:20,277,12.2,20.1,68,81,28.9,0.06,17788,0,0
8/29/2009 9:30,315,10.2,11,68.5,79,28.9,0.06,17788,0,0
8/29/2009 9:40,284,14.1,14.8,68.5,76,28.9,0.06,17788,0,0
8/29/2009 9:50,280,17.8,21,68.5,73,28.9,0.06,17788,0,0
8/29/2009 10:00,244,19.5,24.6,68.9,75,28.9,0.06,17788,0,0
8/29/2009 10:10,254,31.5,35,69,70,28.9,0.06,17788,0,0
8/29/2009 10:20,258,30.3,35.1,69,70,28.9,0.06,17788,0,0
8/29/2009 10:30,281,14.4,21,68.7,74,28.9,0.06,17788,0,0
8/29/2009 10:40,266,19.2,26.1,68.1,74,28.9,0.06,17788,0,0
8/29/2009 10:50,259,27.3,28.9,68.3,73,28.9,0.06,17788,0,0
8/29/2009 11:00,281,13.4,20.8,68.9,72,28.9,0.06,17788,0,0
8/29/2009 11:10,281,13.3,15.9,68.9,68,28.9,0.06,17788,0,0
8/29/2009 11:20,287,12.5,16,68.1,72,28.9,0.06,17788,0,0
8/29/2009 11:30,279,17.7,22.3,68.5,71,28.9,0.06,17788,0,0
8/29/2009 11:40,243,20.9,24.2,69,70,28.9,0.06,17788,0,0
8/29/2009 11:50,281,14.6,17.7,68.9,72,28.9,0.06,17788,0,0
8/29/2009 12:00,205,9.9,12.6,68.9,71,28.9,0.06,17788,0,0
8/29/2009 12:10,278,14.1,18.1,69.2,69,28.9,0.06,17788,0,0
8/29/2009 12:20,263,27.8,31.6,68.9,71,28.9,0.06,17788,0,0
8/29/2009 12:30,259,35.7,38.7,69,68,28.9,0.06,17788,0,0
8/29/2009 12:40,250,28.5,30.4,69.2,69,28.9,0.06,17788,0,0
8/29/2009 12:50,256,25.3,26,69.4,69,28.9,0.06,17788,0,0
8/29/2009 13:00,287,13.4,19.6,68.9,72,28.9,0.06,17788,0,0
8/29/2009 13:10,265,10.5,12,69,71,28.9,0.06,17788,0,0
8/29/2009 13:20,253,26.1,30.5,69.6,70,28.9,0.06,17788,0,0
8/29/2009 13:30,255,27.2,30.4,69.8,67,28.9,0.06,17788,0,0
8/29/2009 13:40,264,29,31.5,69.8,69,28.9,0.06,17788,0,0
8/29/2009 13:50,259,25.5,27.2,69.8,71,28.9,0.06,17788,0,0
8/29/2009 14:00,266,29.2,32.4,69.8,69,28.9,0.06,17788,0,0
8/29/2009 14:10,272,19.8,25.8,69.4,70,28.9,0.06,17788,0,0
8/29/2009 14:20,229,24.5,27,70.3,68,28.9,0.06,17788,0,0
8/29/2009 14:30,274,22.2,26.6,70.3,67,28.9,0.06,17788,0,0
8/29/2009 14:40,257,31.2,34.3,70.3,67,28.9,0.06,17788,0,0
8/29/2009 14:50,259,31.8,35.2,70.3,64,28.9,0.06,17788,0,0
8/29/2009 15:00,261,33.5,36.3,70.3,63,28.9,0.06,17788,0,0
8/29/2009 15:10,-Invalid-,-Invalid-,-Invalid-,-Invalid-,-Invalid-,-Invalid-,-Invalid-,-Invalid-,-Invalid-,-Invalid-
8/29/2009 15:20,269,25.4,31.7,70.1,65,28.9,0.06,17788,0,0
8/29/2009 15:30,259,34.3,36.6,70.5,61,28.9,0.06,17788,0,0
8/29/2009 15:40,254,36.4,38.3,70.7,62,28.9,0.06,17788,0,0
8/29/2009 15:50,267,27.5,30.5,70.5,62,28.9,0.06,17788,0,0
8/29/2009 16:00,265,19.4,30,70.3,61,28.9,0.06,17788,0,0
8/29/2009 16:10,248,32.1,34.3,70.5,63,28.9,0.06,17788,0,0
8/29/2009 16:20,263,29.6,32.9,70.7,62,28.9,0.06,17788,0,0
8/29/2009 16:30,259,26.4,31.6,70.1,60,28.9,0.06,17788,0,0
8/29/2009 16:40,235,13.5,27.4,69.6,60,28.9,0.06,17788,0,0
8/29/2009 16:50,212,11.4,12.7,69,61,28.9,0.06,17788,0,0
8/29/2009 17:00,222,16.3,17.9,68.9,61,28.9,0.06,17788,0,0
8/29/2009 17:10,250,10.8,11.8,68.7,62,28.9,0.06,17788,0,0
8/29/2009 17:20,226,15.2,17.1,68.5,62,28.9,0.06,17788,0,0
8/29/2009 17:30,233,15.5,16.7,68.3,63,28.9,0.06,17788,0,0
8/29/2009 17:40,214,11.7,12.7,68,64,28.9,0.06,17788,0,0
8/29/2009 17:50,204,9.9,11.2,67.8,64,29,0.06,17788,0,0
8/29/2009 18:00,208,11.3,12.6,67.8,64,29,0.06,17788,0,0
8/29/2009 18:10,229,9.9,11.4,68,65,29,0.06,17788,0,0
8/29/2009 18:20,291,17.4,19.1,69,70,29,0.06,17788,0,0
8/29/2009 18:30,292,19.2,20.8,68.9,68,29,0.06,17788,0,0
8/29/2009 18:40,290,26.2,29.9,68.5,65,29,0.06,17788,0,0
8/29/2009 18:50,292,28.7,30,68.3,65,29,0.06,17788,0,0
8/29/2009 19:00,293,27.3,28.5,68.1,66,29,0.06,17788,0,0
8/29/2009 19:10,291,21.8,25.6,67.8,65,29,0.06,17788,0,0
8/29/2009 19:20,295,22.3,24.6,67.6,64,29,0.06,17788,0,0
8/29/2009 19:30,291,21.5,29.6,67.4,65,29,0.06,17788,0,0
8/29/2009 19:40,282,25.1,31.1,67.4,65,29,0.06,17788,0,0
8/29/2009 19:50,278,16.4,18.8,66.9,65,29,0.06,17788,0,0
8/29/2009 20:00,277,23.7,26.3,66.9,65,29,0.06,17788,0,0
8/29/2009 20:10,282,26.7,28.2,66.9,68,29,0.06,17788,0,0
8/29/2009 20:20,253,28.2,31.1,66.7,63,29,0.06,17788,0,0
8/29/2009 20:30,256,19.8,24.7,66.5,62,29,0.06,17788,0,0
8/29/2009 20:40,258,11.9,14.6,66.2,62,29,0.06,17788,0,0
8/29/2009 20:50,299,11.9,14.2,66.2,62,29,0.06,17788,0,0
8/29/2009 21:00,298,17.9,19.3,66.2,62,29,0,17788,0,0
8/29/2009 21:10,285,17,18,66,64,29,0,17788,0,0
8/29/2009 21:20,268,14.8,17,65.8,64,29,0,17788,0,0
8/29/2009 21:30,260,14,15.9,65.8,66,29,0,17788,0,0
8/29/2009 21:40,259,8.6,11.4,65.6,67,29,0,17788,0,0
8/29/2009 21:50,287,18,20.8,65.6,66,29,0,17788,0,0
8/29/2009 22:00,260,15.1,17.8,65.4,66,29,0,17788,0,0
8/29/2009 22:10,271,15.6,17.4,65.4,68,29,0,17788,0,0
8/29/2009 22:20,249,13.4,14.9,65.4,64,29,0,17788,0,0
8/29/2009 22:30,269,14.3,17,65.3,66,29,0,17788,0,0
8/29/2009 22:40,231,15.4,17.3,65.4,60,29,0,17788,0,0
8/29/2009 22:50,235,12.1,14.6,64.9,65,29,0,17788,0,0
8/29/2009 23:00,251,5.2,7.2,63.3,67,29,0,17788,0,0
8/29/2009 23:10,205,10.7,11.9,62.6,69,29,0,17788,0,0
8/29/2009 23:20,207,10.8,12,61.8,72,29,0,17788,0,0
8/29/2009 23:30,206,6.6,7.8,61.5,73,29,0,17788,0,0
8/29/2009 23:40,231,10.7,12.3,61.3,73,29,0,17788,0,0
8/29/2009 23:50,208,5.5,7.4,61.3,73,29,0,17788,0,0
8/30/2009 0:00,232,12,13.6,61.1,73,29,0,17788,0,0
8/30/2009 0:10,211,10,11.4,60.9,74,29,0,17788,0,0
8/30/2009 0:20,200,10.8,11.9,60.8,74,29,0,17788,0,0
8/30/2009 0:30,214,8.1,9.3,60.8,74,29,0,17788,0,0
8/30/2009 0:40,204,6.6,7.4,60.8,74,29,0,17788,0,0
8/30/2009 0:50,201,9.4,10.6,60.8,74,29,0,17788,0,0
8/30/2009 1:00,216,12.7,13.5,60.6,75,29,0,17788,0,0
8/30/2009 1:10,220,12.7,14.8,60.4,75,29,0,17788,0,0
8/30/2009 1:20,201,10.8,11.6,60.4,75,29,0,17788,0,0
8/30/2009 1:30,246,6.1,7.5,60.4,76,29,0,17788,0,0
8/30/2009 1:40,205,12.6,14.6,60.2,76,29,0,17788,0,0
8/30/2009 1:50,215,14,17.1,60,76,29,0,17788,0,0
8/30/2009 2:00,177,5.9,9.3,59.9,77,29,0,17788,0,0
8/30/2009 2:10,203,8,8.8,59.7,77,29,0,17788,0,0
8/30/2009 2:20,234,11.8,12.7,59.5,77,29,0,17788,0,0
8/30/2009 2:30,202,9.3,13.9,59.5,78,29,0,17788,0,0
8/30/2009 2:40,209,16.4,19.2,59.3,78,29,0,17788,0,0
8/30/2009 2:50,203,16.3,18.6,59.3,78,29,0,17788,0,0
8/30/2009 3:00,193,5.1,8.4,59.3,79,29,0,17788,0,0
8/30/2009 3:10,218,15.3,17.6,59.3,79,29,0,17788,0,0
8/30/2009 3:20,219,14.3,16.4,59.5,79,29,0,17788,0,0
8/30/2009 3:30,202,10.1,11.4,59.7,78,29,0,17788,0,0
8/30/2009 3:40,218,17,19.1,59.5,78,29,0,17788,0,0
8/30/2009 3:50,211,11.5,12.2,59.3,78,29,0,17798,0,0
8/30/2009 4:00,205,5.2,7.6,59.3,78,29,0,17798,0,0
8/30/2009 4:10,247,8.6,10.1,59.1,78,29,0,17798,0,0
8/30/2009 4:20,209,12.5,15.7,59.3,78,29,0,17818,0.01,0.01
8/30/2009 4:30,209,8.9,10.1,59.1,80,29,0,17868,0,0
8/30/2009 4:40,204,9.3,10.7,59,80,29,0,17868,0,0
8/30/2009 4:50,202,9.5,10.7,58.4,81,29,0,17968,0,0
8/30/2009 5:00,202,9.3,10,58.2,82,29.1,0,17988,0,0
8/30/2009 5:10,205,8.1,9.3,57.5,85,29.1,0,18108,0,0
8/30/2009 5:20,201,10.3,11.9,57.5,85,29.1,0,18108,0,0
8/30/2009 5:30,221,5,6,58.1,83,29.1,0,18108,0,0
8/30/2009 5:40,203,5.1,7.8,57.9,85,29.1,0,18108,0,0
8/30/2009 5:50,230,4.3,7.4,57.7,85,29.1,0,18108,0,0
8/30/2009 6:00,209,10.6,13.5,57.9,85,29.1,0,18108,0,0
8/30/2009 6:10,191,15.8,18,57.7,85,29.1,0,18108,0,0
8/30/2009 6:20,213,10.5,11.7,57.5,87,29.1,0.01,18318,0.14,0.14
8/30/2009 6:30,-Invalid-,-Invalid-,-Invalid-,-Invalid-,-Invalid-,-Invalid-,-Invalid-,-Invalid-,-Invalid-,-Invalid-
8/30/2009 6:40,288,36.1,38.9,57.5,88,29.1,0.03,18938,0,0
8/30/2009 6:50,252,48.7,51.3,57.2,90,29.1,0.03,18968,0.01,0.01
8/30/2009 7:00,259,50.4,51.8,57.2,90,29.1,0.03,18968,0,0
8/30/2009 7:10,259,37.1,42.1,57.2,92,29.1,0.07,19138,0,0
8/30/2009 7:20,223,46.5,47,58.2,92,29.1,0.11,19458,0,0
8/30/2009 7:30,312,25.1,36.6,59.9,88,29.1,0.11,19458,0,0
8/30/2009 7:40,338,13,18,60.4,86,29.1,0.11,19458,0,0
8/30/2009 7:50,323,12.7,14.8,60.4,84,29.1,0.11,19458,0,0
8/30/2009 8:00,294,16.1,17.5,60.4,85,29.1,0.11,19458,0,0
8/30/2009 8:10,305,18.9,20.9,60.2,83,29.1,0.11,19458,0,0
8/30/2009 8:20,292,23,26.6,59.9,85,29.1,0.11,19508,0.01,0.01
8/30/2009 8:30,304,26.8,29,59.5,85,29.1,0.11,19518,0,0
8/30/2009 8:40,306,19.9,22.3,59.5,85,29.1,0.11,19518,0,0
8/30/2009 8:50,286,18.6,21.8,59.5,82,29.1,0.11,19528,0,0
8/30/2009 9:00,302,21.9,27.6,59.7,82,29.1,0.11,19528,0,0
8/30/2009 9:10,296,22.2,24.7,59,82,29.1,0.11,19528,0,0
8/30/2009 9:20,276,20.3,21.8,60,79,29.1,0.11,19528,0,0
8/30/2009 9:30,278,19.9,23,60.4,77,29.1,0.11,19528,0,0
8/30/2009 9:40,263,20.2,21.7,60.8,69,29.1,0.11,19528,0,0
8/30/2009 9:50,289,19.1,21.4,60.8,70,29.1,0.11,19528,0,0
8/30/2009 10:00,280,22.6,25.7,60.9,70,29.1,0.11,19528,0,0
8/30/2009 10:10,295,20.9,21.9,60.9,70,29.1,0.11,19528,0,0
8/30/2009 10:20,281,15,19.7,60.9,70,29.1,0.11,19528,0,0
8/30/2009 10:30,280,21.2,23.4,60.8,73,29.1,0.11,19528,0,0
8/30/2009 10:40,279,27,28.6,61.1,69,29.1,0.11,19528,0,0
8/30/2009 10:50,281,21,27.8,61.1,70,29.2,0.11,19528,0,0
8/30/2009 11:00,279,24.1,25.3,61.5,69,29.2,0.11,19528,0,0
8/30/2009 11:10,279,17.2,18.5,61.8,69,29.2,0.11,19528,0,0
8/30/2009 11:20,297,15.3,16.8,61.3,72,29.2,0.11,19528,0,0
8/30/2009 11:30,284,23.1,23.6,61.3,68,29.2,0.11,19528,0,0
8/30/2009 11:40,315,15.6,21.6,61.1,79,29.2,0.11,19528,0,0
8/30/2009 11:50,301,20.7,22.3,59,83,29.2,0.14,19958,0.09,0.09
8/30/2009 12:00,315,16.7,18.5,58.6,80,29.2,0.14,20108,0,0
8/30/2009 12:10,299,22.2,24.8,60,73,29.2,0.14,20108,0,0
8/30/2009 12:20,294,19.7,21.5,60.6,74,29.2,0.14,20108,0,0
8/30/2009 12:30,293,13.2,14,60.2,76,29.2,0.14,20128,0,0
8/30/2009 12:40,294,23.3,27.7,60.6,75,29.2,0.14,20128,0,0
8/30/2009 12:50,289,27.5,28.3,60.9,73,29.2,0.14,20128,0,0
8/30/2009 13:00,305,27.6,32,61.7,67,29.2,0.14,20128,0,0
8/30/2009 13:10,296,25.2,25.7,61.7,73,29.2,0.14,20128,0,0
8/30/2009 13:20,296,17.8,19.9,61.3,74,29.2,0.14,20128,0,0
8/30/2009 13:30,302,30.2,32.1,60.9,70,29.2,0.14,20128,0,0
8/30/2009 13:40,304,21,22.5,60.6,69,29.2,0.14,20128,0,0
8/30/2009 13:50,302,21.7,22.9,60.9,71,29.2,0.14,20128,0,0
8/30/2009 14:00,292,26.9,28.3,60.9,71,29.2,0.14,20208,0,0
8/30/2009 14:10,312,23.2,25.9,61.1,73,29.2,0.14,20208,0,0
8/30/2009 14:20,304,25.7,29.2,61.5,66,29.2,0.14,20208,0,0
8/30/2009 14:30,303,27.9,30.4,61.7,65,29.2,0.14,20208,0,0
8/30/2009 14:40,301,16.5,22.2,61.8,72,29.2,0.14,20208,0,0
8/30/2009 14:50,297,23.6,26,61.7,69,29.2,0.14,20208,0,0
8/30/2009 15:00,305,15.3,16.8,62,67,29.2,0.14,20208,0,0
8/30/2009 15:10,303,19.6,21.6,62,67,29.2,0.14,20208,0,0
8/30/2009 15:20,307,19.1,20.8,61.8,68,29.2,0.14,20208,0,0
8/30/2009 15:30,315,15.5,16.1,61.8,68,29.2,0.14,20208,0,0
8/30/2009 15:40,322,11,14.8,61.8,69,29.2,0.14,20208,0,0
8/30/2009 15:50,310,11.7,14.9,62,68,29.2,0.14,20208,0,0
8/30/2009 16:00,343,9.9,11.9,62,70,29.2,0.14,20208,0,0
8/30/2009 16:10,293,15.9,16.9,62,70,29.2,0.14,20208,0,0
8/30/2009 16:20,327,21.1,24.1,62.4,65,29.2,0.14,20208,0,0
8/30/2009 16:30,331,11.6,13.6,62.4,68,29.2,0.14,20208,0,0
8/30/2009 16:40,325,20.4,22.5,62.4,69,29.2,0.14,20208,0,0
8/30/2009 16:50,313,14.2,16.1,62.4,70,29.2,0.14,20208,0,0
8/30/2009 17:00,319,11.9,13.1,62.6,65,29.2,0.14,20208,0,0
8/30/2009 17:10,333,16.9,19.2,62.4,64,29.2,0.14,20208,0,0
8/30/2009 17:20,345,9.7,12.2,62.6,64,29.3,0.14,20208,0,0
8/30/2009 17:30,333,10,13.9,62.4,66,29.3,0.14,20208,0,0
8/30/2009 17:40,330,15.3,16.6,62.6,66,29.3,0.14,20208,0,0
8/30/2009 17:50,339,15.8,19.4,62.4,64,29.3,0.14,20208,0,0
8/30/2009 18:00,331,11.6,16.1,62.2,65,29.3,0.14,20208,0,0
8/30/2009 18:10,336,22.1,22.9,62.2,64,29.3,0.14,20208,0,0
8/30/2009 18:20,332,18.4,22.8,62,64,29.3,0.14,20208,0,0
8/30/2009 18:30,330,15.5,18,61.8,62,29.3,0.14,20208,0,0
8/30/2009 18:40,358,12.8,14.7,61.7,61,29.3,0.14,20208,0,0
8/30/2009 18:50,319,8.3,11.6,61.7,62,29.3,0.14,20208,0,0
8/30/2009 19:00,339,6.3,8,61.7,62,29.3,0.14,20208,0,0
8/30/2009 19:10,347,11.8,13.5,61.5,62,29.3,0.14,20208,0,0
8/30/2009 19:20,337,9.9,11.3,61.3,63,29.3,0.14,20208,0,0
8/30/2009 19:30,6,13.8,15.7,61.5,61,29.3,0.14,20208,0,0
8/30/2009 19:40,356,12.2,15.3,61.5,60,29.3,0.14,20208,0,0
8/30/2009 19:50,341,10.2,12.2,61.5,58,29.3,0.14,20208,0,0
8/30/2009 20:00,5,7.2,9.5,61.5,59,29.3,0.14,20208,0,0
8/30/2009 20:10,1,12.7,13.7,61.1,61,29.3,0.14,20208,0,0
8/30/2009 20:20,347,10,11.7,61.3,63,29.3,0.14,20208,0,0
8/30/2009 20:30,346,12.2,14.6,61.3,63,29.3,0.14,20208,0,0
8/30/2009 20:40,347,17.4,19.7,61.5,61,29.3,0.14,20208,0,0
8/30/2009 20:50,42,5.8,8.4,61.5,62,29.3,0.14,20208,0,0
8/30/2009 21:00,7,7.9,8.8,61.1,65,29.3,0,20208,0,0
8/30/2009 21:10,349,11.5,16.3,60.9,63,29.3,0,20208,0,0
8/30/2009 21:20,346,14.1,15.6,60.8,66,29.3,0,20208,0,0
8/30/2009 21:30,341,12.1,13.9,60.8,66,29.3,0,20208,0,0
8/30/2009 21:40,333,6.6,7.9,60.6,67,29.3,0,20208,0,0
8/30/2009 21:50,346,10.8,12.4,60.4,62,29.3,0,20208,0,0
8/30/2009 22:00,322,11,12.7,60.4,65,29.3,0,20208,0,0
8/30/2009 22:10,339,7.9,8.5,60.4,65,29.3,0,20208,0,0
8/30/2009 22:20,349,5,7.8,60.4,63,29.3,0,20208,0,0
8/30/2009 22:30,44,6.8,7.3,60.4,64,29.3,0,20208,0,0
8/30/2009 22:40,19,8.2,8.9,60.4,65,29.3,0,20208,0,0
8/30/2009 22:50,344,8.3,11,60,66,29.3,0,20208,0,0
8/30/2009 23:00,1,7.9,8.9,60,66,29.3,0,20208,0,0
8/30/2009 23:10,358,6.3,7.4,59.9,64,29.3,0,20208,0,0
8/30/2009 23:20,2,7.1,7.7,59.7,65,29.3,0,20208,0,0
8/30/2009 23:30,9,8,9.1,59.9,64,29.3,0,20208,0,0
8/30/2009 23:40,347,8.8,10.8,60,63,29.3,0,20208,0,0
8/30/2009 23:50,22,6.5,7.1,60.2,67,29.3,0,20208,0,0
8/31/2009 0:00,343,5.5,7.1,60,66,29.3,0,20208,0,0
8/31/2009 0:10,29,7.4,8.2,59.9,68,29.3,0,20208,0,0
8/31/2009 0:20,17,5.6,6.3,59.7,68,29.3,0,20208,0,0
8/31/2009 0:30,339,5.8,6.2,59.7,67,29.3,0,20208,0,0
8/31/2009 0:40,25,10.2,10.7,59.3,66,29.3,0,20208,0,0
8/31/2009 0:50,323,3.1,4.5,59.3,67,29.3,0,20208,0,0
8/31/2009 1:00,359,4.5,4.9,59.5,67,29.3,0,20208,0,0
8/31/2009 1:10,35,3.2,4.2,59.3,66,29.3,0,20208,0,0
8/31/2009 1:20,26,5.6,7.6,59.3,67,29.3,0,20208,0,0
8/31/2009 1:30,55,5.3,5.7,59.5,68,29.3,0,20208,0,0
8/31/2009 1:40,44,7.5,9,59.5,68,29.3,0,20208,0,0
8/31/2009 1:50,356,5.5,6.7,59.3,68,29.3,0,20208,0,0
8/31/2009 2:00,16,3.6,4.2,59.3,67,29.3,0,20208,0,0
8/31/2009 2:10,330,5.5,6.4,59.1,66,29.3,0,20208,0,0
8/31/2009 2:20,157,2.6,3.2,57.9,70,29.4,0,20208,0,0
8/31/2009 2:30,136,5.1,5.8,56.4,73,29.4,0,20208,0,0
8/31/2009 2:40,148,4.2,5,55.7,76,29.4,0,20208,0,0
8/31/2009 2:50,143,2.4,3,54.8,79,29.4,0,20208,0,0
8/31/2009 3:00,147,5.9,6.5,55,77,29.4,0,20208,0,0
8/31/2009 3:10,148,5.5,6.3,54.5,79,29.4,0,20208,0,0
8/31/2009 3:20,139,5.8,6.5,54.3,80,29.4,0,20208,0,0
8/31/2009 3:30,153,6.5,7.1,54.1,80,29.4,0,20208,0,0
8/31/2009 3:40,157,6.6,7,54.1,80,29.4,0,20208,0,0
8/31/2009 3:50,160,3.7,4.7,54.3,80,29.4,0,20208,0,0
8/31/2009 4:00,160,6.1,7.1,54.1,80,29.4,0,20208,0,0
8/31/2009 4:10,140,5.9,6.7,54.3,80,29.4,0,20208,0,0
8/31/2009 4:20,143,5.3,6.4,54.8,78,29.4,0,20208,0,0
8/31/2009 4:30,140,7.3,8.2,55.4,78,29.4,0,20208,0,0
8/31/2009 4:40,130,4.9,5.5,56.3,76,29.4,0,20208,0,0
8/31/2009 4:50,162,2.5,2.9,57.3,74,29.4,0,20208,0,0
8/31/2009 5:00,121,5.3,5.8,58.2,71,29.4,0,20208,0,0
8/31/2009 5:10,129,6.2,6.7,59.5,68,29.4,0,20208,0,0
8/31/2009 5:20,156,5.1,6.3,59.9,66,29.4,0,20208,0,0
8/31/2009 5:30,144,4,5.1,60.2,67,29.4,0,20208,0,0
8/31/2009 5:40,129,4.1,4.4,59.9,68,29.4,0,20208,0,0
8/31/2009 5:50,119,4.6,5,59.9,65,29.4,0,20208,0,0
8/31/2009 6:00,145,4.4,4.9,60.2,66,29.4,0,20208,0,0
8/31/2009 6:10,133,2.5,3.5,60.9,62,29.4,0,20208,0,0
8/31/2009 6:20,127,5.3,5.8,63.3,57,29.4,0,20208,0,0
8/31/2009 6:30,124,7.6,9.2,63.5,56,29.4,0,20208,0,0
8/31/2009 6:40,109,8.4,10.6,62.2,60,29.4,0,20208,0,0
8/31/2009 6:50,37,3.3,4.1,61.8,58,29.4,0,20208,0,0
8/31/2009 7:00,0,6.1,7.5,62,60,29.4,0,20208,0,0
8/31/2009 7:10,13,4,4.9,61.8,59,29.4,0,20208,0,0
8/31/2009 7:20,19,5,5.6,61.1,61,29.4,0,20208,0,0
8/31/2009 7:30,4,4,4.4,61.3,61,29.4,0,20208,0,0
8/31/2009 7:40,344,5.5,6.3,62,62,29.4,0,20208,0,0
8/31/2009 7:50,349,5.6,6.9,61.7,64,29.4,0,20208,0,0
8/31/2009 8:00,98,2.8,3.8,61.8,63,29.4,0,20208,0,0
8/31/2009 8:10,123,13.2,14.9,63.1,60,29.4,0,20208,0,0
8/31/2009 8:20,349,8.8,10.7,62.9,59,29.4,0,20208,0,0
8/31/2009 8:30,115,7.1,11.7,63.3,53,29.4,0,20208,0,0
8/31/2009 8:40,68,7.3,8.2,63.8,53,29.4,0,20208,0,0
8/31/2009 8:50,135,6.4,9.5,64.5,51,29.4,0,20208,0,0
8/31/2009 9:00,58,5.6,7.1,64.5,48,29.4,0,20208,0,0
8/31/2009 9:10,81,6.3,7.6,64.4,48,29.4,0,20208,0,0
8/31/2009 9:20,303,4.5,5.2,64,50,29.4,0,20208,0,0
8/31/2009 9:30,316,4.2,4.6,63.8,48,29.4,0,20208,0,0
8/31/2009 9:40,49,7.2,8.6,64.4,48,29.4,0,20208,0,0
8/31/2009 9:50,337,7.4,9.2,64.4,48,29.4,0,20208,0,0
8/31/2009 10:00,55,6.3,7.8,64,51,29.4,0,20208,0,0
8/31/2009 10:10,50,6.4,7.5,64.4,50,29.4,0,20208,0,0
8/31/2009 10:20,19,6.2,8,64.7,51,29.4,0,20208,0,0
8/31/2009 10:30,12,7,9.9,64.4,50,29.4,0,20208,0,0
8/31/2009 10:40,309,2.7,3.9,64.5,54,29.4,0,20208,0,0
8/31/2009 10:50,355,5.6,6.7,64.4,53,29.4,0,20208,0,0
8/31/2009 11:00,326,5.9,7.4,64.4,53,29.4,0,20208,0,0
8/31/2009 11:10,54,7.9,9,64.4,50,29.4,0,20208,0,0
8/31/2009 11:20,41,8.1,8.5,64.7,52,29.4,0,20208,0,0
8/31/2009 11:30,41,8,9,64.4,52,29.4,0,20208,0,0
8/31/2009 11:40,8,10.4,11.8,64.4,51,29.4,0,20208,0,0
8/31/2009 11:50,137,4.3,8,64.5,52,29.4,0,20208,0,0
8/31/2009 12:00,349,10.2,11,64.7,51,29.4,0,20208,0,0
8/31/2009 12:10,22,8.5,10.8,64.4,48,29.4,0,20208,0,0
8/31/2009 12:20,318,5.3,5.9,64.4,50,29.4,0,20208,0,0
8/31/2009 12:30,351,9.8,10.8,64.2,50,29.4,0,20208,0,0
8/31/2009 12:40,340,11,13.3,64.9,49,29.4,0,20208,0,0
8/31/2009 12:50,8,6.7,9.1,64.7,49,29.4,0,20208,0,0
8/31/2009 13:00,343,10.8,11.6,64.7,48,29.4,0,20208,0,0
8/31/2009 13:10,298,4.7,9.6,64.7,46,29.4,0,20208,0,0
8/31/2009 13:20,326,8,8.9,64.7,46,29.4,0,20208,0,0
8/31/2009 13:30,352,7.4,8.5,64.4,46,29.4,0,20208,0,0
8/31/2009 13:40,290,5.1,6.5,65.1,45,29.4,0,20208,0,0
8/31/2009 13:50,94,3.4,4.4,64.9,48,29.4,0,20208,0,0
8/31/2009 14:00,327,5.4,8.8,64.5,46,29.4,0,20208,0,0
8/31/2009 14:10,339,3.8,7.2,65.3,46,29.4,0,20208,0,0
8/31/2009 14:20,320,6.8,7.5,64.9,43,29.4,0,20208,0,0
8/31/2009 14:30,338,10.8,12.3,64.5,44,29.4,0,20208,0,0
8/31/2009 14:40,344,8.6,10.6,64.7,45,29.4,0,20208,0,0
8/31/2009 14:50,324,6.3,7.4,64.4,46,29.4,0,20208,0,0
8/31/2009 15:00,348,8.6,9.5,64.2,46,29.4,0,20208,0,0
8/31/2009 15:10,334,6,7.6,64,48,29.4,0,20208,0,0
8/31/2009 15:20,301,2.9,3.8,64.7,47,29.4,0,20208,0,0
8/31/2009 15:30,357,5.8,6.5,64,51,29.4,0,20208,0,0
8/31/2009 15:40,358,6.8,7.4,63.6,49,29.4,0,20208,0,0
8/31/2009 15:50,344,6.3,6.8,63.5,48,29.4,0,20208,0,0
8/31/2009 16:00,334,7,7.8,64.4,49,29.4,0,20208,0,0
8/31/2009 16:10,358,6.5,7.2,63.8,50,29.4,0,20208,0,0
8/31/2009 16:20,6,4,4.8,63.3,51,29.4,0,20208,0,0
8/31/2009 16:30,23,4.4,5.6,63.1,49,29.4,0,20208,0,0
8/31/2009 16:40,20,2.7,3.2,62.9,50,29.4,0,20208,0,0
8/31/2009 16:50,72,1,1.4,62.6,50,29.4,0,20208,0,0
8/31/2009 17:00,219,1.4,2.4,61.7,53,29.4,0,20208,0,0
8/31/2009 17:10,354,1.3,1.6,61.1,54,29.4,0,20208,0,0
8/31/2009 17:20,353,2.7,3.9,61.5,53,29.4,0,20208,0,0
8/31/2009 17:30,29,2.4,2.7,62.2,52,29.4,0,20208,0,0
8/31/2009 17:40,58,2.9,3.4,62.6,51,29.4,0,20208,0,0
8/31/2009 17:50,102,3.1,3.4,62.2,51,29.4,0,20208,0,0
8/31/2009 18:00,90,3.1,3.4,62.4,51,29.4,0,20208,0,0
8/31/2009 18:10,100,2.5,2.8,62.2,52,29.4,0,20208,0,0
8/31/2009 18:20,115,3.2,3.5,60.9,57,29.4,0,20208,0,0
8/31/2009 18:30,128,4.2,4.5,60.9,60,29.4,0,20208,0,0
8/31/2009 18:40,132,4.7,5.1,59,67,29.4,0,20208,0,0
8/31/2009 18:50,130,4.2,4.8,57.9,69,29.4,0,20208,0,0
8/31/2009 19:00,136,4.5,4.8,57.5,71,29.4,0,20208,0,0
8/31/2009 19:10,135,5.1,5.7,57.3,71,29.4,0,20208,0,0
8/31/2009 19:20,141,5.1,5.6,57.2,71,29.4,0,20208,0,0
8/31/2009 19:30,139,5.5,6.3,56.8,72,29.4,0,20208,0,0
8/31/2009 19:40,150,4.8,5.1,56.4,72,29.4,0,20208,0,0
8/31/2009 19:50,138,6.6,7.6,56.3,73,29.4,0,20208,0,0
8/31/2009 20:00,146,5,5.7,56.1,73,29.4,0,20208,0,0
8/31/2009 20:10,152,5.4,6,56.1,72,29.4,0,20208,0,0
8/31/2009 20:20,146,6.2,7,55.5,73,29.5,0,20208,0,0
8/31/2009 20:30,143,4.3,4.8,55.5,74,29.5,0,20208,0,0
8/31/2009 20:40,145,4.9,5.2,55.4,73,29.5,0,20208,0,0
8/31/2009 20:50,147,5.5,5.8,55.5,72,29.5,0,20208,0,0
8/31/2009 21:00,143,5.5,6.1,55.4,73,29.5,0,20208,0,0
8/31/2009 21:10,146,5.1,5.4,55.7,71,29.5,0,20208,0,0
8/31/2009 21:20,136,5.1,5.7,55.7,71,29.5,0,20208,0,0
8/31/2009 21:30,137,4.4,4.8,54.8,73,29.5,0,20208,0,0
8/31/2009 21:40,150,5.1,5.8,54.8,74,29.5,0,20208,0,0
8/31/2009 21:50,150,3.6,4.3,54.6,75,29.5,0,20208,0,0
8/31/2009 22:00,152,4.6,5.3,54.5,75,29.5,0,20208,0,0
8/31/2009 22:10,154,4.8,5.4,54.8,74,29.5,0,20208,0,0
8/31/2009 22:20,153,5.8,6,54.8,74,29.5,0,20208,0,0
8/31/2009 22:30,146,5.3,5.9,54.8,73,29.5,0,20208,0,0
8/31/2009 22:40,149,5.8,6.3,56.4,68,29.5,0,20208,0,0
8/31/2009 22:50,145,4.5,5.4,56.1,69,29.5,0,20208,0,0
8/31/2009 23:00,150,5.2,5.8,55.5,71,29.4,0,20208,0,0
8/31/2009 23:10,147,5.1,5.5,54.6,73,29.4,0,20208,0,0
8/31/2009 23:20,153,6.2,6.7,53.6,77,29.4,0,20208,0,0
8/31/2009 23:30,147,5.2,5.6,53.6,77,29.4,0,20208,0,0
8/31/2009 23:40,148,5.7,6,53.7,77,29.4,0,20208,0,0
8/31/2009 23:50,143,4.4,4.9,53.9,76,29.4,0,20208,0,0
9/1/2009 0:00,148,5.8,6.4,53.6,77,29.4,0,20208,0,0
9/1/2009 0:10,151,5.6,6,53,79,29.5,0,20208,0,0
9/1/2009 0:20,159,5.7,6.1,52.7,79,29.4,0,20208,0,0
9/1/2009 0:30,149,5.1,6,52.7,80,29.5,0,20208,0,0
9/1/2009 0:40,156,6.2,6.6,52.1,81,29.4,0,20208,0,0
9/1/2009 0:50,157,5.3,5.9,52.1,82,29.5,0,20208,0,0
9/1/2009 1:00,150,5.8,6.1,52.8,80,29.5,0,20208,0,0
9/1/2009 1:10,149,6.1,7.2,52.7,79,29.5,0,20208,0,0
9/1/2009 1:20,156,6.6,7.5,52.1,81,29.5,0,20208,0,0
9/1/2009 1:30,156,5.8,6.5,51.6,83,29.5,0,20208,0,0
9/1/2009 1:40,142,6.1,6.6,51.6,83,29.5,0,20208,0,0
9/1/2009 1:50,149,4.9,5.6,52.1,82,29.5,0,20208,0,0
9/1/2009 2:00,155,6.4,6.8,52.3,81,29.5,0,20208,0,0
9/1/2009 2:10,150,5.6,6.3,52.1,82,29.5,0,20208,0,0
9/1/2009 2:20,151,6.6,7.4,51.9,82,29.5,0,20208,0,0
9/1/2009 2:30,149,5.5,5.7,51.9,82,29.5,0,20208,0,0
9/1/2009 2:40,155,6.6,7,52.1,82,29.5,0,20208,0,0
9/1/2009 2:50,154,5.6,6.2,51.8,83,29.5,0,20208,0,0
9/1/2009 3:00,161,6.2,6.9,51.6,83,29.5,0,20208,0,0
9/1/2009 3:10,149,3.7,4.6,51.6,83,29.5,0,20208,0,0
9/1/2009 3:20,147,4.9,5.9,51.6,84,29.5,0,20208,0,0
9/1/2009 3:30,153,6.4,7.1,51.8,84,29.5,0,20208,0,0
9/1/2009 3:40,145,5.7,6.4,51.4,85,29.5,0,20208,0,0
9/1/2009 3:50,142,4.2,5.1,51.2,85,29.5,0,20208,0,0
9/1/2009 4:00,156,6.3,7,51.2,85,29.5,0,20208,0,0
9/1/2009 4:10,132,4.6,5.9,51.6,84,29.5,0,20208,0,0
9/1/2009 4:20,155,6.1,6.8,52.3,83,29.5,0,20208,0,0
9/1/2009 4:30,171,5,6.3,53,82,29.5,0,20208,0,0
9/1/2009 4:40,148,5.4,5.9,53.9,80,29.5,0,20208,0,0
9/1/2009 4:50,166,5,6.1,54.5,78,29.5,0,20208,0,0
9/1/2009 5:00,153,4.2,4.6,55.7,76,29.5,0,20208,0,0
9/1/2009 5:10,180,3.9,4.8,56.4,76,29.5,0,20208,0,0
9/1/2009 5:20,164,4.1,4.4,56.6,76,29.5,0,20208,0,0
9/1/2009 5:30,97,1.9,3.7,56.8,75,29.5,0,20208,0,0
9/1/2009 5:40,209,1.9,2.5,57.9,73,29.5,0,20208,0,0
9/1/2009 5:50,140,2.1,2.7,59.9,69,29.5,0,20208,0,0
9/1/2009 6:00,135,3.4,4.4,61.8,66,29.5,0,20208,0,0
9/1/2009 6:10,110,3.7,4.6,63.1,64,29.5,0,20208,0,0
9/1/2009 6:20,119,3.6,7.1,64.7,60,29.5,0,20208,0,0
9/1/2009 6:30,288,3.1,3.4,65.3,57,29.5,0,20208,0,0
9/1/2009 6:40,101,4.9,5.7,64.7,59,29.5,0,20208,0,0
9/1/2009 6:50,306,2.4,3,64.5,58,29.5,0,20208,0,0
9/1/2009 7:00,312,3,3.6,64.5,59,29.5,0,20208,0,0
9/1/2009 7:10,290,4.2,4.8,64.4,61,29.5,0,20208,0,0
9/1/2009 7:20,16,2.4,4.1,64.7,59,29.5,0,20208,0,0
9/1/2009 7:30,310,3.4,3.7,64.9,58,29.5,0,20208,0,0
9/1/2009 7:40,291,3.6,3.8,65.1,57,29.5,0,20208,0,0
9/1/2009 7:50,310,2.8,3.1,65.1,57,29.5,0,20208,0,0
9/1/2009 8:00,310,3.2,3.7,65.1,60,29.5,0,20208,0,0
9/1/2009 8:10,300,6.2,6.7,64.9,58,29.5,0,20208,0,0
9/1/2009 8:20,341,5.9,7.1,65.3,56,29.5,0,20208,0,0
9/1/2009 8:30,320,8,8.4,65.1,55,29.5,0,20208,0,0
9/1/2009 8:40,323,4.1,8.3,65.1,57,29.5,0,20208,0,0
9/1/2009 8:50,313,7.9,8.9,65.3,56,29.5,0,20208,0,0
9/1/2009 9:00,302,7.4,8.4,64.7,56,29.5,0,20208,0,0
9/1/2009 9:10,323,9.6,10.4,65.1,56,29.5,0,20208,0,0
9/1/2009 9:20,317,5.6,6.1,65.1,56,29.5,0,20208,0,0
9/1/2009 9:30,312,8.2,9.2,65.1,55,29.5,0,20208,0,0
9/1/2009 9:40,16,5,6.6,65.1,56,29.5,0,20208,0,0
9/1/2009 9:50,300,6.1,6.9,65.4,56,29.5,0,20208,0,0
9/1/2009 10:00,315,7.2,7.5,65.1,54,29.5,0,20208,0,0
9/1/2009 10:10,66,5.5,6.8,64.7,57,29.5,0,20208,0,0
9/1/2009 10:20,72,7,8.5,65.4,57,29.5,0,20208,0,0
9/1/2009 10:30,299,5.7,7.1,65.6,56,29.5,0,20208,0,0
9/1/2009 10:40,302,6.8,7.8,65.1,58,29.5,0,20208,0,0
9/1/2009 10:50,309,5,5.9,65.1,58,29.5,0,20208,0,0
9/1/2009 11:00,308,6.8,7.5,65.1,59,29.5,0,20208,0,0
9/1/2009 11:10,338,6.5,7.8,65.3,58,29.5,0,20208,0,0
9/1/2009 11:20,319,7.2,8.1,65.4,56,29.5,0,20208,0,0
9/1/2009 11:30,96,6,8.3,65.4,57,29.5,0,20208,0,0
9/1/2009 11:40,37,3.8,4.9,65.8,55,29.5,0,20208,0,0
9/1/2009 11:50,311,7.2,7.5,65.6,53,29.5,0,20208,0,0
9/1/2009 12:00,16,3.8,5,65.6,57,29.5,0,20208,0,0
9/1/2009 12:10,322,6.8,9,65.1,54,29.5,0,20208,0,0
9/1/2009 12:20,318,8.8,9.1,65.1,53,29.5,0,20208,0,0
9/1/2009 12:30,2,3.8,4.9,65.3,55,29.5,0,20208,0,0
9/1/2009 12:40,353,9.8,12.3,65.1,54,29.5,0,20208,0,0
9/1/2009 12:50,339,10.4,12.4,65.8,52,29.5,0,20208,0,0
9/1/2009 13:00,6,8.2,10.4,65.6,54,29.5,0,20208,0,0
9/1/2009 13:10,304,3.8,4.6,65.4,54,29.5,0,20208,0,0
9/1/2009 13:20,21,5.2,10.1,65.8,56,29.5,0,20208,0,0
9/1/2009 13:30,0,10.5,11.3,65.6,53,29.5,0,20208,0,0
9/1/2009 13:40,338,6.9,12.3,65.8,56,29.5,0,20208,0,0
9/1/2009 13:50,341,9.6,12.1,65.8,53,29.5,0,20208,0,0
9/1/2009 14:00,318,4.2,5.2,65.8,55,29.5,0,20208,0,0
9/1/2009 14:10,338,8.6,10.5,65.6,55,29.5,0,20208,0,0
9/1/2009 14:20,1,8.8,9.8,65.4,56,29.5,0,20208,0,0
9/1/2009 14:30,39,5.8,7.6,65.4,57,29.5,0,20208,0,0
9/1/2009 14:40,337,10,10.9,65.1,53,29.5,0,20208,0,0
9/1/2009 14:50,1,8.6,9.4,65.1,57,29.5,0,20208,0,0
9/1/2009 15:00,0,7.6,8.3,65.1,57,29.5,0,20208,0,0
9/1/2009 15:10,337,6.9,9,65.1,57,29.5,0,20208,0,0
9/1/2009 15:20,341,8.7,9.6,65.1,57,29.5,0,20208,0,0
9/1/2009 15:30,345,5.9,6.6,64.9,59,29.5,0,20208,0,0
9/1/2009 15:40,18,4.4,5.5,64.7,58,29.5,0,20208,0,0
9/1/2009 15:50,11,4.1,5,64.4,59,29.5,0,20208,0,0
9/1/2009 16:00,18,3.8,5.4,64.4,60,29.5,0,20208,0,0
9/1/2009 16:10,49,3.7,4.2,64,58,29.5,0,20208,0,0
9/1/2009 16:20,52,3.8,4.6,64,58,29.5,0,20208,0,0
9/1/2009 16:30,66,2.9,3.9,63.6,59,29.5,0,20208,0,0
9/1/2009 16:40,61,4.1,4.7,63.6,58,29.5,0,20208,0,0
9/1/2009 16:50,76,5.3,5.6,63.6,58,29.5,0,20208,0,0
9/1/2009 17:00,81,4.5,5,63.5,59,29.5,0,20208,0,0
9/1/2009 17:10,74,4.5,5,63.5,58,29.5,0,20208,0,0
9/1/2009 17:20,106,6.1,6.3,63.5,58,29.5,0,20208,0,0
9/1/2009 17:30,104,5.8,6.1,63.1,59,29.5,0,20208,0,0
9/1/2009 17:40,126,4.7,5.1,62.9,60,29.5,0,20208,0,0
9/1/2009 17:50,126,5.1,5.7,62.7,61,29.5,0,20208,0,0
9/1/2009 18:00,117,6.3,6.7,62.2,63,29.5,0,20208,0,0
9/1/2009 18:10,117,7,7.5,61.5,65,29.5,0,20208,0,0
9/1/2009 18:20,123,5.8,6.4,61.1,66,29.5,0,20208,0,0
9/1/2009 18:30,116,8.3,8.7,60.9,67,29.5,0,20208,0,0
9/1/2009 18:40,118,8.3,8.9,60.6,68,29.5,0,20208,0,0
9/1/2009 18:50,119,7.8,8.7,60.4,68,29.5,0,20208,0,0
9/1/2009 19:00,112,6.5,7.9,60.4,69,29.5,0,20208,0,0
9/1/2009 19:10,114,7.4,8,60.2,70,29.5,0,20208,0,0
9/1/2009 19:20,123,7.9,8.5,60.2,71,29.5,0,20208,0,0
9/1/2009 19:30,113,6.5,6.9,60,72,29.5,0,20208,0,0
9/1/2009 19:40,127,7.4,8,59.7,74,29.5,0,20208,0,0
9/1/2009 19:50,127,6.2,6.9,59.3,75,29.5,0,20208,0,0
9/1/2009 20:00,129,6.8,7.4,59.1,76,29.5,0,20208,0,0
9/1/2009 20:10,128,8,8.4,59.1,76,29.5,0,20208,0,0
9/1/2009 20:20,130,8.1,8.4,59,77,29.5,0,20208,0,0
9/1/2009 20:30,140,7.1,8.2,59.1,76,29.5,0,20208,0,0
9/1/2009 20:40,126,6.9,7.4,59.1,76,29.5,0,20208,0,0
9/1/2009 20:50,127,8.7,9.5,59,75,29.5,0,20208,0,0
9/1/2009 21:00,143,7.3,8.4,59.1,75,29.5,0,20208,0,0
9/1/2009 21:10,130,6.9,7.8,59,75,29.5,0,20208,0,0
9/1/2009 21:20,140,7.4,7.9,59.1,74,29.5,0,20208,0,0
9/1/2009 21:30,137,9.2,10.2,59.1,74,29.5,0,20208,0,0
9/1/2009 21:40,120,6.1,8.4,59.3,73,29.5,0,20208,0,0
9/1/2009 21:50,133,8,8.8,59.3,73,29.5,0,20208,0,0
9/1/2009 22:00,116,5.9,6.6,59.1,73,29.5,0,20208,0,0
9/1/2009 22:10,137,9.4,10.3,59.3,71,29.5,0,20208,0,0
9/1/2009 22:20,121,5.7,6.4,59.5,71,29.5,0,20208,0,0
9/1/2009 22:30,125,6.8,7.7,59.3,71,29.5,0,20208,0,0
9/1/2009 22:40,130,8.5,9.2,59.5,70,29.5,0,20208,0,0
9/1/2009 22:50,144,6.2,7.3,59.7,69,29.5,0,20208,0,0
9/1/2009 23:00,131,8.8,9.7,59.5,70,29.5,0,20208,0,0
9/1/2009 23:10,131,8.3,9.3,59.1,71,29.5,0,20208,0,0
9/1/2009 23:20,121,5.6,6.1,59.1,70,29.5,0,20208,0,0
9/1/2009 23:30,93,5.4,6.2,58.8,71,29.5,0,20208,0,0
9/1/2009 23:40,108,6.7,7,58.6,71,29.5,0,20208,0,0
9/1/2009 23:50,100,4.6,4.9,58.2,72,29.5,0,20208,0,0
9/2/2009 0:00,113,2.9,3.3,58.2,72,29.5,0,20208,0,0
9/2/2009 0:10,118,4,4.3,58.4,72,29.5,0,20208,0,0
9/2/2009 0:20,94,2.6,3,58.4,71,29.5,0,20208,0,0
9/2/2009 0:30,70,2.6,3.1,58.4,72,29.5,0,20208,0,0
9/2/2009 0:40,63,5.5,6.4,57.7,74,29.5,0,20208,0,0
9/2/2009 0:50,87,5.4,6.2,56.8,76,29.5,0,20208,0,0
9/2/2009 1:00,80,5.8,7.1,56.4,78,29.5,0,20208,0,0
9/2/2009 1:10,92,4.2,4.5,56.1,79,29.5,0,20208,0,0
9/2/2009 1:20,83,7.2,7.7,56.1,79,29.5,0,20208,0,0
9/2/2009 1:30,92,6.3,6.7,56.1,79,29.5,0,20208,0,0
9/2/2009 1:40,77,6.1,7.3,56.4,78,29.5,0,20208,0,0
9/2/2009 1:50,73,5.7,6.6,56.4,78,29.5,0,20208,0,0
9/2/2009 2:00,91,3.9,4.7,56.1,79,29.5,0,20208,0,0
9/2/2009 2:10,74,4.1,4.7,55.5,81,29.5,0,20208,0,0
9/2/2009 2:20,115,4.2,4.7,55,82,29.5,0,20208,0,0
9/2/2009 2:30,110,3.3,3.5,55.4,81,29.5,0,20208,0,0
9/2/2009 2:40,88,2.3,2.5,54.5,84,29.5,0,20208,0,0
9/2/2009 2:50,103,1.7,1.9,54.6,83,29.5,0,20208,0,0
9/2/2009 3:00,94,2.8,3.3,55.2,81,29.5,0,20208,0,0
9/2/2009 3:10,100,3.4,3.8,56.1,79,29.5,0,20208,0,0
9/2/2009 3:20,114,2.3,2.6,56.4,78,29.5,0,20208,0,0
9/2/2009 3:30,145,2.5,3.1,57,77,29.5,0,20208,0,0
9/2/2009 3:40,153,3.3,3.9,57.2,76,29.5,0,20208,0,0
9/2/2009 3:50,155,1.6,2.3,57.7,75,29.5,0,20208,0,0
9/2/2009 4:00,272,1.4,1.9,57.5,75,29.5,0,20208,0,0
9/2/2009 4:10,266,2.3,2.6,57.5,75,29.5,0,20208,0,0
9/2/2009 4:20,223,1.6,2.3,58.1,74,29.5,0,20208,0,0
9/2/2009 4:30,126,1.5,2,59,72,29.5,0,20208,0,0
9/2/2009 4:40,155,1.3,1.9,59.3,71,29.5,0,20208,0,0
9/2/2009 4:50,329,2,3.5,59.7,70,29.5,0,20208,0,0
9/2/2009 5:00,325,2.6,3.5,59.5,70,29.5,0,20208,0,0
9/2/2009 5:10,336,8,9.1,59.3,72,29.5,0,20208,0,0
9/2/2009 5:20,357,4.7,6.2,59.9,73,29.5,0,20208,0,0
9/2/2009 5:30,147,5,7.3,61.1,72,29.5,0,20208,0,0
9/2/2009 5:40,31,3.6,4.9,61.7,70,29.5,0,20208,0,0
9/2/2009 5:50,111,5,6.6,61.3,68,29.5,0,20208,0,0
9/2/2009 6:00,104,6.4,7.7,61.8,69,29.5,0,20208,0,0
9/2/2009 6:10,272,4.5,8.6,62.4,70,29.5,0,20208,0,0
9/2/2009 6:20,-Invalid-,-Invalid-,-Invalid-,-Invalid-,-Invalid-,-Invalid-,-Invalid-,-Invalid-,-Invalid-,-Invalid-
9/2/2009 6:30,-Invalid-,-Invalid-,-Invalid-,-Invalid-,-Invalid-,-Invalid-,-Invalid-,-Invalid-,-Invalid-,-Invalid-
9/2/2009 6:40,331,44.4,44.8,62.9,66,29.5,0,20208,0,0
9/2/2009 6:50,348,41.3,43.5,63.3,66,29.5,0,20208,0,0
9/2/2009 7:00,332,43.6,45.5,63.6,67,29.5,0,20208,0,0
9/2/2009 7:10,302,6.3,23.8,64.7,61,29.5,0,20208,0,0
9/2/2009 7:20,-Invalid-,-Invalid-,-Invalid-,-Invalid-,-Invalid-,-Invalid-,-Invalid-,-Invalid-,-Invalid-,-Invalid-
9/2/2009 7:30,112,10.6,12,65.1,61,29.5,0,20208,0,0
9/2/2009 7:40,131,10.2,11.6,65.4,63,29.5,0,20208,0,0
9/2/2009 7:50,139,11.7,12.2,65.8,63,29.5,0,20208,0,0
9/2/2009 8:00,324,5,6.4,66.3,62,29.5,0,20208,0,0
9/2/2009 8:10,138,9.1,9.8,66.2,62,29.5,0,20208,0,0
9/2/2009 8:20,131,7.7,8.5,66.7,60,29.5,0,20208,0,0
9/2/2009 8:30,319,5.6,6.4,67.6,57,29.5,0,20208,0,0
9/2/2009 8:40,319,4.2,4.5,67.2,57,29.5,0,20208,0,0
9/2/2009 8:50,314,3.9,4.1,67.6,57,29.5,0,20208,0,0
9/2/2009 9:00,320,4.3,4.6,67.8,59,29.5,0,20208,0,0
9/2/2009 9:10,308,3.9,4.2,67.6,61,29.5,0,20208,0,0
9/2/2009 9:20,143,7.1,8,68.1,59,29.5,0,20208,0,0
9/2/2009 9:30,313,7.8,8.5,68.1,58,29.5,0,20208,0,0
9/2/2009 9:40,311,5.9,6.8,68.3,57,29.5,0,20208,0,0
9/2/2009 9:50,316,7.6,8.1,68.9,57,29.5,0,20208,0,0
9/2/2009 10:00,-Invalid-,-Invalid-,-Invalid-,-Invalid-,-Invalid-,-Invalid-,-Invalid-,-Invalid-,-Invalid-,-Invalid-
9/2/2009 10:10,-Invalid-,-Invalid-,-Invalid-,-Invalid-,-Invalid-,-Invalid-,-Invalid-,-Invalid-,-Invalid-,-Invalid-
9/2/2009 10:20,128,8.2,9.1,68.5,58,29.5,0,20208,0,0
9/2/2009 10:30,87,7.9,9.5,68.9,56,29.5,0,20208,0,0
9/2/2009 10:40,308,3.2,3.8,68.7,59,29.5,0,20208,0,0
9/2/2009 10:50,317,5.7,7.2,68.7,56,29.5,0,20208,0,0
9/2/2009 11:00,-Invalid-,-Invalid-,-Invalid-,-Invalid-,-Invalid-,-Invalid-,-Invalid-,-Invalid-,-Invalid-,-Invalid-
9/2/2009 11:10,-Invalid-,-Invalid-,-Invalid-,-Invalid-,-Invalid-,-Invalid-,-Invalid-,-Invalid-,-Invalid-,-Invalid-
9/2/2009 11:20,62,9.3,13.3,69.2,57,29.4,0,20208,0,0
9/2/2009 11:30,55,8.4,9.2,69.4,57,29.4,0,20208,0,0
9/2/2009 11:40,43,6.7,7.4,69.9,54,29.4,0,20208,0,0
9/2/2009 11:50,16,6.5,6.9,69.9,55,29.4,0,20208,0,0
9/2/2009 12:00,112,5.5,7.7,70.1,55,29.4,0,20208,0,0
9/2/2009 12:10,39,8.3,8.6,70.1,53,29.4,0,20208,0,0
9/2/2009 12:20,31,7.2,8.2,69.9,54,29.4,0,20208,0,0
9/2/2009 12:30,65,7.2,10.2,70.1,54,29.4,0,20208,0,0
9/2/2009 12:40,45,9.8,10.8,70.3,53,29.4,0,20208,0,0
9/2/2009 12:50,57,7.7,8.7,69.9,49,29.4,0,20208,0,0
9/2/2009 13:00,67,6.5,7.6,70.3,50,29.4,0,20208,0,0
9/2/2009 13:10,48,7.8,9.2,70.3,51,29.4,0,20208,0,0
9/2/2009 13:20,55,5.7,7.7,70.7,50,29.4,0,20208,0,0
9/2/2009 13:30,54,7.5,8.5,69.9,50,29.4,0,20208,0,0
9/2/2009 13:40,121,6.4,8.2,70.3,53,29.4,0,20208,0,0
9/2/2009 13:50,88,5.4,5.8,69.9,53,29.4,0,20208,0,0
9/2/2009 14:00,61,8.6,9.8,69.8,55,29.4,0,20208,0,0
9/2/2009 14:10,105,3.6,6,70.1,55,29.4,0,20208,0,0
9/2/2009 14:20,103,6,8.3,69.8,56,29.4,0,20208,0,0
9/2/2009 14:30,91,7,7.6,69.8,56,29.4,0,20208,0,0
9/2/2009 14:40,88,7.2,7.8,69.6,57,29.4,0,20208,0,0
9/2/2009 14:50,106,6.2,6.7,69.6,59,29.4,0,20208,0,0
9/2/2009 15:00,94,7.4,8.7,69.2,59,29.4,0,20208,0,0
9/2/2009 15:10,242,6,7.1,69.2,60,29.4,0,20208,0,0
9/2/2009 15:20,51,7.6,8.3,69.4,58,29.4,0,20208,0,0
9/2/2009 15:30,16,7.2,8.4,69,60,29.4,0,20208,0,0
9/2/2009 15:40,65,6.2,7.1,68.7,62,29.4,0,20208,0,0
9/2/2009 15:50,355,10.1,11.4,68.5,62,29.4,0,20208,0,0
9/2/2009 16:00,37,5.4,6.8,68.3,63,29.4,0,20208,0,0
9/2/2009 16:10,358,4.6,5.6,68,64,29.4,0,20208,0,0
9/2/2009 16:20,344,4.6,5.7,67.8,64,29.4,0,20208,0,0
9/2/2009 16:30,26,7.9,8.7,67.4,64,29.4,0,20208,0,0
9/2/2009 16:40,40,7.2,9.1,67.4,64,29.4,0,20208,0,0
9/2/2009 16:50,90,4.8,6.1,67.4,64,29.4,0,20208,0,0
9/2/2009 17:00,55,4.1,4.6,67.1,64,29.4,0,20208,0,0
9/2/2009 17:10,67,4.8,6.9,67.1,64,29.4,0,20208,0,0
9/2/2009 17:20,82,5.2,6.6,66.9,64,29.4,0,20208,0,0
9/2/2009 17:30,73,4.3,5.5,66.7,64,29.4,0,20208,0,0
9/2/2009 17:40,110,3.8,4.4,66.7,63,29.4,0,20208,0,0
9/2/2009 17:50,82,6,6.8,66.9,63,29.4,0,20208,0,0
9/2/2009 18:00,97,5.7,6.8,66.7,64,29.4,0,20208,0,0
9/2/2009 18:10,110,6.5,7,66.3,65,29.4,0,20208,0,0
9/2/2009 18:20,115,6.2,7.1,66.2,66,29.4,0,20208,0,0
9/2/2009 18:30,117,7.8,8.4,65.4,69,29.4,0,20208,0,0
9/2/2009 18:40,114,7.6,8,64.9,70,29.4,0,20208,0,0
9/2/2009 18:50,117,7.1,7.5,64.7,70,29.4,0,20208,0,0
9/2/2009 19:00,114,7.8,8.2,64.5,70,29.4,0,20208,0,0
9/2/2009 19:10,110,5.7,6.7,64.4,70,29.4,0,20208,0,0
9/2/2009 19:20,111,7.1,8,64.4,69,29.4,0,20208,0,0
9/2/2009 19:30,115,8,9.1,64.4,69,29.4,0,20208,0,0
9/2/2009 19:40,113,7.1,7.6,64.2,69,29.4,0,20208,0,0
9/2/2009 19:50,126,8.2,8.6,64,69,29.4,0,20208,0,0
9/2/2009 20:00,126,7.2,7.8,64,69,29.4,0,20208,0,0
9/2/2009 20:10,122,7.9,8.4,64,69,29.4,0,20208,0,0
9/2/2009 20:20,128,6.6,7.4,63.8,69,29.4,0,20208,0,0
9/2/2009 20:30,118,6.5,7,63.6,69,29.4,0,20208,0,0
9/2/2009 20:40,122,7,7.3,63.5,69,29.4,0,20208,0,0
9/2/2009 20:50,120,6.7,7.4,63.3,69,29.4,0,20208,0,0
9/2/2009 21:00,121,7.5,7.7,63.6,69,29.4,0,20208,0,0
9/2/2009 21:10,91,6.5,7.1,64.5,66,29.4,0,20208,0,0
9/2/2009 21:20,70,5.4,5.9,64,68,29.4,0,20208,0,0
9/2/2009 21:30,75,4.8,6,63.5,69,29.4,0,20208,0,0
9/2/2009 21:40,86,4.8,5.1,62.4,72,29.4,0,20208,0,0
9/2/2009 21:50,90,6.5,7.6,61.5,75,29.4,0,20208,0,0
9/2/2009 22:00,77,7,7.7,61.3,76,29.4,0,20208,0,0
9/2/2009 22:10,92,5.7,6.9,60.9,77,29.4,0,20208,0,0
9/2/2009 22:20,80,5.1,5.8,60.9,76,29.4,0,20208,0,0
9/2/2009 22:30,71,6,7.4,60.9,76,29.4,0,20208,0,0
9/2/2009 22:40,70,3.4,4.7,60.9,76,29.4,0,20208,0,0
9/2/2009 22:50,106,1.9,2.4,60.4,78,29.4,0,20208,0,0
9/2/2009 23:00,87,4.9,5.1,60.4,78,29.4,0,20208,0,0
9/2/2009 23:10,118,3.3,3.9,60,79,29.4,0,20208,0,0
9/2/2009 23:20,121,3.7,4.1,59.7,79,29.4,0,20208,0,0
9/2/2009 23:30,125,4.7,5,60,79,29.4,0,20208,0,0
9/2/2009 23:40,114,3.9,4.4,60.2,78,29.4,0,20208,0,0
9/2/2009 23:50,119,4.2,4.5,59.9,79,29.4,0,20208,0,0
9/3/2009 0:00,120,4.2,4.5,59.7,80,29.4,0,20208,0,0
9/3/2009 0:10,112,4.3,4.6,59.7,80,29.4,0,20208,0,0
9/3/2009 0:20,137,4.9,5.4,59.1,81,29.4,0,20208,0,0
9/3/2009 0:30,135,4.8,5.2,58.8,82,29.4,0,20208,0,0
9/3/2009 0:40,147,3.2,3.5,58.4,83,29.4,0,20208,0,0
9/3/2009 0:50,130,3.6,3.9,58.2,84,29.4,0,20208,0,0
9/3/2009 1:00,118,3.8,4.3,58.1,85,29.4,0,20208,0,0
9/3/2009 1:10,110,3.8,4.1,59,82,29.4,0,20208,0,0
9/3/2009 1:20,116,4.5,4.8,59,81,29.4,0,20208,0,0
9/3/2009 1:30,124,3.5,3.8,59,82,29.4,0,20208,0,0
9/3/2009 1:40,115,4,4.6,58.2,83,29.4,0,20208,0,0
9/3/2009 1:50,120,5.3,5.8,58.2,83,29.4,0,20208,0,0
9/3/2009 2:00,127,5.3,5.6,58.6,83,29.4,0,20208,0,0
9/3/2009 2:10,138,7.4,8,58.8,82,29.4,0,20208,0,0
9/3/2009 2:20,154,6.7,7.1,58.8,82,29.4,0,20208,0,0
9/3/2009 2:30,162,5.9,6.7,58.4,83,29.4,0,20208,0,0
9/3/2009 2:40,149,9.3,10.7,58.2,83,29.4,0,20208,0,0
9/3/2009 2:50,142,7.2,8.2,58.2,83,29.4,0,20208,0,0
9/3/2009 3:00,150,4.6,6.3,58.2,83,29.4,0,20208,0,0
9/3/2009 3:10,151,7,8.1,58.2,83,29.4,0,20208,0,0
9/3/2009 3:20,149,8.3,8.8,58.6,82,29.4,0,20208,0,0
9/3/2009 3:30,152,7.7,8.7,58.4,82,29.4,0,20208,0,0
9/3/2009 3:40,151,6.6,7.4,58.4,82,29.4,0,20208,0,0
9/3/2009 3:50,150,6.3,7,58.4,81,29.4,0,20208,0,0
9/3/2009 4:00,167,3.3,4,58.6,80,29.4,0,20208,0,0
9/3/2009 4:10,187,2.2,2.5,58.6,80,29.4,0,20208,0,0
9/3/2009 4:20,136,4.6,5.2,59,78,29.4,0,20208,0,0
9/3/2009 4:30,146,3.6,4,59.5,77,29.4,0,20208,0,0
9/3/2009 4:40,193,3.2,3.7,60.4,74,29.4,0,20208,0,0
9/3/2009 4:50,182,3.2,3.7,60.8,73,29.4,0,20208,0,0
9/3/2009 5:00,185,2.6,3.3,61.5,71,29.4,0,20208,0,0
9/3/2009 5:10,197,3.2,4.4,62.2,70,29.4,0,20208,0,0
9/3/2009 5:20,143,3.9,4.1,62.9,69,29.4,0,20208,0,0
9/3/2009 5:30,126,4,5.2,64,67,29.4,0,20208,0,0
9/3/2009 5:40,129,6.8,8,65.1,64,29.4,0,20208,0,0
9/3/2009 5:50,113,6.6,7.1,65.1,64,29.4,0,20208,0,0
9/3/2009 6:00,135,7.2,8.4,65.4,62,29.4,0,20208,0,0
9/3/2009 6:10,120,7.9,10.4,66.7,63,29.4,0,20208,0,0
9/3/2009 6:20,94,8.3,9.8,67.8,61,29.4,0,20208,0,0
9/3/2009 6:30,347,5.2,11.2,69.2,57,29.4,0,20208,0,0
9/3/2009 6:40,158,7.3,8.3,67.8,62,29.4,0,20208,0,0
9/3/2009 6:50,333,1.8,3.1,67.4,63,29.4,0,20208,0,0
9/3/2009 7:00,315,2.8,3.1,67.4,64,29.4,0,20208,0,0
9/3/2009 7:10,141,8.1,9.6,66.9,64,29.4,0,20208,0,0
9/3/2009 7:20,113,9.5,27.4,67.1,65,29.4,0,20208,0,0
9/3/2009 7:30,317,5.9,15.9,67.4,66,29.4,0,20208,0,0
9/3/2009 7:40,122,6.6,10.1,67.4,64,29.4,0,20208,0,0
9/3/2009 7:50,135,9,9.3,67.8,62,29.4,0,20208,0,0
9/3/2009 8:00,354,4.2,6.8,67.8,64,29.4,0,20208,0,0
9/3/2009 8:10,132,13.1,28.5,68,64,29.4,0,20208,0,0
9/3/2009 8:20,129,6.1,7,68.3,61,29.4,0,20208,0,0
9/3/2009 8:30,131,6.9,8,68,62,29.4,0,20208,0,0
9/3/2009 8:40,127,6.4,7.1,67.8,65,29.4,0,20208,0,0
9/3/2009 8:50,301,5.3,5.9,68.5,66,29.4,0,20208,0,0
9/3/2009 9:00,105,11,12.7,68.7,66,29.4,0,20208,0,0
9/3/2009 9:10,124,5.9,7,68.7,67,29.4,0,20208,0,0
9/3/2009 9:20,337,7,7.9,69.2,68,29.4,0,20208,0,0
9/3/2009 9:30,92,6.4,7.6,69,70,29.3,0,20208,0,0
9/3/2009 9:40,357,7.2,7.9,68.9,72,29.3,0,20208,0,0
9/3/2009 9:50,30,6.5,7.3,68.9,73,29.3,0,20208,0,0
9/3/2009 10:00,55,6.2,6.8,69,72,29.3,0,20208,0,0
9/3/2009 10:10,351,5.6,6.5,69.2,72,29.3,0,20208,0,0
9/3/2009 10:20,23,5.1,6.8,69.4,72,29.3,0,20208,0,0
9/3/2009 10:30,132,9.9,10.9,69.8,73,29.3,0,20208,0,0
9/3/2009 10:40,56,6.1,7.9,69.4,74,29.3,0,20208,0,0
9/3/2009 10:50,43,7.1,9.7,70.1,72,29.3,0,20208,0,0
9/3/2009 11:00,88,8.5,10,70.3,69,29.3,0,20208,0,0
9/3/2009 11:10,52,5.7,7.5,70.5,70,29.3,0,20208,0,0
9/3/2009 11:20,296,8.5,10.4,70.1,71,29.3,0,20208,0,0
9/3/2009 11:30,-Invalid-,-Invalid-,-Invalid-,-Invalid-,-Invalid-,-Invalid-,-Invalid-,-Invalid-,-Invalid-,-Invalid-
9/3/2009 11:40,118,10.3,19.4,71.4,67,29.3,0,20208,0,0
9/3/2009 11:50,41,6.5,8,70.8,68,29.3,0,20208,0,0
9/3/2009 12:00,339,7,8.7,70.8,68,29.3,0,20208,0,0
9/3/2009 12:10,42,5.2,7.5,71.4,69,29.3,0,20208,0,0
9/3/2009 12:20,15,6.6,7,70.8,69,29.3,0,20208,0,0
9/3/2009 12:30,-Invalid-,-Invalid-,-Invalid-,-Invalid-,-Invalid-,-Invalid-,-Invalid-,-Invalid-,-Invalid-,-Invalid-
9/3/2009 12:40,53,7.8,13.8,71.4,64,29.3,0,20208,0,0
9/3/2009 12:50,108,9.5,11.3,71.4,66,29.3,0,20208,0,0
9/3/2009 13:00,41,4.2,6.8,71,63,29.3,0,20208,0,0
9/3/2009 13:10,118,7.7,8.9,71,66,29.3,0,20208,0,0
9/3/2009 13:20,88,5.7,7.3,71.4,63,29.3,0,20208,0,0
9/3/2009 13:30,40,9,10.4,70.8,66,29.3,0,20208,0,0
9/3/2009 13:40,88,6.7,8.9,71,66,29.3,0,20208,0,0
9/3/2009 13:50,88,6.1,7.2,71.2,63,29.3,0,20208,0,0
9/3/2009 14:00,27,4.6,6,71.2,65,29.3,0,20208,0,0
9/3/2009 14:10,86,6.7,7.6,71.2,64,29.3,0,20208,0,0
9/3/2009 14:20,107,6.2,7.5,71.2,65,29.3,0,20208,0,0
9/3/2009 14:30,90,7.2,9.6,71.2,64,29.3,0,20208,0,0
9/3/2009 14:40,109,7.2,11.3,71.2,65,29.3,0,20208,0,0
9/3/2009 14:50,114,7.7,8.8,71,64,29.3,0,20208,0,0
9/3/2009 15:00,66,6.9,7.9,70.8,63,29.3,0,20208,0,0
9/3/2009 15:10,109,6,6.7,70.8,65,29.3,0,20208,0,0
9/3/2009 15:20,96,6.4,6.9,70.5,63,29.3,0,20208,0,0
9/3/2009 15:30,44,5.8,6.8,70.3,63,29.3,0,20208,0,0
9/3/2009 15:40,16,9.5,13.5,69.9,65,29.3,0,20208,0,0
9/3/2009 15:50,123,6.5,8.7,69.9,65,29.3,0,20208,0,0
9/3/2009 16:00,27,5.7,6.1,69.8,65,29.3,0,20208,0,0
9/3/2009 16:10,340,6.9,8.4,69.8,66,29.3,0,20208,0,0
9/3/2009 16:20,23,4.9,6,69.4,66,29.3,0,20208,0,0
9/3/2009 16:30,7,5.4,6.5,69,68,29.3,0,20208,0,0
9/3/2009 16:40,27,4,5.8,69,68,29.3,0,20208,0,0
9/3/2009 16:50,28,5,7.3,68.9,69,29.3,0,20208,0,0
9/3/2009 17:00,27,3.9,4.3,68.9,66,29.3,0,20208,0,0
9/3/2009 17:10,45,5.4,6.7,68.9,66,29.3,0,20208,0,0
9/3/2009 17:20,108,5.2,5.7,69,65,29.3,0,20208,0,0
9/3/2009 17:30,114,5.1,5.3,68.9,65,29.3,0,20208,0,0
9/3/2009 17:40,100,6.6,7,69,65,29.3,0,20208,0,0
9/3/2009 17:50,114,4.6,5.1,68.7,66,29.3,0,20208,0,0
9/3/2009 18:00,130,5.6,5.9,68.5,67,29.3,0,20208,0,0
9/3/2009 18:10,143,4.5,4.8,68,69,29.3,0,20208,0,0
9/3/2009 18:20,138,5.7,6,67.4,70,29.3,0,20208,0,0
9/3/2009 18:30,142,5.9,6.3,66.9,72,29.3,0,20208,0,0
9/3/2009 18:40,135,6.4,6.8,66.3,72,29.3,0,20208,0,0
9/3/2009 18:50,132,6,6.3,66.3,72,29.3,0,20208,0,0
9/3/2009 19:00,135,5.9,6.6,66,73,29.3,0,20208,0,0
9/3/2009 19:10,133,6,6.2,66,73,29.3,0,20208,0,0
9/3/2009 19:20,130,5.7,6.1,65.6,73,29.3,0,20208,0,0
9/3/2009 19:30,130,5.9,6.2,65.3,74,29.3,0,20208,0,0
9/3/2009 19:40,140,5.2,5.6,65.1,74,29.3,0,20208,0,0
9/3/2009 19:50,142,5.6,6.4,64.9,73,29.3,0,20208,0,0
9/3/2009 20:00,154,5.1,5.9,64.4,75,29.3,0,20208,0,0
9/3/2009 20:10,147,6.7,7,64.5,72,29.3,0,20208,0,0
9/3/2009 20:20,141,8.7,9.4,64.7,68,29.3,0,20208,0,0
9/3/2009 20:30,138,7.7,8,64.9,67,29.3,0,20208,0,0
9/3/2009 20:40,136,6.8,7.2,64.9,67,29.3,0,20208,0,0
9/3/2009 20:50,138,6.8,7.2,64.4,69,29.3,0,20208,0,0
9/3/2009 21:00,137,6.7,7.4,64.4,69,29.3,0,20208,0,0
9/3/2009 21:10,140,5.5,6.1,63.6,72,29.3,0,20208,0,0
9/3/2009 21:20,146,5.2,5.7,63.5,72,29.3,0,20208,0,0
9/3/2009 21:30,135,4.6,4.9,63.1,72,29.3,0,20208,0,0
9/3/2009 21:40,133,5.9,6.3,63.1,72,29.3,0,20208,0,0
9/3/2009 21:50,133,5.4,5.7,64.4,69,29.3,0,20208,0,0
9/3/2009 22:00,138,6.3,6.7,62.6,74,29.3,0,20208,0,0
9/3/2009 22:10,139,4.9,5.5,62.2,75,29.3,0,20208,0,0
9/3/2009 22:20,139,5.2,5.4,61.7,76,29.3,0,20208,0,0
9/3/2009 22:30,138,5.3,5.6,62.2,75,29.3,0,20208,0,0
9/3/2009 22:40,136,6.2,7,62,75,29.3,0,20208,0,0
9/3/2009 22:50,136,6.1,6.8,62,75,29.3,0,20208,0,0
9/3/2009 23:00,123,5.5,6,61.7,77,29.3,0,20208,0,0
9/3/2009 23:10,136,5.7,6.2,61.7,77,29.3,0,20208,0,0
9/3/2009 23:20,145,5.7,5.9,61.5,78,29.3,0,20208,0,0
9/3/2009 23:30,141,5.6,5.9,61.8,78,29.3,0,20208,0,0
9/3/2009 23:40,136,5.1,5.3,61.7,79,29.3,0,20208,0,0
9/3/2009 23:50,132,5.1,5.3,61.1,80,29.3,0,20208,0,0
9/4/2009 0:00,132,5.2,5.8,60.6,81,29.3,0,20208,0,0
9/4/2009 0:10,136,5.8,6.2,60.8,81,29.3,0,20208,0,0
9/4/2009 0:20,143,6.8,7.4,60.8,83,29.3,0,20208,0,0
9/4/2009 0:30,147,6,6.5,60.8,83,29.3,0,20208,0,0
9/4/2009 0:40,143,4.9,5.8,60.9,84,29.3,0,20208,0,0
9/4/2009 0:50,149,4.7,5.2,61.3,83,29.3,0,20208,0,0
9/4/2009 1:00,144,5.7,6.3,61.3,83,29.3,0,20208,0,0
9/4/2009 1:10,137,6.3,7,60,85,29.3,0,20208,0,0
9/4/2009 1:20,146,5.9,6.4,60,86,29.3,0,20208,0,0
9/4/2009 1:30,151,5.6,6.1,60,86,29.3,0,20208,0,0
9/4/2009 1:40,147,5.2,7,59.9,87,29.3,0,20208,0,0
9/4/2009 1:50,141,7.5,8,59.5,88,29.3,0,20208,0,0
9/4/2009 2:00,148,5.4,6.1,59.5,88,29.3,0,20208,0,0
9/4/2009 2:10,145,5.6,6.3,59.5,88,29.3,0,20208,0,0
9/4/2009 2:20,147,5.8,6.3,59.3,89,29.3,0,20208,0,0
9/4/2009 2:30,154,5.4,6,59.5,89,29.3,0,20208,0,0
9/4/2009 2:40,150,4.9,5.6,59.3,89,29.3,0,20208,0,0
9/4/2009 2:50,161,4.2,5.3,59.3,90,29.3,0,20208,0,0
9/4/2009 3:00,157,5.3,5.6,59.3,90,29.3,0,20208,0,0
9/4/2009 3:10,155,5.9,6.7,59.7,91,29.3,0,20208,0,0
9/4/2009 3:20,153,5.1,5.8,59.3,90,29.3,0,20208,0,0
9/4/2009 3:30,149,6.2,6.5,59,91,29.3,0,20208,0,0
9/4/2009 3:40,145,4.6,5.6,59.5,91,29.3,0,20208,0,0
9/4/2009 3:50,152,7.2,8,59.1,91,29.3,0,20208,0,0
9/4/2009 4:00,149,5.7,6.2,59.1,92,29.3,0,20208,0,0
9/4/2009 4:10,142,5.6,6,59.7,90,29.3,0,20208,0,0
9/4/2009 4:20,134,5.3,5.9,59.7,89,29.3,0,20208,0,0
9/4/2009 4:30,137,4.6,5.2,60.2,88,29.3,0,20208,0,0
9/4/2009 4:40,151,5.8,6.6,60.9,88,29.3,0,20208,0,0
9/4/2009 4:50,159,3,4,61.7,86,29.3,0,20208,0,0
9/4/2009 5:00,151,4.1,4.5,62.7,84,29.3,0,20208,0,0
9/4/2009 5:10,143,3.5,4.4,63.8,82,29.3,0,20208,0,0
9/4/2009 5:20,172,4.7,6.9,64.9,80,29.3,0,20208,0,0
9/4/2009 5:30,152,3.9,5.2,65.8,79,29.3,0,20268,0,0
9/4/2009 5:40,132,3.5,4.7,67.2,76,29.3,0,20268,0,0
9/4/2009 5:50,122,1.2,1.5,68.3,75,29.3,0,20268,0,0
9/4/2009 6:00,125,2.8,6.3,69.4,73,29.3,0,20268,0,0
9/4/2009 6:10,114,8.4,10.5,70.3,71,29.3,0,20268,0,0
9/4/2009 6:20,-Invalid-,-Invalid-,-Invalid-,-Invalid-,-Invalid-,-Invalid-,-Invalid-,-Invalid-,-Invalid-,-Invalid-
9/4/2009 6:30,321,2.9,4.1,70.5,70,29.3,0,20268,0,0
9/4/2009 6:40,249,3.7,6.5,69.6,73,29.3,0,20268,0,0
9/4/2009 6:50,287,3,3.3,69.4,72,29.3,0,20268,0,0
9/4/2009 7:00,291,2.3,2.6,69.6,74,29.3,0,20268,0,0
9/4/2009 7:10,316,3.1,3.4,69.2,75,29.3,0,20268,0,0
9/4/2009 7:20,313,3.6,4,68.9,76,29.3,0,20268,0,0
9/4/2009 7:30,294,4,4.5,68.9,77,29.3,0,20268,0,0
9/4/2009 7:40,312,4.4,4.6,69.4,76,29.3,0,20268,0,0
9/4/2009 7:50,297,4.5,5.1,69.4,77,29.3,0,20268,0,0
9/4/2009 8:00,303,6.3,6.8,69.4,77,29.3,0,20268,0,0
9/4/2009 8:10,330,7,8.9,69.8,78,29.3,0,20268,0,0
9/4/2009 8:20,302,3,6.2,69.9,78,29.3,0,20268,0,0
9/4/2009 8:30,319,4.3,5,69.9,79,29.3,0,20268,0,0
9/4/2009 8:40,285,4.4,8,69.9,77,29.3,0,20268,0,0
9/4/2009 8:50,199,6.6,8,70.1,78,29.3,0,20268,0,0
9/4/2009 9:00,337,6.5,6.9,69.9,76,29.3,0,20268,0,0
9/4/2009 9:10,348,7.4,8.5,69.6,77,29.3,0,20268,0,0
9/4/2009 9:20,94,7.8,11.7,70.1,76,29.3,0,20268,0,0
9/4/2009 9:30,-Invalid-,-Invalid-,-Invalid-,-Invalid-,-Invalid-,-Invalid-,-Invalid-,-Invalid-,-Invalid-,-Invalid-
9/4/2009 9:40,314,8.7,9.1,70.1,75,29.3,0,20268,0,0
9/4/2009 9:50,316,8.4,8.7,70.7,73,29.3,0,20268,0,0
9/4/2009 10:00,-Invalid-,-Invalid-,-Invalid-,-Invalid-,-Invalid-,-Invalid-,-Invalid-,-Invalid-,-Invalid-,-Invalid-
9/4/2009 10:10,310,5.6,6.5,70.5,74,29.3,0,20268,0,0
9/4/2009 10:20,309,4.8,5.6,70.8,73,29.3,0,20268,0,0
9/4/2009 10:30,319,9.4,9.7,70.5,71,29.3,0,20268,0,0
9/4/2009 10:40,303,4.7,5.5,70.7,72,29.3,0,20268,0,0
9/4/2009 10:50,304,6.7,7.2,70.7,72,29.3,0,20268,0,0
9/4/2009 11:00,167,4,8.7,71,73,29.3,0,20268,0,0
9/4/2009 11:10,277,12.1,33.3,70.7,75,29.3,0,20268,0,0
9/4/2009 11:20,-Invalid-,-Invalid-,-Invalid-,-Invalid-,-Invalid-,-Invalid-,-Invalid-,-Invalid-,-Invalid-,-Invalid-
9/4/2009 11:30,63,6.9,7.6,70.8,72,29.3,0,20268,0,0
9/4/2009 11:40,69,7.8,8.6,70.8,70,29.3,0,20268,0,0
9/4/2009 11:50,319,5.7,6.6,71,74,29.3,0,20268,0,0
9/4/2009 12:00,103,13.6,32.9,70.7,75,29.3,0,20268,0,0
9/4/2009 12:10,353,6.9,7.9,70.8,70,29.3,0,20268,0,0
9/4/2009 12:20,350,6.9,8.1,71,74,29.3,0,20268,0,0
9/4/2009 12:30,348,7.5,9.3,70.7,73,29.3,0,20268,0,0
9/4/2009 12:40,1,6.8,8.5,70.5,74,29.3,0,20268,0,0
9/4/2009 12:50,348,7.9,9.4,71.2,74,29.3,0,20268,0,0
9/4/2009 13:00,13,7.2,9.1,70.8,73,29.3,0,20268,0,0
9/4/2009 13:10,63,7,8.8,70.8,73,29.3,0,20268,0,0
9/4/2009 13:20,333,9.5,10.7,70.8,69,29.3,0,20268,0,0
9/4/2009 13:30,341,7.4,8,70.7,70,29.3,0,20268,0,0
9/4/2009 13:40,325,6.8,7.1,70.8,69,29.3,0,20268,0,0
9/4/2009 13:50,106,4.7,7.3,71,71,29.3,0,20268,0,0
9/4/2009 14:00,90,6.5,7.4,71,68,29.3,0,20268,0,0
9/4/2009 14:10,352,4.8,6.2,71,66,29.3,0,20268,0,0
9/4/2009 14:20,350,4.1,4.8,70.8,67,29.3,0,20268,0,0
9/4/2009 14:30,91,6.4,6.8,71,67,29.3,0,20268,0,0
9/4/2009 14:40,318,4.1,4.4,71.2,69,29.3,0,20268,0,0
9/4/2009 14:50,346,1.9,3.4,70.8,70,29.3,0,20268,0,0
9/4/2009 15:00,354,3.4,3.8,71,69,29.3,0,20268,0,0
9/4/2009 15:10,124,4.8,6.4,70.8,70,29.3,0,20268,0,0
9/4/2009 15:20,86,2.2,3.1,70.8,69,29.3,0,20268,0,0
9/4/2009 15:30,40,1.5,2.2,71,68,29.3,0,20268,0,0
9/4/2009 15:40,34,2.9,4,70.7,69,29.3,0,20268,0,0
9/4/2009 15:50,342,7.4,10.1,70.5,67,29.3,0,20268,0,0
9/4/2009 16:00,342,8.1,9.6,70.3,69,29.3,0,20268,0,0
9/4/2009 16:10,342,8.2,9.4,70.1,69,29.3,0,20268,0,0
9/4/2009 16:20,333,7.8,8.2,69.9,70,29.3,0,20268,0,0
9/4/2009 16:30,354,5.6,7.3,69.8,72,29.3,0,20268,0,0
9/4/2009 16:40,291,1.4,2.2,69.2,73,29.3,0,20268,0,0
9/4/2009 16:50,315,1,1.2,68.9,73,29.3,0,20268,0,0
9/4/2009 17:00,268,5.7,7.2,68.3,75,29.3,0,20268,0,0
9/4/2009 17:10,323,2.2,4.7,68.3,74,29.3,0,20268,0,0
9/4/2009 17:20,260,2.2,4.2,68.3,75,29.3,0,20268,0,0
9/4/2009 17:30,49,1.9,3.3,68.5,73,29.3,0,20268,0,0
9/4/2009 17:40,253,3.8,4.9,68.5,74,29.3,0,20268,0,0
9/4/2009 17:50,203,3.6,4.2,68.1,75,29.3,0,20268,0,0
9/4/2009 18:00,185,2.9,3.5,67.2,78,29.3,0,20268,0,0
9/4/2009 18:10,205,3.1,3.5,66.7,79,29.3,0,20268,0,0
9/4/2009 18:20,207,3.8,4.5,66.2,81,29.3,0,20268,0,0
9/4/2009 18:30,163,3.2,4.4,65.8,81,29.3,0,20268,0,0
9/4/2009 18:40,194,3.7,4.7,65.4,82,29.3,0,20268,0,0
9/4/2009 18:50,182,3.4,3.6,64.9,83,29.3,0,20268,0,0
9/4/2009 19:00,134,2.3,3.1,64.5,83,29.3,0,20268,0,0
9/4/2009 19:10,186,3.6,4.2,64.5,83,29.3,0,20268,0,0
9/4/2009 19:20,165,2.6,4,64.5,83,29.3,0,20268,0,0
9/4/2009 19:30,170,3.2,4.4,64.2,83,29.3,0,20268,0,0
9/4/2009 19:40,164,4.7,5.3,64,84,29.3,0,20268,0,0
9/4/2009 19:50,189,3.5,4.5,63.5,85,29.3,0,20268,0,0
9/4/2009 20:00,162,4,4.9,63.5,85,29.3,0,20268,0,0
9/4/2009 20:10,170,3,3.6,63.5,85,29.3,0,20268,0,0
9/4/2009 20:20,160,3.3,3.7,63.3,85,29.3,0,20268,0,0
9/4/2009 20:30,146,4.4,4.8,62.9,85,29.3,0,20268,0,0
9/4/2009 20:40,135,3.8,5.3,62.7,86,29.3,0,20268,0,0
9/4/2009 20:50,154,4,5,62.6,86,29.3,0,20268,0,0
9/4/2009 21:00,150,4.3,5.8,62.6,86,29.3,0,20268,0,0
9/4/2009 21:10,152,4.8,5.5,62.6,86,29.3,0,20268,0,0
9/4/2009 21:20,171,4,5.3,62.7,86,29.3,0,20268,0,0
9/4/2009 21:30,162,4.1,4.6,62.7,86,29.3,0,20268,0,0
9/4/2009 21:40,178,4.1,4.7,62.7,86,29.3,0,20268,0,0
9/4/2009 21:50,173,4,4.7,62.9,85,29.3,0,20268,0,0
9/4/2009 22:00,157,4.1,4.8,62.6,85,29.3,0,20268,0,0
9/4/2009 22:10,164,3.9,4.3,62.2,86,29.3,0,20268,0,0
9/4/2009 22:20,162,4.5,5.2,62.7,85,29.3,0,20268,0,0
9/4/2009 22:30,176,4.6,5.6,62.9,84,29.3,0,20268,0,0
9/4/2009 22:40,181,4,5.7,62.7,85,29.3,0,20268,0,0
9/4/2009 22:50,173,3.5,4.4,62.2,86,29.3,0,20268,0,0
9/4/2009 23:00,171,3.8,4.7,61.7,87,29.3,0,20268,0,0
9/4/2009 23:10,170,5.3,6.7,61.7,87,29.3,0,20268,0,0
9/4/2009 23:20,169,5.9,6.6,61.8,86,29.3,0,20268,0,0
9/4/2009 23:30,170,5.2,6.2,61.7,86,29.3,0,20268,0,0
9/4/2009 23:40,159,4,4.7,61.3,86,29.3,0,20268,0,0
9/4/2009 23:50,172,4.4,5,61.1,87,29.3,0,20268,0,0
9/5/2009 0:00,168,6.2,6.9,60.9,88,29.3,0,20268,0,0
9/5/2009 0:10,154,4.3,5.4,61.1,87,29.3,0,20268,0,0
9/5/2009 0:20,163,4.5,4.9,60.9,87,29.3,0,20268,0,0
9/5/2009 0:30,165,3.9,4.4,60.9,87,29.3,0,20268,0,0
9/5/2009 0:40,151,4.7,5.1,60.8,88,29.3,0,20268,0,0
9/5/2009 0:50,157,3.8,4.8,60.6,88,29.3,0,20268,0,0
9/5/2009 1:00,156,4.6,5,60.4,89,29.3,0,20268,0,0
9/5/2009 1:10,160,4.3,5.1,60.6,89,29.3,0,20268,0,0
9/5/2009 1:20,154,4.3,5.3,60.6,89,29.3,0,20268,0,0
9/5/2009 1:30,169,3.5,4.2,60.6,89,29.3,0,20268,0,0
9/5/2009 1:40,174,5.5,5.8,60.8,88,29.3,0,20268,0,0
9/5/2009 1:50,153,4.2,5.2,60.6,89,29.3,0,20268,0,0
9/5/2009 2:00,160,4.7,5.4,59.7,90,29.3,0,20268,0,0
9/5/2009 2:10,154,3.8,4.6,59.7,90,29.3,0,20268,0,0
9/5/2009 2:20,162,5.9,7,59.3,91,29.3,0,20268,0,0
9/5/2009 2:30,168,5.1,5.5,59.3,92,29.4,0,20268,0,0
9/5/2009 2:40,161,4.7,5.1,59.1,92,29.4,0,20268,0,0
9/5/2009 2:50,147,6,7.4,59,92,29.4,0,20268,0,0
9/5/2009 3:00,163,4.8,5.9,59,92,29.4,0,20268,0,0
9/5/2009 3:10,161,6,6.4,59.1,92,29.4,0,20268,0,0
9/5/2009 3:20,175,6.1,6.9,59.1,92,29.4,0,20268,0,0
9/5/2009 3:30,179,4.9,5.9,59.5,91,29.4,0,20278,0,0
9/5/2009 3:40,163,4,5.3,59.3,91,29.4,0,20278,0,0
9/5/2009 3:50,153,5,5.4,59.1,91,29.4,0,20278,0,0
9/5/2009 4:00,153,5.3,5.9,59.1,91,29.4,0,20278,0,0
9/5/2009 4:10,149,5.2,6.2,59.5,90,29.4,0,20278,0,0
9/5/2009 4:20,162,4,4.6,59.5,89,29.4,0,20278,0,0
9/5/2009 4:30,184,3.3,4.1,59.7,89,29.4,0,20278,0,0
9/5/2009 4:40,155,4.2,5.8,60.6,88,29.4,0,20278,0,0
9/5/2009 4:50,160,3.3,4.3,61.3,87,29.4,0,20278,0,0
9/5/2009 5:00,175,3.6,4.8,61.8,86,29.4,0,20278,0,0
9/5/2009 5:10,161,4.3,4.9,62.7,84,29.4,0,20278,0,0
9/5/2009 5:20,174,4.9,6.1,63.6,83,29.4,0,20278,0,0
9/5/2009 5:30,152,5.7,6.7,64.7,81,29.4,0,20278,0,0
9/5/2009 5:40,162,6.8,8.3,65.8,79,29.4,0,20278,0,0
9/5/2009 5:50,109,5.2,8.9,66.9,78,29.4,0,20278,0,0
9/5/2009 6:00,211,12.1,14.1,67.4,76,29.4,0,20278,0,0
9/5/2009 6:10,158,9.6,10.3,68.3,74,29.4,0,20278,0,0
9/5/2009 6:20,95,6.6,7.8,68.1,75,29.4,0,20278,0,0
9/5/2009 6:30,76,9.4,34.2,69.4,73,29.4,0,20278,0,0
9/5/2009 6:40,74,12.4,21.7,69.6,72,29.4,0,20278,0,0
9/5/2009 6:50,319,5.1,7.5,68.5,75,29.4,0,20278,0,0
9/5/2009 7:00,278,5.3,5.5,68.3,76,29.4,0,20278,0,0
9/5/2009 7:10,303,6.5,7.2,68.1,77,29.4,0,20278,0,0
9/5/2009 7:20,340,5.3,6.7,68.3,78,29.4,0,20278,0,0
9/5/2009 7:30,285,5.5,5.9,68.5,78,29.4,0,20278,0,0
9/5/2009 7:40,280,5.4,5.7,68.5,78,29.4,0,20278,0,0
9/5/2009 7:50,291,5.4,6,68.7,79,29.4,0,20278,0,0
9/5/2009 8:00,277,6.1,6.5,69,78,29.4,0,20278,0,0
9/5/2009 8:10,294,8.4,9.1,68.9,80,29.4,0,20278,0,0
9/5/2009 8:20,296,6,7.2,69.2,80,29.4,0,20278,0,0
9/5/2009 8:30,305,7.2,7.7,69.8,79,29.4,0,20278,0,0
9/5/2009 8:40,73,7.3,9.1,69,82,29.4,0,20278,0,0
9/5/2009 8:50,289,7.2,7.7,69.4,82,29.4,0,20278,0,0
9/5/2009 9:00,285,5.8,6.2,69.9,81,29.4,0,20278,0,0
9/5/2009 9:10,300,6.9,7.2,69.9,80,29.4,0,20278,0,0
9/5/2009 9:20,336,11.7,34.5,70.7,80,29.4,0,20278,0,0
9/5/2009 9:30,-Invalid-,-Invalid-,-Invalid-,-Invalid-,-Invalid-,-Invalid-,-Invalid-,-Invalid-,-Invalid-,-Invalid-
9/5/2009 9:40,-Invalid-,-Invalid-,-Invalid-,-Invalid-,-Invalid-,-Invalid-,-Invalid-,-Invalid-,-Invalid-,-Invalid-
9/5/2009 9:50,304,7.7,8.6,70.8,71,29.4,0,20318,0,0
9/5/2009 10:00,23,7,8.5,70.7,72,29.4,0,20318,0,0
9/5/2009 10:10,114,7.4,8.3,70.8,75,29.4,0,20318,0,0
9/5/2009 10:20,138,6.8,7.5,70.1,72,29.4,0,20318,0,0
9/5/2009 10:30,311,8.1,8.7,70.3,74,29.4,0,20318,0,0
9/5/2009 10:40,125,6.8,8.2,70.1,74,29.4,0,20318,0,0
9/5/2009 10:50,78,7.3,9.3,70.5,72,29.4,0,20318,0,0
9/5/2009 11:00,295,5.4,6.2,70.7,72,29.4,0,20318,0,0
9/5/2009 11:10,112,8.2,10,70.8,72,29.4,0,20318,0,0
9/5/2009 11:20,295,4.8,5.5,70.3,76,29.4,0,20318,0,0
9/5/2009 11:30,71,5.8,7,70.5,72,29.4,0,20318,0,0
9/5/2009 11:40,283,2.8,5.1,71,68,29.4,0,20318,0,0
9/5/2009 11:50,-Invalid-,-Invalid-,-Invalid-,-Invalid-,-Invalid-,-Invalid-,-Invalid-,-Invalid-,-Invalid-,-Invalid-
9/5/2009 12:00,-Invalid-,-Invalid-,-Invalid-,-Invalid-,-Invalid-,-Invalid-,-Invalid-,-Invalid-,-Invalid-,-Invalid-
9/5/2009 12:10,81,9.1,19.1,71.2,69,29.4,0,20318,0,0
9/5/2009 12:20,27,7.1,7.6,70.8,69,29.4,0,20318,0,0
9/5/2009 12:30,340,5.7,8.1,70.8,67,29.4,0,20318,0,0
9/5/2009 12:40,10,6.3,7,70.7,69,29.4,0,20318,0,0
9/5/2009 12:50,314,5.6,6.1,70.8,69,29.4,0,20318,0,0
9/5/2009 13:00,35,7.6,8.7,71,68,29.4,0,20318,0,0
9/5/2009 13:10,63,7.9,10.4,71.2,68,29.4,0,20318,0,0
9/5/2009 13:20,332,7.1,8.3,70.8,67,29.4,0,20318,0,0
9/5/2009 13:30,62,5.2,7.9,71.2,67,29.4,0,20318,0,0
9/5/2009 13:40,3,3.8,5.1,71.4,67,29.4,0,20318,0,0
9/5/2009 13:50,95,3.8,5,71.6,66,29.4,0,20318,0,0
9/5/2009 14:00,85,3.5,4.7,72.1,63,29.4,0,20318,0,0
9/5/2009 14:10,178,3.1,4.2,71.7,62,29.4,0,20318,0,0
9/5/2009 14:20,47,4.4,4.6,71.7,62,29.4,0,20318,0,0
9/5/2009 14:30,15,3.2,4.5,71.7,62,29.4,0,20318,0,0
9/5/2009 14:40,36,6.8,7.7,71.4,61,29.4,0,20318,0,0
9/5/2009 14:50,49,3.5,5.2,71.4,63,29.4,0,20318,0,0
9/5/2009 15:00,55,2,2.5,71.6,60,29.4,0,20318,0,0
9/5/2009 15:10,86,2.6,4.1,71.6,59,29.4,0,20318,0,0
9/5/2009 15:20,37,4.3,5.1,71.4,55,29.4,0,20318,0,0
9/5/2009 15:30,38,4.4,6.1,71.2,59,29.4,0,20318,0,0
9/5/2009 15:40,42,3.3,3.6,71,56,29.4,0,20318,0,0
9/5/2009 15:50,34,6.5,7.8,70.8,59,29.4,0,20318,0,0
9/5/2009 16:00,356,7.8,8.8,70.5,63,29.4,0,20318,0,0
9/5/2009 16:10,347,8.4,9.5,70.3,63,29.4,0,20318,0,0
9/5/2009 16:20,339,7.1,7.8,70.1,65,29.4,0,20318,0,0
9/5/2009 16:30,340,5.2,6,70.1,63,29.4,0,20318,0,0
9/5/2009 16:40,346,7,7.3,70.1,63,29.4,0,20318,0,0
9/5/2009 16:50,1,6.4,7,69.9,64,29.4,0,20318,0,0
9/5/2009 17:00,348,6.3,7.1,69.9,65,29.4,0,20318,0,0
9/5/2009 17:10,355,4.6,5.9,69.4,66,29.4,0,20318,0,0
9/5/2009 17:20,6,4.9,5.3,69.4,65,29.4,0,20318,0,0
9/5/2009 17:30,350,6.8,7.3,69.4,70,29.4,0,20318,0,0
9/5/2009 17:40,1,5.2,6,69,70,29.4,0,20318,0,0
9/5/2009 17:50,47,3,3.4,68.7,65,29.4,0,20318,0,0
9/5/2009 18:00,115,3.8,4.1,68.7,63,29.4,0,20318,0,0
9/5/2009 18:10,116,4.8,5.3,68.1,64,29.4,0,20318,0,0
9/5/2009 18:20,121,4.3,4.8,67.8,65,29.4,0,20318,0,0
9/5/2009 18:30,132,4.3,4.7,66.9,68,29.4,0,20318,0,0
9/5/2009 18:40,132,4.5,4.7,66.5,69,29.4,0,20318,0,0
9/5/2009 18:50,138,5.5,5.8,65.8,70,29.4,0,20318,0,0
9/5/2009 19:00,136,5.7,6.1,65.3,72,29.4,0,20348,0,0
9/5/2009 19:10,135,6.2,6.7,64.7,73,29.4,0,20348,0,0
9/5/2009 19:20,120,5.9,6.3,64.7,72,29.4,0,20348,0,0
9/5/2009 19:30,125,5.2,5.6,64.7,72,29.4,0,20348,0,0
9/5/2009 19:40,120,6.2,6.5,64.7,72,29.4,0,20348,0,0
9/5/2009 19:50,124,6.4,6.7,64.4,73,29.4,0,20348,0,0
9/5/2009 20:00,123,5.4,6.1,64.4,72,29.4,0,20348,0,0
9/5/2009 20:10,125,7.2,7.6,64.5,72,29.4,0,20348,0,0
9/5/2009 20:20,123,7.2,7.4,64.5,72,29.4,0,20348,0,0
9/5/2009 20:30,124,6.9,7.2,64.7,72,29.4,0,20348,0,0
9/5/2009 20:40,121,7.5,7.9,64.5,72,29.4,0,20348,0,0
9/5/2009 20:50,132,6.7,7.2,64.4,72,29.4,0,20348,0,0
9/5/2009 21:00,119,6.6,7.2,64.4,71,29.4,0,20348,0,0
9/5/2009 21:10,131,6.1,6.5,64,71,29.4,0,20348,0,0
9/5/2009 21:20,122,8.6,9.1,64,70,29.4,0,20348,0,0
9/5/2009 21:30,125,8.1,8.6,63.8,70,29.4,0,20348,0,0
9/5/2009 21:40,117,7.8,8.2,63.8,70,29.4,0,20348,0,0
9/5/2009 21:50,114,9.1,9.4,63.8,70,29.4,0,20348,0,0
9/5/2009 22:00,119,7.7,8.7,63.6,71,29.4,0,20348,0,0
9/5/2009 22:10,124,8,8.9,63.6,72,29.4,0,20348,0,0
9/5/2009 22:20,120,7.8,8.3,63.8,72,29.4,0,20348,0,0
9/5/2009 22:30,132,6.6,7,63.6,73,29.4,0,20348,0,0
9/5/2009 22:40,117,8.7,9.6,63.5,75,29.4,0,20348,0,0
9/5/2009 22:50,124,8.8,9.3,63.6,76,29.4,0,20348,0,0
9/5/2009 23:00,119,9.3,9.9,63.6,76,29.4,0,20348,0,0
9/5/2009 23:10,132,6.2,6.4,63.5,77,29.4,0,20348,0,0
9/5/2009 23:20,125,8.3,9.3,63.5,78,29.4,0,20348,0,0
9/5/2009 23:30,124,6.7,7.6,63.5,79,29.4,0,20348,0,0
9/5/2009 23:40,122,5.8,6.6,63.1,79,29.4,0,20348,0,0
9/5/2009 23:50,122,6.9,7.2,62.9,79,29.4,0,20348,0,0
9/6/2009 0:00,114,3.8,5.6,62.6,80,29.4,0,20348,0,0
9/6/2009 0:10,133,5.3,6,62.6,81,29.4,0,20348,0,0
9/6/2009 0:20,121,3,4.1,62.4,81,29.4,0,20348,0,0
9/6/2009 0:30,111,4.1,4.6,62.4,81,29.4,0,20348,0,0
9/6/2009 0:40,104,6.6,7.3,62.6,81,29.4,0,20348,0,0
9/6/2009 0:50,114,7,7.6,62.7,80,29.4,0,20348,0,0
9/6/2009 1:00,115,7.5,8,63.1,80,29.4,0,20348,0,0
9/6/2009 1:10,141,6.8,7.6,63.1,80,29.4,0,20348,0,0
9/6/2009 1:20,116,6.1,6.5,63.1,81,29.4,0,20348,0,0
9/6/2009 1:30,113,5.1,5.4,63.3,80,29.4,0,20348,0,0
9/6/2009 1:40,130,5.3,5.6,63.3,80,29.4,0,20348,0,0
9/6/2009 1:50,130,6.3,7,63.8,79,29.4,0,20348,0,0
9/6/2009 2:00,145,10,10.8,64,79,29.4,0,20348,0,0
9/6/2009 2:10,128,7.5,8.2,64,79,29.4,0,20348,0,0
9/6/2009 2:20,127,7.3,8.4,64.2,79,29.4,0,20348,0,0
9/6/2009 2:30,138,6,6.6,64.2,79,29.4,0,20348,0,0
9/6/2009 2:40,154,4.7,6,64.2,78,29.4,0,20348,0,0
9/6/2009 2:50,143,8.6,9.4,64.2,78,29.4,0,20348,0,0
9/6/2009 3:00,120,5.7,6.6,64.2,78,29.4,0,20348,0,0
9/6/2009 3:10,149,8.3,9.3,64.2,78,29.4,0,20348,0,0
9/6/2009 3:20,130,8.9,9.8,64.2,78,29.4,0,20348,0,0
9/6/2009 3:30,128,7.6,7.9,64.2,78,29.5,0,20348,0,0
9/6/2009 3:40,127,7.2,9.1,64.2,77,29.5,0,20348,0,0
9/6/2009 3:50,134,7.8,8.8,64.2,77,29.5,0,20348,0,0
9/6/2009 4:00,147,8,9.6,64.2,77,29.5,0,20348,0,0
9/6/2009 4:10,167,6,7.2,64.5,76,29.5,0,20348,0,0
9/6/2009 4:20,146,8.7,9.5,64.7,76,29.5,0,20348,0,0
9/6/2009 4:30,141,6.6,7.3,65.1,75,29.5,0,20348,0,0
9/6/2009 4:40,122,7.5,10.1,65.4,74,29.5,0.01,20498,0,0
9/6/2009 4:50,129,11.1,11.8,65.6,73,29.5,0.01,20498,0,0
9/6/2009 5:00,158,5.2,7.6,66,73,29.5,0.01,20498,0,0
9/6/2009 5:10,131,7.8,11,66.3,72,29.5,0.01,20498,0,0
9/6/2009 5:20,151,9,11.2,66.7,70,29.5,0.01,20498,0,0
9/6/2009 5:30,123,7.3,8.3,67.1,70,29.5,0.01,20498,0,0
9/6/2009 5:40,149,9.6,11.9,67.4,68,29.5,0.01,20498,0,0
9/6/2009 5:50,135,10.7,11.4,67.8,67,29.5,0.01,20498,0,0
9/6/2009 6:00,145,12.8,14.1,68.1,66,29.5,0.01,20498,0,0
9/6/2009 6:10,143,6,7.8,68.9,66,29.5,0.01,20498,0,0
9/6/2009 6:20,107,8.6,9.7,69.6,65,29.5,0.01,20498,0,0
9/6/2009 6:30,109,6.7,8,69.6,65,29.5,0.01,20498,0,0
9/6/2009 6:40,140,11.4,12.9,69.8,64,29.5,0.01,20498,0,0
9/6/2009 6:50,106,6,8.1,70.3,63,29.5,0.01,20498,0,0
9/6/2009 7:00,139,8.8,10.8,70.8,61,29.5,0.01,20498,0,0
9/6/2009 7:10,161,9.4,10.7,71.6,60,29.5,0.01,20498,0,0
9/6/2009 7:20,130,7,8.1,72.1,60,29.5,0.01,20498,0,0
9/6/2009 7:30,106,10.7,12.7,72.1,60,29.5,0.01,20498,0,0
9/6/2009 7:40,130,12.4,13,71.9,60,29.5,0.01,20498,0,0
9/6/2009 7:50,120,8.8,10.5,72.1,60,29.5,0.01,20498,0,0
9/6/2009 8:00,136,7.3,7.8,72.5,60,29.5,0.01,20498,0,0
9/6/2009 8:10,111,9.2,9.5,73.4,58,29.5,0.01,20498,0,0
9/6/2009 8:20,108,5.5,6.3,74.1,58,29.5,0.01,20498,0,0
9/6/2009 8:30,105,9.7,10.6,74.8,51,29.5,0.01,20498,0,0
9/6/2009 8:40,-Invalid-,-Invalid-,-Invalid-,-Invalid-,-Invalid-,-Invalid-,-Invalid-,-Invalid-,-Invalid-,-Invalid-
9/6/2009 8:50,116,20.1,32.8,73.5,56,29.5,0.01,20498,0,0
9/6/2009 9:00,125,3.6,9.8,75.2,52,29.5,0.01,20498,0,0
9/6/2009 9:10,336,52.1,58.8,75.3,56,29.5,0.01,20498,0,0
9/6/2009 9:20,333,60.8,61.5,74.6,59,29.5,0.01,20498,0,0
9/6/2009 9:30,333,61.2,61.5,75.3,61,29.5,0.01,20498,0,0
9/6/2009 9:40,332,61.2,62.3,74.8,63,29.5,0.01,20498,0,0
9/6/2009 9:50,312,59.2,60.1,74.8,63,29.4,0.01,20498,0,0
9/6/2009 10:00,-Invalid-,-Invalid-,-Invalid-,-Invalid-,-Invalid-,-Invalid-,-Invalid-,-Invalid-,-Invalid-,-Invalid-
9/6/2009 10:10,94,10.5,12.6,73.7,67,29.4,0.01,20498,0,0
9/6/2009 10:20,127,13.3,14.6,73.9,67,29.4,0.01,20498,0,0
9/6/2009 10:30,332,54.1,59.1,75.5,65,29.4,0.01,20498,0,0
9/6/2009 10:40,-Invalid-,-Invalid-,-Invalid-,-Invalid-,-Invalid-,-Invalid-,-Invalid-,-Invalid-,-Invalid-,-Invalid-
9/6/2009 10:50,-Invalid-,-Invalid-,-Invalid-,-Invalid-,-Invalid-,-Invalid-,-Invalid-,-Invalid-,-Invalid-,-Invalid-
9/6/2009 11:00,105,15.1,20.2,74.1,64,29.4,0.01,20548,0,0
9/6/2009 11:10,88,8.6,10.2,73.4,66,29.4,0.01,20548,0,0
9/6/2009 11:20,60,8.4,9.3,72.6,71,29.4,0.01,20548,0,0
9/6/2009 11:30,111,13.4,14.7,73.2,68,29.4,0.01,20548,0,0
9/6/2009 11:40,49,7.8,9.1,73.5,69,29.4,0.01,20548,0,0
9/6/2009 11:50,116,2.4,3.4,73.9,69,29.4,0.01,20548,0,0
9/6/2009 12:00,96,12.1,16.6,73,70,29.4,0.01,20548,0,0
9/6/2009 12:10,112,10.7,12.6,73.4,68,29.4,0.01,20548,0,0
9/6/2009 12:20,109,9.9,11.8,73.4,68,29.4,0.01,20548,0,0
9/6/2009 12:30,114,9.9,12.2,73.5,67,29.4,0.01,20548,0,0
9/6/2009 12:40,122,15.7,17.2,74.1,66,29.4,0.01,20548,0,0
9/6/2009 12:50,74,9.4,14.2,73.9,66,29.4,0.01,20548,0,0
9/6/2009 13:00,94,14.8,18.6,73.5,66,29.4,0.01,20548,0,0
9/6/2009 13:10,118,6.7,10.6,73.4,68,29.4,0.01,20548,0,0
9/6/2009 13:20,69,6,8.7,73.4,65,29.4,0.01,20548,0,0
9/6/2009 13:30,75,14.5,15,73.5,66,29.4,0.01,20548,0,0
9/6/2009 13:40,107,12.1,14.3,73.2,68,29.4,0.01,20548,0,0
9/6/2009 13:50,101,13.7,15.9,73.4,68,29.4,0.01,20548,0,0
9/6/2009 14:00,71,9.2,10.3,73.2,67,29.4,0.01,20548,0,0
9/6/2009 14:10,104,13.8,15.8,73,69,29.4,0.01,20548,0,0
9/6/2009 14:20,63,8.3,9.5,73,70,29.4,0.01,20548,0,0
9/6/2009 14:30,55,11.4,12.6,73,68,29.4,0.01,20548,0,0
9/6/2009 14:40,106,5.9,8,73,70,29.4,0.01,20548,0,0
9/6/2009 14:50,107,6.9,9.5,73,70,29.4,0.01,20548,0,0
9/6/2009 15:00,34,13.8,16.3,72.8,68,29.4,0.01,20548,0,0
9/6/2009 15:10,25,9.3,12.8,72.6,70,29.4,0.01,20548,0,0
9/6/2009 15:20,32,13.3,16,72.6,69,29.4,0.01,20548,0,0
9/6/2009 15:30,63,13.7,15.7,72.5,69,29.4,0.01,20548,0,0
9/6/2009 15:40,37,11.4,13.3,72.3,70,29.4,0.01,20548,0,0
9/6/2009 15:50,34,9.5,11,72.3,71,29.4,0.01,20548,0,0
9/6/2009 16:00,55,9.3,11.2,72.1,72,29.4,0.01,20548,0,0
9/6/2009 16:10,27,9.1,10,71.9,73,29.4,0.01,20548,0,0
9/6/2009 16:20,54,9.3,11,71.7,75,29.4,0.01,20548,0,0
9/6/2009 16:30,13,7.8,9.5,71.6,73,29.4,0.01,20548,0,0
9/6/2009 16:40,344,6.8,8.7,71.6,71,29.4,0.01,20548,0,0
9/6/2009 16:50,22,5.7,7.3,71.4,71,29.4,0.01,20548,0,0
9/6/2009 17:00,37,7.3,9,71,71,29.4,0.01,20548,0,0
9/6/2009 17:10,11,5.8,7,70.8,72,29.4,0.01,20548,0,0
9/6/2009 17:20,11,6,7,70.7,72,29.4,0.01,20548,0,0
9/6/2009 17:30,26,6.9,8.7,70.8,72,29.4,0.01,20548,0,0
9/6/2009 17:40,84,7.5,8.7,70.5,72,29.4,0.01,20548,0,0
9/6/2009 17:50,50,6.3,7.5,70.5,72,29.4,0.01,20548,0,0
9/6/2009 18:00,90,6,7.2,70.7,70,29.4,0.01,20548,0,0
9/6/2009 18:10,74,6.2,6.9,70.7,67,29.4,0.01,20548,0,0
9/6/2009 18:20,53,5.2,5.9,70.5,64,29.4,0.01,20548,0,0
9/6/2009 18:30,108,5.8,6.5,70.3,63,29.4,0.01,20548,0,0
9/6/2009 18:40,107,7.2,8,70.3,63,29.4,0.01,20548,0,0
9/6/2009 18:50,111,7,9.6,70.1,62,29.4,0.01,20548,0,0
9/6/2009 19:00,114,9.3,10,69.9,59,29.4,0.01,20828,0,0
9/6/2009 19:10,117,9.4,10.3,69.9,59,29.4,0.01,20828,0,0
9/6/2009 19:20,114,9.1,9.9,69.9,58,29.4,0.01,20828,0,0
9/6/2009 19:30,113,5.7,7,69.9,59,29.4,0.01,20828,0,0
9/6/2009 19:40,106,7.5,8.2,69.9,58,29.4,0.01,20828,0,0
9/6/2009 19:50,105,7.1,8.5,69.8,58,29.4,0.01,20828,0,0
9/6/2009 20:00,125,7.5,8.9,69.8,59,29.4,0.01,20828,0,0
9/6/2009 20:10,69,6.1,7.7,69.8,59,29.4,0.01,20828,0,0
9/6/2009 20:20,189,6.4,8.8,69.9,59,29.4,0.01,20828,0,0
9/6/2009 20:30,135,15.1,16.6,70.1,58,29.4,0.01,20828,0,0
9/6/2009 20:40,168,7.8,9.1,70.1,59,29.4,0.01,20828,0,0
9/6/2009 20:50,98,5.6,8,69.9,59,29.4,0.01,20828,0,0
9/6/2009 21:00,130,9.3,11.9,70.1,59,29.4,0,20828,0,0
9/6/2009 21:10,111,12.5,15,70.1,59,29.4,0,20828,0,0
9/6/2009 21:20,115,9.6,10.9,69.9,59,29.4,0,20828,0,0
9/6/2009 21:30,201,5,6.1,69.9,59,29.4,0,20828,0,0
9/6/2009 21:40,143,12.5,14,69.9,59,29.4,0,20828,0,0
9/6/2009 21:50,154,10,11.5,69.8,60,29.4,0,20828,0,0
9/6/2009 22:00,141,9.7,11.5,69.6,60,29.3,0,20828,0,0
9/6/2009 22:10,137,10.5,14.1,69.6,61,29.3,0,20828,0,0
9/6/2009 22:20,142,8.4,9.3,69.4,61,29.3,0,20828,0,0
9/6/2009 22:30,151,6.1,7.7,69.4,61,29.3,0,20828,0,0
9/6/2009 22:40,158,10.9,13.5,69.4,61,29.3,0,20828,0,0
9/6/2009 22:50,134,11.3,12.6,69.2,62,29.3,0,20828,0,0
9/6/2009 23:00,89,6.5,8,69,62,29.3,0,20828,0,0
9/6/2009 23:10,159,11.8,14.9,69,62,29.3,0,20828,0,0
9/6/2009 23:20,152,7.4,9.8,68.9,63,29.3,0,20828,0,0
9/6/2009 23:30,143,10.8,12.7,68.9,63,29.3,0,20828,0,0
9/6/2009 23:40,177,7.9,12.8,68.9,63,29.3,0,20828,0,0
9/6/2009 23:50,125,12.6,13.9,68.7,63,29.3,0,20828,0,0
9/7/2009 0:00,161,7.5,9.8,68.7,64,29.3,0,20828,0,0
9/7/2009 0:10,150,9.7,12.5,68.5,64,29.3,0,20828,0,0
9/7/2009 0:20,145,5,5.4,68.3,65,29.3,0,20828,0,0
9/7/2009 0:30,129,8.4,9.9,68.3,65,29.3,0,20828,0,0
9/7/2009 0:40,164,8.7,11.2,68.3,65,29.3,0,20828,0,0
9/7/2009 0:50,136,6.2,8.1,68.3,65,29.3,0,20828,0,0
9/7/2009 1:00,125,10.1,12.9,68.3,66,29.3,0,20828,0,0
9/7/2009 1:10,138,6.3,11.1,68.1,66,29.3,0,20828,0,0
9/7/2009 1:20,181,6.4,9.8,68.1,66,29.3,0,20828,0,0
9/7/2009 1:30,148,11,14,68.1,67,29.3,0,20828,0,0
9/7/2009 1:40,150,16,19.3,68.1,67,29.3,0,20828,0,0
9/7/2009 1:50,133,8.4,13.2,68.1,67,29.3,0,20828,0,0
9/7/2009 2:00,141,12,13.6,68.1,68,29.3,0,20828,0,0
9/7/2009 2:10,144,9.2,13.8,68.1,69,29.3,0,20828,0,0
9/7/2009 2:20,132,14.8,17.2,68.1,69,29.3,0,20828,0,0
9/7/2009 2:30,164,14.1,15.4,68.1,69,29.3,0,20828,0,0
9/7/2009 2:40,167,7.7,9.1,68.1,70,29.3,0,20828,0,0
9/7/2009 2:50,119,8.5,9.9,68,70,29.3,0,20828,0,0
9/7/2009 3:00,157,11.3,14.1,67.8,71,29.3,0,20828,0,0
9/7/2009 3:10,139,17.1,18.4,67.8,71,29.3,0,20828,0,0
9/7/2009 3:20,170,9.4,11.1,67.8,71,29.3,0,20828,0,0
9/7/2009 3:30,335,5.1,6.5,67.8,72,29.3,0,20828,0,0
9/7/2009 3:40,121,6.1,8.4,67.2,75,29.3,0,20978,0,0
9/7/2009 3:50,173,4.8,5.7,66.3,80,29.3,0,21028,0,0
9/7/2009 4:00,165,5.7,6.9,65.8,82,29.3,0,21048,0,0
9/7/2009 4:10,150,11,14.4,66.2,79,29.3,0,21048,0,0
9/7/2009 4:20,174,6.5,9.2,66.5,79,29.3,0,21058,0,0
9/7/2009 4:30,171,7.5,8.7,66.5,79,29.3,0,21058,0,0
9/7/2009 4:40,165,5.8,7.4,66.7,79,29.3,0,21058,0,0
9/7/2009 4:50,169,5.6,8.6,66.7,79,29.3,0,21058,0,0
9/7/2009 5:00,163,8.9,10,66.9,79,29.3,0,21058,0,0
9/7/2009 5:10,129,11.7,12.5,66.2,83,29.3,0.05,21368,1.52,1.52
9/7/2009 5:20,129,8.4,10.6,65.4,85,29.3,0.07,21588,0,0
9/7/2009 5:30,150,7.4,9,65.8,83,29.3,0.07,21588,0,0
9/7/2009 5:40,154,7.4,9.9,66.2,83,29.3,0.07,21588,0,0
9/7/2009 5:50,132,9.3,10.7,66.5,83,29.3,0.07,21588,0,0
9/7/2009 6:00,126,5.5,7.7,67.2,83,29.3,0.07,21588,0,0
9/7/2009 6:10,156,8.1,11,68,80,29.3,0.07,21588,0,0
9/7/2009 6:20,191,9.8,12.5,68.3,79,29.3,0.07,21588,0,0
9/7/2009 6:30,175,4.6,6.6,68.7,79,29.3,0.07,21588,0,0
9/7/2009 6:40,171,7.4,8.8,69,79,29.3,0.07,21588,0,0
9/7/2009 6:50,172,6.4,7.8,69.4,78,29.3,0.07,21588,0,0
9/7/2009 7:00,145,7.7,9.8,69.6,78,29.3,0.07,21588,0,0
9/7/2009 7:10,164,8.5,9.7,69.8,77,29.3,0.07,21588,0,0
9/7/2009 7:20,116,4.7,6.1,69.9,78,29.3,0.07,21588,0,0
9/7/2009 7:30,174,6.7,9.5,70.3,77,29.3,0.07,21588,0,0
9/7/2009 7:40,175,8.1,11,70.5,76,29.3,0.07,21588,0,0
9/7/2009 7:50,146,11.1,12.2,71.2,75,29.3,0.07,21588,0,0
9/7/2009 8:00,154,13.4,14.6,71.4,74,29.3,0.07,21588,0,0
9/7/2009 8:10,135,10.4,11.8,71,75,29.3,0.07,21588,0,0
9/7/2009 8:20,140,12,14.1,71.2,74,29.3,0.07,21588,0,0
9/7/2009 8:30,156,13.7,16,71.9,72,29.3,0.07,21588,0,0
9/7/2009 8:40,137,10.5,11.6,71.9,73,29.3,0.07,21588,0,0
9/7/2009 8:50,145,13.1,16,72.1,71,29.3,0.07,21588,0,0
9/7/2009 9:00,125,12.4,13.7,72.6,72,29.3,0.07,21588,0,0
9/7/2009 9:10,142,12.6,14.4,73.2,69,29.3,0.07,21588,0,0
9/7/2009 9:20,118,10.9,14.5,73.5,70,29.3,0.07,21588,0,0
9/7/2009 9:30,135,12.7,13.9,73.7,68,29.3,0.07,21588,0,0
9/7/2009 9:40,137,8.7,10.2,73.4,69,29.3,0.07,21588,0,0
9/7/2009 9:50,169,13.3,15.2,73,68,29.3,0.07,21588,0,0
9/7/2009 10:00,101,7.6,10.8,72.8,69,29.3,0.07,21588,0,0
9/7/2009 10:10,120,8.6,9.7,73.4,69,29.3,0.07,21588,0,0
9/7/2009 10:20,118,8.8,13.1,73.2,68,29.3,0.07,21588,0,0
9/7/2009 10:30,121,9.3,13.3,73.5,67,29.3,0.07,21588,0,0
9/7/2009 10:40,123,8.8,10.5,73.9,66,29.3,0.07,21588,0,0
9/7/2009 10:50,-Invalid-,-Invalid-,-Invalid-,-Invalid-,-Invalid-,-Invalid-,-Invalid-,-Invalid-,-Invalid-,-Invalid-
9/7/2009 11:00,126,8.4,11.9,75.7,62,29.3,0.07,21588,0,0
9/7/2009 11:10,104,6.6,7.3,75.5,61,29.3,0.07,21588,0,0
9/7/2009 11:20,115,5.8,10.4,75.3,62,29.3,0.07,21588,0,0
9/7/2009 11:30,136,7.1,8.8,75.2,61,29.3,0.07,21588,0,0
9/7/2009 11:40,135,9.8,11.6,75.2,62,29.3,0.07,21588,0,0
9/7/2009 11:50,108,12.1,15.2,75.2,63,29.3,0.07,21588,0,0
9/7/2009 12:00,122,8.8,11.4,75.7,59,29.3,0.07,21588,0,0
9/7/2009 12:10,127,8.4,9.4,75.3,63,29.3,0.07,21588,0,0
9/7/2009 12:20,129,7.2,9.5,75,63,29.3,0.07,21588,0,0
9/7/2009 12:30,123,9.2,10.6,75.9,61,29.3,0.07,21588,0,0
9/7/2009 12:40,136,9.7,11.8,75.5,61,29.3,0.07,21588,0,0
9/7/2009 12:50,116,6.4,7.4,75.7,60,29.3,0.07,21588,0,0
9/7/2009 13:00,119,4.8,8.2,76.1,58,29.3,0.07,21588,0,0
9/7/2009 13:10,139,12,13.3,77,64,29.3,0.07,21588,0,0
9/7/2009 13:20,105,5.9,7.9,74.3,72,29.3,0.07,21588,0,0
9/7/2009 13:30,124,11.2,13.9,73.4,76,29.3,0.07,21588,0,0
9/7/2009 13:40,68,9.5,10.4,72.5,80,29.3,0.07,21588,0,0
9/7/2009 13:50,91,22.6,26.5,72.1,81,29.3,0.07,21588,0,0
9/7/2009 14:00,38,13.6,22.3,71.6,82,29.3,0.07,21588,0,0
9/7/2009 14:10,116,2.9,4.4,71.9,82,29.3,0.07,21588,0,0
9/7/2009 14:20,111,4,5.2,73.4,67,29.3,0.07,21588,0,0
9/7/2009 14:30,136,7.1,8.5,75,63,29.3,0.07,21588,0,0
9/7/2009 14:40,132,9.8,11.9,75.2,62,29.3,0.07,21588,0,0
9/7/2009 14:50,130,5.3,7.6,75.3,62,29.3,0.07,21588,0,0
9/7/2009 15:00,121,5.8,8,75.2,63,29.3,0.07,21588,0,0
9/7/2009 15:10,123,7.5,8.2,74.6,65,29.3,0.07,21588,0,0
9/7/2009 15:20,130,6.8,8.3,74.8,64,29.3,0.07,21588,0,0
9/7/2009 15:30,162,9.2,9.8,74.1,65,29.3,0.07,21588,0,0
9/7/2009 15:40,144,10.9,12.4,73.4,66,29.3,0.07,21588,0,0
9/7/2009 15:50,142,8.8,9.5,73,67,29.3,0.07,21588,0,0
9/7/2009 16:00,153,9.1,11.3,72.6,68,29.3,0.07,21588,0,0
9/7/2009 16:10,197,7.9,11,72.1,66,29.3,0.07,21588,0,0
9/7/2009 16:20,209,8.7,10.6,71.4,68,29.3,0.07,21588,0,0
9/7/2009 16:30,196,10.1,11.2,70.8,69,29.3,0.07,21588,0,0
9/7/2009 16:40,136,5,7.6,70.5,71,29.3,0.07,21588,0,0
9/7/2009 16:50,187,5.7,6.1,70.1,72,29.3,0.07,21588,0,0
9/7/2009 17:00,174,4.7,6.8,69.9,74,29.3,0.07,21588,0,0
9/7/2009 17:10,166,4.9,6.3,69.6,75,29.3,0.07,21588,0,0
9/7/2009 17:20,153,6.3,9.2,68.9,78,29.3,0.07,21588,0,0
9/7/2009 17:30,131,4.4,6,68.5,81,29.3,0.07,21718,0,0
9/7/2009 17:40,130,4,4.5,68.1,81,29.3,0.07,21748,0,0
9/7/2009 17:50,119,5,5.5,68,82,29.3,0.07,21948,0,0
9/7/2009 18:00,182,3.9,4.9,67.6,83,29.3,0.07,21948,0,0
9/7/2009 18:10,129,6.8,7.5,67.4,83,29.3,0.07,21948,0,0
9/7/2009 18:20,169,5.9,6.7,67.4,82,29.3,0.07,21948,0,0
9/7/2009 18:30,144,8,9.3,67.4,81,29.3,0.07,21948,0,0
9/7/2009 18:40,117,5,5.9,67.4,82,29.3,0.07,21948,0,0
9/7/2009 18:50,181,4.2,4.7,67.2,82,29.3,0.07,21948,0,0
9/7/2009 19:00,198,3.6,4.7,67.2,82,29.3,0.07,21948,0,0
9/7/2009 19:10,140,5,5.3,67.2,83,29.3,0.07,21948,0,0
9/7/2009 19:20,112,2.8,4.1,67.2,82,29.3,0.07,21948,0,0
9/7/2009 19:30,118,3.2,3.4,67.2,82,29.3,0.07,21948,0,0
9/7/2009 19:40,124,5.4,5.7,67.4,81,29.3,0.07,21948,0,0
9/7/2009 19:50,94,1.8,2.7,67.2,82,29.3,0.07,21948,0,0
9/7/2009 20:00,71,2.6,3,67.1,83,29.3,0.07,21948,0,0
9/7/2009 20:10,106,2.1,2.2,66.9,83,29.3,0.07,21948,0,0
9/7/2009 20:20,102,3,3.3,66.9,83,29.3,0.07,21948,0,0
9/7/2009 20:30,134,6.8,7.2,66.9,83,29.3,0.07,21948,0,0
9/7/2009 20:40,99,4.6,5.5,66.9,83,29.3,0.07,21948,0,0
9/7/2009 20:50,106,6.1,6.4,66.9,83,29.3,0.07,21948,0,0
9/7/2009 21:00,127,6.1,7.2,66.9,83,29.3,0,21948,0,0
9/7/2009 21:10,110,4.5,5.2,66.9,82,29.3,0,21948,0,0
9/7/2009 21:20,85,5.3,6.3,66.9,82,29.3,0,21948,0,0
9/7/2009 21:30,123,5.6,6.1,66.9,82,29.3,0,21948,0,0
9/7/2009 21:40,100,5.8,6.8,66.9,82,29.3,0,21948,0,0
9/7/2009 21:50,103,8.4,10.2,66.7,82,29.3,0,21948,0,0
9/7/2009 22:00,98,9.7,11,66.7,82,29.3,0,21948,0,0
9/7/2009 22:10,127,7.5,8.5,66.7,82,29.3,0,21948,0,0
9/7/2009 22:20,89,4.8,5.9,66.7,82,29.3,0,21948,0,0
9/7/2009 22:30,98,5.7,6.5,66.7,81,29.3,0,21948,0,0
9/7/2009 22:40,112,4.7,5.2,66.7,81,29.3,0,21948,0,0
9/7/2009 22:50,101,5.1,5.5,66.7,81,29.3,0,21948,0,0
9/7/2009 23:00,129,7.5,8.6,66.7,81,29.3,0,21948,0,0
9/7/2009 23:10,114,7,7.7,66.7,81,29.3,0,21948,0,0
9/7/2009 23:20,132,7,8.1,66.9,80,29.3,0,21948,0,0
9/7/2009 23:30,133,4.9,6.3,66.9,80,29.3,0,21948,0,0
9/7/2009 23:40,117,7,7.6,66.7,80,29.3,0,21948,0,0
9/7/2009 23:50,138,5.3,5.8,66.7,80,29.3,0,21948,0,0
9/8/2009 0:00,125,8.6,9.8,66.7,80,29.3,0,21948,0,0
9/8/2009 0:10,120,4.3,4.7,66.7,80,29.3,0,21948,0,0
9/8/2009 0:20,52,2.4,3.8,66.7,80,29.3,0,21948,0,0
9/8/2009 0:30,137,6.1,7,66.5,80,29.3,0,21948,0,0
9/8/2009 0:40,171,4,4.4,66.5,81,29.3,0,21948,0,0
9/8/2009 0:50,135,3.2,3.5,66.5,81,29.3,0,21948,0,0
9/8/2009 1:00,124,5.2,5.9,66.5,80,29.3,0,21948,0,0
9/8/2009 1:10,136,7,7.6,66.5,80,29.3,0,21948,0,0
9/8/2009 1:20,117,4.3,5.8,66.3,80,29.3,0,21948,0,0
9/8/2009 1:30,179,5.5,7.4,66.3,80,29.3,0,21948,0,0
9/8/2009 1:40,163,5.8,6.5,66.3,81,29.3,0,21948,0,0
9/8/2009 1:50,161,5.9,6.7,66.3,81,29.3,0,21948,0,0
9/8/2009 2:00,151,6.3,9.3,66.3,81,29.3,0,21948,0,0
9/8/2009 2:10,132,5.1,5.9,66.3,81,29.3,0,21948,0,0
9/8/2009 2:20,138,7.6,9.4,66.3,81,29.3,0,21948,0,0
9/8/2009 2:30,193,2.9,4.5,66.3,81,29.3,0,21948,0,0
9/8/2009 2:40,126,6.1,6.9,66.2,81,29.3,0,21948,0,0
9/8/2009 2:50,118,5.2,5.8,66,81,29.3,0,21948,0,0
9/8/2009 3:00,107,2.5,3.1,66,81,29.3,0,21948,0,0
9/8/2009 3:10,132,2.6,3.5,66.2,81,29.3,0,21948,0,0
9/8/2009 3:20,149,5.7,6.3,66.2,81,29.3,0,21948,0,0
9/8/2009 3:30,128,4.6,5.5,66.2,81,29.3,0,21948,0,0
9/8/2009 3:40,186,4.9,6.7,66.2,81,29.3,0,21948,0,0
9/8/2009 3:50,132,5.3,5.9,66.2,81,29.3,0,21948,0,0
9/8/2009 4:00,155,3.1,3.7,66,81,29.3,0,21948,0,0
9/8/2009 4:10,121,4.8,5.3,66,81,29.3,0,21948,0,0
9/8/2009 4:20,142,4.7,5.5,66,82,29.3,0,21948,0,0
9/8/2009 4:30,113,5.6,6.1,66.2,81,29.3,0,21948,0,0
9/8/2009 4:40,158,3.7,5,66.2,81,29.3,0,21948,0,0
9/8/2009 4:50,120,4.2,4.6,66.2,81,29.3,0,21948,0,0
9/8/2009 5:00,218,3.1,4.7,66.2,81,29.3,0,21948,0,0
9/8/2009 5:10,28,3.4,4.3,66.3,81,29.3,0,21948,0,0
9/8/2009 5:20,105,2,2.3,66.3,81,29.3,0,21948,0,0
9/8/2009 5:30,79,2.7,3.8,66.5,81,29.3,0,21948,0,0
9/8/2009 5:40,131,7.1,7.8,66.7,80,29.3,0,21948,0,0
9/8/2009 5:50,131,8.1,8.4,66.7,80,29.3,0,21948,0,0
9/8/2009 6:00,137,5.6,6.1,66.7,80,29.3,0,21948,0,0
9/8/2009 6:10,167,6,7.6,66.9,80,29.3,0,21948,0,0
9/8/2009 6:20,145,3.8,5.1,67.1,80,29.3,0,21948,0,0
9/8/2009 6:30,128,3.2,3.6,67.4,79,29.3,0,21948,0,0
9/8/2009 6:40,145,5,6.9,67.8,80,29.3,0,21948,0,0
9/8/2009 6:50,142,3,3.7,68.3,80,29.3,0,22058,0,0
9/8/2009 7:00,40,5.3,9.3,68.9,79,29.3,0,22078,0,0
9/8/2009 7:10,140,8,8.8,69.8,75,29.3,0,22078,0,0
9/8/2009 7:20,142,5,5.7,70.1,73,29.3,0,22078,0,0
9/8/2009 7:30,120,3.1,4,70.3,73,29.3,0,22078,0,0
9/8/2009 7:40,185,7.8,11.2,70.8,72,29.3,0,22078,0,0
9/8/2009 7:50,153,6.9,9,70.7,72,29.3,0,22078,0,0
9/8/2009 8:00,138,6.6,7.7,71.4,74,29.3,0,22078,0,0
9/8/2009 8:10,139,11.1,13.5,71.2,72,29.3,0,22078,0,0
9/8/2009 8:20,96,5,8.7,71.4,74,29.3,0,22078,0,0
9/8/2009 8:30,124,1.7,3.6,71.6,71,29.3,0,22078,0,0
9/8/2009 8:40,132,5.4,7,71.9,68,29.3,0,22078,0,0
9/8/2009 8:50,94,2.9,3.9,72.1,70,29.3,0,22078,0,0
9/8/2009 9:00,102,3.6,4.3,71.7,70,29.3,0,22078,0,0
9/8/2009 9:10,104,4.9,6.1,71.6,72,29.3,0,22078,0,0
9/8/2009 9:20,124,5.6,5.9,71.2,72,29.3,0,22078,0,0
9/8/2009 9:30,134,5.2,8.2,70.8,73,29.3,0,22118,0,0
9/8/2009 9:40,120,6.3,9.1,71,73,29.3,0,22258,0,0
9/8/2009 9:50,98,6.4,6.9,71.7,70,29.3,0,22298,0,0
9/8/2009 10:00,124,11.7,13.6,71.2,74,29.3,0,22308,0,0
9/8/2009 10:10,104,12.5,13.3,71.9,72,29.3,0,22308,0,0
9/8/2009 10:20,69,7.6,9.3,71.7,72,29.3,0,22308,0,0
9/8/2009 10:30,58,8.1,8.9,71.2,74,29.3,0,22308,0,0
9/8/2009 10:40,55,7.5,9.8,71.6,77,29.3,0,22308,0,0
9/8/2009 10:50,105,13.1,16.3,71.6,78,29.3,0,22308,0,0
9/8/2009 11:00,61,13.8,15.7,71,76,29.3,0,22308,0,0
9/8/2009 11:10,52,4.5,8.9,71,79,29.3,0,22308,0,0
9/8/2009 11:20,125,12.7,15.9,71.9,77,29.3,0,22308,0,0
9/8/2009 11:30,64,13.6,16.1,71.2,78,29.3,0,22308,0,0
9/8/2009 11:40,90,11.6,14.6,70.7,81,29.3,0,22308,0,0
9/8/2009 11:50,84,7.3,10.1,71,80,29.3,0,22308,0,0
9/8/2009 12:00,39,13,15.2,71,80,29.3,0,22308,0,0
9/8/2009 12:10,73,11.6,12.7,71.6,77,29.3,0,22308,0,0
9/8/2009 12:20,99,12.1,14,71.7,78,29.3,0,22308,0,0
9/8/2009 12:30,58,13.9,17.1,71,81,29.3,0,22308,0,0
9/8/2009 12:40,40,15.8,23.2,71.4,79,29.3,0,22308,0,0
9/8/2009 12:50,112,10.5,14.6,71.4,80,29.2,0,22308,0,0
9/8/2009 13:00,104,7.1,8.8,72.3,77,29.2,0,22308,0,0
9/8/2009 13:10,115,9.7,15.8,71.9,78,29.2,0,22308,0,0
9/8/2009 13:20,155,7.5,14.5,72.3,78,29.2,0,22308,0,0
9/8/2009 13:30,72,9.4,11.1,71.4,80,29.2,0,22308,0,0
9/8/2009 13:40,71,9.3,11,71,82,29.2,0,22308,0,0
9/8/2009 13:50,68,8.6,10.3,70.8,81,29.2,0,22308,0,0
9/8/2009 14:00,41,16.5,20.8,70.7,81,29.2,0,22308,0,0
9/8/2009 14:10,50,15.4,17.8,70.8,81,29.2,0,22308,0,0
9/8/2009 14:20,58,12.6,13.5,71,80,29.2,0,22308,0,0
9/8/2009 14:30,56,10,11.6,71.6,79,29.2,0,22308,0,0
9/8/2009 14:40,70,11.5,13.6,71.4,79,29.2,0,22308,0,0
9/8/2009 14:50,72,13.8,16.3,71.4,78,29.2,0,22308,0,0
9/8/2009 15:00,50,15.9,17.7,71.2,79,29.2,0,22308,0,0
9/8/2009 15:10,52,11.3,14.3,71,79,29.2,0,22308,0,0
9/8/2009 15:20,34,14.8,16.3,71,79,29.2,0,22408,0,0
9/8/2009 15:30,97,8.5,10.8,71,80,29.2,0,22408,0,0
9/8/2009 15:40,64,13,14.9,70.8,79,29.2,0,22408,0,0
9/8/2009 15:50,359,7.6,9.4,71,77,29.3,0,22408,0,0
9/8/2009 16:00,359,7.7,10.1,71,78,29.3,0,22408,0,0
9/8/2009 16:10,48,7,8.3,70.8,80,29.3,0,22408,0,0
9/8/2009 16:20,31,8.2,9.1,70.7,79,29.3,0,22408,0,0
9/8/2009 16:30,54,6.9,9.6,70.7,79,29.3,0,22408,0,0
9/8/2009 16:40,94,9.3,9.8,70.7,78,29.3,0,22408,0,0
9/8/2009 16:50,355,7.6,9.6,70.5,79,29.3,0,22408,0,0
9/8/2009 17:00,30,6,7.7,70.5,79,29.3,0,22408,0,0
9/8/2009 17:10,73,8.2,10.6,70.3,80,29.3,0,22408,0,0
9/8/2009 17:20,59,4.9,5.5,70.1,80,29.3,0,22408,0,0
9/8/2009 17:30,114,5.9,6.4,70.1,81,29.3,0,22408,0,0
9/8/2009 17:40,3,6.3,7.2,70.1,81,29.3,0,22408,0,0
9/8/2009 17:50,89,6.3,7.1,70.1,82,29.3,0,22408,0,0
9/8/2009 18:00,97,6.6,7.6,69.9,83,29.3,0,22408,0,0
9/8/2009 18:10,5,6,6.9,69.8,84,29.3,0,22408,0,0
9/8/2009 18:20,65,6.2,7.5,69.8,84,29.3,0,22408,0,0
9/8/2009 18:30,66,6.5,8.4,69.6,84,29.3,0,22408,0,0
9/8/2009 18:40,75,6.5,9.1,69.4,84,29.3,0,22408,0,0
9/8/2009 18:50,67,4.5,4.9,69.2,84,29.3,0,22408,0,0
9/8/2009 19:00,19,5,5.4,69.2,84,29.3,0,22408,0,0
9/8/2009 19:10,92,6.2,7.6,69.2,85,29.3,0,22408,0,0
9/8/2009 19:20,103,4.7,5.5,69.2,85,29.3,0,22408,0,0
9/8/2009 19:30,121,4.8,5.1,69.2,85,29.3,0,22408,0,0
9/8/2009 19:40,111,3.3,5.4,69.2,85,29.3,0,22408,0,0
9/8/2009 19:50,118,2.7,3.1,69,86,29.3,0,22408,0,0
9/8/2009 20:00,117,3.2,3.5,69,86,29.3,0,22408,0,0
9/8/2009 20:10,114,2.6,2.9,69,86,29.3,0,22408,0,0
9/8/2009 20:20,176,3.4,4.2,68.5,86,29.3,0,22408,0,0
9/8/2009 20:30,189,4.4,6.4,68.3,87,29.3,0,22408,0,0
9/8/2009 20:40,137,4.9,5.9,68.1,88,29.3,0,22408,0,0
9/8/2009 20:50,149,5.4,6.1,68.1,88,29.3,0,22408,0,0
9/8/2009 21:00,141,4.3,4.9,68.5,88,29.3,0,22408,0,0
9/8/2009 21:10,133,4.8,5.1,68.3,88,29.3,0,22408,0,0
9/8/2009 21:20,109,6,6.5,68.5,89,29.3,0,22408,0,0
9/8/2009 21:30,108,6.7,7.9,68.7,88,29.3,0,22408,0,0
9/8/2009 21:40,115,4.9,5.2,68.3,89,29.3,0,22408,0,0
9/8/2009 21:50,119,4.7,5.2,68.3,88,29.3,0,22408,0,0
9/8/2009 22:00,133,5.2,5.4,68.1,87,29.3,0,22408,0,0
9/8/2009 22:10,90,4.5,4.9,68.1,86,29.3,0,22408,0,0
9/8/2009 22:20,108,3.8,3.9,68.1,86,29.3,0,22408,0,0
9/8/2009 22:30,126,4.2,4.4,68.1,86,29.3,0,22408,0,0
9/8/2009 22:40,130,4.6,5.1,68.3,85,29.3,0,22408,0,0
9/8/2009 22:50,115,2.7,3.2,68.3,84,29.3,0,22408,0,0
9/8/2009 23:00,107,5.2,6.3,68.5,84,29.3,0,22408,0,0
9/8/2009 23:10,127,3.4,4,68.5,83,29.3,0,22408,0,0
9/8/2009 23:20,207,3.3,4.2,68.5,83,29.3,0,22408,0,0
9/8/2009 23:30,149,1.5,2.8,68.3,84,29.3,0,22408,0,0
9/8/2009 23:40,342,5.7,6.3,68.1,84,29.3,0,22408,0,0
9/8/2009 23:50,192,2.6,3.5,68.1,84,29.3,0,22408,0,0
9/9/2009 0:00,135,1.7,2,68,86,29.3,0,22408,0,0
9/9/2009 0:10,345,7.3,8,68.3,85,29.3,0,22408,0,0
9/9/2009 0:20,1,5.8,7.3,68.1,86,29.3,0,22408,0,0
9/9/2009 0:30,6,5,5.8,68.3,84,29.3,0,22408,0,0
9/9/2009 0:40,99,4.5,5,68.3,83,29.3,0,22408,0,0
9/9/2009 0:50,99,6,6.3,68.1,83,29.3,0,22408,0,0
9/9/2009 1:00,28,3.7,5.3,68.3,82,29.3,0,22408,0,0
9/9/2009 1:10,16,4.6,4.8,68.3,82,29.3,0,22408,0,0
9/9/2009 1:20,95,3.5,4.2,68.3,82,29.3,0,22408,0,0
9/9/2009 1:30,9,7.3,9,68.1,82,29.3,0,22408,0,0
9/9/2009 1:40,20,6.8,8,68.3,82,29.3,0,22408,0,0
9/9/2009 1:50,16,6.2,8.2,68.7,81,29.3,0,22408,0,0
9/9/2009 2:00,63,3.8,4.6,68.7,81,29.3,0,22408,0,0
9/9/2009 2:10,30,4.6,5.7,68.5,80,29.3,0,22408,0,0
9/9/2009 2:20,104,5.1,5.6,68.3,80,29.3,0,22408,0,0
9/9/2009 2:30,113,3.3,3.6,68.1,81,29.3,0,22408,0,0
9/9/2009 2:40,353,4.8,5.5,68.1,81,29.3,0,22408,0,0
9/9/2009 2:50,97,6.4,7.1,68.1,80,29.3,0,22408,0,0
9/9/2009 3:00,98,3.9,4.6,68.1,80,29.3,0,22408,0,0
9/9/2009 3:10,109,2.5,3,67.8,81,29.3,0,22408,0,0
9/9/2009 3:20,126,3.2,3.5,67.4,81,29.3,0,22408,0,0
9/9/2009 3:30,125,2.5,2.8,67.4,82,29.3,0,22408,0,0
9/9/2009 3:40,347,5.7,6.8,67.4,81,29.3,0,22428,0,0
9/9/2009 3:50,350,5.7,6.2,67.8,78,29.3,0,22428,0,0
9/9/2009 4:00,111,1.3,2.8,67.8,76,29.3,0,22428,0,0
9/9/2009 4:10,92,5.3,6.1,67.6,76,29.3,0,22428,0,0
9/9/2009 4:20,348,5.2,6.6,67.4,79,29.3,0,22428,0,0
9/9/2009 4:30,1,5.1,6,67.2,77,29.3,0,22428,0,0
9/9/2009 4:40,111,3.3,3.9,67.2,77,29.3,0,22428,0,0
9/9/2009 4:50,101,4.6,5,67.4,76,29.3,0,22428,0,0
9/9/2009 5:00,158,4.3,5.4,67.6,75,29.3,0,22428,0,0
9/9/2009 5:10,116,3.8,5,67.6,75,29.3,0,22428,0,0
9/9/2009 5:20,129,3.4,4.3,68,73,29.3,0,22428,0,0
9/9/2009 5:30,149,2.7,3.2,68.3,73,29.3,0,22428,0,0
9/9/2009 5:40,339,5.6,6.7,68.1,73,29.4,0,22428,0,0
9/9/2009 5:50,332,6.3,7.1,68,77,29.4,0,22428,0,0
9/9/2009 6:00,0,4.8,6.3,67.8,74,29.4,0,22428,0,0
9/9/2009 6:10,42,5.4,6.9,67.8,77,29.4,0,22428,0,0
9/9/2009 6:20,106,4.4,5.7,67.8,76,29.4,0,22428,0,0
9/9/2009 6:30,350,5.3,7.2,68,76,29.4,0,22428,0,0
9/9/2009 6:40,22,6.5,9.7,68.7,74,29.4,0,22428,0,0
9/9/2009 6:50,47,7.6,8.6,69,72,29.4,0,22428,0,0
9/9/2009 7:00,96,3.2,4.1,69.6,72,29.4,0,22428,0,0
9/9/2009 7:10,112,2.2,3.7,70.3,72,29.4,0,22428,0,0
9/9/2009 7:20,105,10.2,11.2,71.4,64,29.4,0,22428,0,0
9/9/2009 7:30,122,7.5,8.3,71.6,64,29.4,0,22428,0,0
9/9/2009 7:40,112,9.2,11.6,71.7,64,29.4,0,22428,0,0
9/9/2009 7:50,101,6,6.5,72.5,63,29.4,0,22428,0,0
9/9/2009 8:00,132,5.5,7.4,73.7,61,29.4,0,22428,0,0
9/9/2009 8:10,114,10.2,11.3,72.5,65,29.4,0,22428,0,0
9/9/2009 8:20,64,12.4,14.1,71.9,71,29.4,0,22428,0,0
9/9/2009 8:30,85,9.3,11.3,70.7,74,29.4,0,22428,0,0
9/9/2009 8:40,133,5.9,8.5,70.3,76,29.4,0,22428,0,0
9/9/2009 8:50,79,10.5,12,70.1,75,29.4,0,22428,0,0
9/9/2009 9:00,116,8,10.8,70.5,76,29.4,0,22428,0,0
9/9/2009 9:10,93,9.8,10.5,70.7,75,29.4,0,22428,0,0
9/9/2009 9:20,113,14.2,16.2,71,75,29.4,0,22428,0,0
9/9/2009 9:30,73,13.6,16,71.4,74,29.4,0,22428,0,0
9/9/2009 9:40,104,17.1,18.6,71.9,72,29.4,0,22428,0,0
9/9/2009 9:50,74,13.1,16.6,71.7,73,29.4,0,22428,0,0
9/9/2009 10:00,75,9.5,11,71.6,72,29.4,0,22428,0,0
9/9/2009 10:10,116,15.5,17.3,71.9,72,29.4,0,22428,0,0
9/9/2009 10:20,117,15.1,17,72.1,73,29.4,0,22428,0,0
9/9/2009 10:30,110,10.6,13.1,72.3,74,29.4,0,22428,0,0
9/9/2009 10:40,116,18.2,21.2,72.1,74,29.4,0,22428,0,0
9/9/2009 10:50,81,9.4,12.7,71.6,76,29.4,0,22428,0,0
9/9/2009 11:00,122,6.9,8.5,71.6,77,29.4,0,22428,0,0
9/9/2009 11:10,255,13.3,17.3,71.7,77,29.4,0,22428,0,0
9/9/2009 11:20,107,16,17.4,71.9,77,29.4,0,22428,0,0
9/9/2009 11:30,78,14.5,17.8,71.9,76,29.4,0,22428,0,0
9/9/2009 11:40,315,9.3,12.2,72.3,75,29.4,0,22428,0,0
9/9/2009 11:50,79,15.5,21,72.3,75,29.3,0,22428,0,0
9/9/2009 12:00,118,12.9,17.1,71.9,77,29.3,0,22428,0,0
9/9/2009 12:10,98,11.5,13.5,71.9,76,29.3,0,22428,0,0
9/9/2009 12:20,101,15.5,17.6,72.3,76,29.3,0,22428,0,0
9/9/2009 12:30,67,14.3,18,71.9,76,29.3,0,22428,0,0
9/9/2009 12:40,202,10.7,14.7,72.3,77,29.3,0,22428,0,0
9/9/2009 12:50,147,8.5,11.5,72.3,77,29.3,0,22428,0,0
9/9/2009 13:00,117,9.6,11.7,71.9,77,29.3,0,22428,0,0
9/9/2009 13:10,87,3.8,5.9,72.1,77,29.3,0,22428,0,0
9/9/2009 13:20,118,9.7,10.3,72.3,77,29.3,0,22428,0,0
9/9/2009 13:30,105,16.5,18.6,72.5,78,29.3,0,22428,0,0
9/9/2009 13:40,121,10.2,14.7,72.6,77,29.3,0,22428,0,0
9/9/2009 13:50,116,9.9,14.1,72.6,77,29.3,0,22428,0,0
9/9/2009 14:00,108,19.2,22.1,72.5,75,29.3,0,22428,0,0
9/9/2009 14:10,86,11.6,16.5,72.8,73,29.3,0,22428,0,0
9/9/2009 14:20,102,11.6,13.5,73.2,72,29.3,0,22428,0,0
9/9/2009 14:30,90,7.1,11.1,72.6,75,29.3,0,22428,0,0
9/9/2009 14:40,100,10.8,13,72.6,76,29.3,0,22428,0,0
9/9/2009 14:50,42,10.8,12.4,72.3,76,29.4,0,22428,0,0
9/9/2009 15:00,42,9.5,10.4,71.9,76,29.4,0,22428,0,0
9/9/2009 15:10,14,11.9,13.1,71.7,78,29.4,0,22428,0,0
9/9/2009 15:20,9,9,10.2,71.6,80,29.4,0,22428,0,0
9/9/2009 15:30,22,7.8,9.2,71.6,81,29.4,0,22428,0,0
9/9/2009 15:40,50,12.5,13.5,71.6,81,29.4,0,22428,0,0
9/9/2009 15:50,59,14.6,19,71.6,80,29.4,0,22428,0,0
9/9/2009 16:00,37,9.9,13.6,71.7,78,29.4,0,22428,0,0
9/9/2009 16:10,29,7.1,8.5,71.6,78,29.4,0,22428,0,0
9/9/2009 16:20,359,7.3,8.2,71.4,80,29.4,0,22428,0,0
9/9/2009 16:30,18,8.5,9.7,71.2,82,29.4,0,22428,0,0
9/9/2009 16:40,70,7.2,8.2,71,81,29.4,0,22428,0,0
9/9/2009 16:50,45,8.4,11.9,71,81,29.4,0,22428,0,0
9/9/2009 17:00,54,7.4,8.5,70.8,83,29.4,0,22428,0,0
9/9/2009 17:10,72,11,12.6,70.7,84,29.4,0,22428,0,0
9/9/2009 17:20,101,7,7.5,70.7,81,29.4,0,22428,0,0
9/9/2009 17:30,87,9.5,10.7,70.8,76,29.4,0,22428,0,0
9/9/2009 17:40,84,16.2,21.3,70.7,75,29.4,0,22428,0,0
9/9/2009 17:50,82,9.5,10.7,70.7,75,29.4,0,22428,0,0
9/9/2009 18:00,98,6.4,7.5,70.3,76,29.4,0,22428,0,0
9/9/2009 18:10,103,9.8,10.7,69.9,76,29.4,0,22428,0,0
9/9/2009 18:20,32,4.7,5.5,69.8,75,29.4,0,22428,0,0
9/9/2009 18:30,101,8.5,9.1,69.6,74,29.4,0,22428,0,0
9/9/2009 18:40,23,6,6.9,69.6,73,29.4,0,22428,0,0
9/9/2009 18:50,59,4.4,5.5,69.2,73,29.4,0,22428,0,0
9/9/2009 19:00,48,5.1,6.4,69.2,73,29.4,0,22428,0,0
9/9/2009 19:10,49,4.2,5.2,68.9,74,29.4,0,22428,0,0
9/9/2009 19:20,55,4.2,5,68.7,74,29.4,0,22428,0,0
9/9/2009 19:30,110,5.9,6.7,68.5,74,29.4,0,22428,0,0
9/9/2009 19:40,106,5.1,6.1,68,75,29.4,0,22428,0,0
9/9/2009 19:50,115,4.1,4.6,68,75,29.4,0,22428,0,0
9/9/2009 20:00,111,7,7.6,68,75,29.4,0,22428,0,0
9/9/2009 20:10,118,10.2,11.1,68,73,29.4,0,22428,0,0
9/9/2009 20:20,111,5.6,6.3,68.1,73,29.4,0,22428,0,0
9/9/2009 20:30,113,8.3,10.1,68.1,72,29.4,0,22428,0,0
9/9/2009 20:40,73,4,5.1,68,73,29.4,0,22428,0,0
9/9/2009 20:50,110,5,5.5,67.8,74,29.4,0,22428,0,0
9/9/2009 21:00,82,4.4,6.3,67.4,75,29.4,0,22428,0,0
9/9/2009 21:10,113,4.7,5.1,67.2,75,29.4,0,22428,0,0
9/9/2009 21:20,108,5.3,6.2,67.1,76,29.4,0,22428,0,0
9/9/2009 21:30,17,3.3,3.6,67.1,76,29.4,0,22428,0,0
9/9/2009 21:40,100,3.9,4.9,66.9,76,29.4,0,22428,0,0
9/9/2009 21:50,11,4,4.9,66.9,75,29.4,0,22428,0,0
9/9/2009 22:00,21,4,5.5,67.1,75,29.4,0,22428,0,0
9/9/2009 22:10,100,4.8,5.3,66.9,75,29.4,0,22428,0,0
9/9/2009 22:20,100,4.2,4.5,66.9,75,29.4,0,22428,0,0
9/9/2009 22:30,117,8.8,9.8,66.9,75,29.4,0,22428,0,0
9/9/2009 22:40,141,5.1,5.8,67.1,75,29.4,0,22428,0,0
9/9/2009 22:50,120,4.4,4.9,67.2,74,29.4,0,22428,0,0
9/9/2009 23:00,118,4,4.8,67.2,74,29.4,0,22428,0,0
9/9/2009 23:10,116,5,5.4,67.4,73,29.4,0,22428,0,0
9/9/2009 23:20,114,3.8,4.6,67.1,75,29.4,0,22428,0,0
9/9/2009 23:30,127,5.6,6.7,67.1,74,29.4,0,22428,0,0
9/9/2009 23:40,142,4.4,5.1,67.1,74,29.4,0,22428,0,0
9/9/2009 23:50,110,2.7,3.2,66.9,75,29.4,0,22428,0,0
9/10/2009 0:00,118,3,3.4,66.9,75,29.4,0,22428,0,0
9/10/2009 0:10,106,4.2,4.6,67.1,74,29.4,0,22428,0,0
9/10/2009 0:20,2,2.9,4.3,66.7,75,29.4,0,22428,0,0
9/10/2009 0:30,348,3.5,4.8,66.5,75,29.4,0,22428,0,0
9/10/2009 0:40,208,4.2,5.1,66.9,75,29.4,0,22428,0,0
9/10/2009 0:50,185,3.9,4.7,66.9,75,29.4,0,22428,0,0
9/10/2009 1:00,182,2.6,2.9,66.5,76,29.4,0,22428,0,0
9/10/2009 1:10,113,2.9,3.2,66.2,77,29.4,0,22428,0,0
9/10/2009 1:20,114,1.3,1.8,66,77,29.4,0,22428,0,0
9/10/2009 1:30,162,2.8,3.5,65.6,78,29.4,0,22428,0,0
9/10/2009 1:40,116,2.4,2.7,66.2,77,29.4,0,22428,0,0
9/10/2009 1:50,134,5.7,6.3,66.3,77,29.4,0,22428,0,0
9/10/2009 2:00,167,3.1,3.6,66.2,77,29.4,0,22428,0,0
9/10/2009 2:10,164,3.1,3.8,66,77,29.4,0,22428,0,0
9/10/2009 2:20,198,1.8,2.2,65.4,79,29.4,0,22428,0,0
9/10/2009 2:30,104,0.6,1,65.3,80,29.4,0,22428,0,0
9/10/2009 2:40,314,1.5,4.4,64.9,80,29.4,0,22428,0,0
9/10/2009 2:50,9,4.1,4.9,65.1,81,29.4,0,22428,0,0
9/10/2009 3:00,347,3.7,4.3,65.1,81,29.4,0,22428,0,0
9/10/2009 3:10,14,4.5,5.9,64.9,81,29.4,0,22428,0,0
9/10/2009 3:20,70,3.9,4.6,64.7,81,29.4,0,22428,0,0
9/10/2009 3:30,8,7.1,10.8,64.5,81,29.4,0,22488,0,0
9/10/2009 3:40,31,6.3,6.7,64.5,81,29.4,0,22498,0,0
9/10/2009 3:50,33,4.2,5,64.7,82,29.5,0.01,22588,0,0
9/10/2009 4:00,25,4.5,5.8,64.5,82,29.5,0.01,22588,0,0
9/10/2009 4:10,80,4.6,5.5,64.5,81,29.5,0.01,22588,0,0
9/10/2009 4:20,98,6.7,7,64.2,82,29.5,0.01,22588,0,0
9/10/2009 4:30,109,5.9,6.3,63.8,83,29.5,0.01,22588,0,0
9/10/2009 4:40,98,4.7,5.1,63.8,83,29.5,0.01,22588,0,0
9/10/2009 4:50,124,5.1,5.4,64.2,82,29.5,0.01,22588,0,0
9/10/2009 5:00,106,4.5,4.8,64.7,81,29.5,0.01,22588,0,0
9/10/2009 5:10,89,1.8,2.8,65.4,80,29.5,0.01,22588,0,0
9/10/2009 5:20,112,3.5,5.2,66.2,79,29.5,0.01,22588,0,0
9/10/2009 5:30,131,4.6,5,66.2,78,29.5,0.01,22588,0,0
9/10/2009 5:40,142,6.7,7.8,66.9,75,29.5,0.01,22588,0,0
9/10/2009 5:50,122,8.4,8.8,67.4,74,29.5,0.01,22588,0,0
9/10/2009 6:00,118,9.4,11.2,67.4,74,29.5,0.01,22588,0,0
9/10/2009 6:10,146,13.7,14.7,67.1,73,29.5,0.01,22588,0,0
9/10/2009 6:20,156,9,10.8,67.8,72,29.5,0.01,22588,0,0
9/10/2009 6:30,152,11,12.7,68,72,29.5,0.01,22588,0,0
9/10/2009 6:40,148,13,14.8,68.1,71,29.5,0.01,22588,0,0
9/10/2009 6:50,136,7.2,10.1,68.1,71,29.5,0.01,22588,0,0
9/10/2009 7:00,143,7.1,7.9,68.5,72,29.5,0.01,22588,0,0
9/10/2009 7:10,142,7,8.4,68.9,71,29.5,0.01,22588,0,0
9/10/2009 7:20,140,6,7.2,69.8,68,29.5,0.01,22588,0,0
9/10/2009 7:30,120,4.3,6.1,70.7,66,29.5,0.01,22588,0,0
9/10/2009 7:40,99,6.3,11.6,71.4,64,29.5,0.01,22588,0,0
9/10/2009 7:50,148,7.6,9,72.5,60,29.5,0.01,22588,0,0
9/10/2009 8:00,134,11.5,14.2,72.8,57,29.5,0.01,22588,0,0
9/10/2009 8:10,134,7.8,9.6,72.8,58,29.5,0.01,22588,0,0
9/10/2009 8:20,143,9.5,10.4,73.2,57,29.5,0.01,22588,0,0
9/10/2009 8:30,137,5.9,6.8,72.6,57,29.5,0.01,22588,0,0
9/10/2009 8:40,127,12.9,16.7,72.8,58,29.5,0.01,22588,0,0
9/10/2009 8:50,108,3.8,5.3,74.1,56,29.5,0.01,22588,0,0
9/10/2009 9:00,112,8,8.9,74.1,54,29.5,0.01,22588,0,0
9/10/2009 9:10,126,13.4,15.9,73.7,55,29.5,0.01,22588,0,0
9/10/2009 9:20,114,16.9,19,75,53,29.5,0.01,22588,0,0
9/10/2009 9:30,336,52,55.9,75.7,52,29.5,0.01,22588,0,0
9/10/2009 9:40,110,9.9,30,74.6,51,29.5,0.01,22588,0,0
9/10/2009 9:50,115,6.3,6.8,74.8,57,29.5,0.01,22588,0,0
9/10/2009 10:00,98,7.4,10,74.3,60,29.5,0.01,22588,0,0
9/10/2009 10:10,-Invalid-,-Invalid-,-Invalid-,-Invalid-,-Invalid-,-Invalid-,-Invalid-,-Invalid-,-Invalid-,-Invalid-
9/10/2009 10:20,349,61.5,65.5,73,63,29.5,0.01,22588,0,0
9/10/2009 10:30,105,11.9,23.8,72.6,64,29.5,0.01,22588,0,0
9/10/2009 10:40,55,4.6,5.8,71.9,69,29.5,0.01,22588,0,0
9/10/2009 10:50,-Invalid-,-Invalid-,-Invalid-,-Invalid-,-Invalid-,-Invalid-,-Invalid-,-Invalid-,-Invalid-,-Invalid-
9/10/2009 11:00,334,56.8,62.1,72.8,67,29.5,0.01,22588,0,0
9/10/2009 11:10,-Invalid-,-Invalid-,-Invalid-,-Invalid-,-Invalid-,-Invalid-,-Invalid-,-Invalid-,-Invalid-,-Invalid-
9/10/2009 11:20,-Invalid-,-Invalid-,-Invalid-,-Invalid-,-Invalid-,-Invalid-,-Invalid-,-Invalid-,-Invalid-,-Invalid-
9/10/2009 11:30,90,7.5,8.2,72.1,72,29.5,0.01,22588,0,0
9/10/2009 11:40,18,1.9,3.4,71.9,71,29.5,0.01,22588,0,0
9/10/2009 11:50,-Invalid-,-Invalid-,-Invalid-,-Invalid-,-Invalid-,-Invalid-,-Invalid-,-Invalid-,-Invalid-,-Invalid-
9/10/2009 12:00,120,17,35.6,73.5,65,29.4,0.01,22588,0,0
9/10/2009 12:10,106,8.9,10.4,73.9,66,29.4,0.01,22588,0,0
9/10/2009 12:20,-Invalid-,-Invalid-,-Invalid-,-Invalid-,-Invalid-,-Invalid-,-Invalid-,-Invalid-,-Invalid-,-Invalid-
9/10/2009 12:30,90,15.5,32.6,73.2,60,29.4,0.01,22588,0,0
9/10/2009 12:40,106,11,12.3,72.8,62,29.4,0.01,22588,0,0
9/10/2009 12:50,113,9.5,11,72.6,64,29.4,0.01,22588,0,0
9/10/2009 13:00,94,17.1,20,73,61,29.4,0.01,22588,0,0
9/10/2009 13:10,35,10,15,72.5,63,29.4,0.01,22588,0,0
9/10/2009 13:20,33,10.9,13.4,71.9,67,29.4,0.01,22588,0,0
9/10/2009 13:30,49,9.9,14,71.7,68,29.4,0.01,22588,0,0
9/10/2009 13:40,61,11.5,12.4,71.7,69,29.4,0.01,22588,0,0
9/10/2009 13:50,51,13.2,16.8,71.7,68,29.4,0.01,22588,0,0
9/10/2009 14:00,63,7.1,12,71.6,70,29.4,0.01,22588,0,0
9/10/2009 14:10,66,8.6,9.2,71.6,70,29.4,0.01,22588,0,0
9/10/2009 14:20,74,13.3,15.8,72.1,69,29.4,0.01,22588,0,0
9/10/2009 14:30,58,6.8,8,71.4,71,29.4,0.01,22588,0,0
9/10/2009 14:40,51,8.5,10.6,71,72,29.4,0.01,22588,0,0
9/10/2009 14:50,70,8.7,10.4,71,72,29.4,0.01,22588,0,0
9/10/2009 15:00,82,10.6,13.4,71,69,29.4,0.01,22588,0,0
9/10/2009 15:10,355,7.9,9.5,71,69,29.4,0.01,22588,0,0
9/10/2009 15:20,46,8.8,9.8,71,69,29.4,0.01,22588,0,0
9/10/2009 15:30,27,7.1,8.5,71.2,69,29.4,0.01,22588,0,0
9/10/2009 15:40,301,6,7.6,71.2,69,29.4,0.01,22588,0,0
9/10/2009 15:50,9,7.4,9.7,71,71,29.4,0.01,22588,0,0
9/10/2009 16:00,62,6.4,7.8,70.7,73,29.4,0.01,22588,0,0
9/10/2009 16:10,8,5.3,5.9,70.7,71,29.4,0.01,22588,0,0
9/10/2009 16:20,95,7.2,8.1,70.7,72,29.4,0.01,22588,0,0
9/10/2009 16:30,55,6.4,7.4,70.5,71,29.4,0.01,22588,0,0
9/10/2009 16:40,118,7.2,9.2,70.3,66,29.4,0.01,22588,0,0
9/10/2009 16:50,119,8.1,9.7,70.3,63,29.4,0.01,22588,0,0
9/10/2009 17:00,118,11.3,13.3,69.8,60,29.4,0.01,22588,0,0
9/10/2009 17:10,124,13.6,14.1,69.4,60,29.4,0.01,22588,0,0
9/10/2009 17:20,117,14.1,15.5,69.2,60,29.4,0.01,22588,0,0
9/10/2009 17:30,116,9.4,10.7,68.9,61,29.4,0.01,22588,0,0
9/10/2009 17:40,175,5.6,7.7,68.5,62,29.4,0.01,22588,0,0
9/10/2009 17:50,135,14.6,15.5,68.3,61,29.4,0.01,22588,0,0
9/10/2009 18:00,140,7.3,8.7,68.1,61,29.4,0.01,22588,0,0
9/10/2009 18:10,128,10.1,11.2,68.1,60,29.4,0.01,22588,0,0
9/10/2009 18:20,103,4.4,5.3,67.8,59,29.4,0.01,22588,0,0
9/10/2009 18:30,130,12,12.7,67.4,58,29.4,0.01,22588,0,0
9/10/2009 18:40,161,8.9,10,67.1,57,29.4,0.01,22588,0,0
9/10/2009 18:50,173,9.5,12.3,66.9,56,29.4,0.01,22588,0,0
9/10/2009 19:00,189,4.3,5.7,66.5,55,29.4,0.01,22588,0,0
9/10/2009 19:10,159,4.7,6.3,66.3,50,29.4,0.01,22588,0,0
9/10/2009 19:20,116,11.2,12.9,66,47,29.4,0.01,22588,0,0
9/10/2009 19:30,148,10.7,12.8,65.4,47,29.5,0.01,22588,0,0
9/10/2009 19:40,138,5.6,7.7,65.1,48,29.5,0.01,22588,0,0
9/10/2009 19:50,152,14.5,16.7,64.7,47,29.4,0.01,22588,0,0
9/10/2009 20:00,163,8.8,12.2,64.4,46,29.5,0.01,22588,0,0
9/10/2009 20:10,149,15.9,18.7,64,47,29.5,0.01,22588,0,0
9/10/2009 20:20,153,11.3,13.9,63.8,47,29.5,0.01,22588,0,0
9/10/2009 20:30,146,11.8,13,63.5,48,29.4,0.01,22588,0,0
9/10/2009 20:40,145,10.9,12.2,63.3,49,29.4,0.01,22588,0,0
9/10/2009 20:50,152,9.7,10.8,63.1,51,29.4,0.01,22588,0,0
9/10/2009 21:00,146,11.4,13.7,62.7,52,29.4,0,22588,0,0
9/10/2009 21:10,138,12.6,14.9,62.6,52,29.4,0,22588,0,0
9/10/2009 21:20,171,16.7,18.3,62.4,53,29.4,0,22588,0,0
9/10/2009 21:30,106,10.8,13.4,62.4,53,29.4,0,22588,0,0
9/10/2009 21:40,151,12.7,15.7,62,54,29.4,0,22588,0,0
9/10/2009 21:50,140,11.3,14.8,61.7,55,29.4,0,22588,0,0
9/10/2009 22:00,146,5.3,7,61.7,55,29.4,0,22588,0,0
9/10/2009 22:10,138,11.2,12.1,61.5,56,29.4,0,22588,0,0
9/10/2009 22:20,146,7.2,10,61.3,56,29.4,0,22588,0,0
9/10/2009 22:30,147,10.3,11,61.3,57,29.4,0,22588,0,0
9/10/2009 22:40,183,4.7,7.8,61.1,57,29.4,0,22588,0,0
9/10/2009 22:50,117,4.6,7,60.9,58,29.4,0,22588,0,0
9/10/2009 23:00,168,7.3,8.6,60.6,59,29.4,0,22588,0,0
9/10/2009 23:10,146,6.2,7.5,60.6,59,29.4,0,22588,0,0
9/10/2009 23:20,162,7.6,8.1,60.6,59,29.4,0,22588,0,0
9/10/2009 23:30,150,7.4,8.5,60.4,60,29.4,0,22588,0,0
9/10/2009 23:40,142,7,7.9,60.4,61,29.4,0,22588,0,0
9/10/2009 23:50,117,4.9,7.2,60.2,61,29.4,0,22588,0,0
9/11/2009 0:00,150,12.8,15.2,60.2,61,29.4,0,22588,0,0
9/11/2009 0:10,103,5.1,8.4,60.2,62,29.4,0,22588,0,0
9/11/2009 0:20,150,7.4,9.1,60,63,29.4,0,22588,0,0
9/11/2009 0:30,147,11.8,12.5,60,63,29.4,0,22588,0,0
9/11/2009 0:40,125,5.8,6.6,60.2,64,29.4,0,22588,0,0
9/11/2009 0:50,166,8.8,10.4,60.2,65,29.4,0,22588,0,0
9/11/2009 1:00,156,9.7,13.8,60,66,29.4,0,22588,0,0
9/11/2009 1:10,147,12.1,13.8,60,65,29.4,0,22588,0,0
9/11/2009 1:20,246,2.7,6.5,60.2,64,29.4,0,22588,0,0
9/11/2009 1:30,131,9.2,10.4,60.4,64,29.4,0,22588,0,0
9/11/2009 1:40,148,7.2,9.7,60.6,63,29.4,0,22588,0,0
9/11/2009 1:50,149,16,18,60.6,63,29.4,0,22588,0,0
9/11/2009 2:00,155,12.9,13.7,60.6,63,29.4,0,22588,0,0
9/11/2009 2:10,145,12.5,13.4,60.4,63,29.4,0,22588,0,0
9/11/2009 2:20,167,8.7,10.3,60.4,64,29.4,0,22588,0,0
9/11/2009 2:30,154,8.7,9.9,60.2,64,29.4,0,22588,0,0
9/11/2009 2:40,155,5.9,7.1,60.2,64,29.4,0,22588,0,0
9/11/2009 2:50,160,6.6,8.9,60,65,29.4,0,22588,0,0
9/11/2009 3:00,210,4.1,4.7,60,66,29.4,0,22588,0,0
9/11/2009 3:10,137,4.9,5.5,59.9,66,29.4,0,22588,0,0
9/11/2009 3:20,155,8.6,10.6,59.7,66,29.4,0,22588,0,0
9/11/2009 3:30,137,6.7,7.6,59.5,67,29.4,0,22588,0,0
9/11/2009 3:40,162,6.8,8,59.5,67,29.4,0,22588,0,0
9/11/2009 3:50,135,9.1,10.1,59.3,67,29.4,0,22588,0,0
9/11/2009 4:00,115,4.6,5.5,59.3,67,29.4,0,22588,0,0
9/11/2009 4:10,241,1.5,2,59.1,68,29.4,0,22588,0,0
9/11/2009 4:20,141,9.8,11.2,59.1,67,29.4,0,22588,0,0
9/11/2009 4:30,143,4.9,5.4,59.3,67,29.4,0,22588,0,0
9/11/2009 4:40,170,4.3,5.2,59.5,65,29.4,0,22588,0,0
9/11/2009 4:50,194,2.6,3.4,59.7,65,29.4,0,22588,0,0
9/11/2009 5:00,132,4.4,5.7,59.7,65,29.4,0,22588,0,0
9/11/2009 5:10,112,4.2,5.5,59.9,65,29.4,0,22588,0,0
9/11/2009 5:20,135,6.8,7.7,60,65,29.4,0,22588,0,0
9/11/2009 5:30,121,6.8,7.4,60,66,29.4,0,22588,0,0
9/11/2009 5:40,111,4.7,5.2,59.9,67,29.4,0,22588,0,0
9/11/2009 5:50,36,4.7,5.3,59.9,68,29.4,0,22588,0,0
9/11/2009 6:00,28,4.7,5.6,60.2,69,29.4,0,22588,0,0
9/11/2009 6:10,43,3.7,4.7,60.6,67,29.4,0,22588,0,0
9/11/2009 6:20,87,3.4,3.8,61.1,68,29.4,0,22588,0,0
9/11/2009 6:30,27,5.8,8.1,61.8,65,29.4,0,22588,0,0
9/11/2009 6:40,131,2.7,3.6,62.6,67,29.4,0,22588,0,0
9/11/2009 6:50,0,7.6,10.1,63.1,65,29.4,0,22588,0,0
9/11/2009 7:00,355,5.7,6.9,63.5,67,29.4,0,22588,0,0
9/11/2009 7:10,35,6.8,7.7,63.6,60,29.4,0,22588,0,0
9/11/2009 7:20,35,9.9,11.5,63.8,60,29.4,0,22588,0,0
9/11/2009 7:30,125,8.1,10.1,64,63,29.4,0,22588,0,0
9/11/2009 7:40,21,11.7,15.5,64.4,63,29.4,0,22588,0,0
9/11/2009 7:50,123,3.5,6.4,64.9,64,29.4,0,22588,0,0
9/11/2009 8:00,106,5,7.4,64.9,65,29.4,0,22588,0,0
9/11/2009 8:10,16,10.4,11.5,64.9,65,29.4,0,22588,0,0
9/11/2009 8:20,358,8.3,9.1,64.5,67,29.4,0,22588,0,0
9/11/2009 8:30,336,8.1,9.3,64.5,66,29.4,0,22588,0,0
9/11/2009 8:40,328,7.7,9.5,64.5,67,29.4,0,22588,0,0
9/11/2009 8:50,32,11.4,14.2,64.7,67,29.4,0,22588,0,0
9/11/2009 9:00,348,6.1,7.9,64.5,69,29.4,0,22588,0,0
9/11/2009 9:10,42,7.7,9.2,64.5,69,29.4,0,22588,0,0
9/11/2009 9:20,9,6.1,7.7,64.9,69,29.4,0,22588,0,0
9/11/2009 9:30,12,9.4,11.7,65.4,66,29.4,0.01,22718,0,0
9/11/2009 9:40,76,4.6,7.2,65.4,62,29.4,0.01,22718,0,0
9/11/2009 9:50,133,2.7,3.5,65.6,65,29.4,0.01,22718,0,0
9/11/2009 10:00,40,10.6,13.3,65.6,65,29.4,0.01,22718,0,0
9/11/2009 10:10,59,7.9,9.5,65.3,65,29.4,0.01,22718,0,0
9/11/2009 10:20,12,9.6,10.7,65.3,64,29.4,0.01,22718,0,0
9/11/2009 10:30,96,5.6,6.5,64.9,64,29.4,0.01,22718,0,0
9/11/2009 10:40,56,4.8,6,64.7,61,29.4,0.01,22718,0,0
9/11/2009 10:50,36,8.1,9.6,64.7,58,29.4,0.01,22718,0,0
9/11/2009 11:00,42,11.7,12.9,64.5,58,29.4,0.01,22718,0,0
9/11/2009 11:10,23,7.7,8.8,64.5,58,29.4,0.01,22728,0,0
9/11/2009 11:20,35,10.4,11.9,63.8,57,29.4,0.01,22788,0,0
9/11/2009 11:30,65,5.7,7.3,63.5,61,29.4,0.01,22968,0,0
9/11/2009 11:40,84,6.8,7.7,62.6,63,29.4,0.01,23438,0,0
9/11/2009 11:50,92,6.1,8,62.2,67,29.4,0.01,23748,0,0
9/11/2009 12:00,64,6.9,9.3,62.2,68,29.4,0.01,23898,0,0
9/11/2009 12:10,98,5.5,6.2,62.2,70,29.4,0.01,24058,0,0
9/11/2009 12:20,78,6.3,7.6,62.4,70,29.4,0.01,24188,0,0
9/11/2009 12:30,94,11.5,12.3,62.2,70,29.4,0.01,24318,0,0
9/11/2009 12:40,83,4.6,6.2,62,72,29.4,0.01,24338,0,0
9/11/2009 12:50,71,4.7,5.1,62,74,29.4,0.01,24448,0,0
9/11/2009 13:00,89,5.5,6.1,62,74,29.4,0.01,24498,0,0
9/11/2009 13:10,84,5.1,6.1,62,76,29.4,0.01,24518,0,0
9/11/2009 13:20,111,4.5,4.7,61.8,78,29.4,0.01,24538,0,0
9/11/2009 13:30,106,5.7,6.5,61.8,76,29.4,0.01,24578,0,0
9/11/2009 13:40,87,5,6.8,61.8,77,29.4,0.01,24598,0,0
9/11/2009 13:50,64,3.2,4.1,62,78,29.4,0.01,24608,0,0
9/11/2009 14:00,100,4.2,4.6,62.2,78,29.4,0.01,24608,0,0
9/11/2009 14:10,97,3.5,4,62.4,77,29.4,0.01,24608,0,0
9/11/2009 14:20,89,3,3.4,62.6,77,29.4,0.01,24608,0,0
9/11/2009 14:30,112,5.2,5.7,62.7,76,29.3,0.01,24608,0,0
9/11/2009 14:40,89,5.9,6.8,62.9,75,29.4,0.01,24618,0,0
9/11/2009 14:50,86,6.1,7.4,62.7,76,29.3,0.01,24618,0,0
9/11/2009 15:00,48,6.2,7.1,62.7,76,29.3,0.01,24618,0,0
9/11/2009 15:10,93,6.9,7.6,62.6,78,29.3,0.01,24678,0,0
9/11/2009 15:20,74,3.5,4.5,62.2,79,29.3,0.01,24718,0,0
9/11/2009 15:30,94,6.2,6.6,62.2,80,29.3,0.01,24718,0,0
9/11/2009 15:40,89,4.3,5.2,62.4,79,29.3,0.01,24718,0,0
9/11/2009 15:50,28,3.6,4,62.6,79,29.3,0.01,24718,0,0
9/11/2009 16:00,51,3,3.3,62.4,79,29.3,0.01,24718,0,0
9/11/2009 16:10,83,3.5,3.9,62.6,77,29.3,0.01,24718,0,0
9/11/2009 16:20,101,3.6,4,62.7,77,29.3,0.01,24718,0,0
9/11/2009 16:30,71,3.3,4.2,62.7,77,29.3,0.01,24718,0,0
9/11/2009 16:40,75,3.8,4.5,62.7,76,29.3,0.01,24718,0,0
9/11/2009 16:50,91,3.7,4,62.7,76,29.3,0.01,24718,0,0
9/11/2009 17:00,86,3.7,4.4,62.7,76,29.3,0.01,24718,0,0
9/11/2009 17:10,101,5.5,5.8,62.7,74,29.3,0.01,24718,0,0
9/11/2009 17:20,106,4.6,4.9,62.7,74,29.3,0.01,24718,0,0
9/11/2009 17:30,116,5,5.6,62.7,73,29.3,0.01,24718,0,0
9/11/2009 17:40,89,4.8,5.9,62.7,73,29.3,0.01,24718,0,0
9/11/2009 17:50,96,6.1,7,62.6,71,29.3,0.01,24718,0,0
9/11/2009 18:00,96,5.3,6.1,62.7,71,29.3,0.01,24718,0,0
9/11/2009 18:10,68,3.7,5,62.7,69,29.3,0.01,24718,0,0
9/11/2009 18:20,86,3.5,4.2,62.6,70,29.3,0.01,24718,0,0
9/11/2009 18:30,80,3.8,4.4,62.6,69,29.3,0.01,24718,0,0
9/11/2009 18:40,108,5.1,5.3,62.6,68,29.3,0.01,24718,0,0
9/11/2009 18:50,79,3.1,3.7,62.6,68,29.3,0.01,24718,0,0
9/11/2009 19:00,99,3.5,3.7,62.6,68,29.3,0.01,24718,0,0
9/11/2009 19:10,80,5.3,6.1,62.6,67,29.3,0.01,24718,0,0
9/11/2009 19:20,92,5.4,6.2,62.6,68,29.3,0.01,24718,0,0
9/11/2009 19:30,94,5.6,6,62.4,67,29.3,0.01,24718,0,0
9/11/2009 19:40,60,5.3,6.5,62.6,65,29.3,0.01,24718,0,0
9/11/2009 19:50,101,4.3,5,62.6,64,29.3,0.01,24718,0,0
9/11/2009 20:00,89,5.4,6.1,62.6,63,29.3,0.01,24718,0,0
9/11/2009 20:10,85,5,5.6,62.4,64,29.3,0.01,24718,0,0
9/11/2009 20:20,78,3.8,4.3,62.2,63,29.3,0.01,24718,0,0
9/11/2009 20:30,71,4.8,5.6,62.4,60,29.3,0.01,24718,0,0
9/11/2009 20:40,69,6.1,7.6,62.2,60,29.3,0.01,24718,0,0
9/11/2009 20:50,87,4.5,5.2,62.4,59,29.3,0.01,24718,0,0
9/11/2009 21:00,109,3.3,4.1,62.2,59,29.3,0,24718,0,0
9/11/2009 21:10,108,6.8,7.6,62,59,29.3,0,24718,0,0
9/11/2009 21:20,66,5.7,6.5,61.8,60,29.3,0,24718,0,0
9/11/2009 21:30,75,5.7,7.4,61.7,59,29.3,0,24718,0,0
9/11/2009 21:40,72,6.7,7.1,61.7,59,29.3,0,24718,0,0
9/11/2009 21:50,99,5.6,7.2,61.5,60,29.3,0,24718,0,0
9/11/2009 22:00,107,3.8,4.5,61.5,61,29.3,0,24718,0,0
9/11/2009 22:10,87,5.6,6.3,61.3,61,29.3,0,24718,0,0
9/11/2009 22:20,83,4.8,5.8,61.1,62,29.3,0,24718,0,0
9/11/2009 22:30,84,4.8,5.5,61.1,62,29.3,0,24718,0,0
9/11/2009 22:40,103,4.1,4.4,60.9,62,29.3,0,24718,0,0
9/11/2009 22:50,92,7.9,8.5,60.9,63,29.3,0,24718,0,0
9/11/2009 23:00,108,6.9,7.4,61.1,62,29.3,0,24718,0,0
9/11/2009 23:10,113,5.6,6.6,61.3,62,29.3,0,24718,0,0
9/11/2009 23:20,120,2.3,2.9,61.3,62,29.3,0,24718,0,0
9/11/2009 23:30,99,2.9,3.1,61.3,62,29.3,0,24718,0,0
9/11/2009 23:40,46,2.6,3.1,61.5,62,29.3,0,24718,0,0
9/11/2009 23:50,76,3.5,4.2,61.5,62,29.3,0,24718,0,0
9/12/2009 0:00,74,3.3,4,61.5,62,29.3,0,24718,0,0
9/12/2009 0:10,82,3.8,4.6,61.5,63,29.3,0,24718,0,0
9/12/2009 0:20,93,3.7,3.9,61.5,63,29.3,0,24718,0,0
9/12/2009 0:30,95,3.6,3.9,61.5,63,29.3,0,24718,0,0
9/12/2009 0:40,100,4.5,4.7,61.5,63,29.3,0,24718,0,0
9/12/2009 0:50,117,4.5,4.9,61.3,64,29.3,0,24718,0,0
9/12/2009 1:00,139,4.3,4.6,61.3,65,29.3,0,24718,0,0
9/12/2009 1:10,155,2.9,3.5,61.5,65,29.3,0,24718,0,0
9/12/2009 1:20,177,2.5,3.4,61.3,65,29.3,0,24718,0,0
9/12/2009 1:30,144,2.1,2.6,61.1,67,29.3,0,24718,0,0
9/12/2009 1:40,209,1.8,2.2,61.1,67,29.3,0,24718,0,0
9/12/2009 1:50,133,1.6,2.1,61.1,68,29.3,0,24718,0,0
9/12/2009 2:00,155,3,4.3,60.8,70,29.3,0,24718,0,0
9/12/2009 2:10,132,1.3,2.1,60.8,70,29.3,0,24718,0,0
9/12/2009 2:20,33,3.9,5.2,61.8,73,29.3,0,24718,0,0
9/12/2009 2:30,122,4.2,4.7,61.5,72,29.3,0,24718,0,0
9/12/2009 2:40,138,3.6,4,61.5,73,29.3,0,24718,0,0
9/12/2009 2:50,113,4.1,4.4,61.7,73,29.3,0,24718,0,0
9/12/2009 3:00,128,3.4,3.8,61.8,73,29.3,0,24718,0,0
9/12/2009 3:10,48,5.6,6.8,62.2,77,29.3,0,24718,0,0
9/12/2009 3:20,136,2.1,2.7,63.1,77,29.3,0,24718,0,0
9/12/2009 3:30,15,3.8,6,64,77,29.3,0,24718,0,0
9/12/2009 3:40,352,7.8,8.8,64.4,76,29.3,0,24728,0,0
9/12/2009 3:50,11,5.9,6.6,64.4,77,29.3,0,24728,0,0
9/12/2009 4:00,358,6.1,7.7,64.5,78,29.3,0,24728,0,0
9/12/2009 4:10,8,10.5,12.1,64.4,79,29.3,0,24728,0,0
9/12/2009 4:20,18,14.2,17.6,64.2,79,29.3,0,24728,0,0
9/12/2009 4:30,14,9.1,10.4,64.2,79,29.3,0,24728,0,0
9/12/2009 4:40,358,10.6,13,64.2,79,29.3,0,24728,0,0
9/12/2009 4:50,13,8.7,11,64.2,79,29.3,0,24728,0,0
9/12/2009 5:00,359,8.2,9.1,64.4,79,29.3,0,24728,0,0
9/12/2009 5:10,30,9.6,11.5,64.2,78,29.3,0,24728,0,0
9/12/2009 5:20,24,8.9,10.6,64.2,78,29.3,0,24728,0,0
9/12/2009 5:30,16,10.2,12.4,64,78,29.3,0,24728,0,0
9/12/2009 5:40,60,5.8,7.8,64.4,77,29.3,0,24728,0,0
9/12/2009 5:50,342,10.2,11.1,64.4,77,29.3,0,24728,0,0
9/12/2009 6:00,357,8.5,9.5,64.4,76,29.3,0,24728,0,0
9/12/2009 6:10,221,3.1,4.3,64.5,76,29.3,0,24728,0,0
9/12/2009 6:20,29,9.9,11.4,64.9,75,29.3,0,24728,0,0
9/12/2009 6:30,36,10.3,14.3,65.3,75,29.3,0,24728,0,0
9/12/2009 6:40,357,9.4,10.5,65.1,75,29.3,0,24728,0,0
9/12/2009 6:50,14,11.8,14.1,65.1,74,29.3,0,24728,0,0
9/12/2009 7:00,0,8.1,9.7,65.1,75,29.3,0,24728,0,0
9/12/2009 7:10,350,10.7,11.5,65.4,75,29.3,0,24728,0,0
9/12/2009 7:20,7,8.7,10.2,65.4,75,29.3,0,24728,0,0
9/12/2009 7:30,333,9,11.6,65.3,75,29.3,0,24728,0,0
9/12/2009 7:40,3,9.3,12,65.6,72,29.3,0,24728,0,0
9/12/2009 7:50,9,11.6,13.9,66,71,29.3,0,24728,0,0
9/12/2009 8:00,99,5.9,7.8,66.5,72,29.3,0,24728,0,0
9/12/2009 8:10,78,9.8,13.8,66.2,72,29.3,0,24728,0,0
9/12/2009 8:20,0,9.9,11.6,66.2,71,29.3,0,24728,0,0
9/12/2009 8:30,58,17.9,18.7,66.2,70,29.3,0,24728,0,0
9/12/2009 8:40,11,10.6,11.5,66.2,72,29.3,0,24728,0,0
9/12/2009 8:50,129,4.4,8.9,66.2,72,29.3,0,24728,0,0
9/12/2009 9:00,42,7.5,9.1,66.5,70,29.3,0,24728,0,0
9/12/2009 9:10,110,4.5,6.4,67.2,68,29.3,0,24728,0,0
9/12/2009 9:20,85,9.1,12.5,67.4,66,29.3,0,24728,0,0
9/12/2009 9:30,109,20.1,22.5,67.4,59,29.3,0,24728,0,0
9/12/2009 9:40,80,10.6,14.5,67.2,60,29.3,0,24728,0,0
9/12/2009 9:50,41,4.7,9,67.6,60,29.3,0,24728,0,0
9/12/2009 10:00,89,10.7,12,68.1,58,29.3,0,24728,0,0
9/12/2009 10:10,116,2.7,4.4,67.4,58,29.3,0,24728,0,0
9/12/2009 10:20,-Invalid-,-Invalid-,-Invalid-,-Invalid-,-Invalid-,-Invalid-,-Invalid-,-Invalid-,-Invalid-,-Invalid-
9/12/2009 10:30,-Invalid-,-Invalid-,-Invalid-,-Invalid-,-Invalid-,-Invalid-,-Invalid-,-Invalid-,-Invalid-,-Invalid-
9/12/2009 10:40,95,13.9,29.2,67.8,60,29.3,0,24728,0,0
9/12/2009 10:50,136,12.3,13.8,68,61,29.3,0,24728,0,0
9/12/2009 11:00,276,12.7,17.2,67.8,60,29.3,0,24728,0,0
9/12/2009 11:10,-Invalid-,-Invalid-,-Invalid-,-Invalid-,-Invalid-,-Invalid-,-Invalid-,-Invalid-,-Invalid-,-Invalid-
9/12/2009 11:20,80,17.2,32.4,67.8,58,29.3,0,24728,0,0
9/12/2009 11:30,99,6.4,7.7,68.7,60,29.3,0,24728,0,0
9/12/2009 11:40,98,6,8.2,68,62,29.3,0,24728,0,0
9/12/2009 11:50,11,5.1,6.5,68,62,29.3,0,24728,0,0
9/12/2009 12:00,315,3.9,4.6,68.1,62,29.3,0,24728,0,0
9/12/2009 12:10,110,5.4,8.8,68.7,62,29.3,0,24728,0,0
9/12/2009 12:20,73,7.7,8.7,68.5,61,29.3,0,24728,0,0
9/12/2009 12:30,57,7.5,8.7,68.5,59,29.3,0,24728,0,0
9/12/2009 12:40,78,5.4,9.3,68.3,63,29.2,0,24728,0,0
9/12/2009 12:50,42,5.2,5.9,69,62,29.2,0,24728,0,0
9/12/2009 13:00,53,4.8,6.6,68.5,61,29.2,0,24728,0,0
9/12/2009 13:10,39,7.6,8.2,68.7,61,29.2,0,24728,0,0
9/12/2009 13:20,40,8.3,9.4,68.3,63,29.2,0,24728,0,0
9/12/2009 13:30,38,8.3,9.1,68.3,60,29.2,0,24728,0,0
9/12/2009 13:40,85,2.7,4.7,68.5,62,29.2,0,24728,0,0
9/12/2009 13:50,96,4.7,6.9,68.3,61,29.2,0,24728,0,0
9/12/2009 14:00,313,3.6,4.1,68.3,61,29.2,0,24728,0,0
9/12/2009 14:10,24,9.2,10.5,68.3,57,29.2,0,24728,0,0
9/12/2009 14:20,50,8.7,10,68.3,58,29.2,0,24728,0,0
9/12/2009 14:30,342,8.2,9.4,68,60,29.2,0,24728,0,0
9/12/2009 14:40,76,3.5,5.6,67.8,60,29.2,0,24728,0,0
9/12/2009 14:50,13,8.6,11.9,67.8,61,29.2,0,24738,0,0
9/12/2009 15:00,65,6,7.3,67.8,61,29.3,0,24738,0,0
9/12/2009 15:10,12,9.1,10.4,67.6,60,29.3,0,24738,0,0
9/12/2009 15:20,325,4.3,9.4,67.8,62,29.3,0,24738,0,0
9/12/2009 15:30,84,2.7,3.9,67.8,62,29.3,0,24738,0,0
9/12/2009 15:40,20,5.7,7,67.8,61,29.2,0,24738,0,0
9/12/2009 15:50,60,4.8,8,67.4,60,29.2,0,24738,0,0
9/12/2009 16:00,55,5.7,8.6,67.2,62,29.2,0,24738,0,0
9/12/2009 16:10,313,3.8,4,67.1,64,29.2,0,24738,0,0
9/12/2009 16:20,342,7.8,9,67.2,63,29.2,0,24738,0,0
9/12/2009 16:30,350,7.5,8.2,67.1,64,29.3,0,24738,0,0
9/12/2009 16:40,337,8.2,9.6,66.9,65,29.3,0,24738,0,0
9/12/2009 16:50,328,6.8,8.2,67.1,66,29.2,0,24738,0,0
9/12/2009 17:00,329,8.1,10.2,66.9,68,29.3,0,24738,0,0
9/12/2009 17:10,343,4.6,5.9,66.9,68,29.3,0,24738,0,0
9/12/2009 17:20,334,7.3,8.4,66.9,68,29.3,0,24738,0,0
9/12/2009 17:30,308,4.8,5.3,66.7,68,29.3,0,24738,0,0
9/12/2009 17:40,303,2.7,3,66.3,70,29.3,0,24738,0,0
9/12/2009 17:50,236,3.8,4.3,66.3,70,29.3,0,24738,0,0
9/12/2009 18:00,327,4.7,6.3,66.2,70,29.3,0,24738,0,0
9/12/2009 18:10,249,4.3,5.6,66.2,70,29.3,0,24738,0,0
9/12/2009 18:20,250,5.8,6.4,66,71,29.3,0,24738,0,0
9/12/2009 18:30,226,3.7,4.4,65.6,72,29.3,0,24738,0,0
9/12/2009 18:40,246,5.5,6.6,64.5,74,29.3,0,24738,0,0
9/12/2009 18:50,222,4.8,5.4,64.7,74,29.3,0,24738,0,0
9/12/2009 19:00,215,2.9,3.5,64.4,76,29.3,0,24738,0,0
9/12/2009 19:10,189,3.4,4.1,63.1,78,29.3,0,24738,0,0
9/12/2009 19:20,228,5.1,6.5,63.5,79,29.3,0,24738,0,0
9/12/2009 19:30,230,5.9,7.1,64,77,29.3,0,24738,0,0
9/12/2009 19:40,221,5.1,6.5,63.8,77,29.3,0,24738,0,0
9/12/2009 19:50,197,4.1,4.9,63.1,78,29.3,0,24738,0,0
9/12/2009 20:00,194,4.2,5.2,62,79,29.3,0,24738,0,0
9/12/2009 20:10,200,5.6,6.2,61.5,81,29.2,0,24738,0,0
9/12/2009 20:20,183,5.8,6.3,60.9,83,29.2,0,24738,0,0
9/12/2009 20:30,200,4.5,4.9,60.8,83,29.2,0,24738,0,0
9/12/2009 20:40,193,4.6,6.5,60.8,83,29.2,0,24738,0,0
9/12/2009 20:50,188,7,7.5,60.6,84,29.2,0,24738,0,0
9/12/2009 21:00,184,5.5,6.3,60.4,84,29.2,0,24738,0,0
9/12/2009 21:10,196,7.3,7.9,60.2,84,29.2,0,24738,0,0
9/12/2009 21:20,186,4.7,5.3,60,85,29.2,0,24738,0,0
9/12/2009 21:30,196,5.9,6.5,60.2,85,29.2,0,24738,0,0
9/12/2009 21:40,183,5.5,6.2,60.2,85,29.2,0,24738,0,0
9/12/2009 21:50,181,4.6,5.1,59.9,85,29.2,0,24738,0,0
9/12/2009 22:00,204,7.1,7.4,59.9,87,29.2,0,24738,0,0
9/12/2009 22:10,196,5.4,5.9,59.9,86,29.2,0,24738,0,0
9/12/2009 22:20,208,7.2,8,59.7,87,29.2,0,24738,0,0
9/12/2009 22:30,183,5.9,6.5,59.5,87,29.2,0,24738,0,0
9/12/2009 22:40,199,4,4.5,59.3,88,29.2,0,24738,0,0
9/12/2009 22:50,194,6.3,7,59.1,89,29.2,0,24738,0,0
9/12/2009 23:00,193,6.7,8,58.8,89,29.2,0,24738,0,0
9/12/2009 23:10,156,2.8,3.6,58.6,90,29.2,0,24738,0,0
9/12/2009 23:20,177,2.3,2.9,58.2,90,29.2,0,24738,0,0
9/12/2009 23:30,175,4,5.1,58.1,91,29.2,0,24738,0,0
9/12/2009 23:40,171,4.7,5.1,58.1,91,29.2,0,24738,0,0
9/12/2009 23:50,192,3.7,5,57.9,91,29.2,0,24738,0,0
9/13/2009 0:00,167,3.4,4.1,57.7,92,29.2,0,24738,0,0
9/13/2009 0:10,182,4.6,5.1,57.5,92,29.2,0,24738,0,0
9/13/2009 0:20,179,4.7,5.3,57.5,92,29.2,0,24738,0,0
9/13/2009 0:30,193,4.4,5.5,57.7,92,29.2,0,24738,0,0
9/13/2009 0:40,119,2,3.3,57.7,92,29.2,0,24738,0,0
9/13/2009 0:50,169,5.4,6.4,57.7,92,29.2,0,24738,0,0
9/13/2009 1:00,175,5.1,6.2,57.5,92,29.2,0,24738,0,0
9/13/2009 1:10,165,4.2,5.2,57.5,92,29.2,0,24738,0,0
9/13/2009 1:20,182,3.2,3.7,57.3,92,29.2,0,24738,0,0
9/13/2009 1:30,171,5,5.4,57.3,92,29.2,0,24738,0,0
9/13/2009 1:40,176,4.4,4.9,57.3,93,29.2,0,24738,0,0
9/13/2009 1:50,179,4.7,5.5,57.2,92,29.2,0,24738,0,0
9/13/2009 2:00,171,5.1,5.7,57.2,93,29.2,0,24738,0,0
9/13/2009 2:10,148,3.2,4.5,57,93,29.2,0,24738,0,0
9/13/2009 2:20,160,3.8,4.9,56.8,93,29.2,0,24738,0,0
9/13/2009 2:30,175,5.5,5.9,56.8,93,29.2,0,24738,0,0
9/13/2009 2:40,178,4.3,4.9,57.2,93,29.2,0,24738,0,0
9/13/2009 2:50,188,5.3,6,56.8,93,29.2,0,24738,0,0
9/13/2009 3:00,182,6.1,7.2,56.6,93,29.2,0,24738,0,0
9/13/2009 3:10,182,6.2,6.8,56.8,94,29.2,0,24738,0,0
9/13/2009 3:20,171,3.9,4.5,56.8,93,29.2,0,24738,0,0
9/13/2009 3:30,170,4.2,4.8,56.6,93,29.2,0,24738,0,0
9/13/2009 3:40,180,5.4,6,56.6,93,29.2,0,24738,0,0
9/13/2009 3:50,177,5.1,5.6,56.6,93,29.2,0,24738,0,0
9/13/2009 4:00,176,4.3,5,56.6,93,29.2,0,24798,0,0
9/13/2009 4:10,183,4.6,5.3,56.6,93,29.2,0,24798,0,0
9/13/2009 4:20,176,4.5,5,56.8,92,29.2,0,24798,0,0
9/13/2009 4:30,189,4.3,4.8,57.2,91,29.2,0,24798,0,0
9/13/2009 4:40,208,3.8,4.3,57.9,91,29.3,0,24798,0,0
9/13/2009 4:50,234,5.1,6,59,89,29.3,0,24798,0,0
9/13/2009 5:00,219,4.7,5.3,59.9,87,29.3,0,24798,0,0
9/13/2009 5:10,230,4.1,5.4,61.1,84,29.3,0,24798,0,0
9/13/2009 5:20,226,5.5,6.5,62.4,81,29.3,0,24798,0,0
9/13/2009 5:30,221,7.9,12.9,63.1,79,29.3,0,24798,0,0
9/13/2009 5:40,107,4.9,8.3,64.4,78,29.3,0,24798,0,0
9/13/2009 5:50,301,6,7.1,65.6,72,29.3,0,24798,0,0
9/13/2009 6:00,306,9.5,11.1,66.7,69,29.3,0,24798,0,0
9/13/2009 6:10,328,9.4,11.1,66.9,67,29.3,0,24798,0,0
9/13/2009 6:20,314,9.9,10.6,67.1,70,29.3,0,24798,0,0
9/13/2009 6:30,300,8.3,9.6,67.1,71,29.3,0,24798,0,0
9/13/2009 6:40,297,6.6,8.2,67.1,72,29.3,0,24798,0,0
9/13/2009 6:50,308,10.4,10.9,67.1,72,29.3,0,24798,0,0
9/13/2009 7:00,304,9,10.3,67.4,73,29.3,0,24798,0,0
9/13/2009 7:10,317,8.9,10.5,67.6,73,29.3,0,24798,0,0
9/13/2009 7:20,286,9.3,10,67.1,76,29.3,0,24798,0,0
9/13/2009 7:30,301,8.4,9.2,67.2,75,29.3,0,24798,0,0
9/13/2009 7:40,294,13.3,14.9,68,75,29.3,0,24798,0,0
9/13/2009 7:50,272,13.4,18.8,67.6,75,29.3,0,24798,0,0
9/13/2009 8:00,290,14.2,15.9,67.2,77,29.3,0,24798,0,0
9/13/2009 8:10,241,9.3,14.7,67.1,77,29.3,0,24798,0,0
9/13/2009 8:20,280,11.8,13.8,67.1,76,29.3,0,24798,0,0
9/13/2009 8:30,282,14,21.3,67.2,76,29.3,0,24798,0,0
9/13/2009 8:40,280,10.9,12.5,67.1,78,29.3,0,24798,0,0
9/13/2009 8:50,270,15.8,19.5,67.2,78,29.3,0,24798,0,0
9/13/2009 9:00,257,23.1,24.8,67.4,76,29.3,0,24798,0,0
9/13/2009 9:10,302,7.8,14.7,67.6,76,29.3,0,24798,0,0
9/13/2009 9:20,-Invalid-,-Invalid-,-Invalid-,-Invalid-,-Invalid-,-Invalid-,-Invalid-,-Invalid-,-Invalid-,-Invalid-
9/13/2009 9:30,261,27.3,28.6,68.5,71,29.3,0,24798,0,0
9/13/2009 9:40,261,25.4,26.6,68.9,71,29.3,0,24798,0,0
9/13/2009 9:50,277,27.5,28.9,69.2,68,29.3,0,24798,0,0
9/13/2009 10:00,-Invalid-,-Invalid-,-Invalid-,-Invalid-,-Invalid-,-Invalid-,-Invalid-,-Invalid-,-Invalid-,-Invalid-
9/13/2009 10:10,152,8.5,9.6,69.4,68,29.3,0,24798,0,0
9/13/2009 10:20,274,12.5,16.1,68.9,67,29.3,0,24798,0,0
9/13/2009 10:30,288,15.6,17.7,68.5,67,29.2,0,24798,0,0
9/13/2009 10:40,271,25.2,33,68.5,67,29.2,0,24798,0,0
9/13/2009 10:50,-Invalid-,-Invalid-,-Invalid-,-Invalid-,-Invalid-,-Invalid-,-Invalid-,-Invalid-,-Invalid-,-Invalid-
9/13/2009 11:00,275,18.7,36.5,69.4,65,29.2,0,24798,0,0
9/13/2009 11:10,293,12.3,13.5,69.8,65,29.2,0,24798,0,0
9/13/2009 11:20,270,16.7,22,69.4,66,29.2,0,24798,0,0
9/13/2009 11:30,260,23,24.7,68.9,69,29.2,0,24798,0,0
9/13/2009 11:40,269,19,23.5,68.5,71,29.2,0,24798,0,0
9/13/2009 11:50,256,24.4,25.5,68.7,71,29.2,0,24798,0,0
9/13/2009 12:00,235,16.3,20.1,68.9,72,29.2,0,24798,0,0
9/13/2009 12:10,180,9.3,16.4,68.9,73,29.2,0,24798,0,0
9/13/2009 12:20,255,14.5,22.7,69,73,29.2,0,24798,0,0
9/13/2009 12:30,253,27.5,28.7,69.2,74,29.2,0,24798,0,0
9/13/2009 12:40,290,9.8,17.2,69.2,76,29.2,0,24798,0,0
9/13/2009 12:50,256,28.6,31.4,69.2,74,29.2,0,24798,0,0
9/13/2009 13:00,262,23.1,24.4,69.2,75,29.2,0,24798,0,0
9/13/2009 13:10,260,26.6,28.4,69,76,29.2,0,24798,0,0
9/13/2009 13:20,269,15.3,23.1,69,76,29.2,0,24798,0,0
9/13/2009 13:30,245,13.8,16.1,69,77,29.2,0,24798,0,0
9/13/2009 13:40,258,17.2,24.5,69,77,29.2,0,24798,0,0
9/13/2009 13:50,261,22.8,23.9,69.2,78,29.2,0,24798,0,0
9/13/2009 14:00,246,22.8,25.9,69.4,78,29.2,0,24798,0,0
9/13/2009 14:10,260,18.3,20.6,69.4,77,29.2,0,24798,0,0
9/13/2009 14:20,261,18.6,20.9,69.8,76,29.2,0,24798,0,0
9/13/2009 14:30,273,20.7,29.6,69.9,76,29.2,0,24798,0,0
9/13/2009 14:40,256,30.8,33.2,69.8,75,29.2,0,24798,0,0
9/13/2009 14:50,295,12.5,20.2,70.1,75,29.2,0,24798,0,0
9/13/2009 15:00,265,25.2,26.8,70.1,76,29.2,0,24798,0,0
9/13/2009 15:10,271,17.4,22.6,69.9,75,29.2,0,24798,0,0
9/13/2009 15:20,264,25.4,26.7,69.8,77,29.2,0,24798,0,0
9/13/2009 15:30,258,28.7,30,69.8,79,29.2,0,24798,0,0
9/13/2009 15:40,265,24.8,27.2,69.6,79,29.2,0,24798,0,0
9/13/2009 15:50,250,24.8,29.4,69.4,80,29.2,0,24798,0,0
9/13/2009 16:00,247,26.7,28.4,69.2,81,29.2,0,24798,0,0
9/13/2009 16:10,255,19.4,23.3,69.2,80,29.2,0,24798,0,0
9/13/2009 16:20,254,30.6,32.3,69.4,80,29.2,0,24798,0,0
9/13/2009 16:30,-Invalid-,-Invalid-,-Invalid-,-Invalid-,-Invalid-,-Invalid-,-Invalid-,-Invalid-,-Invalid-,-Invalid-
9/13/2009 16:40,240,20.8,22.7,69.4,81,29.2,0,24798,0,0
9/13/2009 16:50,220,12.7,15.7,69.6,83,29.2,0,24798,0,0
9/13/2009 17:00,242,20.3,24.7,69.6,84,29.2,0,24798,0,0
9/13/2009 17:10,257,12.5,15.1,69.8,85,29.2,0,24798,0,0
9/13/2009 17:20,294,9.5,11.6,69.9,85,29.2,0,24798,0,0
9/13/2009 17:30,272,19.3,26.7,70.1,86,29.2,0,24798,0,0
9/13/2009 17:40,278,15.9,18.8,70.5,85,29.2,0,24798,0,0
9/13/2009 17:50,287,14.7,15.6,70.7,84,29.2,0,24798,0,0
9/13/2009 18:00,313,16.6,17.7,70.7,83,29.2,0,24798,0,0
9/13/2009 18:10,310,13,14.7,70.7,84,29.2,0,24798,0,0
9/13/2009 18:20,309,11.3,12.1,70.7,82,29.2,0,24798,0,0
9/13/2009 18:30,316,16.4,18.3,70.5,82,29.2,0,24798,0,0
9/13/2009 18:40,313,14.8,17.9,70.3,83,29.2,0,24798,0,0
9/13/2009 18:50,314,10.5,12.7,70.3,83,29.2,0,24798,0,0
9/13/2009 19:00,323,9,12.7,70.1,85,29.2,0,24798,0,0
9/13/2009 19:10,336,16.7,21.7,69.9,86,29.2,0,24798,0,0
9/13/2009 19:20,316,14.2,16,69.9,81,29.2,0,24798,0,0
9/13/2009 19:30,319,16.8,18,69.9,77,29.2,0,24798,0,0
9/13/2009 19:40,337,13.3,15.5,69.8,79,29.2,0,24798,0,0
9/13/2009 19:50,305,11.6,13.7,69.6,74,29.2,0,24798,0,0
9/13/2009 20:00,339,11.8,13.7,69.4,74,29.2,0,24798,0,0
9/13/2009 20:10,347,13.6,14.7,69,76,29.2,0,24798,0,0
9/13/2009 20:20,336,10.4,12.6,68.9,78,29.2,0,24798,0,0
9/13/2009 20:30,282,6.3,8.9,68.7,78,29.2,0,24798,0,0
9/13/2009 20:40,354,8,9.5,68.5,77,29.2,0,24798,0,0
9/13/2009 20:50,351,9.5,10.8,68.3,78,29.2,0,24798,0,0
9/13/2009 21:00,347,9.4,11.4,68.1,76,29.2,0,24798,0,0
9/13/2009 21:10,331,11.2,14.6,68.1,76,29.2,0,24798,0,0
9/13/2009 21:20,348,12.6,13.6,68,75,29.2,0,24798,0,0
9/13/2009 21:30,8,8.8,10.1,67.8,76,29.2,0,24798,0,0
9/13/2009 21:40,351,11.2,14.1,67.6,76,29.2,0,24798,0,0
9/13/2009 21:50,358,8.5,9.2,67.4,76,29.2,0,24798,0,0
9/13/2009 22:00,338,8.7,9.4,67.2,76,29.2,0,24798,0,0
9/13/2009 22:10,339,8.9,9.5,67.1,77,29.2,0,24798,0,0
9/13/2009 22:20,351,8.6,9.5,66.7,77,29.2,0,24798,0,0
9/13/2009 22:30,348,7.5,8.3,66.5,78,29.2,0,24798,0,0
9/13/2009 22:40,344,7.2,7.8,66.3,79,29.2,0,24798,0,0
9/13/2009 22:50,354,6.9,7.5,66.2,79,29.2,0,24798,0,0
9/13/2009 23:00,344,8.9,10,65.8,80,29.2,0,24798,0,0
9/13/2009 23:10,344,7.8,8.3,65.8,81,29.2,0,24798,0,0
9/13/2009 23:20,345,7.7,8.2,66,79,29.2,0,24798,0,0
9/13/2009 23:30,5,6.5,7.6,66,78,29.2,0,24798,0,0
9/13/2009 23:40,2,7.1,8.3,65.8,78,29.2,0,24798,0,0
9/13/2009 23:50,0,7,7.8,65.8,78,29.2,0,24798,0,0
9/14/2009 0:00,351,5.1,6.1,65.6,78,29.2,0,24798,0,0
9/14/2009 0:10,354,6.1,6.9,65.4,79,29.2,0,24798,0,0
9/14/2009 0:20,42,2,3.7,65.6,80,29.2,0,24798,0,0
9/14/2009 0:30,212,3.2,4,64.7,82,29.2,0,24798,0,0
9/14/2009 0:40,219,4.9,5.5,63.8,83,29.2,0,24798,0,0
9/14/2009 0:50,210,4.4,4.9,63.1,86,29.2,0,24798,0,0
9/14/2009 1:00,212,6.9,7.7,62.4,87,29.2,0,24798,0,0
9/14/2009 1:10,191,2.9,3.8,62.2,88,29.2,0,24798,0,0
9/14/2009 1:20,181,2.6,3.5,62,88,29.2,0,24798,0,0
9/14/2009 1:30,180,2.7,3,61.8,89,29.2,0,24798,0,0
9/14/2009 1:40,198,4.2,4.7,61.7,89,29.2,0,24798,0,0
9/14/2009 1:50,203,4.1,4.7,61.7,89,29.2,0,24798,0,0
9/14/2009 2:00,147,2.4,2.9,61.7,90,29.2,0,24798,0,0
9/14/2009 2:10,197,3.9,4.5,61.5,90,29.2,0,24798,0,0
9/14/2009 2:20,207,3.4,4.4,61.5,90,29.2,0,24798,0,0
9/14/2009 2:30,171,2.9,3.8,61.3,90,29.2,0,24798,0,0
9/14/2009 2:40,204,5.6,7.2,61.5,90,29.2,0,24798,0,0
9/14/2009 2:50,195,5.1,5.5,61.7,90,29.2,0,24798,0,0
9/14/2009 3:00,205,6.4,7.8,61.8,90,29.2,0,24798,0,0
9/14/2009 3:10,206,5.6,6.1,62,89,29.2,0,24798,0,0
9/14/2009 3:20,203,3.1,3.6,62.4,89,29.2,0,24798,0,0
9/14/2009 3:30,198,4.9,5.2,62.6,88,29.2,0,24798,0,0
9/14/2009 3:40,196,4.1,4.5,62.6,89,29.2,0,24798,0,0
9/14/2009 3:50,177,3.6,4.7,62.6,89,29.2,0,24798,0,0
9/14/2009 4:00,176,3,3.6,62.6,89,29.2,0,24798,0,0
9/14/2009 4:10,200,3.9,4.5,62.6,89,29.2,0,24798,0,0
9/14/2009 4:20,192,4,4.7,62.7,89,29.2,0,24798,0,0
9/14/2009 4:30,194,3.4,4.2,62.9,88,29.2,0,24798,0,0
9/14/2009 4:40,210,4.2,4.7,63.1,89,29.2,0,24798,0,0
9/14/2009 4:50,220,3.7,4.3,63.5,88,29.2,0,24798,0,0
9/14/2009 5:00,208,2.6,2.9,63.8,88,29.2,0,24798,0,0
9/14/2009 5:10,160,1.8,2.5,64.2,87,29.2,0,24798,0,0
9/14/2009 5:20,204,2.1,3.1,64.7,86,29.2,0,24798,0,0
9/14/2009 5:30,232,3,3.7,65.1,86,29.2,0,24798,0,0
9/14/2009 5:40,247,5,5.6,65.3,85,29.2,0,24798,0,0
9/14/2009 5:50,348,5.6,6.5,65.3,86,29.2,0,24798,0,0
9/14/2009 6:00,348,6.5,7.1,65.4,86,29.2,0,24798,0,0
9/14/2009 6:10,344,7,7.8,65.4,86,29.2,0,24798,0,0
9/14/2009 6:20,357,4.2,4.8,65.6,86,29.2,0,24798,0,0
9/14/2009 6:30,20,5.3,7.2,66,85,29.2,0,24798,0,0
9/14/2009 6:40,10,9,11.3,66.3,79,29.2,0,24798,0,0
9/14/2009 6:50,351,8.7,9.3,66.5,78,29.2,0,24798,0,0
9/14/2009 7:00,107,2.7,5,66.7,79,29.2,0,24798,0,0
9/14/2009 7:10,101,7,9.5,67.1,78,29.2,0,24798,0,0
9/14/2009 7:20,114,8.2,11.9,67.8,75,29.2,0,24798,0,0
9/14/2009 7:30,312,2.2,5.1,69.2,72,29.2,0,24798,0,0
9/14/2009 7:40,341,2.6,3.2,69,72,29.2,0,24798,0,0
9/14/2009 7:50,93,14,15.1,69.2,71,29.2,0,24798,0,0
9/14/2009 8:00,-Invalid-,-Invalid-,-Invalid-,-Invalid-,-Invalid-,-Invalid-,-Invalid-,-Invalid-,-Invalid-,-Invalid-
9/14/2009 8:10,302,7.9,28.1,69.4,72,29.2,0,24798,0,0
9/14/2009 8:20,316,2,2.3,69,72,29.2,0,24798,0,0
9/14/2009 8:30,301,3,3.3,69.9,71,29.2,0,24798,0,0
9/14/2009 8:40,34,2.1,7.9,69.8,72,29.2,0,24798,0,0
9/14/2009 8:50,95,8,10.8,69.8,71,29.2,0,24798,0,0
9/14/2009 9:00,330,5,8.9,69.6,73,29.2,0,24798,0,0
9/14/2009 9:10,295,7.8,8.4,69.9,73,29.2,0,24798,0,0
9/14/2009 9:20,284,8.4,8.8,69.8,75,29.2,0,24798,0,0
9/14/2009 9:30,293,4.8,6.1,69.8,77,29.2,0,24798,0,0
9/14/2009 9:40,290,8.6,9.4,69.6,78,29.2,0,24798,0,0
9/14/2009 9:50,266,7.2,7.9,69.8,79,29.2,0,24798,0,0
9/14/2009 10:00,233,8.6,10.1,70.5,76,29.2,0,24798,0,0
9/14/2009 10:10,63,8.4,9,70.3,77,29.2,0,24798,0,0
9/14/2009 10:20,288,6.4,6.8,70.1,79,29.2,0,24798,0,0
9/14/2009 10:30,292,7.1,8.3,70.5,78,29.2,0,24798,0,0
9/14/2009 10:40,295,10.9,12,70.3,79,29.2,0,24798,0,0
9/14/2009 10:50,276,14,15.3,69.9,79,29.2,0,24798,0,0
9/14/2009 11:00,85,4.5,6.6,70.1,80,29.2,0,24798,0,0
9/14/2009 11:10,150,8.7,11.9,70.8,78,29.2,0,24798,0,0
9/14/2009 11:20,292,10.2,11.9,71.2,77,29.2,0,24798,0,0
9/14/2009 11:30,206,7.7,11,70.7,79,29.2,0,24798,0,0
9/14/2009 11:40,297,7,8.2,70.7,79,29.2,0,24798,0,0
9/14/2009 11:50,145,8.9,10.8,70.5,77,29.2,0,24798,0,0
9/14/2009 12:00,259,23.4,26.8,71,77,29.2,0,24798,0,0
9/14/2009 12:10,261,26.6,28.4,71,77,29.2,0,24798,0,0
9/14/2009 12:20,261,24.3,26.3,70.5,78,29.2,0,24798,0,0
9/14/2009 12:30,250,24.7,25.4,70.3,79,29.2,0,24798,0,0
9/14/2009 12:40,292,8.9,16.1,70.5,78,29.2,0,24798,0,0
9/14/2009 12:50,141,5.2,7.2,70.3,79,29.2,0,24798,0,0
9/14/2009 13:00,205,10,22.1,70.3,80,29.2,0,24798,0,0
9/14/2009 13:10,188,16.3,22.4,71,80,29.2,0,24798,0,0
9/14/2009 13:20,259,30.9,33.6,70.8,77,29.2,0,24798,0,0
9/14/2009 13:30,268,13.7,23.6,70.5,79,29.2,0,24798,0,0
9/14/2009 13:40,-Invalid-,-Invalid-,-Invalid-,-Invalid-,-Invalid-,-Invalid-,-Invalid-,-Invalid-,-Invalid-,-Invalid-
9/14/2009 13:50,256,31.9,32.7,70.8,79,29.2,0,24798,0,0
9/14/2009 14:00,263,31.7,32.7,70.8,79,29.2,0,24798,0,0
9/14/2009 14:10,262,29.4,30.6,70.8,78,29.2,0,24798,0,0
9/14/2009 14:20,267,27.3,32.2,71,75,29.2,0,24798,0,0
9/14/2009 14:30,283,10.7,14.6,71,75,29.2,0,24798,0,0
9/14/2009 14:40,240,21.5,26.4,70.8,76,29.2,0,24798,0,0
9/14/2009 14:50,259,27.1,28.3,71,74,29.2,0,24798,0,0
9/14/2009 15:00,267,26.5,27.7,71,75,29.2,0,24798,0,0
9/14/2009 15:10,259,22.7,23.6,70.8,77,29.2,0,24798,0,0
9/14/2009 15:20,250,19.7,21.2,70.8,78,29.2,0,24798,0,0
9/14/2009 15:30,261,23.2,25.9,70.7,80,29.2,0,24798,0,0
9/14/2009 15:40,257,27.4,29.2,70.7,80,29.2,0,24798,0,0
9/14/2009 15:50,265,23.6,26.1,70.5,80,29.2,0,24798,0,0
9/14/2009 16:00,255,19.3,23.6,70.5,79,29.2,0,24798,0,0
9/14/2009 16:10,269,15.9,19.8,70.3,79,29.2,0,24798,0,0
9/14/2009 16:20,258,8.4,9.7,70.1,80,29.2,0,24798,0,0
9/14/2009 16:30,248,14.5,18.2,70.1,80,29.2,0,24798,0,0
9/14/2009 16:40,247,13.4,15.7,69.9,80,29.2,0,24798,0,0
9/14/2009 16:50,168,6.7,10.7,69.9,81,29.2,0,24798,0,0
9/14/2009 17:00,237,9.4,13.2,69.9,81,29.2,0,24798,0,0
9/14/2009 17:10,237,11.1,12.9,69.9,80,29.2,0,24798,0,0
9/14/2009 17:20,259,8.1,11.5,69.9,80,29.2,0,24798,0,0
9/14/2009 17:30,240,7.6,9,69.6,79,29.2,0,24798,0,0
9/14/2009 17:40,228,8.3,9,68.3,81,29.2,0,24798,0,0
9/14/2009 17:50,225,8.5,10,67.8,82,29.2,0,24798,0,0
9/14/2009 18:00,225,6.2,7,67.4,82,29.2,0,24798,0,0
9/14/2009 18:10,213,5,5.3,67.1,82,29.2,0,24798,0,0
9/14/2009 18:20,228,5.6,7.3,66.9,82,29.2,0,24798,0,0
9/14/2009 18:30,227,6.3,6.8,66.7,81,29.2,0,24798,0,0
9/14/2009 18:40,209,7,7.8,66.7,80,29.2,0,24798,0,0
9/14/2009 18:50,212,7.1,7.9,66.9,79,29.2,0,24798,0,0
9/14/2009 19:00,210,6.1,6.8,66.9,78,29.2,0,24798,0,0
9/14/2009 19:10,227,5,5.3,66.9,78,29.2,0,24798,0,0
9/14/2009 19:20,213,6.3,8.2,66.7,78,29.2,0,24798,0,0
9/14/2009 19:30,226,8.4,8.9,66.5,78,29.2,0,24798,0,0
9/14/2009 19:40,212,4.9,5.6,66.3,78,29.2,0,24798,0,0
9/14/2009 19:50,210,5.4,5.8,66.3,78,29.2,0,24798,0,0
9/14/2009 20:00,208,5.2,5.9,66.5,78,29.2,0,24798,0,0
9/14/2009 20:10,228,4,4.8,66.7,77,29.2,0,24798,0,0
9/14/2009 20:20,195,6.1,7.2,66.3,78,29.2,0,24798,0,0
9/14/2009 20:30,196,7.8,8.5,66.5,77,29.2,0,24798,0,0
9/14/2009 20:40,212,4.9,5.6,66.3,78,29.2,0,24798,0,0
9/14/2009 20:50,192,5.3,6.5,66,79,29.2,0,24798,0,0
9/14/2009 21:00,180,4.6,6.1,65.8,79,29.2,0,24798,0,0
9/14/2009 21:10,195,4.7,5.8,65.8,79,29.2,0,24798,0,0
9/14/2009 21:20,181,4.8,6.1,65.8,79,29.2,0,24798,0,0
9/14/2009 21:30,204,6.1,6.7,65.6,80,29.2,0,24798,0,0
9/14/2009 21:40,192,5.1,5.8,65.4,80,29.2,0,24798,0,0
9/14/2009 21:50,187,5.3,6.4,65.1,81,29.2,0,24798,0,0
9/14/2009 22:00,183,5.3,6.6,65.3,81,29.2,0,24798,0,0
9/14/2009 22:10,188,4,5.6,65.3,81,29.2,0,24798,0,0
9/14/2009 22:20,167,5.6,7.1,65.4,80,29.2,0,24798,0,0
9/14/2009 22:30,188,5.2,6.5,65.4,80,29.2,0,24798,0,0
9/14/2009 22:40,144,5.4,5.9,65.4,80,29.2,0,24798,0,0
9/14/2009 22:50,161,5.2,5.9,65.3,80,29.2,0,24798,0,0
9/14/2009 23:00,155,5,6.8,65.3,80,29.2,0,24798,0,0
9/14/2009 23:10,189,4.7,6.6,65.1,81,29.2,0,24798,0,0
9/14/2009 23:20,153,5.7,6.8,65.1,81,29.2,0,24798,0,0
9/14/2009 23:30,176,3.2,4.5,65.1,81,29.2,0,24798,0,0
9/14/2009 23:40,109,2.2,3.6,65.1,81,29.2,0,24798,0,0
9/14/2009 23:50,139,3.3,3.7,65.1,81,29.2,0,24798,0,0
9/15/2009 0:00,138,3.3,3.8,65.1,81,29.2,0,24798,0,0
9/15/2009 0:10,113,3.2,3.7,65.3,81,29.2,0,24798,0,0
9/15/2009 0:20,91,4.2,5.1,65.4,81,29.2,0,24798,0,0
9/15/2009 0:30,98,4.5,4.8,64.9,82,29.2,0,24798,0,0
9/15/2009 0:40,124,3.6,4,64.9,82,29.2,0,24798,0,0
9/15/2009 0:50,148,4.7,5.1,64.7,83,29.1,0,24798,0,0
9/15/2009 1:00,145,5.3,5.8,64.7,83,29.1,0,24798,0,0
9/15/2009 1:10,146,5.7,6.1,64.5,83,29.1,0,24798,0,0
9/15/2009 1:20,144,6,6.9,64.5,83,29.1,0,24798,0,0
9/15/2009 1:30,143,6.1,6.6,64.5,83,29.1,0,24798,0,0
9/15/2009 1:40,151,4.6,5.3,64.2,84,29.1,0,24798,0,0
9/15/2009 1:50,159,4.5,5.6,64,85,29.1,0,24798,0,0
9/15/2009 2:00,151,6,7.2,64,85,29.1,0,24798,0,0
9/15/2009 2:10,172,5.1,6.5,63.6,86,29.1,0,24798,0,0
9/15/2009 2:20,157,4.9,5.4,63.6,85,29.1,0,24798,0,0
9/15/2009 2:30,151,5.9,6.9,63.6,85,29.1,0,24798,0,0
9/15/2009 2:40,143,7,8.5,63.6,85,29.1,0,24798,0,0
9/15/2009 2:50,137,5.7,6.1,63.8,85,29.1,0,24798,0,0
9/15/2009 3:00,134,5.8,6.3,63.8,85,29.1,0,24798,0,0
9/15/2009 3:10,140,7.5,8.3,63.6,85,29.1,0,24798,0,0
9/15/2009 3:20,136,6.6,7.2,63.6,85,29.1,0,24798,0,0
9/15/2009 3:30,162,4,5.3,63.5,85,29.1,0,24798,0,0
9/15/2009 3:40,145,4.2,4.7,63.3,86,29.1,0,24798,0,0
9/15/2009 3:50,166,3.9,4.6,63.3,86,29.1,0,24798,0,0
9/15/2009 4:00,159,4.1,4.6,63.3,86,29.2,0,24798,0,0
9/15/2009 4:10,142,1.3,2,63.6,85,29.2,0,24798,0,0
9/15/2009 4:20,182,3.5,3.9,63.6,85,29.2,0,24798,0,0
9/15/2009 4:30,190,2.9,4,63.3,86,29.2,0,24798,0,0
9/15/2009 4:40,232,3.8,4.4,63.3,86,29.2,0,24798,0,0
9/15/2009 4:50,229,5,6.1,63.8,85,29.2,0,24798,0,0
9/15/2009 5:00,221,4.1,4.7,63.8,85,29.2,0,24798,0,0
9/15/2009 5:10,222,3.6,4.6,64.2,85,29.2,0,24798,0,0
9/15/2009 5:20,232,3.7,4.3,64.4,84,29.2,0,24798,0,0
9/15/2009 5:30,195,3.8,4.4,64.7,83,29.2,0,24798,0,0
9/15/2009 5:40,238,5.2,6.1,65.1,82,29.2,0,24808,0,0
9/15/2009 5:50,248,4.8,5.7,65.6,83,29.2,0,24808,0,0
9/15/2009 6:00,151,4.2,7.5,66.5,81,29.2,0,24808,0,0
9/15/2009 6:10,245,4.3,5.7,67.2,80,29.2,0,24808,0,0
9/15/2009 6:20,233,7.1,8.9,67.6,79,29.2,0,24808,0,0
9/15/2009 6:30,223,4.3,5.2,67.8,78,29.2,0,24808,0,0
9/15/2009 6:40,304,3.6,5.2,68.3,74,29.2,0,24808,0,0
9/15/2009 6:50,340,6.1,7.8,68.3,74,29.2,0,24808,0,0
9/15/2009 7:00,339,3,3.6,68.3,72,29.2,0,24808,0,0
9/15/2009 7:10,32,5.5,6.8,68.3,72,29.2,0,24808,0,0
9/15/2009 7:20,354,5.3,6.2,68.3,73,29.2,0,24808,0,0
9/15/2009 7:30,20,7,9.3,68.3,74,29.2,0,24808,0,0
9/15/2009 7:40,5,6.5,8.4,68.3,74,29.2,0,24808,0,0
9/15/2009 7:50,15,6.4,11,68.1,76,29.2,0,24808,0,0
9/15/2009 8:00,82,6.8,8.5,68.9,73,29.2,0,24808,0,0
9/15/2009 8:10,300,6,6.6,69.2,73,29.2,0,24808,0,0
9/15/2009 8:20,279,5,5.5,68.5,75,29.2,0,24808,0,0
9/15/2009 8:30,310,3.5,4.1,68.9,75,29.2,0,24808,0,0
9/15/2009 8:40,96,12.6,15.1,69.4,72,29.2,0,24808,0,0
9/15/2009 8:50,312,3.9,6.3,69.4,72,29.2,0,24808,0,0
9/15/2009 9:00,291,6.8,7.6,69.4,71,29.2,0,24808,0,0
9/15/2009 9:10,291,7.8,8.9,69,73,29.2,0,24808,0,0
9/15/2009 9:20,310,4.6,5.4,69,74,29.2,0,24808,0,0
9/15/2009 9:30,239,7,7.9,69.8,72,29.2,0,24808,0,0
9/15/2009 9:40,287,7.6,8.1,69.2,71,29.2,0,24808,0,0
9/15/2009 9:50,285,5.1,5.7,70.1,71,29.2,0,24808,0,0
9/15/2009 10:00,237,14.8,19.6,69.6,71,29.2,0,24808,0,0
9/15/2009 10:10,279,12.3,14.2,69,72,29.2,0,24808,0,0
9/15/2009 10:20,285,11.5,12.3,68.9,72,29.2,0,24808,0,0
9/15/2009 10:30,308,8.2,8.8,69,75,29.2,0,24808,0,0
9/15/2009 10:40,308,7.3,7.8,69,74,29.2,0,24808,0,0
9/15/2009 10:50,301,9.2,10.1,68.7,75,29.2,0,24808,0,0
9/15/2009 11:00,295,8.9,9.3,68.7,74,29.2,0,24808,0,0
9/15/2009 11:10,281,7.7,8.3,68.9,72,29.2,0,24808,0,0
9/15/2009 11:20,291,5,5.4,69.2,73,29.2,0,24808,0,0
9/15/2009 11:30,335,2,3.6,69,74,29.2,0,24808,0,0
9/15/2009 11:40,314,6.2,6.7,69.4,73,29.2,0,24808,0,0
9/15/2009 11:50,312,3.7,4.7,69,73,29.2,0,24808,0,0
9/15/2009 12:00,292,5.2,5.6,69.8,71,29.2,0,24808,0,0
9/15/2009 12:10,4,6.8,8.1,69.6,70,29.2,0,24808,0,0
9/15/2009 12:20,301,6.2,6.8,69.8,69,29.2,0,24808,0,0
9/15/2009 12:30,304,5.3,6.1,69.2,69,29.2,0,24808,0,0
9/15/2009 12:40,321,5.6,6.4,69.4,70,29.2,0,24808,0,0
9/15/2009 12:50,311,5.4,5.8,69.6,71,29.2,0,24808,0,0
9/15/2009 13:00,286,5.2,5.7,69,72,29.2,0,24808,0,0
9/15/2009 13:10,279,6.7,7,69.2,70,29.2,0,24808,0,0
9/15/2009 13:20,289,5.9,6.3,69.6,71,29.2,0,24808,0,0
9/15/2009 13:30,298,6.6,7.4,69,73,29.2,0,24808,0,0
9/15/2009 13:40,304,5.6,6.4,69,73,29.2,0,24808,0,0
9/15/2009 13:50,323,7.1,8.3,69,73,29.2,0,24808,0,0
9/15/2009 14:00,293,6.3,6.8,69.6,71,29.2,0,24808,0,0
9/15/2009 14:10,299,4.4,4.8,69.4,71,29.2,0,24808,0,0
9/15/2009 14:20,308,3.5,4,69.2,71,29.2,0,24808,0,0
9/15/2009 14:30,147,7.5,9.7,69.6,71,29.2,0,24808,0,0
9/15/2009 14:40,319,3.1,3.9,69.4,69,29.2,0,24808,0,0
9/15/2009 14:50,116,5.6,7.7,69.4,71,29.2,0,24808,0,0
9/15/2009 15:00,94,4.8,5.2,69.4,71,29.2,0,24808,0,0
9/15/2009 15:10,4,3.3,3.6,69,72,29.2,0,24808,0,0
9/15/2009 15:20,55,4.8,6,69,72,29.2,0,24808,0,0
9/15/2009 15:30,358,7.5,8.9,68.9,74,29.2,0,24808,0,0
9/15/2009 15:40,345,6.6,7.8,68.7,75,29.2,0,24808,0,0
9/15/2009 15:50,331,8.4,9.4,68.1,76,29.2,0,24808,0,0
9/15/2009 16:00,347,6.6,7,67.8,78,29.2,0,24808,0,0
9/15/2009 16:10,358,4.8,5.9,67.8,80,29.2,0,24808,0,0
9/15/2009 16:20,337,7.2,8.5,67.4,79,29.2,0,24808,0,0
9/15/2009 16:30,346,7,8.5,67.4,80,29.2,0,24808,0,0
9/15/2009 16:40,29,4.8,5.7,67.4,78,29.2,0,24808,0,0
9/15/2009 16:50,12,4.2,5.7,67.6,78,29.2,0,24808,0,0
9/15/2009 17:00,344,5.2,5.9,67.6,78,29.2,0,24808,0,0
9/15/2009 17:10,46,4.2,5.8,67.6,76,29.2,0,24808,0,0
9/15/2009 17:20,344,6.4,7.1,67.6,78,29.2,0,24808,0,0
9/15/2009 17:30,342,6.6,9.1,67.4,79,29.2,0,24808,0,0
9/15/2009 17:40,346,6.5,7.3,67.2,80,29.2,0,24808,0,0
9/15/2009 17:50,350,6.8,7.4,67.4,80,29.2,0,24808,0,0
9/15/2009 18:00,2,4.6,6,67.4,79,29.2,0,24808,0,0
9/15/2009 18:10,345,6.5,7.8,67.8,78,29.2,0,24808,0,0
9/15/2009 18:20,32,4.1,5.6,68.1,77,29.2,0,24808,0,0
9/15/2009 18:30,24,4.4,5.3,68.1,77,29.3,0,24808,0,0
9/15/2009 18:40,13,4.6,5.5,68,76,29.3,0,24808,0,0
9/15/2009 18:50,25,3.6,4.2,68,75,29.3,0,24808,0,0
9/15/2009 19:00,14,3,4.2,68,75,29.3,0,24808,0,0
9/15/2009 19:10,338,6.7,9.1,68,76,29.3,0,24808,0,0
9/15/2009 19:20,59,9.9,14.2,68.5,60,29.3,0,24808,0,0
9/15/2009 19:30,41,5.3,6.3,68.5,56,29.3,0,24808,0,0
9/15/2009 19:40,204,4.6,6.1,68.1,57,29.3,0,24818,0,0
9/15/2009 19:50,359,6.4,8.4,68.1,57,29.3,0,24818,0,0
9/15/2009 20:00,197,4.5,6,68.1,56,29.3,0,24818,0,0
9/15/2009 20:10,30,8.1,11.4,68,55,29.3,0,24818,0,0
9/15/2009 20:20,92,6.2,8.2,67.8,57,29.3,0,24818,0,0
9/15/2009 20:30,54,8.5,9.3,67.2,59,29.3,0,24818,0,0
9/15/2009 20:40,41,4.4,6.5,66.7,60,29.3,0,24818,0,0
9/15/2009 20:50,81,5.6,10,66.5,59,29.3,0,24818,0,0
9/15/2009 21:00,65,4.8,6.7,66.3,59,29.3,0,24818,0,0
9/15/2009 21:10,346,7.4,8.8,66.2,59,29.3,0,24818,0,0
9/15/2009 21:20,40,4.5,5.1,66,61,29.3,0,24818,0,0
9/15/2009 21:30,34,5.6,6.6,65.6,62,29.3,0,24818,0,0
9/15/2009 21:40,77,6.5,7.4,65.8,61,29.3,0,24818,0,0
9/15/2009 21:50,105,4.6,6,65.3,60,29.3,0,24818,0,0
9/15/2009 22:00,89,4.6,5.8,64.4,60,29.3,0,24818,0,0
9/15/2009 22:10,97,6.2,7,63.6,60,29.3,0,24818,0,0
9/15/2009 22:20,81,8.9,9.9,63.3,60,29.3,0,24818,0,0
9/15/2009 22:30,84,6.9,7.5,62.9,62,29.3,0,24818,0,0
9/15/2009 22:40,88,6,6.3,62.6,63,29.3,0,24818,0,0
9/15/2009 22:50,105,7.9,8.8,62.4,62,29.3,0,24818,0,0
9/15/2009 23:00,85,5.3,6,62.2,61,29.3,0,24818,0,0
9/15/2009 23:10,95,6,6.4,62,61,29.3,0,24818,0,0
9/15/2009 23:20,87,7.9,8.4,61.8,61,29.3,0,24818,0,0
9/15/2009 23:30,118,5,6.2,61.5,64,29.3,0,24818,0,0
9/15/2009 23:40,88,7.2,7.7,61.1,67,29.3,0,24818,0,0
9/15/2009 23:50,73,4,4.7,61.1,69,29.3,0,24818,0,0
9/16/2009 0:00,58,5.6,6.6,60.9,72,29.3,0,24818,0,0
9/16/2009 0:10,75,10.4,11.5,60.6,72,29.3,0,24818,0,0
9/16/2009 0:20,75,8.9,9.7,60.2,73,29.3,0,24818,0,0
9/16/2009 0:30,80,11,12.1,59.7,76,29.3,0,24818,0,0
9/16/2009 0:40,73,13.1,15.2,59,77,29.3,0,24818,0,0
9/16/2009 0:50,76,7,9.1,58.4,75,29.3,0,24818,0,0
9/16/2009 1:00,123,10,10.5,57.9,75,29.3,0,24818,0,0
9/16/2009 1:10,90,14.8,18.4,57.3,75,29.3,0,24818,0,0
9/16/2009 1:20,92,10.9,13.3,57.5,72,29.3,0,24818,0,0
9/16/2009 1:30,104,7.6,9,57.3,72,29.3,0,24818,0,0
9/16/2009 1:40,112,7.3,7.6,57.2,72,29.3,0,24818,0,0
9/16/2009 1:50,87,10.2,11.2,57.2,71,29.3,0,24818,0,0
9/16/2009 2:00,108,9.6,11,57,71,29.3,0,24818,0,0
9/16/2009 2:10,38,5.8,7,56.8,71,29.3,0,24818,0,0
9/16/2009 2:20,124,5.7,7.4,56.6,70,29.3,0,24818,0,0
9/16/2009 2:30,90,6.2,6.9,56.4,71,29.3,0,24818,0,0
9/16/2009 2:40,89,9.5,10.2,56.3,71,29.3,0,24818,0,0
9/16/2009 2:50,80,8.4,9.2,55.9,72,29.3,0,24818,0,0
9/16/2009 3:00,74,9.4,10.4,55.7,73,29.4,0,24818,0,0
9/16/2009 3:10,77,5.7,6.7,55.5,74,29.4,0,24818,0,0
9/16/2009 3:20,111,5.2,5.7,55.2,74,29.4,0,24818,0,0
9/16/2009 3:30,75,8.3,8.7,54.8,75,29.4,0,24818,0,0
9/16/2009 3:40,88,4.6,5.3,54.6,75,29.4,0,24818,0,0
9/16/2009 3:50,73,7,7.6,54.6,75,29.4,0,24818,0,0
9/16/2009 4:00,67,10.1,11.6,54.6,74,29.4,0,24818,0,0
9/16/2009 4:10,72,7.8,8.5,54.6,73,29.4,0,24818,0,0
9/16/2009 4:20,83,5.6,7.1,54.8,73,29.4,0,24818,0,0
9/16/2009 4:30,81,8.4,9.1,55,72,29.4,0,24818,0,0
9/16/2009 4:40,125,4.2,4.8,55.2,72,29.4,0,24818,0,0
9/16/2009 4:50,54,7.6,8.6,55.7,70,29.4,0,24818,0,0
9/16/2009 5:00,78,3.1,3.7,56.3,68,29.4,0,24818,0,0
9/16/2009 5:10,94,9.3,10.1,56.6,66,29.4,0,24818,0,0
9/16/2009 5:20,82,5.5,6.9,57,66,29.4,0,24818,0,0
9/16/2009 5:30,74,9.9,11.2,57.5,62,29.4,0,24818,0,0
9/16/2009 5:40,86,7.5,9.5,57.7,63,29.4,0,24818,0,0
9/16/2009 5:50,36,9.2,10.3,57.9,62,29.4,0,24818,0,0
9/16/2009 6:00,101,10.6,11.2,58.2,62,29.4,0,24818,0,0
9/16/2009 6:10,52,11.2,14.2,58.4,60,29.4,0,24818,0,0
9/16/2009 6:20,67,11.6,13.9,58.2,60,29.4,0,24818,0,0
9/16/2009 6:30,56,8.3,9.6,58.8,61,29.4,0,24818,0,0
9/16/2009 6:40,22,13,14.1,58.8,60,29.4,0,24818,0,0
9/16/2009 6:50,70,16.7,18.8,59.3,57,29.4,0,24818,0,0
9/16/2009 7:00,44,8.9,13.2,59.5,58,29.4,0,24818,0,0
9/16/2009 7:10,95,10.8,12.2,60.2,56,29.4,0,24818,0,0
9/16/2009 7:20,44,11,16.3,60,57,29.4,0,24818,0,0
9/16/2009 7:30,72,5.7,6.6,60.2,58,29.4,0,24818,0,0
9/16/2009 7:40,48,9.5,10.4,60.6,58,29.4,0,24818,0,0
9/16/2009 7:50,68,15.3,20.4,61.3,57,29.4,0,24818,0,0
9/16/2009 8:00,89,7.8,14.4,61.1,55,29.4,0,24818,0,0
9/16/2009 8:10,20,5.7,9.4,60.9,57,29.4,0,24818,0,0
9/16/2009 8:20,75,15.9,17.6,61.1,60,29.4,0,24818,0,0
9/16/2009 8:30,11,16.8,18.1,60.9,61,29.4,0,24818,0,0
9/16/2009 8:40,96,12.5,13.3,60.9,60,29.4,0,24818,0,0
9/16/2009 8:50,79,18.4,21.6,61.3,58,29.4,0,24818,0,0
9/16/2009 9:00,70,8.2,11.7,61.5,59,29.4,0,24818,0,0
9/16/2009 9:10,72,14.9,16.4,61.5,59,29.4,0,24818,0,0
9/16/2009 9:20,79,14.5,17.7,62,59,29.4,0,24818,0,0
9/16/2009 9:30,57,20.8,31.6,61.8,58,29.4,0,24818,0,0
9/16/2009 9:40,24,13,23.6,61.8,59,29.4,0,24818,0,0
9/16/2009 9:50,64,13.2,15.5,62.9,59,29.4,0,24818,0,0
9/16/2009 10:00,173,8.8,12.4,62.6,60,29.4,0,24818,0,0
9/16/2009 10:10,32,12.8,14.2,61.8,61,29.4,0,24818,0,0
9/16/2009 10:20,7,15.7,16.7,62,61,29.4,0,24818,0,0
9/16/2009 10:30,21,11.4,14,62.6,61,29.4,0,24818,0,0
9/16/2009 10:40,58,19.5,25.1,62.9,58,29.4,0,24818,0,0
9/16/2009 10:50,43,19.1,25,63.1,58,29.4,0,24818,0,0
9/16/2009 11:00,40,10.4,11.4,63.5,59,29.4,0,24818,0,0
9/16/2009 11:10,42,15.4,22,63.1,59,29.4,0,24818,0,0
9/16/2009 11:20,35,12,15.1,63.1,59,29.4,0,24818,0,0
9/16/2009 11:30,96,9.4,11.6,63.8,59,29.4,0,24818,0,0
9/16/2009 11:40,46,15.2,16.9,63.3,61,29.4,0,24818,0,0
9/16/2009 11:50,22,12.9,15.6,62.9,61,29.4,0,24818,0,0
9/16/2009 12:00,109,8,9.2,63.1,60,29.4,0,24818,0,0
9/16/2009 12:10,80,10.7,13.5,63.6,59,29.4,0,24818,0,0
9/16/2009 12:20,44,10.4,12.1,63.3,61,29.4,0,24818,0,0
9/16/2009 12:30,73,8.7,10.5,62.9,62,29.4,0,24818,0,0
9/16/2009 12:40,52,16.7,19,63.3,62,29.4,0,24818,0,0
9/16/2009 12:50,45,8.1,12.4,63.6,62,29.4,0,24818,0,0
9/16/2009 13:00,29,13.8,18.7,63.3,60,29.4,0,24818,0,0
9/16/2009 13:10,33,10,13.3,63.1,62,29.4,0,24818,0,0
9/16/2009 13:20,22,7.2,9.7,63.6,60,29.4,0,24818,0,0
9/16/2009 13:30,58,13.4,15.9,63.5,61,29.4,0,24818,0,0
9/16/2009 13:40,32,6.1,8.3,63.5,63,29.4,0,24818,0,0
9/16/2009 13:50,39,8.2,9,63.6,62,29.4,0,24818,0,0
9/16/2009 14:00,69,13.3,16,63.8,62,29.4,0,24818,0,0
9/16/2009 14:10,42,6.8,10,62.7,64,29.4,0,24818,0,0
9/16/2009 14:20,95,5,6.4,62.9,65,29.4,0,24818,0,0
9/16/2009 14:30,78,13.1,14.3,63.3,62,29.4,0,24818,0,0
9/16/2009 14:40,77,12.5,13.9,63.3,62,29.4,0,24818,0,0
9/16/2009 14:50,50,8.5,10.7,62.9,62,29.4,0,24818,0,0
9/16/2009 15:00,38,5.5,6.7,62.4,65,29.4,0,24818,0,0
9/16/2009 15:10,29,5.9,6.8,62.4,65,29.4,0,24818,0,0
9/16/2009 15:20,76,12.1,16.8,62.7,63,29.4,0,24818,0,0
9/16/2009 15:30,87,5.6,10,62.9,63,29.4,0,24818,0,0
9/16/2009 15:40,31,9.2,10.4,62.6,65,29.4,0,24818,0,0
9/16/2009 15:50,54,9.5,10.6,62.2,64,29.4,0,24818,0,0
9/16/2009 16:00,76,5.9,7.6,61.7,65,29.4,0,24818,0,0
9/16/2009 16:10,81,8.8,10.2,61.3,65,29.4,0,24818,0,0
9/16/2009 16:20,83,4.7,5.9,61.1,66,29.4,0,24818,0,0
9/16/2009 16:30,91,10.8,13,60.9,66,29.4,0,24818,0,0
9/16/2009 16:40,107,7.8,8.4,60.9,66,29.4,0,24818,0,0
9/16/2009 16:50,93,6,6.8,60.8,67,29.4,0,24818,0,0
9/16/2009 17:00,86,6.5,7.9,60.8,67,29.4,0,24818,0,0
9/16/2009 17:10,71,6.5,7.6,60.6,67,29.4,0,24818,0,0
9/16/2009 17:20,80,9.1,10.4,60.4,68,29.4,0,24818,0,0
9/16/2009 17:30,93,10.2,11.3,60.2,68,29.4,0,24818,0,0
9/16/2009 17:40,79,4.1,5.3,59.9,69,29.4,0,24818,0,0
9/16/2009 17:50,96,8.4,10,59.7,70,29.4,0,24818,0,0
9/16/2009 18:00,109,5,7.8,59.5,71,29.4,0,24818,0,0
9/16/2009 18:10,82,11.4,12.3,59.3,71,29.4,0,24818,0,0
9/16/2009 18:20,85,6.9,7.9,59.3,72,29.4,0,24818,0,0
9/16/2009 18:30,86,6.6,9,59.1,72,29.4,0,24818,0,0
9/16/2009 18:40,71,10.5,11.6,58.6,74,29.4,0,24818,0,0
9/16/2009 18:50,85,9.7,10.7,58.2,75,29.4,0,24818,0,0
9/16/2009 19:00,86,8,8.6,57.7,77,29.4,0,24818,0,0
9/16/2009 19:10,81,6.9,8,57.2,78,29.4,0,24818,0,0
9/16/2009 19:20,79,4.9,5.7,57,78,29.4,0,24818,0,0
9/16/2009 19:30,85,7.3,8.6,56.8,79,29.4,0,24818,0,0
9/16/2009 19:40,70,6.8,7.7,56.8,79,29.4,0,24818,0,0
9/16/2009 19:50,75,8.9,10,56.4,80,29.4,0,24818,0,0
9/16/2009 20:00,89,7.4,8.6,56.3,80,29.4,0,24818,0,0
9/16/2009 20:10,76,6.9,7.6,56.1,81,29.4,0,24818,0,0
9/16/2009 20:20,82,7.3,8.1,56.1,81,29.4,0,24818,0,0
9/16/2009 20:30,64,6.4,7.4,56.1,81,29.4,0,24818,0,0
9/16/2009 20:40,59,6,6.8,56.3,80,29.4,0,24818,0,0
9/16/2009 20:50,87,8.8,9.9,56.4,79,29.4,0,24818,0,0
9/16/2009 21:00,13,5.4,6.7,56.4,80,29.4,0,24818,0,0
9/16/2009 21:10,81,6.3,7.2,56.4,79,29.4,0,24818,0,0
9/16/2009 21:20,22,4.9,5.8,56.4,80,29.4,0,24818,0,0
9/16/2009 21:30,76,3.6,5,56.4,79,29.4,0,24818,0,0
9/16/2009 21:40,82,6.7,7.1,56.4,80,29.4,0,24818,0,0
9/16/2009 21:50,79,8.7,9.3,56.3,80,29.4,0,24818,0,0
9/16/2009 22:00,73,6.8,7.6,56.3,80,29.4,0,24818,0,0
9/16/2009 22:10,97,5.2,5.5,56.3,80,29.4,0,24818,0,0
9/16/2009 22:20,72,4.5,5.1,56.1,80,29.4,0,24818,0,0
9/16/2009 22:30,91,4.2,4.8,56.1,80,29.4,0,24818,0,0
9/16/2009 22:40,78,4.2,4.8,56.1,80,29.4,0,24818,0,0
9/16/2009 22:50,93,6.3,7.4,56.3,79,29.4,0,24818,0,0
9/16/2009 23:00,105,4.7,5,56.3,79,29.4,0,24818,0,0
9/16/2009 23:10,96,8.1,8.5,56.4,78,29.4,0,24818,0,0
9/16/2009 23:20,84,5.6,6.4,56.6,78,29.4,0,24818,0,0
9/16/2009 23:30,121,4.2,5.1,56.8,77,29.4,0,24818,0,0
9/16/2009 23:40,43,6.4,6.6,57,77,29.4,0,24818,0,0
9/16/2009 23:50,72,5.5,5.9,57,76,29.4,0,24818,0,0
9/17/2009 0:00,78,3.2,4.1,57,76,29.4,0,24818,0,0
9/17/2009 0:10,102,7.4,7.8,57,76,29.4,0,24818,0,0
9/17/2009 0:20,91,7.8,8.8,56.6,77,29.4,0,24818,0,0
9/17/2009 0:30,67,2.9,3.7,56.4,78,29.4,0,24818,0,0
9/17/2009 0:40,97,4.8,5.8,56.4,78,29.4,0,24818,0,0
9/17/2009 0:50,226,4.8,5.5,56.4,78,29.4,0,24818,0,0
9/17/2009 1:00,121,5,5.5,56.6,77,29.4,0,24818,0,0
9/17/2009 1:10,100,8.7,9.2,56.6,78,29.4,0,24818,0,0
9/17/2009 1:20,49,6.3,6.8,56.4,78,29.4,0,24818,0,0
9/17/2009 1:30,59,3.4,4.4,56.3,79,29.4,0,24818,0,0
9/17/2009 1:40,67,5.8,7,56.1,80,29.4,0,24818,0,0
9/17/2009 1:50,57,8.2,8.9,56.1,80,29.4,0,24818,0,0
9/17/2009 2:00,89,5.8,6.1,56.1,80,29.4,0,24818,0,0
9/17/2009 2:10,86,4.8,5.2,55.9,81,29.4,0,24818,0,0
9/17/2009 2:20,90,5.4,6.1,55.7,82,29.4,0,24818,0,0
9/17/2009 2:30,76,6.5,7.4,55.7,82,29.4,0,24818,0,0
9/17/2009 2:40,97,5.2,5.8,55.5,83,29.4,0,24818,0,0
9/17/2009 2:50,90,9.3,10.1,55.4,84,29.4,0,24818,0,0
9/17/2009 3:00,86,6.3,7.2,55,86,29.4,0,24818,0,0
9/17/2009 3:10,107,4.1,5.1,54.8,87,29.4,0,24818,0,0
9/17/2009 3:20,147,6.8,7.6,54.6,89,29.4,0,24818,0,0
9/17/2009 3:30,82,5.3,6.3,54.5,89,29.4,0,24818,0,0
9/17/2009 3:40,62,1.4,3.4,54.3,89,29.4,0,24818,0,0
9/17/2009 3:50,53,4.7,6.4,54.5,90,29.4,0,24818,0,0
9/17/2009 4:00,96,2.2,3,54.8,89,29.4,0,24818,0,0
9/17/2009 4:10,54,3.5,3.9,55,88,29.4,0,24818,0,0
9/17/2009 4:20,322,18.4,25.4,55.2,88,29.4,0,24898,0.01,0.01
9/17/2009 4:30,44,5.3,15,55.4,88,29.4,0,24968,0,0
9/17/2009 4:40,11,2.3,2.9,55.5,88,29.4,0,24968,0,0
9/17/2009 4:50,73,2.2,2.8,55.9,87,29.4,0,24968,0,0
9/17/2009 5:00,58,4,4.5,56.3,86,29.4,0,24968,0,0
9/17/2009 5:10,41,5.4,6.1,56.6,86,29.4,0,24968,0,0
9/17/2009 5:20,105,2.3,3.2,57.2,85,29.4,0,24968,0,0
9/17/2009 5:30,94,5.1,5.9,57.7,83,29.4,0,24968,0,0
9/17/2009 5:40,99,4.1,4.4,58.4,82,29.4,0,24968,0,0
9/17/2009 5:50,15,6.2,9.3,59.5,79,29.4,0,24968,0,0
9/17/2009 6:00,100,2.3,3,60.2,79,29.4,0,24968,0,0
9/17/2009 6:10,145,2.9,6.4,60,79,29.4,0,24968,0,0
9/17/2009 6:20,25,6.9,10.2,60,80,29.4,0,24968,0,0
9/17/2009 6:30,66,8.2,10.4,60.4,78,29.4,0,24968,0,0
9/17/2009 6:40,15,10.4,12.4,60.4,79,29.4,0,24968,0,0
9/17/2009 6:50,17,8.4,9.5,60.4,79,29.4,0,24968,0,0
9/17/2009 7:00,28,6.2,6.6,60.4,80,29.4,0,24968,0,0
9/17/2009 7:10,348,6.3,7,60,81,29.4,0,24968,0,0
9/17/2009 7:20,6,6.8,7.1,60.6,81,29.4,0,24968,0,0
9/17/2009 7:30,2,5.2,6.2,60.8,82,29.4,0,24968,0,0
9/17/2009 7:40,100,8.6,11,60.9,82,29.4,0,24968,0,0
9/17/2009 7:50,115,7,8.1,62.7,79,29.4,0,24968,0,0
9/17/2009 8:00,11,10,13.7,62.4,79,29.4,0,24968,0,0
9/17/2009 8:10,108,5.3,8.8,62.7,77,29.4,0,24968,0,0
9/17/2009 8:20,80,9.3,10.8,63.3,75,29.4,0,24968,0,0
9/17/2009 8:30,86,8.5,10.1,63.3,76,29.4,0,24968,0,0
9/17/2009 8:40,75,12.9,15.9,63.5,76,29.4,0,24968,0,0
9/17/2009 8:50,83,10.5,12,64,74,29.4,0,24968,0,0
9/17/2009 9:00,33,10.5,11.2,63.6,76,29.4,0,24968,0,0
9/17/2009 9:10,90,9.6,12,64.2,74,29.4,0,24968,0,0
9/17/2009 9:20,39,7.8,10.7,63.6,75,29.4,0,24968,0,0
9/17/2009 9:30,48,6.2,7.2,64.2,74,29.4,0,24968,0,0
9/17/2009 9:40,109,10.2,12.9,65.1,73,29.4,0,24968,0,0
9/17/2009 9:50,59,7.4,8.8,64.5,73,29.4,0,24968,0,0
9/17/2009 10:00,88,10.3,11.5,64.5,72,29.4,0,24968,0,0
9/17/2009 10:10,86,9.6,11,64.5,72,29.4,0,24968,0,0
9/17/2009 10:20,71,6.6,7.7,64.5,72,29.4,0,24968,0,0
9/17/2009 10:30,60,9.9,12.5,64.9,72,29.4,0,24968,0,0
9/17/2009 10:40,55,6.2,12.1,65.3,71,29.4,0,24968,0,0
9/17/2009 10:50,49,7.7,8.6,64.7,71,29.4,0,24968,0,0
9/17/2009 11:00,59,15.9,21.5,65.1,72,29.4,0,24968,0,0
9/17/2009 11:10,76,9.3,10.6,65.4,70,29.3,0,24968,0,0
9/17/2009 11:20,98,6.9,10.3,65.1,71,29.3,0,24968,0,0
9/17/2009 11:30,68,6.5,7.7,64.7,72,29.3,0,24968,0,0
9/17/2009 11:40,71,8.9,9.9,64.9,72,29.3,0,24968,0,0
9/17/2009 11:50,75,6.1,7.4,64.7,73,29.3,0,24968,0,0
9/17/2009 12:00,53,8.5,9.5,64.9,72,29.3,0,24968,0,0
9/17/2009 12:10,44,9.8,14.5,64.7,73,29.3,0,24968,0,0
9/17/2009 12:20,30,10.3,12.6,64.9,73,29.3,0,24968,0,0
9/17/2009 12:30,359,4.5,6.3,65.6,71,29.3,0,24968,0,0
9/17/2009 12:40,29,9,10.5,64.9,70,29.3,0,24968,0,0
9/17/2009 12:50,64,6.3,6.8,65.1,71,29.3,0,24968,0,0
9/17/2009 13:00,18,11.7,12.5,64.9,68,29.3,0,24968,0,0
9/17/2009 13:10,29,11.7,13.9,65.1,70,29.3,0,24968,0,0
9/17/2009 13:20,217,6.9,13.3,65.3,70,29.3,0,24968,0,0
9/17/2009 13:30,3,8.9,11.2,65.1,73,29.3,0,24968,0,0
9/17/2009 13:40,13,9.3,11.8,65.1,72,29.3,0,24968,0,0
9/17/2009 13:50,26,6.4,7.1,65.3,71,29.3,0,24968,0,0
9/17/2009 14:00,20,12.2,13,65.1,71,29.3,0,24968,0,0
9/17/2009 14:10,6,10.3,11.9,64.7,71,29.3,0,24968,0,0
9/17/2009 14:20,50,6.6,7.2,64.7,72,29.3,0,24968,0,0
9/17/2009 14:30,39,6,7.6,64.9,71,29.3,0,24968,0,0
9/17/2009 14:40,345,5.1,8.5,64.7,72,29.3,0,24968,0,0
9/17/2009 14:50,1,8.9,9.9,64.5,70,29.3,0,24968,0,0
9/17/2009 15:00,349,8.5,9.7,64.4,73,29.3,0,24968,0,0
9/17/2009 15:10,23,4.6,6.1,64.4,72,29.3,0,24968,0,0
9/17/2009 15:20,85,2.3,3.3,64.4,73,29.3,0,24968,0,0
9/17/2009 15:30,356,6.7,7.9,64.2,72,29.3,0,24968,0,0
9/17/2009 15:40,21,6.3,7.8,63.8,72,29.3,0,24968,0,0
9/17/2009 15:50,65,3.5,4.6,63.8,71,29.3,0,24968,0,0
9/17/2009 16:00,348,5.6,6.2,63.5,71,29.3,0,24968,0,0
9/17/2009 16:10,36,6.7,7.8,63.3,70,29.3,0,24968,0,0
9/17/2009 16:20,56,3.7,4.4,63.3,69,29.3,0,24968,0,0
9/17/2009 16:30,83,4.5,5.9,63.1,69,29.3,0,24968,0,0
9/17/2009 16:40,69,4.7,5.3,63.1,69,29.3,0,24968,0,0
9/17/2009 16:50,52,4.3,5.2,63.1,68,29.3,0,24968,0,0
9/17/2009 17:00,90,4.1,4.7,63.1,67,29.3,0,24968,0,0
9/17/2009 17:10,81,3.7,4.8,63.1,67,29.3,0,24968,0,0
9/17/2009 17:20,99,5.4,5.8,63.1,67,29.3,0,24968,0,0
9/17/2009 17:30,115,5.1,5.3,62.7,68,29.3,0,24968,0,0
9/17/2009 17:40,120,5.8,6.3,62.6,70,29.3,0,24968,0,0
9/17/2009 17:50,123,6,6.6,62,73,29.3,0,24968,0,0
9/17/2009 18:00,127,6,6.3,61.5,74,29.3,0,24968,0,0
9/17/2009 18:10,119,7.6,8.2,61.3,75,29.3,0,24968,0,0
9/17/2009 18:20,117,6.3,6.8,60.9,75,29.3,0,24968,0,0
9/17/2009 18:30,123,5.6,6.3,60.6,76,29.3,0,24968,0,0
9/17/2009 18:40,150,6.2,7.1,60.4,76,29.3,0,24968,0,0
9/17/2009 18:50,136,7.9,8.7,60,77,29.3,0,24968,0,0
9/17/2009 19:00,138,8.9,9.5,59.9,78,29.3,0,24968,0,0
9/17/2009 19:10,139,7.1,7.6,59.9,78,29.3,0,24968,0,0
9/17/2009 19:20,148,5.9,6.3,59.9,78,29.3,0,24968,0,0
9/17/2009 19:30,147,5.9,6.7,59.5,79,29.3,0,24968,0,0
9/17/2009 19:40,151,7.1,7.9,59.3,79,29.3,0,24968,0,0
9/17/2009 19:50,153,7.1,7.5,59,79,29.3,0,24968,0,0
9/17/2009 20:00,152,7.7,8.7,59,79,29.3,0,24968,0,0
9/17/2009 20:10,157,6.6,7.8,59,78,29.3,0,24968,0,0
9/17/2009 20:20,151,7.3,7.7,59.1,77,29.3,0,24968,0,0
9/17/2009 20:30,149,5.8,6.6,59.5,76,29.3,0,24968,0,0
9/17/2009 20:40,154,6,6.8,59.9,75,29.3,0,24968,0,0
9/17/2009 20:50,177,5.1,6.3,59.9,74,29.3,0,24968,0,0
9/17/2009 21:00,184,3.3,4,60,74,29.3,0,24968,0,0
9/17/2009 21:10,171,4.5,5.3,59.7,76,29.3,0,24968,0,0
9/17/2009 21:20,148,3.3,4.6,59.9,77,29.3,0,24968,0,0
9/17/2009 21:30,171,4.2,5,59.9,78,29.3,0,24968,0,0
9/17/2009 21:40,160,5.7,6.2,60,80,29.3,0,24968,0,0
9/17/2009 21:50,175,4,4.9,59.9,81,29.3,0,24968,0,0
9/17/2009 22:00,164,3.1,3.5,59.7,82,29.3,0,24968,0,0
9/17/2009 22:10,156,4.3,5.3,59.5,83,29.3,0,24968,0,0
9/17/2009 22:20,162,4.7,5.3,59.3,84,29.3,0,24968,0,0
9/17/2009 22:30,170,3.6,4.2,59,85,29.3,0,24968,0,0
9/17/2009 22:40,172,5.3,6.4,58.8,86,29.3,0,24968,0,0
9/17/2009 22:50,176,6.3,7.6,58.6,87,29.3,0,24968,0,0
9/17/2009 23:00,147,5,5.9,58.2,88,29.3,0,24968,0,0
9/17/2009 23:10,183,8.2,9.2,58.2,88,29.3,0,24968,0,0
9/17/2009 23:20,178,6.6,8,58.2,88,29.3,0,24968,0,0
9/17/2009 23:30,175,7,8,57.9,89,29.3,0,24968,0,0
9/17/2009 23:40,177,6.7,7.4,57.7,89,29.3,0,24968,0,0
9/17/2009 23:50,186,4.3,5.1,57.3,90,29.3,0,24968,0,0
9/18/2009 0:00,179,6.3,7.3,57.3,90,29.3,0,24968,0,0
9/18/2009 0:10,175,5.5,6.1,57.2,90,29.3,0,24968,0,0
9/18/2009 0:20,183,6.5,7.2,57,90,29.3,0,24968,0,0
9/18/2009 0:30,177,9,9.5,57,90,29.3,0,24968,0,0
9/18/2009 0:40,181,8.6,9.5,56.8,91,29.3,0,24968,0,0
9/18/2009 0:50,181,6.1,7.3,56.8,90,29.3,0,24968,0,0
9/18/2009 1:00,174,6.2,7.7,56.6,91,29.3,0,24968,0,0
9/18/2009 1:10,167,5.3,7,56.4,91,29.3,0,24968,0,0
9/18/2009 1:20,172,4.9,5.8,56.3,91,29.3,0,24968,0,0
9/18/2009 1:30,182,4.9,5.6,56.3,91,29.3,0,24968,0,0
9/18/2009 1:40,173,8.2,9.9,56.1,91,29.3,0,24968,0,0
9/18/2009 1:50,190,5.2,5.6,56.1,91,29.3,0,24968,0,0
9/18/2009 2:00,176,8.1,8.7,56.1,91,29.3,0,24968,0,0
9/18/2009 2:10,182,5,6.8,56.1,90,29.3,0,24968,0,0
9/18/2009 2:20,184,7.5,8.6,55.9,90,29.3,0,24968,0,0
9/18/2009 2:30,175,7.3,7.9,55.7,91,29.3,0,24968,0,0
9/18/2009 2:40,149,4.9,5.5,55.5,91,29.3,0,24968,0,0
9/18/2009 2:50,176,6.4,7.3,55.4,91,29.3,0,24968,0,0
9/18/2009 3:00,177,5.7,6.1,55.4,90,29.3,0,24968,0,0
9/18/2009 3:10,184,7.8,8.8,55.4,90,29.3,0,24968,0,0
9/18/2009 3:20,198,5.1,8.2,55.2,90,29.3,0,24968,0,0
9/18/2009 3:30,174,6.8,8.5,55,89,29.3,0,24968,0,0
9/18/2009 3:40,185,6.3,8.8,55.2,89,29.3,0,24968,0,0
9/18/2009 3:50,176,5.2,6.8,54.8,89,29.3,0,24968,0,0
9/18/2009 4:00,206,4.8,5.9,54.6,89,29.3,0,24968,0,0
9/18/2009 4:10,160,5.2,8.9,54.6,88,29.3,0,24968,0,0
9/18/2009 4:20,187,7.7,8.2,54.8,88,29.3,0,24968,0,0
9/18/2009 4:30,184,7.8,8.5,55,87,29.3,0,24968,0,0
9/18/2009 4:40,194,7.8,8.4,55.5,86,29.3,0,24968,0,0
9/18/2009 4:50,188,6.9,7.7,56.1,85,29.3,0,24968,0,0
9/18/2009 5:00,195,6.1,7.6,56.8,84,29.3,0,24968,0,0
9/18/2009 5:10,194,6.8,7,57.3,82,29.3,0,24968,0,0
9/18/2009 5:20,203,7.9,9.1,58.2,81,29.3,0,24968,0,0
9/18/2009 5:30,225,9.8,10.6,59.1,80,29.3,0,24968,0,0
9/18/2009 5:40,216,4.4,5.3,59.9,79,29.3,0,24968,0,0
9/18/2009 5:50,187,4.2,5.2,60.6,78,29.3,0,24968,0,0
9/18/2009 6:00,218,6.3,7.8,61.3,76,29.3,0,24968,0,0
9/18/2009 6:10,222,8,9.1,62.2,74,29.3,0,24968,0,0
9/18/2009 6:20,221,9.4,11.4,62.9,71,29.3,0,24968,0,0
9/18/2009 6:30,229,10.9,13.5,63.8,67,29.3,0,24968,0,0
9/18/2009 6:40,222,9.8,13.5,64,68,29.3,0,24968,0,0
9/18/2009 6:50,234,10.1,12.5,64.5,67,29.3,0,24968,0,0
9/18/2009 7:00,197,12.6,17.2,64.7,68,29.3,0,24968,0,0
9/18/2009 7:10,266,22.3,24.8,64.7,68,29.3,0,24968,0,0
9/18/2009 7:20,255,22.3,24.4,64.9,67,29.3,0,24968,0,0
9/18/2009 7:30,271,23.3,28.3,65.3,66,29.3,0,24968,0,0
9/18/2009 7:40,-Invalid-,-Invalid-,-Invalid-,-Invalid-,-Invalid-,-Invalid-,-Invalid-,-Invalid-,-Invalid-,-Invalid-
9/18/2009 7:50,246,20.3,24.7,66,65,29.3,0,24968,0,0
9/18/2009 8:00,-Invalid-,-Invalid-,-Invalid-,-Invalid-,-Invalid-,-Invalid-,-Invalid-,-Invalid-,-Invalid-,-Invalid-
9/18/2009 8:10,271,16,20.8,66.3,67,29.3,0,24968,0,0
9/18/2009 8:20,276,10,12.3,66.5,63,29.3,0,24968,0,0
9/18/2009 8:30,275,14.7,16,66.9,63,29.3,0,24968,0,0
9/18/2009 8:40,258,22.3,26.8,66.5,63,29.3,0,24968,0,0
9/18/2009 8:50,268,11.8,21.2,66.7,61,29.3,0,24968,0,0
9/18/2009 9:00,289,12.7,14.4,66.9,59,29.3,0,24968,0,0
9/18/2009 9:10,271,14.8,17.6,67.2,56,29.3,0,24968,0,0
9/18/2009 9:20,286,15.4,16.1,67.1,56,29.3,0,24968,0,0
9/18/2009 9:30,268,27.7,31.9,67.1,52,29.3,0,24968,0,0
9/18/2009 9:40,276,17.5,22.7,67.1,54,29.3,0,24968,0,0
9/18/2009 9:50,278,14.6,16.2,67.1,54,29.3,0,24968,0,0
9/18/2009 10:00,306,11.6,14.2,67.2,55,29.3,0,24968,0,0
9/18/2009 10:10,259,24.6,28.7,67.2,55,29.3,0,24968,0,0
9/18/2009 10:20,283,15.3,21.7,67.2,58,29.3,0,24968,0,0
9/18/2009 10:30,299,10.7,17.4,67.1,57,29.3,0,24968,0,0
9/18/2009 10:40,326,7.5,13.5,67.4,58,29.3,0,24968,0,0
9/18/2009 10:50,257,21,23.3,67.6,58,29.3,0,24968,0,0
9/18/2009 11:00,276,19.3,20.2,67.6,57,29.3,0,24968,0,0
9/18/2009 11:10,277,13.9,19.3,67.2,59,29.3,0,24968,0,0
9/18/2009 11:20,277,18.6,19.2,67.4,58,29.3,0,24968,0,0
9/18/2009 11:30,276,20.1,26,67.1,61,29.3,0,24968,0,0
9/18/2009 11:40,280,12.3,13.9,66.9,63,29.3,0,24968,0,0
9/18/2009 11:50,281,16.4,17,66.5,63,29.3,0,24968,0,0
9/18/2009 12:00,252,23.3,27.2,66.5,65,29.3,0,24968,0,0
9/18/2009 12:10,283,14.9,24,66.3,68,29.3,0,24968,0,0
9/18/2009 12:20,273,13.7,19.3,66.2,68,29.3,0,24968,0,0
9/18/2009 12:30,285,15.1,16.2,66.3,68,29.3,0,24968,0,0
9/18/2009 12:40,274,20.9,23.1,66.5,66,29.3,0,24968,0,0
9/18/2009 12:50,269,18.6,20.7,66.5,67,29.3,0,24968,0,0
9/18/2009 13:00,279,17.2,17.5,66.9,65,29.3,0,24968,0,0
9/18/2009 13:10,279,16.3,23.4,66.9,67,29.3,0,24968,0,0
9/18/2009 13:20,278,15.2,16.7,67.2,65,29.3,0,24968,0,0
9/18/2009 13:30,281,14.3,19.9,67.1,66,29.3,0,24968,0,0
9/18/2009 13:40,282,14.7,15.5,67.1,66,29.3,0,24968,0,0
9/18/2009 13:50,284,14.9,22.6,67.2,66,29.3,0,24968,0,0
9/18/2009 14:00,275,23,25.2,67.2,68,29.3,0,24968,0,0
9/18/2009 14:10,273,17.5,18.1,67.1,68,29.3,0,24968,0,0
9/18/2009 14:20,301,12.7,14.7,67.1,69,29.3,0,24968,0,0
9/18/2009 14:30,298,9.7,10.6,67.1,69,29.3,0,24968,0,0
9/18/2009 14:40,297,7.1,8.1,67.2,70,29.3,0,24968,0,0
9/18/2009 14:50,300,13.4,15.4,67.2,69,29.3,0,24968,0,0
9/18/2009 15:00,288,15.8,17.4,67.2,69,29.3,0,24968,0,0
9/18/2009 15:10,298,13.2,14.4,67.2,70,29.3,0,24968,0,0
9/18/2009 15:20,315,9.5,12,67.4,72,29.3,0,24968,0,0
9/18/2009 15:30,299,9.6,10.8,67.2,75,29.3,0,24968,0,0
9/18/2009 15:40,301,12,12.9,67.2,74,29.3,0,24968,0,0
9/18/2009 15:50,315,11.5,13.2,67.2,70,29.3,0,24968,0,0
9/18/2009 16:00,320,11.4,13.3,67.2,72,29.3,0,24968,0,0
9/18/2009 16:10,353,9.9,10.9,67.1,72,29.3,0,24968,0,0
9/18/2009 16:20,7,8,8.5,66.7,72,29.3,0,24968,0,0
9/18/2009 16:30,20,4.5,6.8,66.3,74,29.3,0,24968,0,0
9/18/2009 16:40,4,5.3,6.4,66.3,73,29.3,0,24968,0,0
9/18/2009 16:50,359,8.2,9.1,66.3,70,29.3,0,24968,0,0
9/18/2009 17:00,2,11.9,13.8,66.5,64,29.3,0,24968,0,0
9/18/2009 17:10,346,12,14.5,66.5,63,29.3,0,24968,0,0
9/18/2009 17:20,350,9.2,11.2,66.3,61,29.3,0,24968,0,0
9/18/2009 17:30,350,8.2,9.1,66.2,62,29.3,0,24968,0,0
9/18/2009 17:40,27,6.7,7.6,66,62,29.3,0,24968,0,0
9/18/2009 17:50,343,6.9,7.7,65.8,60,29.3,0,24968,0,0
9/18/2009 18:00,347,8.8,12.7,65.6,60,29.3,0,24968,0,0
9/18/2009 18:10,4,14.4,16.1,65.3,60,29.4,0,24968,0,0
9/18/2009 18:20,93,3,7.9,65.1,59,29.4,0,24968,0,0
9/18/2009 18:30,0,6.7,9,64.9,58,29.4,0,24968,0,0
9/18/2009 18:40,25,5.9,7.2,64.7,58,29.4,0,24968,0,0
9/18/2009 18:50,37,7.9,9.9,64.9,56,29.4,0,24968,0,0
9/18/2009 19:00,344,6.8,7.5,64.7,56,29.4,0,24968,0,0
9/18/2009 19:10,347,7.2,8.7,64.5,54,29.4,0,24968,0,0
9/18/2009 19:20,30,4.8,7.9,64.5,54,29.4,0,24968,0,0
9/18/2009 19:30,12,5.8,7.4,63.5,67,29.4,0,24968,0,0
9/18/2009 19:40,55,5.6,8.9,62.2,67,29.4,0,24968,0,0
9/18/2009 19:50,39,6.5,8.9,61.7,66,29.4,0,24968,0,0
9/18/2009 20:00,62,14.8,16.1,61.1,64,29.4,0,24968,0,0
9/18/2009 20:10,71,12.2,18.4,60.8,65,29.4,0,24968,0,0
9/18/2009 20:20,354,5,11.7,60.4,65,29.4,0,24968,0,0
9/18/2009 20:30,74,7.7,9.8,60.2,64,29.4,0,24968,0,0
9/18/2009 20:40,340,3.5,6,60.2,64,29.4,0,24968,0,0
9/18/2009 20:50,52,7.5,10.3,60,66,29.4,0,24968,0,0
9/18/2009 21:00,83,11,13.7,59.9,65,29.4,0,24968,0,0
9/18/2009 21:10,107,4.3,6.1,59.7,66,29.4,0,24968,0,0
9/18/2009 21:20,94,4.5,6.2,59.5,67,29.4,0,24968,0,0
9/18/2009 21:30,74,7.4,8.7,59.3,67,29.4,0,24968,0,0
9/18/2009 21:40,98,7.3,8.3,59.1,67,29.4,0,24968,0,0
9/18/2009 21:50,66,9.7,10.8,59.1,67,29.4,0,24968,0,0
9/18/2009 22:00,85,3.7,5,59,67,29.4,0,24968,0,0
9/18/2009 22:10,99,6.7,7.1,58.2,67,29.4,0,24968,0,0
9/18/2009 22:20,72,6,6.2,57,70,29.4,0,24968,0,0
9/18/2009 22:30,97,7,7.4,56.4,72,29.4,0,24968,0,0
9/18/2009 22:40,104,7.6,8.5,55.9,73,29.4,0,24968,0,0
9/18/2009 22:50,92,5.4,6.5,55.5,74,29.4,0,24968,0,0
9/18/2009 23:00,104,8.2,8.7,55.2,75,29.4,0,24968,0,0
9/18/2009 23:10,83,7.6,8.6,55,75,29.4,0,24968,0,0
9/18/2009 23:20,101,8.3,9.8,54.8,75,29.4,0,24968,0,0
9/18/2009 23:30,95,8.6,9.3,54.6,75,29.4,0,24968,0,0
9/18/2009 23:40,85,7.3,8.3,54.6,74,29.4,0,24968,0,0
9/18/2009 23:50,90,4.3,4.8,54.6,72,29.4,0,24968,0,0
9/19/2009 0:00,84,7.2,9.1,54.6,71,29.4,0,24968,0,0
9/19/2009 0:10,117,8.6,9.2,54.5,70,29.4,0,24968,0,0
9/19/2009 0:20,83,10.6,11,54.5,69,29.4,0,24968,0,0
9/19/2009 0:30,94,13.3,14.6,54.5,68,29.4,0,24968,0,0
9/19/2009 0:40,95,8.4,8.8,54.1,69,29.4,0,24968,0,0
9/19/2009 0:50,106,6.7,7.5,53.9,68,29.4,0,24968,0,0
9/19/2009 1:00,74,7.1,7.9,53.7,67,29.4,0,24968,0,0
9/19/2009 1:10,109,11.2,11.9,53.7,67,29.4,0,24968,0,0
9/19/2009 1:20,118,6.7,7.6,53.4,67,29.4,0,24968,0,0
9/19/2009 1:30,108,10.1,11,52.8,68,29.4,0,24968,0,0
9/19/2009 1:40,111,9.6,10.2,52.5,69,29.4,0,24968,0,0
9/19/2009 1:50,124,7.4,7.8,52.5,69,29.4,0,24968,0,0
9/19/2009 2:00,125,7.6,8.7,52.1,69,29.4,0,24968,0,0
9/19/2009 2:10,99,7.2,9.1,51.9,70,29.4,0,24968,0,0
9/19/2009 2:20,104,7.8,8.3,51.6,70,29.4,0,24968,0,0
9/19/2009 2:30,114,7.9,8.9,51.4,70,29.4,0,24968,0,0
9/19/2009 2:40,115,6.9,7.7,51.2,71,29.4,0,24968,0,0
9/19/2009 2:50,119,7.5,8,51,71,29.4,0,24968,0,0
9/19/2009 3:00,110,8,8.4,50.9,72,29.4,0,24968,0,0
9/19/2009 3:10,119,7.1,7.7,50.7,72,29.5,0,24968,0,0
9/19/2009 3:20,116,7.7,8.4,50.5,72,29.5,0,24968,0,0
9/19/2009 3:30,103,7.1,7.7,50.1,73,29.5,0,24968,0,0
9/19/2009 3:40,125,6.6,7.6,49.8,74,29.5,0,24968,0,0
9/19/2009 3:50,113,7.8,8.3,49.6,75,29.5,0,24968,0,0
9/19/2009 4:00,111,8.5,9.3,49.6,75,29.5,0,24968,0,0
9/19/2009 4:10,114,7.5,8.1,49.8,74,29.5,0,24968,0,0
9/19/2009 4:20,123,6.5,7.4,49.8,74,29.5,0,24968,0,0
9/19/2009 4:30,121,7.6,8.5,49.8,74,29.5,0,24968,0,0
9/19/2009 4:40,96,5.5,6.2,50.1,73,29.5,0,24968,0,0
9/19/2009 4:50,125,6.9,7.9,50.9,71,29.5,0,24968,0,0
9/19/2009 5:00,137,6.9,7.8,51.2,70,29.5,0,24968,0,0
9/19/2009 5:10,115,9.5,10.4,51.6,69,29.5,0,24968,0,0
9/19/2009 5:20,127,8.5,9.1,51.9,68,29.5,0,24968,0,0
9/19/2009 5:30,69,2.5,3.7,52.7,67,29.5,0,24968,0,0
9/19/2009 5:40,138,8.5,9.6,53.4,65,29.5,0,24968,0,0
9/19/2009 5:50,128,7.7,8.8,53.6,64,29.5,0,24968,0,0
9/19/2009 6:00,106,3.8,4.4,54.1,64,29.5,0,24968,0,0
9/19/2009 6:10,140,3.4,4.3,54.6,61,29.5,0,24968,0,0
9/19/2009 6:20,111,4.2,5.9,55,60,29.5,0,24968,0,0
9/19/2009 6:30,200,3.3,4,55.4,60,29.5,0,24968,0,0
9/19/2009 6:40,104,2.9,3.5,55.4,59,29.5,0,24968,0,0
9/19/2009 6:50,120,11,12.5,55.7,58,29.5,0,24968,0,0
9/19/2009 7:00,97,13.3,14.9,55.5,58,29.5,0,24968,0,0
9/19/2009 7:10,7,4.3,8.7,56.3,58,29.5,0,24968,0,0
9/19/2009 7:20,20,8.2,9,56.3,58,29.5,0,24968,0,0
9/19/2009 7:30,357,7.2,8,56.6,57,29.5,0,24968,0,0
9/19/2009 7:40,28,7.1,8.5,56.8,57,29.5,0,24968,0,0
9/19/2009 7:50,27,4.8,7.4,56.6,59,29.5,0,24968,0,0
9/19/2009 8:00,49,4.4,5.4,56.6,59,29.5,0,24968,0,0
9/19/2009 8:10,7,8.8,9.7,57.2,58,29.5,0,24968,0,0
9/19/2009 8:20,6,8.6,9.6,57,59,29.5,0,24968,0,0
9/19/2009 8:30,67,8.9,11.3,57.2,60,29.5,0,24968,0,0
9/19/2009 8:40,267,3.3,4.1,57.3,59,29.5,0,24968,0,0
9/19/2009 8:50,39,7.2,8.3,58.1,59,29.5,0,24968,0,0
9/19/2009 9:00,59,8.2,11.8,57.5,61,29.5,0,24968,0,0
9/19/2009 9:10,16,10.8,11.3,57.5,59,29.5,0,24968,0,0
9/19/2009 9:20,35,8.9,9.7,57.7,60,29.5,0,24968,0,0
9/19/2009 9:30,83,5.1,5.5,58.4,60,29.5,0,24968,0,0
9/19/2009 9:40,44,6.4,9.9,59,59,29.5,0,24968,0,0
9/19/2009 9:50,40,8.2,8.7,58.8,59,29.5,0,24968,0,0
9/19/2009 10:00,41,9.7,10.7,58.6,59,29.5,0,24968,0,0
9/19/2009 10:10,32,10,11.6,58.6,58,29.5,0,24968,0,0
9/19/2009 10:20,38,9,10.2,58.4,60,29.5,0,24968,0,0
9/19/2009 10:30,31,9.4,10.9,59,61,29.5,0,24968,0,0
9/19/2009 10:40,57,7.4,9.5,58.8,59,29.5,0,24968,0,0
9/19/2009 10:50,96,6.1,7.7,59.3,61,29.5,0,24968,0,0
9/19/2009 11:00,55,7.3,8.5,59,60,29.5,0,24968,0,0
9/19/2009 11:10,67,8.5,9.1,58.6,60,29.5,0,24968,0,0
9/19/2009 11:20,7,10.5,13.8,58.8,62,29.5,0,24968,0,0
9/19/2009 11:30,59,5.5,5.9,58.8,63,29.5,0,24968,0,0
9/19/2009 11:40,26,12.5,13.5,59,63,29.5,0,24968,0,0
9/19/2009 11:50,335,7.8,8.8,59.1,64,29.5,0,24968,0,0
9/19/2009 12:00,15,11.6,15.9,59,63,29.5,0,24968,0,0
9/19/2009 12:10,20,9.2,9.8,59.3,64,29.5,0,24968,0,0
9/19/2009 12:20,56,7.4,8.5,59.1,64,29.5,0,24968,0,0
9/19/2009 12:30,61,4.9,6.7,59.1,64,29.5,0,24968,0,0
9/19/2009 12:40,67,7.1,9.1,59.5,65,29.5,0,24968,0,0
9/19/2009 12:50,56,10.2,13.2,59.7,63,29.5,0,24968,0,0
9/19/2009 13:00,48,10.1,11.2,60,62,29.5,0,24968,0,0
9/19/2009 13:10,87,9.2,12,59.7,64,29.5,0,24968,0,0
9/19/2009 13:20,16,8,9,59.9,64,29.5,0,24968,0,0
9/19/2009 13:30,75,5.7,7.4,60,63,29.5,0,24968,0,0
9/19/2009 13:40,0,6.7,7.4,60.4,64,29.5,0,24968,0,0
9/19/2009 13:50,53,13.2,15.5,60,64,29.4,0,24968,0,0
9/19/2009 14:00,40,7.1,8.5,60,63,29.4,0,24968,0,0
9/19/2009 14:10,41,9,10.8,60,63,29.4,0,24968,0,0
9/19/2009 14:20,53,9.1,10.2,60.2,63,29.4,0,24968,0,0
9/19/2009 14:30,39,7.9,8.9,60.2,64,29.4,0,24968,0,0
9/19/2009 14:40,89,9,10.4,60.2,63,29.4,0,24968,0,0
9/19/2009 14:50,49,4.2,5.9,60.2,63,29.4,0,24968,0,0
9/19/2009 15:00,79,7.9,8.9,60.2,64,29.4,0,24968,0,0
9/19/2009 15:10,66,9.4,10.6,60,64,29.4,0,24968,0,0
9/19/2009 15:20,73,7.6,9.7,60,64,29.4,0,24968,0,0
9/19/2009 15:30,34,7.2,7.6,60,65,29.4,0,24968,0,0
9/19/2009 15:40,62,9.6,10.8,59.7,65,29.4,0,24968,0,0
9/19/2009 15:50,80,12.1,13.9,59.3,65,29.4,0,24968,0,0
9/19/2009 16:00,79,7.4,8.9,59.1,65,29.4,0,24968,0,0
9/19/2009 16:10,90,5.7,7.2,59,66,29.4,0,24968,0,0
9/19/2009 16:20,86,11.5,12.7,58.6,65,29.4,0,24968,0,0
9/19/2009 16:30,81,9.7,10,58.6,65,29.4,0,24968,0,0
9/19/2009 16:40,80,11.9,13.1,58.4,65,29.4,0,24968,0,0
9/19/2009 16:50,85,8.8,10,58.4,65,29.4,0,24968,0,0
9/19/2009 17:00,87,6.8,7.6,58.2,64,29.4,0,24968,0,0
9/19/2009 17:10,90,7.1,7.7,57.9,64,29.4,0,24968,0,0
9/19/2009 17:20,96,5,6.3,57.7,64,29.4,0,24968,0,0
9/19/2009 17:30,102,7.5,8.4,57.7,64,29.4,0,24968,0,0
9/19/2009 17:40,97,7.6,8.9,57.7,63,29.4,0,24968,0,0
9/19/2009 17:50,98,8.9,10.1,57.5,64,29.4,0,24968,0,0
9/19/2009 18:00,99,6.4,7.4,57.3,64,29.4,0,24968,0,0
9/19/2009 18:10,99,8,8.4,56.8,66,29.4,0,24968,0,0
9/19/2009 18:20,106,6,7,56.4,68,29.4,0,24968,0,0
9/19/2009 18:30,112,7.4,8,56.1,69,29.4,0,24968,0,0
9/19/2009 18:40,99,7,7.3,55.9,70,29.4,0,24968,0,0
9/19/2009 18:50,98,7.1,7.6,55.7,71,29.4,0,24968,0,0
9/19/2009 19:00,113,6.5,7,55.7,71,29.4,0,24968,0,0
9/19/2009 19:10,109,7.2,8.2,55.7,70,29.4,0,24968,0,0
9/19/2009 19:20,108,7.6,8.4,55.5,71,29.4,0,24968,0,0
9/19/2009 19:30,106,8.1,8.7,55.5,71,29.4,0,24968,0,0
9/19/2009 19:40,105,7.2,7.5,55.4,72,29.4,0,24968,0,0
9/19/2009 19:50,113,6.1,6.9,55.2,73,29.4,0,24968,0,0
9/19/2009 20:00,92,7.1,7.8,55.2,73,29.4,0,24968,0,0
9/19/2009 20:10,94,6.7,7.5,54.8,74,29.4,0,24968,0,0
9/19/2009 20:20,84,7.4,7.8,54.3,76,29.4,0,24968,0,0
9/19/2009 20:30,76,6,6.4,53.7,77,29.4,0,24968,0,0
9/19/2009 20:40,89,6.2,6.6,53.6,78,29.4,0,24968,0,0
9/19/2009 20:50,99,3.9,4.3,53.2,79,29.4,0,24968,0,0
9/19/2009 21:00,110,7.5,7.8,53.7,77,29.4,0,24968,0,0
9/19/2009 21:10,102,6.3,6.6,53.4,78,29.4,0,24968,0,0
9/19/2009 21:20,72,3.1,3.7,53.2,78,29.4,0,24968,0,0
9/19/2009 21:30,106,0.7,1.5,52.8,79,29.4,0,24968,0,0
9/19/2009 21:40,23,0.7,0.9,52.5,80,29.4,0,24968,0,0
9/19/2009 21:50,72,2.5,2.8,52.8,79,29.4,0,24968,0,0
9/19/2009 22:00,46,3.2,3.8,53.6,76,29.4,0,24968,0,0
9/19/2009 22:10,32,4.1,4.6,53.7,74,29.4,0,24968,0,0
9/19/2009 22:20,40,3.2,4.1,53.9,73,29.4,0,24968,0,0
9/19/2009 22:30,42,3.6,4.8,54.1,72,29.4,0,24968,0,0
9/19/2009 22:40,61,3.3,3.8,55.4,69,29.4,0,24968,0,0
9/19/2009 22:50,79,2.2,3,55.7,69,29.4,0,24968,0,0
9/19/2009 23:00,109,1,1.4,55.2,68,29.4,0,24968,0,0
9/19/2009 23:10,95,2.4,2.8,55.4,67,29.4,0,24968,0,0
9/19/2009 23:20,112,4.4,4.6,55.4,66,29.4,0,24968,0,0
9/19/2009 23:30,144,5,5.5,56.1,63,29.4,0,24968,0,0
9/19/2009 23:40,154,7,7.7,56.6,61,29.4,0,24968,0,0
9/19/2009 23:50,165,5.4,6.2,56.8,61,29.4,0,24968,0,0
9/20/2009 0:00,132,6.2,7.2,56.4,62,29.4,0,24968,0,0
9/20/2009 0:10,141,6.7,7.1,56.1,63,29.4,0,24968,0,0
9/20/2009 0:20,142,8.9,9.8,56.1,63,29.4,0,24968,0,0
9/20/2009 0:30,132,9.9,10.7,56.3,61,29.4,0,24968,0,0
9/20/2009 0:40,128,9.9,11.2,56.6,60,29.4,0,24968,0,0
9/20/2009 0:50,150,9.7,10.8,56.8,60,29.4,0,24968,0,0
9/20/2009 1:00,140,10.6,12,56.8,60,29.4,0,24968,0,0
9/20/2009 1:10,128,12.6,14.4,56.8,60,29.4,0,24968,0,0
9/20/2009 1:20,139,8.2,8.8,56.8,60,29.4,0,24968,0,0
9/20/2009 1:30,139,10.7,11.9,56.8,60,29.4,0,24968,0,0
9/20/2009 1:40,117,7.1,9.2,56.8,59,29.4,0,24968,0,0
9/20/2009 1:50,125,9.2,12,56.8,59,29.4,0,24968,0,0
9/20/2009 2:00,115,10.9,12.9,56.4,60,29.4,0,24968,0,0
9/20/2009 2:10,130,9.1,12.4,56.4,60,29.4,0,24968,0,0
9/20/2009 2:20,115,10.1,11.5,56.4,60,29.4,0,24968,0,0
9/20/2009 2:30,138,11.6,12.5,56.1,61,29.4,0,24968,0,0
9/20/2009 2:40,126,10.4,11.5,56.1,61,29.4,0,24968,0,0
9/20/2009 2:50,141,9.8,10.8,56.1,61,29.4,0,24968,0,0
9/20/2009 3:00,127,10.6,11.6,56.1,61,29.4,0,24968,0,0
9/20/2009 3:10,148,12.5,13.6,56.1,61,29.4,0,24968,0,0
9/20/2009 3:20,144,11,11.6,56.1,61,29.4,0,24968,0,0
9/20/2009 3:30,136,9.8,10.5,55.9,61,29.4,0,24968,0,0
9/20/2009 3:40,134,5.1,5.7,55.5,62,29.4,0,24968,0,0
9/20/2009 3:50,61,3.6,4,55,64,29.4,0,24968,0,0
9/20/2009 4:00,111,4.3,4.6,54.8,64,29.4,0,24968,0,0
9/20/2009 4:10,116,4.7,5.1,55.2,64,29.4,0,24968,0,0
9/20/2009 4:20,110,3.9,4.6,55.4,63,29.4,0,24968,0,0
9/20/2009 4:30,121,5.1,5.5,55.5,63,29.4,0,24968,0,0
9/20/2009 4:40,117,5.3,6,55.9,62,29.4,0,24968,0,0
9/20/2009 4:50,122,4.1,4.7,56.6,62,29.4,0,24968,0,0
9/20/2009 5:00,132,2.7,3,57.3,61,29.4,0,24968,0,0
9/20/2009 5:10,219,2.8,4.4,58.8,59,29.4,0,24968,0,0
9/20/2009 5:20,154,3.8,4.2,59.3,58,29.4,0,24968,0,0
9/20/2009 5:30,145,2.9,3.5,59.9,57,29.4,0,24968,0,0
9/20/2009 5:40,174,3.9,6.5,60.8,57,29.4,0,24968,0,0
9/20/2009 5:50,149,6.2,7.2,60.8,57,29.4,0,24968,0,0
9/20/2009 6:00,116,2,3,61.5,57,29.4,0,24968,0,0
9/20/2009 6:10,158,3.3,4.8,62,56,29.4,0,24968,0,0
9/20/2009 6:20,223,6.8,8.5,62.6,55,29.4,0,24968,0,0
9/20/2009 6:30,145,6.9,8.2,62.6,55,29.4,0,24968,0,0
9/20/2009 6:40,118,7.2,8.1,64,55,29.4,0,24968,0,0
9/20/2009 6:50,105,5.8,7.6,64.4,54,29.4,0,24968,0,0
9/20/2009 7:00,124,6.9,7.4,64.5,55,29.4,0,24968,0,0
9/20/2009 7:10,156,5.9,8.7,65.3,55,29.4,0,24968,0,0
9/20/2009 7:20,-Invalid-,-Invalid-,-Invalid-,-Invalid-,-Invalid-,-Invalid-,-Invalid-,-Invalid-,-Invalid-,-Invalid-
9/20/2009 7:30,303,2.5,7.5,68.5,52,29.4,0,24968,0,0
9/20/2009 7:40,122,8.8,10.1,66.7,56,29.4,0,24978,0,0
9/20/2009 7:50,138,12,12.5,64.9,60,29.4,0,24978,0,0
9/20/2009 8:00,131,11.9,12.4,64.9,60,29.4,0,24978,0,0
9/20/2009 8:10,134,9.8,10.5,65.1,61,29.4,0,24978,0,0
9/20/2009 8:20,75,8.6,11.6,66.2,60,29.4,0,24978,0,0
9/20/2009 8:30,124,6.9,7.8,66,61,29.4,0,24978,0,0
9/20/2009 8:40,50,5.5,6.5,65.3,63,29.4,0,24978,0,0
9/20/2009 8:50,117,11.6,13.7,66.2,62,29.4,0,24978,0,0
9/20/2009 9:00,114,12.1,13.1,67.1,60,29.4,0,24978,0,0
9/20/2009 9:10,117,11.6,13.3,66.5,64,29.4,0,24978,0,0
9/20/2009 9:20,107,11.1,13,66.5,63,29.4,0,24978,0,0
9/20/2009 9:30,111,11.5,13.7,66.7,63,29.4,0,24978,0,0
9/20/2009 9:40,115,19.2,25,66.3,64,29.4,0,24978,0,0
9/20/2009 9:50,85,12.8,20.3,66.5,66,29.4,0,24978,0,0
9/20/2009 10:00,74,16.1,23.4,66.7,65,29.4,0,24978,0,0
9/20/2009 10:10,83,16.3,20.5,66.7,65,29.4,0,24978,0,0
9/20/2009 10:20,58,13,18.3,66.7,65,29.4,0,24978,0,0
9/20/2009 10:30,112,7.3,10.6,67.2,66,29.4,0,24978,0,0
9/20/2009 10:40,90,12.7,15.7,67.1,66,29.4,0,24978,0,0
9/20/2009 10:50,78,12.9,14.8,67.2,67,29.4,0,24978,0,0
9/20/2009 11:00,79,10.7,13.6,66.9,67,29.4,0,24978,0,0
9/20/2009 11:10,93,12.2,13.4,67.1,66,29.4,0,24978,0,0
9/20/2009 11:20,89,9.8,13.1,67.4,64,29.4,0,24978,0,0
9/20/2009 11:30,51,12.7,13.8,67.2,65,29.4,0,24978,0,0
9/20/2009 11:40,90,10.7,14.8,67.8,67,29.4,0,24978,0,0
9/20/2009 11:50,60,12.5,16.1,67.6,67,29.4,0,24978,0,0
9/20/2009 12:00,39,10.3,11.9,67.4,68,29.4,0,24978,0,0
9/20/2009 12:10,78,15.8,19.2,67.6,66,29.4,0,24978,0,0
9/20/2009 12:20,14,11.3,13.7,67.4,68,29.4,0,24978,0,0
9/20/2009 12:30,43,9.1,12.8,67.8,69,29.3,0,24978,0,0
9/20/2009 12:40,72,10.2,11.7,67.6,69,29.3,0,24978,0,0
9/20/2009 12:50,109,9,9.9,67.4,70,29.3,0,24978,0,0
9/20/2009 13:00,32,9.4,11.1,67.4,70,29.3,0,24978,0,0
9/20/2009 13:10,62,12.7,17.7,67.6,69,29.3,0,24978,0,0
9/20/2009 13:20,67,10.9,12.1,67.8,69,29.3,0,24978,0,0
9/20/2009 13:30,48,12.3,16.8,67.8,69,29.3,0,24978,0,0
9/20/2009 13:40,35,10.2,13.9,68.1,69,29.3,0,24978,0,0
9/20/2009 13:50,12,13.6,14.2,68,71,29.3,0,24978,0,0
9/20/2009 14:00,24,10.1,11.3,67.6,76,29.3,0,24978,0,0
9/20/2009 14:10,26,11.1,14,67.6,76,29.3,0,24978,0,0
9/20/2009 14:20,52,11.7,14.1,67.6,76,29.3,0,24978,0,0
9/20/2009 14:30,9,8.5,10.5,67.8,78,29.3,0,24978,0,0
9/20/2009 14:40,15,6.8,9.7,67.8,78,29.3,0,24978,0,0
9/20/2009 14:50,42,5.3,7.4,68,79,29.3,0,24978,0,0
9/20/2009 15:00,354,5.9,7.1,68.1,77,29.3,0,24978,0,0
9/20/2009 15:10,9,8.1,9.8,68.1,77,29.3,0,24978,0,0
9/20/2009 15:20,336,6.4,7.4,68.3,78,29.3,0,24978,0,0
9/20/2009 15:30,52,5,6.6,68.7,76,29.3,0,24978,0,0
9/20/2009 15:40,58,5,5.5,69,75,29.3,0,24978,0,0
9/20/2009 15:50,5,8.2,8.9,68.7,78,29.3,0,24978,0,0
9/20/2009 16:00,24,5.2,5.8,69,76,29.3,0,24978,0,0
9/20/2009 16:10,8,5.2,6.7,68.7,79,29.3,0,24978,0,0
9/20/2009 16:20,58,5.6,6.4,68.9,78,29.3,0,24978,0,0
9/20/2009 16:30,38,5.5,6.8,69.6,76,29.3,0,24978,0,0
9/20/2009 16:40,74,6.2,7.8,69.9,75,29.3,0,24978,0,0
9/20/2009 16:50,79,8.5,10.4,70.1,75,29.3,0,24978,0,0
9/20/2009 17:00,102,7.1,7.5,70.8,74,29.3,0,24978,0,0
9/20/2009 17:10,101,7.6,8.3,71.2,73,29.3,0,24978,0,0
9/20/2009 17:20,108,8.4,9.1,71.4,73,29.3,0,24978,0,0
9/20/2009 17:30,102,7.6,8.1,71.4,73,29.3,0,24978,0,0
9/20/2009 17:40,110,7.2,7.7,71.4,73,29.3,0,24978,0,0
9/20/2009 17:50,121,7.5,8,71.2,73,29.3,0,24978,0,0
9/20/2009 18:00,113,7.8,8.3,71.2,73,29.3,0,24978,0,0
9/20/2009 18:10,125,6.8,7.2,71.4,72,29.3,0,24978,0,0
9/20/2009 18:20,112,5.9,6.8,71.2,72,29.3,0,24978,0,0
9/20/2009 18:30,126,6.5,7.7,71.2,72,29.3,0,24978,0,0
9/20/2009 18:40,131,5.4,6.2,71.4,69,29.3,0,24978,0,0
9/20/2009 18:50,120,7.5,9.2,72.1,67,29.3,0,24978,0,0
9/20/2009 19:00,139,6.1,7.2,72.3,66,29.3,0,24978,0,0
9/20/2009 19:10,142,10.4,11.4,72.1,65,29.3,0,24978,0,0
9/20/2009 19:20,124,6.4,7.5,71.9,64,29.3,0,24978,0,0
9/20/2009 19:30,122,10.5,11.3,71.9,63,29.3,0,24978,0,0
9/20/2009 19:40,111,10.1,10.5,71.9,62,29.3,0,24978,0,0
9/20/2009 19:50,124,11.6,13,71.7,62,29.3,0,24978,0,0
9/20/2009 20:00,132,10.8,13.1,71.6,62,29.3,0,24978,0,0
9/20/2009 20:10,159,11,14.2,71.4,62,29.3,0,24978,0,0
9/20/2009 20:20,153,11.9,13.6,71.4,61,29.3,0,24978,0,0
9/20/2009 20:30,134,9.4,11,71.4,61,29.3,0,24978,0,0
9/20/2009 20:40,133,10.1,13.3,71.2,61,29.3,0,24978,0,0
9/20/2009 20:50,158,10.8,11.8,71,61,29.3,0,24978,0,0
9/20/2009 21:00,201,6.6,9.9,70.8,62,29.3,0,24978,0,0
9/20/2009 21:10,143,15.9,17.2,70.7,62,29.3,0,24978,0,0
9/20/2009 21:20,177,18,20.7,70.5,62,29.3,0,24978,0,0
9/20/2009 21:30,125,10.2,12.1,70.5,62,29.3,0,24978,0,0
9/20/2009 21:40,157,7.5,11.1,70.3,62,29.3,0,24978,0,0
9/20/2009 21:50,143,6.5,7.6,70.1,62,29.3,0,24978,0,0
9/20/2009 22:00,127,9,12.2,69.9,63,29.3,0,24978,0,0
9/20/2009 22:10,160,7.6,9.4,69.8,63,29.3,0,24978,0,0
9/20/2009 22:20,164,7.8,10.2,69.8,63,29.3,0,24978,0,0
9/20/2009 22:30,163,8.7,11.3,69.8,63,29.3,0,24978,0,0
9/20/2009 22:40,154,17,19,69.6,63,29.3,0,24978,0,0
9/20/2009 22:50,167,21.9,23.4,69.2,64,29.3,0,24978,0,0
9/20/2009 23:00,159,12.3,15,68.9,65,29.3,0,24978,0,0
9/20/2009 23:10,183,9.7,12,68.7,66,29.3,0,24978,0,0
9/20/2009 23:20,123,6.1,6.8,68.5,66,29.3,0,24978,0,0
9/20/2009 23:30,276,5,6,68.5,66,29.3,0,24978,0,0
9/20/2009 23:40,134,6.6,8,68.5,66,29.3,0,24978,0,0
9/20/2009 23:50,101,7.4,9.8,68.5,66,29.3,0,24978,0,0
9/21/2009 0:00,146,7.1,8.9,68.5,66,29.3,0,24978,0,0
9/21/2009 0:10,155,13.6,16.5,68.3,67,29.3,0,24978,0,0
9/21/2009 0:20,176,6.5,11,68.1,67,29.3,0,24978,0,0
9/21/2009 0:30,185,5.8,11,68.1,67,29.3,0,24978,0,0
9/21/2009 0:40,161,5.8,7.6,68.3,67,29.3,0,24978,0,0
9/21/2009 0:50,162,4.9,5.7,68.3,68,29.3,0,24978,0,0
9/21/2009 1:00,162,6,6.6,68,68,29.3,0,24978,0,0
9/21/2009 1:10,175,7.5,9.7,68,68,29.3,0,24978,0,0
9/21/2009 1:20,129,8,8.6,67.8,69,29.3,0,24978,0,0
9/21/2009 1:30,38,4,4.5,67.8,69,29.3,0,24978,0,0
9/21/2009 1:40,163,7.7,8.7,67.6,69,29.3,0,24978,0,0
9/21/2009 1:50,177,6.7,7.8,67.4,70,29.3,0,24978,0,0
9/21/2009 2:00,144,9.1,10.9,67.4,70,29.3,0,24978,0,0
9/21/2009 2:10,167,5.1,6.8,67.4,70,29.3,0,24978,0,0
9/21/2009 2:20,149,10.9,12.4,67.4,70,29.3,0,24978,0,0
9/21/2009 2:30,199,8.4,10.8,67.2,70,29.3,0,24978,0,0
9/21/2009 2:40,146,7.3,10.9,67.2,71,29.3,0,24978,0,0
9/21/2009 2:50,144,7.1,8.1,67.2,71,29.3,0,24978,0,0
9/21/2009 3:00,147,12.1,14.8,67.2,71,29.3,0,24978,0,0
9/21/2009 3:10,136,11,12.6,67.1,71,29.3,0,24978,0,0
9/21/2009 3:20,144,5.7,7.2,67.1,72,29.3,0,24978,0,0
9/21/2009 3:30,258,4.6,7.4,66.9,72,29.3,0,24978,0,0
9/21/2009 3:40,125,5.3,6.5,66.7,72,29.3,0,24978,0,0
9/21/2009 3:50,156,7.9,9.1,66.7,72,29.3,0,24978,0,0
9/21/2009 4:00,182,5.9,6.8,66.5,73,29.3,0,24978,0,0
9/21/2009 4:10,183,9.9,11.9,66.3,73,29.3,0,24978,0,0
9/21/2009 4:20,140,9.4,11,66.2,74,29.3,0,24978,0,0
9/21/2009 4:30,163,14,17.2,66,74,29.3,0,24978,0,0
9/21/2009 4:40,153,12.4,16,66,75,29.3,0,24978,0,0
9/21/2009 4:50,139,14.4,18.3,65.8,75,29.3,0,24978,0,0
9/21/2009 5:00,147,11.1,13.7,66,75,29.3,0,24978,0,0
9/21/2009 5:10,53,4.5,7.8,66,75,29.3,0,24978,0,0
9/21/2009 5:20,150,6.1,9,66.3,75,29.3,0,24978,0,0
9/21/2009 5:30,144,14,15.7,66.5,74,29.3,0,24978,0,0
9/21/2009 5:40,234,5.7,7.2,66.7,74,29.3,0,24978,0,0
9/21/2009 5:50,182,4.6,6,66.7,74,29.3,0,24978,0,0
9/21/2009 6:00,163,6.4,9.1,66.9,74,29.3,0,24978,0,0
9/21/2009 6:10,182,9.2,9.6,66.9,74,29.3,0,24978,0,0
9/21/2009 6:20,163,13.5,16.3,67.1,74,29.3,0,24978,0,0
9/21/2009 6:30,196,7.9,9.1,67.4,74,29.3,0,25028,0,0
9/21/2009 6:40,159,9.4,11.2,66.9,77,29.3,0,25198,0,0
9/21/2009 6:50,145,11.2,12.9,66.7,77,29.3,0,25398,0,0
9/21/2009 7:00,190,8.4,9.6,66.9,78,29.3,0.01,25828,0.03,0.03
9/21/2009 7:10,180,7.3,8.5,66.7,79,29.3,0.01,26188,0,0
9/21/2009 7:20,131,10.8,12.4,66.7,80,29.3,0.01,26398,0,0
9/21/2009 7:30,148,7.9,10.4,67.1,79,29.3,0.01,26458,0,0
9/21/2009 7:40,-Invalid-,-Invalid-,-Invalid-,-Invalid-,-Invalid-,-Invalid-,-Invalid-,-Invalid-,-Invalid-,-Invalid-
9/21/2009 7:50,244,35.5,38.2,66.3,85,29.3,0.02,27038,0,0
9/21/2009 8:00,150,11,19.1,66.9,85,29.3,0.02,27038,0,0
9/21/2009 8:10,152,5.5,9.2,67.6,82,29.3,0.02,27038,0,0
9/21/2009 8:20,204,6.3,8.6,69,80,29.3,0.02,27038,0,0
9/21/2009 8:30,5,5.7,8.1,69.4,79,29.3,0.02,27038,0,0
9/21/2009 8:40,80,7.2,9.3,69.9,78,29.3,0.02,27038,0,0
9/21/2009 8:50,263,8.1,10,70.5,76,29.3,0.02,27038,0,0
9/21/2009 9:00,166,4.6,9.1,70.7,76,29.3,0.02,27038,0,0
9/21/2009 9:10,219,13,18,71.2,74,29.3,0.02,27038,0,0
9/21/2009 9:20,182,9.6,10.7,71.4,73,29.3,0.02,27038,0,0
9/21/2009 9:30,138,5.9,7.3,71.7,74,29.3,0.02,27038,0,0
9/21/2009 9:40,149,8.9,10.6,72.3,73,29.3,0.02,27038,0,0
9/21/2009 9:50,129,8.1,10.4,72.6,73,29.3,0.02,27038,0,0
9/21/2009 10:00,143,9,10.6,73,72,29.3,0.02,27038,0,0
9/21/2009 10:10,173,9.3,13.2,73.4,72,29.3,0.02,27038,0,0
9/21/2009 10:20,171,11.9,12.6,73.5,72,29.3,0.02,27048,0,0
9/21/2009 10:30,103,8.5,13.2,73.7,72,29.3,0.02,27088,0,0
9/21/2009 10:40,16,6,6.9,74.1,72,29.3,0.02,27108,0,0
9/21/2009 10:50,145,10.8,11.9,74.3,72,29.3,0.02,27108,0,0
9/21/2009 11:00,173,5.7,9.4,73.9,73,29.3,0.03,27388,0.03,0.03
9/21/2009 11:10,166,14.5,15.6,73.2,75,29.3,0.03,27928,0.01,0.01
9/21/2009 11:20,170,9.1,11.1,73,76,29.3,0.03,28198,0,0
9/21/2009 11:30,111,6.7,8.9,72.8,77,29.3,0.03,28308,0,0
9/21/2009 11:40,137,8.4,10.9,72.6,78,29.3,0.03,28438,0,0
9/21/2009 11:50,146,9.9,11,72.6,77,29.3,0.03,28538,0,0
9/21/2009 12:00,149,11.4,12.6,72.6,77,29.3,0.03,28638,0,0
9/21/2009 12:10,152,8.3,9.8,72.6,78,29.3,0.03,28778,0,0
9/21/2009 12:20,139,8,9.9,72.5,78,29.3,0.03,28818,0,0
9/21/2009 12:30,145,6.3,7.9,72.1,79,29.3,0.03,29168,0.06,0.06
9/21/2009 12:40,-Invalid-,-Invalid-,-Invalid-,-Invalid-,-Invalid-,-Invalid-,-Invalid-,-Invalid-,-Invalid-,-Invalid-
9/21/2009 12:50,254,36.4,38.8,71.7,82,29.3,0.04,30198,0,0
9/21/2009 13:00,324,38.7,39.7,71.7,82,29.3,0.04,30288,0,0
9/21/2009 13:10,142,11.9,24.4,71.7,82,29.3,0.04,30288,0,0
9/21/2009 13:20,146,14.9,16,72.1,80,29.3,0.04,30298,0,0
9/21/2009 13:30,152,16.8,17.5,72.3,78,29.3,0.04,30298,0,0
9/21/2009 13:40,156,6.7,12.9,72.6,78,29.3,0.04,30298,0,0
9/21/2009 13:50,149,10.1,12.7,73.2,76,29.3,0.04,30298,0,0
9/21/2009 14:00,114,6.2,7.7,73.5,75,29.3,0.04,30298,0,0
9/21/2009 14:10,155,10.2,11.7,73.9,73,29.3,0.04,30298,0,0
9/21/2009 14:20,139,9.6,11.4,73.9,73,29.3,0.04,30298,0,0
9/21/2009 14:30,155,10.2,11.2,73.9,74,29.3,0.04,30298,0,0
9/21/2009 14:40,159,13.4,13.9,73.9,74,29.3,0.04,30298,0,0
9/21/2009 14:50,168,12.9,15.1,74.1,74,29.3,0.04,30298,0,0
9/21/2009 15:00,136,7.6,9,74.3,74,29.3,0.04,30298,0,0
9/21/2009 15:10,157,11.8,13.6,74.1,75,29.3,0.04,30298,0,0
9/21/2009 15:20,163,11.3,14.8,74.1,74,29.3,0.04,30298,0,0
9/21/2009 15:30,119,6,8.7,74.3,73,29.3,0.04,30298,0,0
9/21/2009 15:40,151,10.3,12.9,74.3,73,29.3,0.04,30298,0,0
9/21/2009 15:50,146,8.6,10,74.1,73,29.3,0.04,30298,0,0
9/21/2009 16:00,155,12.9,14.4,73.7,74,29.3,0.04,30298,0,0
9/21/2009 16:10,147,11.7,13.8,73.5,75,29.3,0.04,30298,0,0
9/21/2009 16:20,151,14,16.3,73.4,76,29.3,0.04,30298,0,0
9/21/2009 16:30,95,6,13,73,76,29.3,0.04,30298,0,0
9/21/2009 16:40,133,4.7,6.9,73,77,29.3,0.04,30298,0,0
9/21/2009 16:50,151,11.2,15.2,73,77,29.3,0.04,30298,0,0
9/21/2009 17:00,198,13.6,15,73.2,76,29.3,0.04,30298,0,0
9/21/2009 17:10,148,18.3,19.9,73,76,29.3,0.04,30298,0,0
9/21/2009 17:20,157,11.4,15.8,73,77,29.3,0.04,30298,0,0
9/21/2009 17:30,190,11.5,13.1,72.8,77,29.3,0.04,30298,0,0
9/21/2009 17:40,221,14.3,15.9,72.6,77,29.3,0.04,30298,0,0
9/21/2009 17:50,146,7.1,10.4,72.6,77,29.3,0.04,30298,0,0
9/21/2009 18:00,148,6.7,9.1,72.6,77,29.3,0.04,30298,0,0
9/21/2009 18:10,189,8.9,10.9,72.6,76,29.3,0.04,30298,0,0
9/21/2009 18:20,171,5.7,8.7,72.5,77,29.3,0.04,30298,0,0
9/21/2009 18:30,174,8.1,10.7,72.5,76,29.3,0.04,30298,0,0
9/21/2009 18:40,181,9.6,11,72.3,77,29.3,0.04,30298,0,0
9/21/2009 18:50,148,4.4,6.7,72.1,77,29.3,0.04,30298,0,0
9/21/2009 19:00,170,4.5,5,71.9,78,29.3,0.04,30298,0,0
9/21/2009 19:10,198,6.2,8.6,71.7,78,29.3,0.04,30298,0,0
9/21/2009 19:20,166,9.5,12.4,71.6,79,29.3,0.04,30298,0,0
9/21/2009 19:30,154,8.8,10,71.4,79,29.3,0.04,30298,0,0
9/21/2009 19:40,113,8.7,10.2,71.4,79,29.3,0.04,30298,0,0
9/21/2009 19:50,134,5.5,7.4,71.2,80,29.3,0.04,30298,0,0
9/21/2009 20:00,188,9.2,12.1,71,80,29.3,0.04,30298,0,0
9/21/2009 20:10,146,9.2,10.5,71,81,29.3,0.04,30298,0,0
9/21/2009 20:20,162,7.5,8.7,70.8,81,29.3,0.04,30298,0,0
9/21/2009 20:30,100,5.9,7.5,70.8,82,29.3,0.04,30298,0,0
9/21/2009 20:40,147,6.8,8.2,70.8,82,29.3,0.04,30298,0,0
9/21/2009 20:50,186,14.4,17.8,70.8,82,29.3,0.04,30298,0,0
9/21/2009 21:00,167,7.7,9.7,70.8,81,29.3,0,30298,0,0
9/21/2009 21:10,186,10.5,12.4,70.8,81,29.3,0,30298,0,0
9/21/2009 21:20,143,6.9,7.6,70.8,81,29.3,0,30298,0,0
9/21/2009 21:30,164,8.1,9.7,70.8,81,29.3,0,30298,0,0
9/21/2009 21:40,161,6.3,7.8,70.7,80,29.3,0,30298,0,0
9/21/2009 21:50,187,8.5,10.5,70.5,80,29.3,0,30298,0,0
9/21/2009 22:00,306,5.4,6.7,70.7,80,29.3,0,30298,0,0
9/21/2009 22:10,154,6.2,8,70.5,80,29.3,0,30298,0,0
9/21/2009 22:20,179,9.3,11.3,70.5,79,29.3,0,30298,0,0
9/21/2009 22:30,167,7.2,9.4,70.7,79,29.3,0,30298,0,0
9/21/2009 22:40,175,5.6,6.8,70.7,79,29.3,0,30298,0,0
9/21/2009 22:50,186,7.3,8.4,70.7,79,29.3,0,30298,0,0
9/21/2009 23:00,169,9.9,12.7,70.7,79,29.3,0,30298,0,0
9/21/2009 23:10,144,10.9,12.5,70.7,79,29.3,0,30298,0,0
9/21/2009 23:20,214,10.7,13.8,70.7,79,29.3,0,30298,0,0
9/21/2009 23:30,357,6.6,8,70.7,79,29.3,0,30298,0,0
9/21/2009 23:40,174,13.6,17.5,70.7,79,29.3,0,30298,0,0
9/21/2009 23:50,177,8.5,11.9,70.7,79,29.3,0,30298,0,0
9/22/2009 0:00,184,9,11.6,70.5,79,29.3,0,30298,0,0
9/22/2009 0:10,185,7.4,9.7,70.5,79,29.3,0,30298,0,0
9/22/2009 0:20,174,7.7,10.1,70.3,80,29.3,0,30298,0,0
9/22/2009 0:30,268,4.6,6.6,70.3,80,29.3,0,30298,0,0
9/22/2009 0:40,142,8,11.8,70.3,80,29.3,0,30298,0,0
9/22/2009 0:50,111,6.1,7.4,70.3,80,29.3,0,30298,0,0
9/22/2009 1:00,188,6.2,7.2,70.3,80,29.3,0,30298,0,0
9/22/2009 1:10,139,12.4,15.7,70.3,80,29.3,0,30298,0,0
9/22/2009 1:20,114,7.8,11,70.3,80,29.3,0,30298,0,0
9/22/2009 1:30,164,12,14,69.9,81,29.3,0,30298,0,0
9/22/2009 1:40,111,6.5,7.8,69.6,82,29.3,0,30298,0,0
9/22/2009 1:50,158,12.1,14.4,69.4,82,29.3,0,30298,0,0
9/22/2009 2:00,176,8.5,10.3,69.4,83,29.3,0,30298,0,0
9/22/2009 2:10,147,13.2,15.8,69.4,83,29.3,0,30298,0,0
9/22/2009 2:20,179,12.6,14.8,69.2,83,29.3,0,30298,0,0
9/22/2009 2:30,128,5,9,69.2,83,29.3,0,30298,0,0
9/22/2009 2:40,183,9.1,10.6,69.2,83,29.3,0,30298,0,0
9/22/2009 2:50,158,8.8,10.7,69,83,29.3,0,30298,0,0
9/22/2009 3:00,173,6.5,7.4,69,84,29.3,0,30368,0,0
9/22/2009 3:10,183,7.8,9.3,69,83,29.3,0,30368,0,0
9/22/2009 3:20,176,6.6,8,69.2,83,29.3,0,30368,0,0
9/22/2009 3:30,179,8.9,11.4,69.4,82,29.3,0,30398,0,0
9/22/2009 3:40,154,7.1,9.6,68.5,86,29.3,0.01,30688,0,0
9/22/2009 3:50,276,37.5,40.1,68.5,87,29.3,0.01,30758,0.02,0.02
9/22/2009 4:00,264,40.9,42.1,67.8,88,29.3,0.03,30968,0,0
9/22/2009 4:10,179,12.2,23.5,68,87,29.3,0.03,30968,0,0
9/22/2009 4:20,189,5.8,7.2,68.1,87,29.3,0.03,30968,0,0
9/22/2009 4:30,176,5.9,7.2,68.1,88,29.3,0.03,30968,0,0
9/22/2009 4:40,172,5.2,6.6,68.1,88,29.3,0.03,30968,0,0
9/22/2009 4:50,198,6.9,8.8,68,88,29.3,0.03,30968,0,0
9/22/2009 5:00,175,6.7,8.8,67.8,89,29.3,0.03,31128,0.06,0.06
9/22/2009 5:10,152,5.3,8.7,67.4,90,29.3,0.03,31148,0,0
9/22/2009 5:20,123,14.2,17.1,67.6,90,29.3,0.03,31148,0,0
9/22/2009 5:30,-Invalid-,-Invalid-,-Invalid-,-Invalid-,-Invalid-,-Invalid-,-Invalid-,-Invalid-,-Invalid-,-Invalid-
9/22/2009 5:40,-Invalid-,-Invalid-,-Invalid-,-Invalid-,-Invalid-,-Invalid-,-Invalid-,-Invalid-,-Invalid-,-Invalid-
9/22/2009 5:50,-Invalid-,-Invalid-,-Invalid-,-Invalid-,-Invalid-,-Invalid-,-Invalid-,-Invalid-,-Invalid-,-Invalid-
9/22/2009 6:00,156,6.8,12.7,67.8,90,29.3,0.03,31518,0,0
9/22/2009 6:10,169,6.7,9.2,68.3,89,29.3,0.03,31518,0,0
9/22/2009 6:20,144,6,7.2,68.7,88,29.3,0.03,31518,0,0
9/22/2009 6:30,177,8.6,10.2,69.6,86,29.3,0.03,31518,0,0
9/22/2009 6:40,150,9.6,11.4,69.9,84,29.3,0.03,31518,0,0
9/22/2009 6:50,180,12.5,13.5,71,81,29.3,0.03,31518,0,0
9/22/2009 7:00,129,8.7,12.1,71.2,81,29.3,0.03,31518,0,0
9/22/2009 7:10,138,9,11,71.4,81,29.3,0.03,31518,0,0
9/22/2009 7:20,102,10.4,11.6,71.7,80,29.3,0.03,31518,0,0
9/22/2009 7:30,133,4.9,8.3,71.9,80,29.3,0.03,31518,0,0
9/22/2009 7:40,134,12.3,14.5,72.3,79,29.3,0.03,31518,0,0
9/22/2009 7:50,97,6.1,9.2,73,77,29.3,0.03,31518,0,0
9/22/2009 8:00,181,10.8,12.6,72.3,78,29.3,0.03,31518,0,0
9/22/2009 8:10,151,9.2,12.5,72.1,77,29.3,0.03,31518,0,0
9/22/2009 8:20,177,14.9,16,72.3,77,29.3,0.03,31518,0,0
9/22/2009 8:30,159,11.3,13.4,72.1,78,29.3,0.03,31518,0,0
9/22/2009 8:40,186,11.2,16,72.3,79,29.3,0.03,31518,0,0
9/22/2009 8:50,183,11.8,13.6,72.3,78,29.3,0.03,31518,0,0
9/22/2009 9:00,141,9.9,12.1,72.8,77,29.3,0.03,31518,0,0
9/22/2009 9:10,163,15.8,19.8,73.2,75,29.3,0.03,31518,0,0
9/22/2009 9:20,128,8.1,11,73.2,75,29.3,0.03,31518,0,0
9/22/2009 9:30,154,10.6,11.6,73.2,76,29.3,0.03,31518,0,0
9/22/2009 9:40,141,14.1,15.5,74.1,74,29.3,0.03,31518,0,0
9/22/2009 9:50,-Invalid-,-Invalid-,-Invalid-,-Invalid-,-Invalid-,-Invalid-,-Invalid-,-Invalid-,-Invalid-,-Invalid-
9/22/2009 10:00,-Invalid-,-Invalid-,-Invalid-,-Invalid-,-Invalid-,-Invalid-,-Invalid-,-Invalid-,-Invalid-,-Invalid-
9/22/2009 10:10,170,12.1,16.2,74.4,73,29.3,0.03,31518,0,0
9/22/2009 10:20,148,3.8,8.3,74.4,74,29.3,0.03,31518,0,0
9/22/2009 10:30,165,13.2,16.2,74.4,73,29.3,0.03,31518,0,0
9/22/2009 10:40,174,14.7,15.9,74.6,71,29.3,0.03,31518,0,0
9/22/2009 10:50,123,14.5,17.2,74.6,71,29.3,0.03,31518,0,0
9/22/2009 11:00,148,16.6,18,75.2,70,29.3,0.03,31518,0,0
9/22/2009 11:10,140,13.8,17.6,75.2,71,29.3,0.03,31518,0,0
9/22/2009 11:20,154,14.6,18.2,75.5,69,29.3,0.03,31518,0,0
9/22/2009 11:30,109,17,19.5,75.7,70,29.3,0.03,31518,0,0
9/22/2009 11:40,141,12.5,14.9,75,71,29.3,0.03,31518,0,0
9/22/2009 11:50,159,14.1,14.5,74.6,72,29.3,0.03,31518,0,0
9/22/2009 12:00,131,6.6,9.3,74.4,73,29.3,0.03,31518,0,0
9/22/2009 12:10,145,12.3,12.8,74.3,73,29.3,0.03,31518,0,0
9/22/2009 12:20,220,14.4,16.4,74.1,74,29.3,0.03,31518,0,0
9/22/2009 12:30,139,7.4,9.5,74.1,75,29.3,0.03,31518,0,0
9/22/2009 12:40,170,11.4,13,73.9,74,29.3,0.03,31518,0,0
9/22/2009 12:50,145,10.1,11.2,73.9,74,29.3,0.03,31518,0,0
9/22/2009 13:00,129,8,12,73.7,75,29.3,0.03,31518,0,0
9/22/2009 13:10,182,10.1,14.6,73.5,75,29.3,0.03,31518,0,0
9/22/2009 13:20,146,6.8,10.3,73.4,75,29.3,0.03,31518,0,0
9/22/2009 13:30,141,10.1,12,73.4,75,29.3,0.03,31518,0,0
9/22/2009 13:40,146,6.3,9.3,73.4,76,29.3,0.03,31518,0,0
9/22/2009 13:50,110,3.9,5.1,73.4,76,29.3,0.03,31518,0,0
9/22/2009 14:00,143,7.6,11.5,73.7,75,29.3,0.03,31518,0,0
9/22/2009 14:10,142,9.3,9.8,73.7,75,29.3,0.03,31518,0,0
9/22/2009 14:20,133,8.6,11.1,73.7,75,29.3,0.03,31518,0,0
9/22/2009 14:30,134,9.2,11.8,74.1,74,29.3,0.03,31518,0,0
9/22/2009 14:40,127,7.4,10.2,73.9,75,29.3,0.03,31518,0,0
9/22/2009 14:50,98,4.3,5.5,73.9,75,29.3,0.03,31518,0,0
9/22/2009 15:00,124,5.5,6.7,73.9,75,29.3,0.03,31518,0,0
9/22/2009 15:10,78,8.6,10.1,73.7,76,29.3,0.03,31518,0,0
9/22/2009 15:20,141,7.1,8.1,73.7,76,29.3,0.03,31518,0,0
9/22/2009 15:30,157,8.1,8.7,73.4,76,29.3,0.03,31518,0,0
9/22/2009 15:40,152,9.5,11.4,73.2,76,29.3,0.03,31518,0,0
9/22/2009 15:50,119,4.7,5.9,73,77,29.3,0.03,31518,0,0
9/22/2009 16:00,150,4.6,7.9,72.8,78,29.3,0.03,31518,0,0
9/22/2009 16:10,168,6.3,9.9,72.6,78,29.3,0.03,31518,0,0
9/22/2009 16:20,200,8.5,9.3,72.5,79,29.3,0.03,31518,0,0
9/22/2009 16:30,180,8.4,9.6,72.3,79,29.3,0.03,31518,0,0
9/22/2009 16:40,178,5.1,7.9,72.3,79,29.3,0.03,31518,0,0
9/22/2009 16:50,134,4.1,4.6,72.1,79,29.3,0.03,31518,0,0
9/22/2009 17:00,111,3.9,5.6,71.9,80,29.3,0.03,31518,0,0
9/22/2009 17:10,138,6,7.5,71.9,80,29.3,0.03,31518,0,0
9/22/2009 17:20,152,8.2,8.9,71.7,80,29.3,0.03,31518,0,0
9/22/2009 17:30,150,7.6,8.3,71.7,80,29.3,0.03,31518,0,0
9/22/2009 17:40,153,6.8,7.4,71.7,80,29.3,0.03,31518,0,0
9/22/2009 17:50,163,5.7,8.5,71.7,80,29.3,0.03,31518,0,0
9/22/2009 18:00,170,5.9,7.4,71.7,80,29.3,0.03,31518,0,0
9/22/2009 18:10,181,4.9,5.6,71.6,81,29.3,0.03,31518,0,0
9/22/2009 18:20,173,7.3,8,71.4,81,29.3,0.03,31518,0,0
9/22/2009 18:30,139,5.7,6.8,71.2,82,29.3,0.03,31518,0,0
9/22/2009 18:40,194,7.4,10.4,71,82,29.3,0.03,31518,0,0
9/22/2009 18:50,181,5.5,7,71,82,29.3,0.03,31518,0,0
9/22/2009 19:00,167,7.5,12.7,70.8,83,29.3,0.03,31518,0,0
9/22/2009 19:10,157,6.2,8.6,70.7,83,29.3,0.03,31518,0,0
9/22/2009 19:20,176,6.1,7,70.7,83,29.3,0.03,31518,0,0
9/22/2009 19:30,171,6.8,8.2,70.7,83,29.3,0.03,31518,0,0
9/22/2009 19:40,122,9.1,11.2,70.7,83,29.3,0.03,31518,0,0
9/22/2009 19:50,171,6.8,9.9,70.5,83,29.3,0.03,31518,0,0
9/22/2009 20:00,213,4.6,6.1,70.3,84,29.3,0.03,31518,0,0
9/22/2009 20:10,175,6.4,7.3,70.3,84,29.3,0.03,31518,0,0
9/22/2009 20:20,145,9.5,10.7,70.1,84,29.3,0.03,31518,0,0
9/22/2009 20:30,175,6.6,7.4,70.1,84,29.3,0.03,31518,0,0
9/22/2009 20:40,185,8,10.8,69.9,84,29.3,0.03,31518,0,0
9/22/2009 20:50,215,9.4,11.1,70.1,84,29.3,0.03,31518,0,0
9/22/2009 21:00,144,5.8,7.3,70.3,84,29.3,0,31518,0,0
9/22/2009 21:10,147,7.7,9.6,70.1,84,29.3,0,31518,0,0
9/22/2009 21:20,164,13.1,14.8,70.1,84,29.3,0,31518,0,0
9/22/2009 21:30,172,15.7,17.5,70.3,84,29.3,0,31518,0,0
9/22/2009 21:40,163,8.2,10.7,70.5,83,29.3,0,31518,0,0
9/22/2009 21:50,159,8,9.7,70.5,83,29.3,0,31518,0,0
9/22/2009 22:00,180,11.5,14.6,70.5,83,29.3,0,31518,0,0
9/22/2009 22:10,159,12.2,14.6,70.3,84,29.3,0,31518,0,0
9/22/2009 22:20,147,12.8,15.3,70.1,84,29.3,0,31518,0,0
9/22/2009 22:30,167,10.5,13.7,70.1,84,29.3,0,31518,0,0
9/22/2009 22:40,187,9.5,11.9,70.1,84,29.3,0,31518,0,0
9/22/2009 22:50,179,9.5,11.6,70.1,84,29.3,0,31518,0,0
9/22/2009 23:00,161,9.6,12.2,70.3,83,29.3,0,31518,0,0
9/22/2009 23:10,173,16.1,19,70.3,83,29.3,0,31518,0,0
9/22/2009 23:20,150,8.7,10.8,70.3,83,29.3,0,31518,0,0
9/22/2009 23:30,182,11.4,13.8,70.3,83,29.3,0,31518,0,0
9/22/2009 23:40,105,7,8.7,70.5,82,29.3,0,31518,0,0
9/22/2009 23:50,191,7,8.2,70.5,82,29.3,0,31518,0,0
9/23/2009 0:00,196,9,12.9,70.7,81,29.3,0,31518,0,0
9/23/2009 0:10,188,13,16.3,70.7,81,29.3,0,31518,0,0
9/23/2009 0:20,186,8.9,11.9,70.8,80,29.3,0,31518,0,0
9/23/2009 0:30,164,5.4,7,71,80,29.3,0,31518,0,0
9/23/2009 0:40,179,9.4,11.3,71.2,80,29.3,0,31518,0,0
9/23/2009 0:50,198,11.5,12.6,71.2,79,29.3,0,31518,0,0
9/23/2009 1:00,146,7.9,8.8,71.4,79,29.3,0,31518,0,0
9/23/2009 1:10,164,8.6,10.3,71.4,79,29.3,0,31518,0,0
9/23/2009 1:20,182,8.2,11.2,71.6,78,29.3,0,31518,0,0
9/23/2009 1:30,170,9.6,11,71.6,78,29.3,0,31518,0,0
9/23/2009 1:40,131,7.1,8.5,71.7,78,29.3,0,31518,0,0
9/23/2009 1:50,180,14.5,16.3,71.7,78,29.2,0,31678,0,0
9/23/2009 2:00,161,9.9,11.3,71.7,78,29.2,0,31678,0,0
9/23/2009 2:10,150,8,9.6,71.7,78,29.2,0,31678,0,0
9/23/2009 2:20,171,14.6,16,71.4,79,29.2,0,31678,0,0
9/23/2009 2:30,184,12.3,15,71.4,79,29.2,0,31678,0,0
9/23/2009 2:40,149,7.6,9.1,71.2,80,29.3,0,31678,0,0
9/23/2009 2:50,183,13.5,14.9,71.4,80,29.2,0,31678,0,0
9/23/2009 3:00,198,15.8,20.6,71.2,80,29.2,0,31678,0,0
9/23/2009 3:10,169,10.2,11.5,71.6,80,29.2,0,31678,0,0
9/23/2009 3:20,268,7.6,12.5,71.2,81,29.2,0,31678,0,0
9/23/2009 3:30,174,9.1,9.8,70.7,82,29.2,0,31678,0,0
9/23/2009 3:40,170,13,17.2,70.7,82,29.2,0,31678,0,0
9/23/2009 3:50,206,21.2,23.9,70.7,82,29.2,0,31678,0,0
9/23/2009 4:00,198,11.7,16.4,70.7,82,29.2,0,31678,0,0
9/23/2009 4:10,189,7.7,11.5,71,81,29.2,0,31678,0,0
9/23/2009 4:20,165,8.3,8.7,71,81,29.3,0,31678,0,0
9/23/2009 4:30,156,8.9,10.4,71.4,80,29.2,0,31678,0,0
9/23/2009 4:40,169,16.1,18,71.4,80,29.2,0,31678,0,0
9/23/2009 4:50,136,8.1,9.6,71.6,80,29.2,0,31678,0,0
9/23/2009 5:00,112,6.1,9.1,71.7,80,29.2,0,31678,0,0
9/23/2009 5:10,193,13.5,16.1,71.7,80,29.2,0,31678,0,0
9/23/2009 5:20,190,11.9,14.9,71.4,81,29.3,0,31678,0,0
9/23/2009 5:30,149,8.8,9.4,71.2,81,29.3,0,31678,0,0
9/23/2009 5:40,171,9.5,11.4,71.4,81,29.3,0,31678,0,0
9/23/2009 5:50,233,20.7,23.9,71.7,80,29.3,0,31678,0,0
9/23/2009 6:00,176,10.8,12.4,71.9,80,29.3,0,31678,0,0
9/23/2009 6:10,219,16.6,19.4,72.1,80,29.3,0,31678,0,0
9/23/2009 6:20,215,14.8,17.5,72.1,80,29.3,0,31678,0,0
9/23/2009 6:30,219,13.3,17.5,72.5,80,29.3,0,31678,0,0
9/23/2009 6:40,228,21.8,25.8,72.6,79,29.3,0,31678,0,0
9/23/2009 6:50,177,12.8,16.8,72.8,79,29.3,0,31678,0,0
9/23/2009 7:00,212,14,15.9,73,79,29.3,0,31678,0,0
9/23/2009 7:10,115,7,12,73.2,79,29.3,0,31678,0,0
9/23/2009 7:20,94,6.1,9.4,74.4,77,29.3,0,31678,0,0
9/23/2009 7:30,297,15.1,17.8,74.3,76,29.3,0,31678,0,0
9/23/2009 7:40,165,17.4,22.3,74.4,76,29.3,0,31678,0,0
9/23/2009 7:50,114,16.1,18.4,75.3,75,29.3,0,31678,0,0
9/23/2009 8:00,260,24.5,25.3,74.6,77,29.3,0,31678,0,0
9/23/2009 8:10,268,12.9,20.1,73.5,80,29.3,0,31678,0,0
9/23/2009 8:20,262,22.1,23.6,73.2,81,29.3,0,31678,0,0
9/23/2009 8:30,248,21.5,23.1,73.2,81,29.3,0,31678,0,0
9/23/2009 8:40,254,19.5,22,72.3,83,29.3,0,31678,0,0
9/23/2009 8:50,240,17.4,18.2,72.5,83,29.3,0,31678,0,0
9/23/2009 9:00,245,21.1,23.5,73.2,81,29.3,0,31678,0,0
9/23/2009 9:10,235,21.5,25.4,72.8,82,29.3,0,31678,0,0
9/23/2009 9:20,224,19.6,21.3,72.6,83,29.3,0,31678,0,0
9/23/2009 9:30,235,21.9,25.5,71.9,85,29.3,0,31678,0,0
9/23/2009 9:40,241,23.6,28.5,71.6,86,29.3,0,31678,0,0
9/23/2009 9:50,262,25.2,28.2,72.1,85,29.3,0,31678,0,0
9/23/2009 10:00,189,19.1,21.2,72.5,84,29.3,0,31678,0,0
9/23/2009 10:10,191,6.5,14.4,71.7,86,29.3,0,31678,0,0
9/23/2009 10:20,258,17,21.6,71.2,88,29.2,0,31678,0,0
9/23/2009 10:30,216,15.5,21.2,70.8,89,29.2,0,31678,0,0
9/23/2009 10:40,234,16.6,18.2,70.7,90,29.2,0,31678,0,0
9/23/2009 10:50,297,7.2,9.7,70.5,90,29.2,0,31678,0,0
9/23/2009 11:00,221,13.3,16.1,70.5,90,29.2,0,31678,0,0
9/23/2009 11:10,282,14,15,70.3,89,29.2,0,31678,0,0
9/23/2009 11:20,285,18.6,23.1,70.7,88,29.2,0,31678,0,0
9/23/2009 11:30,298,26.3,27.8,70.7,88,29.2,0,31678,0,0
9/23/2009 11:40,274,19.9,22.7,70.1,89,29.2,0,31678,0,0
9/23/2009 11:50,281,15.2,16.1,70.3,90,29.2,0,31678,0,0
9/23/2009 12:00,136,6,10.4,71.2,87,29.2,0,31678,0,0
9/23/2009 12:10,280,13.1,13.7,71.6,86,29.2,0,31678,0,0
9/23/2009 12:20,290,10.5,11.3,71.6,86,29.2,0,31678,0,0
9/23/2009 12:30,234,11.2,16.2,71.7,86,29.2,0,31678,0,0
9/23/2009 12:40,224,17.6,20,71.6,86,29.2,0,31678,0,0
9/23/2009 12:50,267,23.1,24.1,71.6,86,29.2,0,31678,0,0
9/23/2009 13:00,267,22.3,23.9,71.6,86,29.2,0,31678,0,0
9/23/2009 13:10,257,24.8,25.7,71.6,85,29.2,0,31678,0,0
9/23/2009 13:20,275,16.6,20.7,71.6,85,29.2,0,31678,0,0
9/23/2009 13:30,252,22.2,26.9,71.4,85,29.2,0,31678,0,0
9/23/2009 13:40,257,26,28,71.2,86,29.2,0,31678,0,0
9/23/2009 13:50,261,24.6,26.7,71.2,86,29.2,0,31678,0,0
9/23/2009 14:00,280,11.6,16.9,71,86,29.2,0,31678,0,0
9/23/2009 14:10,123,3.9,7.6,70.8,86,29.2,0,31678,0,0
9/23/2009 14:20,-Invalid-,-Invalid-,-Invalid-,-Invalid-,-Invalid-,-Invalid-,-Invalid-,-Invalid-,-Invalid-,-Invalid-
9/23/2009 14:30,264,16.6,20.2,70.7,86,29.2,0,31678,0,0
9/23/2009 14:40,270,18,21.5,71,83,29.2,0,31678,0,0
9/23/2009 14:50,247,24.8,26.7,71.2,84,29.2,0,31678,0,0
9/23/2009 15:00,249,16.6,23.6,71,85,29.2,0,31678,0,0
9/23/2009 15:10,233,16,18.4,70.8,85,29.2,0,31678,0,0
9/23/2009 15:20,240,11.2,12.3,70.8,85,29.2,0,31678,0,0
9/23/2009 15:30,238,8.5,9.8,70.8,85,29.2,0,31678,0,0
9/23/2009 15:40,238,14.6,17.4,70.7,85,29.2,0,31678,0,0
9/23/2009 15:50,238,13.8,15.9,70.7,85,29.2,0,31678,0,0
9/23/2009 16:00,240,12.4,13.4,70.7,85,29.2,0,31678,0,0
9/23/2009 16:10,243,13,15.9,70.7,85,29.2,0,31678,0,0
9/23/2009 16:20,233,8.7,10,70.7,85,29.2,0,31678,0,0
9/23/2009 16:30,267,10.2,11.9,70.5,85,29.2,0,31678,0,0
9/23/2009 16:40,238,10.9,12.5,70.7,84,29.2,0,31678,0,0
9/23/2009 16:50,230,9.2,11.9,70.7,84,29.2,0,31678,0,0
9/23/2009 17:00,214,5.3,7.2,70.8,83,29.2,0,31678,0,0
9/23/2009 17:10,229,6.2,8.1,71,83,29.3,0,31678,0,0
9/23/2009 17:20,229,12.2,13.9,70.8,83,29.3,0,31678,0,0
9/23/2009 17:30,225,12,16.4,70.8,83,29.3,0,31678,0,0
9/23/2009 17:40,235,11.4,12.3,70.8,82,29.3,0,31678,0,0
9/23/2009 17:50,235,7.5,10.1,70.8,82,29.3,0,31678,0,0
9/23/2009 18:00,280,6.8,10.8,70.8,82,29.3,0,31678,0,0
9/23/2009 18:10,225,3.2,4.3,70.7,84,29.3,0,31678,0,0
9/23/2009 18:20,226,9.4,10.5,70.5,83,29.3,0,31678,0,0
9/23/2009 18:30,238,12.8,15.3,70.3,84,29.3,0,31678,0,0
9/23/2009 18:40,230,7.5,13.4,70.3,83,29.3,0,31678,0,0
9/23/2009 18:50,220,7.2,8.5,70.5,81,29.3,0,31678,0,0
9/23/2009 19:00,234,10.4,12.5,70.3,82,29.3,0,31678,0,0
9/23/2009 19:10,230,9.3,10.5,70.1,82,29.3,0,31678,0,0
9/23/2009 19:20,240,9,9.9,69.9,83,29.3,0,31678,0,0
9/23/2009 19:30,190,5.7,6.9,69.6,83,29.3,0,31678,0,0
9/23/2009 19:40,220,6.6,7.1,69,84,29.3,0,31678,0,0
9/23/2009 19:50,232,5.9,7.7,68.9,85,29.3,0,31678,0,0
9/23/2009 20:00,247,7,7.6,69,85,29.3,0,31678,0,0
9/23/2009 20:10,233,7.8,9.3,69,85,29.3,0,31678,0,0
9/23/2009 20:20,288,4.6,6.2,69,86,29.3,0,31678,0,0
9/23/2009 20:30,253,7.3,9.8,69,87,29.3,0,31678,0,0
9/23/2009 20:40,252,7.3,9.6,69,88,29.3,0,31678,0,0
9/23/2009 20:50,282,4.5,5.3,69,89,29.3,0,31678,0,0
9/23/2009 21:00,262,7.4,9.6,69,90,29.3,0,31678,0,0
9/23/2009 21:10,245,5.8,7.4,69,90,29.3,0,31678,0,0
9/23/2009 21:20,259,5.1,5.5,69,90,29.3,0,31678,0,0
9/23/2009 21:30,288,3.6,4.2,69,91,29.3,0,31678,0,0
9/23/2009 21:40,307,2.9,3.2,68.9,89,29.3,0,31678,0,0
9/23/2009 21:50,318,3.1,3.3,68.9,90,29.3,0,31678,0,0
9/23/2009 22:00,305,2.7,3.1,68.7,90,29.3,0,31678,0,0
9/23/2009 22:10,319,3.3,4.1,68.7,90,29.3,0,31678,0,0
9/23/2009 22:20,336,8.8,9.7,68.7,90,29.3,0,31678,0,0
9/23/2009 22:30,351,7.5,8.5,68.5,90,29.3,0,31678,0,0
9/23/2009 22:40,33,3.4,6.7,68.5,90,29.3,0,31678,0,0
9/23/2009 22:50,332,5.9,7.9,68.3,90,29.3,0,31678,0,0
9/23/2009 23:00,333,6.3,6.7,68.3,90,29.3,0,31678,0,0
9/23/2009 23:10,333,7.3,8.2,68.3,89,29.3,0,31678,0,0
9/23/2009 23:20,339,8.6,9.6,68.3,89,29.3,0,31678,0,0
9/23/2009 23:30,342,6.9,8.4,68.1,86,29.3,0,31678,0,0
9/23/2009 23:40,337,7.7,8.4,68.1,86,29.3,0,31678,0,0
9/23/2009 23:50,359,8.3,8.7,68,85,29.3,0,31678,0,0
9/24/2009 0:00,345,8.4,9.7,67.8,85,29.3,0,31678,0,0
9/24/2009 0:10,358,4.9,6.9,67.8,84,29.3,0,31678,0,0
9/24/2009 0:20,345,6.5,7.5,67.8,83,29.3,0,31678,0,0
9/24/2009 0:30,347,8,8.7,67.8,83,29.3,0,31678,0,0
9/24/2009 0:40,305,4.3,6,67.6,83,29.3,0,31678,0,0
9/24/2009 0:50,124,11.6,12.9,67.6,75,29.3,0,31678,0,0
9/24/2009 1:00,341,13.5,15.2,67.6,79,29.3,0,31678,0,0
9/24/2009 1:10,313,4.7,6,67.4,80,29.3,0,31678,0,0
9/24/2009 1:20,1,7.3,8.2,67.2,79,29.3,0,31678,0,0
9/24/2009 1:30,342,8.1,8.8,67.2,81,29.3,0,31678,0,0
9/24/2009 1:40,342,6.2,7,67.2,80,29.3,0,31678,0,0
9/24/2009 1:50,350,7.2,7.7,67.1,80,29.3,0,31678,0,0
9/24/2009 2:00,331,4,7.1,67.1,80,29.3,0,31678,0,0
9/24/2009 2:10,336,5.8,6.3,67.1,80,29.3,0,31678,0,0
9/24/2009 2:20,341,7.9,8.6,67.1,81,29.3,0,31678,0,0
9/24/2009 2:30,341,7.1,8.5,66.9,82,29.3,0,31678,0,0
9/24/2009 2:40,328,5.2,5.8,66.9,82,29.3,0,31678,0,0
9/24/2009 2:50,331,5.6,8.5,66.9,82,29.3,0,31678,0,0
9/24/2009 3:00,329,5.9,8.1,66.7,82,29.3,0,31678,0,0
9/24/2009 3:10,342,7.4,8.7,66.7,82,29.3,0,31678,0,0
9/24/2009 3:20,339,8.1,8.4,66.7,83,29.3,0,31678,0,0
9/24/2009 3:30,348,7.3,8.7,66.3,82,29.3,0,31678,0,0
9/24/2009 3:40,306,4.4,5,66.5,82,29.3,0,31678,0,0
9/24/2009 3:50,344,5.9,6.5,66.3,83,29.3,0,31678,0,0
9/24/2009 4:00,336,8.1,8.6,66.2,83,29.3,0,31718,0,0
9/24/2009 4:10,327,7,9.7,66.2,84,29.3,0,31718,0,0
9/24/2009 4:20,272,4.2,6.7,66.2,85,29.3,0,31718,0,0
9/24/2009 4:30,334,9.1,9.6,66.2,85,29.3,0,31718,0,0
9/24/2009 4:40,336,10.1,11.7,66.2,84,29.3,0,31718,0,0
9/24/2009 4:50,326,6.5,8.3,66.2,84,29.3,0,31718,0,0
9/24/2009 5:00,324,6.1,7.8,66.2,85,29.3,0,31718,0,0
9/24/2009 5:10,344,8.9,9.7,66.2,84,29.3,0,31718,0,0
9/24/2009 5:20,323,6.9,10.3,66.2,83,29.3,0,31718,0,0
9/24/2009 5:30,325,5.5,9.3,66,84,29.3,0,31718,0,0
9/24/2009 5:40,328,9.1,11,66.2,83,29.3,0,31718,0,0
9/24/2009 5:50,316,5.2,6.3,66,82,29.3,0,31718,0,0
9/24/2009 6:00,315,3.2,4.5,66,81,29.3,0,31718,0,0
9/24/2009 6:10,313,5,5.4,66,80,29.3,0,31718,0,0
9/24/2009 6:20,318,5.5,6.6,66,80,29.3,0,31718,0,0
9/24/2009 6:30,298,2.4,3,66,81,29.3,0,31718,0,0
9/24/2009 6:40,341,8.7,9.9,66,82,29.3,0,31718,0,0
9/24/2009 6:50,313,6.7,8.7,66,82,29.3,0,31718,0,0
9/24/2009 7:00,338,3.7,5.1,66.2,81,29.3,0,31718,0,0
9/24/2009 7:10,339,8.8,10.7,66.3,80,29.3,0,31718,0,0
9/24/2009 7:20,338,7.9,10.8,66.5,80,29.3,0,31718,0,0
9/24/2009 7:30,340,6.3,8.6,66.7,79,29.3,0,31718,0,0
9/24/2009 7:40,355,4.7,5.7,66.9,77,29.3,0,31718,0,0
9/24/2009 7:50,325,7.5,8.1,66.5,76,29.3,0,31718,0,0
9/24/2009 8:00,97,5.7,7.2,67.1,78,29.3,0,31718,0,0
9/24/2009 8:10,52,1.8,3.5,66.2,80,29.3,0,31718,0,0
9/24/2009 8:20,328,5.9,6.4,66,79,29.3,0,31718,0,0
9/24/2009 8:30,13,5.8,7.1,66.2,78,29.3,0,31718,0,0
9/24/2009 8:40,336,5.7,6.4,65.6,79,29.3,0,31718,0,0
9/24/2009 8:50,339,8.2,12,65.6,79,29.3,0,31718,0,0
9/24/2009 9:00,341,5.2,6.8,65.6,77,29.3,0,31718,0,0
9/24/2009 9:10,121,4.7,7,65.8,77,29.3,0,31718,0,0
9/24/2009 9:20,300,3.4,4.1,66.9,73,29.3,0,31718,0,0
9/24/2009 9:30,320,3.5,4,67.2,73,29.3,0,31718,0,0
9/24/2009 9:40,112,8.6,12,67.2,72,29.3,0,31718,0,0
9/24/2009 9:50,308,3.1,4.8,66.9,73,29.3,0,31718,0,0
9/24/2009 10:00,275,6.4,6.7,67.4,66,29.3,0,31718,0,0
9/24/2009 10:10,296,4.7,5.1,67.6,64,29.3,0,31718,0,0
9/24/2009 10:20,320,6.2,7.6,67.8,68,29.3,0,31718,0,0
9/24/2009 10:30,297,5.8,6.7,67.4,68,29.3,0,31718,0,0
9/24/2009 10:40,299,6.4,6.6,67.1,67,29.3,0,31718,0,0
9/24/2009 10:50,289,7.2,8.7,67.4,68,29.3,0,31718,0,0
9/24/2009 11:00,277,6.7,7.3,67.2,70,29.3,0,31718,0,0
9/24/2009 11:10,234,8,13,66.7,72,29.3,0,31718,0,0
9/24/2009 11:20,286,7.3,7.8,66.9,71,29.3,0,31758,0,0
9/24/2009 11:30,287,5.9,6.4,66.9,70,29.3,0,31758,0,0
9/24/2009 11:40,335,3.8,4.6,66.5,71,29.3,0,31758,0,0
9/24/2009 11:50,232,3.3,4.6,67.1,73,29.3,0,31758,0,0
9/24/2009 12:00,341,2.9,4.5,66.5,73,29.3,0,31758,0,0
9/24/2009 12:10,271,12,17,66.5,73,29.3,0,31758,0,0
9/24/2009 12:20,288,8.7,9.9,67.1,69,29.3,0,31758,0,0
9/24/2009 12:30,301,6.3,7.6,67.6,66,29.3,0,31758,0,0
9/24/2009 12:40,302,3.1,3.7,68,63,29.3,0,31758,0,0
9/24/2009 12:50,250,16.4,18.7,67.2,63,29.3,0,31758,0,0
9/24/2009 13:00,282,8,13.2,67.2,64,29.3,0,31758,0,0
9/24/2009 13:10,208,10.1,13.5,67.1,65,29.3,0,31758,0,0
9/24/2009 13:20,302,6.7,7.8,67.1,67,29.3,0,31758,0,0
9/24/2009 13:30,320,5.5,7.9,66.7,67,29.3,0,31758,0,0
9/24/2009 13:40,271,11.8,16.1,66.7,68,29.3,0,31758,0,0
9/24/2009 13:50,270,12.7,14.7,66.5,65,29.3,0,31758,0,0
9/24/2009 14:00,255,10,15,66.3,67,29.3,0,31758,0,0
9/24/2009 14:10,28,4,5.5,66.2,68,29.3,0,31758,0,0
9/24/2009 14:20,267,9,10.7,66.2,66,29.3,0,31758,0,0
9/24/2009 14:30,272,7.5,8.6,66.2,67,29.3,0,31758,0,0
9/24/2009 14:40,246,8,8.5,66,66,29.3,0,31758,0,0
9/24/2009 14:50,261,6.7,7.7,66,66,29.3,0,31758,0,0
9/24/2009 15:00,255,6.2,7,66,65,29.3,0,31758,0,0
9/24/2009 15:10,276,5.3,5.8,65.8,65,29.3,0,31758,0,0
9/24/2009 15:20,277,6.8,7.3,65.8,66,29.3,0,31758,0,0
9/24/2009 15:30,277,4.6,7.8,65.8,68,29.3,0,31758,0,0
9/24/2009 15:40,266,11,13.3,66,66,29.3,0,31758,0,0
9/24/2009 15:50,265,5.7,6.5,65.8,67,29.3,0,31758,0,0
9/24/2009 16:00,271,7.9,9.7,66,65,29.3,0,31758,0,0
9/24/2009 16:10,313,6,7.6,66.2,65,29.3,0,31758,0,0
9/24/2009 16:20,211,3.8,4.8,66,65,29.3,0,31758,0,0
9/24/2009 16:30,277,5.3,7.7,66,63,29.3,0,31758,0,0
9/24/2009 16:40,267,6.6,7.7,66.2,63,29.3,0,31758,0,0
9/24/2009 16:50,272,4.6,6.8,66.2,62,29.3,0,31758,0,0
9/24/2009 17:00,239,2.7,3.5,66.3,63,29.3,0,31758,0,0
9/24/2009 17:10,242,5.2,6.5,66.3,62,29.3,0,31758,0,0
9/24/2009 17:20,225,2.9,4.3,66.2,63,29.3,0,31758,0,0
9/24/2009 17:30,126,1.8,2.7,65.6,64,29.3,0,31758,0,0
9/24/2009 17:40,147,6.2,6.6,64.2,71,29.3,0,31758,0,0
9/24/2009 17:50,217,3.1,3.8,64,72,29.3,0,31758,0,0
9/24/2009 18:00,204,3.2,4,63.6,73,29.3,0,31758,0,0
9/24/2009 18:10,202,2.9,3.5,63.5,74,29.3,0,31758,0,0
9/24/2009 18:20,211,3.1,4,63.3,75,29.3,0,31758,0,0
9/24/2009 18:30,176,2.3,3,62.7,76,29.3,0,31758,0,0
9/24/2009 18:40,166,3.1,3.7,62.7,75,29.3,0,31758,0,0
9/24/2009 18:50,159,3.3,4.1,62.7,74,29.3,0,31758,0,0
9/24/2009 19:00,177,2.3,3,63.1,73,29.3,0,31758,0,0
9/24/2009 19:10,164,3.9,4.6,63.1,73,29.3,0,31758,0,0
9/24/2009 19:20,187,3.5,5.1,63.1,72,29.3,0,31758,0,0
9/24/2009 19:30,149,5,5.5,62.9,74,29.3,0,31758,0,0
9/24/2009 19:40,177,2.8,3.6,62.6,75,29.3,0,31758,0,0
9/24/2009 19:50,158,3.9,4.6,62.6,74,29.3,0,31758,0,0
9/24/2009 20:00,157,3.2,3.6,62.2,76,29.3,0,31758,0,0
9/24/2009 20:10,148,4.2,4.5,62,77,29.3,0,31758,0,0
9/24/2009 20:20,142,4.9,5.2,62,76,29.3,0,31758,0,0
9/24/2009 20:30,139,5.6,6.4,62.4,75,29.3,0,31758,0,0
9/24/2009 20:40,140,6.5,6.9,62.6,74,29.3,0,31758,0,0
9/24/2009 20:50,130,7.2,7.6,62.9,73,29.3,0,31758,0,0
9/24/2009 21:00,132,7,7.5,62.7,74,29.3,0,31758,0,0
9/24/2009 21:10,136,6.7,7.2,62.2,76,29.3,0,31758,0,0
9/24/2009 21:20,139,7.4,8.1,62,76,29.3,0,31758,0,0
9/24/2009 21:30,140,5.5,6.1,62,76,29.3,0,31758,0,0
9/24/2009 21:40,128,6.5,7.5,62,76,29.3,0,31758,0,0
9/24/2009 21:50,108,5.7,6,62.2,76,29.4,0,31758,0,0
9/24/2009 22:00,100,5.7,6.3,62.2,76,29.4,0,31758,0,0
9/24/2009 22:10,70,7.7,8.4,62.4,80,29.4,0,31758,0,0
9/24/2009 22:20,68,5.5,6.4,62.9,79,29.4,0,31758,0,0
9/24/2009 22:30,84,8,9.5,63.3,79,29.4,0,31758,0,0
9/24/2009 22:40,89,6.7,7,63.3,79,29.4,0,31758,0,0
9/24/2009 22:50,83,9.5,10.9,62.9,79,29.4,0,31758,0,0
9/24/2009 23:00,73,8.9,10.6,62.9,79,29.4,0,31758,0,0
9/24/2009 23:10,94,6.4,7.1,62.7,80,29.4,0,31758,0,0
9/24/2009 23:20,108,3.9,4.2,62.4,80,29.4,0,31758,0,0
9/24/2009 23:30,109,6.9,7.2,62.4,79,29.4,0,31758,0,0
9/24/2009 23:40,81,5.7,6.7,62.2,79,29.4,0,31758,0,0
9/24/2009 23:50,347,1.6,2.5,62,78,29.4,0,31758,0,0
9/25/2009 0:00,118,2.2,4,61.8,78,29.4,0,31758,0,0
9/25/2009 0:10,70,3.3,3.8,61.5,79,29.4,0,31758,0,0
9/25/2009 0:20,88,8.5,9.3,61.1,78,29.4,0,31758,0,0
9/25/2009 0:30,102,9.3,10.2,60.8,78,29.4,0,31758,0,0
9/25/2009 0:40,79,3.6,5.2,60.6,78,29.4,0,31758,0,0
9/25/2009 0:50,104,5.5,5.8,60.2,77,29.4,0,31758,0,0
9/25/2009 1:00,116,9.7,10.5,60,77,29.4,0,31758,0,0
9/25/2009 1:10,117,13.1,14,59.9,78,29.4,0,31758,0,0
9/25/2009 1:20,83,9.6,10,59.5,78,29.4,0,31758,0,0
9/25/2009 1:30,117,6.5,7.1,59.1,79,29.4,0,31758,0,0
9/25/2009 1:40,83,8,8.5,59.1,80,29.4,0,31758,0,0
9/25/2009 1:50,119,5.5,6.7,59,80,29.4,0,31758,0,0
9/25/2009 2:00,99,7.8,8.3,58.8,80,29.4,0,31758,0,0
9/25/2009 2:10,92,9.3,10.6,58.6,79,29.4,0,31758,0,0
9/25/2009 2:20,109,10.3,11.2,58.4,78,29.4,0,31758,0,0
9/25/2009 2:30,107,10.6,11.8,58.4,77,29.4,0,31758,0,0
9/25/2009 2:40,133,6.5,9,57.9,79,29.4,0,31758,0,0
9/25/2009 2:50,87,7.2,8.1,57.5,80,29.4,0,31758,0,0
9/25/2009 3:00,115,10.7,11.6,57.2,79,29.4,0,31758,0,0
9/25/2009 3:10,89,7.6,8.2,57.2,79,29.4,0,31758,0,0
9/25/2009 3:20,113,9.4,10,57.3,78,29.4,0,31758,0,0
9/25/2009 3:30,111,8.2,8.9,57.3,77,29.4,0,31758,0,0
9/25/2009 3:40,103,6.9,7.5,57.2,77,29.4,0,31758,0,0
9/25/2009 3:50,86,9.1,10.4,57.3,78,29.4,0,31758,0,0
9/25/2009 4:00,91,8.1,8.6,57.5,78,29.4,0,31758,0,0
9/25/2009 4:10,112,6.2,7.5,57.5,79,29.4,0,31758,0,0
9/25/2009 4:20,91,8,8.9,57.5,78,29.4,0,31758,0,0
9/25/2009 4:30,111,9,10,57.5,79,29.4,0,31758,0,0
9/25/2009 4:40,65,7.4,7.8,57.9,78,29.4,0,31758,0,0
9/25/2009 4:50,108,5.6,7.3,58.2,77,29.4,0,31758,0,0
9/25/2009 5:00,101,11.3,11.8,58.8,76,29.4,0,31758,0,0
9/25/2009 5:10,80,7.8,8.5,59.1,74,29.4,0,31758,0,0
9/25/2009 5:20,74,3.9,4.7,59.5,74,29.4,0,31758,0,0
9/25/2009 5:30,86,6.3,7,59.5,73,29.4,0,31758,0,0
9/25/2009 5:40,58,3.8,4.9,59.9,74,29.4,0,31758,0,0
9/25/2009 5:50,86,15.3,17.4,60.2,72,29.4,0,31758,0,0
9/25/2009 6:00,66,8.2,12.6,60.6,73,29.4,0,31758,0,0
9/25/2009 6:10,96,8.2,10.5,60.8,72,29.4,0,31758,0,0
9/25/2009 6:20,82,7.9,8.6,61.3,70,29.4,0,31758,0,0
9/25/2009 6:30,59,7.6,10.8,61.7,71,29.4,0,31758,0,0
9/25/2009 6:40,41,7.5,8.6,62.2,67,29.5,0,31758,0,0
9/25/2009 6:50,105,7,8.1,62.4,67,29.5,0,31758,0,0
9/25/2009 7:00,92,7.5,9,62.7,66,29.5,0,31758,0,0
9/25/2009 7:10,29,10.4,12.1,62.4,67,29.4,0,31758,0,0
9/25/2009 7:20,67,10.9,13.7,62.7,67,29.5,0,31758,0,0
9/25/2009 7:30,93,8.2,8.9,62.7,67,29.5,0,31778,0,0
9/25/2009 7:40,115,9.5,10.5,62.4,69,29.4,0,31778,0,0
9/25/2009 7:50,51,12.9,14.9,62.6,71,29.5,0,31778,0,0
9/25/2009 8:00,106,9.6,12.3,62.7,72,29.5,0,31778,0,0
9/25/2009 8:10,78,17.9,22.5,62.7,73,29.5,0,31778,0,0
9/25/2009 8:20,69,10.2,17.3,62.9,72,29.5,0,31778,0,0
9/25/2009 8:30,55,16.2,19.3,62.9,72,29.5,0,31778,0,0
9/25/2009 8:40,56,12.8,14.9,62.7,74,29.5,0,31778,0,0
9/25/2009 8:50,86,10.3,11.8,62.6,75,29.5,0,31778,0,0
9/25/2009 9:00,65,5.7,8.5,62.9,75,29.5,0,31778,0,0
9/25/2009 9:10,60,17.3,20,62.6,75,29.4,0,31778,0,0
9/25/2009 9:20,89,8.7,10.6,62.4,75,29.4,0,31778,0,0
9/25/2009 9:30,61,12.3,14,62.2,75,29.4,0,31778,0,0
9/25/2009 9:40,62,11.6,12.2,62.4,74,29.4,0,31778,0,0
9/25/2009 9:50,63,21.9,24,62.2,73,29.4,0,31778,0,0
9/25/2009 10:00,85,11.6,17.5,62.6,74,29.4,0,31778,0,0
9/25/2009 10:10,29,9.4,12.4,62.7,73,29.4,0,31778,0,0
9/25/2009 10:20,70,18.6,23.1,62.2,75,29.4,0,31778,0,0
9/25/2009 10:30,63,20.5,24.5,63.1,73,29.4,0,31778,0,0
9/25/2009 10:40,68,10.2,14.4,62.9,73,29.4,0,31778,0,0
9/25/2009 10:50,79,20.4,24.3,62.9,72,29.4,0,31778,0,0
9/25/2009 11:00,94,13.8,16.9,63.1,72,29.4,0,31778,0,0
9/25/2009 11:10,38,15.8,19.5,63.3,72,29.4,0,31778,0,0
9/25/2009 11:20,54,19.9,21.8,62.9,71,29.4,0,31778,0,0
9/25/2009 11:30,46,13.1,16.1,63.1,69,29.4,0,31778,0,0
9/25/2009 11:40,95,9.3,10.7,62.9,72,29.4,0,31778,0,0
9/25/2009 11:50,69,18.3,22.3,62.7,72,29.4,0,31778,0,0
9/25/2009 12:00,31,13.9,18.5,62.7,73,29.4,0,31778,0,0
9/25/2009 12:10,41,12.8,14,62.9,71,29.4,0,31778,0,0
9/25/2009 12:20,41,17.3,19.7,62.6,73,29.4,0,31778,0,0
9/25/2009 12:30,53,9.4,14,62.6,73,29.4,0,31778,0,0
9/25/2009 12:40,88,11.3,13.9,62.2,73,29.4,0,31778,0,0
9/25/2009 12:50,28,17,19.3,61.8,72,29.4,0,31778,0,0
9/25/2009 13:00,110,8.2,17.1,62,74,29.4,0,31778,0,0
9/25/2009 13:10,63,11.4,12.5,62,71,29.4,0,31778,0,0
9/25/2009 13:20,70,10,10.6,62,71,29.4,0,31778,0,0
9/25/2009 13:30,47,9,12.2,62.9,69,29.4,0,31778,0,0
9/25/2009 13:40,38,13.6,16.4,62.6,68,29.4,0,31778,0,0
9/25/2009 13:50,26,17.2,18.9,62.6,67,29.4,0,31778,0,0
9/25/2009 14:00,56,10.6,13,62.4,69,29.4,0,31778,0,0
9/25/2009 14:10,46,7.3,10.8,62.2,66,29.4,0,31778,0,0
9/25/2009 14:20,84,8.5,10.8,62.7,64,29.4,0,31778,0,0
9/25/2009 14:30,102,5.4,7.2,62.6,65,29.4,0,31778,0,0
9/25/2009 14:40,73,6.1,8.5,62.6,64,29.4,0,31778,0,0
9/25/2009 14:50,100,9.7,11,62.7,65,29.4,0,31778,0,0
9/25/2009 15:00,46,5.5,6.6,62.4,64,29.4,0,31778,0,0
9/25/2009 15:10,66,10.9,13,62.2,64,29.4,0,31778,0,0
9/25/2009 15:20,78,9.2,10.8,61.8,63,29.4,0,31778,0,0
9/25/2009 15:30,34,8.4,10.2,62,62,29.4,0,31778,0,0
9/25/2009 15:40,99,9.6,10.6,61.8,62,29.4,0,31778,0,0
9/25/2009 15:50,103,9.5,10.6,61.7,62,29.4,0,31778,0,0
9/25/2009 16:00,69,8.3,9.4,61.7,62,29.4,0,31778,0,0
9/25/2009 16:10,82,13.7,15.8,61.7,62,29.4,0,31778,0,0
9/25/2009 16:20,71,7.4,8.7,61.7,61,29.4,0,31778,0,0
9/25/2009 16:30,94,7.2,9.4,61.7,57,29.4,0,31778,0,0
9/25/2009 16:40,77,11.3,11.7,61.3,57,29.4,0,31778,0,0
9/25/2009 16:50,75,8.3,9.1,61.1,58,29.4,0,31778,0,0
9/25/2009 17:00,79,8.3,9.5,60.9,57,29.4,0,31778,0,0
9/25/2009 17:10,93,5,6.3,60.6,57,29.4,0,31778,0,0
9/25/2009 17:20,80,11.3,12.2,60.4,57,29.4,0,31778,0,0
9/25/2009 17:30,95,7.9,8.7,60,59,29.4,0,31778,0,0
9/25/2009 17:40,76,6.1,6.6,59.7,61,29.4,0,31778,0,0
9/25/2009 17:50,104,10.4,11.5,59.3,63,29.4,0,31778,0,0
9/25/2009 18:00,86,10.1,10.7,59,64,29.4,0,31778,0,0
9/25/2009 18:10,77,7.7,9.5,58.6,65,29.4,0,31778,0,0
9/25/2009 18:20,63,5.2,6.1,58.4,65,29.4,0,31778,0,0
9/25/2009 18:30,66,8.4,10.2,58.1,66,29.4,0,31778,0,0
9/25/2009 18:40,76,7.4,8.9,57.7,66,29.4,0,31778,0,0
9/25/2009 18:50,73,11,11.4,57.5,66,29.4,0,31778,0,0
9/25/2009 19:00,73,10.1,11.5,57.3,65,29.4,0,31778,0,0
9/25/2009 19:10,76,4.8,6.3,57,67,29.4,0,31778,0,0
9/25/2009 19:20,85,6.2,7.3,56.4,69,29.4,0,31778,0,0
9/25/2009 19:30,78,8.3,8.7,56.3,69,29.4,0,31778,0,0
9/25/2009 19:40,85,6.4,6.9,56.4,69,29.4,0,31778,0,0
9/25/2009 19:50,88,6.3,6.8,56.3,69,29.4,0,31778,0,0
9/25/2009 20:00,85,5.7,6.4,56.6,67,29.4,0,31778,0,0
9/25/2009 20:10,119,9.6,11.4,58.1,63,29.4,0,31778,0,0
9/25/2009 20:20,123,8.4,10.4,58.4,62,29.4,0,31778,0,0
9/25/2009 20:30,114,7.4,9.4,58.4,62,29.4,0,31778,0,0
9/25/2009 20:40,127,5.5,6.4,58.2,62,29.4,0,31778,0,0
9/25/2009 20:50,106,10.4,12.1,58.1,62,29.4,0,31778,0,0
9/25/2009 21:00,166,6.6,9.3,57.9,63,29.4,0,31778,0,0
9/25/2009 21:10,142,19.9,23.6,57.7,62,29.4,0,31778,0,0
9/25/2009 21:20,122,16,17.5,57.5,62,29.4,0,31778,0,0
9/25/2009 21:30,129,12.3,14.5,57.5,61,29.4,0,31778,0,0
9/25/2009 21:40,123,17,19.2,57.5,61,29.4,0,31778,0,0
9/25/2009 21:50,133,17.8,19.8,57.7,60,29.3,0,31778,0,0
9/25/2009 22:00,127,12.8,15.2,57.5,60,29.3,0,31778,0,0
9/25/2009 22:10,128,8.9,10.4,57.7,60,29.3,0,31778,0,0
9/25/2009 22:20,155,17,20.6,57.7,59,29.3,0,31778,0,0
9/25/2009 22:30,140,16.2,17.3,57.7,59,29.3,0,31778,0,0
9/25/2009 22:40,137,14,18.3,57.7,59,29.3,0,31778,0,0
9/25/2009 22:50,135,14.1,18.7,57.5,59,29.3,0,31778,0,0
9/25/2009 23:00,142,14.2,17.4,57.5,58,29.3,0,31778,0,0
9/25/2009 23:10,139,18.2,21.3,57.5,58,29.3,0,31778,0,0
9/25/2009 23:20,141,8.4,14,57.5,58,29.3,0,31778,0,0
9/25/2009 23:30,147,18.4,20.7,57.5,58,29.3,0,31778,0,0
9/25/2009 23:40,137,19.6,22.3,57.5,58,29.3,0,31778,0,0
9/25/2009 23:50,152,14.3,15.6,57.7,58,29.3,0,31778,0,0
9/26/2009 0:00,135,21.6,23.7,57.9,58,29.3,0,31778,0,0
9/26/2009 0:10,136,23,25.8,57.9,57,29.3,0,31778,0,0
9/26/2009 0:20,279,5.6,13.6,58.1,57,29.3,0,31778,0,0
9/26/2009 0:30,133,13.4,14.7,58.2,57,29.3,0,31778,0,0
9/26/2009 0:40,154,16.5,19.6,58.2,57,29.3,0,31778,0,0
9/26/2009 0:50,122,17.6,19.9,58.4,57,29.3,0,31778,0,0
9/26/2009 1:00,176,10.1,15.5,58.4,57,29.3,0,31778,0,0
9/26/2009 1:10,133,22.8,25,58.4,57,29.3,0,31778,0,0
9/26/2009 1:20,138,14.8,16.1,58.4,57,29.3,0,31778,0,0
9/26/2009 1:30,144,17.3,19.9,58.4,58,29.3,0,31778,0,0
9/26/2009 1:40,147,12.1,12.7,58.2,58,29.3,0,31778,0,0
9/26/2009 1:50,92,10.7,16.5,58.2,59,29.3,0,31778,0,0
9/26/2009 2:00,130,7.8,10.4,58.4,59,29.3,0,31778,0,0
9/26/2009 2:10,112,12.7,14.8,58.4,60,29.3,0,31778,0,0
9/26/2009 2:20,146,7,8.9,58.4,60,29.3,0,31778,0,0
9/26/2009 2:30,134,16.8,21.4,58.4,61,29.2,0,31778,0,0
9/26/2009 2:40,150,11.5,15.1,58.4,61,29.3,0,31778,0,0
9/26/2009 2:50,167,18.1,20.9,58.4,61,29.3,0,31778,0,0
9/26/2009 3:00,178,8.7,12.2,58.4,62,29.3,0,31778,0,0
9/26/2009 3:10,163,16.6,18.2,58.4,62,29.3,0,31778,0,0
9/26/2009 3:20,159,15.7,17,58.6,62,29.3,0,31778,0,0
9/26/2009 3:30,179,10.3,12.5,58.4,63,29.2,0,31778,0,0
9/26/2009 3:40,137,11.2,13.1,58.4,64,29.2,0,31778,0,0
9/26/2009 3:50,136,13.5,14.9,58.4,64,29.2,0,31778,0,0
9/26/2009 4:00,133,10.2,13.3,58.4,64,29.2,0,31778,0,0
9/26/2009 4:10,150,15,16.4,58.6,65,29.2,0,31778,0,0
9/26/2009 4:20,150,17,18.2,58.6,65,29.2,0,31778,0,0
9/26/2009 4:30,124,9.9,13,58.6,66,29.2,0,31778,0,0
9/26/2009 4:40,167,14.8,16.9,58.8,66,29.2,0,31778,0,0
9/26/2009 4:50,138,18.2,19.8,59,66,29.2,0,31778,0,0
9/26/2009 5:00,145,11.7,14.8,59.1,67,29.2,0,31778,0,0
9/26/2009 5:10,187,9.8,14.1,59.1,67,29.2,0,31778,0,0
9/26/2009 5:20,161,13.1,18.3,59.5,67,29.2,0,31778,0,0
9/26/2009 5:30,159,14.3,20.7,59.5,68,29.2,0,31778,0,0
9/26/2009 5:40,211,9.1,13.5,60.2,67,29.2,0,31778,0,0
9/26/2009 5:50,134,11.2,15,60.6,68,29.2,0,31778,0,0
9/26/2009 6:00,130,15.8,18.3,60.9,68,29.2,0,31778,0,0
9/26/2009 6:10,150,16.8,18,61.1,68,29.2,0,31778,0,0
9/26/2009 6:20,150,16.1,19.8,61.3,69,29.2,0,31778,0,0
9/26/2009 6:30,151,12.2,15.9,61.3,70,29.2,0,31778,0,0
9/26/2009 6:40,151,22.1,29.7,61.3,70,29.2,0,31778,0,0
9/26/2009 6:50,158,16.5,23.7,61.3,71,29.2,0,31778,0,0
9/26/2009 7:00,176,7.6,12.1,61.5,72,29.2,0,31778,0,0
9/26/2009 7:10,176,14,16.7,61.8,72,29.2,0,31778,0,0
9/26/2009 7:20,69,8.9,12.7,61.5,73,29.2,0,31778,0,0
9/26/2009 7:30,183,8.5,9.9,61.3,74,29.2,0,31778,0,0
9/26/2009 7:40,185,7.4,8.9,61.1,75,29.2,0,31778,0,0
9/26/2009 7:50,136,13.9,14.5,61.1,75,29.2,0,31778,0,0
9/26/2009 8:00,118,9.9,11.9,61.1,76,29.2,0,31778,0,0
9/26/2009 8:10,152,18.3,21.7,61.3,76,29.2,0,31778,0,0
9/26/2009 8:20,140,15.2,18.2,61.3,76,29.2,0,31778,0,0
9/26/2009 8:30,130,9.5,11.6,61.3,77,29.2,0,31778,0,0
9/26/2009 8:40,154,15,16.5,61.1,77,29.2,0,31778,0,0
9/26/2009 8:50,219,8,11.6,61.3,78,29.2,0,31778,0,0
9/26/2009 9:00,162,17.2,20.3,61.5,77,29.2,0,31778,0,0
9/26/2009 9:10,146,14.1,15.5,61.7,77,29.2,0,31778,0,0
9/26/2009 9:20,152,21.6,24.5,61.5,77,29.2,0,31798,0,0
9/26/2009 9:30,94,9.5,17.2,61.3,78,29.2,0,31838,0.03,0.03
9/26/2009 9:40,140,21,24.9,60.8,80,29.1,0.01,32338,0.03,0.03
9/26/2009 9:50,154,8.2,14.6,60.6,79,29.1,0.01,32588,0,0
9/26/2009 10:00,200,7.9,12.3,60.8,79,29.2,0.01,32588,0,0
9/26/2009 10:10,184,10.7,11.5,60.9,79,29.2,0.01,32588,0,0
9/26/2009 10:20,173,5.1,6.3,60.9,78,29.2,0.01,32718,0,0
9/26/2009 10:30,125,7.8,8.6,60.6,80,29.1,0.02,33248,0,0
9/26/2009 10:40,178,7.1,7.6,60.8,79,29.1,0.02,33248,0,0
9/26/2009 10:50,168,18.5,37.3,60.4,81,29.1,0.03,33548,0,0
9/26/2009 11:00,-Invalid-,-Invalid-,-Invalid-,-Invalid-,-Invalid-,-Invalid-,-Invalid-,-Invalid-,-Invalid-,-Invalid-
9/26/2009 11:10,141,16.2,17.9,59.1,87,29.1,0.08,34018,0,0
9/26/2009 11:20,22,20.9,24.5,59,87,29.1,0.08,34018,0,0
9/26/2009 11:30,177,15,17,58.8,87,29.1,0.08,34048,0,0
9/26/2009 11:40,106,8.2,10.8,58.8,86,29.1,0.08,34078,0,0
9/26/2009 11:50,-Invalid-,-Invalid-,-Invalid-,-Invalid-,-Invalid-,-Invalid-,-Invalid-,-Invalid-,-Invalid-,-Invalid-
9/26/2009 12:00,306,26.7,30,57.3,93,29.1,0.34,35068,0,0
9/26/2009 12:10,301,33.9,36.7,57.3,94,29.1,0.42,35578,1.49,1.49
9/26/2009 12:20,-Invalid-,-Invalid-,-Invalid-,-Invalid-,-Invalid-,-Invalid-,-Invalid-,-Invalid-,-Invalid-,-Invalid-
9/26/2009 12:30,126,13.4,17.6,57.3,93,29.1,0.51,36458,0.62,0.62
9/26/2009 12:40,-Invalid-,-Invalid-,-Invalid-,-Invalid-,-Invalid-,-Invalid-,-Invalid-,-Invalid-,-Invalid-,-Invalid-
9/26/2009 12:50,-Invalid-,-Invalid-,-Invalid-,-Invalid-,-Invalid-,-Invalid-,-Invalid-,-Invalid-,-Invalid-,-Invalid-
9/26/2009 13:00,56,20.6,23.8,57.2,93,29.1,0.61,37648,0.13,0.13
9/26/2009 13:10,105,16.8,21.7,57,93,29.1,0.63,38058,0,0
9/26/2009 13:20,86,9.1,10.8,56.8,94,29.1,0.66,38568,0.03,0.03
9/26/2009 13:30,22,20.8,25.6,57,94,29,0.66,38998,0.12,0.12
9/26/2009 13:40,112,10.5,18.7,57,94,29,0.67,39388,0,0
9/26/2009 13:50,145,12.1,13.5,57.5,92,29,0.67,39488,0,0
9/26/2009 14:00,140,23.5,26.4,57.5,92,29,0.67,39488,0,0
9/26/2009 14:10,138,14.4,15.9,57.7,90,29,0.67,39488,0,0
9/26/2009 14:20,163,19.5,20.8,57.5,91,29,0.67,39488,0,0
9/26/2009 14:30,106,19.3,22.7,57.2,93,29,0.68,40018,0.01,0.01
9/26/2009 14:40,149,17.5,18.9,57.3,92,29,0.69,40608,0.03,0.03
9/26/2009 14:50,-Invalid-,-Invalid-,-Invalid-,-Invalid-,-Invalid-,-Invalid-,-Invalid-,-Invalid-,-Invalid-,-Invalid-
9/26/2009 15:00,244,37.7,39.1,57.3,92,29,0.7,40958,0,0
9/26/2009 15:10,145,17.6,28.5,57.5,91,29,0.7,40958,0,0
9/26/2009 15:20,209,8.4,9.8,57.7,91,29,0.7,40958,0,0
9/26/2009 15:30,189,12,14.3,57.9,90,29,0.7,40958,0,0
9/26/2009 15:40,169,23.2,28.1,58.1,88,29,0.7,40958,0,0
9/26/2009 15:50,159,20,24.5,58.2,87,29,0.7,40958,0,0
9/26/2009 16:00,180,11.7,20.6,58.4,87,29,0.7,40958,0,0
9/26/2009 16:10,162,15.6,18.1,58.6,87,29,0.7,40958,0,0
9/26/2009 16:20,172,16.8,18.1,58.6,87,29,0.7,40958,0,0
9/26/2009 16:30,162,16.7,18,58.4,89,29,0.7,40958,0,0
9/26/2009 16:40,-Invalid-,-Invalid-,-Invalid-,-Invalid-,-Invalid-,-Invalid-,-Invalid-,-Invalid-,-Invalid-,-Invalid-
9/26/2009 16:50,-Invalid-,-Invalid-,-Invalid-,-Invalid-,-Invalid-,-Invalid-,-Invalid-,-Invalid-,-Invalid-,-Invalid-
9/26/2009 17:00,203,13.7,15.1,58.6,89,29,0.7,41028,0,0
9/26/2009 17:10,176,15.7,21.4,59,87,29,0.7,41028,0,0
9/26/2009 17:20,161,18.1,20,59.1,87,29,0.7,41028,0,0
9/26/2009 17:30,165,16.3,17.3,59.3,87,29,0.7,41038,0,0
9/26/2009 17:40,171,21.5,25.1,59.3,86,29,0.7,41128,0,0
9/26/2009 17:50,161,14.1,16.8,59.3,87,29,0.7,41348,0,0
9/26/2009 18:00,249,32.5,39.5,59.1,89,29,0.71,41728,0.19,0.19
9/26/2009 18:10,320,32.6,36.5,58.6,92,29,0.74,42328,0.26,0.26
9/26/2009 18:20,-Invalid-,-Invalid-,-Invalid-,-Invalid-,-Invalid-,-Invalid-,-Invalid-,-Invalid-,-Invalid-,-Invalid-
9/26/2009 18:30,-Invalid-,-Invalid-,-Invalid-,-Invalid-,-Invalid-,-Invalid-,-Invalid-,-Invalid-,-Invalid-,-Invalid-
9/26/2009 18:40,156,9.7,14,58.6,93,29,0.77,43838,0.15,0.15
9/26/2009 18:50,-Invalid-,-Invalid-,-Invalid-,-Invalid-,-Invalid-,-Invalid-,-Invalid-,-Invalid-,-Invalid-,-Invalid-
9/26/2009 19:00,271,37.1,41.5,58.8,93,29,0.83,45038,0.18,0.18
9/26/2009 19:10,308,42.1,45.5,58.8,92,29,0.86,45648,0.18,0.18
9/26/2009 19:20,-Invalid-,-Invalid-,-Invalid-,-Invalid-,-Invalid-,-Invalid-,-Invalid-,-Invalid-,-Invalid-,-Invalid-
9/26/2009 19:30,-Invalid-,-Invalid-,-Invalid-,-Invalid-,-Invalid-,-Invalid-,-Invalid-,-Invalid-,-Invalid-,-Invalid-
9/26/2009 19:40,-Invalid-,-Invalid-,-Invalid-,-Invalid-,-Invalid-,-Invalid-,-Invalid-,-Invalid-,-Invalid-,-Invalid-
9/26/2009 19:50,288,38.2,40.7,59.1,91,29,0.88,47008,0,0
9/26/2009 20:00,283,42.6,45,59,91,29,0.88,47018,0,0
9/26/2009 20:10,-Invalid-,-Invalid-,-Invalid-,-Invalid-,-Invalid-,-Invalid-,-Invalid-,-Invalid-,-Invalid-,-Invalid-
9/26/2009 20:20,119,19.5,32.3,58.8,92,28.9,0.89,47588,0,0
9/26/2009 20:30,145,9.6,12.3,58.8,92,28.9,0.9,48028,0,0
9/26/2009 20:40,1,25.8,30.8,59,91,28.9,0.9,48488,0,0
9/26/2009 20:50,316,32.9,37.1,59,91,28.9,0.9,48498,0,0
9/26/2009 21:00,276,36.4,39,59.1,91,28.9,0,48518,0,0
9/26/2009 21:10,303,33.2,36.9,59.1,91,28.9,0,48628,0.03,0.03
9/26/2009 21:20,-Invalid-,-Invalid-,-Invalid-,-Invalid-,-Invalid-,-Invalid-,-Invalid-,-Invalid-,-Invalid-,-Invalid-
9/26/2009 21:30,-Invalid-,-Invalid-,-Invalid-,-Invalid-,-Invalid-,-Invalid-,-Invalid-,-Invalid-,-Invalid-,-Invalid-
9/26/2009 21:40,296,34.6,36.8,58.4,94,28.9,0.11,50388,0.02,0.02
9/26/2009 21:50,258,44.1,49.9,58.4,94,28.9,0.14,50658,0.7,0.7
9/26/2009 22:00,-Invalid-,-Invalid-,-Invalid-,-Invalid-,-Invalid-,-Invalid-,-Invalid-,-Invalid-,-Invalid-,-Invalid-
9/26/2009 22:10,123,19.9,27.1,58.2,95,28.9,0.16,51338,0.05,0.05
9/26/2009 22:20,-Invalid-,-Invalid-,-Invalid-,-Invalid-,-Invalid-,-Invalid-,-Invalid-,-Invalid-,-Invalid-,-Invalid-
9/26/2009 22:30,-Invalid-,-Invalid-,-Invalid-,-Invalid-,-Invalid-,-Invalid-,-Invalid-,-Invalid-,-Invalid-,-Invalid-
9/26/2009 22:40,-Invalid-,-Invalid-,-Invalid-,-Invalid-,-Invalid-,-Invalid-,-Invalid-,-Invalid-,-Invalid-,-Invalid-
9/26/2009 22:50,120,11,20.9,58.2,94,28.9,0.28,53668,0.09,0.09
9/26/2009 23:00,133,6.7,8.4,58.2,95,28.9,0.31,54268,0.09,0.09
9/26/2009 23:10,198,6.2,19.3,58.2,95,28.9,0.34,54868,0.04,0.04
9/26/2009 23:20,109,16,26.1,58.2,95,28.9,0.36,55388,0,0
9/26/2009 23:30,130,13.4,15.9,58.2,94,28.9,0.36,55388,0,0
9/26/2009 23:40,157,11,14.1,58.2,94,28.9,0.36,55388,0,0
9/26/2009 23:50,123,9.6,12.3,58.2,94,28.9,0.36,55468,0.01,0.01
9/27/2009 0:00,137,11.4,14.8,58.2,93,28.9,0.36,55528,0,0
9/27/2009 0:10,155,10.2,13.6,58.4,92,28.9,0.36,55528,0,0
9/27/2009 0:20,165,11.2,11.9,58.8,90,28.9,0.36,55528,0,0
9/27/2009 0:30,155,8.3,9.7,59,89,28.9,0.36,55528,0,0
9/27/2009 0:40,141,12.6,13.4,59,89,28.9,0.36,55528,0,0
9/27/2009 0:50,135,9.3,11.3,59,89,28.9,0.36,55528,0,0
9/27/2009 1:00,188,7.2,9.1,59,89,28.9,0.36,55528,0,0
9/27/2009 1:10,165,10.6,12.6,58.8,89,28.9,0.36,55608,0.02,0.02
9/27/2009 1:20,131,6,7.9,58.4,90,28.9,0.36,55988,0,0
9/27/2009 1:30,137,9.9,10.8,58.4,90,28.9,0.36,56038,0,0
9/27/2009 1:40,162,7.2,11.2,58.4,91,28.8,0.36,56418,0,0
9/27/2009 1:50,143,10.3,11.5,58.6,90,28.8,0.36,56428,0,0
9/27/2009 2:00,160,5.9,7.6,58.6,91,28.9,0.36,56428,0,0
9/27/2009 2:10,145,9.5,10.8,58.8,90,28.8,0.36,56428,0,0
9/27/2009 2:20,150,9.2,12.4,58.8,90,28.8,0.36,56428,0,0
9/27/2009 2:30,165,13.1,14.9,58.8,90,28.8,0.36,56428,0,0
9/27/2009 2:40,182,12,13.3,58.8,90,28.8,0.36,56428,0,0
9/27/2009 2:50,181,5.4,8.5,58.8,90,28.8,0.36,56428,0,0
9/27/2009 3:00,181,6.4,8.2,58.8,90,28.8,0.36,56428,0,0
9/27/2009 3:10,179,8.4,9.9,58.8,90,28.8,0.36,56428,0,0
9/27/2009 3:20,164,9.4,10.9,58.8,90,28.8,0.36,56428,0,0
9/27/2009 3:30,174,8.3,9.8,58.8,90,28.8,0.36,56428,0,0
9/27/2009 3:40,189,5.3,8.3,58.8,90,28.8,0.36,56488,0,0
9/27/2009 3:50,148,5.3,6.2,58.6,91,28.8,0.37,57028,0.04,0.04
9/27/2009 4:00,149,7.2,8.8,58.6,92,28.8,0.38,57628,0.1,0.1
9/27/2009 4:10,-Invalid-,-Invalid-,-Invalid-,-Invalid-,-Invalid-,-Invalid-,-Invalid-,-Invalid-,-Invalid-,-Invalid-
9/27/2009 4:20,185,7.4,8.5,58.2,92,28.8,0.41,58828,0.01,0.01
9/27/2009 4:30,196,5.9,8.1,58.2,92,28.8,0.42,59358,0.02,0.02
9/27/2009 4:40,55,3.9,4.3,58.2,92,28.8,0.43,59938,0.09,0.09
9/27/2009 4:50,-Invalid-,-Invalid-,-Invalid-,-Invalid-,-Invalid-,-Invalid-,-Invalid-,-Invalid-,-Invalid-,-Invalid-
9/27/2009 5:00,-Invalid-,-Invalid-,-Invalid-,-Invalid-,-Invalid-,-Invalid-,-Invalid-,-Invalid-,-Invalid-,-Invalid-
9/27/2009 5:10,-Invalid-,-Invalid-,-Invalid-,-Invalid-,-Invalid-,-Invalid-,-Invalid-,-Invalid-,-Invalid-,-Invalid-
9/27/2009 5:20,-Invalid-,-Invalid-,-Invalid-,-Invalid-,-Invalid-,-Invalid-,-Invalid-,-Invalid-,-Invalid-,-Invalid-
9/27/2009 5:30,254,39.3,39.6,58.4,91,28.8,0.43,60518,0,0
9/27/2009 5:40,148,11.4,25.4,58.6,91,28.8,0.43,60518,0,0
9/27/2009 5:50,192,6.1,6.7,58.6,91,28.8,0.43,60518,0,0
9/27/2009 6:00,154,8,9.3,58.8,91,28.8,0.43,60518,0,0
9/27/2009 6:10,160,4.8,6.7,59.3,91,28.8,0.43,60518,0,0
9/27/2009 6:20,255,3.6,4.3,59.7,91,28.8,0.43,60518,0,0
9/27/2009 6:30,196,7.2,7.9,59.9,90,28.8,0.43,60518,0,0
9/27/2009 6:40,211,6.3,7,60.2,91,28.8,0.43,60518,0,0
9/27/2009 6:50,193,6.8,8,60.6,90,28.8,0.43,60608,0,0
9/27/2009 7:00,236,7.5,8.7,61.1,90,28.8,0.44,60638,0,0
9/27/2009 7:10,231,13.3,15.1,61.7,89,28.8,0.44,60978,0,0
9/27/2009 7:20,232,13.2,13.9,62,89,28.8,0.44,61048,0.01,0.01
9/27/2009 7:30,245,7.8,8.5,61.8,89,28.8,0.44,61158,0,0
9/27/2009 7:40,246,8.4,9.8,61.8,90,28.8,0.44,61158,0,0
9/27/2009 7:50,232,12.3,13,61.8,90,28.8,0.44,61158,0,0
9/27/2009 8:00,249,10.2,11.3,62,90,28.8,0.44,61158,0,0
9/27/2009 8:10,269,5.4,7.7,62.2,90,28.8,0.46,61208,0.82,0.82
9/27/2009 8:20,292,9.1,10.1,61.5,92,28.8,0.54,61508,0,0
9/27/2009 8:30,292,19.4,20.9,62.2,89,28.8,0.54,61508,0,0
9/27/2009 8:40,286,18.7,19.4,62.2,87,28.8,0.54,61508,0,0
9/27/2009 8:50,291,11.3,12.8,62.2,84,28.8,0.54,61508,0,0
9/27/2009 9:00,273,19.6,24.3,62,85,28.8,0.54,61508,0,0
9/27/2009 9:10,260,23.5,25.4,62,81,28.8,0.54,61508,0,0
9/27/2009 9:20,276,18.1,23.1,62,82,28.8,0.54,61508,0,0
9/27/2009 9:30,281,14.8,16.3,62,81,28.8,0.54,61508,0,0
9/27/2009 9:40,282,20.3,20.9,61.8,82,28.8,0.54,61508,0,0
9/27/2009 9:50,278,15.1,17.8,61.8,82,28.8,0.54,61508,0,0
9/27/2009 10:00,301,14.2,15.2,62,82,28.8,0.54,61508,0,0
9/27/2009 10:10,291,16.9,18.2,62.2,79,28.8,0.54,61508,0,0
9/27/2009 10:20,286,10.2,12.2,62,79,28.8,0.54,61508,0,0
9/27/2009 10:30,285,14.6,15.4,62.2,80,28.8,0.54,61508,0,0
9/27/2009 10:40,273,20.1,21.5,62.4,79,28.8,0.54,61508,0,0
9/27/2009 10:50,283,13.7,15.2,62.6,80,28.8,0.54,61508,0,0
9/27/2009 11:00,278,13.6,19.3,62.6,79,28.8,0.54,61508,0,0
9/27/2009 11:10,284,14.3,19,62.7,80,28.8,0.54,61508,0,0
9/27/2009 11:20,286,13.6,15.3,62.7,80,28.8,0.54,61508,0,0
9/27/2009 11:30,275,17.2,20.9,62.6,81,28.8,0.54,61508,0,0
9/27/2009 11:40,280,19.5,22,63.1,79,28.8,0.54,61508,0,0
9/27/2009 11:50,280,22.3,23.5,63.3,79,28.8,0.54,61508,0,0
9/27/2009 12:00,303,10.8,15.7,63.5,77,28.8,0.54,61508,0,0
9/27/2009 12:10,266,22.3,27.6,63.8,77,28.8,0.54,61508,0,0
9/27/2009 12:20,271,18.5,25.6,63.8,76,28.8,0.54,61508,0,0
9/27/2009 12:30,272,18.5,24.5,64,76,28.8,0.54,61508,0,0
9/27/2009 12:40,270,13.9,19.3,63.8,76,28.8,0.54,61508,0,0
9/27/2009 12:50,285,13.6,17.2,63.3,79,28.8,0.54,61508,0,0
9/27/2009 13:00,246,6.7,9.1,61.7,88,28.8,0.56,61838,0.24,0.24
9/27/2009 13:10,291,11.5,12.3,60.6,91,28.8,0.58,62398,0.03,0.03
9/27/2009 13:20,286,8.1,9.4,61.1,90,28.8,0.58,62518,0,0
9/27/2009 13:30,274,7.9,9.1,62.7,84,28.8,0.58,62518,0,0
9/27/2009 13:40,261,8.7,9.8,63.5,80,28.8,0.58,62518,0,0
9/27/2009 13:50,254,12.9,16.5,63.3,80,28.8,0.58,62518,0,0
9/27/2009 14:00,245,19.9,22.7,63.8,77,28.8,0.58,62518,0,0
9/27/2009 14:10,235,13.4,16.8,63.8,79,28.8,0.58,62518,0,0
9/27/2009 14:20,290,10.3,11.6,63.8,78,28.8,0.58,62518,0,0
9/27/2009 14:30,239,15.1,16.5,63.8,78,28.8,0.58,62518,0,0
9/27/2009 14:40,227,13.6,16.5,63.8,78,28.8,0.58,62518,0,0
9/27/2009 14:50,253,13.4,15.3,63.8,77,28.8,0.58,62518,0,0
9/27/2009 15:00,245,7.6,9.5,63.6,78,28.8,0.58,62518,0,0
9/27/2009 15:10,225,18.9,20.8,64,75,28.8,0.58,62518,0,0
9/27/2009 15:20,255,17.6,18.5,63.8,76,28.8,0.58,62528,0,0
9/27/2009 15:30,235,13.8,14.8,63.6,78,28.8,0.58,62528,0,0
9/27/2009 15:40,228,20.2,22.7,63.3,78,28.8,0.58,62528,0,0
9/27/2009 15:50,232,11.4,12.7,62.7,77,28.8,0.58,62528,0,0
9/27/2009 16:00,238,16.2,17.7,62.6,77,28.8,0.58,62528,0,0
9/27/2009 16:10,224,11.6,12.1,62.2,77,28.8,0.58,62528,0,0
9/27/2009 16:20,200,7.6,8.6,62,79,28.8,0.58,62528,0,0
9/27/2009 16:30,204,6.7,7.4,61.3,81,28.8,0.58,62528,0,0
9/27/2009 16:40,212,6.1,6.7,60.9,82,28.8,0.58,62528,0,0
9/27/2009 16:50,207,6.1,6.9,60.6,82,28.8,0.58,62528,0,0
9/27/2009 17:00,198,8.8,9.5,60.4,83,28.8,0.58,62528,0,0
9/27/2009 17:10,204,6.6,8.5,60.2,83,28.8,0.58,62528,0,0
9/27/2009 17:20,196,4,4.9,60.2,82,28.8,0.58,62528,0,0
9/27/2009 17:30,180,6.3,7.9,59.9,82,28.8,0.58,62528,0,0
9/27/2009 17:40,200,8.3,8.7,59.9,81,28.8,0.58,62528,0,0
9/27/2009 17:50,190,8.9,9.7,60,80,28.8,0.58,62528,0,0
9/27/2009 18:00,184,7.5,10.9,60,79,28.8,0.58,62528,0,0
9/27/2009 18:10,194,8.4,9.3,60,78,28.8,0.58,62528,0,0
9/27/2009 18:20,186,4.8,6,60,77,28.8,0.58,62528,0,0
9/27/2009 18:30,192,8.5,9.5,60,76,28.8,0.58,62528,0,0
9/27/2009 18:40,196,8.5,10.4,60,76,28.8,0.58,62528,0,0
9/27/2009 18:50,185,8.1,9.3,59.9,76,28.8,0.58,62528,0,0
9/27/2009 19:00,176,8.3,9.8,59.9,76,28.8,0.58,62528,0,0
9/27/2009 19:10,199,6.1,8.1,60,76,28.8,0.58,62528,0,0
9/27/2009 19:20,174,6.7,7.4,60.2,75,28.8,0.58,62528,0,0
9/27/2009 19:30,201,5.2,6.3,60.4,75,28.8,0.58,62528,0,0
9/27/2009 19:40,190,10.8,12.3,60.4,74,28.8,0.58,62528,0,0
9/27/2009 19:50,175,8,9,60.4,74,28.8,0.58,62528,0,0
9/27/2009 20:00,197,7.7,8.7,60.4,74,28.8,0.58,62528,0,0
9/27/2009 20:10,199,4.6,8.4,60.6,74,28.8,0.58,62528,0,0
9/27/2009 20:20,197,9.7,10.2,60.8,73,28.8,0.58,62528,0,0
9/27/2009 20:30,205,14.1,15,61.1,73,28.8,0.58,62528,0,0
9/27/2009 20:40,189,7.5,12,61.7,73,28.8,0.58,62528,0,0
9/27/2009 20:50,216,7.4,9.7,61.5,75,28.7,0.58,62528,0,0
9/27/2009 21:00,208,10.2,10.8,61.3,76,28.7,0,62528,0,0
9/27/2009 21:10,215,17.2,18.7,60.9,77,28.7,0,62528,0,0
9/27/2009 21:20,197,13.3,17.6,60.8,78,28.7,0,62528,0,0
9/27/2009 21:30,189,14.7,19.1,60.6,78,28.7,0,62528,0,0
9/27/2009 21:40,204,14,15.4,60.4,79,28.7,0,62528,0,0
9/27/2009 21:50,204,13.4,15.3,60.4,79,28.7,0,62528,0,0
9/27/2009 22:00,186,10.9,12.5,60.2,79,28.7,0,62528,0,0
9/27/2009 22:10,197,8.7,11.4,60,80,28.7,0,62528,0,0
9/27/2009 22:20,215,11.8,12.9,59.9,80,28.7,0,62528,0,0
9/27/2009 22:30,189,11.7,14.4,59.9,80,28.7,0,62528,0,0
9/27/2009 22:40,198,15.3,16.4,59.7,80,28.7,0,62528,0,0
9/27/2009 22:50,204,11.6,13.1,59.7,80,28.7,0,62528,0,0
9/27/2009 23:00,190,11.6,14.7,59.7,80,28.7,0,62528,0,0
9/27/2009 23:10,204,18.5,20.9,59.3,81,28.7,0,62528,0,0
9/27/2009 23:20,193,10.2,12.4,59.5,81,28.7,0,62528,0,0
9/27/2009 23:30,196,15.1,17,59.3,81,28.7,0,62528,0,0
9/27/2009 23:40,179,9.4,10.7,59.1,81,28.7,0,62528,0,0
9/27/2009 23:50,192,14.9,16.1,59.1,81,28.7,0,62528,0,0
9/28/2009 0:00,174,13.4,14.9,59,82,28.6,0,62528,0,0
9/28/2009 0:10,197,19.5,20.9,59.1,81,28.6,0,62528,0,0
9/28/2009 0:20,200,16.1,17.8,59.3,80,28.6,0,62528,0,0
9/28/2009 0:30,203,19.1,21.3,59.7,79,28.6,0,62528,0,0
9/28/2009 0:40,178,10.2,15.4,59.9,78,28.6,0,62528,0,0
9/28/2009 0:50,189,14.5,16,59.9,78,28.6,0,62528,0,0
9/28/2009 1:00,187,13.5,15.2,59.9,78,28.6,0,62528,0,0
9/28/2009 1:10,171,12.6,13.7,59.9,79,28.6,0,62528,0,0
9/28/2009 1:20,195,11.9,15.2,59.7,79,28.6,0,62528,0,0
9/28/2009 1:30,172,21.9,25.3,59.7,79,28.6,0,62528,0,0
9/28/2009 1:40,173,20.2,24.6,60.2,78,28.6,0,62528,0,0
9/28/2009 1:50,185,10.3,16.3,60.6,77,28.6,0,62528,0,0
9/28/2009 2:00,256,4.1,5.1,60.6,77,28.6,0,62528,0,0
9/28/2009 2:10,199,9,11.6,60.6,77,28.5,0,62528,0,0
9/28/2009 2:20,160,17.5,21,60.8,77,28.5,0,62538,0,0
9/28/2009 2:30,151,10.3,12.6,60.9,76,28.5,0,62558,0,0
9/28/2009 2:40,178,15.1,17.3,61.1,76,28.5,0,62758,0.01,0.01
9/28/2009 2:50,183,20.1,23.9,61.1,77,28.5,0,63068,0.02,0.02
9/28/2009 3:00,-Invalid-,-Invalid-,-Invalid-,-Invalid-,-Invalid-,-Invalid-,-Invalid-,-Invalid-,-Invalid-,-Invalid-
9/28/2009 3:10,277,43.7,45,59.1,86,28.5,0.02,63668,0,0
9/28/2009 3:20,206,19.9,29.7,59.7,83,28.5,0.02,63668,0,0
9/28/2009 3:30,206,19.4,23.4,59.1,87,28.5,0.04,64228,0.12,0.12
9/28/2009 3:40,158,20.9,23.7,59,88,28.5,0.04,64418,0,0
9/28/2009 3:50,194,19.4,23,59.3,86,28.4,0.05,64658,0.01,0.01
9/28/2009 4:00,231,9.1,14.7,58.4,91,28.5,0.06,65078,0.02,0.02
9/28/2009 4:10,194,22.3,24.6,58.1,93,28.5,0.16,142,0.42,0.42
9/28/2009 4:20,277,31.9,39.2,58.1,93,28.5,0.18,642,0.11,0.11
9/28/2009 4:30,181,32,38.8,58.1,93,28.5,0.2,1082,0.13,0.13
9/28/2009 4:40,232,25.7,26.9,58.2,93,28.4,0.21,1592,0.03,0.03
9/28/2009 4:50,-Invalid-,-Invalid-,-Invalid-,-Invalid-,-Invalid-,-Invalid-,-Invalid-,-Invalid-,-Invalid-,-Invalid-
9/28/2009 5:00,199,27.3,29.3,58.8,90,28.5,0.21,1602,0,0
9/28/2009 5:10,-Invalid-,-Invalid-,-Invalid-,-Invalid-,-Invalid-,-Invalid-,-Invalid-,-Invalid-,-Invalid-,-Invalid-
9/28/2009 5:20,-Invalid-,-Invalid-,-Invalid-,-Invalid-,-Invalid-,-Invalid-,-Invalid-,-Invalid-,-Invalid-,-Invalid-
9/28/2009 5:30,229,10.9,13.1,58.8,91,28.5,0.25,2752,0,0
9/28/2009 5:40,-Invalid-,-Invalid-,-Invalid-,-Invalid-,-Invalid-,-Invalid-,-Invalid-,-Invalid-,-Invalid-,-Invalid-
9/28/2009 5:50,-Invalid-,-Invalid-,-Invalid-,-Invalid-,-Invalid-,-Invalid-,-Invalid-,-Invalid-,-Invalid-,-Invalid-
9/28/2009 6:00,212,18.8,20.1,59.9,87,28.5,0.25,2762,0,0
9/28/2009 6:10,280,6.8,11.8,60.6,87,28.5,0.25,2762,0,0
9/28/2009 6:20,233,17.2,20.1,60.9,85,28.5,0.25,2762,0,0
9/28/2009 6:30,234,17,18.2,61.7,84,28.5,0.25,2762,0,0
9/28/2009 6:40,208,12.8,13.8,61.8,84,28.5,0.25,2762,0,0
9/28/2009 6:50,218,14.7,16.5,62.2,83,28.5,0.25,2762,0,0
9/28/2009 7:00,230,17,18.4,60.2,80,28.5,0.26,3172,0,0
9/28/2009 7:10,260,19,27.1,58.2,83,28.5,0.28,3562,0.03,0.03
9/28/2009 7:20,253,27.8,30.1,57.9,87,28.5,0.3,4032,0,0
9/28/2009 7:30,238,17.8,23,60.8,68,28.5,0.3,4042,0,0
9/28/2009 7:40,298,17.1,19.4,61.3,70,28.5,0.3,4142,0,0
9/28/2009 7:50,254,38.3,42.2,61.5,65,28.5,0.3,4362,0.1,0.1
9/28/2009 8:00,253,53.3,56.6,61.7,53,28.5,0.3,4372,0,0
9/28/2009 8:10,244,36.1,48.7,61.5,57,28.5,0.3,4372,0,0
9/28/2009 8:20,243,39.6,42.1,61.8,54,28.5,0.3,4372,0,0
9/28/2009 8:30,253,30.9,37.4,61.3,54,28.5,0.3,4372,0,0
9/28/2009 8:40,244,23.3,28.7,59,69,28.5,0.31,4512,0,0
9/28/2009 8:50,215,15.9,19.1,59.3,63,28.5,0.31,4642,0,0
9/28/2009 9:00,242,13.6,17.3,59.7,57,28.5,0.31,4652,0,0
9/28/2009 9:10,238,19.2,24.2,59,57,28.5,0.31,4702,0,0
9/28/2009 9:20,241,14,19.5,58.6,58,28.6,0.31,4732,0,0
9/28/2009 9:30,231,22.1,24.2,58.6,57,28.6,0.31,4732,0,0
9/28/2009 9:40,230,26.5,27.8,59,57,28.6,0.31,4732,0,0
9/28/2009 9:50,242,19.7,24.8,59.9,56,28.6,0.31,4732,0,0
9/28/2009 10:00,234,24.6,26.1,59.7,53,28.6,0.31,4752,0,0
9/28/2009 10:10,228,30,31.1,59.3,53,28.6,0.31,4752,0,0
9/28/2009 10:20,228,29.4,30.4,59.3,52,28.5,0.31,4752,0,0
9/28/2009 10:30,253,11,18.9,58.4,57,28.6,0.31,4752,0,0
9/28/2009 10:40,233,10,11.9,57.7,58,28.6,0.31,4782,0,0
9/28/2009 10:50,218,13.5,14.8,57.9,57,28.6,0.31,4812,0,0
9/28/2009 11:00,253,10.1,12,58.1,55,28.6,0.31,4882,0.01,0.01
9/28/2009 11:10,231,25.3,27.2,57.3,59,28.6,0.32,5242,0.12,0.12
9/28/2009 11:20,229,14.2,19.1,56.4,64,28.6,0.32,5332,0,0
9/28/2009 11:30,236,24.9,27.2,56.3,66,28.6,0.33,5642,0.01,0.01
9/28/2009 11:40,239,17.1,23.1,55.5,70,28.6,0.34,6142,0.02,0.02
9/28/2009 11:50,231,11.2,13.4,55,73,28.6,0.35,6722,0.01,0.01
9/28/2009 12:00,271,12.3,13.9,56.1,68,28.6,0.35,6802,0.01,0.01
9/28/2009 12:10,228,16.4,17.5,56.6,67,28.6,0.35,6862,0,0
9/28/2009 12:20,224,11.5,16.4,56.8,66,28.6,0.35,6962,0,0
9/28/2009 12:30,210,25.8,31.8,56.1,67,28.6,0.36,7282,0,0
9/28/2009 12:40,232,20.5,24.1,56.1,68,28.6,0.36,7432,0,0
9/28/2009 12:50,242,25.3,28.6,57,65,28.6,0.36,7472,0,0
9/28/2009 13:00,239,24.2,25.4,56.1,69,28.6,0.37,7972,0.06,0.06
9/28/2009 13:10,247,14.9,19.1,55,73,28.6,0.38,8482,0.02,0.02
9/28/2009 13:20,243,19.4,20.5,54.8,73,28.6,0.38,8762,0.02,0.02
9/28/2009 13:30,239,13.4,20.8,55,74,28.6,0.39,9202,0.02,0.02
9/28/2009 13:40,222,24.1,27.3,55.9,69,28.6,0.39,9262,0,0
9/28/2009 13:50,229,28.6,32.6,56.4,68,28.6,0.39,9262,0,0
9/28/2009 14:00,221,26.7,28.6,57,66,28.6,0.39,9262,0,0
9/28/2009 14:10,239,26.6,28.3,57,66,28.6,0.39,9262,0,0
9/28/2009 14:20,240,17,20.6,57,67,28.6,0.39,9262,0,0
9/28/2009 14:30,234,26.9,30.4,56.8,66,28.6,0.39,9402,0,0
9/28/2009 14:40,200,14.6,21,56.6,68,28.6,0.39,9442,0,0
9/28/2009 14:50,220,23.8,26.4,56.1,69,28.6,0.39,9842,0,0
9/28/2009 15:00,233,17,21.5,56.3,69,28.6,0.39,9852,0,0
9/28/2009 15:10,228,9.5,10.9,56.3,68,28.6,0.39,9872,0,0
9/28/2009 15:20,218,29.9,34,56.3,67,28.6,0.39,9942,0,0
9/28/2009 15:30,245,32.4,35.6,56.3,66,28.6,0.39,9942,0,0
9/28/2009 15:40,225,37.9,39.4,56.3,67,28.6,0.39,10012,0,0
9/28/2009 15:50,231,17.9,27.1,55.9,69,28.6,0.39,10012,0,0
9/28/2009 16:00,230,22.4,26.3,55.5,68,28.6,0.4,10382,0,0
9/28/2009 16:10,227,34.4,37.8,56.3,66,28.6,0.4,10412,0.01,0.01
9/28/2009 16:20,220,17.1,28.3,55.9,67,28.6,0.4,10422,0,0
9/28/2009 16:30,209,20.7,23.9,55.7,67,28.6,0.4,10462,0,0
9/28/2009 16:40,224,18.4,20.1,55.7,67,28.6,0.4,10462,0,0
9/28/2009 16:50,204,20.1,27.6,55.9,66,28.6,0.4,10552,0,0
9/28/2009 17:00,242,20.6,22.4,55.5,68,28.7,0.4,10862,0,0
9/28/2009 17:10,234,13.6,14.6,54.5,73,28.7,0.42,11372,0,0
9/28/2009 17:20,214,28.1,30.3,54.5,72,28.6,0.42,11392,0,0
9/28/2009 17:30,227,26.9,30.8,54.5,72,28.6,0.42,11392,0,0
9/28/2009 17:40,224,22.1,24.5,54.3,73,28.6,0.42,11392,0,0
9/28/2009 17:50,235,18.4,20.1,53.9,75,28.6,0.42,11662,0.04,0.04
9/28/2009 18:00,205,9.8,14.1,52.7,82,28.7,0.45,12192,0.18,0.18
9/28/2009 18:10,219,13.6,15.8,52.5,82,28.7,0.45,12532,0,0
9/28/2009 18:20,217,24.6,27.5,52.7,80,28.6,0.46,12752,0.02,0.02
9/28/2009 18:30,245,10.6,21.6,52.7,81,28.7,0.46,12902,0.01,0.01
9/28/2009 18:40,204,15.2,18,52.7,81,28.6,0.46,13152,0,0
9/28/2009 18:50,206,23,27.8,52.5,81,28.6,0.47,13712,0.06,0.06
9/28/2009 19:00,285,8.3,13.7,52.3,84,28.7,0.52,14282,1.4,1.4
9/28/2009 19:10,79,7.2,11.2,51.6,86,28.7,0.59,14882,0.05,0.05
9/28/2009 19:20,192,16.9,20.2,51.8,86,28.6,0.61,15402,0.54,0.54
9/28/2009 19:30,196,18.3,24.4,51.6,86,28.6,0.65,16002,0.13,0.13
9/28/2009 19:40,200,21.8,26.1,51.6,86,28.6,0.68,16612,0.07,0.07
9/28/2009 19:50,191,15.4,17.8,51.4,87,28.6,0.72,17182,0.13,0.13
9/28/2009 20:00,196,11.7,14.4,51,89,28.6,0.78,17792,0.06,0.06
9/28/2009 20:10,206,17.3,20.7,51,89,28.6,0.85,18392,0.62,0.62
9/28/2009 20:20,-Invalid-,-Invalid-,-Invalid-,-Invalid-,-Invalid-,-Invalid-,-Invalid-,-Invalid-,-Invalid-,-Invalid-
9/28/2009 20:30,129,36,37.3,51.2,89,28.6,0.91,19572,0.03,0.03
9/28/2009 20:40,289,33.6,41.8,51.2,89,28.6,0.92,19792,0.03,0.03
9/28/2009 20:50,150,38.7,40.7,51.4,89,28.6,0.92,20142,0.02,0.02
9/28/2009 21:00,230,43.8,45.9,51.4,89,28.6,0.01,20582,0.03,0.03
9/28/2009 21:10,228,44.5,46.9,51.4,89,28.6,0.01,20762,0.15,0.15
9/28/2009 21:20,158,21.5,33.8,51,90,28.6,0.03,21242,0.11,0.11
9/28/2009 21:30,160,15.8,17.3,51.4,89,28.6,0.05,21822,0.04,0.04
9/28/2009 21:40,206,21.4,25.7,51.4,88,28.6,0.07,22392,0,0
9/28/2009 21:50,207,23.6,25.8,51.2,90,28.6,0.08,22912,0.03,0.03
9/28/2009 22:00,206,32.3,35.6,51,90,28.6,0.1,23462,0.04,0.04
9/28/2009 22:10,200,28.9,35,51.2,89,28.6,0.1,23852,0.07,0.07
9/28/2009 22:20,135,33.1,39.5,51.2,90,28.6,0.11,24212,0.02,0.02
9/28/2009 22:30,208,34.6,41.5,51.2,90,28.6,0.13,24632,0.27,0.27
9/28/2009 22:40,-Invalid-,-Invalid-,-Invalid-,-Invalid-,-Invalid-,-Invalid-,-Invalid-,-Invalid-,-Invalid-,-Invalid-
9/28/2009 22:50,191,24,27,51,91,28.6,0.2,25492,0.2,0.2
9/28/2009 23:00,169,25.1,26.1,51.2,91,28.6,0.22,25892,0,0
9/28/2009 23:10,147,24.6,31.7,51.8,89,28.6,0.22,25892,0,0
9/28/2009 23:20,222,17.9,26,51.6,90,28.6,0.22,25892,0,0
9/28/2009 23:30,233,14.6,17.8,51.6,89,28.6,0.22,25892,0,0
9/28/2009 23:40,157,15.2,16.5,51.2,91,28.6,0.23,26292,0,0
9/28/2009 23:50,203,18.5,21.9,51.2,91,28.6,0.24,26482,0.08,0.08
9/29/2009 0:00,182,18.9,20.3,51.2,90,28.6,0.25,26772,0,0
9/29/2009 0:10,218,23.5,24.8,51.4,90,28.6,0.25,26912,0,0
9/29/2009 0:20,167,21.1,23.5,51.2,91,28.6,0.26,27052,0,0
9/29/2009 0:30,187,21.8,24.4,51.2,91,28.6,0.26,27312,0,0
9/29/2009 0:40,224,39.3,43.1,51,93,28.6,0.29,27762,0,0
9/29/2009 0:50,291,39.1,43,51.6,90,28.6,0.29,27802,0,0
9/29/2009 1:00,217,33.5,39.1,51.4,91,28.6,0.29,27802,0,0
9/29/2009 1:10,-Invalid-,-Invalid-,-Invalid-,-Invalid-,-Invalid-,-Invalid-,-Invalid-,-Invalid-,-Invalid-,-Invalid-
9/29/2009 1:20,195,30.4,35.1,51.6,91,28.6,0.29,27822,0,0
9/29/2009 1:30,-Invalid-,-Invalid-,-Invalid-,-Invalid-,-Invalid-,-Invalid-,-Invalid-,-Invalid-,-Invalid-,-Invalid-
9/29/2009 1:40,199,15.7,19.7,51.6,92,28.6,0.29,28182,0,0
9/29/2009 1:50,297,9.7,11.2,51.9,93,28.6,0.3,28442,0,0
9/29/2009 2:00,-Invalid-,-Invalid-,-Invalid-,-Invalid-,-Invalid-,-Invalid-,-Invalid-,-Invalid-,-Invalid-,-Invalid-
9/29/2009 2:10,227,16.8,17.9,52.7,89,28.6,0.3,28802,0.02,0.02
9/29/2009 2:20,296,40.3,45.2,53.4,89,28.6,0.3,29002,0,0
9/29/2009 2:30,-Invalid-,-Invalid-,-Invalid-,-Invalid-,-Invalid-,-Invalid-,-Invalid-,-Invalid-,-Invalid-,-Invalid-
9/29/2009 2:40,330,10.3,16,56.3,83,28.6,0.3,29002,0,0
9/29/2009 2:50,279,23.5,27.4,56.4,83,28.6,0.3,29322,0.01,0.01
9/29/2009 3:00,259,20.7,24.8,56.1,85,28.6,0.32,29872,0.18,0.18
9/29/2009 3:10,260,19.4,22.6,55.5,83,28.6,0.34,30452,0.16,0.16
9/29/2009 3:20,288,23.8,28.5,55,86,28.6,0.38,31052,0.2,0.2
9/29/2009 3:30,276,23.5,29.5,54.8,86,28.6,0.41,31592,0.08,0.08
9/29/2009 3:40,250,34.9,37.5,54.8,87,28.6,0.41,32032,0.03,0.03
9/29/2009 3:50,258,38.6,39.7,54.8,87,28.6,0.41,32082,0,0
9/29/2009 4:00,250,37.4,42.5,54.8,87,28.6,0.42,32362,0.02,0.02
9/29/2009 4:10,269,33.3,37.5,54.6,87,28.6,0.42,32762,0.05,0.05
9/29/2009 4:20,305,21.7,29.5,54.5,89,28.7,0.45,33332,0.14,0.14
9/29/2009 4:30,-Invalid-,-Invalid-,-Invalid-,-Invalid-,-Invalid-,-Invalid-,-Invalid-,-Invalid-,-Invalid-,-Invalid-
9/29/2009 4:40,-Invalid-,-Invalid-,-Invalid-,-Invalid-,-Invalid-,-Invalid-,-Invalid-,-Invalid-,-Invalid-,-Invalid-
9/29/2009 4:50,256,18.2,22.6,54.3,89,28.7,0.47,34462,0.21,0.21
9/29/2009 5:00,245,16.8,20.9,53.9,94,28.7,0.52,35062,0.29,0.29
9/29/2009 5:10,235,21.2,23.9,54.3,94,28.7,0.55,35662,0.44,0.44
9/29/2009 5:20,172,19.3,24.8,54.6,93,28.7,0.56,36162,0.02,0.02
9/29/2009 5:30,274,31.8,38.4,55.4,89,28.7,0.56,36272,0,0
9/29/2009 5:40,-Invalid-,-Invalid-,-Invalid-,-Invalid-,-Invalid-,-Invalid-,-Invalid-,-Invalid-,-Invalid-,-Invalid-
9/29/2009 5:50,-Invalid-,-Invalid-,-Invalid-,-Invalid-,-Invalid-,-Invalid-,-Invalid-,-Invalid-,-Invalid-,-Invalid-
9/29/2009 6:00,284,30.9,33.3,56.3,89,28.7,0.6,37542,0.01,0.01
9/29/2009 6:10,-Invalid-,-Invalid-,-Invalid-,-Invalid-,-Invalid-,-Invalid-,-Invalid-,-Invalid-,-Invalid-,-Invalid-
9/29/2009 6:20,-Invalid-,-Invalid-,-Invalid-,-Invalid-,-Invalid-,-Invalid-,-Invalid-,-Invalid-,-Invalid-,-Invalid-
9/29/2009 6:30,284,28.2,31,56.8,93,28.7,0.61,38502,0.01,0.01
9/29/2009 6:40,277,33.8,34.6,57,91,28.7,0.64,39012,0.05,0.05
9/29/2009 6:50,278,42.3,45.4,57.3,87,28.7,0.64,39012,0,0
9/29/2009 7:00,291,29.1,31.9,58.2,88,28.7,0.64,39012,0,0
9/29/2009 7:10,282,32.6,33.4,58.6,85,28.7,0.64,39032,0,0
9/29/2009 7:20,296,21.1,27.8,59,85,28.7,0.64,39032,0,0
9/29/2009 7:30,293,39.6,43.6,59,85,28.7,0.64,39382,0,0
9/29/2009 7:40,280,36.8,41.2,59,83,28.7,0.64,39392,0,0
9/29/2009 7:50,298,33.6,36.1,59.1,85,28.7,0.64,39392,0,0
9/29/2009 8:00,296,26.5,31.3,59.1,85,28.7,0.64,39392,0,0
9/29/2009 8:10,286,22.7,24.7,59.5,83,28.7,0.64,39392,0,0
9/29/2009 8:20,295,28.5,32.2,59.7,82,28.7,0.64,39392,0,0
9/29/2009 8:30,299,24.9,30,59.9,78,28.7,0.64,39392,0,0
9/29/2009 8:40,297,30,32.9,60.4,79,28.7,0.64,39392,0,0
9/29/2009 8:50,287,26.2,33.6,60,81,28.7,0.64,39392,0,0
9/29/2009 9:00,298,26.3,31.6,60,79,28.7,0.64,39392,0,0
9/29/2009 9:10,294,30.4,31.7,59.9,80,28.8,0.64,39392,0,0
9/29/2009 9:20,293,33.5,35.9,60,81,28.7,0.64,39392,0,0
9/29/2009 9:30,296,24.2,30,59.7,81,28.8,0.64,39432,0,0
9/29/2009 9:40,290,30.4,34.6,59.9,81,28.8,0.64,39432,0,0
9/29/2009 9:50,318,30.7,32.1,59.7,74,28.8,0.64,39512,0,0
9/29/2009 10:00,311,33.7,37.8,59.9,83,28.8,0.64,39522,0,0
9/29/2009 10:10,323,31.3,34.2,59.5,79,28.8,0.64,39522,0,0
9/29/2009 10:20,290,26.8,28.7,59,85,28.8,0.64,39522,0,0
9/29/2009 10:30,299,25.5,31.8,59.7,80,28.8,0.64,39522,0,0
9/29/2009 10:40,316,24.3,31.5,59.7,76,28.8,0.64,39522,0,0
9/29/2009 10:50,292,30.9,33.8,58.8,84,28.8,0.65,39602,0.29,0.29
9/29/2009 11:00,307,22,25.3,57.3,87,28.8,0.68,39842,0,0
9/29/2009 11:10,312,25.1,29.3,58.8,79,28.8,0.68,39922,0,0
9/29/2009 11:20,304,28,33.1,59.1,76,28.8,0.68,39922,0,0
9/29/2009 11:30,296,34.5,37.1,59,80,28.8,0.68,39972,0.05,0.05
9/29/2009 11:40,291,24.5,33.2,58.2,80,28.8,0.68,39992,0,0
9/29/2009 11:50,294,24.7,29.5,58.6,78,28.8,0.68,39992,0,0
9/29/2009 12:00,293,21.9,24.2,59.1,78,28.8,0.68,39992,0,0
9/29/2009 12:10,290,24.2,28.2,58.6,82,28.8,0.68,40032,0,0
9/29/2009 12:20,281,18.6,24.6,57.7,87,28.8,0.68,40092,0,0
9/29/2009 12:30,300,24.1,27.7,57.3,84,28.8,0.68,40202,0,0
9/29/2009 12:40,305,24.7,29.9,58.1,84,28.8,0.68,40202,0,0
9/29/2009 12:50,315,28.1,30.1,57.7,82,28.8,0.7,40432,0,0
9/29/2009 13:00,288,26.3,27.8,59,78,28.8,0.7,40432,0,0
9/29/2009 13:10,315,22.7,25.7,58.6,77,28.8,0.7,40442,0,0
9/29/2009 13:20,318,31.8,35.4,58.6,75,28.8,0.7,40442,0,0
9/29/2009 13:30,316,29,34.9,58.2,77,28.9,0.7,40442,0,0
9/29/2009 13:40,315,37.7,39.4,57.7,78,28.9,0.7,40462,0,0
9/29/2009 13:50,321,26.1,32.4,57.2,83,28.9,0.7,40472,0,0
9/29/2009 14:00,312,28.7,33.3,57,82,28.9,0.7,40472,0,0
9/29/2009 14:10,313,31.6,36.6,56.8,80,28.9,0.7,40472,0,0
9/29/2009 14:20,314,32.1,34.8,57.2,78,28.9,0.7,40472,0,0
9/29/2009 14:30,317,34.8,41.6,57.7,76,28.9,0.7,40472,0,0
9/29/2009 14:40,319,20.6,30,57.5,79,28.9,0.7,40472,0,0
9/29/2009 14:50,320,23.3,26.2,57.3,78,28.9,0.7,40472,0,0
9/29/2009 15:00,327,15.4,20.3,57,79,28.9,0.7,40472,0,0
9/29/2009 15:10,309,17.4,21.5,57,78,28.9,0.7,40472,0,0
9/29/2009 15:20,314,28,29.9,56.8,78,28.9,0.7,40482,0,0
9/29/2009 15:30,306,23.3,27.7,56.4,78,28.9,0.7,40482,0,0
9/29/2009 15:40,335,15.6,23.2,56.4,78,28.9,0.7,40482,0,0
9/29/2009 15:50,317,26.1,29,56.3,78,28.9,0.7,40482,0,0
9/29/2009 16:00,314,23.3,28.3,56.4,76,28.9,0.7,40482,0,0
9/29/2009 16:10,317,29.5,31.9,56.1,76,29,0.7,40482,0,0
9/29/2009 16:20,329,22.8,24,56.1,77,29,0.7,40482,0,0
9/29/2009 16:30,322,23.5,31.7,55.9,79,29,0.7,40502,0,0
9/29/2009 16:40,322,31.2,32.6,55.7,77,29,0.7,40592,0,0
9/29/2009 16:50,324,24,26.3,55.5,76,29,0.7,40592,0,0
9/29/2009 17:00,338,18.7,23.1,55.7,79,29,0.7,40612,0,0
9/29/2009 17:10,330,15.5,18.7,55.5,79,29,0.7,40882,0,0
9/29/2009 17:20,326,18.9,22.5,55.5,79,29,0.7,41132,0.01,0.01
9/29/2009 17:30,326,22.5,23.8,55.5,78,29,0.7,41282,0,0
9/29/2009 17:40,320,17.4,19.4,55.2,82,29,0.7,41312,0,0
9/29/2009 17:50,345,14.9,18.9,55,81,29,0.7,41372,0,0
9/29/2009 18:00,325,17.7,19.1,54.6,81,29,0.7,41372,0,0
9/29/2009 18:10,350,18.7,23.6,55,80,29,0.7,41372,0,0
9/29/2009 18:20,332,10.2,11.7,54.8,80,29,0.7,41372,0,0
9/29/2009 18:30,327,20.5,23.3,54.8,78,29,0.7,41372,0,0
9/29/2009 18:40,326,16.9,20.6,54.6,78,29,0.7,41372,0,0
9/29/2009 18:50,348,8.6,10.4,54.8,79,29,0.7,41372,0,0
9/29/2009 19:00,332,7.3,8.5,55,77,29,0.7,41372,0,0
9/29/2009 19:10,356,13.3,14.3,55.2,77,29,0.7,41372,0,0
9/29/2009 19:20,353,7.9,9.4,55,77,29,0.7,41372,0,0
9/29/2009 19:30,340,17.1,19.8,55,76,29,0.7,41372,0,0
9/29/2009 19:40,319,15.8,17.5,55,76,29,0.7,41372,0,0
9/29/2009 19:50,338,16.2,17.3,55,76,29,0.7,41372,0,0
9/29/2009 20:00,320,17.2,20.5,55.2,76,29,0.7,41462,0,0
9/29/2009 20:10,320,24.8,26.2,54.8,76,29,0.71,41632,0,0
9/29/2009 20:20,329,23,26.8,55,77,29,0.71,41632,0,0
9/29/2009 20:30,325,21.1,24.4,55,74,29,0.71,41632,0,0
9/29/2009 20:40,321,23.7,27.3,54.5,80,29,0.71,41702,0,0
9/29/2009 20:50,322,16.6,20,54.5,78,29,0.71,41702,0,0
9/29/2009 21:00,325,17.3,20.9,54.6,81,29,0,41712,0,0
9/29/2009 21:10,342,18.4,19.5,54.3,77,29,0,41742,0,0
9/29/2009 21:20,331,18.7,24.9,54.5,76,29,0,41742,0,0
9/29/2009 21:30,311,17.7,22.2,54.1,75,29,0,41742,0,0
9/29/2009 21:40,319,20.9,23.9,53.9,76,29,0,41752,0,0
9/29/2009 21:50,321,16.7,18.2,53.7,79,29,0,41752,0,0
9/29/2009 22:00,320,14.7,17.8,53.6,79,29,0,41752,0,0
9/29/2009 22:10,315,16.4,18.8,53.6,77,29,0,41752,0,0
9/29/2009 22:20,325,10.4,12.4,53.4,79,29,0,41752,0,0
9/29/2009 22:30,346,8.1,8.6,52.8,82,29,0,41752,0,0
9/29/2009 22:40,358,8,10,52.7,83,29,0,41752,0,0
9/29/2009 22:50,311,11.6,13.7,52.7,82,29,0,41752,0,0
9/29/2009 23:00,318,17.9,19.6,52.7,83,29,0,41752,0,0
9/29/2009 23:10,329,13.9,17.1,52.7,76,29,0,41752,0,0
9/29/2009 23:20,321,17.5,19.7,52.7,77,29.1,0,41752,0,0
9/29/2009 23:30,323,19.9,21.8,52.1,73,29.1,0,41752,0,0
9/29/2009 23:40,335,8.7,14.5,51.9,77,29.1,0,41752,0,0
9/29/2009 23:50,333,14.5,16.9,51.4,74,29.1,0,41752,0,0
9/30/2009 0:00,329,13,16.1,51.2,78,29.1,0,41752,0,0
9/30/2009 0:10,324,14.8,16.5,51.2,75,29.1,0,41752,0,0
9/30/2009 0:20,329,14.7,17.4,51.2,77,29.1,0,41752,0,0
9/30/2009 0:30,320,10.5,11.6,50.9,78,29.1,0,41752,0,0
9/30/2009 0:40,327,17.2,19.1,50.7,81,29.1,0,41752,0,0
9/30/2009 0:50,339,9.9,14.5,50.5,73,29.1,0,41992,0.01,0.01
9/30/2009 1:00,330,15,16.8,50,75,29.1,0.01,42292,0,0
9/30/2009 1:10,339,13.1,14.3,50,71,29.1,0.01,42422,0,0
9/30/2009 1:20,307,12.5,13.6,50,75,29.1,0.01,42602,0.02,0.02
9/30/2009 1:30,357,10.5,12.7,49.8,74,29.1,0.01,42862,0,0
9/30/2009 1:40,332,14.6,17.4,49.6,76,29.1,0.01,42942,0,0
9/30/2009 1:50,332,5.9,7.1,49.4,78,29.1,0.01,42972,0,0
9/30/2009 2:00,319,12.1,13,49.4,78,29.1,0.01,43022,0,0
9/30/2009 2:10,328,8.5,9.2,49.1,79,29.1,0.01,43142,0,0
9/30/2009 2:20,326,8.6,10.4,49.1,77,29.1,0.01,43172,0,0
9/30/2009 2:30,4,7.5,8.4,49.1,76,29.1,0.01,43192,0,0
9/30/2009 2:40,338,8.9,10.2,48.9,71,29.1,0.01,43272,0,0
9/30/2009 2:50,341,10.6,12.4,49.1,78,29.1,0.01,43292,0,0
9/30/2009 3:00,337,11,12,49.1,77,29.1,0.01,43292,0,0
9/30/2009 3:10,341,7.9,9,49.1,75,29.1,0.01,43292,0,0
9/30/2009 3:20,335,9.4,11.2,49.1,73,29.1,0.01,43292,0,0
9/30/2009 3:30,317,9.3,10.7,48.9,75,29.1,0.01,43292,0,0
9/30/2009 3:40,323,10.7,12.1,49.1,72,29.1,0.01,43292,0,0
9/30/2009 3:50,326,13.6,15.4,49.1,75,29.1,0.01,43292,0,0
9/30/2009 4:00,344,10.1,10.9,49.1,74,29.1,0.01,43462,0.01,0.01
9/30/2009 4:10,2,10.1,10.9,48.9,77,29.1,0.01,43552,0,0
9/30/2009 4:20,356,13.5,14.8,48.7,74,29.1,0.01,43552,0,0
9/30/2009 4:30,342,7.5,8.5,48.7,72,29.1,0.01,43552,0,0
9/30/2009 4:40,324,13,14.1,48.7,72,29.1,0.01,43552,0,0
9/30/2009 4:50,316,13.8,15.3,48.9,74,29.1,0.01,43552,0,0
9/30/2009 5:00,339,10.1,10.9,48.9,74,29.1,0.01,43552,0,0
9/30/2009 5:10,330,11.9,13.3,48.7,75,29.1,0.01,43552,0,0
9/30/2009 5:20,340,11.6,13.9,48.7,73,29.2,0.01,43552,0,0
9/30/2009 5:30,326,9.9,12.9,48.9,75,29.2,0.01,43552,0,0
9/30/2009 5:40,0,13.6,14.7,48.7,73,29.2,0.01,43552,0,0
9/30/2009 5:50,327,14.6,17.1,48.5,72,29.2,0.01,43552,0,0
9/30/2009 6:00,9,8.8,10.7,48.7,72,29.2,0.01,43552,0,0
9/30/2009 6:10,344,7.5,9.1,48.7,72,29.2,0.01,43552,0,0
9/30/2009 6:20,335,8.2,9.5,49.1,74,29.2,0.01,43552,0,0
9/30/2009 6:30,336,5.1,6.8,49.4,70,29.2,0.01,43552,0,0
9/30/2009 6:40,339,10.2,11.6,49.4,71,29.2,0.01,43552,0,0
9/30/2009 6:50,334,13.8,15,49.1,70,29.2,0.01,43552,0,0
9/30/2009 7:00,348,11.4,14.2,49.1,71,29.2,0.01,43552,0,0
9/30/2009 7:10,319,5.8,8.9,49.2,72,29.2,0.01,43552,0,0
9/30/2009 7:20,346,8.2,9.3,49.4,72,29.2,0.01,43552,0,0
9/30/2009 7:30,348,12.8,14.6,49.6,71,29.2,0.01,43552,0,0
9/30/2009 7:40,349,9.2,11.9,50.1,71,29.2,0.01,43552,0,0
9/30/2009 7:50,316,6.4,9.7,50,71,29.2,0.01,43552,0,0
9/30/2009 8:00,330,13.8,15,50.3,68,29.2,0.01,43552,0,0
9/30/2009 8:10,328,12.6,16.6,50.3,70,29.2,0.01,43552,0,0
9/30/2009 8:20,319,14.7,15.7,50.3,74,29.2,0.01,43552,0,0
9/30/2009 8:30,5,6.9,7.8,50.1,72,29.2,0.01,43552,0,0
9/30/2009 8:40,339,14.2,15.8,50.1,71,29.2,0.01,43552,0,0
9/30/2009 8:50,337,8,9.3,50.3,70,29.2,0.01,43552,0,0
9/30/2009 9:00,332,8.2,10.8,50.3,69,29.2,0.01,43552,0,0
9/30/2009 9:10,325,11.5,14.5,50.3,71,29.2,0.01,43552,0,0
9/30/2009 9:20,331,9.6,10.6,50.9,69,29.2,0.01,43552,0,0
9/30/2009 9:30,329,10.7,13.1,51.8,67,29.2,0.01,43552,0,0
9/30/2009 9:40,351,13.5,15.2,51.9,67,29.2,0.01,43552,0,0
9/30/2009 9:50,333,6.1,8.8,51.4,69,29.2,0.01,43552,0,0
9/30/2009 10:00,314,11.8,15.2,51.6,67,29.2,0.01,43552,0,0
9/30/2009 10:10,348,13.4,14.3,51.9,68,29.2,0.01,43552,0,0
9/30/2009 10:20,332,7.4,8.7,51.8,67,29.2,0.01,43552,0,0
9/30/2009 10:30,331,13.8,15.6,51.9,66,29.2,0.01,43552,0,0
9/30/2009 10:40,320,21,21.7,51.9,66,29.2,0.01,43552,0,0
9/30/2009 10:50,319,10.1,14.5,51.8,68,29.2,0.01,43552,0,0
9/30/2009 11:00,299,16.5,17.7,51.8,64,29.2,0.01,43552,0,0
9/30/2009 11:10,307,19.3,20.8,52.1,67,29.2,0.01,43552,0,0
9/30/2009 11:20,330,12.5,15.3,52.3,70,29.2,0.01,43552,0,0
9/30/2009 11:30,301,21.6,23.6,52.8,68,29.2,0.01,43552,0,0
9/30/2009 11:40,321,20.5,22.6,52.5,70,29.2,0.01,43552,0,0
9/30/2009 11:50,300,19.7,22.3,52.3,71,29.2,0.01,43552,0,0
9/30/2009 12:00,306,18.9,20.8,52.3,71,29.2,0.01,43552,0,0
9/30/2009 12:10,298,25,27.8,52.1,68,29.2,0.01,43552,0,0
9/30/2009 12:20,302,22.9,26.3,52.1,69,29.2,0.01,43552,0,0
9/30/2009 12:30,311,27.6,29.7,52.3,70,29.2,0.01,43552,0,0
9/30/2009 12:40,318,20.8,23.3,52.1,74,29.2,0.01,43552,0,0
9/30/2009 12:50,317,18.9,20.9,52.3,70,29.2,0.01,43552,0,0
9/30/2009 13:00,311,21.7,24.1,52.1,70,29.2,0.01,43572,0,0
9/30/2009 13:10,313,21.7,23.6,52.3,68,29.2,0.01,43612,0,0
9/30/2009 13:20,344,9.8,18.7,52.1,69,29.2,0.01,43612,0,0
9/30/2009 13:30,318,21.1,25.8,52.5,63,29.2,0.01,43612,0,0
9/30/2009 13:40,325,21.7,23.8,52.7,72,29.2,0.01,43612,0,0
9/30/2009 13:50,321,18.7,20.2,52.5,70,29.2,0.01,43612,0,0
9/30/2009 14:00,303,20.7,24.3,52.5,68,29.2,0.01,43612,0,0
9/30/2009 14:10,311,22.2,26.6,52.5,70,29.2,0.01,43612,0,0
9/30/2009 14:20,317,24.5,26.2,52.1,69,29.2,0.01,43612,0,0
9/30/2009 14:30,307,21.2,23.8,52.3,68,29.2,0.01,43612,0,0
9/30/2009 14:40,309,17.7,18.5,52.1,67,29.2,0.01,43612,0,0
9/30/2009 14:50,317,24.9,26,52.1,68,29.2,0.01,43612,0,0
9/30/2009 15:00,321,11.2,16.6,51.9,71,29.2,0.01,43622,0,0
9/30/2009 15:10,341,11.3,12.7,51.9,67,29.2,0.01,43622,0,0
9/30/2009 15:20,317,23.8,27.4,52.5,59,29.2,0.01,43622,0,0
9/30/2009 15:30,309,24.2,27.4,52.5,63,29.2,0.01,43622,0,0
9/30/2009 15:40,309,18.8,20.8,52.5,55,29.2,0.01,43622,0,0
9/30/2009 15:50,312,23.8,27,52.7,63,29.2,0.01,43622,0,0
9/30/2009 16:00,296,27.5,29.9,52.3,62,29.2,0.01,43622,0,0
9/30/2009 16:10,319,17.9,21,52.1,61,29.2,0.01,43622,0,0
9/30/2009 16:20,325,22.6,27.7,52.1,65,29.2,0.01,43622,0,0
9/30/2009 16:30,329,21.3,21.7,51.6,62,29.2,0.01,43622,0,0
9/30/2009 16:40,319,18.4,23.8,51.9,62,29.2,0.01,43622,0,0
9/30/2009 16:50,300,21.4,24.3,51.8,62,29.2,0.01,43622,0,0
9/30/2009 17:00,319,23.3,25.2,52.1,53,29.2,0.01,43622,0,0
9/30/2009 17:10,326,19.7,20.6,51.9,57,29.2,0.01,43622,0,0
9/30/2009 17:20,315,22.2,24.7,52.3,52,29.2,0.01,43622,0,0
9/30/2009 17:30,300,15.4,17.4,52.1,56,29.2,0.01,43622,0,0
9/30/2009 17:40,305,14.7,16.9,51.8,60,29.2,0.01,43622,0,0
9/30/2009 17:50,314,18.1,25.5,51.8,61,29.2,0.01,43622,0,0
9/30/2009 18:00,338,16.2,19.4,51.4,59,29.2,0.01,43622,0,0
9/30/2009 18:10,316,18.2,20.4,51.4,58,29.2,0.01,43622,0,0
9/30/2009 18:20,339,15.2,17,51,61,29.2,0.01,43622,0,0
9/30/2009 18:30,321,19.9,21.2,51,63,29.2,0.01,43622,0,0
9/30/2009 18:40,330,15.2,17.2,50.9,61,29.2,0.01,43622,0,0
9/30/2009 18:50,327,15.5,19.4,51,60,29.2,0.01,43622,0,0
9/30/2009 19:00,339,12.1,13,50.9,63,29.2,0.01,43622,0,0
9/30/2009 19:10,315,10,12.2,50.9,66,29.2,0.01,43622,0,0
9/30/2009 19:20,356,6.4,7.3,50,67,29.2,0.01,43622,0,0
9/30/2009 19:30,310,11.6,13.6,50,63,29.2,0.01,43622,0,0
9/30/2009 19:40,328,13.3,14.4,49.8,65,29.2,0.01,43622,0,0
9/30/2009 19:50,312,12.2,13.6,49.6,65,29.2,0.01,43622,0,0
9/30/2009 20:00,339,14.6,18.5,49.4,66,29.2,0.01,43622,0,0
9/30/2009 20:10,333,18.6,19.8,49.4,63,29.2,0.01,43622,0,0
9/30/2009 20:20,335,14.9,16.8,49.6,63,29.2,0.01,43622,0,0
9/30/2009 20:30,322,14.6,15.9,49.6,62,29.2,0.01,43622,0,0
9/30/2009 20:40,327,13.2,13.8,49.6,63,29.2,0.01,43622,0,0
9/30/2009 20:50,322,17.1,17.8,49.4,60,29.2,0.01,43622,0,0
9/30/2009 21:00,349,10.9,11.9,49.4,62,29.2,0,43622,0,0
9/30/2009 21:10,349,17.6,19.8,49.6,62,29.2,0,43622,0,0
9/30/2009 21:20,331,10.3,12.9,49.2,63,29.2,0,43622,0,0
9/30/2009 21:30,334,8.4,10.1,49.1,64,29.2,0,43622,0,0
9/30/2009 21:40,355,15.3,16.2,49.1,63,29.2,0,43622,0,0
9/30/2009 21:50,347,17.4,18.2,48.9,65,29.2,0,43622,0,0
9/30/2009 22:00,322,12.7,14,48.9,67,29.2,0,43622,0,0
9/30/2009 22:10,342,15.9,18,48.9,63,29.2,0,43622,0,0
9/30/2009 22:20,330,10.1,11,49.1,63,29.2,0,43622,0,0
9/30/2009 22:30,325,14,15.5,49.1,61,29.2,0,43622,0,0
9/30/2009 22:40,329,10.3,11.6,49.2,65,29.2,0,43622,0,0
9/30/2009 22:50,335,13.6,14.5,49.1,64,29.2,0,43622,0,0
9/30/2009 23:00,333,14.7,16.1,49.1,63,29.2,0,43622,0,0
9/30/2009 23:10,335,11.4,12.5,49.1,66,29.2,0,43622,0,0
9/30/2009 23:20,345,12.1,14.8,48.9,66,29.2,0,43622,0,0
9/30/2009 23:30,300,8.8,10.6,48.7,67,29.2,0,43622,0,0
9/30/2009 23:40,323,15.8,18,48.9,66,29.2,0,43622,0,0
9/30/2009 23:50,343,11.7,13.3,48.9,68,29.2,0,43622,0,0
10/1/2009 0:00,323,13.3,16,48.7,68,29.2,0,43622,0,0
10/1/2009 0:10,331,10.4,12.8,48.7,68,29.2,0,43622,0,0
10/1/2009 0:20,352,17.3,19.7,48.7,69,29.2,0,43622,0,0
10/1/2009 0:30,323,9.7,12.2,48.7,68,29.2,0,43622,0,0
10/1/2009 0:40,339,17.3,23.1,48.7,66,29.2,0,43622,0,0
10/1/2009 0:50,320,12.1,16.8,48.5,69,29.2,0,43622,0,0
10/1/2009 1:00,342,14.7,17.5,48.5,67,29.2,0,43622,0,0
10/1/2009 1:10,346,20.5,22,48.3,67,29.2,0,43622,0,0
10/1/2009 1:20,323,14.1,14.8,48.3,67,29.2,0,43622,0,0
10/1/2009 1:30,333,15.5,17.6,48.5,67,29.2,0,43622,0,0
10/1/2009 1:40,334,15.6,16.7,48.3,66,29.2,0,43622,0,0
10/1/2009 1:50,358,8,9.1,48.3,68,29.2,0,43622,0,0
10/1/2009 2:00,339,7.4,8.5,48.3,65,29.2,0,43622,0,0
10/1/2009 2:10,302,6.1,6.9,48.5,66,29.2,0,43622,0,0
10/1/2009 2:20,311,6.4,7.2,48.9,67,29.2,0,43622,0,0
10/1/2009 2:30,0,5.9,7.3,49.1,66,29.2,0,43622,0,0
10/1/2009 2:40,328,10.6,11.6,48.9,66,29.2,0,43622,0,0
10/1/2009 2:50,6,11.5,12.1,48.7,68,29.2,0,43622,0,0
10/1/2009 3:00,318,10.5,12,48.7,69,29.2,0,43622,0,0
10/1/2009 3:10,359,9.8,10.9,48.5,69,29.2,0,43622,0,0
10/1/2009 3:20,357,7.4,8.4,48.5,69,29.2,0,43622,0,0
10/1/2009 3:30,339,9,10,48.3,67,29.2,0,43622,0,0
10/1/2009 3:40,358,4.4,5.7,48.5,66,29.2,0,43622,0,0
10/1/2009 3:50,345,8.3,9.5,48.5,65,29.2,0,43622,0,0
10/1/2009 4:00,336,5,5.9,48.3,68,29.2,0,43622,0,0
10/1/2009 4:10,320,4.9,5.5,48.5,67,29.2,0,43622,0,0
10/1/2009 4:20,327,4.4,4.7,48.9,64,29.2,0,43622,0,0
10/1/2009 4:30,311,4.8,5.5,49.1,62,29.2,0,43622,0,0
10/1/2009 4:40,297,5.3,6,49.2,64,29.2,0,43622,0,0
10/1/2009 4:50,326,6.1,6.8,49.4,60,29.2,0,43622,0,0
10/1/2009 5:00,342,4,4.3,49.6,62,29.2,0,43622,0,0
10/1/2009 5:10,315,7,7.6,50,63,29.2,0,43622,0,0
10/1/2009 5:20,332,9.8,10.8,50.1,60,29.2,0,43622,0,0
10/1/2009 5:30,313,5.4,6.8,50.1,61,29.2,0,43622,0,0
10/1/2009 5:40,28,3.8,5.5,50.1,61,29.2,0,43622,0,0
10/1/2009 5:50,45,1.2,2.3,50.1,62,29.2,0,43622,0,0
10/1/2009 6:00,170,3.9,5.1,49.4,69,29.2,0,43622,0,0
10/1/2009 6:10,207,8,8.4,48.7,72,29.2,0,43622,0,0
10/1/2009 6:20,187,4.7,5.4,48.3,73,29.2,0,43622,0,0
10/1/2009 6:30,117,2.9,4.2,48.5,74,29.2,0,43622,0,0
10/1/2009 6:40,184,7.3,8.6,48.9,73,29.2,0,43622,0,0
10/1/2009 6:50,185,6.8,8.1,49.1,72,29.2,0,43632,0,0
10/1/2009 7:00,105,4.2,5.5,49.2,73,29.2,0,43632,0,0
10/1/2009 7:10,198,3.1,4,49.4,72,29.2,0,43632,0,0
10/1/2009 7:20,160,3.8,4.6,49.8,71,29.2,0,43632,0,0
10/1/2009 7:30,187,4.2,5.8,50.1,69,29.2,0,43632,0,0
10/1/2009 7:40,191,2.2,2.6,50.7,69,29.2,0,43632,0,0
10/1/2009 7:50,212,4,4.7,51.2,66,29.2,0,43632,0,0
10/1/2009 8:00,281,1.1,1.6,51.8,64,29.2,0,43632,0,0
10/1/2009 8:10,134,1.9,2.8,52.1,65,29.2,0,43632,0,0
10/1/2009 8:20,227,8,9.8,51.9,64,29.2,0,43632,0,0
10/1/2009 8:30,231,8.8,10.2,52.5,64,29.2,0,43632,0,0
10/1/2009 8:40,236,8,9,52.7,64,29.2,0,43632,0,0
10/1/2009 8:50,302,8.6,9.4,53,64,29.2,0,43632,0,0
10/1/2009 9:00,279,15.2,17.1,53.2,64,29.2,0,43632,0,0
10/1/2009 9:10,339,4.5,11.5,53.4,65,29.2,0,43632,0,0
10/1/2009 9:20,343,7.8,8.3,52.3,66,29.2,0,43632,0,0
10/1/2009 9:30,324,10,10.9,53.6,64,29.2,0,43632,0,0
10/1/2009 9:40,341,8.6,10,54.1,63,29.2,0,43632,0,0
10/1/2009 9:50,337,8.2,10,54.1,63,29.2,0,43632,0,0
10/1/2009 10:00,328,9.5,11.5,54.3,57,29.2,0,43632,0,0
10/1/2009 10:10,311,7.2,7.9,53.9,61,29.2,0,43632,0,0
10/1/2009 10:20,292,8.3,8.8,53.7,59,29.2,0,43632,0,0
10/1/2009 10:30,327,7.5,8.6,53.6,58,29.2,0,43632,0,0
10/1/2009 10:40,302,8.7,9.2,53.9,58,29.2,0,43632,0,0
10/1/2009 10:50,299,5.1,5.9,54.1,59,29.2,0,43632,0,0
10/1/2009 11:00,289,14.8,15.7,53.7,60,29.2,0,43632,0,0
10/1/2009 11:10,320,7.1,11.5,54.5,57,29.2,0,43632,0,0
10/1/2009 11:20,307,4.8,6.7,54.5,57,29.2,0,43632,0,0
10/1/2009 11:30,270,14.4,16.4,54.3,57,29.2,0,43632,0,0
10/1/2009 11:40,293,13.9,14.8,54.5,57,29.2,0,43632,0,0
10/1/2009 11:50,308,9,9.8,54.3,57,29.2,0,43632,0,0
10/1/2009 12:00,313,9.7,11.2,54.5,56,29.2,0,43632,0,0
10/1/2009 12:10,274,12.6,13.8,54.8,55,29.2,0,43652,0,0
10/1/2009 12:20,314,11,11.9,55,58,29.2,0,43652,0,0
10/1/2009 12:30,301,11.3,12.9,54.8,57,29.2,0,43652,0,0
10/1/2009 12:40,298,10.8,12.2,54.8,59,29.2,0,43652,0,0
10/1/2009 12:50,257,15.2,17.4,54.8,55,29.2,0,43652,0,0
10/1/2009 13:00,260,7.5,9.7,54.5,55,29.2,0,43652,0,0
10/1/2009 13:10,289,12.3,12.9,54.5,56,29.2,0,43652,0,0
10/1/2009 13:20,282,5.6,7.2,54.1,54,29.2,0,43652,0,0
10/1/2009 13:30,301,9.3,11,54.3,58,29.2,0,43652,0,0
10/1/2009 13:40,240,11.7,12.6,54.1,56,29.2,0,43652,0,0
10/1/2009 13:50,295,10,11.1,54.3,56,29.2,0,43652,0,0
10/1/2009 14:00,295,13,13.9,54.3,58,29.2,0,43652,0,0
10/1/2009 14:10,319,14.2,15.7,53.9,58,29.2,0,43652,0,0
10/1/2009 14:20,281,11.7,12.9,54.1,58,29.2,0,43652,0,0
10/1/2009 14:30,298,14.4,17.5,53.9,59,29.2,0,43652,0,0
10/1/2009 14:40,322,8.1,8.5,54.1,58,29.2,0,43652,0,0
10/1/2009 14:50,271,10.8,11.9,53.9,56,29.2,0,43652,0,0
10/1/2009 15:00,296,9.9,10.7,53.7,56,29.2,0,43652,0,0
10/1/2009 15:10,280,8.7,9.4,53.7,55,29.2,0,43652,0,0
10/1/2009 15:20,264,15,16.5,53.7,53,29.2,0,43652,0,0
10/1/2009 15:30,278,8.4,10.1,53.6,55,29.2,0,43652,0,0
10/1/2009 15:40,262,4.5,5.3,53.4,57,29.2,0,43652,0,0
10/1/2009 15:50,263,7.2,7.7,53.6,56,29.2,0,43652,0,0
10/1/2009 16:00,290,6.6,6.9,53.7,53,29.2,0,43652,0,0
10/1/2009 16:10,272,9.5,9.9,53.7,55,29.2,0,43652,0,0
10/1/2009 16:20,307,7.4,8.2,53.9,51,29.2,0,43652,0,0
10/1/2009 16:30,335,4.9,6.2,53.6,52,29.2,0,43652,0,0
10/1/2009 16:40,283,5.6,6.1,53.4,53,29.2,0,43652,0,0
10/1/2009 16:50,140,3.3,4.1,52.5,58,29.2,0,43652,0,0
10/1/2009 17:00,136,4.4,4.7,50.9,63,29.2,0,43652,0,0
10/1/2009 17:10,145,4.7,5.4,50,68,29.2,0,43652,0,0
10/1/2009 17:20,139,5.3,6.1,49.8,68,29.2,0,43652,0,0
10/1/2009 17:30,154,5.5,5.9,48.9,72,29.2,0,43652,0,0
10/1/2009 17:40,159,4,4.7,48.9,72,29.2,0,43652,0,0
10/1/2009 17:50,140,5.9,6.4,48.2,75,29.2,0,43652,0,0
10/1/2009 18:00,144,7.4,7.8,47.8,76,29.2,0,43652,0,0
10/1/2009 18:10,138,6,7.3,47.4,77,29.2,0,43652,0,0
10/1/2009 18:20,150,7.9,8.5,47.8,75,29.2,0,43652,0,0
10/1/2009 18:30,141,6,8.3,48.5,71,29.2,0,43652,0,0
10/1/2009 18:40,153,8.2,8.7,48,74,29.2,0,43652,0,0
10/1/2009 18:50,143,7.8,9.1,47.3,76,29.2,0,43652,0,0
10/1/2009 19:00,142,9.8,10.6,47.1,76,29.1,0,43652,0,0
10/1/2009 19:10,141,8.9,9.7,46.9,76,29.1,0,43652,0,0
10/1/2009 19:20,134,9.3,10.2,46.9,74,29.1,0,43652,0,0
10/1/2009 19:30,136,9.2,9.9,46.7,74,29.1,0,43652,0,0
10/1/2009 19:40,141,7.4,8.4,46.5,75,29.1,0,43652,0,0
10/1/2009 19:50,133,8.5,9.4,46.5,75,29.1,0,43652,0,0
10/1/2009 20:00,129,6.5,8.2,46.4,76,29.1,0,43652,0,0
10/1/2009 20:10,144,8.6,9.5,46.4,75,29.1,0,43652,0,0
10/1/2009 20:20,144,8.5,9.4,46.5,75,29.1,0,43652,0,0
10/1/2009 20:30,146,8,8.7,46.4,75,29.1,0,43652,0,0
10/1/2009 20:40,151,9.7,10.2,46.2,75,29.1,0,43652,0,0
10/1/2009 20:50,143,9.8,10.4,46,76,29.1,0,43652,0,0
10/1/2009 21:00,145,9.8,10.7,46,76,29.1,0,43652,0,0
10/1/2009 21:10,146,8.3,9.4,46,76,29.1,0,43652,0,0
10/1/2009 21:20,134,8.9,9.3,46,76,29.1,0,43652,0,0
10/1/2009 21:30,140,7.9,8.5,46,75,29.1,0,43652,0,0
10/1/2009 21:40,138,8,8.7,46.2,75,29.1,0,43652,0,0
10/1/2009 21:50,136,7.5,8.5,46.4,75,29.1,0,43652,0,0
10/1/2009 22:00,143,9.1,9.6,46.5,74,29.1,0,43652,0,0
10/1/2009 22:10,161,10.4,11,46.5,74,29.1,0,43652,0,0
10/1/2009 22:20,148,9,10.1,46.5,75,29.1,0,43652,0,0
10/1/2009 22:30,149,8.2,8.8,46.5,74,29.1,0,43652,0,0
10/1/2009 22:40,150,5.1,7.4,46.4,74,29.1,0,43652,0,0
10/1/2009 22:50,133,5.8,7.1,46.5,73,29.1,0,43652,0,0
10/1/2009 23:00,135,9.1,9.6,46.7,72,29.1,0,43652,0,0
10/1/2009 23:10,168,5.1,6.7,47.1,70,29.1,0,43652,0,0
10/1/2009 23:20,137,7.7,8.5,47.3,70,29.1,0,43652,0,0
10/1/2009 23:30,137,9.4,9.8,47.3,69,29.1,0,43652,0,0
10/1/2009 23:40,137,8,9.3,47.4,68,29.1,0,43652,0,0
10/1/2009 23:50,133,9.2,9.9,47.6,67,29.1,0,43652,0,0
10/2/2009 0:00,114,7.4,8.3,48.2,66,29.1,0,43652,0,0
10/2/2009 0:10,85,3.3,4.4,48.5,68,29.1,0,43652,0,0
10/2/2009 0:20,144,6.9,7.8,48.7,69,29.1,0,43652,0,0
10/2/2009 0:30,134,5.9,6.5,48.7,70,29.1,0,43652,0,0
10/2/2009 0:40,134,9.8,10.1,48.7,70,29.1,0,43652,0,0
10/2/2009 0:50,122,6.4,7,48.5,71,29.1,0,43652,0,0
10/2/2009 1:00,134,10.8,11.8,48.5,71,29.1,0,43652,0,0
10/2/2009 1:10,145,9.9,10.5,48.9,70,29.1,0,43652,0,0
10/2/2009 1:20,125,7.4,8.4,49.1,69,29.1,0,43652,0,0
10/2/2009 1:30,133,10.4,11.7,49.1,68,29,0,43652,0,0
10/2/2009 1:40,157,6.8,7.5,49.4,67,29.1,0,43652,0,0
10/2/2009 1:50,138,7.6,8.7,49.4,67,29.1,0,43652,0,0
10/2/2009 2:00,142,9.6,10.8,49.8,66,29.1,0,43652,0,0
10/2/2009 2:10,145,6.1,6.9,49.4,67,29.1,0,43652,0,0
10/2/2009 2:20,119,8.2,8.8,48.9,68,29.1,0,43652,0,0
10/2/2009 2:30,139,7.1,8.6,48.7,69,29.1,0,43652,0,0
10/2/2009 2:40,128,11.1,11.9,48.9,68,29,0,43652,0,0
10/2/2009 2:50,141,11.4,12.6,49.1,67,29.1,0,43652,0,0
10/2/2009 3:00,155,15.4,16.5,49.1,67,29.1,0,43772,0,0
10/2/2009 3:10,155,7.6,11.3,48.3,72,29.1,0.01,44322,0.08,0.08
10/2/2009 3:20,145,7.2,9.6,47.6,75,29.1,0.02,44922,0.08,0.08
10/2/2009 3:30,165,8.4,9.7,47.3,78,29.1,0.04,45522,0.08,0.08
10/2/2009 3:40,158,11.9,12.6,46.9,79,29.1,0.05,46122,0.07,0.07
10/2/2009 3:50,142,12.6,13.9,46.5,81,29.1,0.06,46722,0.04,0.04
10/2/2009 4:00,99,5.7,7.2,46.2,84,29,0.07,47322,0.05,0.05
10/2/2009 4:10,127,8.5,9.4,46,85,29,0.07,47832,0,0
10/2/2009 4:20,142,4.7,5.9,46.2,84,29,0.07,47842,0,0
10/2/2009 4:30,150,11.6,14,46.7,81,29,0.07,48192,0.01,0.01
10/2/2009 4:40,130,11.2,13.2,46.5,84,29,0.07,48572,0,0
10/2/2009 4:50,145,8.9,10.7,46.4,83,29,0.07,48622,0,0
10/2/2009 5:00,166,4.6,6.1,46.2,83,29,0.08,49052,0.02,0.02
10/2/2009 5:10,156,8.2,10.1,46.4,83,29,0.08,49602,0.07,0.07
10/2/2009 5:20,150,14,16.7,46.4,85,29,0.09,50192,0.08,0.08
10/2/2009 5:30,114,12.2,14.5,46.4,86,29,0.11,50792,0.1,0.1
10/2/2009 5:40,129,13.9,14.9,46.2,87,29,0.15,51392,0.14,0.14
10/2/2009 5:50,108,8,10.1,46,88,29,0.16,51992,0.04,0.04
10/2/2009 6:00,101,3.9,5.3,45.8,90,29,0.18,52592,0.08,0.08
10/2/2009 6:10,108,10.1,10.9,45.8,90,29,0.2,53182,0.02,0.02
10/2/2009 6:20,88,9.2,11.2,46,89,29,0.2,53762,0.03,0.03
10/2/2009 6:30,62,4.2,4.8,46,90,29,0.21,54362,0.04,0.04
10/2/2009 6:40,98,10.1,11.2,46.2,89,28.9,0.22,54962,0.06,0.06
10/2/2009 6:50,111,11.5,12.7,46.4,89,28.9,0.24,55562,0.16,0.16
10/2/2009 7:00,117,6.7,7.2,46.4,89,28.9,0.26,56162,0.09,0.09
10/2/2009 7:10,105,11.9,12.9,46.5,88,28.9,0.28,56762,0.11,0.11
10/2/2009 7:20,121,21.3,22.8,46.9,87,28.9,0.31,57362,0.2,0.2
10/2/2009 7:30,120,9.7,15.7,46.9,87,28.9,0.32,57962,0.04,0.04
10/2/2009 7:40,100,15.2,17.4,47.1,87,28.9,0.33,58562,0.04,0.04
10/2/2009 7:50,111,13.1,13.6,47.6,86,28.9,0.34,59152,0.05,0.05
10/2/2009 8:00,125,25.2,26.8,47.4,86,28.9,0.36,59742,0.17,0.17
10/2/2009 8:10,117,22.8,24.8,47.6,87,28.8,0.37,60272,0.04,0.04
10/2/2009 8:20,175,21.2,26.5,48.2,86,28.8,0.38,60822,0.1,0.1
10/2/2009 8:30,155,9.6,16.6,48.2,86,28.8,0.41,61412,0.4,0.4
10/2/2009 8:40,146,21.3,23.7,48.2,86,28.8,0.44,62012,0.07,0.07
10/2/2009 8:50,148,18.1,19.7,48.3,87,28.8,0.47,62612,0.24,0.24
10/2/2009 9:00,241,15,19.2,48.5,88,28.8,0.5,63212,0.47,0.47
10/2/2009 9:10,154,16.8,21.6,48.9,88,28.8,0.53,63812,0.24,0.24
10/2/2009 9:20,198,14.3,18.7,48.9,90,28.8,0.58,64412,0.28,0.28
10/2/2009 9:30,116,13.1,15.4,48.9,91,28.8,0.63,65012,0.25,0.25
10/2/2009 9:40,146,15.1,17.5,49.4,91,28.8,0.67,56,0.05,0.05
10/2/2009 9:50,167,14.5,17.5,50,90,28.8,0.67,526,0.01,0.01
10/2/2009 10:00,154,12.5,13.9,50.5,88,28.8,0.67,686,0,0
10/2/2009 10:10,127,21.4,24.5,51,86,28.8,0.67,696,0,0
10/2/2009 10:20,159,19.9,21.9,51.4,86,28.8,0.67,736,0,0
10/2/2009 10:30,172,20.4,25,51.4,88,28.8,0.68,1246,0,0
10/2/2009 10:40,153,18.7,19.7,51.6,89,28.8,0.7,1836,0.04,0.04
10/2/2009 10:50,154,15.7,18.7,51.4,91,28.8,0.71,2386,0,0
10/2/2009 11:00,157,18.8,24.2,51.6,92,28.8,0.72,2856,0.09,0.09
10/2/2009 11:10,147,20,22.8,51.8,93,28.8,0.77,3456,0.23,0.23
10/2/2009 11:20,164,23,26.5,52.1,92,28.8,0.8,4056,0.09,0.09
10/2/2009 11:30,145,15.9,18.3,52.7,92,28.8,0.81,4316,0,0
10/2/2009 11:40,177,12.5,16.4,53,92,28.8,0.82,4836,0,0
10/2/2009 11:50,166,21.1,24.2,53.6,90,28.8,0.82,4836,0,0
10/2/2009 12:00,37,14.9,17,54.1,89,28.8,0.82,4836,0,0
10/2/2009 12:10,168,10.6,15.4,54.5,88,28.8,0.82,4836,0,0
10/2/2009 12:20,108,6,8.1,54.8,87,28.8,0.82,4836,0,0
10/2/2009 12:30,177,13.3,16.5,55,86,28.8,0.82,4836,0,0
10/2/2009 12:40,175,15.5,18.8,55.4,85,28.8,0.82,4836,0,0
10/2/2009 12:50,161,15.4,17.8,55,87,28.8,0.82,5026,0,0
10/2/2009 13:00,142,13.5,16,54.8,88,28.8,0.82,5026,0,0
10/2/2009 13:10,199,8.8,16,55,88,28.8,0.82,5026,0,0
10/2/2009 13:20,161,9.9,12.3,55.4,88,28.8,0.82,5026,0,0
10/2/2009 13:30,179,4.7,6.7,55.7,88,28.8,0.82,5026,0,0
10/2/2009 13:40,173,9.1,11.4,56.1,87,28.8,0.82,5026,0,0
10/2/2009 13:50,153,12,15.6,56.6,87,28.8,0.82,5026,0,0
10/2/2009 14:00,166,12.3,16,57,86,28.8,0.82,5026,0,0
10/2/2009 14:10,193,12.4,13.3,57.2,86,28.8,0.82,5026,0,0
10/2/2009 14:20,215,11.7,13.7,57.2,87,28.8,0.82,5026,0,0
10/2/2009 14:30,202,8.1,9.1,57.7,87,28.8,0.82,5026,0,0
10/2/2009 14:40,197,12.1,13,58.2,85,28.8,0.82,5026,0,0
10/2/2009 14:50,168,19.7,20.6,58.2,86,28.8,0.82,5026,0,0
10/2/2009 15:00,177,19.2,20.4,58.4,85,28.8,0.82,5026,0,0
10/2/2009 15:10,177,6.9,14.2,58.4,86,28.8,0.82,5026,0,0
10/2/2009 15:20,177,13.6,15.6,58.4,86,28.8,0.82,5026,0,0
10/2/2009 15:30,149,4.7,7.6,58.2,86,28.8,0.82,5026,0,0
10/2/2009 15:40,164,10.1,10.9,58.1,87,28.8,0.82,5026,0,0
10/2/2009 15:50,184,14.2,15.2,57.7,87,28.8,0.82,5026,0,0
10/2/2009 16:00,175,10.6,12.1,57.7,87,28.8,0.82,5026,0,0
10/2/2009 16:10,182,10.6,12,57.7,88,28.8,0.82,5026,0,0
10/2/2009 16:20,181,13.5,15.9,57.7,88,28.8,0.82,5026,0,0
10/2/2009 16:30,171,16.1,16.8,57.7,87,28.8,0.82,5026,0,0
10/2/2009 16:40,202,9,10.9,57.9,86,28.8,0.82,5026,0,0
10/2/2009 16:50,198,8.4,14.2,58.1,85,28.8,0.82,5026,0,0
10/2/2009 17:00,165,9.6,10.8,57.9,86,28.8,0.82,5026,0,0
10/2/2009 17:10,181,12.2,14.1,57.9,86,28.8,0.82,5026,0,0
10/2/2009 17:20,157,7.3,9.6,57.9,86,28.8,0.82,5026,0,0
10/2/2009 17:30,185,10.6,12.8,57.9,86,28.8,0.82,5026,0,0
10/2/2009 17:40,195,10.9,11.8,57.9,86,28.8,0.82,5026,0,0
10/2/2009 17:50,161,6.3,7.8,58.1,86,28.8,0.82,5026,0,0
10/2/2009 18:00,181,9.6,10,58.1,86,28.8,0.82,5026,0,0
10/2/2009 18:10,184,6.8,8.2,58.1,86,28.9,0.82,5026,0,0
10/2/2009 18:20,281,12.9,15.3,58.1,86,28.9,0.82,5026,0,0
10/2/2009 18:30,259,10.4,11.4,57.5,84,28.9,0.88,5486,0.3,0.3
10/2/2009 18:40,198,14.1,16.6,56.4,81,28.9,0.93,6086,0.17,0.17
10/2/2009 18:50,196,10.4,11.2,55.9,83,28.9,0.94,6286,0,0
10/2/2009 19:00,214,6.6,7.3,56.1,85,28.9,0.94,6286,0,0
10/2/2009 19:10,200,4.1,5.2,56.1,84,28.9,0.94,6286,0,0
10/2/2009 19:20,209,9.7,10.3,55.9,84,28.9,0.94,6286,0,0
10/2/2009 19:30,216,9.9,11.3,55.7,85,28.9,0.94,6286,0,0
10/2/2009 19:40,210,9.9,11,55.5,86,28.9,0.94,6286,0,0
10/2/2009 19:50,210,9.6,10.2,55.4,87,28.9,0.94,6286,0,0
10/2/2009 20:00,194,8.9,9.4,55.2,87,28.9,0.94,6286,0,0
10/2/2009 20:10,206,8.2,8.8,55.2,88,28.9,0.94,6286,0,0
10/2/2009 20:20,213,7.7,8.3,55,88,28.9,0.94,6286,0,0
10/2/2009 20:30,199,7.4,8.2,54.8,89,28.9,0.94,6286,0,0
10/2/2009 20:40,182,7.8,8.3,54.8,88,28.9,0.94,6286,0,0
10/2/2009 20:50,88,2.8,3.8,54.8,88,28.9,0.94,6286,0,0
10/2/2009 21:00,187,7.6,8.4,54.6,88,28.9,0,6286,0,0
10/2/2009 21:10,173,9.7,10.2,54.6,87,28.9,0,6286,0,0
10/2/2009 21:20,191,7.4,8.6,55,85,28.9,0,6286,0,0
10/2/2009 21:30,170,6.2,8.2,55,86,28.9,0,6286,0,0
10/2/2009 21:40,151,4.4,5.9,54.6,86,28.9,0,6286,0,0
10/2/2009 21:50,194,9.2,10.2,54.5,85,28.9,0,6286,0,0
10/2/2009 22:00,197,10.8,11.7,54.3,81,28.9,0,6286,0,0
10/2/2009 22:10,187,9.4,10,54.1,81,28.9,0,6286,0,0
10/2/2009 22:20,181,10.6,11.5,53.6,82,28.9,0,6286,0,0
10/2/2009 22:30,163,10.2,11.1,53.4,82,28.9,0,6286,0,0
10/2/2009 22:40,169,7.4,9,53.2,82,28.9,0,6286,0,0
10/2/2009 22:50,172,12.4,13.2,53.2,80,28.9,0,6286,0,0
10/2/2009 23:00,184,8.8,10.8,53,82,28.9,0,6286,0,0
10/2/2009 23:10,164,9.3,10.2,53.2,81,28.9,0,6286,0,0
10/2/2009 23:20,161,7.6,9.4,53.2,80,28.9,0,6286,0,0
10/2/2009 23:30,156,10.6,11.4,53,80,28.9,0,6286,0,0
10/2/2009 23:40,155,7.4,8.4,52.8,79,28.9,0,6286,0,0
10/2/2009 23:50,158,10.8,11.9,52.7,79,28.9,0,6286,0,0
10/3/2009 0:00,158,9.9,10.4,52.5,80,28.9,0,6286,0,0
10/3/2009 0:10,154,11.3,12.4,52.3,82,28.9,0,6286,0,0
10/3/2009 0:20,161,12.2,14.5,51.9,83,28.9,0,6286,0,0
10/3/2009 0:30,161,7.8,10,51.9,82,28.9,0,6286,0,0
10/3/2009 0:40,160,7.5,8.1,51.9,83,28.9,0,6286,0,0
10/3/2009 0:50,160,15.1,16.1,51.9,82,28.9,0,6286,0,0
10/3/2009 1:00,159,9.1,13.1,51.9,82,28.9,0,6286,0,0
10/3/2009 1:10,163,11,13.9,52.1,81,28.9,0,6286,0,0
10/3/2009 1:20,158,15,18.9,52.3,81,28.9,0,6286,0,0
10/3/2009 1:30,153,17.3,18.9,52.5,79,28.9,0,6286,0,0
10/3/2009 1:40,150,16.4,18,52.7,78,28.9,0,6286,0,0
10/3/2009 1:50,158,16.3,18,52.3,79,28.9,0,6286,0,0
10/3/2009 2:00,142,14,15.4,52.1,80,28.9,0,6286,0,0
10/3/2009 2:10,105,4.8,6.5,52.3,80,28.9,0,6286,0,0
10/3/2009 2:20,158,9.7,10.6,52.7,80,28.9,0,6286,0,0
10/3/2009 2:30,150,11.1,11.9,53,79,28.9,0,6286,0,0
10/3/2009 2:40,333,4,5.2,53.4,77,28.9,0,6286,0,0
10/3/2009 2:50,155,15,16.8,53.4,76,28.9,0,6286,0,0
10/3/2009 3:00,138,6.4,8.6,53.4,76,28.9,0,6286,0,0
10/3/2009 3:10,158,5.5,7.9,53.4,76,28.9,0,6286,0,0
10/3/2009 3:20,159,17.4,19.4,53.4,76,28.9,0,6286,0,0
10/3/2009 3:30,160,16.4,18,53.4,75,28.9,0,6286,0,0
10/3/2009 3:40,161,22.7,24.3,53.4,76,28.9,0,6286,0,0
10/3/2009 3:50,127,9.7,18.4,53,77,28.9,0,6286,0,0
10/3/2009 4:00,160,15,15.9,53,77,28.9,0,6286,0,0
10/3/2009 4:10,151,9.3,10.6,53.2,76,28.9,0,6286,0,0
10/3/2009 4:20,171,13.5,15.3,53.6,74,28.9,0,6286,0,0
10/3/2009 4:30,137,11.4,15.4,54.1,72,28.9,0,6286,0,0
10/3/2009 4:40,144,14.5,17.3,55,69,28.9,0,6286,0,0
10/3/2009 4:50,180,15.8,18,55.4,69,28.9,0,6286,0,0
10/3/2009 5:00,150,21.6,23,55.4,68,28.9,0,6286,0,0
10/3/2009 5:10,145,14.6,16.3,55.7,69,28.9,0,6286,0,0
10/3/2009 5:20,138,8.2,12.5,55.7,69,28.9,0,6286,0,0
10/3/2009 5:30,153,19.6,21,56.1,67,28.9,0,6286,0,0
10/3/2009 5:40,154,13.3,17.8,57.3,65,28.9,0,6286,0,0
10/3/2009 5:50,148,13.4,15.7,57.5,66,28.9,0,6286,0,0
10/3/2009 6:00,172,14.1,16.1,57.2,66,28.9,0,6286,0,0
10/3/2009 6:10,163,5.4,8.9,57.2,66,28.9,0,6316,0,0
10/3/2009 6:20,152,8.5,15.5,57.2,66,28.9,0,6316,0,0
10/3/2009 6:30,161,14,16,57.9,65,28.9,0,6316,0,0
10/3/2009 6:40,154,16.7,19.2,58.4,64,28.9,0,6316,0,0
10/3/2009 6:50,143,10.6,13.8,59.3,63,28.9,0,6316,0,0
10/3/2009 7:00,196,12.1,17.5,59,63,28.9,0,6316,0,0
10/3/2009 7:10,187,22,23.3,59.1,62,28.9,0,6316,0,0
10/3/2009 7:20,185,19.9,22.8,59.3,61,28.9,0,6316,0,0
10/3/2009 7:30,171,18.8,21.6,60.2,60,28.9,0,6316,0,0
10/3/2009 7:40,202,9.2,11.7,60.4,60,28.9,0,6316,0,0
10/3/2009 7:50,211,8,11.5,61.1,59,28.9,0,6316,0,0
10/3/2009 8:00,197,17.2,18.3,61.3,60,28.9,0,6316,0,0
10/3/2009 8:10,200,20.8,22.5,61.5,56,28.9,0,6316,0,0
10/3/2009 8:20,195,19.1,19.9,61.1,56,28.9,0,6316,0,0
10/3/2009 8:30,178,14,15.9,60.9,57,28.9,0,6316,0,0
10/3/2009 8:40,174,11.6,12.3,60.8,57,28.9,0,6316,0,0
10/3/2009 8:50,164,15.3,16,60.8,58,28.9,0,6316,0,0
10/3/2009 9:00,186,10.2,11.9,60.8,58,28.9,0,6316,0,0
10/3/2009 9:10,136,9.4,10.6,60.8,57,28.9,0,6316,0,0
10/3/2009 9:20,185,11.8,13.6,61.1,55,28.9,0,6316,0,0
10/3/2009 9:30,196,11.6,12.5,61.3,53,28.9,0,6316,0,0
10/3/2009 9:40,137,4,7,61.7,53,28.9,0,6326,0,0
10/3/2009 9:50,207,5.9,8.2,61.5,51,28.9,0,6326,0,0
10/3/2009 10:00,128,9.9,12.3,61.3,51,28.9,0,6326,0,0
10/3/2009 10:10,191,13,14.1,61.1,51,28.9,0,6326,0,0
10/3/2009 10:20,164,6.6,7.6,61.3,53,28.9,0,6326,0,0
10/3/2009 10:30,135,6.4,8.3,61.3,53,28.9,0,6326,0,0
10/3/2009 10:40,172,7.3,9.1,61.7,53,28.9,0,6326,0,0
10/3/2009 10:50,197,3.8,6.4,61.8,53,28.9,0,6326,0,0
10/3/2009 11:00,200,10.1,12.8,61.8,52,28.9,0,6346,0,0
10/3/2009 11:10,209,7.4,9.2,62,53,28.9,0,6346,0,0
10/3/2009 11:20,215,7.1,7.8,62.2,54,28.9,0,6346,0,0
10/3/2009 11:30,185,16.5,17.9,62.6,50,28.9,0,6346,0,0
10/3/2009 11:40,195,13.3,14.7,62.9,50,28.9,0,6346,0,0
10/3/2009 11:50,196,9.5,10.5,63.3,50,28.9,0,6346,0,0
10/3/2009 12:00,215,14.1,16.5,63.3,50,28.9,0,6346,0,0
10/3/2009 12:10,185,12.7,15.3,63.1,48,28.9,0,6346,0,0
10/3/2009 12:20,219,15.6,16.7,62.9,49,28.9,0,6346,0,0
10/3/2009 12:30,211,10,11.2,62.6,50,28.9,0,6346,0,0
10/3/2009 12:40,217,11.8,13.3,62.2,52,28.9,0,6496,0,0
10/3/2009 12:50,223,14.7,18.8,61.7,53,28.9,0.01,6766,0.02,0.02
10/3/2009 13:00,189,13.3,14.7,60.9,51,28.9,0.01,6906,0,0
10/3/2009 13:10,191,10,13.3,61.1,50,28.9,0.01,7006,0,0
10/3/2009 13:20,208,17.5,19.2,60.9,49,28.9,0.01,7006,0,0
10/3/2009 13:30,209,13.4,14.3,60.9,48,28.9,0.01,7006,0,0
10/3/2009 13:40,210,5.8,7.7,60.9,49,28.9,0.01,7006,0,0
10/3/2009 13:50,216,11.5,12.7,60.9,50,29,0.01,7006,0,0
10/3/2009 14:00,247,11.2,12.6,60.8,51,29,0.01,7006,0,0
10/3/2009 14:10,181,7.6,9,60.6,51,29,0.01,7006,0,0
10/3/2009 14:20,224,8.1,9.7,60.2,52,29,0.01,7006,0,0
10/3/2009 14:30,240,13,14.2,60,52,29,0.01,7006,0,0
10/3/2009 14:40,215,13.9,14.4,59.9,53,29,0.01,7006,0,0
10/3/2009 14:50,221,4.3,8.7,59.7,55,29,0.01,7006,0,0
10/3/2009 15:00,222,12.5,15.7,59.5,55,29,0.01,7006,0,0
10/3/2009 15:10,217,6.6,7.6,59.5,56,29,0.01,7006,0,0
10/3/2009 15:20,219,12.7,13.5,59.3,55,29,0.01,7006,0,0
10/3/2009 15:30,225,6.9,7.9,59,57,29,0.01,7006,0,0
10/3/2009 15:40,242,7.8,8.6,58.8,58,29,0.01,7006,0,0
10/3/2009 15:50,224,6.7,7.6,58.4,59,29,0.01,7006,0,0
10/3/2009 16:00,219,7.6,10.6,58.2,62,29,0.01,7006,0,0
10/3/2009 16:10,246,9,11.1,57.9,66,29,0.01,7006,0,0
10/3/2009 16:20,220,8.7,9.6,57.5,66,29,0.01,7006,0,0
10/3/2009 16:30,209,7.1,8.1,57.2,65,29,0.01,7006,0,0
10/3/2009 16:40,201,7.6,8,56.6,66,29,0.01,7006,0,0
10/3/2009 16:50,213,7.3,8.1,56.3,67,29,0.01,7006,0,0
10/3/2009 17:00,210,6.8,7.4,55.9,69,29,0.01,7006,0,0
10/3/2009 17:10,199,6.7,7.1,55.7,70,29,0.01,7006,0,0
10/3/2009 17:20,180,7.2,7.7,55.4,71,29,0.01,7006,0,0
10/3/2009 17:30,177,8,9.1,55.2,72,29,0.01,7006,0,0
10/3/2009 17:40,181,6.8,7.4,55,72,29,0.01,7006,0,0
10/3/2009 17:50,183,5.9,6.4,55,73,29,0.01,7006,0,0
10/3/2009 18:00,186,6.3,6.8,55,74,29,0.01,7006,0,0
10/3/2009 18:10,181,7.9,9.5,54.6,74,29,0.01,7006,0,0
10/3/2009 18:20,180,9.3,10.1,54.6,75,29,0.01,7006,0,0
10/3/2009 18:30,179,8.5,9,54.5,75,29,0.01,7006,0,0
10/3/2009 18:40,195,8.9,9.4,54.5,75,29,0.01,7006,0,0
10/3/2009 18:50,191,8.1,9,54.3,76,29,0.01,7006,0,0
10/3/2009 19:00,184,6.3,7.4,54.3,76,29,0.01,7006,0,0
10/3/2009 19:10,182,7,7.7,54.1,77,29,0.01,7006,0,0
10/3/2009 19:20,199,9.3,10.3,54.1,77,29,0.01,7006,0,0
10/3/2009 19:30,174,9.3,9.7,53.9,78,29,0.01,7006,0,0
10/3/2009 19:40,184,9.5,10.1,53.7,77,29,0.01,7006,0,0
10/3/2009 19:50,178,7.4,8.3,53.6,78,29,0.01,7006,0,0
10/3/2009 20:00,181,12,12.9,53.7,77,29,0.01,7006,0,0
10/3/2009 20:10,152,5.5,7.9,53.4,78,29,0.01,7006,0,0
10/3/2009 20:20,180,8.3,8.7,53.4,77,29,0.01,7006,0,0
10/3/2009 20:30,188,7.7,8.5,53.4,77,29,0.01,7006,0,0
10/3/2009 20:40,198,6.5,7.2,53.6,76,29,0.01,7006,0,0
10/3/2009 20:50,196,7.2,8.2,53.7,75,29,0.01,7006,0,0
10/3/2009 21:00,186,10.2,10.5,53.9,74,29,0,7006,0,0
10/3/2009 21:10,183,7.8,9.1,54.1,74,29,0,7006,0,0
10/3/2009 21:20,184,5,7.1,54.3,72,29,0,7006,0,0
10/3/2009 21:30,185,11.2,12.1,54.3,71,29,0,7006,0,0
10/3/2009 21:40,173,7.5,9.3,54.1,73,29,0,7006,0,0
10/3/2009 21:50,197,11,11.3,54.1,72,29,0,7006,0,0
10/3/2009 22:00,190,9.3,10.5,54.1,73,29,0,7006,0,0
10/3/2009 22:10,186,8.8,9.3,53.9,72,29,0,7006,0,0
10/3/2009 22:20,210,7.3,8.6,54.1,72,29,0,7006,0,0
10/3/2009 22:30,203,5.5,8.7,54.3,72,29,0,7006,0,0
10/3/2009 22:40,209,12.2,12.8,54.3,72,29,0,7006,0,0
10/3/2009 22:50,199,9.9,11.5,54.3,72,29,0,7006,0,0
10/3/2009 23:00,198,12.3,13.7,54.1,72,29,0,7006,0,0
10/3/2009 23:10,197,6.7,10.7,54.1,73,29,0,7006,0,0
10/3/2009 23:20,191,12.1,14.2,54.1,73,29,0,7006,0,0
10/3/2009 23:30,186,10.9,12.7,54.1,73,29,0,7006,0,0
10/3/2009 23:40,199,10.4,11.5,54.1,73,29,0,7006,0,0
10/3/2009 23:50,211,9.5,11.2,54.1,73,29,0,7006,0,0
10/4/2009 0:00,203,12.5,14.1,54.1,72,29,0,7006,0,0
10/4/2009 0:10,175,12.1,12.6,54.1,73,29,0,7006,0,0
10/4/2009 0:20,194,10.5,12.6,53.9,73,29,0,7006,0,0
10/4/2009 0:30,198,12.1,13.5,53.9,73,29,0,7006,0,0
10/4/2009 0:40,208,10,10.9,54.1,73,29,0,7006,0,0
10/4/2009 0:50,194,7.7,9.4,53.9,73,29,0,7006,0,0
10/4/2009 1:00,188,4.2,5,53.9,73,29,0,7006,0,0
10/4/2009 1:10,214,8.6,9.4,53.9,74,29,0,7006,0,0
10/4/2009 1:20,207,12.4,13.3,53.7,74,29,0,7006,0,0
10/4/2009 1:30,219,4.3,7,53.6,74,29,0,7006,0,0
10/4/2009 1:40,200,10.1,11.1,53.4,75,29,0,7006,0,0
10/4/2009 1:50,188,5.1,6.7,53.2,75,29,0,7006,0,0
10/4/2009 2:00,222,7.6,9.9,53,76,29,0,7006,0,0
10/4/2009 2:10,206,14.4,15.5,53,76,29,0,7006,0,0
10/4/2009 2:20,228,12.8,13.3,52.7,77,29,0,7006,0,0
10/4/2009 2:30,207,9.5,10.9,52.5,77,29.1,0,7006,0,0
10/4/2009 2:40,212,7.1,8.6,52.5,78,29.1,0,7006,0,0
10/4/2009 2:50,221,5.5,6.3,52.3,79,29.1,0,7006,0,0
10/4/2009 3:00,188,12,13.1,52.1,79,29.1,0,7006,0,0
10/4/2009 3:10,201,8.7,9.8,51.9,80,29.1,0,7006,0,0
10/4/2009 3:20,178,8.1,9.9,51.9,80,29.1,0,7006,0,0
10/4/2009 3:30,224,7.3,8.2,51.8,79,29.1,0,7006,0,0
10/4/2009 3:40,202,14.2,15.8,51.8,79,29.1,0,7006,0,0
10/4/2009 3:50,209,11.1,12.2,51.6,79,29.1,0,7006,0,0
10/4/2009 4:00,206,8.1,8.4,51.4,80,29.1,0.01,7146,0,0
10/4/2009 4:10,197,7.2,7.8,51.2,80,29.1,0.01,7146,0,0
10/4/2009 4:20,205,7.4,8.1,51,80,29.1,0.01,7146,0,0
10/4/2009 4:30,192,8.3,9.8,51.2,79,29.1,0.01,7146,0,0
10/4/2009 4:40,209,11.3,12.8,51.4,79,29.1,0.01,7146,0,0
10/4/2009 4:50,193,10.3,12.1,51.6,79,29.1,0.01,7146,0,0
10/4/2009 5:00,208,15.5,15.9,51.8,78,29.1,0.01,7146,0,0
10/4/2009 5:10,208,7.6,8.4,51.9,78,29.1,0.01,7146,0,0
10/4/2009 5:20,205,11.9,14.8,52.5,77,29.1,0.01,7146,0,0
10/4/2009 5:30,212,11.4,12,52.5,77,29.1,0.01,7146,0,0
10/4/2009 5:40,194,9.1,10.5,52.5,77,29.1,0.01,7146,0,0
10/4/2009 5:50,215,12.1,13.2,52.5,77,29.1,0.01,7146,0,0
10/4/2009 6:00,205,15.5,18.5,52.5,77,29.1,0.01,7146,0,0
10/4/2009 6:10,203,18.1,18.9,52.7,76,29.1,0.01,7146,0,0
10/4/2009 6:20,212,16.9,18,52.8,76,29.1,0.01,7146,0,0
10/4/2009 6:30,186,7,12.4,52.8,75,29.1,0.01,7146,0,0
10/4/2009 6:40,246,4.7,6.2,53.2,74,29.1,0.01,7146,0,0
10/4/2009 6:50,215,9.7,12,53.4,74,29.1,0.01,7146,0,0
10/4/2009 7:00,198,8.1,9.1,53.4,74,29.1,0.01,7146,0,0
10/4/2009 7:10,211,6.8,7.7,53.4,74,29.1,0.01,7146,0,0
10/4/2009 7:20,213,10.2,11.4,53.4,73,29.1,0.01,7146,0,0
10/4/2009 7:30,220,5,5.6,53.6,74,29.1,0.01,7146,0,0
10/4/2009 7:40,199,14.5,15.7,53.6,74,29.1,0.01,7146,0,0
10/4/2009 7:50,218,11.4,12.4,53.9,74,29.1,0.01,7146,0,0
10/4/2009 8:00,208,5.4,7.4,53.7,74,29.1,0.01,7146,0,0
10/4/2009 8:10,191,10.4,11.7,53.7,74,29.1,0.01,7146,0,0
10/4/2009 8:20,202,8.5,9.7,53.7,76,29.1,0.01,7186,0,0
10/4/2009 8:30,205,7.9,8.5,53.4,77,29.1,0.01,7326,0,0
10/4/2009 8:40,265,6.4,7,53.6,77,29.1,0.01,7776,0.01,0.01
10/4/2009 8:50,206,7.6,10.3,53.7,77,29.1,0.01,7816,0,0
10/4/2009 9:00,196,13,15.4,54.1,75,29.1,0.01,7936,0,0
10/4/2009 9:10,201,11.6,12.3,53.9,77,29.1,0.01,8126,0,0
10/4/2009 9:20,203,12.9,13.3,53.9,77,29.1,0.01,8246,0,0
10/4/2009 9:30,230,10.9,13.1,54.3,75,29.1,0.01,8246,0,0
10/4/2009 9:40,192,7.4,8.8,54.5,75,29.1,0.02,8556,0.05,0.05
10/4/2009 9:50,234,6.3,7.9,54.5,75,29.1,0.02,8856,0,0
10/4/2009 10:00,275,6.7,8.3,54.5,76,29.1,0.02,9266,0.01,0.01
10/4/2009 10:10,265,3.7,5.1,54.3,77,29.1,0.03,9756,0.03,0.03
10/4/2009 10:20,221,11.2,12.2,54.1,77,29.1,0.03,10256,0,0
10/4/2009 10:30,243,8.1,8.8,54.1,77,29.1,0.03,10416,0,0
10/4/2009 10:40,249,7.2,8.1,54.3,76,29.1,0.03,10416,0,0
10/4/2009 10:50,221,12.4,13.4,54.5,75,29.1,0.03,10416,0,0
10/4/2009 11:00,251,7.8,8.5,54.6,73,29.1,0.03,10416,0,0
10/4/2009 11:10,224,15.6,16.6,54.8,70,29.1,0.03,10416,0,0
10/4/2009 11:20,250,8.1,10.2,55,70,29.1,0.03,10416,0,0
10/4/2009 11:30,232,17,18.5,55.2,68,29.1,0.03,10416,0,0
10/4/2009 11:40,254,9.3,13.3,55.4,68,29.1,0.03,10416,0,0
10/4/2009 11:50,239,17.9,19.7,55.4,67,29.1,0.03,10416,0,0
10/4/2009 12:00,214,9.9,15.1,55.4,67,29.1,0.03,10416,0,0
10/4/2009 12:10,249,18.4,21.7,55.2,67,29.1,0.03,10416,0,0
10/4/2009 12:20,232,15,16.2,55.4,66,29.1,0.03,10416,0,0
10/4/2009 12:30,228,14,16,55.5,65,29.1,0.03,10416,0,0
10/4/2009 12:40,230,13,14.1,55.5,64,29.1,0.03,10416,0,0
10/4/2009 12:50,236,9.7,12.5,55.5,63,29.1,0.03,10416,0,0
10/4/2009 13:00,213,12.9,13.5,55.5,64,29.1,0.03,10416,0,0
10/4/2009 13:10,226,7.4,11.8,55.5,65,29.1,0.03,10416,0,0
10/4/2009 13:20,221,11.3,12,55.4,65,29.1,0.03,10426,0,0
10/4/2009 13:30,213,6.9,7.9,55.4,65,29.1,0.03,10426,0,0
10/4/2009 13:40,212,8.7,10.7,55.4,65,29.1,0.03,10426,0,0
10/4/2009 13:50,228,6.6,7.8,55.5,66,29.1,0.03,10426,0,0
10/4/2009 14:00,234,11.7,13.1,55.7,64,29.1,0.03,10436,0.02,0.02
10/4/2009 14:10,236,10.7,11.4,55.7,64,29.1,0.03,10466,0,0
10/4/2009 14:20,220,9,9.5,55.7,65,29.1,0.03,10466,0,0
10/4/2009 14:30,222,5.9,6.6,55.7,65,29.1,0.03,10466,0,0
10/4/2009 14:40,248,9.8,11.9,55.5,65,29.1,0.04,10646,0,0
10/4/2009 14:50,228,10.7,11.6,55,67,29.1,0.04,10666,0,0
10/4/2009 15:00,268,8.9,9.5,54.5,71,29.1,0.05,11116,0.12,0.12
10/4/2009 15:10,232,7,8.4,53,83,29.1,0.05,11626,0,0
10/4/2009 15:20,254,5.8,8.5,52.7,84,29.1,0.05,11716,0,0
10/4/2009 15:30,253,5.9,6.6,52.5,82,29.1,0.06,11986,0,0
10/4/2009 15:40,253,5.9,6.9,52.3,81,29.1,0.06,11986,0,0
10/4/2009 15:50,273,5.5,6.7,51.9,83,29.1,0.06,12206,0.03,0.03
10/4/2009 16:00,222,4.6,5.5,51.6,84,29.1,0.07,12556,0,0
10/4/2009 16:10,188,9.2,9.9,51.6,85,29.1,0.07,12556,0,0
10/4/2009 16:20,180,9.9,10.9,51.6,85,29.1,0.07,12596,0,0
10/4/2009 16:30,78,3.5,6.6,51.8,83,29.1,0.07,12596,0,0
10/4/2009 16:40,198,12.9,15,51.9,81,29.1,0.07,12596,0,0
10/4/2009 16:50,189,13.6,14.6,51.9,78,29.1,0.07,12596,0,0
10/4/2009 17:00,192,16.7,17.2,51.6,77,29.1,0.07,12596,0,0
10/4/2009 17:10,202,13.7,14.8,51.8,77,29.1,0.07,12596,0,0
10/4/2009 17:20,239,4.6,5.9,51.8,77,29.1,0.07,12836,0.03,0.03
10/4/2009 17:30,230,12.4,13.3,51.6,78,29.2,0.09,13426,0.07,0.07
10/4/2009 17:40,227,18,23.2,51.4,79,29.2,0.09,13906,0.04,0.04
10/4/2009 17:50,228,13,15.4,51,81,29.2,0.1,14406,0.08,0.08
10/4/2009 18:00,225,5.9,6.7,50.1,86,29.2,0.13,14956,0,0
10/4/2009 18:10,271,5.7,7,50.1,87,29.2,0.13,15246,0.01,0.01
10/4/2009 18:20,210,12.9,14.3,50.1,85,29.2,0.13,15696,0.02,0.02
10/4/2009 18:30,232,12.7,13.7,50.1,85,29.2,0.13,15726,0,0
10/4/2009 18:40,204,8.9,9.9,50.1,85,29.2,0.13,15726,0,0
10/4/2009 18:50,208,10.5,11.6,50.1,85,29.2,0.13,15726,0,0
10/4/2009 19:00,206,7.3,8.4,50.1,85,29.2,0.13,15726,0,0
10/4/2009 19:10,195,9.3,10.4,50.1,84,29.2,0.13,15726,0,0
10/4/2009 19:20,213,11.3,12.3,50,85,29.2,0.13,15786,0,0
10/4/2009 19:30,205,12.3,13.4,50,85,29.2,0.13,15786,0,0
10/4/2009 19:40,211,15.2,17.2,49.8,87,29.2,0.14,16006,0,0
10/4/2009 19:50,177,4.2,8,49.6,89,29.2,0.16,16186,0,0
10/4/2009 20:00,198,9.2,10.3,49.6,88,29.2,0.16,16186,0,0
10/4/2009 20:10,195,15.7,16.9,49.8,87,29.2,0.16,16246,0.02,0.02
10/4/2009 20:20,210,9.9,11.7,49.6,88,29.2,0.16,16266,0,0
10/4/2009 20:30,207,13.7,15.5,49.6,88,29.2,0.16,16356,0,0
10/4/2009 20:40,224,11.1,12.7,49.4,88,29.2,0.16,16676,0,0
10/4/2009 20:50,199,11.2,12.4,49.4,89,29.2,0.16,16966,0,0
10/4/2009 21:00,189,8.9,9.9,49.4,90,29.2,0,16966,0,0
10/4/2009 21:10,209,7.8,10.8,49.4,90,29.2,0,16966,0,0
10/4/2009 21:20,226,6.8,10.1,49.4,90,29.2,0,17126,0,0
10/4/2009 21:30,207,11.2,13.1,49.6,90,29.1,0,17126,0,0
10/4/2009 21:40,205,6.7,8.6,49.4,90,29.1,0,17126,0,0
10/4/2009 21:50,221,6.7,7.7,49.6,89,29.1,0,17126,0,0
10/4/2009 22:00,208,13.3,14.6,50.3,88,29.1,0,17126,0,0
10/4/2009 22:10,217,8.3,11.2,50.1,88,29.1,0,17126,0,0
10/4/2009 22:20,213,10.2,10.6,50,89,29.1,0,17126,0,0
10/4/2009 22:30,232,5.9,7.2,50.5,88,29.1,0,17126,0,0
10/4/2009 22:40,194,8.4,9.1,50.3,88,29.2,0,17126,0,0
10/4/2009 22:50,234,8.5,9.4,50,90,29.2,0,17126,0,0
10/4/2009 23:00,184,5,5.5,50.7,88,29.2,0,17126,0,0
10/4/2009 23:10,219,7,7.6,50.5,88,29.2,0,17126,0,0
10/4/2009 23:20,226,8.4,9.1,50.1,89,29.2,0,17126,0,0
10/4/2009 23:30,68,4.8,7,51.8,84,29.2,0,17126,0,0
10/4/2009 23:40,273,8.2,8.7,54.1,74,29.2,0,17126,0,0
10/4/2009 23:50,210,6.3,6.6,53.2,79,29.2,0,17126,0,0
10/5/2009 0:00,225,3.1,3.5,52.3,81,29.2,0,17126,0,0
10/5/2009 0:10,287,13.7,14.9,53.9,74,29.2,0,17126,0,0
10/5/2009 0:20,224,8.2,8.8,55.2,71,29.2,0,17126,0,0
10/5/2009 0:30,203,6.4,8.3,53.9,76,29.2,0,17126,0,0
10/5/2009 0:40,238,5.6,6.1,52.1,81,29.2,0,17126,0,0
10/5/2009 0:50,218,11.6,13.4,50.5,85,29.2,0,17126,0,0
10/5/2009 1:00,197,5.8,7.2,50.1,87,29.2,0,17126,0,0
10/5/2009 1:10,199,11.6,12.5,49.4,88,29.2,0,17126,0,0
10/5/2009 1:20,192,6.2,7,49.2,89,29.2,0,17126,0,0
10/5/2009 1:30,193,5.5,6.5,49.1,89,29.2,0,17126,0,0
10/5/2009 1:40,214,9.1,10.2,49.1,89,29.2,0,17126,0,0
10/5/2009 1:50,202,7.8,8.2,48.9,89,29.2,0,17126,0,0
10/5/2009 2:00,209,7.9,8.7,48.7,89,29.2,0,17126,0,0
10/5/2009 2:10,195,7.1,8.6,48.5,89,29.2,0,17126,0,0
10/5/2009 2:20,206,10.4,11.6,48.5,89,29.2,0,17126,0,0
10/5/2009 2:30,189,8,8.8,48.7,89,29.2,0,17126,0,0
10/5/2009 2:40,191,4.5,5.1,48.9,89,29.2,0,17126,0,0
10/5/2009 2:50,210,9.8,10.4,48.9,88,29.2,0,17126,0,0
10/5/2009 3:00,203,7.3,7.6,48.7,88,29.2,0,17126,0,0
10/5/2009 3:10,206,8.6,9.4,49.1,87,29.2,0,17126,0,0
10/5/2009 3:20,206,7.8,8.7,49.1,87,29.2,0,17126,0,0
10/5/2009 3:30,201,9.1,10.1,49.2,87,29.2,0,17126,0,0
10/5/2009 3:40,206,7.8,8.8,49.4,87,29.2,0,17126,0,0
10/5/2009 3:50,216,3.6,5,49.6,86,29.2,0,17126,0,0
10/5/2009 4:00,219,3.1,4.5,50.1,85,29.2,0,17126,0,0
10/5/2009 4:10,197,9.4,10.2,50.7,83,29.2,0,17136,0,0
10/5/2009 4:20,246,8,8.7,50.7,83,29.2,0,17136,0,0
10/5/2009 4:30,209,9.7,10.2,50.5,84,29.2,0,17136,0,0
10/5/2009 4:40,198,8.6,10,50.1,85,29.2,0,17136,0,0
10/5/2009 4:50,190,4.6,5.7,50.3,86,29.2,0,17136,0,0
10/5/2009 5:00,222,7.7,8.2,50.7,84,29.2,0,17136,0,0
10/5/2009 5:10,223,6.7,7.2,51,83,29.2,0,17136,0,0
10/5/2009 5:20,309,16,19.5,53.7,72,29.2,0,17136,0,0
10/5/2009 5:30,203,6.5,13.1,53.9,75,29.2,0,17136,0,0
10/5/2009 5:40,217,8,9.7,51.4,82,29.2,0,17136,0,0
10/5/2009 5:50,213,11.2,12.1,51.2,83,29.2,0,17136,0,0
10/5/2009 6:00,228,11.1,11.6,51.6,82,29.2,0,17136,0,0
10/5/2009 6:10,214,8.2,10.7,51.6,82,29.2,0,17136,0,0
10/5/2009 6:20,231,6.6,7.8,52.3,80,29.2,0,17136,0,0
10/5/2009 6:30,211,10.3,12.2,52.7,80,29.2,0,17136,0,0
10/5/2009 6:40,207,2.9,4.6,52.8,80,29.2,0,17136,0,0
10/5/2009 6:50,212,5,5.5,53.4,76,29.2,0,17136,0,0
10/5/2009 7:00,245,5.7,7.1,53.4,78,29.2,0,17136,0,0
10/5/2009 7:10,224,8.7,9.5,53.6,74,29.2,0,17136,0,0
10/5/2009 7:20,260,10.4,12,53.6,77,29.2,0,17136,0,0
10/5/2009 7:30,264,12.7,14,54.5,67,29.2,0,17136,0,0
10/5/2009 7:40,272,13.5,14.1,55,64,29.2,0,17136,0,0
10/5/2009 7:50,298,4.4,6.1,54.8,68,29.2,0,17136,0,0
10/5/2009 8:00,222,8.2,9.6,55,71,29.2,0,17136,0,0
10/5/2009 8:10,213,7,8.1,53.7,78,29.2,0,17136,0,0
10/5/2009 8:20,241,6.2,7,54.3,75,29.2,0,17136,0,0
10/5/2009 8:30,233,12.3,12.9,54.6,76,29.2,0,17136,0,0
10/5/2009 8:40,256,8.4,9.9,54.6,74,29.2,0,17136,0,0
10/5/2009 8:50,269,7.9,9.7,54.8,70,29.2,0,17136,0,0
10/5/2009 9:00,279,22.7,24.2,55.9,64,29.2,0,17136,0,0
10/5/2009 9:10,276,16.1,20.2,55.9,66,29.2,0,17136,0,0
10/5/2009 9:20,283,18.7,20.3,55.9,68,29.2,0.01,17236,0,0
10/5/2009 9:30,289,20.8,24.9,56.1,69,29.2,0.01,17236,0,0
10/5/2009 9:40,293,16,19.7,56.1,69,29.2,0.01,17236,0,0
10/5/2009 9:50,284,23.7,25.1,56.1,72,29.2,0.01,17236,0,0
10/5/2009 10:00,283,22.7,24.5,56.3,69,29.2,0.01,17236,0,0
10/5/2009 10:10,284,24.1,25.8,56.4,68,29.2,0.01,17236,0,0
10/5/2009 10:20,280,19.4,21.6,56.6,66,29.2,0.01,17236,0,0
10/5/2009 10:30,270,17.8,21,56.6,68,29.2,0.01,17236,0,0
10/5/2009 10:40,284,24.8,27.1,56.6,68,29.2,0.01,17236,0,0
10/5/2009 10:50,308,16.9,19.4,56.8,65,29.2,0.01,17236,0,0
10/5/2009 11:00,286,26.9,30.1,56.8,64,29.2,0.01,17236,0,0
10/5/2009 11:10,292,17.4,20.3,56.3,69,29.2,0.01,17236,0,0
10/5/2009 11:20,287,15.9,16.7,56.6,64,29.2,0.01,17236,0,0
10/5/2009 11:30,272,17.9,20.1,57,63,29.2,0.01,17236,0,0
10/5/2009 11:40,280,17.2,18,56.6,65,29.2,0.01,17236,0,0
10/5/2009 11:50,289,19,19.8,56.3,64,29.2,0.01,17236,0,0
10/5/2009 12:00,287,15.9,17.5,56.3,66,29.2,0.01,17236,0,0
10/5/2009 12:10,260,21.4,25.3,56.4,63,29.2,0.01,17236,0,0
10/5/2009 12:20,282,7.2,14.4,56.4,67,29.2,0.01,17236,0,0
10/5/2009 12:30,285,15.6,16.6,56.4,65,29.2,0.01,17236,0,0
10/5/2009 12:40,284,11.9,15.7,56.4,63,29.2,0.01,17236,0,0
10/5/2009 12:50,283,20.6,23.1,56.6,63,29.2,0.01,17236,0,0
10/5/2009 13:00,286,18.4,19.6,56.4,62,29.2,0.01,17236,0,0
10/5/2009 13:10,277,12.6,13.4,56.4,65,29.2,0.01,17236,0,0
10/5/2009 13:20,252,14.9,16.7,56.4,64,29.2,0.01,17236,0,0
10/5/2009 13:30,272,11.1,12.2,56.4,63,29.2,0.01,17236,0,0
10/5/2009 13:40,291,8.5,10.6,56.6,67,29.2,0.01,17236,0,0
10/5/2009 13:50,290,12.6,14.1,56.6,66,29.2,0.01,17236,0,0
10/5/2009 14:00,291,12.6,14.8,56.8,62,29.2,0.01,17236,0,0
10/5/2009 14:10,288,19.8,22.6,56.8,60,29.2,0.01,17236,0,0
10/5/2009 14:20,270,19,19.9,56.8,62,29.2,0.01,17236,0,0
10/5/2009 14:30,288,17.1,18.4,56.8,62,29.2,0.01,17236,0,0
10/5/2009 14:40,275,17.7,19.3,56.8,63,29.2,0.01,17236,0,0
10/5/2009 14:50,298,17.3,19.5,57,62,29.2,0.01,17246,0,0
10/5/2009 15:00,296,14.5,15.4,57,60,29.2,0.01,17246,0,0
10/5/2009 15:10,281,16,16.5,57,62,29.2,0.01,17246,0,0
10/5/2009 15:20,285,22.2,25,57,60,29.2,0.01,17246,0,0
10/5/2009 15:30,279,19.2,20.2,57,59,29.2,0.01,17246,0,0
10/5/2009 15:40,300,14.8,18.3,57.2,59,29.2,0.01,17246,0,0
10/5/2009 15:50,302,10.3,12.1,57,62,29.2,0.01,17246,0,0
10/5/2009 16:00,319,9.1,9.9,56.8,65,29.2,0.01,17246,0,0
10/5/2009 16:10,319,9.3,12,56.8,66,29.2,0.01,17246,0,0
10/5/2009 16:20,308,11.7,12.7,56.6,63,29.2,0.01,17246,0,0
10/5/2009 16:30,306,4.1,6.1,56.8,62,29.2,0.01,17246,0,0
10/5/2009 16:40,279,11,12,56.8,63,29.2,0.01,17246,0,0
10/5/2009 16:50,308,14.3,15.9,56.8,60,29.2,0.01,17246,0,0
10/5/2009 17:00,311,7.7,8.9,56.8,62,29.2,0.01,17246,0,0
10/5/2009 17:10,283,5.6,6.1,56.6,63,29.2,0.01,17246,0,0
10/5/2009 17:20,236,3.7,4.3,55.7,66,29.2,0.01,17246,0,0
10/5/2009 17:30,228,6.5,7.3,54.3,70,29.2,0.01,17246,0,0
10/5/2009 17:40,191,5.1,5.4,53.7,72,29.2,0.01,17246,0,0
10/5/2009 17:50,194,5.1,5.4,53.2,74,29.2,0.01,17246,0,0
10/5/2009 18:00,197,7.4,7.9,52.8,75,29.2,0.01,17246,0,0
10/5/2009 18:10,190,8.3,8.7,52.8,75,29.2,0.01,17246,0,0
10/5/2009 18:20,219,7.6,8.5,52.8,75,29.2,0.01,17246,0,0
10/5/2009 18:30,219,6.8,7.5,52.8,75,29.2,0.01,17246,0,0
10/5/2009 18:40,208,4.8,6.2,52.8,76,29.2,0.01,17246,0,0
10/5/2009 18:50,187,5.5,6,52.8,76,29.2,0.01,17246,0,0
10/5/2009 19:00,94,2.8,4.4,53,75,29.2,0.01,17246,0,0
10/5/2009 19:10,191,3.3,3.8,53.2,74,29.2,0.01,17246,0,0
10/5/2009 19:20,199,5.4,6,53,74,29.2,0.01,17246,0,0
10/5/2009 19:30,191,4.5,5.9,52.7,75,29.2,0.01,17246,0,0
10/5/2009 19:40,170,5.2,5.9,52.1,76,29.2,0.01,17246,0,0
10/5/2009 19:50,191,4.6,5.2,51.9,77,29.2,0.01,17246,0,0
10/5/2009 20:00,200,5.9,6.6,51.9,76,29.2,0.01,17246,0,0
10/5/2009 20:10,207,5.1,5.6,51.9,77,29.2,0.01,17246,0,0
10/5/2009 20:20,202,5.3,5.9,52.1,76,29.2,0.01,17246,0,0
10/5/2009 20:30,191,4.1,4.6,51.9,77,29.2,0.01,17246,0,0
10/5/2009 20:40,189,5.7,6.3,51.8,77,29.2,0.01,17246,0,0
10/5/2009 20:50,177,5.4,5.8,51.6,78,29.2,0.01,17246,0,0
10/5/2009 21:00,168,4.4,6,51,79,29.2,0,17246,0,0
10/5/2009 21:10,164,4.3,4.8,50.7,80,29.2,0,17246,0,0
10/5/2009 21:20,155,2.9,3.4,50.5,80,29.2,0,17246,0,0
10/5/2009 21:30,156,4.8,5.3,50.1,81,29.2,0,17246,0,0
10/5/2009 21:40,158,6.1,7.2,50,82,29.2,0,17246,0,0
10/5/2009 21:50,172,6,6.9,49.8,82,29.2,0,17246,0,0
10/5/2009 22:00,176,5.6,6.3,50,81,29.2,0,17246,0,0
10/5/2009 22:10,166,6.7,8.1,50,81,29.2,0,17246,0,0
10/5/2009 22:20,176,5.1,7.6,49.8,82,29.2,0,17246,0,0
10/5/2009 22:30,164,5.6,6.5,49.6,82,29.2,0,17246,0,0
10/5/2009 22:40,174,6.7,7.3,49.4,83,29.2,0,17246,0,0
10/5/2009 22:50,172,7.1,7.7,49.6,82,29.2,0,17246,0,0
10/5/2009 23:00,176,5.9,7.1,49.6,83,29.2,0,17246,0,0
10/5/2009 23:10,152,4.8,5.4,49.6,82,29.2,0,17246,0,0
10/5/2009 23:20,173,6.9,7.5,49.6,82,29.2,0,17246,0,0
10/5/2009 23:30,179,7.9,8.7,49.8,82,29.2,0,17246,0,0
10/5/2009 23:40,197,4.4,5.2,49.6,82,29.2,0,17246,0,0
10/5/2009 23:50,180,7.9,8.5,49.6,82,29.2,0,17246,0,0
10/6/2009 0:00,174,8.2,8.9,49.8,82,29.2,0,17246,0,0
10/6/2009 0:10,172,7.6,8,49.8,82,29.2,0,17246,0,0
10/6/2009 0:20,175,5.5,6.2,50,81,29.2,0,17246,0,0
10/6/2009 0:30,156,4,4.9,50,81,29.2,0,17246,0,0
10/6/2009 0:40,166,6.3,7,49.8,82,29.2,0,17246,0,0
10/6/2009 0:50,163,7.2,7.7,49.6,82,29.2,0,17246,0,0
10/6/2009 1:00,172,6.4,7.2,49.6,82,29.2,0,17246,0,0
10/6/2009 1:10,179,9.3,9.7,49.4,83,29.2,0,17246,0,0
10/6/2009 1:20,172,9.9,10.5,49.6,82,29.2,0,17246,0,0
10/6/2009 1:30,161,3.8,5.7,49.4,82,29.2,0,17246,0,0
10/6/2009 1:40,171,4.5,5.9,49.4,83,29.2,0,17246,0,0
10/6/2009 1:50,170,8.5,8.9,49.4,83,29.2,0,17246,0,0
10/6/2009 2:00,162,8.2,8.9,49.2,83,29.2,0,17246,0,0
10/6/2009 2:10,174,5.3,7.2,49.2,83,29.2,0,17246,0,0
10/6/2009 2:20,174,8.4,9.1,49.1,83,29.2,0,17246,0,0
10/6/2009 2:30,166,8,10.1,48.9,83,29.2,0,17246,0,0
10/6/2009 2:40,185,5.1,7.1,48.7,84,29.2,0,17246,0,0
10/6/2009 2:50,164,2.3,3.4,48.5,83,29.2,0,17246,0,0
10/6/2009 3:00,183,6.4,8.5,48.5,83,29.2,0,17246,0,0
10/6/2009 3:10,160,7.8,9,48.5,83,29.2,0,17246,0,0
10/6/2009 3:20,164,7,8.2,48.5,82,29.2,0,17246,0,0
10/6/2009 3:30,170,11.2,12.1,48.7,82,29.2,0,17246,0,0
10/6/2009 3:40,166,6.8,7.6,48.7,81,29.2,0,17246,0,0
10/6/2009 3:50,170,11.1,12.4,48.5,81,29.2,0,17246,0,0
10/6/2009 4:00,168,8.8,9.7,48.3,82,29.2,0,17246,0,0
10/6/2009 4:10,180,7.2,9.3,48.3,82,29.2,0,17296,0,0
10/6/2009 4:20,151,4.8,6.4,48.2,82,29.2,0,17296,0,0
10/6/2009 4:30,163,11.4,13.2,48.2,82,29.2,0,17296,0,0
10/6/2009 4:40,157,9.7,11.1,48.2,81,29.2,0,17296,0,0
10/6/2009 4:50,153,11.1,11.5,48.3,81,29.2,0,17316,0,0
10/6/2009 5:00,163,10.6,12,48.9,79,29.2,0,17316,0,0
10/6/2009 5:10,125,3.6,4.8,49.6,78,29.2,0,17316,0,0
10/6/2009 5:20,167,6.1,7.2,50.1,76,29.2,0,17316,0,0
10/6/2009 5:30,163,10.5,12.1,50.5,74,29.2,0,17316,0,0
10/6/2009 5:40,326,4.5,6.3,51.2,73,29.2,0,17316,0,0
10/6/2009 5:50,160,4,5.3,51.8,72,29.2,0,17316,0,0
10/6/2009 6:00,172,10.1,10.8,52.3,70,29.2,0,17316,0,0
10/6/2009 6:10,168,6.7,9.1,52.8,68,29.2,0,17316,0,0
10/6/2009 6:20,133,2.7,3.4,53.7,66,29.2,0,17316,0,0
10/6/2009 6:30,164,6.1,6.6,54.3,65,29.2,0,17316,0,0
10/6/2009 6:40,184,9,9.7,55,63,29.2,0,17316,0,0
10/6/2009 6:50,155,8.2,8.9,55.5,62,29.2,0,17316,0,0
10/6/2009 7:00,190,5.3,6.5,55.9,61,29.2,0,17316,0,0
10/6/2009 7:10,161,5.7,7,55.7,63,29.1,0,17316,0,0
10/6/2009 7:20,169,6.1,8.6,56.1,61,29.1,0,17316,0,0
10/6/2009 7:30,121,5.8,7.5,56.6,61,29.1,0,17316,0,0
10/6/2009 7:40,134,13.6,14.1,57.3,59,29.1,0,17316,0,0
10/6/2009 7:50,184,6.5,10.2,57.9,57,29.1,0,17316,0,0
10/6/2009 8:00,102,7.9,13.1,58.6,55,29.1,0,17316,0,0
10/6/2009 8:10,194,11.6,12.9,59.1,52,29.1,0,17316,0,0
10/6/2009 8:20,173,6.9,8,58.8,53,29.1,0,17316,0,0
10/6/2009 8:30,152,16.7,18.9,59.1,52,29.1,0,17316,0,0
10/6/2009 8:40,154,11.5,13,59.1,52,29.1,0,17316,0,0
10/6/2009 8:50,171,11.6,13.6,59.7,51,29.1,0,17316,0,0
10/6/2009 9:00,181,10.5,13.7,59.7,51,29.1,0,17316,0,0
10/6/2009 9:10,194,6.9,8.4,59.7,51,29.1,0,17316,0,0
10/6/2009 9:20,166,9.7,11.7,59.7,51,29.1,0,17316,0,0
10/6/2009 9:30,169,11.6,13.5,60,51,29.1,0,17316,0,0
10/6/2009 9:40,160,7.1,9.2,59.7,54,29.1,0,17316,0,0
10/6/2009 9:50,214,6.3,7,59.7,53,29.1,0,17316,0,0
10/6/2009 10:00,158,3.3,4.4,59.9,53,29.1,0,17316,0,0
10/6/2009 10:10,253,4,5.4,60.4,53,29.1,0,17316,0,0
10/6/2009 10:20,165,3.6,6.2,60,53,29,0,17316,0,0
10/6/2009 10:30,175,4.8,6.3,59.9,53,29,0,17316,0,0
10/6/2009 10:40,194,6.5,7.4,59.9,54,29,0,17316,0,0
10/6/2009 10:50,188,7.8,8.6,60,53,29,0,17316,0,0
10/6/2009 11:00,340,4.4,5.2,60.9,51,29,0,17316,0,0
10/6/2009 11:10,216,5.9,6.3,61.3,51,29,0,17316,0,0
10/6/2009 11:20,181,1.9,3.4,61.3,52,29,0,17316,0,0
10/6/2009 11:30,176,5.7,7.9,60.9,51,29,0,17316,0,0
10/6/2009 11:40,132,1.8,2.5,60.8,54,29,0,17316,0,0
10/6/2009 11:50,108,3.4,5,60.8,53,29,0,17316,0,0
10/6/2009 12:00,122,8.1,8.8,61.1,54,29,0,17316,0,0
10/6/2009 12:10,145,11.5,12.7,60.8,52,28.9,0,17316,0,0
10/6/2009 12:20,99,7.2,8.5,61.1,54,28.9,0,17326,0.04,0.04
10/6/2009 12:30,130,8.8,9.9,61.3,54,28.9,0,17326,0,0
10/6/2009 12:40,137,7.7,8.4,61.1,53,28.9,0,17326,0,0
10/6/2009 12:50,133,3.7,6.6,61.8,53,28.9,0,17326,0,0
10/6/2009 13:00,144,3.3,3.9,61.7,53,28.9,0,17326,0,0
10/6/2009 13:10,149,7.7,8.5,61.5,53,28.9,0,17326,0,0
10/6/2009 13:20,138,8.5,9.3,61.7,54,28.9,0,17326,0,0
10/6/2009 13:30,141,5.4,6.6,61.7,54,28.9,0,17326,0,0
10/6/2009 13:40,105,4.8,5.4,61.5,56,28.9,0,17326,0,0
10/6/2009 13:50,143,5.1,6,61.5,55,28.9,0,17326,0,0
10/6/2009 14:00,172,3.1,4.4,61.7,54,28.9,0,17326,0,0
10/6/2009 14:10,161,3.1,3.6,61.7,54,28.9,0,17326,0,0
10/6/2009 14:20,141,11.2,13,61.5,52,28.8,0,17326,0,0
10/6/2009 14:30,165,5.3,7.6,61.7,52,28.8,0,17326,0,0
10/6/2009 14:40,152,6.4,6.8,61.7,52,28.8,0,17326,0,0
10/6/2009 14:50,164,7.5,9.7,61.5,52,28.8,0,17326,0,0
10/6/2009 15:00,114,13.2,14.3,61.5,53,28.8,0,17326,0,0
10/6/2009 15:10,143,11.1,11.6,61.3,54,28.8,0,17326,0,0
10/6/2009 15:20,160,10.7,13.4,61.3,54,28.8,0,17326,0,0
10/6/2009 15:30,116,7.1,9.3,61.5,54,28.8,0,17326,0,0
10/6/2009 15:40,82,4.1,4.5,61.7,54,28.8,0,17326,0,0
10/6/2009 15:50,153,6.6,8.7,61.8,54,28.7,0,17326,0,0
10/6/2009 16:00,141,14.4,18,61.8,53,28.7,0,17326,0,0
10/6/2009 16:10,167,6.2,8.5,62,53,28.7,0,17386,0,0
10/6/2009 16:20,98,4.5,5.5,62,53,28.7,0,17476,0.01,0.01
10/6/2009 16:30,131,7.1,7.9,61.7,55,28.7,0,17496,0,0
10/6/2009 16:40,145,5.8,8.1,62,54,28.7,0,17496,0,0
10/6/2009 16:50,183,14.6,16.4,62.4,54,28.7,0,17496,0,0
10/6/2009 17:00,183,5.7,8,62.9,55,28.7,0,17496,0,0
10/6/2009 17:10,166,10.7,12.2,63.1,56,28.7,0,17516,0,0
10/6/2009 17:20,193,14,16.8,63.3,58,28.7,0.01,17646,0,0
10/6/2009 17:30,225,13.8,14.9,63.1,62,28.7,0.02,17996,0.24,0.24
10/6/2009 17:40,185,10.2,12,62.7,65,28.7,0.03,18226,0.03,0.03
10/6/2009 17:50,178,11.9,14.6,62.7,67,28.7,0.03,18396,0,0
10/6/2009 18:00,222,15.3,17.5,63.5,67,28.7,0.04,18766,0.21,0.21
10/6/2009 18:10,260,24.2,25.9,62.2,73,28.6,0.06,19276,0,0
10/6/2009 18:20,250,8.1,19.4,62.4,73,28.6,0.06,19276,0,0
10/6/2009 18:30,194,10.8,13.7,62,76,28.6,0.06,19276,0,0
10/6/2009 18:40,190,23.4,26.3,61.8,77,28.6,0.06,19276,0,0
10/6/2009 18:50,195,26.3,28.4,61.5,80,28.6,0.06,19276,0,0
10/6/2009 19:00,171,18.9,20.7,60.8,84,28.6,0.06,19276,0,0
10/6/2009 19:10,229,27.3,29.4,60.2,87,28.6,0.06,19306,0,0
10/6/2009 19:20,211,18,20.1,59.7,91,28.6,0.07,19366,0,0
10/6/2009 19:30,218,28.7,31.5,59.7,92,28.6,0.07,19596,0,0
10/6/2009 19:40,168,19,20.1,59.5,92,28.6,0.07,19626,0,0
10/6/2009 19:50,158,20.9,25.6,59.9,92,28.6,0.07,19756,0,0
10/6/2009 20:00,189,11.3,12.9,60.2,91,28.6,0.07,19796,0,0
10/6/2009 20:10,123,23.4,27.2,60.2,92,28.6,0.07,20146,0.02,0.02
10/6/2009 20:20,-Invalid-,-Invalid-,-Invalid-,-Invalid-,-Invalid-,-Invalid-,-Invalid-,-Invalid-,-Invalid-,-Invalid-
10/6/2009 20:30,244,52.7,57.5,61.1,89,28.6,0.07,20316,0,0
10/6/2009 20:40,-Invalid-,-Invalid-,-Invalid-,-Invalid-,-Invalid-,-Invalid-,-Invalid-,-Invalid-,-Invalid-,-Invalid-
10/6/2009 20:50,222,34.3,40.2,61.5,86,28.6,0.07,20316,0,0
10/6/2009 21:00,282,18.6,22.5,62,84,28.6,0,20316,0,0
10/6/2009 21:10,224,11,15.6,62,84,28.6,0,20316,0,0
10/6/2009 21:20,235,17.3,18.4,62,84,28.6,0,20316,0,0
10/6/2009 21:30,246,23.7,25.6,62,84,28.6,0,20316,0,0
10/6/2009 21:40,235,16.4,19.2,62,83,28.6,0,20316,0,0
10/6/2009 21:50,234,14.3,16.3,61.7,82,28.6,0,20316,0,0
10/6/2009 22:00,232,18.7,20.2,61.7,81,28.6,0,20316,0,0
10/6/2009 22:10,235,7.7,12,61.5,81,28.6,0,20316,0,0
10/6/2009 22:20,264,33.2,36.9,60.9,71,28.6,0.01,20366,0.3,0.3
10/6/2009 22:30,281,12.8,25.1,53.4,90,28.6,0.15,20966,0.13,0.13
10/6/2009 22:40,266,10.3,15.1,53.6,91,28.6,0.17,21556,0.02,0.02
10/6/2009 22:50,241,19.3,24.3,54.3,89,28.6,0.17,22016,0,0
10/6/2009 23:00,247,11.2,15.2,54.5,89,28.6,0.17,22016,0,0
10/6/2009 23:10,210,19.3,22,54.5,89,28.6,0.17,22016,0,0
10/6/2009 23:20,238,12.5,14.7,54.8,88,28.6,0.17,22016,0,0
10/6/2009 23:30,220,18.1,21.6,55.2,86,28.6,0.17,22036,0,0
10/6/2009 23:40,231,14.5,18.8,55.5,85,28.6,0.17,22036,0,0
10/6/2009 23:50,220,29.2,32.2,56.1,81,28.6,0.17,22036,0,0
10/7/2009 0:00,226,15.7,24,56.3,82,28.6,0.17,22036,0,0
10/7/2009 0:10,210,15,17.2,56.4,80,28.6,0.17,22036,0,0
10/7/2009 0:20,269,12.6,15.5,56.4,78,28.6,0.17,22036,0,0
10/7/2009 0:30,253,25.5,34,56.6,75,28.6,0.17,22036,0,0
10/7/2009 0:40,233,35,36.5,59,65,28.6,0.17,22046,0,0
10/7/2009 0:50,241,25.6,28.3,57.2,70,28.6,0.17,22046,0,0
10/7/2009 1:00,238,39.8,42.5,58.6,62,28.6,0.17,22056,0,0
10/7/2009 1:10,-Invalid-,-Invalid-,-Invalid-,-Invalid-,-Invalid-,-Invalid-,-Invalid-,-Invalid-,-Invalid-,-Invalid-
10/7/2009 1:20,273,16.3,21.9,58.2,61,28.6,0.17,22056,0,0
10/7/2009 1:30,225,16.8,22.9,58.1,63,28.6,0.18,22226,0,0
10/7/2009 1:40,-Invalid-,-Invalid-,-Invalid-,-Invalid-,-Invalid-,-Invalid-,-Invalid-,-Invalid-,-Invalid-,-Invalid-
10/7/2009 1:50,282,19.2,27.6,57.2,60,28.6,0.18,22516,0,0
10/7/2009 2:00,256,24.8,26.3,57.3,60,28.6,0.19,22886,0.03,0.03
10/7/2009 2:10,-Invalid-,-Invalid-,-Invalid-,-Invalid-,-Invalid-,-Invalid-,-Invalid-,-Invalid-,-Invalid-,-Invalid-
10/7/2009 2:20,230,35.5,39.2,57,60,28.6,0.19,23076,0,0
10/7/2009 2:30,256,31,33.4,56.8,61,28.6,0.19,23096,0,0
10/7/2009 2:40,279,32.8,37.2,56.8,58,28.6,0.2,23266,0.14,0.14
10/7/2009 2:50,249,23.6,34.6,56.6,63,28.7,0.2,23446,0,0
10/7/2009 3:00,242,24,29,56.4,60,28.7,0.2,23606,0.09,0.09
10/7/2009 3:10,269,29.1,31.4,56.3,63,28.7,0.21,23856,0,0
10/7/2009 3:20,251,34.1,36.2,56.4,65,28.7,0.21,24076,0.02,0.02
10/7/2009 3:30,286,30,37.1,55.5,69,28.7,0.21,24166,0,0
10/7/2009 3:40,252,30.9,36.3,55.7,68,28.7,0.22,24446,0.02,0.02
10/7/2009 3:50,280,35.6,38,55.4,68,28.7,0.23,24816,0.17,0.17
10/7/2009 4:00,254,39,44.7,54.8,71,28.7,0.24,24986,0,0
10/7/2009 4:10,258,42.3,52.3,55.2,70,28.7,0.24,24996,0,0
10/7/2009 4:20,263,23.1,33.7,55.4,70,28.7,0.24,24996,0,0
10/7/2009 4:30,252,29.9,36.2,55.2,65,28.7,0.24,25106,0.04,0.04
10/7/2009 4:40,264,24.8,29.8,55.2,67,28.7,0.24,25236,0,0
10/7/2009 4:50,265,28.3,33.9,54.8,65,28.7,0.25,25526,0.01,0.01
10/7/2009 5:00,273,21.4,24,54.6,65,28.7,0.25,25676,0,0
10/7/2009 5:10,252,31.3,36.6,54.6,64,28.7,0.26,26106,0.09,0.09
10/7/2009 5:20,282,42.5,45.8,54.8,67,28.7,0.26,26216,0,0
10/7/2009 5:30,271,32.2,35.2,54.6,67,28.8,0.26,26226,0,0
10/7/2009 5:40,284,41.4,44.2,54.6,66,28.7,0.27,26506,0.13,0.13
10/7/2009 5:50,283,45,48.8,54.1,65,28.7,0.27,26536,0,0
10/7/2009 6:00,283,44.7,48.2,54.3,64,28.7,0.27,26536,0,0
10/7/2009 6:10,288,43.6,46,54.1,67,28.8,0.27,26536,0,0
10/7/2009 6:20,279,42.1,44.1,53.9,66,28.8,0.27,26536,0,0
10/7/2009 6:30,287,44.3,45.2,53.7,69,28.8,0.27,26536,0,0
10/7/2009 6:40,283,35.6,40,53.9,67,28.8,0.27,26536,0,0
10/7/2009 6:50,274,28.8,33.1,53.7,69,28.8,0.27,26536,0,0
10/7/2009 7:00,268,36.9,38.8,53.7,70,28.8,0.27,26626,0,0
10/7/2009 7:10,279,39.6,42.8,53.2,71,28.8,0.27,26626,0,0
10/7/2009 7:20,279,47.3,53.5,52.8,72,28.8,0.27,26626,0,0
10/7/2009 7:30,270,34.3,47.4,52.7,74,28.8,0.27,26626,0,0
10/7/2009 7:40,281,37,39.7,53.2,71,28.8,0.27,26626,0,0
10/7/2009 7:50,288,34.8,38.8,53.2,71,28.8,0.27,26626,0,0
10/7/2009 8:00,271,37.4,43.1,53.4,73,28.8,0.27,26626,0,0
10/7/2009 8:10,292,34,39.7,53.6,71,28.9,0.27,26626,0,0
10/7/2009 8:20,277,30.4,32.2,53.2,73,28.9,0.27,26656,0.05,0.05
10/7/2009 8:30,282,35.2,37.2,53.2,70,28.9,0.3,27076,0.23,0.23
10/7/2009 8:40,290,30.9,37.5,53.7,73,28.9,0.3,27096,0,0
10/7/2009 8:50,284,45.2,48.9,53.9,70,28.9,0.31,27186,0,0
10/7/2009 9:00,290,52.5,59.3,53.9,68,28.9,0.31,27196,0,0
10/7/2009 9:10,288,39.6,46.3,53.9,70,28.9,0.31,27196,0,0
10/7/2009 9:20,285,35.6,39.1,53.9,69,28.9,0.31,27196,0,0
10/7/2009 9:30,297,43,44.7,53.7,71,28.9,0.31,27196,0,0
10/7/2009 9:40,293,35.1,39.2,53.7,70,28.9,0.31,27196,0,0
10/7/2009 9:50,289,32,39.3,53.9,71,28.9,0.31,27236,0,0
10/7/2009 10:00,294,34.2,38.8,53.9,73,29,0.31,27306,0,0
10/7/2009 10:10,279,40.4,42.6,53.9,71,28.9,0.31,27306,0,0
10/7/2009 10:20,300,33.7,40.8,53.9,72,29,0.31,27306,0,0
10/7/2009 10:30,295,38,41,53.7,73,29,0.31,27316,0,0
10/7/2009 10:40,305,35.2,36.6,53.9,71,29,0.31,27316,0,0
10/7/2009 10:50,304,31,32.8,53.6,73,29,0.31,27316,0,0
10/7/2009 11:00,311,25,27.1,53.7,71,29,0.31,27316,0,0
10/7/2009 11:10,300,32.1,34.9,54.3,68,29,0.31,27316,0,0
10/7/2009 11:20,292,36.1,39.1,54.5,68,29,0.31,27316,0,0
10/7/2009 11:30,293,33.4,36.5,54.5,67,29,0.31,27316,0,0
10/7/2009 11:40,303,35.6,38.1,54.6,65,29,0.31,27316,0,0
10/7/2009 11:50,299,29.8,34.3,54.8,65,29,0.31,27316,0,0
10/7/2009 12:00,302,36.5,39.6,54.6,64,29,0.31,27436,0,0
10/7/2009 12:10,306,27.5,33.7,54.6,68,29,0.31,27436,0,0
10/7/2009 12:20,291,32,33.9,54.6,68,29,0.31,27456,0,0
10/7/2009 12:30,304,31.3,35.2,55,66,29,0.31,27456,0,0
10/7/2009 12:40,301,31.1,35.6,55,65,29,0.31,27456,0,0
10/7/2009 12:50,303,30.3,32.9,55.2,65,29,0.31,27456,0,0
10/7/2009 13:00,306,23.2,25.1,55.2,69,29.1,0.31,27456,0,0
10/7/2009 13:10,293,34.2,35.9,55,65,29,0.31,27456,0,0
10/7/2009 13:20,302,35,37.5,55.4,64,29,0.31,27456,0,0
10/7/2009 13:30,305,28.4,31.2,55.5,65,29.1,0.31,27456,0,0
10/7/2009 13:40,280,26.3,30.1,55.4,64,29.1,0.31,27456,0,0
10/7/2009 13:50,308,24.3,25.7,55.5,62,29.1,0.31,27456,0,0
10/7/2009 14:00,299,35.1,37.4,55.9,65,29.1,0.31,27456,0,0
10/7/2009 14:10,296,30.7,33.5,55.7,66,29.1,0.31,27456,0,0
10/7/2009 14:20,305,22.2,26.4,55.7,65,29.1,0.31,27456,0,0
10/7/2009 14:30,299,24.3,27.2,55.9,65,29.1,0.31,27456,0,0
10/7/2009 14:40,280,27.5,31.7,55.9,60,29.1,0.31,27456,0,0
10/7/2009 14:50,300,18.9,23.5,55.9,65,29.1,0.31,27456,0,0
10/7/2009 15:00,283,23.2,24.3,55.9,63,29.1,0.31,27456,0,0
10/7/2009 15:10,290,23,24.9,55.9,62,29.1,0.31,27456,0,0
10/7/2009 15:20,280,26.7,29.4,56.1,64,29.1,0.31,27456,0,0
10/7/2009 15:30,283,23.9,27.5,56.1,60,29.1,0.31,27456,0,0
10/7/2009 15:40,294,31.5,32.4,55.9,59,29.1,0.31,27456,0,0
10/7/2009 15:50,296,27.7,30.4,56.1,59,29.1,0.31,27456,0,0
10/7/2009 16:00,311,18,25,56.3,59,29.1,0.31,27456,0,0
10/7/2009 16:10,287,22.9,26.4,56.3,61,29.1,0.31,27456,0,0
10/7/2009 16:20,283,25.1,27.4,56.3,57,29.1,0.31,27456,0,0
10/7/2009 16:30,283,22.8,26.3,56.3,59,29.1,0.31,27456,0,0
10/7/2009 16:40,268,18.4,20.7,56.3,62,29.1,0.31,27456,0,0
10/7/2009 16:50,288,14.2,16.6,56.3,60,29.1,0.31,27456,0,0
10/7/2009 17:00,285,26.1,27.4,56.4,60,29.1,0.31,27456,0,0
10/7/2009 17:10,283,29.8,30.5,56.4,59,29.1,0.31,27456,0,0
10/7/2009 17:20,290,22.6,27.3,56.4,59,29.1,0.31,27456,0,0
10/7/2009 17:30,278,25.3,28.9,56.6,58,29.1,0.31,27456,0,0
10/7/2009 17:40,298,19.6,24.9,56.8,57,29.1,0.31,27456,0,0
10/7/2009 17:50,289,27.6,29.9,57,58,29.1,0.31,27456,0,0
10/7/2009 18:00,290,26,28.4,57,58,29.1,0.31,27456,0,0
10/7/2009 18:10,296,27.2,27.5,57,59,29.1,0.31,27456,0,0
10/7/2009 18:20,294,24.9,28.4,57,59,29.1,0.31,27456,0,0
10/7/2009 18:30,289,30.8,33.1,57,55,29.1,0.31,27456,0,0
10/7/2009 18:40,283,32,33.5,57,57,29.2,0.31,27456,0,0
10/7/2009 18:50,301,19.4,26,57,59,29.2,0.31,27456,0,0
10/7/2009 19:00,303,25.2,26.6,57,59,29.2,0.31,27456,0,0
10/7/2009 19:10,302,25.4,28.4,57,58,29.2,0.31,27456,0,0
10/7/2009 19:20,300,24.3,29.4,57,54,29.2,0.31,27456,0,0
10/7/2009 19:30,297,28.5,32.3,57,57,29.2,0.31,27456,0,0
10/7/2009 19:40,298,28.6,30.2,57,57,29.2,0.31,27456,0,0
10/7/2009 19:50,295,26.9,31.6,57,58,29.2,0.31,27456,0,0
10/7/2009 20:00,312,19.2,24.3,57,60,29.2,0.31,27456,0,0
10/7/2009 20:10,308,21,30.1,57,58,29.2,0.31,27456,0,0
10/7/2009 20:20,313,23.5,27.4,57,57,29.2,0.31,27456,0,0
10/7/2009 20:30,296,24.7,25.7,57,58,29.2,0.31,27456,0,0
10/7/2009 20:40,310,22.3,28.2,57,59,29.2,0.31,27456,0,0
10/7/2009 20:50,299,23.4,25.1,57,60,29.2,0.31,27456,0,0
10/7/2009 21:00,305,24.6,28.9,56.8,60,29.2,0,27456,0,0
10/7/2009 21:10,303,27.5,30.1,56.6,59,29.2,0,27456,0,0
10/7/2009 21:20,294,19.5,23.1,56.4,61,29.2,0,27456,0,0
10/7/2009 21:30,306,21.4,24,56.3,62,29.2,0,27456,0,0
10/7/2009 21:40,285,17.4,20.7,56.3,62,29.2,0,27456,0,0
10/7/2009 21:50,297,18.8,21.4,56.1,62,29.2,0,27456,0,0
10/7/2009 22:00,307,18,19.6,56.1,60,29.2,0,27456,0,0
10/7/2009 22:10,298,14,16.3,55.9,64,29.2,0,27456,0,0
10/7/2009 22:20,289,20.3,21.3,55.9,63,29.2,0,27456,0,0
10/7/2009 22:30,288,24.9,26.4,55.7,61,29.2,0,27456,0,0
10/7/2009 22:40,283,19.9,21.2,55.7,62,29.2,0,27456,0,0
10/7/2009 22:50,290,21.8,23.8,55.7,62,29.2,0,27456,0,0
10/7/2009 23:00,296,20.9,23.3,55.7,61,29.2,0,27456,0,0
10/7/2009 23:10,290,15.5,18,55.5,63,29.2,0,27456,0,0
10/7/2009 23:20,293,21.1,23,55.5,63,29.2,0,27456,0,0
10/7/2009 23:30,298,20.2,23.8,55.4,65,29.2,0,27456,0,0
10/7/2009 23:40,304,16.8,20.1,55.4,65,29.2,0,27456,0,0
10/7/2009 23:50,293,13.6,14.5,55.2,67,29.2,0,27456,0,0
10/8/2009 0:00,299,22.2,23.3,55.2,65,29.2,0,27456,0,0
10/8/2009 0:10,306,19.4,21.5,55,65,29.2,0,27456,0,0
10/8/2009 0:20,304,21.1,24.4,55,60,29.2,0,27456,0,0
10/8/2009 0:30,288,22.2,23.7,55,62,29.2,0,27456,0,0
10/8/2009 0:40,299,17.9,19.9,55,65,29.2,0,27456,0,0
10/8/2009 0:50,298,18.4,20.4,55,62,29.2,0,27456,0,0
10/8/2009 1:00,297,15,17.2,54.8,66,29.2,0,27456,0,0
10/8/2009 1:10,283,15.1,16.4,54.8,66,29.2,0,27456,0,0
10/8/2009 1:20,292,11.9,13.6,54.6,67,29.2,0,27456,0,0
10/8/2009 1:30,297,16.2,17.6,54.8,66,29.2,0,27456,0,0
10/8/2009 1:40,284,10.7,12.6,54.8,70,29.2,0,27456,0,0
10/8/2009 1:50,210,4.2,5.4,51,74,29.2,0,27456,0,0
10/8/2009 2:00,194,7.6,7.8,49.4,80,29.2,0,27456,0,0
10/8/2009 2:10,183,8.2,9.1,48.7,82,29.2,0,27456,0,0
10/8/2009 2:20,181,8.6,9.5,48.3,83,29.2,0,27456,0,0
10/8/2009 2:30,185,9.1,10.3,48.2,83,29.2,0,27456,0,0
10/8/2009 2:40,176,8.7,9.1,47.6,84,29.2,0,27456,0,0
10/8/2009 2:50,177,8.2,9,47.8,84,29.2,0,27456,0,0
10/8/2009 3:00,180,10.8,11.8,48,84,29.2,0,27456,0,0
10/8/2009 3:10,191,9.4,10.2,48,84,29.2,0,27456,0,0
10/8/2009 3:20,191,8.9,10.1,47.8,84,29.3,0,27456,0,0
10/8/2009 3:30,191,9.9,10.6,47.8,84,29.3,0,27456,0,0
10/8/2009 3:40,175,11,12.7,48,83,29.3,0,27456,0,0
10/8/2009 3:50,169,9.2,9.8,48,81,29.3,0,27456,0,0
10/8/2009 4:00,190,6.5,8,47.8,81,29.3,0,27456,0,0
10/8/2009 4:10,176,9,10.5,47.8,80,29.3,0,27456,0,0
10/8/2009 4:20,180,6.5,10.1,47.8,79,29.3,0,27456,0,0
10/8/2009 4:30,202,9.6,10.1,47.8,78,29.3,0,27456,0,0
10/8/2009 4:40,188,11.1,11.8,47.8,77,29.3,0,27456,0,0
10/8/2009 4:50,236,3.1,4.3,47.4,78,29.3,0,27456,0,0
10/8/2009 5:00,182,9.3,10.4,47.8,77,29.3,0,27456,0,0
10/8/2009 5:10,195,8.7,11.3,48.2,76,29.3,0,27456,0,0
10/8/2009 5:20,179,9.5,10.7,48.3,76,29.3,0,27456,0,0
10/8/2009 5:30,179,7.7,8.9,48.7,75,29.3,0,27456,0,0
10/8/2009 5:40,182,7,9.1,49.1,75,29.3,0,27456,0,0
10/8/2009 5:50,189,8.8,10.8,49.6,74,29.3,0,27456,0,0
10/8/2009 6:00,164,9.6,10.7,50.1,74,29.3,0,27456,0,0
10/8/2009 6:10,182,10.9,12.1,51,73,29.3,0,27456,0,0
10/8/2009 6:20,194,14.1,15.3,51.8,71,29.3,0,27456,0,0
10/8/2009 6:30,179,5.8,8.9,52.3,71,29.3,0,27456,0,0
10/8/2009 6:40,217,3.6,5.3,52.7,71,29.3,0,27456,0,0
10/8/2009 6:50,186,7.1,9.9,52.7,71,29.3,0,27456,0,0
10/8/2009 7:00,179,6.5,8.3,53,71,29.3,0,27456,0,0
10/8/2009 7:10,187,8.1,10.8,53,70,29.3,0,27456,0,0
10/8/2009 7:20,190,13.1,13.7,53.4,69,29.3,0,27456,0,0
10/8/2009 7:30,183,8.9,10.6,53.9,68,29.3,0,27456,0,0
10/8/2009 7:40,206,9.9,11.2,54.3,67,29.3,0,27456,0,0
10/8/2009 7:50,170,5.1,7.6,54.6,66,29.3,0,27456,0,0
10/8/2009 8:00,206,10.8,11.5,54.8,66,29.3,0,27456,0,0
10/8/2009 8:10,193,8.8,9.9,55,65,29.2,0,27456,0,0
10/8/2009 8:20,214,3.8,5.1,55.4,64,29.2,0,27456,0,0
10/8/2009 8:30,192,6.2,7.1,55.4,63,29.2,0,27456,0,0
10/8/2009 8:40,208,9,9.8,55.7,62,29.2,0,27456,0,0
10/8/2009 8:50,238,3.7,4.9,56.3,60,29.2,0,27456,0,0
10/8/2009 9:00,189,9.4,9.7,56.4,60,29.2,0,27456,0,0
10/8/2009 9:10,205,6.2,7.1,56.8,56,29.3,0,27456,0,0
10/8/2009 9:20,135,4.8,7.3,57.2,58,29.3,0,27456,0,0
10/8/2009 9:30,183,12.1,12.9,57.3,57,29.2,0,27456,0,0
10/8/2009 9:40,219,7.6,9.7,57.9,56,29.2,0,27456,0,0
10/8/2009 9:50,225,9.4,10.8,58.1,55,29.2,0,27456,0,0
10/8/2009 10:00,209,7.2,10,58.6,54,29.2,0,27456,0,0
10/8/2009 10:10,213,8.7,10.2,58.4,53,29.2,0,27456,0,0
10/8/2009 10:20,213,12.1,13.5,58.4,54,29.3,0,27456,0,0
10/8/2009 10:30,139,3.7,5.7,58.8,53,29.3,0,27456,0,0
10/8/2009 10:40,191,5.5,7.6,59.1,53,29.3,0,27456,0,0
10/8/2009 10:50,208,9.3,11,58.8,53,29.3,0,27456,0,0
10/8/2009 11:00,209,15,17,59,54,29.3,0,27456,0,0
10/8/2009 11:10,217,6.8,11.9,59,54,29.3,0,27456,0,0
10/8/2009 11:20,221,18,18.8,59,52,29.2,0,27456,0,0
10/8/2009 11:30,202,7.7,12.2,59.1,53,29.2,0,27456,0,0
10/8/2009 11:40,198,5.9,8.2,59.1,54,29.2,0,27456,0,0
10/8/2009 11:50,50,3,3.6,59.7,53,29.2,0,27456,0,0
10/8/2009 12:00,205,3.7,4.9,59.9,54,29.2,0,27456,0,0
10/8/2009 12:10,219,9.7,10.9,60,53,29.2,0,27456,0,0
10/8/2009 12:20,222,4.3,5.3,60.2,54,29.2,0,27456,0,0
10/8/2009 12:30,190,5.1,5.8,60.6,54,29.2,0,27456,0,0
10/8/2009 12:40,218,5.7,6.5,61.3,54,29.2,0,27456,0,0
10/8/2009 12:50,186,5.8,6.6,61.1,53,29.2,0,27456,0,0
10/8/2009 13:00,206,7.9,8.6,61.7,54,29.2,0,27456,0,0
10/8/2009 13:10,252,8.3,9.5,61.8,53,29.2,0,27456,0,0
10/8/2009 13:20,163,2.9,4.2,61.8,53,29.2,0,27456,0,0
10/8/2009 13:30,225,4.7,7.6,62,51,29.2,0,27456,0,0
10/8/2009 13:40,234,9.1,10,61.8,49,29.2,0,27456,0,0
10/8/2009 13:50,236,5.7,6,61.7,50,29.2,0,27456,0,0
10/8/2009 14:00,224,8.2,9.2,61.5,50,29.2,0,27456,0,0
10/8/2009 14:10,196,7.7,8.7,61.1,52,29.2,0,27456,0,0
10/8/2009 14:20,214,4.7,5.4,60.6,51,29.2,0,27456,0,0
10/8/2009 14:30,220,9.1,10.5,60.2,52,29.2,0,27456,0,0
10/8/2009 14:40,208,8,9.2,60,53,29.2,0,27456,0,0
10/8/2009 14:50,213,6.2,7,59.7,54,29.2,0,27456,0,0
10/8/2009 15:00,203,4.4,5.5,59.3,56,29.2,0,27456,0,0
10/8/2009 15:10,171,10.6,11.9,59,56,29.2,0,27456,0,0
10/8/2009 15:20,192,20.3,21.9,58.8,56,29.2,0,27456,0,0
10/8/2009 15:30,176,19.4,20.3,58.6,56,29.2,0,27456,0,0
10/8/2009 15:40,204,11.2,12.7,58.2,58,29.2,0,27456,0,0
10/8/2009 15:50,198,12.8,14.2,58.1,60,29.2,0,27476,0,0
10/8/2009 16:00,178,8.7,10.8,57.7,61,29.2,0,27536,0,0
10/8/2009 16:10,186,8,10.9,57.3,62,29.2,0,27546,0,0
10/8/2009 16:20,190,14.5,15.1,56.8,64,29.2,0,27816,0,0
10/8/2009 16:30,185,11.1,12.3,56.1,68,29.2,0,28026,0,0
10/8/2009 16:40,202,8.2,9.3,55.5,71,29.2,0,28306,0,0
10/8/2009 16:50,190,13.1,13.8,55,72,29.2,0,28496,0,0
10/8/2009 17:00,199,9.1,10.3,54.3,75,29.2,0,28926,0,0
10/8/2009 17:10,197,3.8,5.2,53.9,77,29.2,0,28926,0,0
10/8/2009 17:20,209,3.5,3.9,53.6,78,29.2,0,28926,0,0
10/8/2009 17:30,199,2,2.4,53.6,79,29.2,0,28926,0,0
10/8/2009 17:40,183,7.3,7.8,53.4,78,29.2,0,28926,0,0
10/8/2009 17:50,131,2.2,3,53.4,80,29.2,0,28936,0,0
10/8/2009 18:00,128,2,2.7,53.2,80,29.2,0,28936,0,0
10/8/2009 18:10,162,4.4,5.5,53.4,78,29.2,0,28936,0,0
10/8/2009 18:20,181,7.6,8.7,53.4,76,29.2,0,28936,0,0
10/8/2009 18:30,157,8.4,9.7,53.6,76,29.2,0,28936,0,0
10/8/2009 18:40,97,3.6,5,53.7,76,29.2,0,28936,0,0
10/8/2009 18:50,196,5.8,6.8,53.7,76,29.2,0,28936,0,0
10/8/2009 19:00,142,4.5,5.7,53.7,76,29.2,0,28936,0,0
10/8/2009 19:10,191,3.8,5.8,53.7,76,29.1,0,28936,0,0
10/8/2009 19:20,167,11.7,13.5,53.9,75,29.1,0,28936,0,0
10/8/2009 19:30,177,9.4,11.1,54.1,74,29.1,0,28936,0,0
10/8/2009 19:40,93,3.4,4.2,54.3,73,29.1,0,28936,0,0
10/8/2009 19:50,172,6.4,8.7,54.6,72,29.1,0,28936,0,0
10/8/2009 20:00,153,8.3,9.1,54.6,72,29.1,0,28936,0,0
10/8/2009 20:10,181,9.3,10.3,54.6,72,29.1,0,28936,0,0
10/8/2009 20:20,172,15.1,15.7,54.6,71,29.1,0,28936,0,0
10/8/2009 20:30,196,14.5,15.9,54.5,72,29.1,0,28936,0,0
10/8/2009 20:40,187,13.8,15.1,54.5,73,29.1,0,28936,0,0
10/8/2009 20:50,172,10.1,12.4,54.3,74,29.1,0,28936,0,0
10/8/2009 21:00,165,4.6,6,54.3,74,29.1,0,28936,0,0
10/8/2009 21:10,177,2.3,3.7,54.1,74,29.1,0,28936,0,0
10/8/2009 21:20,112,2.2,2.6,54.1,74,29.1,0,28936,0,0
10/8/2009 21:30,72,3,3.4,53.9,74,29.1,0,28936,0,0
10/8/2009 21:40,92,1.9,2.2,53.9,73,29.1,0,28936,0,0
10/8/2009 21:50,120,3.8,4.2,53.9,73,29.1,0,28936,0,0
10/8/2009 22:00,152,6.5,7.6,53.9,73,29.1,0,28936,0,0
10/8/2009 22:10,177,5.5,7,53.9,72,29.1,0,28936,0,0
10/8/2009 22:20,212,1,2.1,53.9,73,29.1,0,28936,0,0
10/8/2009 22:30,202,5.3,5.9,53.7,73,29.1,0,28936,0,0
10/8/2009 22:40,198,1.4,2.3,53.7,73,29.1,0,28936,0,0
10/8/2009 22:50,271,1.3,1.8,53.7,74,29.1,0,28936,0,0
10/8/2009 23:00,186,2.2,2.5,53.7,74,29.1,0,28936,0,0
10/8/2009 23:10,184,3.7,4.2,53.7,74,29.1,0,28936,0,0
10/8/2009 23:20,104,2,2.5,53.6,75,29.1,0,28936,0,0
10/8/2009 23:30,188,4.1,4.8,53.6,75,29.1,0,28936,0,0
10/8/2009 23:40,131,7.4,8.6,53,80,29,0,28936,0,0
10/8/2009 23:50,190,6.5,7.2,52.7,81,29,0,28936,0,0
10/9/2009 0:00,178,5.8,7.2,52.5,83,29,0,28966,0,0
10/9/2009 0:10,172,8.5,8.8,52.3,85,29,0,29356,0,0
10/9/2009 0:20,170,9.1,12.1,51.9,86,29,0,29726,0,0
10/9/2009 0:30,172,4.5,6.5,52.1,87,29,0,29726,0,0
10/9/2009 0:40,191,9.6,10.7,52.1,87,29,0,29726,0,0
10/9/2009 0:50,175,12.7,13.4,52.3,88,29,0,29926,0,0
10/9/2009 1:00,166,10.8,11,52.3,88,29,0,30286,0,0
10/9/2009 1:10,248,32.3,40.2,52.3,89,29,0,30396,0,0
10/9/2009 1:20,259,39.6,40.1,52.3,89,29,0,30486,0,0
10/9/2009 1:30,283,39.3,40,52.3,89,29,0.01,30556,0.02,0.02
10/9/2009 1:40,265,46.6,49.6,52.1,90,29,0.01,30626,0,0
10/9/2009 1:50,312,36.2,37.4,52.1,90,29,0.01,30626,0,0
10/9/2009 2:00,263,42.8,47.4,52.1,91,29.1,0.01,30716,0.03,0.03
10/9/2009 2:10,-Invalid-,-Invalid-,-Invalid-,-Invalid-,-Invalid-,-Invalid-,-Invalid-,-Invalid-,-Invalid-,-Invalid-
10/9/2009 2:20,315,23.7,26.4,51.9,92,29,0.03,31656,0.11,0.11
10/9/2009 2:30,108,17.3,30.6,51.9,93,29,0.04,32236,0.08,0.08
10/9/2009 2:40,-Invalid-,-Invalid-,-Invalid-,-Invalid-,-Invalid-,-Invalid-,-Invalid-,-Invalid-,-Invalid-,-Invalid-
10/9/2009 2:50,-Invalid-,-Invalid-,-Invalid-,-Invalid-,-Invalid-,-Invalid-,-Invalid-,-Invalid-,-Invalid-,-Invalid-
10/9/2009 3:00,-Invalid-,-Invalid-,-Invalid-,-Invalid-,-Invalid-,-Invalid-,-Invalid-,-Invalid-,-Invalid-,-Invalid-
10/9/2009 3:10,96,21.4,24.6,51.9,93,29,0.05,34106,0.04,0.04
10/9/2009 3:20,300,28.4,32.6,51.9,93,29,0.06,34706,0.06,0.06
10/9/2009 3:30,305,6.6,18.1,52.1,93,29,0.07,35306,0.02,0.02
10/9/2009 3:40,-Invalid-,-Invalid-,-Invalid-,-Invalid-,-Invalid-,-Invalid-,-Invalid-,-Invalid-,-Invalid-,-Invalid-
10/9/2009 3:50,17,2.5,3.4,52.1,93,29,0.09,36496,0.04,0.04
10/9/2009 4:00,97,3.9,7,52.1,94,29,0.09,37026,0.02,0.02
10/9/2009 4:10,171,5.5,11.4,52.1,93,29,0.09,37386,0.01,0.01
10/9/2009 4:20,293,4.7,5,52.1,93,29,0.09,37676,0,0
10/9/2009 4:30,114,6.3,7.8,52.3,93,29,0.09,38096,0.01,0.01
10/9/2009 4:40,-Invalid-,-Invalid-,-Invalid-,-Invalid-,-Invalid-,-Invalid-,-Invalid-,-Invalid-,-Invalid-,-Invalid-
10/9/2009 4:50,296,26.3,29.8,52.3,93,29,0.1,38576,0,0
10/9/2009 5:00,285,33.1,36.2,52.3,93,29,0.1,38606,0,0
10/9/2009 5:10,252,34.6,36.9,52.5,93,29,0.1,38696,0,0
10/9/2009 5:20,281,33.1,36,52.5,93,29,0.1,38696,0,0
10/9/2009 5:30,258,39.4,40.8,52.5,93,29,0.1,38866,0.01,0.01
10/9/2009 5:40,264,36.9,38.1,52.7,93,29,0.1,38886,0,0
10/9/2009 5:50,264,40,41,52.8,93,29,0.1,38886,0,0
10/9/2009 6:00,-Invalid-,-Invalid-,-Invalid-,-Invalid-,-Invalid-,-Invalid-,-Invalid-,-Invalid-,-Invalid-,-Invalid-
10/9/2009 6:10,83,8.4,14.2,53,92,29,0.1,39166,0,0
10/9/2009 6:20,318,5.1,6.8,53.4,92,29,0.1,39336,0,0
10/9/2009 6:30,103,9.7,10.8,53.4,92,29,0.1,39336,0,0
10/9/2009 6:40,331,4.4,5.8,53.6,93,29,0.1,39376,0,0
10/9/2009 6:50,-Invalid-,-Invalid-,-Invalid-,-Invalid-,-Invalid-,-Invalid-,-Invalid-,-Invalid-,-Invalid-,-Invalid-
10/9/2009 7:00,-Invalid-,-Invalid-,-Invalid-,-Invalid-,-Invalid-,-Invalid-,-Invalid-,-Invalid-,-Invalid-,-Invalid-
10/9/2009 7:10,329,5.3,12.7,53.9,92,29,0.1,39376,0,0
10/9/2009 7:20,-Invalid-,-Invalid-,-Invalid-,-Invalid-,-Invalid-,-Invalid-,-Invalid-,-Invalid-,-Invalid-,-Invalid-
10/9/2009 7:30,331,40.4,42.3,54.3,91,28.9,0.1,39396,0,0
10/9/2009 7:40,-Invalid-,-Invalid-,-Invalid-,-Invalid-,-Invalid-,-Invalid-,-Invalid-,-Invalid-,-Invalid-,-Invalid-
10/9/2009 7:50,328,3,3.9,54.6,90,29,0.1,39396,0,0
10/9/2009 8:00,276,6.7,7.3,54.6,91,29,0.1,39496,0,0
10/9/2009 8:10,229,4.2,4.9,54.6,90,28.9,0.1,39526,0,0
10/9/2009 8:20,220,3.1,3.7,54.6,91,28.9,0.1,39546,0,0
10/9/2009 8:30,181,2.7,3.5,54.8,91,28.9,0.1,39546,0,0
10/9/2009 8:40,240,6.4,7,54.8,90,28.9,0.1,39546,0,0
10/9/2009 8:50,191,4,4.8,55,89,28.9,0.1,39596,0,0
10/9/2009 9:00,255,4.1,4.5,55,89,28.9,0.1,39596,0,0
10/9/2009 9:10,200,1.1,1.7,55,90,28.9,0.1,39756,0,0
10/9/2009 9:20,282,7.4,8.3,55,90,28.9,0.1,39846,0,0
10/9/2009 9:30,250,5.7,6.1,55,90,29,0.1,40026,0,0
10/9/2009 9:40,249,3,4.1,55,91,29,0.1,40096,0,0
10/9/2009 9:50,240,3.7,4.1,54.8,92,28.9,0.1,40216,0,0
10/9/2009 10:00,296,5.6,6.8,54.8,92,28.9,0.1,40286,0,0
10/9/2009 10:10,241,6.2,6.5,54.5,92,28.9,0.1,40306,0,0
10/9/2009 10:20,248,4.2,4.8,54.5,94,28.9,0.1,40336,0,0
10/9/2009 10:30,289,6,6.8,54.3,94,28.9,0.1,40416,0,0
10/9/2009 10:40,309,5.3,6.3,54.3,94,28.9,0.1,40416,0,0
10/9/2009 10:50,321,7.2,7.8,54.3,95,28.9,0.1,40496,0,0
10/9/2009 11:00,39,7.5,7.8,54.1,95,28.9,0.1,41006,0.01,0.01
10/9/2009 11:10,341,4.8,5.8,54.3,95,28.9,0.11,41586,0.01,0.01
10/9/2009 11:20,245,4.3,5,54.3,95,28.9,0.11,41756,0,0
10/9/2009 11:30,252,3.2,4,54.3,95,28.9,0.11,42046,0.02,0.02
10/9/2009 11:40,197,2.1,2.5,54.6,95,28.9,0.11,42506,0,0
10/9/2009 11:50,53,2.7,3.2,54.6,95,28.9,0.11,42726,0,0
10/9/2009 12:00,146,3.9,4.7,54.6,94,28.9,0.11,42796,0,0
10/9/2009 12:10,317,1.4,1.9,55,94,28.9,0.11,42896,0,0
10/9/2009 12:20,199,4.5,4.9,55,92,28.9,0.11,43096,0,0
10/9/2009 12:30,254,2.8,3.2,55,93,28.9,0.11,43196,0,0
10/9/2009 12:40,190,3.2,3.9,55.2,93,28.9,0.12,43706,0.01,0.01
10/9/2009 12:50,284,2.2,2.7,55.4,93,28.9,0.12,44096,0,0
10/9/2009 13:00,218,2.4,3.1,55.4,93,28.9,0.12,44166,0,0
10/9/2009 13:10,142,2,2.8,55.2,93,28.9,0.12,44406,0,0
10/9/2009 13:20,191,2.1,2.3,55.4,93,28.9,0.12,44626,0,0
10/9/2009 13:30,90,2.3,2.8,55.5,93,28.9,0.12,44626,0,0
10/9/2009 13:40,148,1.9,2.4,55.4,92,28.9,0.12,44626,0,0
10/9/2009 13:50,148,1,1.4,55.5,92,28.9,0.12,44636,0,0
10/9/2009 14:00,86,0.9,1.5,55.7,93,28.9,0.12,44636,0,0
10/9/2009 14:10,203,1,1.5,55.5,93,28.9,0.12,44656,0,0
10/9/2009 14:20,11,1.4,1.9,55.7,93,28.9,0.12,44656,0,0
10/9/2009 14:30,94,1.4,2.1,55.7,94,28.9,0.12,44736,0,0
10/9/2009 14:40,117,1.5,1.7,55.5,93,28.9,0.12,45236,0.01,0.01
10/9/2009 14:50,98,0.9,1.3,55.5,93,28.9,0.12,45606,0,0
10/9/2009 15:00,268,0.7,1.2,55.5,93,28.9,0.12,45686,0,0
10/9/2009 15:10,12,4,4.9,55.2,94,28.9,0.12,45886,0,0
10/9/2009 15:20,225,2.2,3.9,55.2,95,28.9,0.12,46056,0,0
10/9/2009 15:30,99,1.3,2,55.2,95,28.9,0.12,46376,0,0
10/9/2009 15:40,105,2.6,3.7,55,95,28.9,0.12,46536,0,0
10/9/2009 15:50,117,1.2,2.1,55.2,95,28.9,0.13,46806,0,0
10/9/2009 16:00,120,0.7,1.2,55.2,95,28.9,0.13,47076,0,0
10/9/2009 16:10,127,1.5,1.8,55.4,96,28.9,0.13,47316,0,0
10/9/2009 16:20,54,1.9,3.4,55.4,95,28.9,0.13,47616,0,0
10/9/2009 16:30,118,2.6,3.6,55.5,95,28.9,0.13,47676,0,0
10/9/2009 16:40,131,3.6,4.7,55.5,95,28.9,0.13,47776,0,0
10/9/2009 16:50,68,2.4,3.1,55.4,95,28.9,0.13,47846,0,0
10/9/2009 17:00,205,3.4,4.3,55.4,95,28.9,0.13,47846,0,0
10/9/2009 17:10,251,2.5,3.3,55.4,95,28.9,0.13,47856,0,0
10/9/2009 17:20,167,3.7,4.2,55.2,95,28.9,0.13,48006,0,0
10/9/2009 17:30,125,3.7,4.1,55.2,95,28.9,0.13,48246,0,0
10/9/2009 17:40,221,2.2,2.5,55.2,95,28.9,0.13,48296,0,0
10/9/2009 17:50,293,2.6,4.2,55.2,95,28.9,0.13,48366,0,0
10/9/2009 18:00,57,10.8,16.4,55.2,95,28.9,0.13,48416,0,0
10/9/2009 18:10,276,5.7,10.8,55.2,95,28.9,0.13,48446,0,0
10/9/2009 18:20,275,4.4,4.9,55.2,95,28.9,0.13,48456,0,0
10/9/2009 18:30,263,5.2,6.1,55.2,95,28.9,0.13,48556,0.01,0.01
10/9/2009 18:40,290,13.1,14.5,55.4,95,28.9,0.13,48996,0.06,0.06
10/9/2009 18:50,298,10.4,11.1,55.7,94,28.9,0.13,49426,0.02,0.02
10/9/2009 19:00,295,13.1,14.4,55.5,93,28.9,0.14,49936,0,0
10/9/2009 19:10,301,15.1,15.6,55.5,92,28.9,0.14,50266,0,0
10/9/2009 19:20,286,7,8.8,55.5,92,28.9,0.14,50686,0.01,0.01
10/9/2009 19:30,290,13.1,14,55.5,92,28.9,0.16,51286,0.13,0.13
10/9/2009 19:40,288,15.2,16.4,55.4,90,28.9,0.16,51796,0,0
10/9/2009 19:50,2,5.9,8,54.6,93,28.9,0.16,52056,0,0
10/9/2009 20:00,5,13,14,54.1,95,28.9,0.16,52076,0,0
10/9/2009 20:10,354,9.7,12.5,53.7,95,28.9,0.16,52076,0,0
10/9/2009 20:20,317,8.6,10.5,53.7,95,28.9,0.16,52206,0,0
10/9/2009 20:30,349,12.2,14.8,53.4,95,28.9,0.17,52706,0.05,0.05
10/9/2009 20:40,332,6.9,8.4,52.8,95,28.9,0.17,53196,0,0
10/9/2009 20:50,310,5.1,6,52.7,95,28.9,0.18,53506,0.01,0.01
10/9/2009 21:00,17,11.5,13.7,52.7,95,28.9,0.01,54096,0.01,0.01
10/9/2009 21:10,333,8.5,11.5,52.5,95,28.9,0.01,54486,0.01,0.01
10/9/2009 21:20,27,6,7.3,52.3,95,28.9,0.01,54886,0,0
10/9/2009 21:30,9,10.5,13.7,51.6,94,28.9,0.01,54956,0,0
10/9/2009 21:40,19,19.7,22.5,50.9,95,29,0.01,55036,0,0
10/9/2009 21:50,9,13.9,17.4,50.5,95,29,0.01,55036,0,0
10/9/2009 22:00,37,13.6,16.5,50.1,94,29,0.01,55036,0,0
10/9/2009 22:10,356,17.5,19.5,50,94,29,0.01,55046,0,0
10/9/2009 22:20,347,8.8,14.4,49.4,94,29,0.01,55056,0,0
10/9/2009 22:30,3,10.8,12.1,49.2,95,29,0.01,55056,0,0
10/9/2009 22:40,6,13.2,14.6,49.2,96,29,0.01,55056,0,0
10/9/2009 22:50,353,6.8,11.4,49.1,96,29,0.01,55066,0,0
10/9/2009 23:00,18,20.4,24.1,48.7,96,29,0.01,55076,0,0
10/9/2009 23:10,335,18.8,21.9,48.3,96,29,0.01,55076,0,0
10/9/2009 23:20,14,11.2,12.6,48.3,96,29,0.01,55076,0,0
10/9/2009 23:30,2,5.7,7.1,48.2,96,29,0.01,55076,0,0
10/9/2009 23:40,14,6.4,7,48,96,29,0.01,55076,0,0
10/9/2009 23:50,30,6.3,8.4,48,94,29,0.01,55076,0,0
10/10/2009 0:00,352,8.5,10.1,48,93,29,0.01,55076,0,0
10/10/2009 0:10,340,8.1,11.7,48.3,93,29,0.01,55076,0,0
10/10/2009 0:20,352,7.6,8.5,48.7,92,29,0.01,55076,0,0
10/10/2009 0:30,336,12.7,14.1,48.5,91,29,0.01,55086,0,0
10/10/2009 0:40,20,11.2,14.1,48.2,93,29,0.01,55086,0,0
10/10/2009 0:50,36,6.1,6.9,47.8,95,29,0.01,55086,0,0
10/10/2009 1:00,17,5.2,6.4,47.8,95,29.1,0.01,55086,0,0
10/10/2009 1:10,355,8.8,9.9,48,92,29.1,0.01,55086,0,0
10/10/2009 1:20,352,14.6,15.7,48.2,91,29.1,0.01,55086,0,0
10/10/2009 1:30,6,5,6.3,48.5,91,29.1,0.01,55086,0,0
10/10/2009 1:40,342,10.7,12.1,48.2,89,29.1,0.01,55086,0,0
10/10/2009 1:50,354,9.3,11.3,48.2,87,29.1,0.01,55086,0,0
10/10/2009 2:00,341,11.2,12.4,48.2,87,29.1,0.01,55086,0,0
10/10/2009 2:10,354,17.9,18.9,48,90,29.1,0.01,55086,0,0
10/10/2009 2:20,345,11.9,12.7,47.4,93,29.1,0.01,55086,0,0
10/10/2009 2:30,331,13.5,15,47.3,91,29.1,0.01,55176,0,0
10/10/2009 2:40,333,10.4,13.4,47.1,90,29.1,0.01,55176,0,0
10/10/2009 2:50,333,13.4,15.5,47.4,86,29.1,0.01,55176,0,0
10/10/2009 3:00,329,14.5,15.8,47.3,86,29.1,0.01,55176,0,0
10/10/2009 3:10,317,8.9,11.8,47.4,87,29.1,0.01,55176,0,0
10/10/2009 3:20,320,13.2,15.9,47.4,84,29.1,0.01,55176,0,0
10/10/2009 3:30,344,16.3,19.1,47.6,82,29.1,0.01,55176,0,0
10/10/2009 3:40,337,10.9,13.5,47.8,82,29.2,0.01,55176,0,0
10/10/2009 3:50,8,8.8,9.8,47.8,80,29.2,0.01,55176,0,0
10/10/2009 4:00,354,11,11.9,47.6,80,29.2,0.01,55176,0,0
10/10/2009 4:10,8,11.2,12.7,47.6,80,29.2,0.01,55176,0,0
10/10/2009 4:20,38,9,10.1,47.6,80,29.2,0.01,55176,0,0
10/10/2009 4:30,333,9.6,10.7,47.6,80,29.2,0.01,55176,0,0
10/10/2009 4:40,1,11.2,12.1,47.6,77,29.2,0.01,55176,0,0
10/10/2009 4:50,1,7,7.7,47.8,76,29.2,0.01,55176,0,0
10/10/2009 5:00,340,6.6,8,48,74,29.2,0.01,55176,0,0
10/10/2009 5:10,359,10.4,11.4,48,74,29.2,0.01,55176,0,0
10/10/2009 5:20,0,11.4,12.3,48.2,75,29.2,0.01,55176,0,0
10/10/2009 5:30,339,4.7,6.4,48.3,73,29.2,0.01,55176,0,0
10/10/2009 5:40,345,4.8,5.5,48.5,73,29.2,0.01,55176,0,0
10/10/2009 5:50,351,7.8,8.6,48.5,72,29.2,0.01,55176,0,0
10/10/2009 6:00,11,5.7,6.3,48.7,74,29.2,0.01,55176,0,0
10/10/2009 6:10,325,2.4,3.1,48.7,72,29.2,0.01,55176,0,0
10/10/2009 6:20,337,8.3,9.2,48.9,74,29.3,0.01,55176,0,0
10/10/2009 6:30,355,4.8,5.4,49.1,74,29.3,0.01,55176,0,0
10/10/2009 6:40,315,9.2,10,49.1,71,29.3,0.01,55176,0,0
10/10/2009 6:50,311,6.7,8.7,49.4,69,29.3,0.01,55176,0,0
10/10/2009 7:00,345,7.3,7.8,49.4,71,29.3,0.01,55176,0,0
10/10/2009 7:10,325,8,9.4,49.6,70,29.3,0.01,55176,0,0
10/10/2009 7:20,325,5.2,7.4,50,71,29.3,0.01,55196,0,0
10/10/2009 7:30,312,10.6,11.1,49.8,70,29.3,0.01,55196,0,0
10/10/2009 7:40,352,6.5,7.7,49.8,71,29.3,0.01,55196,0,0
10/10/2009 7:50,319,6.4,7.1,50,70,29.3,0.01,55196,0,0
10/10/2009 8:00,352,9.8,11.2,50.3,67,29.3,0.01,55196,0,0
10/10/2009 8:10,18,5.6,6.6,50.7,68,29.3,0.01,55196,0,0
10/10/2009 8:20,8,8,9,51,65,29.3,0.01,55196,0,0
10/10/2009 8:30,319,6.9,7,51,66,29.3,0.01,55196,0,0
10/10/2009 8:40,321,5,5.6,51.2,65,29.3,0.01,55196,0,0
10/10/2009 8:50,310,6.2,7.3,51.2,65,29.3,0.01,55196,0,0
10/10/2009 9:00,335,9,10.4,51.4,64,29.3,0.01,55196,0,0
10/10/2009 9:10,320,9.1,9.8,51.8,62,29.3,0.01,55196,0,0
10/10/2009 9:20,318,10.4,11,51.8,61,29.3,0.01,55196,0,0
10/10/2009 9:30,9,6.8,7.4,51.9,66,29.3,0.01,55196,0,0
10/10/2009 9:40,322,6.9,8.2,52.3,63,29.3,0.01,55196,0,0
10/10/2009 9:50,325,3.6,4.2,51.9,64,29.3,0.01,55196,0,0
10/10/2009 10:00,316,4.6,5.2,52.5,64,29.3,0.01,55196,0,0
10/10/2009 10:10,9,4.3,6.1,52.5,62,29.3,0.01,55196,0,0
10/10/2009 10:20,276,7,8.5,52.8,63,29.3,0.01,55196,0,0
10/10/2009 10:30,289,6.6,7.2,52.7,62,29.3,0.01,55196,0,0
10/10/2009 10:40,344,4.3,5.6,53.2,61,29.3,0.01,55196,0,0
10/10/2009 10:50,294,6.3,6.9,53.2,61,29.3,0.01,55196,0,0
10/10/2009 11:00,67,3.8,5.3,53,61,29.3,0.01,55196,0,0
10/10/2009 11:10,276,4,5.5,53,60,29.3,0.01,55196,0,0
10/10/2009 11:20,283,4.8,5.6,52.8,61,29.3,0.01,55196,0,0
10/10/2009 11:30,317,4.9,5.8,52.8,61,29.3,0.01,55196,0,0
10/10/2009 11:40,291,5.2,6.6,53.2,63,29.3,0.01,55196,0,0
10/10/2009 11:50,296,8.9,10.1,53.4,58,29.3,0.01,55196,0,0
10/10/2009 12:00,283,10.2,11.2,52.7,60,29.3,0.01,55196,0,0
10/10/2009 12:10,289,13.3,13.9,53,62,29.3,0.01,55196,0,0
10/10/2009 12:20,303,7.6,8.7,52.8,62,29.3,0.01,55196,0,0
10/10/2009 12:30,297,11.1,12.6,52.8,63,29.3,0.01,55196,0,0
10/10/2009 12:40,268,14.4,15,52.7,64,29.3,0.01,55196,0,0
10/10/2009 12:50,274,17.6,18.3,52.8,59,29.3,0.01,55196,0,0
10/10/2009 13:00,288,13.2,14.7,52.5,58,29.3,0.01,55196,0,0
10/10/2009 13:10,307,6.1,7.7,52.5,60,29.3,0.01,55196,0,0
10/10/2009 13:20,307,13,14.1,52.3,59,29.3,0.01,55196,0,0
10/10/2009 13:30,259,5.5,7.5,52.3,59,29.3,0.01,55196,0,0
10/10/2009 13:40,303,15,17.1,52.8,57,29.3,0.01,55196,0,0
10/10/2009 13:50,311,6.5,8.7,52.5,60,29.3,0.01,55196,0,0
10/10/2009 14:00,279,18.5,19.7,52.5,59,29.3,0.01,55196,0,0
10/10/2009 14:10,288,17.9,21,52.3,58,29.3,0.01,55196,0,0
10/10/2009 14:20,275,8.9,11.9,52.5,61,29.3,0.01,55196,0,0
10/10/2009 14:30,272,15.1,16.5,52.7,58,29.3,0.01,55196,0,0
10/10/2009 14:40,265,16.2,17.2,52.3,61,29.3,0.01,55196,0,0
10/10/2009 14:50,270,19,22.1,52.5,61,29.3,0.01,55196,0,0
10/10/2009 15:00,277,14.7,16,52.5,63,29.3,0.01,55196,0,0
10/10/2009 15:10,286,6.6,9,52.5,59,29.3,0.01,55196,0,0
10/10/2009 15:20,280,14.4,16.4,52.5,56,29.3,0.01,55196,0,0
10/10/2009 15:30,284,16.5,19.2,52.5,58,29.3,0.01,55196,0,0
10/10/2009 15:40,302,10.9,13.4,52.3,57,29.3,0.01,55196,0,0
10/10/2009 15:50,261,11,13.9,52.3,59,29.3,0.01,55196,0,0
10/10/2009 16:00,217,4.4,7.2,52.3,59,29.3,0.01,55196,0,0
10/10/2009 16:10,307,6.6,7.7,52.3,60,29.3,0.01,55196,0,0
10/10/2009 16:20,221,3.1,4.6,52.1,59,29.3,0.01,55196,0,0
10/10/2009 16:30,207,8.5,9.1,50.5,61,29.3,0.01,55196,0,0
10/10/2009 16:40,198,5.9,6.3,49.2,65,29.3,0.01,55196,0,0
10/10/2009 16:50,194,5.6,5.9,48.7,67,29.3,0.01,55196,0,0
10/10/2009 17:00,187,8.7,9.1,48.2,69,29.3,0.01,55196,0,0
10/10/2009 17:10,190,6.8,7.5,48,70,29.3,0.01,55196,0,0
10/10/2009 17:20,194,9.3,10.1,47.8,70,29.3,0.01,55196,0,0
10/10/2009 17:30,201,6.1,7,47.6,71,29.3,0.01,55196,0,0
10/10/2009 17:40,216,8.4,9.8,47.8,70,29.3,0.01,55196,0,0
10/10/2009 17:50,198,11.3,11.8,47.8,70,29.3,0.01,55196,0,0
10/10/2009 18:00,182,6.1,7.4,47.8,70,29.3,0.01,55196,0,0
10/10/2009 18:10,196,8,8.5,47.6,71,29.3,0.01,55196,0,0
10/10/2009 18:20,197,8.3,9.3,47.8,71,29.3,0.01,55196,0,0
10/10/2009 18:30,202,7.6,8.6,47.6,72,29.3,0.01,55196,0,0
10/10/2009 18:40,180,8.9,10.3,47.6,72,29.3,0.01,55196,0,0
10/10/2009 18:50,202,13.4,14.1,47.6,72,29.3,0.01,55196,0,0
10/10/2009 19:00,180,11.7,12.7,47.8,72,29.3,0.01,55196,0,0
10/10/2009 19:10,214,11.3,13.6,47.6,73,29.3,0.01,55196,0,0
10/10/2009 19:20,166,9.1,11.7,47.8,73,29.3,0.01,55196,0,0
10/10/2009 19:30,184,11.2,12.1,48,73,29.3,0.01,55196,0,0
10/10/2009 19:40,201,14.8,16.1,48,73,29.3,0.01,55196,0,0
10/10/2009 19:50,189,12.4,14.6,48,73,29.3,0.01,55196,0,0
10/10/2009 20:00,177,6.1,8.8,48,73,29.3,0.01,55196,0,0
10/10/2009 20:10,223,4.5,5.8,48,73,29.3,0.01,55196,0,0
10/10/2009 20:20,200,14.3,15.5,48.2,73,29.3,0.01,55196,0,0
10/10/2009 20:30,199,9,13.2,48.2,73,29.3,0.01,55196,0,0
10/10/2009 20:40,208,13.5,14.3,48.3,72,29.3,0.01,55196,0,0
10/10/2009 20:50,215,7,8.6,48.3,72,29.3,0.01,55196,0,0
10/10/2009 21:00,219,11.8,13.4,48.7,72,29.3,0,55196,0,0
10/10/2009 21:10,212,11,11.4,48.9,71,29.3,0,55196,0,0
10/10/2009 21:20,203,13.6,14.8,49.1,70,29.3,0,55196,0,0
10/10/2009 21:30,207,12.1,13.3,49.1,70,29.3,0,55196,0,0
10/10/2009 21:40,214,5.6,7.6,49.2,70,29.3,0,55196,0,0
10/10/2009 21:50,198,9.8,13.8,49.4,70,29.3,0,55196,0,0
10/10/2009 22:00,232,13.4,14.1,49.8,70,29.3,0,55196,0,0
10/10/2009 22:10,228,15.7,16.5,50.1,68,29.3,0,55196,0,0
10/10/2009 22:20,289,5.3,8,50.9,66,29.3,0,55196,0,0
10/10/2009 22:30,262,12.5,13.9,50.9,67,29.3,0,55196,0,0
10/10/2009 22:40,301,24.2,26.3,52.3,64,29.3,0,55196,0,0
10/10/2009 22:50,326,14.5,16.8,51.8,65,29.3,0,55196,0,0
10/10/2009 23:00,304,23.6,25.9,51.2,62,29.3,0,55206,0,0
10/10/2009 23:10,306,27.1,28.9,50.9,65,29.3,0,55206,0,0
10/10/2009 23:20,304,22.9,28.8,50.5,62,29.3,0,55206,0,0
10/10/2009 23:30,299,22,24.1,50.3,61,29.3,0,55206,0,0
10/10/2009 23:40,297,16.8,20.2,50.3,64,29.3,0,55206,0,0
10/10/2009 23:50,313,14.2,16.6,50.3,64,29.3,0,55206,0,0
10/11/2009 0:00,277,27.1,28.9,50,61,29.3,0,55206,0,0
10/11/2009 0:10,323,21,25.3,50,60,29.3,0,55206,0,0
10/11/2009 0:20,291,21.7,23.3,49.8,65,29.3,0,55206,0,0
10/11/2009 0:30,296,20.4,22.7,49.6,63,29.3,0,55206,0,0
10/11/2009 0:40,301,15.6,18.3,49.2,65,29.3,0,55206,0,0
10/11/2009 0:50,301,22.9,23.5,49.1,61,29.3,0,55206,0,0
10/11/2009 1:00,273,14,19.1,49.1,63,29.3,0,55206,0,0
10/11/2009 1:10,296,29,32.3,48.9,65,29.3,0,55206,0,0
10/11/2009 1:20,301,18.4,26.4,48.3,68,29.3,0,55206,0,0
10/11/2009 1:30,326,22,25.7,47.6,74,29.3,0,55206,0,0
10/11/2009 1:40,335,18.7,21.2,47.3,74,29.3,0,55206,0,0
10/11/2009 1:50,334,17.6,21.4,46.9,72,29.4,0,55206,0,0
10/11/2009 2:00,329,14.6,17.1,46.5,74,29.4,0,55206,0,0
10/11/2009 2:10,301,17.9,20.8,46.2,75,29.4,0,55206,0,0
10/11/2009 2:20,325,10.6,13.3,46.2,75,29.4,0,55206,0,0
10/11/2009 2:30,296,20.3,21.6,46.2,74,29.4,0,55206,0,0
10/11/2009 2:40,324,21.5,23.5,45.8,70,29.4,0,55206,0,0
10/11/2009 2:50,293,19.6,21.5,45.6,65,29.4,0,55206,0,0
10/11/2009 3:00,296,14.7,15.7,45.3,71,29.4,0,55206,0,0
10/11/2009 3:10,297,17,22,45.3,69,29.4,0,55206,0,0
10/11/2009 3:20,310,17.8,18.6,44.9,68,29.4,0,55206,0,0
10/11/2009 3:30,293,10.3,13,44.9,66,29.4,0,55206,0,0
10/11/2009 3:40,303,8.7,11.1,44.7,67,29.4,0,55206,0,0
10/11/2009 3:50,312,17,17.6,44.6,65,29.4,0,55206,0,0
10/11/2009 4:00,300,19.8,21.4,44.4,65,29.4,0.01,55276,0,0
10/11/2009 4:10,317,19.1,20.6,44.4,65,29.4,0.01,55276,0,0
10/11/2009 4:20,301,18.2,19,44,63,29.4,0.01,55276,0,0
10/11/2009 4:30,316,12.5,16,44,65,29.4,0.01,55276,0,0
10/11/2009 4:40,289,8,8.7,43.8,63,29.4,0.01,55276,0,0
10/11/2009 4:50,300,20.1,22.2,43.8,61,29.4,0.01,55276,0,0
10/11/2009 5:00,315,10.5,15.6,43.5,63,29.4,0.01,55276,0,0
10/11/2009 5:10,300,12.5,19.1,43.7,61,29.4,0.01,55276,0,0
10/11/2009 5:20,299,11.9,12.8,43.7,60,29.4,0.01,55276,0,0
10/11/2009 5:30,322,12.5,15,43.8,60,29.4,0.01,55276,0,0
10/11/2009 5:40,305,19.3,21,43.5,59,29.4,0.01,55276,0,0
10/11/2009 5:50,297,18,19.3,43.7,57,29.4,0.01,55276,0,0
10/11/2009 6:00,308,16.5,17.3,43.7,58,29.4,0.01,55276,0,0
10/11/2009 6:10,296,15.6,16.4,43.8,57,29.4,0.01,55276,0,0
10/11/2009 6:20,285,12.3,13.8,44,59,29.4,0.01,55276,0,0
10/11/2009 6:30,317,16.5,17.6,43.8,56,29.4,0.01,55276,0,0
10/11/2009 6:40,304,14.5,15.5,43.8,57,29.4,0.01,55276,0,0
10/11/2009 6:50,295,16.3,17.7,44.2,56,29.4,0.01,55276,0,0
10/11/2009 7:00,299,12.1,13.9,44,55,29.5,0.01,55276,0,0
10/11/2009 7:10,281,14.3,14.9,44.2,53,29.5,0.01,55276,0,0
10/11/2009 7:20,300,14.7,15.3,44,50,29.5,0.01,55276,0,0
10/11/2009 7:30,303,19.1,22.6,44.2,52,29.5,0.01,55276,0,0
10/11/2009 7:40,306,14.4,15.9,43.8,54,29.5,0.01,55276,0,0
10/11/2009 7:50,278,20.5,23.4,43.8,52,29.5,0.01,55276,0,0
10/11/2009 8:00,313,23.1,27,44,52,29.5,0.01,55276,0,0
10/11/2009 8:10,324,11.9,14.7,43.8,56,29.5,0.01,55276,0,0
10/11/2009 8:20,292,14,16.3,43.8,52,29.5,0.01,55276,0,0
10/11/2009 8:30,319,11.9,13.1,43.8,54,29.5,0.01,55276,0,0
10/11/2009 8:40,291,6.7,8.7,44,52,29.5,0.01,55276,0,0
10/11/2009 8:50,292,13.7,16.4,44.2,54,29.5,0.01,55276,0,0
10/11/2009 9:00,295,22.8,24.6,43.7,53,29.5,0.01,55276,0,0
10/11/2009 9:10,281,16.1,18.9,44.4,51,29.5,0.01,55276,0,0
10/11/2009 9:20,291,22.9,26,44.6,52,29.5,0.01,55276,0,0
10/11/2009 9:30,293,11,14.6,44.2,56,29.5,0.01,55276,0,0
10/11/2009 9:40,283,16.7,21.6,44.9,53,29.5,0.01,55276,0,0
10/11/2009 9:50,300,14.4,15.7,44.4,55,29.5,0.01,55276,0,0
10/11/2009 10:00,291,12.4,13.5,44.7,54,29.5,0.01,55276,0,0
10/11/2009 10:10,300,12.1,13.1,44.4,53,29.5,0.01,55276,0,0
10/11/2009 10:20,298,16.9,19.5,44.4,53,29.5,0.01,55276,0,0
10/11/2009 10:30,247,15.2,18.5,44.2,55,29.5,0.01,55276,0,0
10/11/2009 10:40,273,17.4,19.7,44.6,55,29.5,0.01,55276,0,0
10/11/2009 10:50,295,19.8,20.9,44.2,53,29.5,0.01,55276,0,0
10/11/2009 11:00,285,21.2,22.4,44.2,55,29.5,0.01,55276,0,0
10/11/2009 11:10,277,18,19.4,44.4,52,29.5,0.01,55276,0,0
10/11/2009 11:20,278,20.5,21.9,44.6,51,29.5,0.01,55276,0,0
10/11/2009 11:30,310,8.8,12.8,44.9,53,29.5,0.01,55276,0,0
10/11/2009 11:40,285,18.6,22,44.9,53,29.5,0.01,55276,0,0
10/11/2009 11:50,294,11.9,14.7,45.1,53,29.5,0.01,55276,0,0
10/11/2009 12:00,284,20.6,21.7,44.7,51,29.5,0.01,55276,0,0
10/11/2009 12:10,300,9.3,15.6,44.7,53,29.5,0.01,55276,0,0
10/11/2009 12:20,295,16,17.4,44.9,54,29.5,0.01,55276,0,0
10/11/2009 12:30,273,11.5,13.8,45.1,51,29.5,0.01,55276,0,0
10/11/2009 12:40,279,15.3,17,45.3,52,29.5,0.01,55276,0,0
10/11/2009 12:50,283,10.6,11.7,45.3,53,29.5,0.01,55276,0,0
10/11/2009 13:00,286,12.5,13.6,44.7,54,29.5,0.01,55276,0,0
10/11/2009 13:10,286,12.5,13.6,45.1,52,29.5,0.01,55276,0,0
10/11/2009 13:20,301,10.8,12.3,44.9,51,29.5,0.01,55276,0,0
10/11/2009 13:30,299,12.6,13.5,44.9,52,29.5,0.01,55276,0,0
10/11/2009 13:40,266,11.3,13.3,45.1,54,29.5,0.01,55276,0,0
10/11/2009 13:50,301,9.5,11.2,45.1,54,29.5,0.01,55276,0,0
10/11/2009 14:00,298,13.3,15.7,45.1,56,29.5,0.01,55276,0,0
10/11/2009 14:10,275,6.8,8.8,45.1,56,29.5,0.01,55276,0,0
10/11/2009 14:20,271,14.3,16.3,45.1,55,29.5,0.01,55276,0,0
10/11/2009 14:30,295,15.4,16.8,45.1,56,29.5,0.01,55276,0,0
10/11/2009 14:40,272,12.8,14.3,45.1,56,29.5,0.01,55276,0,0
10/11/2009 14:50,297,15.7,16.9,45.3,54,29.5,0.01,55276,0,0
10/11/2009 15:00,296,13,14.3,45.5,53,29.5,0.01,55276,0,0
10/11/2009 15:10,294,9,10.7,45.5,54,29.5,0.01,55276,0,0
10/11/2009 15:20,282,14.6,16.1,45.5,52,29.5,0.01,55276,0,0
10/11/2009 15:30,298,11.3,12.3,45.5,52,29.5,0.01,55276,0,0
10/11/2009 15:40,285,6.1,6.8,45.5,55,29.5,0.01,55276,0,0
10/11/2009 15:50,283,15.4,16.8,45.5,53,29.5,0.01,55276,0,0
10/11/2009 16:00,284,11,12.3,45.6,55,29.5,0.01,55276,0,0
10/11/2009 16:10,285,8.2,8.8,45.8,54,29.5,0.01,55276,0,0
10/11/2009 16:20,312,8.5,10,45.6,53,29.5,0.01,55276,0,0
10/11/2009 16:30,305,14.6,15.3,46,53,29.5,0.01,55276,0,0
10/11/2009 16:40,296,11.8,13.5,45.8,53,29.5,0.01,55276,0,0
10/11/2009 16:50,275,4.6,5.4,45.8,55,29.5,0.01,55276,0,0
10/11/2009 17:00,292,9.7,10.4,46,53,29.5,0.01,55276,0,0
10/11/2009 17:10,262,12.5,13,46,54,29.5,0.01,55276,0,0
10/11/2009 17:20,122,2.8,5.6,45.3,57,29.5,0.01,55276,0,0
10/11/2009 17:30,174,4.8,5.6,43.8,62,29.5,0.01,55276,0,0
10/11/2009 17:40,134,3.1,3.8,43.5,64,29.5,0.01,55276,0,0
10/11/2009 17:50,88,1.5,2,43.3,63,29.5,0.01,55276,0,0
10/11/2009 18:00,112,3.9,4.7,43.7,63,29.5,0.01,55276,0,0
10/11/2009 18:10,273,1.9,2.3,43.7,65,29.5,0.01,55276,0,0
10/11/2009 18:20,111,3.1,3.7,43.7,65,29.5,0.01,55276,0,0
10/11/2009 18:30,144,3.7,4,43.8,63,29.5,0.01,55276,0,0
10/11/2009 18:40,14,2.3,2.5,44,58,29.5,0.01,55276,0,0
10/11/2009 18:50,31,1.8,2.2,44,60,29.5,0.01,55276,0,0
10/11/2009 19:00,46,6.3,7.3,44.2,60,29.5,0.01,55276,0,0
10/11/2009 19:10,326,5.9,7.5,44,59,29.5,0.01,55276,0,0
10/11/2009 19:20,358,5.4,6.1,44,58,29.5,0.01,55276,0,0
10/11/2009 19:30,85,4,4.8,43.8,60,29.5,0.01,55276,0,0
10/11/2009 19:40,12,3.6,5,43.8,60,29.5,0.01,55276,0,0
10/11/2009 19:50,11,4.9,5.6,43.8,60,29.5,0.01,55276,0,0
10/11/2009 20:00,344,4.7,5.3,43.8,60,29.5,0.01,55276,0,0
10/11/2009 20:10,334,4,4.5,43.5,60,29.5,0.01,55276,0,0
10/11/2009 20:20,347,3.2,4.2,43.3,61,29.5,0.01,55276,0,0
10/11/2009 20:30,38,5,6.9,43.1,59,29.5,0.01,55276,0,0
10/11/2009 20:40,16,3.4,4.1,42.9,60,29.5,0.01,55276,0,0
10/11/2009 20:50,13,6.1,6.8,42.8,60,29.5,0.01,55276,0,0
10/11/2009 21:00,52,4.4,5.5,42.8,59,29.5,0,55276,0,0
10/11/2009 21:10,13,3.5,3.9,42.6,59,29.5,0,55276,0,0
10/11/2009 21:20,77,2.7,3.4,42.6,61,29.5,0,55276,0,0
10/11/2009 21:30,30,5.7,6.1,42.8,60,29.5,0,55276,0,0
10/11/2009 21:40,170,1.8,3.4,42,65,29.5,0,55276,0,0
10/11/2009 21:50,119,5.5,6.2,41,71,29.5,0,55276,0,0
10/11/2009 22:00,127,6.1,6.5,40.2,74,29.5,0,55276,0,0
10/11/2009 22:10,135,4.6,5.5,40.4,75,29.5,0,55276,0,0
10/11/2009 22:20,131,7.4,8,39.9,74,29.5,0,55276,0,0
10/11/2009 22:30,127,7.3,8.1,39.7,76,29.5,0,55276,0,0
10/11/2009 22:40,117,8,8.5,39.7,75,29.5,0,55276,0,0
10/11/2009 22:50,124,6.1,7.2,39.3,76,29.5,0,55276,0,0
10/11/2009 23:00,127,6.6,7.9,39.3,76,29.5,0,55276,0,0
10/11/2009 23:10,128,5.7,6.3,39.2,76,29.5,0,55276,0,0
10/11/2009 23:20,138,8.2,9,39.2,76,29.5,0,55276,0,0
10/11/2009 23:30,143,7.5,8.1,39.2,76,29.5,0,55276,0,0
10/11/2009 23:40,132,8.9,9.7,39.2,75,29.5,0,55276,0,0
10/11/2009 23:50,129,7,7.7,39.2,75,29.5,0,55276,0,0
10/12/2009 0:00,114,7.8,8.8,39.2,75,29.5,0,55276,0,0
10/12/2009 0:10,117,8.9,10.2,39,75,29.5,0,55276,0,0
10/12/2009 0:20,148,5.7,7.6,39,76,29.5,0,55276,0,0
10/12/2009 0:30,121,6.2,6.8,38.8,75,29.5,0,55276,0,0
10/12/2009 0:40,180,3.1,4.5,38.8,75,29.5,0,55276,0,0
10/12/2009 0:50,131,8.1,8.5,39,74,29.5,0,55276,0,0
10/12/2009 1:00,121,6.4,7,39,74,29.5,0,55276,0,0
10/12/2009 1:10,114,6.3,6.9,39,74,29.5,0,55276,0,0
10/12/2009 1:20,117,9.3,10.6,39.2,74,29.5,0,55276,0,0
10/12/2009 1:30,123,7.9,8.4,39.3,73,29.5,0,55276,0,0
10/12/2009 1:40,112,7.5,8.5,39.9,71,29.5,0,55276,0,0
10/12/2009 1:50,134,5.4,7.1,40.1,71,29.5,0,55276,0,0
10/12/2009 2:00,114,4.2,5.5,40.2,70,29.5,0,55276,0,0
10/12/2009 2:10,136,4.7,5.3,40.4,68,29.5,0,55276,0,0
10/12/2009 2:20,140,6.4,8.8,40.6,66,29.5,0,55276,0,0
10/12/2009 2:30,135,6.7,7.6,40.8,66,29.5,0,55276,0,0
10/12/2009 2:40,125,7.1,7.7,40.6,67,29.5,0,55276,0,0
10/12/2009 2:50,129,7.6,8.2,40.6,66,29.5,0,55276,0,0
10/12/2009 3:00,125,8.5,9.9,40.8,66,29.5,0,55276,0,0
10/12/2009 3:10,134,7,8.3,40.8,66,29.5,0,55276,0,0
10/12/2009 3:20,75,3.5,4.6,40.8,66,29.5,0,55276,0,0
10/12/2009 3:30,123,6.9,8,40.8,65,29.5,0,55276,0,0
10/12/2009 3:40,114,6.3,7.4,40.8,66,29.5,0,55276,0,0
10/12/2009 3:50,111,8.5,9.1,40.6,66,29.5,0,55276,0,0
10/12/2009 4:00,117,7.2,8.1,40.6,66,29.5,0,55276,0,0
10/12/2009 4:10,112,6.9,8.1,40.4,67,29.5,0,55276,0,0
10/12/2009 4:20,125,7.4,8.5,40.4,67,29.5,0,55276,0,0
10/12/2009 4:30,126,6.8,7.5,40.6,67,29.5,0,55276,0,0
10/12/2009 4:40,134,7,8.5,40.6,67,29.5,0,55276,0,0
10/12/2009 4:50,129,9.5,10.4,40.2,68,29.5,0,55276,0,0
10/12/2009 5:00,128,7.4,8.9,40.2,69,29.5,0,55276,0,0
10/12/2009 5:10,111,5.7,6.6,40.4,69,29.5,0,55276,0,0
10/12/2009 5:20,147,8.1,8.8,40.4,68,29.5,0,55276,0,0
10/12/2009 5:30,129,6.3,8.4,40.8,67,29.5,0,55276,0,0
10/12/2009 5:40,130,3.1,4.4,41.1,66,29.5,0,55276,0,0
10/12/2009 5:50,137,8.9,10.1,41.9,63,29.5,0,55276,0,0
10/12/2009 6:00,113,6.7,8.2,42.4,61,29.5,0,55276,0,0
10/12/2009 6:10,124,10.8,12.5,42.8,60,29.5,0,55276,0,0
10/12/2009 6:20,142,8.4,9.5,43.1,59,29.5,0,55276,0,0
10/12/2009 6:30,167,11.2,12.1,43.8,59,29.5,0,55276,0,0
10/12/2009 6:40,134,10.5,11.6,43.7,60,29.5,0,55276,0,0
10/12/2009 6:50,142,9.4,10,44,61,29.5,0,55276,0,0
10/12/2009 7:00,85,3.2,4.4,43.8,62,29.5,0,55276,0,0
10/12/2009 7:10,167,5.4,6.2,44.7,59,29.5,0,55276,0,0
10/12/2009 7:20,136,8.1,9.3,44.9,58,29.5,0,55276,0,0
10/12/2009 7:30,165,8.6,9.9,45.3,57,29.5,0,55276,0,0
10/12/2009 7:40,164,4.1,6.9,45.8,57,29.5,0,55276,0,0
10/12/2009 7:50,258,3.8,4.5,46.2,57,29.5,0,55276,0,0
10/12/2009 8:00,117,4,4.9,45.5,57,29.5,0,55276,0,0
10/12/2009 8:10,153,7.6,8.8,45.6,58,29.5,0,55276,0,0
10/12/2009 8:20,215,4.3,4.9,46.2,58,29.5,0,55276,0,0
10/12/2009 8:30,141,5.2,5.8,46.2,57,29.5,0,55276,0,0
10/12/2009 8:40,138,4.7,5.8,46.2,56,29.5,0,55276,0,0
10/12/2009 8:50,340,1.4,2,46.5,55,29.5,0,55276,0,0
10/12/2009 9:00,81,6.1,7,46.2,56,29.5,0,55276,0,0
10/12/2009 9:10,124,3.3,3.9,46.2,56,29.4,0,55276,0,0
10/12/2009 9:20,95,2.2,3.4,46.2,59,29.4,0,55306,0,0
10/12/2009 9:30,109,4.2,5.1,46,58,29.5,0,55326,0,0
10/12/2009 9:40,105,3.1,3.7,46.4,58,29.5,0,55326,0,0
10/12/2009 9:50,108,5.1,5.8,46.4,59,29.4,0,55326,0,0
10/12/2009 10:00,107,6.4,7.1,46.4,57,29.4,0,55326,0,0
10/12/2009 10:10,86,5.1,5.8,46.5,57,29.4,0,55326,0,0
10/12/2009 10:20,92,3.7,5.7,46.9,58,29.4,0,55326,0,0
10/12/2009 10:30,80,6,6.8,47.1,57,29.4,0,55336,0,0
10/12/2009 10:40,146,5.2,6.8,46.9,58,29.4,0,55476,0,0
10/12/2009 10:50,77,5.4,6.9,46.7,62,29.4,0,55556,0,0
10/12/2009 11:00,92,6.9,7.6,46.4,62,29.4,0,55786,0,0
10/12/2009 11:10,69,5,5.4,46,66,29.4,0,55846,0,0
10/12/2009 11:20,58,7.2,7.8,46,67,29.4,0,56046,0.02,0.02
10/12/2009 11:30,57,7,7.7,46.2,70,29.4,0.01,56556,0.03,0.03
10/12/2009 11:40,77,4.1,6.4,46.2,70,29.4,0.01,56816,0,0
10/12/2009 11:50,50,9.5,10.4,46,70,29.3,0.01,56826,0,0
10/12/2009 12:00,85,8.4,9,46,72,29.3,0.01,56826,0,0
10/12/2009 12:10,48,5.6,6.8,46.4,71,29.3,0.01,56826,0,0
10/12/2009 12:20,41,7.2,9.5,46.7,69,29.3,0.01,56826,0,0
10/12/2009 12:30,43,8.8,9.6,46.9,68,29.3,0.01,56826,0,0
10/12/2009 12:40,78,7.5,8.8,46.7,70,29.3,0.01,56826,0,0
10/12/2009 12:50,62,5,6.1,46.5,70,29.3,0.01,56826,0,0
10/12/2009 13:00,20,4.6,5.5,46.9,70,29.3,0.01,56826,0,0
10/12/2009 13:10,62,7.4,9,47.1,71,29.3,0.01,56826,0,0
10/12/2009 13:20,56,5.3,6.9,47.3,73,29.3,0.01,56826,0,0
10/12/2009 13:30,72,8.7,9.7,47.4,72,29.3,0.01,56826,0,0
10/12/2009 13:40,78,8.2,8.6,47.4,72,29.3,0.01,56826,0,0
10/12/2009 13:50,54,6.6,9.1,47.4,73,29.3,0.01,56826,0,0
10/12/2009 14:00,79,9.2,10.3,47.4,73,29.3,0.01,56826,0,0
10/12/2009 14:10,69,5.9,6.8,47.3,73,29.3,0.01,56826,0,0
10/12/2009 14:20,96,2.2,3.4,47.1,74,29.3,0.01,56826,0,0
10/12/2009 14:30,78,5.3,5.7,46.9,73,29.3,0.01,56826,0,0
10/12/2009 14:40,81,6.2,6.7,46.7,75,29.3,0.01,56826,0,0
10/12/2009 14:50,56,5.9,7.2,46.7,76,29.3,0.01,56826,0,0
10/12/2009 15:00,50,5.6,6.6,46.5,75,29.3,0.01,56826,0,0
10/12/2009 15:10,106,4.6,5.2,46.5,76,29.3,0.01,56826,0,0
10/12/2009 15:20,80,4.6,5,46.5,76,29.3,0.01,56826,0,0
10/12/2009 15:30,65,4.9,5.5,46.5,78,29.3,0.01,56826,0,0
10/12/2009 15:40,66,4.4,4.9,46.4,79,29.3,0.01,56826,0,0
10/12/2009 15:50,56,5.7,6.8,46.4,79,29.3,0.01,56826,0,0
10/12/2009 16:00,80,7.7,8.6,46.5,80,29.3,0.01,56826,0,0
10/12/2009 16:10,71,5.3,5.9,46.4,80,29.3,0.01,56826,0,0
10/12/2009 16:20,97,5.4,6.4,46.5,80,29.3,0.01,56826,0,0
10/12/2009 16:30,90,5.1,5.6,46.7,80,29.3,0.01,56826,0,0
10/12/2009 16:40,82,7.9,8.8,46.5,80,29.3,0.01,56896,0,0
10/12/2009 16:50,91,9.6,10.7,46.4,82,29.3,0.01,56926,0,0
10/12/2009 17:00,79,6.1,6.5,46.4,82,29.3,0.01,56946,0,0
10/12/2009 17:10,108,7.1,7.7,46.5,82,29.3,0.01,56946,0,0
10/12/2009 17:20,102,8.2,9,46.4,82,29.3,0.01,56946,0,0
10/12/2009 17:30,91,9.7,10.8,46.4,83,29.3,0.01,56946,0,0
10/12/2009 17:40,92,7.5,8,46.4,83,29.3,0.01,56946,0,0
10/12/2009 17:50,107,8,8.7,46.4,82,29.3,0.01,56946,0,0
10/12/2009 18:00,85,6.5,7,46.5,81,29.3,0.01,56946,0,0
10/12/2009 18:10,88,4.4,5.6,46.5,81,29.3,0.01,56946,0,0
10/12/2009 18:20,81,7.3,7.8,46.5,80,29.3,0.01,56946,0,0
10/12/2009 18:30,89,5,5.8,46.5,81,29.3,0.01,56946,0,0
10/12/2009 18:40,84,4.1,4.4,46.5,82,29.3,0.01,56946,0,0
10/12/2009 18:50,73,4.8,5.1,46.5,82,29.3,0.01,56946,0,0
10/12/2009 19:00,72,5.8,6.2,46.5,83,29.3,0.01,56946,0,0
10/12/2009 19:10,80,5,5.4,46.4,84,29.3,0.01,56946,0,0
10/12/2009 19:20,96,4.7,5.2,46.4,85,29.3,0.01,56946,0,0
10/12/2009 19:30,97,4.6,5.1,46.4,85,29.3,0.01,56946,0,0
10/12/2009 19:40,93,4.3,4.7,46.5,85,29.3,0.01,56946,0,0
10/12/2009 19:50,73,3.7,4.3,46.5,86,29.3,0.01,56946,0,0
10/12/2009 20:00,72,4.2,4.8,46.5,85,29.2,0.01,56946,0,0
10/12/2009 20:10,32,1.6,2.3,46.5,86,29.3,0.01,56946,0,0
10/12/2009 20:20,85,3.3,3.7,46.7,84,29.2,0.01,56946,0,0
10/12/2009 20:30,100,3.1,3.4,46.9,84,29.2,0.01,56946,0,0
10/12/2009 20:40,115,4.2,4.7,47.3,81,29.2,0.01,56946,0,0
10/12/2009 20:50,146,3.8,4.7,47.8,80,29.2,0.01,56946,0,0
10/12/2009 21:00,167,3,3.2,47.8,79,29.2,0,56946,0,0
10/12/2009 21:10,142,4.1,4.7,48,78,29.2,0,56946,0,0
10/12/2009 21:20,158,3,4,48,78,29.2,0,56946,0,0
10/12/2009 21:30,162,3.1,3.6,48.2,78,29.2,0,56946,0,0
10/12/2009 21:40,150,3.3,4.4,48.2,77,29.2,0,56946,0,0
10/12/2009 21:50,161,4.4,5.6,48,77,29.2,0,56946,0,0
10/12/2009 22:00,159,6,6.6,48,77,29.2,0,56946,0,0
10/12/2009 22:10,190,3.4,4.2,48,76,29.2,0,56946,0,0
10/12/2009 22:20,168,6.3,7.6,47.8,77,29.2,0,56946,0,0
10/12/2009 22:30,171,5.5,6.8,47.8,77,29.2,0,56946,0,0
10/12/2009 22:40,158,8.3,8.8,47.8,77,29.2,0,56946,0,0
10/12/2009 22:50,171,7.2,8.2,47.8,77,29.2,0,56946,0,0
10/12/2009 23:00,185,7,7.8,48,76,29.2,0,56946,0,0
10/12/2009 23:10,195,5.4,5.9,48,76,29.2,0,56946,0,0
10/12/2009 23:20,199,7.1,8.4,48,76,29.2,0,56946,0,0
10/12/2009 23:30,202,3.9,4.4,48,76,29.2,0,56946,0,0
10/12/2009 23:40,179,7.2,7.9,48,76,29.2,0,56946,0,0
10/12/2009 23:50,192,8.9,9.1,48.2,75,29.2,0,56946,0,0
10/13/2009 0:00,186,6.3,8.3,48.3,75,29.2,0,56946,0,0
10/13/2009 0:10,203,7.2,8,48.3,75,29.2,0,56946,0,0
10/13/2009 0:20,180,6.5,7.8,48.3,76,29.2,0,56946,0,0
10/13/2009 0:30,195,7.5,8.1,48.2,76,29.2,0,56946,0,0
10/13/2009 0:40,200,4.2,4.8,48.2,77,29.2,0,56946,0,0
10/13/2009 0:50,187,7.3,8.1,48.2,76,29.2,0,56946,0,0
10/13/2009 1:00,195,6,6.5,48.3,76,29.2,0,56946,0,0
10/13/2009 1:10,215,5,5.3,48.5,75,29.2,0,56946,0,0
10/13/2009 1:20,214,5.4,6.2,48.5,75,29.2,0,56946,0,0
10/13/2009 1:30,230,4.4,4.6,48.7,74,29.2,0,56946,0,0
10/13/2009 1:40,208,3.2,3.7,48.9,73,29.2,0,56946,0,0
10/13/2009 1:50,198,4.2,5.2,48.9,73,29.2,0,56946,0,0
10/13/2009 2:00,203,2.5,3.3,48.7,75,29.2,0,56946,0,0
10/13/2009 2:10,200,4.2,5.8,48.5,76,29.2,0,56946,0,0
10/13/2009 2:20,215,7.3,8.1,48.5,76,29.2,0,56946,0,0
10/13/2009 2:30,214,6.3,7,48.5,76,29.2,0,56946,0,0
10/13/2009 2:40,227,7.3,7.7,48.5,76,29.2,0,56946,0,0
10/13/2009 2:50,209,5.2,5.8,48.7,76,29.2,0,56946,0,0
10/13/2009 3:00,213,6.2,7.2,48.7,76,29.2,0,56946,0,0
10/13/2009 3:10,190,4.8,5.4,48.5,78,29.2,0,56946,0,0
10/13/2009 3:20,207,6.3,7.4,48.5,79,29.2,0,56946,0,0
10/13/2009 3:30,216,3.4,4.5,48.5,82,29.2,0,56956,0,0
10/13/2009 3:40,256,4.6,5,48,86,29.3,0,56986,0,0
10/13/2009 3:50,355,19.5,23.3,47.8,92,29.3,0,57296,0.01,0.01
10/13/2009 4:00,331,17.6,22.1,46.7,93,29.3,0.01,57406,0,0
10/13/2009 4:10,343,15.1,18.9,46.5,91,29.3,0.01,57416,0,0
10/13/2009 4:20,338,13.4,14.9,46.9,93,29.3,0.01,57416,0,0
10/13/2009 4:30,348,8.5,9.8,46.7,90,29.3,0.01,57416,0,0
10/13/2009 4:40,14,3.8,5.2,46.5,89,29.3,0.01,57416,0,0
10/13/2009 4:50,327,8.6,9.7,46.7,89,29.3,0.01,57416,0,0
10/13/2009 5:00,26,5.1,5.7,46.9,89,29.3,0.01,57416,0,0
10/13/2009 5:10,349,6.5,7,47.1,88,29.3,0.01,57416,0,0
10/13/2009 5:20,318,10.2,11,47.3,87,29.3,0.01,57416,0,0
10/13/2009 5:30,315,8.5,9.3,47.4,86,29.3,0.01,57416,0,0
10/13/2009 5:40,320,10.3,11.2,48.2,84,29.3,0.01,57416,0,0
10/13/2009 5:50,297,14.4,15.7,49.1,78,29.3,0.01,57416,0,0
10/13/2009 6:00,315,21.9,23.3,49.6,75,29.3,0.01,57416,0,0
10/13/2009 6:10,325,13.1,17.9,50,77,29.3,0.01,57416,0,0
10/13/2009 6:20,322,15,19.1,49.4,79,29.3,0.01,57416,0,0
10/13/2009 6:30,306,22.4,24,49.4,79,29.3,0.01,57416,0,0
10/13/2009 6:40,326,20.8,23.6,49.1,77,29.3,0.01,57416,0,0
10/13/2009 6:50,321,23.2,27.9,48.9,77,29.3,0.01,57416,0,0
10/13/2009 7:00,326,25.2,27.2,49.1,73,29.3,0.01,57416,0,0
10/13/2009 7:10,304,22.1,24.5,49.2,72,29.3,0.01,57416,0,0
10/13/2009 7:20,316,20.3,22.9,49.1,74,29.3,0.01,57416,0,0
10/13/2009 7:30,331,17.2,19.9,49.1,80,29.3,0.01,57416,0,0
10/13/2009 7:40,329,21.3,23.8,48.7,75,29.3,0.01,57416,0,0
10/13/2009 7:50,344,15.5,16.5,48.2,79,29.3,0.01,57416,0,0
10/13/2009 8:00,340,15,17,48,79,29.3,0.01,57416,0,0
10/13/2009 8:10,340,16.5,18.4,48,78,29.3,0.01,57416,0,0
10/13/2009 8:20,352,14.6,15.8,47.8,79,29.3,0.01,57416,0,0
10/13/2009 8:30,328,17.1,19.7,47.8,79,29.3,0.01,57416,0,0
10/13/2009 8:40,348,17.8,21.9,48,78,29.3,0.01,57416,0,0
10/13/2009 8:50,323,17.8,18.7,47.8,79,29.3,0.01,57426,0,0
10/13/2009 9:00,326,15.6,17.2,47.8,79,29.4,0.01,57426,0,0
10/13/2009 9:10,323,21.4,23.3,48,78,29.4,0.01,57426,0,0
10/13/2009 9:20,330,25.3,27.1,48.5,77,29.4,0.01,57426,0,0
10/13/2009 9:30,314,14.2,21.7,47.1,79,29.4,0.01,57426,0,0
10/13/2009 9:40,343,15.6,18.6,47.4,76,29.4,0.01,57426,0,0
10/13/2009 9:50,332,19.6,23.4,47.3,76,29.4,0.01,57426,0,0
10/13/2009 10:00,332,17.4,19.7,47.6,66,29.4,0.01,57426,0,0
10/13/2009 10:10,327,19.8,25.5,47.6,65,29.4,0.01,57426,0,0
10/13/2009 10:20,319,18,19.1,47.6,66,29.4,0.01,57426,0,0
10/13/2009 10:30,336,17.6,19.8,47.6,66,29.4,0.01,57426,0,0
10/13/2009 10:40,319,25.6,30.5,47.8,66,29.4,0.01,57426,0,0
10/13/2009 10:50,322,24.8,28,47.8,66,29.4,0.01,57426,0,0
10/13/2009 11:00,319,13.1,17.3,47.6,67,29.4,0.01,57426,0,0
10/13/2009 11:10,323,24.7,26.5,47.4,67,29.4,0.01,57426,0,0
10/13/2009 11:20,311,20.8,24.7,47.6,65,29.4,0.01,57426,0,0
10/13/2009 11:30,327,15.5,19.3,47.6,61,29.4,0.01,57426,0,0
10/13/2009 11:40,315,23.1,26.2,48.2,59,29.4,0.01,57426,0,0
10/13/2009 11:50,317,25,26.1,48.2,58,29.4,0.01,57426,0,0
10/13/2009 12:00,319,24.4,26.4,48.2,59,29.4,0.01,57426,0,0
10/13/2009 12:10,320,23.1,27.9,48.3,57,29.4,0.01,57426,0,0
10/13/2009 12:20,319,13.5,19.3,48.7,57,29.4,0.01,57426,0,0
10/13/2009 12:30,305,17.2,18.3,48.5,58,29.4,0.01,57426,0,0
10/13/2009 12:40,312,17.9,21.9,48.7,61,29.4,0.01,57426,0,0
10/13/2009 12:50,310,22.6,24,48.7,54,29.4,0.01,57426,0,0
10/13/2009 13:00,296,17.8,20.3,48.9,54,29.4,0.01,57426,0,0
10/13/2009 13:10,318,18.2,21.6,48.5,56,29.4,0.01,57426,0,0
10/13/2009 13:20,318,20.3,24.4,48.7,57,29.4,0.01,57426,0,0
10/13/2009 13:30,304,23.4,25.1,48.9,56,29.4,0.01,57426,0,0
10/13/2009 13:40,310,19.8,22.2,48.7,59,29.4,0.01,57426,0,0
10/13/2009 13:50,307,20.3,21.6,48.3,57,29.4,0.01,57426,0,0
10/13/2009 14:00,329,13.9,15.8,48.5,53,29.4,0.01,57426,0,0
10/13/2009 14:10,316,9.7,11.8,48.5,58,29.4,0.01,57426,0,0
10/13/2009 14:20,329,19.4,21.6,48.5,58,29.4,0.01,57426,0,0
10/13/2009 14:30,304,18,19.3,48.5,59,29.4,0.01,57426,0,0
10/13/2009 14:40,321,18.9,21,48.5,59,29.4,0.01,57426,0,0
10/13/2009 14:50,316,17.4,19.1,48.5,57,29.4,0.01,57426,0,0
10/13/2009 15:00,318,17.2,18.3,48.5,58,29.4,0.01,57426,0,0
10/13/2009 15:10,315,9,10.8,48.5,60,29.4,0.01,57426,0,0
10/13/2009 15:20,323,14.7,15.6,48.5,57,29.4,0.01,57426,0,0
10/13/2009 15:30,327,17.3,17.9,48.5,64,29.5,0.01,57426,0,0
10/13/2009 15:40,301,17,19.9,48.5,61,29.5,0.01,57426,0,0
10/13/2009 15:50,337,11.9,14,48.5,62,29.5,0.01,57426,0,0
10/13/2009 16:00,313,11.7,12.3,48.3,60,29.5,0.01,57426,0,0
10/13/2009 16:10,337,13.1,15,48.3,56,29.5,0.01,57426,0,0
10/13/2009 16:20,335,18.8,21.9,48.3,54,29.5,0.01,57426,0,0
10/13/2009 16:30,344,8.4,11.6,48.2,58,29.5,0.01,57426,0,0
10/13/2009 16:40,339,9.2,10.4,48.2,55,29.5,0.01,57426,0,0
10/13/2009 16:50,350,13.3,15.5,48.2,58,29.5,0.01,57426,0,0
10/13/2009 17:00,345,9.2,10.3,48.2,58,29.5,0.01,57426,0,0
10/13/2009 17:10,349,8.2,9.8,48,57,29.5,0.01,57426,0,0
10/13/2009 17:20,348,11.4,14.2,48,58,29.5,0.01,57426,0,0
10/13/2009 17:30,343,18.2,19.2,48.2,53,29.5,0.01,57426,0,0
10/13/2009 17:40,333,18.5,20.5,48.3,55,29.5,0.01,57426,0,0
10/13/2009 17:50,339,8.7,14.7,48,55,29.5,0.01,57426,0,0
10/13/2009 18:00,343,13.3,15.1,47.8,59,29.5,0.01,57426,0,0
10/13/2009 18:10,330,16.1,18.5,47.8,57,29.5,0.01,57426,0,0
10/13/2009 18:20,1,11,11.6,47.6,62,29.5,0.01,57426,0,0
10/13/2009 18:30,351,18,20.7,46.9,64,29.5,0.01,57426,0,0
10/13/2009 18:40,332,15.2,16.3,46.4,64,29.5,0.01,57426,0,0
10/13/2009 18:50,23,10.9,13,46.2,65,29.5,0.01,57426,0,0
10/13/2009 19:00,345,17.9,21.9,46.2,64,29.5,0.01,57426,0,0
10/13/2009 19:10,11,14.6,16.6,46.2,65,29.5,0.01,57426,0,0
10/13/2009 19:20,16,14.6,14.8,45.8,64,29.5,0.01,57426,0,0
10/13/2009 19:30,332,11.2,13,45.6,68,29.5,0.01,57426,0,0
10/13/2009 19:40,17,12.5,15,45.5,65,29.5,0.01,57426,0,0
10/13/2009 19:50,7,12.8,15.3,45.5,66,29.5,0.01,57426,0,0
10/13/2009 20:00,18,12.6,13.5,45.5,66,29.5,0.01,57426,0,0
10/13/2009 20:10,17,15,17.8,45.5,68,29.5,0.01,57426,0,0
10/13/2009 20:20,337,4.6,10.7,45.5,68,29.5,0.01,57426,0,0
10/13/2009 20:30,338,6.9,7.3,45.3,67,29.4,0.01,57426,0,0
10/13/2009 20:40,347,4.4,5.9,45.3,69,29.4,0.01,57426,0,0
10/13/2009 20:50,51,17.8,19.2,45.1,68,29.4,0.01,57426,0,0
10/13/2009 21:00,47,15.3,17,44.7,67,29.4,0,57426,0,0
10/13/2009 21:10,32,14,18.6,44.6,67,29.4,0,57426,0,0
10/13/2009 21:20,1,10.8,11.7,44.6,65,29.4,0,57426,0,0
10/13/2009 21:30,30,5.3,9.1,44.2,67,29.4,0,57426,0,0
10/13/2009 21:40,38,8.3,9.9,44.6,65,29.4,0,57426,0,0
10/13/2009 21:50,358,6.3,7,44.4,67,29.4,0,57426,0,0
10/13/2009 22:00,6,8.5,9,44.6,68,29.4,0,57426,0,0
10/13/2009 22:10,353,2.1,3.4,44.4,69,29.5,0,57426,0,0
10/13/2009 22:20,20,9.6,10.6,44.4,67,29.5,0,57426,0,0
10/13/2009 22:30,32,6.1,7.4,44.6,66,29.5,0,57426,0,0
10/13/2009 22:40,88,5.1,5.9,44.4,68,29.5,0,57426,0,0
10/13/2009 22:50,359,8.4,9.3,44.6,65,29.5,0,57426,0,0
10/13/2009 23:00,331,3.9,4.9,44.4,65,29.5,0,57426,0,0
10/13/2009 23:10,94,7.1,8.2,44.4,64,29.5,0,57426,0,0
10/13/2009 23:20,73,10.6,11.8,44.4,66,29.5,0,57426,0,0
10/13/2009 23:30,41,9.3,10,44.4,66,29.5,0,57426,0,0
10/13/2009 23:40,62,5.1,6.9,44.4,67,29.5,0,57426,0,0
10/13/2009 23:50,352,4.5,5.5,44.4,68,29.5,0,57426,0,0
10/14/2009 0:00,24,2.9,3.7,44.4,68,29.5,0,57426,0,0
10/14/2009 0:10,102,4,4.3,44.4,68,29.5,0,57426,0,0
10/14/2009 0:20,119,4.3,4.8,43.7,67,29.5,0,57426,0,0
10/14/2009 0:30,105,5.9,6.5,43.3,68,29.5,0,57426,0,0
10/14/2009 0:40,134,5,6,42.9,70,29.5,0,57426,0,0
10/14/2009 0:50,114,6.6,7.2,42.4,72,29.5,0,57426,0,0
10/14/2009 1:00,135,5.2,5.6,42,74,29.5,0,57426,0,0
10/14/2009 1:10,144,4.8,5.5,41.5,75,29.5,0,57426,0,0
10/14/2009 1:20,125,6.2,7.6,41.3,76,29.5,0,57426,0,0
10/14/2009 1:30,131,3.6,4.5,41.1,77,29.5,0,57426,0,0
10/14/2009 1:40,120,2.2,3.1,41.1,77,29.5,0,57426,0,0
10/14/2009 1:50,111,4.6,5,41.1,77,29.5,0,57426,0,0
10/14/2009 2:00,103,8.1,8.5,41.1,77,29.5,0,57426,0,0
10/14/2009 2:10,101,5.7,6.5,41.1,76,29.5,0,57426,0,0
10/14/2009 2:20,130,6.3,6.9,41.1,76,29.5,0,57426,0,0
10/14/2009 2:30,124,5.8,6.5,41,77,29.5,0,57426,0,0
10/14/2009 2:40,124,7.8,8.5,40.8,77,29.5,0,57426,0,0
10/14/2009 2:50,120,7.6,8.4,40.8,78,29.5,0,57426,0,0
10/14/2009 3:00,109,9.2,9.7,40.4,78,29.5,0,57426,0,0
10/14/2009 3:10,103,7,7.6,40.4,77,29.5,0,57426,0,0
10/14/2009 3:20,123,5.9,7.4,40.2,77,29.5,0,57426,0,0
10/14/2009 3:30,116,5,5.5,40.1,78,29.5,0,57426,0,0
10/14/2009 3:40,101,7.3,7.5,39.9,79,29.5,0,57426,0,0
10/14/2009 3:50,110,7.2,7.8,39.7,79,29.5,0,57426,0,0
10/14/2009 4:00,103,8.7,9.1,39.5,79,29.5,0,57426,0,0
10/14/2009 4:10,114,6.9,7.6,39.3,79,29.5,0,57426,0,0
10/14/2009 4:20,115,7,8.1,39.2,80,29.5,0,57426,0,0
10/14/2009 4:30,127,6.7,7.4,38.8,81,29.5,0,57426,0,0
10/14/2009 4:40,110,8.6,9.7,38.6,81,29.5,0,57426,0,0
10/14/2009 4:50,118,7,7.5,38.4,81,29.5,0,57426,0,0
10/14/2009 5:00,99,6,7,38.3,82,29.5,0,57426,0,0
10/14/2009 5:10,105,5.8,6.7,38.4,81,29.5,0,57426,0,0
10/14/2009 5:20,109,8.4,9,38.4,80,29.5,0,57426,0,0
10/14/2009 5:30,101,7.2,7.6,38.4,80,29.5,0,57426,0,0
10/14/2009 5:40,112,5.9,6.5,38.6,79,29.5,0,57426,0,0
10/14/2009 5:50,112,6,6.6,39,78,29.5,0,57426,0,0
10/14/2009 6:00,140,2.9,5.9,39.2,77,29.5,0,57426,0,0
10/14/2009 6:10,103,5.5,6,39.5,76,29.5,0,57426,0,0
10/14/2009 6:20,113,7.2,7.5,39.7,75,29.5,0,57426,0,0
10/14/2009 6:30,96,5.5,5.9,39.9,75,29.5,0,57426,0,0
10/14/2009 6:40,100,3.8,4.6,40.1,74,29.5,0,57426,0,0
10/14/2009 6:50,109,7.1,7.6,40.4,73,29.5,0,57426,0,0
10/14/2009 7:00,105,9.7,9.9,40.8,71,29.5,0,57426,0,0
10/14/2009 7:10,107,5.6,6.1,41,72,29.5,0,57426,0,0
10/14/2009 7:20,110,8.1,9.4,41.5,69,29.5,0,57426,0,0
10/14/2009 7:30,98,5.4,6.2,42.2,67,29.5,0,57426,0,0
10/14/2009 7:40,117,3.6,4.4,42.8,66,29.5,0,57426,0,0
10/14/2009 7:50,87,8.2,9.1,42.6,65,29.5,0,57426,0,0
10/14/2009 8:00,72,6.4,7.1,43.1,64,29.5,0,57426,0,0
10/14/2009 8:10,66,7.7,8.2,43.5,62,29.5,0,57426,0,0
10/14/2009 8:20,7,6.1,6.4,43.8,63,29.5,0,57426,0,0
10/14/2009 8:30,85,5.3,6,44,62,29.5,0,57426,0,0
10/14/2009 8:40,68,4.7,5.3,43.8,63,29.5,0,57426,0,0
10/14/2009 8:50,36,5.9,7.4,43.7,64,29.5,0,57426,0,0
10/14/2009 9:00,50,5.9,6.6,43.5,67,29.5,0,57426,0,0
10/14/2009 9:10,42,7.4,8.7,43.3,69,29.4,0,57426,0,0
10/14/2009 9:20,21,6.4,7.7,43.3,69,29.4,0,57426,0,0
10/14/2009 9:30,74,6.7,7.7,43.3,70,29.4,0,57426,0,0
10/14/2009 9:40,31,7,8.1,43.1,71,29.4,0,57426,0,0
10/14/2009 9:50,21,8.4,9.3,43.8,72,29.4,0,57426,0,0
10/14/2009 10:00,42,10.2,11.4,44,73,29.4,0,57426,0,0
10/14/2009 10:10,32,6.6,9.3,44,73,29.4,0,57426,0,0
10/14/2009 10:20,44,14,14.8,44.2,71,29.4,0,57426,0,0
10/14/2009 10:30,32,11.1,12.8,44.2,72,29.4,0,57426,0,0
10/14/2009 10:40,44,9,9.9,44.2,73,29.4,0,57426,0,0
10/14/2009 10:50,65,12.8,13.9,44.4,70,29.4,0,57426,0,0
10/14/2009 11:00,69,10,11.2,44.4,71,29.4,0,57426,0,0
10/14/2009 11:10,1,6.5,7.4,44.4,72,29.4,0,57426,0,0
10/14/2009 11:20,55,15.9,19,44.6,70,29.4,0,57426,0,0
10/14/2009 11:30,45,9.6,12.9,45.1,70,29.4,0,57426,0,0
10/14/2009 11:40,29,10.3,11.5,44.6,69,29.4,0,57426,0,0
10/14/2009 11:50,52,8.6,9.5,44.6,69,29.4,0,57426,0,0
10/14/2009 12:00,47,6.1,8,44.7,69,29.4,0,57426,0,0
10/14/2009 12:10,73,6.7,7.8,44.7,69,29.4,0,57426,0,0
10/14/2009 12:20,58,11.3,12.1,44.7,66,29.4,0,57426,0,0
10/14/2009 12:30,70,5.2,7.1,44.7,68,29.4,0,57426,0,0
10/14/2009 12:40,48,9.1,11.6,45.1,67,29.3,0,57426,0,0
10/14/2009 12:50,50,13.5,14.6,45.3,65,29.3,0,57426,0,0
10/14/2009 13:00,50,9,10.8,45.5,66,29.3,0,57426,0,0
10/14/2009 13:10,35,5.3,6.9,45.3,65,29.3,0,57426,0,0
10/14/2009 13:20,51,14.9,16.7,45.5,65,29.3,0,57426,0,0
10/14/2009 13:30,352,3.4,9.1,45.1,65,29.3,0,57426,0,0
10/14/2009 13:40,78,6.8,8.3,44.9,66,29.3,0,57426,0,0
10/14/2009 13:50,52,4.5,6.2,44.9,64,29.3,0,57426,0,0
10/14/2009 14:00,76,8,8.7,44.7,67,29.3,0,57426,0,0
10/14/2009 14:10,54,8.6,10.1,44.7,64,29.3,0,57426,0,0
10/14/2009 14:20,86,6.1,6.7,44.7,66,29.3,0,57426,0,0
10/14/2009 14:30,76,11.6,13.3,44.7,67,29.3,0,57426,0,0
10/14/2009 14:40,97,2.9,4.7,44.7,66,29.3,0,57426,0,0
10/14/2009 14:50,81,6.8,7.9,44.6,66,29.3,0,57426,0,0
10/14/2009 15:00,82,6.6,7.6,44.6,66,29.3,0,57426,0,0
10/14/2009 15:10,84,9.3,9.7,44.6,67,29.3,0,57426,0,0
10/14/2009 15:20,96,4.4,5.1,44.6,67,29.3,0,57426,0,0
10/14/2009 15:30,44,5.5,6.2,44.6,66,29.3,0,57426,0,0
10/14/2009 15:40,93,3.8,5.2,44.4,66,29.3,0,57426,0,0
10/14/2009 15:50,61,13.1,14.6,44.2,66,29.3,0,57426,0,0
10/14/2009 16:00,79,5.8,8.1,44.2,66,29.3,0,57426,0,0
10/14/2009 16:10,94,7.2,8.5,44.2,66,29.3,0,57426,0,0
10/14/2009 16:20,86,6.8,8.3,44.2,65,29.3,0,57426,0,0
10/14/2009 16:30,85,6.4,8.3,44,65,29.3,0,57426,0,0
10/14/2009 16:40,70,6.7,7.5,44,66,29.3,0,57426,0,0
10/14/2009 16:50,83,8.7,9.1,44,66,29.3,0,57426,0,0
10/14/2009 17:00,68,5.9,7.6,44,66,29.3,0,57426,0,0
10/14/2009 17:10,68,5.4,5.9,43.8,66,29.3,0,57426,0,0
10/14/2009 17:20,77,5.8,6.1,43.7,66,29.3,0,57426,0,0
10/14/2009 17:30,108,10.1,11.9,43.7,66,29.3,0,57426,0,0
10/14/2009 17:40,80,6.9,7.6,43.5,66,29.3,0,57426,0,0
10/14/2009 17:50,99,4.4,4.9,43.3,67,29.3,0,57426,0,0
10/14/2009 18:00,97,7.3,8.4,43.1,66,29.3,0,57426,0,0
10/14/2009 18:10,90,10,10.4,43.1,66,29.3,0,57426,0,0
10/14/2009 18:20,94,7.6,8.4,42.9,66,29.3,0,57426,0,0
10/14/2009 18:30,123,8,9.7,42.8,67,29.3,0,57426,0,0
10/14/2009 18:40,83,7.6,8.4,42.6,68,29.3,0,57426,0,0
10/14/2009 18:50,79,10.6,11.1,42.6,67,29.3,0,57426,0,0
10/14/2009 19:00,81,6.7,7.1,42.4,68,29.3,0,57426,0,0
10/14/2009 19:10,137,1.2,2.5,42.4,67,29.3,0,57426,0,0
10/14/2009 19:20,88,7.7,8.3,42.4,68,29.3,0,57426,0,0
10/14/2009 19:30,100,11.9,13.3,42.2,66,29.3,0,57426,0,0
10/14/2009 19:40,78,10,11,42.4,65,29.3,0,57426,0,0
10/14/2009 19:50,87,12.2,12.7,42.4,64,29.3,0,57426,0,0
10/14/2009 20:00,93,11.3,12.1,42.4,64,29.3,0,57426,0,0
10/14/2009 20:10,88,6,7.1,42.4,65,29.3,0,57426,0,0
10/14/2009 20:20,81,5.1,7.2,42.2,65,29.3,0,57426,0,0
10/14/2009 20:30,80,8.4,9.3,42.2,65,29.3,0,57426,0,0
10/14/2009 20:40,87,7.7,8.2,42,64,29.3,0,57426,0,0
10/14/2009 20:50,80,10,10.7,42,64,29.3,0,57426,0,0
10/14/2009 21:00,69,5.5,6.7,42,64,29.3,0,57426,0,0
10/14/2009 21:10,77,9.3,9.7,42,63,29.3,0,57426,0,0
10/14/2009 21:20,108,7.1,8.6,42,64,29.3,0,57426,0,0
10/14/2009 21:30,92,6.9,8.4,41.9,66,29.3,0,57426,0,0
10/14/2009 21:40,87,9.4,9.8,41.7,67,29.3,0,57426,0,0
10/14/2009 21:50,104,7.8,8.4,41.5,68,29.3,0,57426,0,0
10/14/2009 22:00,78,4.8,5.3,41.5,69,29.3,0,57426,0,0
10/14/2009 22:10,99,5.6,6.3,41.3,70,29.3,0,57426,0,0
10/14/2009 22:20,90,8,8.4,41.1,71,29.2,0,57426,0,0
10/14/2009 22:30,88,4.3,5.4,41,72,29.2,0,57426,0,0
10/14/2009 22:40,62,6.3,6.6,40.8,73,29.2,0,57426,0,0
10/14/2009 22:50,95,4.3,4.6,40.6,74,29.2,0,57426,0,0
10/14/2009 23:00,74,7,7.8,40.6,75,29.2,0,57426,0,0
10/14/2009 23:10,73,6.3,6.9,40.6,75,29.2,0,57426,0,0
10/14/2009 23:20,75,5.2,5.7,40.6,75,29.2,0,57426,0,0
10/14/2009 23:30,52,4.8,6.4,40.6,76,29.2,0,57426,0,0
10/14/2009 23:40,98,5.5,6.5,40.8,76,29.2,0,57426,0,0
10/14/2009 23:50,92,9.2,9.7,41,76,29.2,0,57426,0,0
10/15/2009 0:00,108,6.5,9,41.1,75,29.2,0,57426,0,0
10/15/2009 0:10,81,6.3,7.2,41.5,75,29.2,0,57426,0,0
10/15/2009 0:20,58,6.6,7,41.3,74,29.2,0,57426,0,0
10/15/2009 0:30,61,6.9,7.3,41.3,74,29.2,0,57426,0,0
10/15/2009 0:40,70,8.2,10.5,41.1,74,29.2,0,57426,0,0
10/15/2009 0:50,49,10.2,11.7,41,73,29.2,0,57426,0,0
10/15/2009 1:00,107,7.9,8.7,41,73,29.2,0,57426,0,0
10/15/2009 1:10,54,10.5,11.3,41,74,29.2,0,57426,0,0
10/15/2009 1:20,73,7.4,10.2,41,74,29.2,0,57426,0,0
10/15/2009 1:30,98,6.5,7.2,41,74,29.2,0,57426,0,0
10/15/2009 1:40,83,11.4,12.2,40.8,74,29.2,0,57426,0,0
10/15/2009 1:50,45,6.8,8.3,40.8,75,29.2,0,57426,0,0
10/15/2009 2:00,78,7.3,8.1,40.6,75,29.2,0,57426,0,0
10/15/2009 2:10,42,7.4,8.1,40.6,76,29.2,0,57426,0,0
10/15/2009 2:20,63,9.7,11.3,40.6,76,29.2,0,57426,0,0
10/15/2009 2:30,89,7,8,40.6,76,29.2,0,57426,0,0
10/15/2009 2:40,62,7.1,7.4,40.6,77,29.2,0,57426,0,0
10/15/2009 2:50,57,9.2,9.7,40.6,76,29.2,0,57426,0,0
10/15/2009 3:00,81,7.6,8.7,40.8,77,29.2,0,57426,0,0
10/15/2009 3:10,85,8,9.5,40.8,77,29.2,0,57426,0,0
10/15/2009 3:20,57,7.6,8.8,41,76,29.2,0,57426,0,0
10/15/2009 3:30,68,10.5,11.7,41.1,76,29.2,0,57426,0,0
10/15/2009 3:40,69,7.4,8.3,41.1,76,29.2,0,57426,0,0
10/15/2009 3:50,43,4,5.1,41.5,76,29.2,0,57426,0,0
10/15/2009 4:00,63,8.1,9,41.3,75,29.1,0,57426,0,0
10/15/2009 4:10,80,7,7.7,41.3,75,29.1,0,57426,0,0
10/15/2009 4:20,87,8.5,9.4,41.1,76,29.1,0,57426,0,0
10/15/2009 4:30,57,11.3,12.8,41.1,75,29.1,0,57426,0,0
10/15/2009 4:40,76,5.2,6.3,41.1,76,29.2,0,57426,0,0
10/15/2009 4:50,69,10.9,12.3,41.1,75,29.1,0,57426,0,0
10/15/2009 5:00,69,5.5,6.5,41.1,76,29.2,0,57426,0,0
10/15/2009 5:10,101,6.1,7,41.3,76,29.2,0,57426,0,0
10/15/2009 5:20,73,7.9,9.5,41.3,76,29.2,0,57426,0,0
10/15/2009 5:30,80,7.2,8.5,41.1,77,29.2,0,57426,0,0
10/15/2009 5:40,78,6.9,7.3,41.1,76,29.2,0,57426,0,0
10/15/2009 5:50,71,5.1,5.9,41,78,29.2,0,57436,0,0
10/15/2009 6:00,67,5.9,6.6,40.8,81,29.1,0,57556,0,0
10/15/2009 6:10,50,9.9,11.5,40.6,83,29.1,0,57676,0,0
10/15/2009 6:20,83,8.7,9.5,40.4,84,29.1,0,57726,0,0
10/15/2009 6:30,67,7.6,8.7,40.4,84,29.1,0,57836,0,0
10/15/2009 6:40,85,9.1,10.4,40.4,84,29.1,0,57836,0,0
10/15/2009 6:50,86,6.7,8.3,40.6,83,29.1,0,57836,0,0
10/15/2009 7:00,69,14.6,16.4,40.6,82,29.1,0,57856,0,0
10/15/2009 7:10,76,9.9,11,40.4,84,29.1,0,57876,0,0
10/15/2009 7:20,71,3.8,4.9,40.2,86,29.1,0,57966,0,0
10/15/2009 7:30,77,8.6,9.4,39.9,85,29.1,0,58006,0,0
10/15/2009 7:40,77,12.4,14.2,39.7,85,29.1,0,58086,0,0
10/15/2009 7:50,79,13.2,15,39.5,86,29.1,0,58426,0.01,0.01
10/15/2009 8:00,86,7.6,9.9,39.3,89,29.1,0,58836,0.01,0.01
10/15/2009 8:10,82,9.1,12.3,39.2,88,29.1,0.01,59356,0.04,0.04
10/15/2009 8:20,96,5.6,5.9,39.2,90,29.1,0.01,59886,0.03,0.03
10/15/2009 8:30,47,6.9,9.5,39.3,90,29.1,0.02,60426,0.03,0.03
10/15/2009 8:40,75,12.9,14.6,39.2,90,29.1,0.02,61026,0.03,0.03
10/15/2009 8:50,92,9,11.4,39.3,88,29.1,0.02,61526,0.02,0.02
10/15/2009 9:00,83,16.9,20.6,39.3,87,29.1,0.03,62026,0.01,0.01
10/15/2009 9:10,94,13.3,16.3,39.2,89,29.1,0.03,62496,0.01,0.01
10/15/2009 9:20,57,7.9,11.2,39.2,90,29.1,0.03,62936,0,0
10/15/2009 9:30,28,12,13.2,39.2,89,29.1,0.03,63356,0.02,0.02
10/15/2009 9:40,38,7.6,8.6,39.3,90,29.1,0.03,63706,0,0
10/15/2009 9:50,52,9.6,11.5,39.3,90,29.1,0.03,63926,0,0
10/15/2009 10:00,19,6.6,7.9,39.2,88,29.1,0.04,64326,0.01,0.01
10/15/2009 10:10,75,16.5,17.9,39,87,29.1,0.04,64496,0,0
10/15/2009 10:20,25,7.6,11.7,39.2,90,29.1,0.04,64626,0,0
10/15/2009 10:30,96,5,6.7,39.2,91,29.1,0.04,64786,0,0
10/15/2009 10:40,40,11,13.1,39.2,89,29.1,0.04,64976,0,0
10/15/2009 10:50,90,9.4,12.7,39,88,29.1,0.04,65036,0,0
10/15/2009 11:00,83,11.9,14.4,39,89,29.1,0.04,65086,0,0
10/15/2009 11:10,89,15.7,17.1,39,87,29.1,0.04,65436,0.01,0.01
10/15/2009 11:20,87,13.8,15.5,38.6,88,29.1,0.04,470,0.04,0.04
10/15/2009 11:30,75,17.4,19.6,38.6,88,29.1,0.05,1020,0.02,0.02
10/15/2009 11:40,75,13.8,15,38.6,89,29.1,0.05,1590,0.04,0.04
10/15/2009 11:50,80,11.5,12.1,38.8,90,29.1,0.06,2120,0.01,0.01
10/15/2009 12:00,75,14.5,16.1,39,91,29.1,0.06,2680,0.03,0.03
10/15/2009 12:10,65,5.7,7.1,39.2,90,29.1,0.07,3270,0.03,0.03
10/15/2009 12:20,65,13.6,14.7,39.2,89,29.1,0.07,3850,0.03,0.03
10/15/2009 12:30,64,9.5,11.5,39.2,91,29.1,0.08,4410,0.01,0.01
10/15/2009 12:40,98,12.4,15,39.2,91,29.1,0.08,4820,0.01,0.01
10/15/2009 12:50,96,13.8,15.7,39.3,91,29.1,0.08,5360,0,0
10/15/2009 13:00,29,7.8,10.9,39.3,90,29.1,0.09,5600,0,0
10/15/2009 13:10,33,9.9,10.6,39.3,92,29.1,0.09,5860,0,0
10/15/2009 13:20,59,12.6,15.6,39.3,92,29.1,0.09,6220,0,0
10/15/2009 13:30,93,9.7,15.1,39.2,91,29.1,0.09,6670,0,0
10/15/2009 13:40,106,6.8,9.5,39.2,92,29.1,0.09,7100,0.01,0.01
10/15/2009 13:50,-Invalid-,-Invalid-,-Invalid-,-Invalid-,-Invalid-,-Invalid-,-Invalid-,-Invalid-,-Invalid-,-Invalid-
10/15/2009 14:00,106,14.5,23.5,39.2,91,29.1,0.09,7460,0,0
10/15/2009 14:10,58,16.3,23.1,38.8,90,29.1,0.09,7980,0.01,0.01
10/15/2009 14:20,67,17.3,18.6,38.8,89,29.1,0.1,8370,0.01,0.01
10/15/2009 14:30,58,10.1,13,38.6,90,29.1,0.1,8750,0,0
10/15/2009 14:40,51,13.2,15.7,38.4,90,29.1,0.1,8920,0,0
10/15/2009 14:50,50,14.4,17.3,38.3,89,29.1,0.1,9190,0,0
10/15/2009 15:00,82,13,15.8,37.9,90,29.1,0.1,9680,0.01,0.01
10/15/2009 15:10,65,7.2,8.9,37.7,90,29.1,0.1,10170,0.01,0.01
10/15/2009 15:20,44,11.3,12.8,37.4,90,29.1,0.11,10660,0.01,0.01
10/15/2009 15:30,64,14.5,17.2,37.2,90,29.1,0.11,11060,0.01,0.01
10/15/2009 15:40,83,16.9,18.5,37,90,29.1,0.11,11570,0.02,0.02
10/15/2009 15:50,68,9,10.8,36.6,90,29.1,0.11,12060,0,0
10/15/2009 16:00,65,17,21.7,36.5,90,29.1,0.12,12470,0.01,0.01
10/15/2009 16:10,82,14.7,16.3,36.3,90,29.1,0.12,12980,0.01,0.01
10/15/2009 16:20,68,9.9,11.5,36.1,92,29.1,0.12,13420,0.01,0.01
10/15/2009 16:30,68,11.2,15.5,35.6,91,29.1,0.12,13860,0,0
10/15/2009 16:40,71,15.9,17.5,35.4,92,29.1,0.13,14210,0.02,0.02
10/15/2009 16:50,81,24.1,25.9,35.2,92,29.1,0.13,14580,0,0
10/15/2009 17:00,42,15.1,23.1,34.8,93,29.1,0.13,14710,0,0
10/15/2009 17:10,82,23,25.7,34.5,93,29.1,0.13,14850,0.01,0.01
10/15/2009 17:20,91,12.5,15.5,34.3,94,29.1,0.13,14880,0,0
10/15/2009 17:30,60,8.8,9.8,34.5,94,29.1,0.13,14950,0,0
10/15/2009 17:40,112,9.9,13.5,34.5,94,29.1,0.13,15090,0,0
10/15/2009 17:50,80,17.5,18.7,34.5,94,29.1,0.13,15260,0,0
10/15/2009 18:00,55,18.4,19.5,34.5,94,29.1,0.13,15410,0,0
10/15/2009 18:10,111,15,16.7,34.5,94,29.1,0.13,15550,0.01,0.01
10/15/2009 18:20,58,23.4,25.2,34.3,94,29.1,0.13,15660,0,0
10/15/2009 18:30,101,17.3,18.7,34.3,94,29.1,0.13,15690,0,0
10/15/2009 18:40,82,6.8,10.8,34.3,94,29.1,0.13,15740,0,0
10/15/2009 18:50,64,14.6,15.3,34.3,94,29.1,0.13,15800,0,0
10/15/2009 19:00,98,8.5,10.4,34.5,94,29.1,0.13,15960,0,0
10/15/2009 19:10,359,3.6,7.6,34.5,94,29.1,0.13,16060,0,0
10/15/2009 19:20,63,10.5,11.9,34.5,94,29.1,0.13,16200,0,0
10/15/2009 19:30,50,13,15,34.5,94,29.1,0.13,16330,0,0
10/15/2009 19:40,62,14.1,19,34.3,95,29.1,0.13,16450,0,0
10/15/2009 19:50,78,15.5,16.4,34.3,95,29.1,0.13,16560,0,0
10/15/2009 20:00,334,8,10.8,34.3,95,29.1,0.13,16710,0,0
10/15/2009 20:10,95,11.5,12.5,34.3,95,29.1,0.13,16790,0,0
10/15/2009 20:20,77,14.4,16.4,34.3,95,29.1,0.13,16950,0,0
10/15/2009 20:30,67,11,13.7,34.3,95,29.1,0.13,17060,0,0
10/15/2009 20:40,78,17.3,19.9,34.3,95,29.1,0.13,17090,0,0
10/15/2009 20:50,79,12.3,14,33.9,95,29.1,0.13,17120,0,0
10/15/2009 21:00,78,13.4,15.7,33.9,95,29.1,0,17160,0,0
10/15/2009 21:10,83,20.1,21,33.8,95,29.1,0,17310,0,0
10/15/2009 21:20,70,14.9,18.6,33.8,95,29.1,0,17510,0,0
10/15/2009 21:30,81,15.4,17.6,33.8,96,29.1,0,17820,0.02,0.02
10/15/2009 21:40,61,17,19.3,33.8,96,29.1,0,17950,0,0
10/15/2009 21:50,79,13,15.7,33.9,95,29.1,0,18040,0,0
10/15/2009 22:00,66,12.4,15.9,33.8,95,29.1,0,18050,0,0
10/15/2009 22:10,73,16.1,18.7,33.8,94,29.1,0,18060,0,0
10/15/2009 22:20,60,10.1,12.5,33.8,94,29.1,0,18080,0,0
10/15/2009 22:30,79,14.3,16.2,33.9,94,29.1,0,18090,0,0
10/15/2009 22:40,78,11.2,13.4,33.8,94,29.1,0,18100,0,0
10/15/2009 22:50,35,5.6,7,33.8,94,29.1,0,18100,0,0
10/15/2009 23:00,104,7.2,8.1,33.6,95,29.1,0,18130,0,0
10/15/2009 23:10,92,6.6,9.4,33.4,95,29.1,0,18130,0,0
10/15/2009 23:20,59,12.8,15.4,33.4,96,29.1,0,18130,0,0
10/15/2009 23:30,62,7.2,8.4,33.2,96,29.1,0,18130,0,0
10/15/2009 23:40,63,13.1,15.4,33.2,96,29.1,0,18130,0,0
10/15/2009 23:50,78,9.8,10.9,33.2,96,29.1,0,18130,0,0
10/16/2009 0:00,97,12.5,13.6,33.2,97,29.1,0,18130,0,0
10/16/2009 0:10,-Invalid-,-Invalid-,-Invalid-,-Invalid-,-Invalid-,-Invalid-,-Invalid-,-Invalid-,-Invalid-,-Invalid-
10/16/2009 0:20,106,11.9,22.1,33.4,96,29.1,0,18140,0,0
10/16/2009 0:30,80,10.9,12.2,33.4,96,29.1,0,18140,0,0
10/16/2009 0:40,84,9.6,11.3,33.4,97,29.1,0,18140,0,0
10/16/2009 0:50,88,9.7,12.6,33.4,97,29.1,0,18140,0,0
10/16/2009 1:00,102,9.5,12.2,33.4,97,29.1,0,18140,0,0
10/16/2009 1:10,20,12.3,16.7,33.4,97,29.1,0,18140,0,0
10/16/2009 1:20,78,3.5,5.2,33.4,97,29.1,0,18140,0,0
10/16/2009 1:30,68,8.1,9.9,33.2,97,29.1,0,18140,0,0
10/16/2009 1:40,77,6.2,7.3,33.2,97,29.1,0,18140,0,0
10/16/2009 1:50,70,8.3,10.3,33.2,97,29.1,0,18140,0,0
10/16/2009 2:00,58,7.4,7.7,33.2,98,29.1,0,18140,0,0
10/16/2009 2:10,59,8.1,10,33.2,98,29.1,0,18140,0,0
10/16/2009 2:20,71,9.7,11.1,33.2,98,29.1,0,18140,0,0
10/16/2009 2:30,92,6.9,7.9,33.4,97,29.1,0,18140,0,0
10/16/2009 2:40,84,8.6,9.6,33.4,97,29.1,0,18140,0,0
10/16/2009 2:50,71,8.5,9.1,33.6,97,29.1,0,18140,0,0
10/16/2009 3:00,57,9.3,10.9,33.8,97,29.1,0,18160,0,0
10/16/2009 3:10,75,7.5,8.5,33.9,97,29.1,0,18200,0,0
10/16/2009 3:20,45,8.2,10.5,33.9,97,29.1,0,18210,0,0
10/16/2009 3:30,47,7,9.7,34.1,96,29.1,0,18220,0,0
10/16/2009 3:40,64,7.2,8.1,34.3,96,29.1,0,18240,0,0
10/16/2009 3:50,80,8.1,9.8,34.3,96,29.1,0,18260,0,0
10/16/2009 4:00,63,8.7,9.4,34.5,96,29.1,0,18260,0,0
10/16/2009 4:10,95,6.3,7.8,34.5,96,29.1,0,18260,0,0
10/16/2009 4:20,97,8.8,12.3,34.7,96,29.1,0.01,18290,0,0
10/16/2009 4:30,87,8.3,10.9,34.7,96,29.1,0.01,18290,0,0
10/16/2009 4:40,93,11.3,14.6,34.7,96,29.1,0.01,18290,0,0
10/16/2009 4:50,62,8,10.4,34.8,96,29.1,0.01,18290,0,0
10/16/2009 5:00,88,8.5,11.1,34.8,96,29.1,0.01,18290,0,0
10/16/2009 5:10,57,5.5,6.1,35,96,29.1,0.01,18300,0,0
10/16/2009 5:20,232,2.9,4,35,95,29.1,0.01,18300,0,0
10/16/2009 5:30,47,6.6,7.8,35,95,29.1,0.01,18320,0,0
10/16/2009 5:40,62,5.4,7.1,35.2,95,29.1,0.01,18360,0,0
10/16/2009 5:50,61,8.6,9.5,35.4,94,29.1,0.01,18430,0,0
10/16/2009 6:00,79,7.5,8.1,35.6,94,29.1,0.01,18460,0,0
10/16/2009 6:10,60,5.8,6.4,35.7,95,29.1,0.01,18490,0,0
10/16/2009 6:20,70,8.6,9.5,35.9,94,29.1,0.01,18530,0,0
10/16/2009 6:30,73,7.2,7.8,36.1,94,29.1,0.01,18640,0,0
10/16/2009 6:40,68,6.5,7,36.1,94,29.1,0.01,18770,0,0
10/16/2009 6:50,85,9.5,10.2,36.1,94,29.1,0.01,18830,0,0
10/16/2009 7:00,76,8.6,9.4,36.3,93,29.1,0.01,18850,0,0
10/16/2009 7:10,73,7.1,7.6,36.3,93,29.1,0.01,18860,0,0
10/16/2009 7:20,34,6,6.9,36.5,93,29.1,0.01,18860,0,0
10/16/2009 7:30,88,5.3,5.9,36.5,92,29.1,0.01,18880,0,0
10/16/2009 7:40,90,8.7,9.1,36.6,91,29.1,0.01,18930,0,0
10/16/2009 7:50,77,7.1,8,36.8,92,29.2,0.01,18970,0,0
10/16/2009 8:00,83,7,7.4,37,92,29.2,0.01,19150,0,0
10/16/2009 8:10,76,3.7,4.7,36.8,92,29.2,0.01,19370,0,0
10/16/2009 8:20,75,3.3,3.9,36.8,94,29.2,0.01,19730,0.01,0.01
10/16/2009 8:30,77,9.4,11.5,36.8,91,29.2,0.01,20130,0,0
10/16/2009 8:40,19,7,7.7,37,92,29.2,0.01,20360,0,0
10/16/2009 8:50,336,35.8,38.9,37,93,29.2,0.01,20740,0,0
10/16/2009 9:00,-Invalid-,-Invalid-,-Invalid-,-Invalid-,-Invalid-,-Invalid-,-Invalid-,-Invalid-,-Invalid-,-Invalid-
10/16/2009 9:10,-Invalid-,-Invalid-,-Invalid-,-Invalid-,-Invalid-,-Invalid-,-Invalid-,-Invalid-,-Invalid-,-Invalid-
10/16/2009 9:20,80,8.1,9.6,37.5,91,29.2,0.02,21020,0,0
10/16/2009 9:30,78,8.5,9.9,37.7,92,29.2,0.02,21360,0.01,0.01
10/16/2009 9:40,81,11,12.9,37.5,92,29.2,0.02,21830,0,0
10/16/2009 9:50,37,11.8,12.7,37.5,92,29.2,0.02,22050,0,0
10/16/2009 10:00,77,10.3,14.8,37.7,92,29.2,0.02,22180,0,0
10/16/2009 10:10,46,6.7,11.5,37.7,93,29.2,0.02,22370,0,0
10/16/2009 10:20,80,5.7,6.8,38.1,93,29.2,0.02,22440,0,0
10/16/2009 10:30,92,11.1,11.9,38.3,91,29.2,0.02,22450,0,0
10/16/2009 10:40,107,12,14.9,38.4,92,29.2,0.02,22530,0,0
10/16/2009 10:50,106,13.7,17.4,38.4,90,29.2,0.02,22640,0,0
10/16/2009 11:00,110,16.1,18.9,38.4,90,29.1,0.02,22680,0,0
10/16/2009 11:10,114,9.3,10.3,38.3,91,29.2,0.02,22690,0,0
10/16/2009 11:20,76,8.6,10.6,38.4,91,29.2,0.02,22710,0,0
10/16/2009 11:30,86,9.8,11.7,38.6,91,29.2,0.02,22710,0,0
10/16/2009 11:40,89,12.7,16.1,38.6,90,29.2,0.02,22710,0,0
10/16/2009 11:50,54,8,8.7,38.8,90,29.1,0.02,22710,0,0
10/16/2009 12:00,113,5.2,6.1,39.2,90,29.1,0.02,22710,0,0
10/16/2009 12:10,59,5.6,6.3,39.2,90,29.1,0.02,22710,0,0
10/16/2009 12:20,52,10.8,11.5,39.3,89,29.1,0.02,22710,0,0
10/16/2009 12:30,98,5.1,5.8,39.5,88,29.1,0.02,22710,0,0
10/16/2009 12:40,87,7.7,8.3,39.3,88,29.2,0.02,22710,0,0
10/16/2009 12:50,48,11.8,14.2,39.5,87,29.2,0.02,22710,0,0
10/16/2009 13:00,83,3.7,4.8,39.5,88,29.2,0.02,22710,0,0
10/16/2009 13:10,79,9.6,10.4,39.3,87,29.2,0.02,22710,0,0
10/16/2009 13:20,110,8.5,10.2,39.3,88,29.2,0.02,22710,0,0
10/16/2009 13:30,71,15.7,18.5,39.5,86,29.2,0.02,22770,0,0
10/16/2009 13:40,100,8.1,10.4,39.5,87,29.2,0.02,22830,0,0
10/16/2009 13:50,92,4.8,6.2,39.7,87,29.2,0.02,22900,0,0
10/16/2009 14:00,81,10.7,11.6,39.7,87,29.2,0.02,23050,0,0
10/16/2009 14:10,78,7,8,39.5,88,29.2,0.02,23170,0,0
10/16/2009 14:20,83,11.5,12.9,39.3,87,29.2,0.02,23350,0,0
10/16/2009 14:30,93,8.1,9.1,39.3,88,29.2,0.02,23490,0,0
10/16/2009 14:40,62,2.3,3,39.2,89,29.2,0.02,23570,0,0
10/16/2009 14:50,84,7.4,8,39,88,29.2,0.02,23670,0,0
10/16/2009 15:00,75,7.6,8.3,39,88,29.2,0.02,23750,0,0
10/16/2009 15:10,75,9.7,10.9,38.8,88,29.2,0.02,23810,0,0
10/16/2009 15:20,97,7.3,8.1,38.8,88,29.2,0.02,23850,0,0
10/16/2009 15:30,88,7,8.3,38.8,88,29.2,0.02,23900,0,0
10/16/2009 15:40,89,4.8,5.6,38.6,89,29.2,0.02,23920,0,0
10/16/2009 15:50,102,6.5,9.7,38.4,89,29.2,0.02,23930,0,0
10/16/2009 16:00,101,9.1,10.1,38.6,88,29.2,0.02,23940,0,0
10/16/2009 16:10,106,4.1,4.7,38.6,89,29.2,0.02,23950,0,0
10/16/2009 16:20,102,4.8,5.1,38.6,89,29.2,0.02,23960,0,0
10/16/2009 16:30,100,4.8,5.7,38.4,89,29.2,0.02,23990,0,0
10/16/2009 16:40,101,5.2,5.7,38.4,89,29.2,0.02,24000,0,0
10/16/2009 16:50,98,7.4,8.3,38.4,90,29.2,0.02,24020,0,0
10/16/2009 17:00,79,6.8,7.4,38.4,90,29.2,0.02,24110,0,0
10/16/2009 17:10,101,2.7,3.7,38.4,91,29.2,0.02,24240,0,0
10/16/2009 17:20,82,6.2,7.1,38.4,90,29.2,0.03,24530,0,0
10/16/2009 17:30,68,6.1,7.1,38.3,91,29.2,0.03,24610,0,0
10/16/2009 17:40,89,6.8,7.4,38.1,91,29.2,0.03,24620,0,0
10/16/2009 17:50,97,5.8,6.6,38.3,91,29.2,0.03,24630,0,0
10/16/2009 18:00,88,4.6,5.4,38.1,91,29.2,0.03,24630,0,0
10/16/2009 18:10,93,5,5.5,38.1,90,29.2,0.03,24630,0,0
10/16/2009 18:20,104,7.2,8,38.3,89,29.2,0.03,24630,0,0
10/16/2009 18:30,101,4.7,5.3,38.3,88,29.2,0.03,24630,0,0
10/16/2009 18:40,95,5.1,5.6,38.3,89,29.2,0.03,24630,0,0
10/16/2009 18:50,55,4.8,5.5,38.1,90,29.2,0.03,24630,0,0
10/16/2009 19:00,100,3.6,4,38.3,91,29.2,0.03,24800,0,0
10/16/2009 19:10,102,8.5,9.4,38.3,88,29.2,0.03,24900,0,0
10/16/2009 19:20,110,11.3,11.8,38.3,88,29.2,0.03,24970,0,0
10/16/2009 19:30,87,5.9,7.3,38.3,88,29.2,0.03,25010,0,0
10/16/2009 19:40,103,5.5,5.9,38.3,89,29.2,0.03,25010,0,0
10/16/2009 19:50,67,3.9,4.4,38.1,89,29.2,0.03,25010,0,0
10/16/2009 20:00,64,4.6,5.6,38.1,89,29.2,0.03,25010,0,0
10/16/2009 20:10,79,7,7.5,37.9,89,29.2,0.03,25010,0,0
10/16/2009 20:20,79,6.5,6.9,37.9,89,29.2,0.03,25010,0,0
10/16/2009 20:30,75,9.7,10.2,37.9,89,29.2,0.03,25010,0,0
10/16/2009 20:40,81,3.7,5.3,37.7,90,29.2,0.03,25010,0,0
10/16/2009 20:50,92,4.5,5.4,37.7,91,29.2,0.03,25010,0,0
10/16/2009 21:00,86,6.3,6.9,37.7,91,29.2,0,25010,0,0
10/16/2009 21:10,93,6,6.5,37.7,91,29.2,0,25030,0,0
10/16/2009 21:20,64,4.6,5.1,37.7,92,29.2,0,25060,0,0
10/16/2009 21:30,75,5.4,6.1,37.5,92,29.2,0,25080,0,0
10/16/2009 21:40,71,4.6,5.3,37.5,92,29.2,0,25120,0,0
10/16/2009 21:50,65,7.1,7.9,37.5,92,29.2,0,25330,0,0
10/16/2009 22:00,91,7.7,7.9,37.5,92,29.2,0,25550,0,0
10/16/2009 22:10,90,5,5.9,37.5,92,29.2,0,25870,0.01,0.01
10/16/2009 22:20,105,9.1,9.7,37.7,90,29.2,0,26380,0.01,0.01
10/16/2009 22:30,114,9.9,11.2,37.5,90,29.2,0.01,26530,0,0
10/16/2009 22:40,93,4.4,5.9,37.5,90,29.2,0.01,26570,0,0
10/16/2009 22:50,98,8.2,9,37.5,89,29.2,0.01,26580,0,0
10/16/2009 23:00,98,7.6,8,37.5,90,29.2,0.01,26590,0,0
10/16/2009 23:10,93,8.1,8.9,37.5,90,29.2,0.01,26620,0,0
10/16/2009 23:20,88,6.9,7.8,37.5,90,29.2,0.01,26690,0,0
10/16/2009 23:30,76,6.1,6.5,37.5,91,29.2,0.01,26830,0,0
10/16/2009 23:40,81,7.6,8.2,37.7,90,29.2,0.01,27010,0,0
10/16/2009 23:50,91,5.3,6.5,37.5,91,29.2,0.01,27100,0,0
10/17/2009 0:00,99,11.6,13.3,37.5,91,29.2,0.01,27180,0,0
10/17/2009 0:10,85,12.1,12.6,37.5,90,29.2,0.01,27250,0,0
10/17/2009 0:20,99,7.2,7.9,37.4,90,29.2,0.01,27430,0,0
10/17/2009 0:30,93,9.2,10.6,37.4,89,29.2,0.01,27510,0,0
10/17/2009 0:40,72,11.2,12.6,37.4,90,29.2,0.01,27580,0,0
10/17/2009 0:50,68,5.9,6.5,37.2,91,29.2,0.01,27640,0,0
10/17/2009 1:00,82,4.6,6.2,37.2,91,29.2,0.01,27680,0,0
10/17/2009 1:10,89,10.9,13.3,37.2,90,29.2,0.01,27720,0,0
10/17/2009 1:20,83,9.2,10.3,37.2,90,29.2,0.01,27840,0,0
10/17/2009 1:30,72,7.4,7.9,37.2,91,29.2,0.01,27890,0,0
10/17/2009 1:40,64,3.7,5.4,37.2,91,29.2,0.01,27900,0,0
10/17/2009 1:50,85,9.1,10.9,37.2,91,29.2,0.01,27900,0,0
10/17/2009 2:00,81,7.3,8.2,37,91,29.2,0.01,27900,0,0
10/17/2009 2:10,47,4.4,5.6,37,91,29.2,0.01,27900,0,0
10/17/2009 2:20,170,7.2,8.6,37,91,29.2,0.01,27940,0,0
10/17/2009 2:30,263,10.9,12.6,37,91,29.2,0.01,27940,0,0
10/17/2009 2:40,245,9.9,11,37,91,29.2,0.01,27950,0,0
10/17/2009 2:50,237,12.9,14.5,37,91,29.2,0.01,27950,0,0
10/17/2009 3:00,233,14.5,16.7,37,92,29.2,0.01,27950,0,0
10/17/2009 3:10,278,10.5,11.6,36.8,92,29.3,0.01,27950,0,0
10/17/2009 3:20,288,16.8,19.8,36.8,92,29.3,0.01,28020,0,0
10/17/2009 3:30,263,14.1,16.3,36.8,92,29.3,0.01,28160,0,0
10/17/2009 3:40,293,16.9,18.2,36.8,92,29.3,0.01,28200,0,0
10/17/2009 3:50,178,13.9,16,36.8,92,29.3,0.01,28200,0,0
10/17/2009 4:00,139,18.5,22.8,36.8,92,29.3,0.01,28200,0,0
10/17/2009 4:10,118,17,19.2,36.8,91,29.3,0.01,28200,0,0
10/17/2009 4:20,17,12.2,14.8,37,91,29.3,0.01,28200,0,0
10/17/2009 4:30,130,11.6,14.8,37.2,90,29.3,0.01,28200,0,0
10/17/2009 4:40,111,12.5,15.3,37.2,89,29.3,0.01,28200,0,0
10/17/2009 4:50,78,11.2,12.8,37,90,29.3,0.01,28210,0,0
10/17/2009 5:00,319,11.7,13.3,37.2,90,29.3,0.01,28210,0,0
10/17/2009 5:10,194,9.3,11.2,37.4,90,29.3,0.01,28210,0,0
10/17/2009 5:20,133,3.9,4.7,37.5,90,29.3,0.01,28210,0,0
10/17/2009 5:30,108,7.8,10.3,37.7,89,29.3,0.01,28210,0,0
10/17/2009 5:40,15,8.9,10.3,37.9,89,29.3,0.01,28210,0,0
10/17/2009 5:50,129,7,8.1,38.1,89,29.3,0.01,28210,0,0
10/17/2009 6:00,158,7.6,8.4,38.3,88,29.3,0.01,28210,0,0
10/17/2009 6:10,8,6.6,7.8,38.4,89,29.3,0.01,28210,0,0
10/17/2009 6:20,80,10.4,11.3,38.6,87,29.3,0.01,28210,0,0
10/17/2009 6:30,62,7.8,8.9,38.8,86,29.3,0.01,28210,0,0
10/17/2009 6:40,66,8.5,9.7,39.2,86,29.3,0.01,28210,0,0
10/17/2009 6:50,85,6.7,7.6,39.2,85,29.3,0.01,28210,0,0
10/17/2009 7:00,82,12.7,13.8,39.3,84,29.3,0.01,28210,0,0
10/17/2009 7:10,93,9.6,10.8,39.7,83,29.3,0.01,28210,0,0
10/17/2009 7:20,77,9.1,10.2,39.9,83,29.3,0.01,28210,0,0
10/17/2009 7:30,74,8.2,9.3,39.9,82,29.3,0.01,28210,0,0
10/17/2009 7:40,80,13.1,14.1,40.1,80,29.3,0.01,28210,0,0
10/17/2009 7:50,79,10.2,11,40.1,81,29.3,0.01,28210,0,0
10/17/2009 8:00,73,10.2,11.9,40.2,80,29.3,0.01,28210,0,0
10/17/2009 8:10,73,10.1,11,40.4,79,29.3,0.01,28210,0,0
10/17/2009 8:20,71,9,10.2,40.6,79,29.3,0.01,28210,0,0
10/17/2009 8:30,73,7.8,8.3,40.6,79,29.3,0.01,28210,0,0
10/17/2009 8:40,85,4.6,5.2,40.8,79,29.3,0.01,28210,0,0
10/17/2009 8:50,85,8.7,9.5,41,78,29.3,0.01,28210,0,0
10/17/2009 9:00,70,11.2,12.8,41.1,76,29.3,0.01,28210,0,0
10/17/2009 9:10,76,9.9,11.2,41.3,77,29.3,0.01,28210,0,0
10/17/2009 9:20,83,7.4,8.3,41.3,77,29.3,0.01,28210,0,0
10/17/2009 9:30,66,7.6,8.4,41.5,76,29.3,0.01,28210,0,0
10/17/2009 9:40,52,7.2,8.4,41.7,75,29.3,0.01,28210,0,0
10/17/2009 9:50,77,3.7,4.2,41.7,76,29.3,0.01,28210,0,0
10/17/2009 10:00,69,5.4,5.9,41.5,75,29.3,0.01,28210,0,0
10/17/2009 10:10,69,8.5,9.8,41.7,74,29.3,0.01,28210,0,0
10/17/2009 10:20,104,5.7,6.6,41.9,74,29.3,0.01,28210,0,0
10/17/2009 10:30,21,4.2,4.7,42,75,29.3,0.01,28210,0,0
10/17/2009 10:40,58,6.6,7.4,42.2,73,29.3,0.01,28210,0,0
10/17/2009 10:50,45,6.4,7.3,42.2,70,29.3,0.01,28210,0,0
10/17/2009 11:00,16,9.5,10.6,42.6,65,29.3,0.01,28210,0,0
10/17/2009 11:10,25,10.9,13.1,42.6,64,29.3,0.01,28210,0,0
10/17/2009 11:20,22,3.5,6.1,42.8,65,29.3,0.01,28210,0,0
10/17/2009 11:30,321,1.7,3.2,42.8,64,29.3,0.01,28210,0,0
10/17/2009 11:40,339,3.6,4.1,42.8,62,29.3,0.01,28210,0,0
10/17/2009 11:50,0,6.8,7.1,42.8,61,29.3,0.01,28210,0,0
10/17/2009 12:00,53,5.9,7.3,43.1,63,29.3,0.01,28210,0,0
10/17/2009 12:10,91,2.9,5.4,43.1,60,29.3,0.01,28210,0,0
10/17/2009 12:20,1,10.1,11.1,43.1,56,29.3,0.01,28210,0,0
10/17/2009 12:30,44,8.4,9.3,43.1,58,29.3,0.01,28210,0,0
10/17/2009 12:40,354,8.4,11,43.1,60,29.3,0.01,28210,0,0
10/17/2009 12:50,14,13.7,15.3,43.1,56,29.3,0.01,28210,0,0
10/17/2009 13:00,13,6.7,10,43.3,57,29.3,0.01,28210,0,0
10/17/2009 13:10,8,6.7,7.6,43.3,57,29.3,0.01,28210,0,0
10/17/2009 13:20,1,4.8,5.5,43.1,57,29.3,0.01,28210,0,0
10/17/2009 13:30,63,5.4,7,43.1,58,29.3,0.01,28210,0,0
10/17/2009 13:40,15,6.7,7.4,43.1,57,29.3,0.01,28210,0,0
10/17/2009 13:50,8,4.3,5.6,43.1,56,29.3,0.01,28210,0,0
10/17/2009 14:00,313,8.3,10.3,42.9,57,29.3,0.01,28210,0,0
10/17/2009 14:10,352,5.9,6.4,42.9,58,29.3,0.01,28210,0,0
10/17/2009 14:20,344,5.1,6.4,42.9,58,29.3,0.01,28210,0,0
10/17/2009 14:30,318,1.3,2.4,42.8,59,29.3,0.01,28210,0,0
10/17/2009 14:40,19,8.3,9.4,42.8,55,29.3,0.01,28210,0,0
10/17/2009 14:50,70,3.7,4.4,42.4,55,29.3,0.01,28210,0,0
10/17/2009 15:00,339,6.9,8,42.4,56,29.3,0.01,28210,0,0
10/17/2009 15:10,9,2.8,3.8,42.2,56,29.3,0.01,28210,0,0
10/17/2009 15:20,21,1.9,2.6,42,57,29.4,0.01,28210,0,0
10/17/2009 15:30,5,4.2,4.8,42.2,56,29.4,0.01,28210,0,0
10/17/2009 15:40,82,2.8,4.4,42,55,29.4,0.01,28210,0,0
10/17/2009 15:50,23,2.9,4.3,42.2,53,29.4,0.01,28210,0,0
10/17/2009 16:00,22,9.7,10.2,42.4,52,29.4,0.01,28210,0,0
10/17/2009 16:10,81,6.5,8.8,42.4,52,29.4,0.01,28210,0,0
10/17/2009 16:20,41,4.1,5.5,42.4,50,29.4,0.01,28210,0,0
10/17/2009 16:30,9,3.4,4.5,42.6,51,29.4,0.01,28210,0,0
10/17/2009 16:40,44,4.8,7.1,42.9,52,29.4,0.01,28210,0,0
10/17/2009 16:50,64,4.6,5.1,42.9,54,29.4,0.01,28210,0,0
10/17/2009 17:00,2,4.8,5.7,43.1,53,29.4,0.01,28210,0,0
10/17/2009 17:10,324,5.4,6.1,43.1,53,29.4,0.01,28210,0,0
10/17/2009 17:20,39,5.6,6.5,43.3,51,29.4,0.01,28210,0,0
10/17/2009 17:30,66,5.4,7.6,43.5,53,29.4,0.01,28210,0,0
10/17/2009 17:40,29,6.2,8.9,43.5,52,29.4,0.01,28210,0,0
10/17/2009 17:50,70,5.1,6,43.7,53,29.4,0.01,28210,0,0
10/17/2009 18:00,149,4.5,6.3,43.5,54,29.4,0.01,28210,0,0
10/17/2009 18:10,61,4.7,5.6,43.5,53,29.4,0.01,28210,0,0
10/17/2009 18:20,357,6.3,7.5,43.7,52,29.4,0.01,28210,0,0
10/17/2009 18:30,13,5.7,6.9,43.7,51,29.4,0.01,28210,0,0
10/17/2009 18:40,13,4.7,5.4,43.7,52,29.4,0.01,28210,0,0
10/17/2009 18:50,31,8.7,10.6,43.7,51,29.4,0.01,28210,0,0
10/17/2009 19:00,54,9,10.3,43.7,51,29.4,0.01,28210,0,0
10/17/2009 19:10,22,6.5,7.6,43.8,51,29.4,0.01,28210,0,0
10/17/2009 19:20,38,7.1,9.6,43.8,50,29.4,0.01,28210,0,0
10/17/2009 19:30,59,8.4,12.2,43.8,48,29.4,0.01,28210,0,0
10/17/2009 19:40,62,5.9,7.5,44,50,29.4,0.01,28210,0,0
10/17/2009 19:50,40,3.2,4.4,44,50,29.4,0.01,28210,0,0
10/17/2009 20:00,60,5.6,6.9,44,50,29.4,0.01,28210,0,0
10/17/2009 20:10,42,10.2,12.1,44,51,29.4,0.01,28210,0,0
10/17/2009 20:20,73,8.2,10,43.8,53,29.4,0.01,28210,0,0
10/17/2009 20:30,17,10.4,12.6,43.8,50,29.4,0.01,28210,0,0
10/17/2009 20:40,28,6.1,7.8,43.5,52,29.4,0.01,28210,0,0
10/17/2009 20:50,101,2.3,3.1,43.5,54,29.4,0.01,28210,0,0
10/17/2009 21:00,78,3.8,4.4,43.7,52,29.4,0,28210,0,0
10/17/2009 21:10,295,1.8,2.6,43.7,52,29.4,0,28210,0,0
10/17/2009 21:20,122,4.7,5.4,42.2,54,29.4,0,28210,0,0
10/17/2009 21:30,119,4.6,5.2,41.1,58,29.4,0,28210,0,0
10/17/2009 21:40,128,5.5,6,40.4,60,29.4,0,28210,0,0
10/17/2009 21:50,139,4.5,5.1,40.2,62,29.4,0,28210,0,0
10/17/2009 22:00,126,5.4,6.2,39.9,64,29.4,0,28210,0,0
10/17/2009 22:10,116,5.6,6.2,40.1,62,29.4,0,28210,0,0
10/17/2009 22:20,120,4.5,5.3,39.5,64,29.4,0,28210,0,0
10/17/2009 22:30,107,5.3,5.8,39.5,65,29.4,0,28210,0,0
10/17/2009 22:40,108,6.5,7.4,39.5,63,29.4,0,28210,0,0
10/17/2009 22:50,104,5.4,6.6,39.7,64,29.4,0,28210,0,0
10/17/2009 23:00,125,5.4,5.9,39.3,65,29.4,0,28210,0,0
10/17/2009 23:10,136,5,6,39.5,65,29.4,0,28210,0,0
10/17/2009 23:20,136,5.6,6.2,39.3,66,29.4,0,28210,0,0
10/17/2009 23:30,123,6.8,7.2,39,65,29.4,0,28210,0,0
10/17/2009 23:40,127,6.1,7,38.4,68,29.4,0,28210,0,0
10/17/2009 23:50,110,6.5,7.2,38.3,68,29.4,0,28210,0,0
10/18/2009 0:00,107,8.2,8.7,39,66,29.4,0,28210,0,0
10/18/2009 0:10,114,5.7,6.3,39,66,29.4,0,28210,0,0
10/18/2009 0:20,121,5.2,5.7,39,67,29.4,0,28210,0,0
10/18/2009 0:30,116,1.4,2.8,39.3,68,29.4,0,28210,0,0
10/18/2009 0:40,93,3.8,4.3,39.2,67,29.4,0,28210,0,0
10/18/2009 0:50,85,7,7.8,39.5,68,29.4,0,28210,0,0
10/18/2009 1:00,38,3.1,5,40.8,66,29.4,0,28210,0,0
10/18/2009 1:10,1,4.7,5.1,40.4,67,29.4,0,28210,0,0
10/18/2009 1:20,63,5.8,6.8,40.6,67,29.4,0,28210,0,0
10/18/2009 1:30,45,4.6,5.2,41,64,29.4,0,28210,0,0
10/18/2009 1:40,54,5.6,7,41.1,64,29.4,0,28210,0,0
10/18/2009 1:50,50,8,8.7,41.1,64,29.4,0,28210,0,0
10/18/2009 2:00,56,6,6.6,41,64,29.4,0,28210,0,0
10/18/2009 2:10,28,5.9,6.4,40.6,63,29.4,0,28210,0,0
10/18/2009 2:20,43,5.8,6.6,40.6,64,29.4,0,28210,0,0
10/18/2009 2:30,77,4.3,4.7,41,62,29.4,0,28210,0,0
10/18/2009 2:40,39,7.2,8.4,41.3,60,29.4,0,28210,0,0
10/18/2009 2:50,60,4.3,4.8,41,60,29.4,0,28210,0,0
10/18/2009 3:00,53,5.9,7.2,41.1,59,29.4,0,28210,0,0
10/18/2009 3:10,38,5.4,6.5,41.3,58,29.4,0,28210,0,0
10/18/2009 3:20,26,3.5,3.7,41.5,56,29.4,0,28210,0,0
10/18/2009 3:30,52,2.6,3.1,41.3,56,29.4,0,28210,0,0
10/18/2009 3:40,38,7.6,9,40.6,56,29.4,0,28210,0,0
10/18/2009 3:50,72,2.5,4.6,40.6,60,29.4,0,28210,0,0
10/18/2009 4:00,348,7.2,8.4,40.4,66,29.4,0,28210,0,0
10/18/2009 4:10,7,11,11.7,41.1,62,29.4,0,28210,0,0
10/18/2009 4:20,322,10.6,13.6,41.9,58,29.4,0,28210,0,0
10/18/2009 4:30,344,9.3,9.9,42.2,55,29.4,0,28210,0,0
10/18/2009 4:40,344,6.4,8.4,42.4,55,29.4,0,28210,0,0
10/18/2009 4:50,325,9.7,10.4,42.6,53,29.4,0,28230,0,0
10/18/2009 5:00,6,8.3,9.5,42.8,51,29.4,0,28230,0,0
10/18/2009 5:10,358,8.1,10,42.8,50,29.4,0,28230,0,0
10/18/2009 5:20,13,4.1,5.7,43.1,50,29.4,0,28230,0,0
10/18/2009 5:30,9,6.8,7.2,43.3,47,29.4,0,28230,0,0
10/18/2009 5:40,332,5.5,6.1,43.5,49,29.4,0,28230,0,0
10/18/2009 5:50,332,10.1,11.5,43.7,49,29.4,0,28230,0,0
10/18/2009 6:00,0,7.2,8.7,43.7,48,29.4,0,28230,0,0
10/18/2009 6:10,341,7.1,8.2,43.8,49,29.4,0,28230,0,0
10/18/2009 6:20,330,9.2,11.7,44,48,29.4,0,28230,0,0
10/18/2009 6:30,350,8.4,8.9,44.2,46,29.4,0,28230,0,0
10/18/2009 6:40,15,6.9,7.2,44.4,49,29.4,0,28230,0,0
10/18/2009 6:50,323,11.3,11.9,44.4,53,29.4,0,28230,0,0
10/18/2009 7:00,322,6.7,9.2,44.2,53,29.4,0,28230,0,0
10/18/2009 7:10,334,9,9.6,44.4,50,29.4,0,28230,0,0
10/18/2009 7:20,341,9.9,11,44.2,52,29.4,0,28230,0,0
10/18/2009 7:30,323,6.8,9.5,44.4,52,29.4,0,28230,0,0
10/18/2009 7:40,321,7.1,9.2,44.9,51,29.4,0,28230,0,0
10/18/2009 7:50,338,6,6.9,44.6,46,29.5,0,28230,0,0
10/18/2009 8:00,339,8.9,10.8,44.9,46,29.5,0,28230,0,0
10/18/2009 8:10,351,8.2,9.2,44.7,50,29.5,0,28230,0,0
10/18/2009 8:20,320,7.6,8.3,44.9,49,29.5,0,28230,0,0
10/18/2009 8:30,353,7.6,9.2,44.9,49,29.5,0,28230,0,0
10/18/2009 8:40,326,10.9,12.5,44.9,46,29.5,0,28230,0,0
10/18/2009 8:50,343,5.9,7.1,45.5,48,29.5,0,28230,0,0
10/18/2009 9:00,301,5.6,7.2,45.1,50,29.5,0,28230,0,0
10/18/2009 9:10,325,5.7,6.5,45.3,48,29.5,0,28230,0,0
10/18/2009 9:20,340,5.2,6.1,45.3,48,29.5,0,28230,0,0
10/18/2009 9:30,330,8.1,9.9,45.5,49,29.5,0,28230,0,0
10/18/2009 9:40,334,6.7,7.5,45.3,46,29.5,0,28230,0,0
10/18/2009 9:50,336,6.4,7.9,46.2,47,29.5,0,28230,0,0
10/18/2009 10:00,340,6,6.8,45.6,46,29.4,0,28230,0,0
10/18/2009 10:10,343,7.4,7.8,46,45,29.4,0,28230,0,0
10/18/2009 10:20,333,5.1,6.8,45.6,44,29.4,0,28230,0,0
10/18/2009 10:30,325,7.9,8.5,46.2,45,29.4,0,28230,0,0
10/18/2009 10:40,324,5.8,7.3,45.6,45,29.4,0,28230,0,0
10/18/2009 10:50,302,6.2,7.1,45.8,47,29.4,0,28230,0,0
10/18/2009 11:00,346,5.7,6,45.8,47,29.4,0,28230,0,0
10/18/2009 11:10,307,8,10.4,45.8,46,29.4,0,28230,0,0
10/18/2009 11:20,335,3,4.8,45.6,46,29.4,0,28230,0,0
10/18/2009 11:30,303,6.7,8,46,46,29.4,0,28230,0,0
10/18/2009 11:40,292,6.8,7.8,45.6,46,29.4,0,28230,0,0
10/18/2009 11:50,302,6.1,6.9,45.8,47,29.4,0,28230,0,0
10/18/2009 12:00,301,8.9,10.6,45.6,46,29.4,0,28230,0,0
10/18/2009 12:10,324,8.1,9.4,45.6,47,29.4,0,28230,0,0
10/18/2009 12:20,320,5.9,6.6,45.6,47,29.4,0,28230,0,0
10/18/2009 12:30,295,9.8,10.3,45.5,45,29.4,0,28230,0,0
10/18/2009 12:40,291,10,10.8,45.5,46,29.4,0,28230,0,0
10/18/2009 12:50,293,5.8,6.6,45.3,45,29.4,0,28230,0,0
10/18/2009 13:00,317,3.8,4.2,45.5,46,29.4,0,28230,0,0
10/18/2009 13:10,294,8.7,10.3,45.6,47,29.4,0,28230,0,0
10/18/2009 13:20,286,7.7,8.5,45.6,45,29.4,0,28230,0,0
10/18/2009 13:30,298,5.9,6.6,45.8,46,29.4,0,28230,0,0
10/18/2009 13:40,281,8.5,9.8,45.8,47,29.4,0,28230,0,0
10/18/2009 13:50,286,5,5.6,45.6,46,29.4,0,28230,0,0
10/18/2009 14:00,293,4.7,5.4,45.1,46,29.4,0,28230,0,0
10/18/2009 14:10,287,7.2,7.7,45.1,46,29.4,0,28230,0,0
10/18/2009 14:20,287,6,6.5,45.5,45,29.4,0,28230,0,0
10/18/2009 14:30,300,6.4,7.6,45.3,47,29.4,0,28230,0,0
10/18/2009 14:40,285,2.6,3,45.1,48,29.4,0,28230,0,0
10/18/2009 14:50,270,4.4,4.8,44.6,49,29.4,0,28230,0,0
10/18/2009 15:00,269,3.6,4.1,44.4,50,29.4,0,28230,0,0
10/18/2009 15:10,254,2.4,2.9,44.2,50,29.4,0,28230,0,0
10/18/2009 15:20,251,3.2,3.7,43.8,51,29.4,0,28230,0,0
10/18/2009 15:30,234,3.1,3.5,43.3,52,29.4,0,28230,0,0
10/18/2009 15:40,202,4.4,4.7,42.9,54,29.4,0,28230,0,0
10/18/2009 15:50,220,3.6,4,42.8,52,29.4,0,28230,0,0
10/18/2009 16:00,200,5.4,5.8,42.6,53,29.4,0,28230,0,0
10/18/2009 16:10,194,5.4,5.5,42.2,54,29.4,0,28230,0,0
10/18/2009 16:20,174,5.2,5.7,41.5,58,29.4,0,28230,0,0
10/18/2009 16:30,176,6,6.8,40.8,58,29.4,0,28230,0,0
10/18/2009 16:40,170,5.5,7,40.8,59,29.4,0,28230,0,0
10/18/2009 16:50,187,6.9,7.5,41,57,29.4,0,28230,0,0
10/18/2009 17:00,185,7.4,8.4,40.4,60,29.4,0,28230,0,0
10/18/2009 17:10,179,7.9,8.4,39.5,63,29.4,0,28230,0,0
10/18/2009 17:20,181,6.8,8.1,39.2,64,29.4,0,28230,0,0
10/18/2009 17:30,173,6,7.5,39.2,65,29.4,0,28230,0,0
10/18/2009 17:40,198,5.6,7.8,39.2,64,29.4,0,28230,0,0
10/18/2009 17:50,182,8.5,9.7,39,65,29.4,0,28230,0,0
10/18/2009 18:00,189,9.8,10.8,38.6,64,29.4,0,28230,0,0
10/18/2009 18:10,185,7.2,7.7,38.6,65,29.4,0,28230,0,0
10/18/2009 18:20,164,6.8,7.5,38.4,66,29.4,0,28230,0,0
10/18/2009 18:30,179,8.2,9.3,38.4,65,29.4,0,28230,0,0
10/18/2009 18:40,165,5.4,7.1,37.9,67,29.4,0,28230,0,0
10/18/2009 18:50,160,8.3,10.1,37.5,67,29.4,0,28230,0,0
10/18/2009 19:00,151,6.1,6.8,37.5,67,29.4,0,28230,0,0
10/18/2009 19:10,166,8.7,10.3,37.5,67,29.4,0,28230,0,0
10/18/2009 19:20,160,7.9,9.5,37.5,67,29.4,0,28230,0,0
10/18/2009 19:30,143,4.9,5.3,37.4,67,29.4,0,28230,0,0
10/18/2009 19:40,140,7,7.7,37.2,67,29.4,0,28230,0,0
10/18/2009 19:50,172,7.1,10.2,37,67,29.4,0,28230,0,0
10/18/2009 20:00,178,9.3,12.2,37,68,29.4,0,28230,0,0
10/18/2009 20:10,178,8.7,10.8,37,68,29.4,0,28230,0,0
10/18/2009 20:20,149,4.6,6.9,37,68,29.4,0,28230,0,0
10/18/2009 20:30,170,10.9,12.2,37,69,29.4,0,28230,0,0
10/18/2009 20:40,186,11.4,12.5,37,69,29.4,0,28230,0,0
10/18/2009 20:50,163,7.2,10,36.8,70,29.4,0,28230,0,0
10/18/2009 21:00,186,7.2,12,36.8,71,29.4,0,28230,0,0
10/18/2009 21:10,180,10.6,12.5,36.8,71,29.4,0,28230,0,0
10/18/2009 21:20,174,8.5,9.2,36.6,71,29.4,0,28230,0,0
10/18/2009 21:30,194,8.6,9.3,36.6,71,29.4,0,28230,0,0
10/18/2009 21:40,175,9.8,10.6,36.8,72,29.4,0,28230,0,0
10/18/2009 21:50,161,9.4,10.4,36.6,72,29.4,0,28230,0,0
10/18/2009 22:00,147,6.9,8.8,36.6,72,29.4,0,28230,0,0
10/18/2009 22:10,122,10.6,12.5,36.5,72,29.4,0,28230,0,0
10/18/2009 22:20,180,12.6,13.5,36.8,72,29.4,0,28230,0,0
10/18/2009 22:30,177,12.3,13.3,37,71,29.4,0,28230,0,0
10/18/2009 22:40,169,13,14.4,37,71,29.4,0,28230,0,0
10/18/2009 22:50,172,10.6,12.8,37,72,29.4,0,28230,0,0
10/18/2009 23:00,166,9.7,10.8,36.8,72,29.4,0,28230,0,0
10/18/2009 23:10,161,8.3,11,36.8,72,29.4,0,28230,0,0
10/18/2009 23:20,180,12.1,13.5,37,72,29.4,0,28230,0,0
10/18/2009 23:30,177,9.9,12.3,37,72,29.4,0,28230,0,0
10/18/2009 23:40,152,7.8,9.6,36.8,73,29.4,0,28230,0,0
10/18/2009 23:50,180,9.1,9.9,36.8,73,29.4,0,28230,0,0
10/19/2009 0:00,171,12.3,13,36.6,73,29.4,0,28230,0,0
10/19/2009 0:10,170,8,9.7,36.6,73,29.4,0,28230,0,0
10/19/2009 0:20,178,9.2,9.9,36.6,73,29.4,0,28230,0,0
10/19/2009 0:30,161,10.7,11.6,36.6,73,29.4,0,28230,0,0
10/19/2009 0:40,182,13.1,14.8,36.6,72,29.4,0,28230,0,0
10/19/2009 0:50,180,13.6,14.4,36.6,72,29.4,0,28230,0,0
10/19/2009 1:00,175,9.6,11.2,36.6,72,29.4,0,28230,0,0
10/19/2009 1:10,170,12,14.4,36.6,71,29.4,0,28230,0,0
10/19/2009 1:20,178,10,11.6,36.5,71,29.4,0,28230,0,0
10/19/2009 1:30,169,12.4,13.2,36.1,71,29.4,0,28230,0,0
10/19/2009 1:40,156,13.3,14,35.9,71,29.4,0,28230,0,0
10/19/2009 1:50,161,8.8,9.6,35.9,71,29.4,0,28230,0,0
10/19/2009 2:00,156,11.5,12,36.1,70,29.4,0,28230,0,0
10/19/2009 2:10,167,13.9,14.6,36.1,69,29.4,0,28230,0,0
10/19/2009 2:20,165,10.1,11.3,36.3,68,29.4,0,28230,0,0
10/19/2009 2:30,154,9.7,10.6,36.3,67,29.4,0,28230,0,0
10/19/2009 2:40,147,9.2,10.8,36.6,66,29.4,0,28230,0,0
10/19/2009 2:50,181,11.9,14.4,36.8,66,29.4,0,28230,0,0
10/19/2009 3:00,176,15.3,18.4,37,66,29.4,0,28230,0,0
10/19/2009 3:10,191,10.2,12.5,37.5,65,29.4,0,28230,0,0
10/19/2009 3:20,161,8.3,9.6,36.8,67,29.4,0,28230,0,0
10/19/2009 3:30,165,10.1,11.7,37,67,29.4,0,28230,0,0
10/19/2009 3:40,147,8.4,10.6,37,68,29.4,0,28230,0,0
10/19/2009 3:50,181,15.2,17.1,37.2,67,29.4,0,28230,0,0
10/19/2009 4:00,158,8.4,11.3,37.5,67,29.4,0,28230,0,0
10/19/2009 4:10,182,13.3,15.3,38.1,66,29.4,0,28230,0,0
10/19/2009 4:20,209,6.9,8.4,38.6,66,29.4,0,28230,0,0
10/19/2009 4:30,174,6.9,8.2,38.6,66,29.4,0,28230,0,0
10/19/2009 4:40,185,10.6,12.8,38.8,65,29.4,0,28230,0,0
10/19/2009 4:50,181,6.8,7.6,39,65,29.4,0,28230,0,0
10/19/2009 5:00,189,12.4,14,38.8,66,29.4,0,28230,0,0
10/19/2009 5:10,184,9.9,11.9,38.4,67,29.4,0,28230,0,0
10/19/2009 5:20,188,15,15.6,38.6,67,29.4,0,28230,0,0
10/19/2009 5:30,180,15.5,17.4,39,66,29.4,0,28230,0,0
10/19/2009 5:40,183,15.2,17,39.7,65,29.4,0,28230,0,0
10/19/2009 5:50,173,4.2,10.5,40.2,64,29.4,0,28230,0,0
10/19/2009 6:00,194,12.1,13.1,41,63,29.4,0,28230,0,0
10/19/2009 6:10,196,9.4,11.2,41.7,62,29.4,0,28230,0,0
10/19/2009 6:20,189,16.8,18,42.4,60,29.4,0,28230,0,0
10/19/2009 6:30,199,9.4,12.4,43.3,59,29.4,0,28230,0,0
10/19/2009 6:40,181,11.4,13.1,44.2,58,29.4,0,28230,0,0
10/19/2009 6:50,178,11.4,14.9,44.7,57,29.4,0,28230,0,0
10/19/2009 7:00,198,11.4,12.2,45.5,56,29.4,0,28230,0,0
10/19/2009 7:10,207,6.6,8.9,46.4,55,29.4,0,28230,0,0
10/19/2009 7:20,218,5.7,6.6,46.7,54,29.4,0,28230,0,0
10/19/2009 7:30,212,10.9,11.7,47.8,53,29.4,0,28230,0,0
10/19/2009 7:40,199,10.5,11.8,48.3,53,29.4,0,28230,0,0
10/19/2009 7:50,219,12.4,15,48.5,52,29.4,0,28230,0,0
10/19/2009 8:00,204,8.3,8.9,49.2,52,29.4,0,28230,0,0
10/19/2009 8:10,206,6.3,8.3,50,50,29.4,0,28230,0,0
10/19/2009 8:20,216,15.5,16.4,50.3,50,29.4,0,28230,0,0
10/19/2009 8:30,218,5.6,10.1,51,49,29.4,0,28230,0,0
10/19/2009 8:40,225,16.8,20,51,49,29.4,0,28230,0,0
10/19/2009 8:50,266,5.7,8.9,51.4,49,29.4,0,28230,0,0
10/19/2009 9:00,187,6.7,9.4,51.8,49,29.3,0,28230,0,0
10/19/2009 9:10,211,7.3,9.8,52.1,48,29.3,0,28230,0,0
10/19/2009 9:20,239,5.6,6.5,52.7,47,29.3,0,28230,0,0
10/19/2009 9:30,251,13.1,15,52.8,47,29.3,0,28230,0,0
10/19/2009 9:40,233,13.9,14.8,52.8,47,29.3,0,28230,0,0
10/19/2009 9:50,28,5.3,10.8,53.2,46,29.3,0,28230,0,0
10/19/2009 10:00,185,9.6,12.3,53.4,45,29.3,0,28230,0,0
10/19/2009 10:10,269,10.1,12.2,54.1,45,29.3,0,28230,0,0
10/19/2009 10:20,216,10.2,11.6,54.3,45,29.3,0,28230,0,0
10/19/2009 10:30,243,13.7,14.5,54.3,45,29.3,0,28230,0,0
10/19/2009 10:40,218,4.9,7.3,54.8,45,29.3,0,28230,0,0
10/19/2009 10:50,252,6.7,7.9,55.2,45,29.3,0,28230,0,0
10/19/2009 11:00,238,7.6,9.4,55.7,44,29.3,0,28230,0,0
10/19/2009 11:10,197,10.6,12.9,55.5,43,29.3,0,28230,0,0
10/19/2009 11:20,200,13.8,15,55.7,42,29.3,0,28230,0,0
10/19/2009 11:30,221,14,15.3,56.4,41,29.3,0,28230,0,0
10/19/2009 11:40,181,6.6,8.3,55.9,41,29.3,0,28230,0,0
10/19/2009 11:50,214,14.7,18.1,56.1,41,29.3,0,28230,0,0
10/19/2009 12:00,248,5.8,6.6,56.4,41,29.3,0,28230,0,0
10/19/2009 12:10,219,16.5,18.3,56.6,40,29.3,0,28230,0,0
10/19/2009 12:20,196,15.5,18,56.6,40,29.3,0,28230,0,0
10/19/2009 12:30,234,9.3,12.9,57,41,29.3,0,28230,0,0
10/19/2009 12:40,219,15.1,17.1,57,39,29.3,0,28230,0,0
10/19/2009 12:50,202,7.6,8.7,57,41,29.3,0,28240,0,0
10/19/2009 13:00,225,13.4,14.7,56.6,40,29.3,0,28240,0,0
10/19/2009 13:10,241,10.8,12.2,57,41,29.3,0,28240,0,0
10/19/2009 13:20,218,5.3,6.4,56.3,42,29.3,0,28240,0,0
10/19/2009 13:30,198,7.1,8,56.3,42,29.3,0,28240,0,0
10/19/2009 13:40,208,10.8,12.4,56.4,42,29.3,0,28240,0,0
10/19/2009 13:50,193,6.7,7.9,57,41,29.3,0,28240,0,0
10/19/2009 14:00,216,18.1,19.7,56.8,40,29.2,0,28240,0,0
10/19/2009 14:10,205,11.4,12.4,56.4,42,29.2,0,28240,0,0
10/19/2009 14:20,222,6.5,8.7,56.1,42,29.2,0,28240,0,0
10/19/2009 14:30,180,6.7,7.3,55.9,43,29.2,0,28240,0,0
10/19/2009 14:40,233,7.3,8.6,55.7,43,29.2,0,28240,0,0
10/19/2009 14:50,331,3.6,6,55.7,44,29.2,0,28240,0,0
10/19/2009 15:00,187,7.2,8.4,55.5,45,29.2,0,28240,0,0
10/19/2009 15:10,195,11.8,12.6,55.4,45,29.2,0,28240,0,0
10/19/2009 15:20,173,6.1,7.9,55,46,29.2,0,28240,0,0
10/19/2009 15:30,185,9.8,10.9,54.8,45,29.2,0,28240,0,0
10/19/2009 15:40,127,4.3,6.5,54.6,46,29.2,0,28240,0,0
10/19/2009 15:50,193,8.6,10.2,54.5,46,29.2,0,28240,0,0
10/19/2009 16:00,182,14.3,15.9,54.3,46,29.2,0,28240,0,0
10/19/2009 16:10,193,15.3,16.1,54.1,47,29.2,0,28240,0,0
10/19/2009 16:20,195,8.9,13.9,54.1,47,29.2,0,28240,0,0
10/19/2009 16:30,172,6.9,8.2,54.1,46,29.2,0,28240,0,0
10/19/2009 16:40,186,16,19.4,54.1,46,29.2,0,28240,0,0
10/19/2009 16:50,200,17.7,18.7,54.1,46,29.2,0,28240,0,0
10/19/2009 17:00,175,13.9,15.6,54.1,46,29.2,0,28240,0,0
10/19/2009 17:10,186,15.6,17.6,54.3,46,29.2,0,28240,0,0
10/19/2009 17:20,173,13.9,15.7,54.3,46,29.2,0,28240,0,0
10/19/2009 17:30,203,8.2,12.5,54.5,46,29.2,0,28240,0,0
10/19/2009 17:40,187,21.4,22.5,54.5,46,29.2,0,28240,0,0
10/19/2009 17:50,185,16.7,18.7,54.6,46,29.2,0,28240,0,0
10/19/2009 18:00,182,16.6,18.5,54.6,46,29.2,0,28240,0,0
10/19/2009 18:10,158,10.8,12.1,54.6,45,29.2,0,28240,0,0
10/19/2009 18:20,169,15.2,18.1,54.5,45,29.2,0,28240,0,0
10/19/2009 18:30,189,19.2,22,54.6,45,29.2,0,28240,0,0
10/19/2009 18:40,208,13.5,17.4,54.8,45,29.2,0,28240,0,0
10/19/2009 18:50,167,14.4,15.9,54.8,45,29.2,0,28240,0,0
10/19/2009 19:00,212,6.7,10.5,54.6,45,29.2,0,28240,0,0
10/19/2009 19:10,208,12.1,16.9,54.8,45,29.2,0,28240,0,0
10/19/2009 19:20,182,14.7,17.7,54.8,45,29.2,0,28240,0,0
10/19/2009 19:30,201,14.8,18.7,54.8,45,29.2,0,28240,0,0
10/19/2009 19:40,227,5.5,14,54.8,45,29.2,0,28240,0,0
10/19/2009 19:50,49,4.2,5.4,54.8,45,29.2,0,28240,0,0
10/19/2009 20:00,209,20.2,22.2,54.8,44,29.2,0,28240,0,0
10/19/2009 20:10,224,15.7,17.7,54.8,45,29.2,0,28240,0,0
10/19/2009 20:20,213,15.3,18.6,54.5,45,29.2,0,28240,0,0
10/19/2009 20:30,200,7.8,13.5,54.1,46,29.3,0,28240,0,0
10/19/2009 20:40,199,14.8,16.5,53.7,47,29.3,0,28240,0,0
10/19/2009 20:50,207,6.2,8.4,53.4,48,29.3,0,28240,0,0
10/19/2009 21:00,225,7.3,8.8,53,49,29.3,0,28240,0,0
10/19/2009 21:10,240,5.1,5.7,52.7,50,29.3,0,28240,0,0
10/19/2009 21:20,225,7.5,9.3,52.3,50,29.3,0,28240,0,0
10/19/2009 21:30,217,11.9,13,52.1,51,29.3,0,28240,0,0
10/19/2009 21:40,189,9.5,10.2,51.8,51,29.3,0,28240,0,0
10/19/2009 21:50,177,10.8,11.7,51.8,52,29.3,0,28240,0,0
10/19/2009 22:00,185,5.1,7.4,51.6,52,29.3,0,28240,0,0
10/19/2009 22:10,189,10.1,12.3,51.8,52,29.3,0,28240,0,0
10/19/2009 22:20,161,7.3,10.4,51.8,52,29.3,0,28240,0,0
10/19/2009 22:30,177,9.7,11.5,51.8,52,29.3,0,28240,0,0
10/19/2009 22:40,177,11.8,12.9,51.8,52,29.3,0,28240,0,0
10/19/2009 22:50,161,6.6,9.1,51.8,53,29.3,0,28240,0,0
10/19/2009 23:00,181,8.5,10.4,51.9,53,29.3,0,28240,0,0
10/19/2009 23:10,191,14.3,16.8,52.1,52,29.3,0,28240,0,0
10/19/2009 23:20,150,9.6,14.6,52.1,52,29.3,0,28240,0,0
10/19/2009 23:30,186,9.9,12,52.1,52,29.3,0,28240,0,0
10/19/2009 23:40,200,13.5,14.8,52.1,52,29.3,0,28240,0,0
10/19/2009 23:50,200,13.3,14.9,52.3,52,29.3,0,28240,0,0
10/20/2009 0:00,184,8,10,52.3,52,29.3,0,28240,0,0
10/20/2009 0:10,209,11.4,12.6,52.5,51,29.3,0,28240,0,0
10/20/2009 0:20,204,9.7,12.8,52.8,51,29.3,0,28240,0,0
10/20/2009 0:30,212,13.7,15.2,53,51,29.3,0,28240,0,0
10/20/2009 0:40,226,11.9,12.8,53,51,29.3,0,28240,0,0
10/20/2009 0:50,207,12.9,13.9,53,51,29.3,0,28240,0,0
10/20/2009 1:00,215,18.1,20.3,53,52,29.3,0,28240,0,0
10/20/2009 1:10,198,7,14,53,52,29.3,0,28240,0,0
10/20/2009 1:20,213,17.4,19.4,52.8,52,29.3,0,28240,0,0
10/20/2009 1:30,197,11.6,13.7,52.7,53,29.3,0,28240,0,0
10/20/2009 1:40,227,14.1,15.5,52.5,53,29.3,0,28240,0,0
10/20/2009 1:50,215,11.6,12.7,52.3,54,29.3,0,28240,0,0
10/20/2009 2:00,212,8.7,10.2,52.3,54,29.3,0,28240,0,0
10/20/2009 2:10,200,15.2,17.3,51.8,55,29.3,0,28240,0,0
10/20/2009 2:20,205,12.3,14.8,51.8,55,29.3,0,28240,0,0
10/20/2009 2:30,218,13.3,14,51.4,56,29.3,0,28240,0,0
10/20/2009 2:40,198,14.2,15.1,51.2,56,29.3,0,28240,0,0
10/20/2009 2:50,209,6.2,8.5,51,57,29.3,0,28240,0,0
10/20/2009 3:00,196,12.9,15.4,50.9,58,29.3,0,28240,0,0
10/20/2009 3:10,190,7.9,10.1,50.5,59,29.3,0,28240,0,0
10/20/2009 3:20,187,10.3,12,50.3,59,29.3,0,28240,0,0
10/20/2009 3:30,188,12.3,13.6,50.1,59,29.3,0,28240,0,0
10/20/2009 3:40,187,7.4,9.4,50.1,59,29.3,0,28240,0,0
10/20/2009 3:50,193,9,10.2,50,60,29.3,0,28240,0,0
10/20/2009 4:00,183,8.5,10.6,49.8,60,29.3,0,28240,0,0
10/20/2009 4:10,217,10.6,12.1,49.6,61,29.3,0,28240,0,0
10/20/2009 4:20,213,9.7,11.2,49.6,61,29.3,0,28240,0,0
10/20/2009 4:30,192,9.9,11.1,49.6,61,29.3,0,28240,0,0
10/20/2009 4:40,196,12.7,13.5,49.6,61,29.3,0,28240,0,0
10/20/2009 4:50,185,5.3,6,49.4,61,29.3,0,28240,0,0
10/20/2009 5:00,203,11.4,12.6,49.6,61,29.3,0,28240,0,0
10/20/2009 5:10,121,6.9,10.6,49.8,61,29.3,0,28240,0,0
10/20/2009 5:20,202,15.8,16.8,50,60,29.3,0,28240,0,0
10/20/2009 5:30,195,10.4,13.9,50.1,60,29.3,0,28240,0,0
10/20/2009 5:40,168,12.7,14.6,50.7,60,29.3,0,28240,0,0
10/20/2009 5:50,215,8.9,9.9,51,59,29.3,0,28240,0,0
10/20/2009 6:00,207,10.4,11.2,51.4,59,29.3,0,28240,0,0
10/20/2009 6:10,215,12.4,13.3,51.6,59,29.3,0,28240,0,0
10/20/2009 6:20,222,8.3,11,51.8,59,29.3,0,28240,0,0
10/20/2009 6:30,186,8.6,11.5,52.3,58,29.3,0,28240,0,0
10/20/2009 6:40,205,11.1,11.7,52.8,57,29.3,0,28240,0,0
10/20/2009 6:50,206,12.3,12.8,53.2,57,29.3,0,28240,0,0
10/20/2009 7:00,214,11.7,12,53.4,57,29.3,0,28240,0,0
10/20/2009 7:10,207,9.3,10.5,53.7,56,29.3,0,28240,0,0
10/20/2009 7:20,205,6.7,7.8,54.3,56,29.3,0,28240,0,0
10/20/2009 7:30,245,7.2,10.6,54.3,56,29.3,0,28240,0,0
10/20/2009 7:40,198,7.8,10.2,54.8,56,29.3,0,28240,0,0
10/20/2009 7:50,217,6.4,8.9,55.7,55,29.3,0,28240,0,0
10/20/2009 8:00,222,11.4,14.1,55.9,54,29.3,0,28240,0,0
10/20/2009 8:10,241,8.6,9.4,56.6,54,29.3,0,28240,0,0
10/20/2009 8:20,246,9.1,12.4,56.1,56,29.3,0,28240,0,0
10/20/2009 8:30,265,13.1,16.1,56.1,55,29.3,0,28240,0,0
10/20/2009 8:40,261,12.5,14.1,56.1,57,29.3,0,28240,0,0
10/20/2009 8:50,265,7.5,8.4,55.7,58,29.3,0,28240,0,0
10/20/2009 9:00,283,5.8,6.8,55.9,57,29.3,0,28240,0,0
10/20/2009 9:10,276,7.6,8.7,55.9,61,29.3,0,28240,0,0
10/20/2009 9:20,252,9.5,10.3,56.1,61,29.3,0,28240,0,0
10/20/2009 9:30,26,3.2,5.9,56.1,63,29.3,0,28240,0,0
10/20/2009 9:40,278,8.5,9.1,56.1,61,29.3,0,28240,0,0
10/20/2009 9:50,294,6,6.3,56.1,64,29.3,0,28240,0,0
10/20/2009 10:00,273,9.1,9.7,55.4,66,29.3,0,28240,0,0
10/20/2009 10:10,267,6.4,7.3,55.4,68,29.3,0,28240,0,0
10/20/2009 10:20,289,9.1,10.3,55.5,70,29.3,0,28240,0,0
10/20/2009 10:30,269,7.6,9.4,56.1,69,29.3,0,28240,0,0
10/20/2009 10:40,316,3.2,3.9,56.1,69,29.3,0,28240,0,0
10/20/2009 10:50,281,10.4,12,55.9,69,29.3,0,28240,0,0
10/20/2009 11:00,252,9.5,11.2,55.9,69,29.3,0,28240,0,0
10/20/2009 11:10,280,5.3,6.3,55.7,70,29.3,0,28240,0,0
10/20/2009 11:20,222,5.1,5.7,55.7,71,29.3,0,28240,0,0
10/20/2009 11:30,247,9.2,11.1,55.9,69,29.3,0,28240,0,0
10/20/2009 11:40,283,6.9,7.7,56.1,71,29.3,0,28240,0,0
10/20/2009 11:50,270,10.7,12.4,55.5,72,29.3,0,28240,0,0
10/20/2009 12:00,267,5.8,6.7,55,73,29.3,0,28240,0,0
10/20/2009 12:10,310,7.6,8.2,55.5,72,29.3,0,28240,0,0
10/20/2009 12:20,282,9.6,11.2,56.1,71,29.3,0,28240,0,0
10/20/2009 12:30,285,6.5,7.7,55.4,73,29.3,0,28240,0,0
10/20/2009 12:40,282,6.3,7,54.8,75,29.3,0,28240,0,0
10/20/2009 12:50,282,6.5,7.6,55,77,29.3,0,28240,0,0
10/20/2009 13:00,274,4.6,5.4,54.5,77,29.3,0,28240,0,0
10/20/2009 13:10,293,6.5,7,54.8,77,29.3,0,28240,0,0
10/20/2009 13:20,282,4.6,5.3,54.5,78,29.3,0,28240,0,0
10/20/2009 13:30,293,4.8,5.4,54.6,78,29.3,0,28240,0,0
10/20/2009 13:40,304,4.4,4.8,54.6,78,29.3,0,28240,0,0
10/20/2009 13:50,305,3.8,4.6,54.6,78,29.3,0,28240,0,0
10/20/2009 14:00,278,4.1,4.4,54.8,75,29.3,0,28240,0,0
10/20/2009 14:10,235,1.6,1.9,55.2,74,29.3,0,28240,0,0
10/20/2009 14:20,261,2.9,3.2,55.2,71,29.3,0,28240,0,0
10/20/2009 14:30,249,4.1,4.6,55.5,71,29.3,0,28240,0,0
10/20/2009 14:40,308,4.4,4.8,55.5,71,29.3,0,28240,0,0
10/20/2009 14:50,207,2.2,2.8,55.5,70,29.3,0,28240,0,0
10/20/2009 15:00,204,3.6,3.9,55.4,71,29.3,0,28240,0,0
10/20/2009 15:10,205,3.5,3.8,55,72,29.3,0,28240,0,0
10/20/2009 15:20,191,2.7,4.1,55,72,29.3,0,28240,0,0
10/20/2009 15:30,115,2.5,2.9,55,73,29.3,0,28240,0,0
10/20/2009 15:40,152,3.2,3.6,54.8,72,29.3,0,28240,0,0
10/20/2009 15:50,130,3.1,3.5,54.6,74,29.3,0,28240,0,0
10/20/2009 16:00,142,3.6,4.5,54.8,74,29.3,0,28240,0,0
10/20/2009 16:10,130,4,4.7,54.8,74,29.3,0,28240,0,0
10/20/2009 16:20,132,3.9,4.9,54.6,74,29.3,0,28240,0,0
10/20/2009 16:30,124,3.4,4.3,54.6,74,29.3,0,28240,0,0
10/20/2009 16:40,126,5.2,5.9,54.3,75,29.3,0,28240,0,0
10/20/2009 16:50,121,4.2,4.8,54.5,75,29.3,0,28240,0,0
10/20/2009 17:00,138,4.2,5.3,54.1,76,29.3,0,28240,0,0
10/20/2009 17:10,148,5,5.4,53.9,76,29.3,0,28240,0,0
10/20/2009 17:20,150,4.8,6,53.7,77,29.3,0,28240,0,0
10/20/2009 17:30,134,4.6,6.2,53.4,78,29.3,0,28240,0,0
10/20/2009 17:40,148,5.4,6.1,53.6,76,29.3,0,28240,0,0
10/20/2009 17:50,71,3.7,5.4,54.3,73,29.3,0,28240,0,0
10/20/2009 18:00,169,5.9,6.3,54.5,71,29.3,0,28240,0,0
10/20/2009 18:10,149,2.4,2.9,54.1,72,29.3,0,28240,0,0
10/20/2009 18:20,158,3.1,3.5,54.3,71,29.3,0,28240,0,0
10/20/2009 18:30,161,7.3,7.8,54.6,69,29.3,0,28240,0,0
10/20/2009 18:40,178,6.9,8.1,55.2,66,29.3,0,28240,0,0
10/20/2009 18:50,178,7.9,8.9,55.7,64,29.3,0,28240,0,0
10/20/2009 19:00,178,8.7,9.3,56.3,62,29.3,0,28240,0,0
10/20/2009 19:10,169,7.1,7.8,56.6,60,29.3,0,28240,0,0
10/20/2009 19:20,166,9.1,10.1,57.3,58,29.3,0,28240,0,0
10/20/2009 19:30,177,7.9,9.9,57.5,57,29.3,0,28240,0,0
10/20/2009 19:40,158,7.4,8.4,57.9,57,29.3,0,28240,0,0
10/20/2009 19:50,139,10.9,12.3,57.9,56,29.3,0,28240,0,0
10/20/2009 20:00,182,5.7,7.1,58.1,56,29.3,0,28240,0,0
10/20/2009 20:10,197,6.3,7.6,58.2,56,29.3,0,28240,0,0
10/20/2009 20:20,185,8,9.8,59,53,29.3,0,28240,0,0
10/20/2009 20:30,190,10.2,11.3,59.3,52,29.3,0,28240,0,0
10/20/2009 20:40,176,8.5,9.9,59.3,52,29.3,0,28240,0,0
10/20/2009 20:50,177,5.5,7,59.3,52,29.3,0,28240,0,0
10/20/2009 21:00,167,4.9,6.9,59.5,51,29.3,0,28240,0,0
10/20/2009 21:10,185,7.4,8.3,59.5,51,29.3,0,28240,0,0
10/20/2009 21:20,178,7.4,9.3,59.3,52,29.3,0,28240,0,0
10/20/2009 21:30,207,5,5.9,59.1,52,29.3,0,28240,0,0
10/20/2009 21:40,206,5.6,6.8,59,52,29.3,0,28240,0,0
10/20/2009 21:50,201,11.8,12.7,59.1,51,29.3,0,28240,0,0
10/20/2009 22:00,206,12.7,15.4,59.3,51,29.3,0,28240,0,0
10/20/2009 22:10,190,5.2,8.9,58.8,51,29.3,0,28240,0,0
10/20/2009 22:20,188,7.3,7.8,58.8,52,29.3,0,28240,0,0
10/20/2009 22:30,191,7.2,9.1,58.6,52,29.3,0,28240,0,0
10/20/2009 22:40,195,7.1,8.5,58.2,53,29.3,0,28240,0,0
10/20/2009 22:50,277,2.9,4.4,58.2,53,29.3,0,28240,0,0
10/20/2009 23:00,207,4.6,5.6,58.1,54,29.3,0,28240,0,0
10/20/2009 23:10,178,10.4,12,57.9,54,29.3,0,28240,0,0
10/20/2009 23:20,178,7.2,10.3,57.7,54,29.3,0,28240,0,0
10/20/2009 23:30,189,9.3,10.3,57.7,54,29.3,0,28240,0,0
10/20/2009 23:40,188,5.5,6.4,57.7,54,29.3,0,28240,0,0
10/20/2009 23:50,191,6.5,6.8,57.7,54,29.3,0,28240,0,0
10/21/2009 0:00,186,8.8,9.7,57.9,54,29.3,0,28240,0,0
10/21/2009 0:10,174,7.8,8.7,57.9,54,29.3,0,28240,0,0
10/21/2009 0:20,211,8.1,8.8,58.1,54,29.3,0,28240,0,0
10/21/2009 0:30,197,7.8,8.5,58.2,53,29.3,0,28240,0,0
10/21/2009 0:40,208,8.9,9.7,58.1,54,29.3,0,28240,0,0
10/21/2009 0:50,223,7.6,8.9,58.1,54,29.3,0,28240,0,0
10/21/2009 1:00,204,5.7,6.7,57.9,54,29.3,0,28240,0,0
10/21/2009 1:10,185,6.6,6.9,57.9,54,29.3,0,28240,0,0
10/21/2009 1:20,197,7.9,8.3,57.7,55,29.3,0,28240,0,0
10/21/2009 1:30,194,6.3,6.7,57.7,55,29.3,0,28240,0,0
10/21/2009 1:40,182,5.9,6.8,57.5,55,29.3,0,28240,0,0
10/21/2009 1:50,194,3.8,4.6,57.5,55,29.3,0,28240,0,0
10/21/2009 2:00,198,6,7.4,57.3,56,29.3,0,28240,0,0
10/21/2009 2:10,200,7.4,8.1,57.3,56,29.3,0,28240,0,0
10/21/2009 2:20,209,8.3,9.5,57.2,56,29.3,0,28240,0,0
10/21/2009 2:30,190,5.5,6.1,57.2,57,29.3,0,28240,0,0
10/21/2009 2:40,196,9.3,10.3,57.3,56,29.3,0,28240,0,0
10/21/2009 2:50,234,5.4,6.1,57.3,56,29.3,0,28240,0,0
10/21/2009 3:00,189,5.6,6.1,57.3,56,29.3,0,28240,0,0
10/21/2009 3:10,196,7.1,8.1,57.5,56,29.3,0,28240,0,0
10/21/2009 3:20,203,6.8,9.3,57.5,56,29.3,0,28240,0,0
10/21/2009 3:30,194,4.4,5.8,57.5,57,29.3,0,28240,0,0
10/21/2009 3:40,221,9,9.5,57.5,57,29.3,0,28240,0,0
10/21/2009 3:50,209,7.9,8.2,57.7,56,29.4,0,28240,0,0
10/21/2009 4:00,192,9.7,11,57.9,56,29.4,0,28240,0,0
10/21/2009 4:10,200,9.7,10.2,57.3,59,29.4,0,28450,0,0
10/21/2009 4:20,209,9.9,10.9,56.8,60,29.4,0,28460,0,0
10/21/2009 4:30,203,7.1,8.6,56.3,63,29.4,0,28540,0,0
10/21/2009 4:40,227,12.4,14.1,55.9,65,29.4,0,28600,0,0
10/21/2009 4:50,179,3.8,10.9,55.2,71,29.4,0,28790,0,0
10/21/2009 5:00,183,8,10.3,54.3,75,29.4,0,28790,0,0
10/21/2009 5:10,161,4.7,7.2,54.3,76,29.4,0,28790,0,0
10/21/2009 5:20,181,6.3,7.8,54.3,76,29.3,0,28790,0,0
10/21/2009 5:30,154,6.8,8.5,54.6,73,29.3,0,28790,0,0
10/21/2009 5:40,144,5.4,7.1,55,73,29.3,0,28790,0,0
10/21/2009 5:50,170,3.5,4.4,55,73,29.3,0,28790,0,0
10/21/2009 6:00,162,6.1,7.2,55,74,29.3,0,28790,0,0
10/21/2009 6:10,165,5.8,7,55,75,29.3,0,28880,0,0
10/21/2009 6:20,186,9.3,10.4,55,75,29.3,0.01,29120,0.02,0.02
10/21/2009 6:30,158,7.1,9.9,54.6,78,29.3,0.01,29580,0,0
10/21/2009 6:40,193,5.4,5.7,54.6,78,29.4,0.01,29580,0,0
10/21/2009 6:50,161,4.6,7.7,54.8,78,29.4,0.01,29580,0,0
10/21/2009 7:00,206,7.4,7.8,55,77,29.4,0.01,29580,0,0
10/21/2009 7:10,180,6.2,6.9,55.4,76,29.4,0.01,29580,0,0
10/21/2009 7:20,173,6.7,8.8,55.7,76,29.3,0.01,29580,0,0
10/21/2009 7:30,223,5.9,7.6,56.3,74,29.3,0.01,29580,0,0
10/21/2009 7:40,198,4.6,5.1,56.4,74,29.4,0.01,29580,0,0
10/21/2009 7:50,184,4.2,4.6,56.8,73,29.4,0.01,29580,0,0
10/21/2009 8:00,162,2.9,4.2,57,72,29.3,0.01,29580,0,0
10/21/2009 8:10,182,9.1,10.1,57.5,69,29.3,0.01,29580,0,0
10/21/2009 8:20,198,6.6,8.5,57.7,69,29.3,0.01,29580,0,0
10/21/2009 8:30,159,2.9,4.2,57.9,69,29.3,0.01,29580,0,0
10/21/2009 8:40,207,5.1,5.7,57.9,68,29.3,0.01,29580,0,0
10/21/2009 8:50,201,6.6,7.7,58.1,68,29.3,0.01,29580,0,0
10/21/2009 9:00,222,5.4,6.8,58.2,67,29.3,0.01,29580,0,0
10/21/2009 9:10,181,5.3,6.3,58.6,68,29.3,0.01,29580,0,0
10/21/2009 9:20,207,6.5,7.3,60,61,29.3,0.01,29580,0,0
10/21/2009 9:30,231,5.6,6.8,60.6,61,29.3,0.01,29580,0,0
10/21/2009 9:40,188,4.8,5.9,61.8,59,29.3,0.01,29580,0,0
10/21/2009 9:50,231,8,9.7,62.4,58,29.3,0.01,29580,0,0
10/21/2009 10:00,216,4.4,5.2,62.4,59,29.3,0.01,29580,0,0
10/21/2009 10:10,285,5.5,6.3,62.7,57,29.3,0.01,29580,0,0
10/21/2009 10:20,300,4.3,4.9,60.6,60,29.3,0.01,29580,0,0
10/21/2009 10:30,294,3.3,4,60.6,60,29.3,0.01,29580,0,0
10/21/2009 10:40,304,4.8,5.6,60.4,61,29.3,0.01,29580,0,0
10/21/2009 10:50,331,4.5,6.4,60.2,61,29.3,0.01,29580,0,0
10/21/2009 11:00,285,4.4,4.8,60.9,59,29.3,0.01,29590,0,0
10/21/2009 11:10,4,3.4,4.2,61.8,57,29.3,0.01,29590,0,0
10/21/2009 11:20,52,4.2,5.6,62,56,29.3,0.01,29590,0,0
10/21/2009 11:30,19,2.3,3,61.5,55,29.3,0.01,29590,0,0
10/21/2009 11:40,324,4.6,5.4,61.3,55,29.3,0.01,29590,0,0
10/21/2009 11:50,315,5.4,5.9,61.3,56,29.3,0.01,29590,0,0
10/21/2009 12:00,318,4.7,5.1,60.9,56,29.3,0.01,29590,0,0
10/21/2009 12:10,334,8.4,9.4,60.6,59,29.3,0.01,29590,0,0
10/21/2009 12:20,335,6.8,10.8,60.8,59,29.3,0.01,29590,0,0
10/21/2009 12:30,308,5.1,5.6,60.6,58,29.3,0.01,29590,0,0
10/21/2009 12:40,352,6.4,7,60.2,61,29.3,0.01,29590,0,0
10/21/2009 12:50,279,4.6,6.4,60.6,61,29.3,0.01,29590,0,0
10/21/2009 13:00,257,4.6,7.1,60,62,29.3,0.01,29590,0,0
10/21/2009 13:10,284,4.1,4.8,60.8,59,29.3,0.01,29590,0,0
10/21/2009 13:20,258,6.5,7.7,60.6,58,29.3,0.01,29590,0,0
10/21/2009 13:30,282,3.8,5.1,60.8,59,29.2,0.01,29590,0,0
10/21/2009 13:40,283,3.3,3.5,61.7,57,29.3,0.01,29590,0,0
10/21/2009 13:50,245,3.8,4.4,62.6,55,29.2,0.01,29590,0,0
10/21/2009 14:00,302,4.4,5,62.6,56,29.2,0.01,29590,0,0
10/21/2009 14:10,272,5.3,6.3,61.3,56,29.2,0.01,29590,0,0
10/21/2009 14:20,234,1.9,2.8,61.3,57,29.2,0.01,29590,0,0
10/21/2009 14:30,118,0.8,1,61.3,58,29.2,0.01,29590,0,0
10/21/2009 14:40,127,3.1,3.4,61.7,58,29.2,0.01,29590,0,0
10/21/2009 14:50,128,4.6,5,61.8,58,29.2,0.01,29590,0,0
10/21/2009 15:00,133,5.4,5.7,61.7,60,29.2,0.01,29590,0,0
10/21/2009 15:10,141,4.1,4.7,61.7,58,29.2,0.01,29590,0,0
10/21/2009 15:20,158,2.9,3.8,61.7,59,29.2,0.01,29590,0,0
10/21/2009 15:30,146,4.3,4.6,61.7,60,29.2,0.01,29590,0,0
10/21/2009 15:40,159,3.3,3.7,61.5,60,29.2,0.01,29590,0,0
10/21/2009 15:50,155,4.1,5.2,60.9,61,29.2,0.01,29590,0,0
10/21/2009 16:00,165,3.2,4.1,60.4,63,29.2,0.01,29590,0,0
10/21/2009 16:10,161,6.7,9.5,60.4,62,29.2,0.01,29590,0,0
10/21/2009 16:20,189,7.7,8.7,61.3,59,29.2,0.01,29590,0,0
10/21/2009 16:30,197,8.7,10,61.3,56,29.2,0.01,29590,0,0
10/21/2009 16:40,188,9.7,10.7,62.2,52,29.2,0.01,29590,0,0
10/21/2009 16:50,189,12.6,13.8,63.1,48,29.2,0.01,29590,0,0
10/21/2009 17:00,194,8.4,10.2,63.6,46,29.2,0.01,29590,0,0
10/21/2009 17:10,193,10.4,11.6,63.6,45,29.2,0.01,29590,0,0
10/21/2009 17:20,197,11.8,12.2,63.6,44,29.2,0.01,29590,0,0
10/21/2009 17:30,190,6.6,8.5,63.6,44,29.2,0.01,29590,0,0
10/21/2009 17:40,204,3.5,4.1,63.5,44,29.2,0.01,29590,0,0
10/21/2009 17:50,199,6,8.8,63.3,43,29.2,0.01,29590,0,0
10/21/2009 18:00,203,10.4,12.5,63.3,43,29.2,0.01,29590,0,0
10/21/2009 18:10,187,9.2,12,63.3,42,29.2,0.01,29590,0,0
10/21/2009 18:20,193,11.4,12.3,63.3,42,29.2,0.01,29590,0,0
10/21/2009 18:30,210,6.4,8.1,63.3,42,29.2,0.01,29590,0,0
10/21/2009 18:40,200,11.6,12.1,63.1,42,29.2,0.01,29590,0,0
10/21/2009 18:50,206,12.1,13.1,62.9,42,29.2,0.01,29590,0,0
10/21/2009 19:00,195,13.6,14.9,62.7,43,29.2,0.01,29590,0,0
10/21/2009 19:10,191,10,12.2,62.6,43,29.2,0.01,29590,0,0
10/21/2009 19:20,185,6.3,8,62.6,43,29.2,0.01,29590,0,0
10/21/2009 19:30,213,8.2,9.8,62.6,43,29.2,0.01,29590,0,0
10/21/2009 19:40,199,12.2,14.9,62.6,43,29.2,0.01,29590,0,0
10/21/2009 19:50,176,8.3,10.5,62.4,43,29.2,0.01,29590,0,0
10/21/2009 20:00,193,11.8,13.1,62.4,43,29.2,0.01,29590,0,0
10/21/2009 20:10,197,11.6,14,62.6,43,29.2,0.01,29590,0,0
10/21/2009 20:20,195,10.2,11.4,62.4,43,29.2,0.01,29590,0,0
10/21/2009 20:30,196,9.5,10.9,62.2,44,29.2,0.01,29590,0,0
10/21/2009 20:40,191,16.5,20.2,62,44,29.2,0.01,29590,0,0
10/21/2009 20:50,203,12.7,15.3,61.8,44,29.2,0.01,29590,0,0
10/21/2009 21:00,215,9.5,12.7,61.8,44,29.2,0,29590,0,0
10/21/2009 21:10,182,9.8,10.8,61.7,44,29.2,0,29590,0,0
10/21/2009 21:20,219,12.1,13.8,61.5,44,29.2,0,29590,0,0
10/21/2009 21:30,209,15.7,17.4,61.5,44,29.2,0,29590,0,0
10/21/2009 21:40,184,9.4,12.1,61.5,44,29.2,0,29590,0,0
10/21/2009 21:50,209,11.2,14.4,61.5,44,29.2,0,29590,0,0
10/21/2009 22:00,197,10.3,10.9,61.3,44,29.2,0,29590,0,0
10/21/2009 22:10,204,14.3,15.7,60.9,45,29.2,0,29590,0,0
10/21/2009 22:20,217,10.7,13.9,60.8,45,29.2,0,29590,0,0
10/21/2009 22:30,188,9,10.9,60.6,45,29.2,0,29590,0,0
10/21/2009 22:40,207,12.7,13.5,60.6,45,29.2,0,29590,0,0
10/21/2009 22:50,195,13.3,15.5,60.6,45,29.2,0,29590,0,0
10/21/2009 23:00,204,12.9,14.8,60.6,46,29.2,0,29590,0,0
10/21/2009 23:10,206,12.8,14.2,60.6,46,29.2,0,29590,0,0
10/21/2009 23:20,218,14.5,15,60.6,45,29.2,0,29590,0,0
10/21/2009 23:30,189,12,13.1,60.4,45,29.2,0,29590,0,0
10/21/2009 23:40,210,16.1,17.9,60.4,45,29.2,0,29590,0,0
10/21/2009 23:50,220,14.8,17.2,60.2,46,29.2,0,29590,0,0
10/22/2009 0:00,202,9.6,10.8,60,46,29.2,0,29590,0,0
10/22/2009 0:10,210,10.6,11.7,59.9,46,29.2,0,29590,0,0
10/22/2009 0:20,225,13.3,14.4,59.9,46,29.2,0,29590,0,0
10/22/2009 0:30,220,11.2,11.9,59.7,46,29.2,0,29590,0,0
10/22/2009 0:40,214,9.7,12.6,59.9,46,29.2,0,29590,0,0
10/22/2009 0:50,205,15.7,17.5,59.5,46,29.2,0,29590,0,0
10/22/2009 1:00,217,14.3,15.2,59.3,47,29.2,0,29590,0,0
10/22/2009 1:10,205,12.7,14.2,59.5,47,29.2,0,29590,0,0
10/22/2009 1:20,173,6.3,8,59.1,48,29.2,0,29590,0,0
10/22/2009 1:30,211,6.9,7.7,58.8,49,29.2,0,29590,0,0
10/22/2009 1:40,205,8.1,9.1,58.2,50,29.2,0,29590,0,0
10/22/2009 1:50,198,11.4,13,58.2,51,29.2,0,29590,0,0
10/22/2009 2:00,202,6.8,9,58.1,51,29.2,0,29590,0,0
10/22/2009 2:10,203,10.8,12.1,57.9,52,29.2,0,29590,0,0
10/22/2009 2:20,205,11.4,12.5,57.7,53,29.2,0,29590,0,0
10/22/2009 2:30,204,7,7.5,57.7,53,29.2,0,29590,0,0
10/22/2009 2:40,186,6.4,7.2,57.5,54,29.2,0,29590,0,0
10/22/2009 2:50,219,11.2,12.9,57.3,54,29.2,0,29590,0,0
10/22/2009 3:00,211,12.8,14.2,57.3,55,29.2,0,29590,0,0
10/22/2009 3:10,205,13.7,15,57.3,55,29.2,0,29590,0,0
10/22/2009 3:20,217,12.3,14.9,57.3,56,29.2,0,29590,0,0
10/22/2009 3:30,184,10.9,12.8,57.3,56,29.2,0,29590,0,0
10/22/2009 3:40,196,11.8,12.9,57,57,29.2,0,29590,0,0
10/22/2009 3:50,204,10.3,11.4,57,57,29.2,0,29590,0,0
10/22/2009 4:00,200,12.5,14,56.8,57,29.1,0,29590,0,0
10/22/2009 4:10,202,12.3,13.9,56.4,58,29.1,0,29590,0,0
10/22/2009 4:20,188,9.4,11,56.6,58,29.1,0,29590,0,0
10/22/2009 4:30,198,12.7,14.1,56.4,58,29.1,0,29590,0,0
10/22/2009 4:40,193,13.4,14.6,56.1,59,29.1,0,29590,0,0
10/22/2009 4:50,185,10.4,11.9,56.3,59,29.1,0,29590,0,0
10/22/2009 5:00,199,14.1,15.2,56.1,59,29.1,0,29590,0,0
10/22/2009 5:10,202,13.9,14.6,56.1,59,29.1,0,29590,0,0
10/22/2009 5:20,206,17.4,18.7,56.6,59,29.2,0,29590,0,0
10/22/2009 5:30,185,6.9,11.9,56.4,59,29.2,0,29590,0,0
10/22/2009 5:40,224,14.4,15.5,56.6,59,29.2,0,29590,0,0
10/22/2009 5:50,213,8.5,12.3,57.3,58,29.2,0,29590,0,0
10/22/2009 6:00,214,10.2,13.3,57.9,57,29.2,0,29590,0,0
10/22/2009 6:10,223,14.2,18.1,58.2,57,29.2,0,29590,0,0
10/22/2009 6:20,230,16.4,17.7,58.4,56,29.2,0,29590,0,0
10/22/2009 6:30,212,14.9,18.6,58.6,56,29.1,0,29590,0,0
10/22/2009 6:40,221,18.7,20.6,58.4,57,29.1,0,29590,0,0
10/22/2009 6:50,206,13.3,15.1,58.6,57,29.2,0,29590,0,0
10/22/2009 7:00,231,14.5,18.4,58.4,57,29.2,0,29590,0,0
10/22/2009 7:10,226,5.6,11.4,58.8,57,29.2,0,29590,0,0
10/22/2009 7:20,216,18,19.6,59.1,56,29.2,0,29590,0,0
10/22/2009 7:30,238,7.8,10.6,59.5,56,29.2,0,29590,0,0
10/22/2009 7:40,228,16.6,19.3,60,54,29.1,0,29590,0,0
10/22/2009 7:50,214,11.6,15.8,60.6,54,29.1,0,29590,0,0
10/22/2009 8:00,249,10.1,11.4,60.9,53,29.1,0,29590,0,0
10/22/2009 8:10,225,16.4,17.6,61.1,52,29.1,0,29590,0,0
10/22/2009 8:20,234,8.6,10,61.5,53,29.2,0,29590,0,0
10/22/2009 8:30,221,8.9,11,61.8,52,29.1,0,29590,0,0
10/22/2009 8:40,231,18.8,21.2,62.4,51,29.1,0,29590,0,0
10/22/2009 8:50,253,22.9,25.6,62.7,51,29.1,0,29590,0,0
10/22/2009 9:00,226,17.5,24.1,62.7,51,29.1,0,29590,0,0
10/22/2009 9:10,-Invalid-,-Invalid-,-Invalid-,-Invalid-,-Invalid-,-Invalid-,-Invalid-,-Invalid-,-Invalid-,-Invalid-
10/22/2009 9:20,265,28.3,29.4,61.7,54,29.1,0,29590,0,0
10/22/2009 9:30,250,24.4,27.3,61.7,54,29.1,0,29590,0,0
10/22/2009 9:40,271,13.3,19.7,60.9,56,29.1,0,29590,0,0
10/22/2009 9:50,254,26.2,31.6,60.6,58,29.1,0,29590,0,0
10/22/2009 10:00,242,30.5,33.4,60.6,59,29.2,0,29590,0,0
10/22/2009 10:10,248,18.3,24.7,60,61,29.2,0,29590,0,0
10/22/2009 10:20,236,21.4,22,59.7,62,29.2,0,29590,0,0
10/22/2009 10:30,240,23.4,27.8,59.7,62,29.2,0,29590,0,0
10/22/2009 10:40,246,25.8,29.8,59.3,63,29.2,0,29590,0,0
10/22/2009 10:50,235,32.1,36,60,61,29.1,0,29590,0,0
10/22/2009 11:00,257,29.4,32.8,60.6,60,29.1,0,29590,0,0
10/22/2009 11:10,250,26.3,30.9,60.9,59,29.1,0,29590,0,0
10/22/2009 11:20,235,27.4,29.7,61.7,59,29.1,0,29590,0,0
10/22/2009 11:30,209,10.1,15.5,61.5,60,29.1,0,29590,0,0
10/22/2009 11:40,273,11.9,16.2,60.4,64,29.1,0,29590,0,0
10/22/2009 11:50,278,10.2,11.4,59.1,69,29.1,0,29590,0,0
10/22/2009 12:00,259,11.8,13,58.6,70,29.1,0,29590,0,0
10/22/2009 12:10,250,11,12.7,58.1,73,29.1,0,29590,0,0
10/22/2009 12:20,265,12.9,14.1,57.7,74,29.1,0,29590,0,0
10/22/2009 12:30,295,7,9.4,58.1,73,29.1,0,29590,0,0
10/22/2009 12:40,253,9.2,10.4,58.4,72,29.1,0,29590,0,0
10/22/2009 12:50,279,16,17.9,57.9,74,29.1,0,29590,0,0
10/22/2009 13:00,278,13.2,14.2,57.5,75,29.1,0,29590,0,0
10/22/2009 13:10,286,15.4,16,57,78,29.1,0,29590,0,0
10/22/2009 13:20,278,18.8,19.8,56.8,79,29.1,0,29590,0,0
10/22/2009 13:30,289,16.5,19.4,56.6,79,29.2,0,29590,0,0
10/22/2009 13:40,257,8.5,10.8,56.8,80,29.2,0,29590,0,0
10/22/2009 13:50,271,9.5,10.2,56.8,80,29.2,0,29590,0,0
10/22/2009 14:00,261,10.8,11.7,56.8,80,29.2,0,29590,0,0
10/22/2009 14:10,226,8,9.2,56.6,80,29.2,0,29590,0,0
10/22/2009 14:20,238,8.8,10.9,56.6,81,29.2,0,29590,0,0
10/22/2009 14:30,235,9.3,10.2,56.4,82,29.2,0,29590,0,0
10/22/2009 14:40,259,9,9.5,56.4,82,29.2,0,29590,0,0
10/22/2009 14:50,279,11,12.6,56.3,83,29.2,0,29590,0,0
10/22/2009 15:00,263,7.1,7.9,56.1,84,29.2,0,29590,0,0
10/22/2009 15:10,276,6.3,7.2,55.7,86,29.2,0,29590,0,0
10/22/2009 15:20,277,4.2,5.2,55.5,86,29.2,0,29590,0,0
10/22/2009 15:30,228,2.4,2.7,55.5,86,29.2,0,29590,0,0
10/22/2009 15:40,213,2.3,3,55.7,84,29.2,0,29590,0,0
10/22/2009 15:50,215,4.2,4.9,55.9,83,29.2,0,29590,0,0
10/22/2009 16:00,254,2,3,55.9,83,29.2,0,29590,0,0
10/22/2009 16:10,286,8.1,8.8,55.7,85,29.2,0,29590,0,0
10/22/2009 16:20,332,4.8,5.8,55,87,29.2,0,29590,0,0
10/22/2009 16:30,312,4.6,5.5,54.8,89,29.2,0,29590,0,0
10/22/2009 16:40,325,1.1,1.7,54.6,90,29.2,0,29590,0,0
10/22/2009 16:50,333,3.2,3.6,54.5,90,29.2,0,29590,0,0
10/22/2009 17:00,25,1.9,2.6,54.5,90,29.2,0,29590,0,0
10/22/2009 17:10,82,3.3,3.7,54.5,89,29.2,0,29590,0,0
10/22/2009 17:20,38,6,7.4,54.3,89,29.2,0,29590,0,0
10/22/2009 17:30,10,4.1,4.6,54.1,90,29.2,0,29590,0,0
10/22/2009 17:40,25,10.8,12.1,53.9,87,29.2,0,29590,0,0
10/22/2009 17:50,28,10.7,13.9,53,86,29.2,0,29590,0,0
10/22/2009 18:00,25,9.3,11.7,52.1,87,29.2,0,29590,0,0
10/22/2009 18:10,16,7.1,9,51.8,87,29.2,0,29590,0,0
10/22/2009 18:20,62,8.6,9.5,51.9,88,29.2,0,29590,0,0
10/22/2009 18:30,34,6.4,11.3,52.1,89,29.2,0,29590,0,0
10/22/2009 18:40,74,21.1,24.4,51.8,90,29.2,0,29590,0,0
10/22/2009 18:50,78,14.6,16.3,51.4,90,29.2,0,29590,0,0
10/22/2009 19:00,71,15.3,19.5,50.3,90,29.2,0,29590,0,0
10/22/2009 19:10,58,25.9,28.6,49.6,90,29.2,0,29590,0,0
10/22/2009 19:20,82,10.9,19.8,49.1,90,29.2,0,29590,0,0
10/22/2009 19:30,30,15,18.7,48.5,91,29.2,0,29590,0,0
10/22/2009 19:40,63,18.9,20.9,47.8,91,29.2,0,29590,0,0
10/22/2009 19:50,67,21,26,47.6,91,29.2,0,29590,0,0
10/22/2009 20:00,68,9.5,17.3,47.4,91,29.2,0,29590,0,0
10/22/2009 20:10,81,19.7,26.5,47.4,90,29.2,0,29590,0,0
10/22/2009 20:20,99,14.6,20.2,47.4,90,29.2,0,29590,0,0
10/22/2009 20:30,66,18.2,23.7,47.4,90,29.2,0,29590,0,0
10/22/2009 20:40,63,12.6,17.5,47.6,90,29.2,0,29590,0,0
10/22/2009 20:50,89,11.4,12.4,47.4,91,29.2,0,29590,0,0
10/22/2009 21:00,81,16,17.6,47.3,91,29.2,0,29590,0,0
10/22/2009 21:10,88,8.1,9.8,47.1,92,29.2,0,29590,0,0
10/22/2009 21:20,60,15.6,20.1,47.1,91,29.2,0,29640,0,0
10/22/2009 21:30,84,9.1,12.9,47.1,91,29.2,0,29640,0,0
10/22/2009 21:40,53,12.7,13.8,46.7,92,29.2,0,29640,0,0
10/22/2009 21:50,50,13.2,15.3,46.7,93,29.2,0,29640,0,0
10/22/2009 22:00,62,8.7,9.7,46.9,90,29.2,0,29640,0,0
10/22/2009 22:10,62,18,20.5,46.9,89,29.2,0,29640,0,0
10/22/2009 22:20,91,5.2,9.4,46.9,88,29.2,0,29640,0,0
10/22/2009 22:30,88,15.1,17.2,46.9,87,29.2,0,29640,0,0
10/22/2009 22:40,78,15.5,17.8,46.9,87,29.2,0,29640,0,0
10/22/2009 22:50,64,11.9,13.8,46.7,88,29.2,0,29640,0,0
10/22/2009 23:00,83,12.4,13.3,46.7,88,29.2,0,29640,0,0
10/22/2009 23:10,69,10.2,11.6,46.5,88,29.2,0,29640,0,0
10/22/2009 23:20,79,12.3,14.8,46.4,88,29.2,0,29640,0,0
10/22/2009 23:30,89,7.1,8.7,46.2,89,29.2,0,29640,0,0
10/22/2009 23:40,49,11.2,11.5,46.2,89,29.2,0,29640,0,0
10/22/2009 23:50,69,15.9,17.1,46,89,29.2,0,29640,0,0
10/23/2009 0:00,90,8.2,9.3,46,89,29.2,0,29640,0,0
10/23/2009 0:10,69,11.2,13.3,46,89,29.2,0,29640,0,0
10/23/2009 0:20,60,9.7,11.5,45.8,90,29.2,0,29640,0,0
10/23/2009 0:30,60,13.5,14.6,45.6,90,29.2,0,29640,0,0
10/23/2009 0:40,72,6,6.8,45.6,91,29.2,0,29640,0,0
10/23/2009 0:50,66,8.5,8.9,45.5,91,29.2,0,29640,0,0
10/23/2009 1:00,60,8.7,10.5,45.6,91,29.2,0,29640,0,0
10/23/2009 1:10,71,7.9,8.7,45.8,91,29.2,0,29650,0,0
10/23/2009 1:20,73,7,7.5,46,91,29.2,0,29650,0,0
10/23/2009 1:30,35,4.2,5.5,46.2,91,29.2,0,29650,0,0
10/23/2009 1:40,58,5.7,6.6,46.4,90,29.2,0,29810,0,0
10/23/2009 1:50,75,6,7.7,46.4,91,29.2,0,30070,0,0
10/23/2009 2:00,72,11.5,13.9,46.4,92,29.2,0,30200,0,0
10/23/2009 2:10,22,8.5,11.4,46.4,92,29.2,0,30570,0,0
10/23/2009 2:20,170,10.5,13.5,46.4,93,29.2,0,30680,0,0
10/23/2009 2:30,133,13,15.9,46.7,93,29.2,0,30680,0,0
10/23/2009 2:40,113,14.8,16.1,46.7,94,29.2,0,30680,0,0
10/23/2009 2:50,116,7.2,10,46.9,93,29.2,0,30680,0,0
10/23/2009 3:00,115,7.6,8.1,46.5,92,29.2,0,30680,0,0
10/23/2009 3:10,152,4.7,7.4,46.4,92,29.2,0,30680,0,0
10/23/2009 3:20,43,5.8,7.1,46.4,92,29.2,0,30680,0,0
10/23/2009 3:30,68,7.8,8.6,46.4,93,29.2,0,30680,0,0
10/23/2009 3:40,45,10.7,12.3,46.5,93,29.2,0.01,30970,0.05,0.05
10/23/2009 3:50,12,15.5,17.7,46.7,94,29.2,0.01,31350,0.01,0.01
10/23/2009 4:00,42,12.5,13.8,46.9,95,29.1,0.01,31440,0,0
10/23/2009 4:10,74,15.7,17.6,47.1,95,29.1,0.01,31440,0,0
10/23/2009 4:20,59,15.4,19,47.4,95,29.1,0.01,31440,0,0
10/23/2009 4:30,69,12.1,14,47.6,95,29.1,0.01,31440,0,0
10/23/2009 4:40,93,8.8,10.4,47.6,94,29.1,0.01,31440,0,0
10/23/2009 4:50,69,8.5,9.3,47.1,93,29.1,0.01,31440,0,0
10/23/2009 5:00,82,12.4,13,46.9,94,29.1,0.01,31440,0,0
10/23/2009 5:10,69,12.8,13.6,47.1,93,29.1,0.01,31440,0,0
10/23/2009 5:20,77,8,9.2,47.1,93,29.1,0.01,31440,0,0
10/23/2009 5:30,59,8.6,11.9,47.1,94,29.1,0.01,31440,0,0
10/23/2009 5:40,63,12.6,13.6,47.4,93,29.1,0.01,31440,0,0
10/23/2009 5:50,48,13.1,14,47.6,93,29.1,0.01,31440,0,0
10/23/2009 6:00,75,10.2,11.9,48,93,29.1,0.01,31440,0,0
10/23/2009 6:10,81,7.8,8.4,48.3,92,29.1,0.01,31440,0,0
10/23/2009 6:20,68,9.3,11.1,48.7,92,29.1,0.01,31440,0,0
10/23/2009 6:30,89,7.3,8.5,48.9,91,29.1,0.01,31440,0,0
10/23/2009 6:40,42,8.2,10.5,49.2,90,29.1,0.01,31440,0,0
10/23/2009 6:50,64,12.9,15.5,50,89,29.1,0.01,31440,0,0
10/23/2009 7:00,57,9.5,11.3,50.7,90,29.1,0.01,31440,0,0
10/23/2009 7:10,65,4.2,5.4,50.9,90,29.1,0.01,31440,0,0
10/23/2009 7:20,73,7.3,9.5,51,90,29.1,0.01,31440,0,0
10/23/2009 7:30,70,11.5,13.6,51,90,29,0.01,31440,0,0
10/23/2009 7:40,65,10.9,13.8,51.2,89,29.1,0.01,31440,0,0
10/23/2009 7:50,62,19.4,20,51.2,90,29.1,0.01,31490,0,0
10/23/2009 8:00,53,16,16.7,51,91,29.1,0.01,31990,0,0
10/23/2009 8:10,40,9.7,10.7,51,93,29.1,0.03,32580,0.05,0.05
10/23/2009 8:20,52,10.6,12.2,51.2,93,29.1,0.05,33190,0.04,0.04
10/23/2009 8:30,58,6.6,8.6,51.4,92,29.1,0.06,33780,0.05,0.05
10/23/2009 8:40,30,9.4,10.3,51.4,92,29.1,0.07,34350,0,0
10/23/2009 8:50,37,8.7,11.5,51.6,92,29.1,0.07,34920,0.01,0.01
10/23/2009 9:00,48,9.5,10.2,51.9,92,29.1,0.08,35500,0,0
10/23/2009 9:10,42,7.4,8.5,52.3,91,29.1,0.08,36020,0.01,0.01
10/23/2009 9:20,43,10.6,11.7,52.1,92,29.1,0.08,36320,0,0
10/23/2009 9:30,39,9.4,12.3,52.5,92,29.1,0.08,36390,0,0
10/23/2009 9:40,64,9.7,10.9,52.8,92,29,0.08,36550,0.04,0.04
10/23/2009 9:50,60,8.8,9.5,53.2,92,29,0.09,37150,0.03,0.03
10/23/2009 10:00,73,8.2,9.1,53.6,92,29,0.1,37710,0.02,0.02
10/23/2009 10:10,71,5.4,7,53.9,93,29,0.1,37970,0,0
10/23/2009 10:20,91,10.8,12.4,54.8,90,29,0.1,38020,0,0
10/23/2009 10:30,92,9.8,10.4,56.1,86,29,0.1,38020,0,0
10/23/2009 10:40,103,6.6,7.2,56.6,84,29,0.1,38020,0,0
10/23/2009 10:50,112,5.2,6.8,57,81,28.9,0.1,38020,0,0
10/23/2009 11:00,88,9.7,11.1,57.3,80,28.9,0.1,38020,0,0
10/23/2009 11:10,119,8,8.4,57.7,78,28.9,0.1,38020,0,0
10/23/2009 11:20,112,14.5,19.8,58.4,75,28.9,0.1,38020,0,0
10/23/2009 11:30,127,6.6,12.1,58.8,73,28.9,0.1,38020,0,0
10/23/2009 11:40,135,10.9,12.1,59,71,28.9,0.1,38020,0,0
10/23/2009 11:50,141,13,14,59.1,70,28.9,0.1,38020,0,0
10/23/2009 12:00,127,5.7,6.9,59.3,69,28.9,0.1,38020,0,0
10/23/2009 12:10,94,6.4,8.5,59.5,69,28.9,0.1,38020,0,0
10/23/2009 12:20,122,13.2,17.1,59.7,68,28.9,0.1,38020,0,0
10/23/2009 12:30,150,6.7,8.2,59.5,69,28.9,0.1,38140,0,0
10/23/2009 12:40,192,13.9,18.5,59.1,72,28.9,0.11,38590,0.13,0.13
10/23/2009 12:50,-Invalid-,-Invalid-,-Invalid-,-Invalid-,-Invalid-,-Invalid-,-Invalid-,-Invalid-,-Invalid-,-Invalid-
10/23/2009 13:00,268,35.8,37.8,57,81,28.9,0.14,39690,0,0
10/23/2009 13:10,133,22.7,29.4,57,82,28.8,0.14,39700,0,0
10/23/2009 13:20,231,6.8,16.4,57,83,28.8,0.14,39710,0,0
10/23/2009 13:30,158,5.4,8.6,57.2,83,28.8,0.14,40150,0.01,0.01
10/23/2009 13:40,165,8.9,11,57,83,28.8,0.14,40270,0.04,0.04
10/23/2009 13:50,146,14.6,19.3,57.2,84,28.8,0.15,40520,0,0
10/23/2009 14:00,132,14.2,17.6,57.3,83,28.8,0.15,40520,0,0
10/23/2009 14:10,170,15.7,18.7,57.5,83,28.8,0.15,40540,0,0
10/23/2009 14:20,154,13.4,16.5,57.7,83,28.8,0.15,40550,0,0
10/23/2009 14:30,161,17.9,23.8,57.9,82,28.8,0.15,40560,0,0
10/23/2009 14:40,2,11.4,16.7,58.2,82,28.8,0.15,40590,0,0
10/23/2009 14:50,163,21.9,23.9,58.4,82,28.8,0.15,40600,0,0
10/23/2009 15:00,155,22,25,58.6,82,28.8,0.15,40600,0,0
10/23/2009 15:10,153,19.9,22.3,58.2,83,28.8,0.15,40610,0,0
10/23/2009 15:20,178,18.9,23.5,58.1,85,28.8,0.15,40790,0,0
10/23/2009 15:30,89,19.4,23.8,57.9,86,28.8,0.15,40790,0,0
10/23/2009 15:40,148,9.4,14.2,58.2,85,28.8,0.15,40790,0,0
10/23/2009 15:50,162,14.1,16.8,58.6,84,28.8,0.15,40790,0,0
10/23/2009 16:00,181,21.2,24.8,58.8,83,28.8,0.15,40790,0,0
10/23/2009 16:10,146,17.5,21.6,59,83,28.8,0.15,40880,0.01,0.01
10/23/2009 16:20,166,27.4,31.1,58.8,84,28.8,0.15,40950,0,0
10/23/2009 16:30,147,27.7,29.7,58.8,84,28.8,0.15,40950,0,0
10/23/2009 16:40,155,21.2,25.9,59,83,28.8,0.15,40950,0,0
10/23/2009 16:50,146,17,19.9,59.1,84,28.8,0.15,40950,0,0
10/23/2009 17:00,175,11.2,16,59.5,83,28.8,0.15,40970,0,0
10/23/2009 17:10,147,15.6,16.9,59.9,82,28.8,0.15,41000,0,0
10/23/2009 17:20,249,11.4,15.5,59.1,88,28.7,0.16,41350,0.02,0.02
10/23/2009 17:30,161,13.5,16.3,58.6,91,28.8,0.16,41410,0,0
10/23/2009 17:40,319,32.1,35,58.4,93,28.8,0.2,41900,0.21,0.21
10/23/2009 17:50,306,28.1,32.3,58.4,93,28.8,0.23,42500,0.3,0.3
10/23/2009 18:00,172,27.2,28.7,58.8,93,28.8,0.27,43090,0.13,0.13
10/23/2009 18:10,274,35,37.4,59,92,28.8,0.27,43140,0,0
10/23/2009 18:20,158,23.9,29.5,59.1,92,28.8,0.27,43140,0,0
10/23/2009 18:30,140,15.1,17.8,60,89,28.8,0.27,43140,0,0
10/23/2009 18:40,170,11.6,14.6,60.4,87,28.8,0.27,43140,0,0
10/23/2009 18:50,197,6.5,9.9,60.9,86,28.8,0.27,43140,0,0
10/23/2009 19:00,176,14.4,18.9,61.7,85,28.8,0.27,43140,0,0
10/23/2009 19:10,178,5.5,12.7,61.8,85,28.8,0.27,43140,0,0
10/23/2009 19:20,188,7.5,8.8,61.8,85,28.8,0.27,43140,0,0
10/23/2009 19:30,181,16.2,17.2,62.2,84,28.7,0.27,43190,0,0
10/23/2009 19:40,-Invalid-,-Invalid-,-Invalid-,-Invalid-,-Invalid-,-Invalid-,-Invalid-,-Invalid-,-Invalid-,-Invalid-
10/23/2009 19:50,-Invalid-,-Invalid-,-Invalid-,-Invalid-,-Invalid-,-Invalid-,-Invalid-,-Invalid-,-Invalid-,-Invalid-
10/23/2009 20:00,-Invalid-,-Invalid-,-Invalid-,-Invalid-,-Invalid-,-Invalid-,-Invalid-,-Invalid-,-Invalid-,-Invalid-
10/23/2009 20:10,267,42.3,47.5,61.5,87,28.8,0.32,44290,0.53,0.53
10/23/2009 20:20,293,33.4,43.3,61.3,92,28.7,0.42,44670,0,0
10/23/2009 20:30,191,16.2,31,62,90,28.7,0.42,44830,0,0
10/23/2009 20:40,257,38.4,41,63.3,86,28.7,0.42,44830,0,0
10/23/2009 20:50,181,12.7,23.9,63.6,85,28.7,0.42,44830,0,0
10/23/2009 21:00,214,11.8,14.1,63.8,84,28.7,0,44830,0,0
10/23/2009 21:10,190,10.8,13.8,64.2,82,28.7,0,44830,0,0
10/23/2009 21:20,207,11.7,16,63.8,84,28.7,0,44880,0,0
10/23/2009 21:30,185,7.4,12.6,63.6,84,28.7,0,44880,0,0
10/23/2009 21:40,151,5.2,7.1,63.5,84,28.7,0,44880,0,0
10/23/2009 21:50,197,8.2,9.1,63.1,85,28.7,0,44920,0.02,0.02
10/23/2009 22:00,173,7.7,8.7,62.6,87,28.7,0.01,45250,0,0
10/23/2009 22:10,190,12,23.7,62.2,88,28.7,0.01,45590,0,0
10/23/2009 22:20,163,7.6,12.3,62.2,88,28.7,0.01,45590,0,0
10/23/2009 22:30,168,5.5,6.4,62.4,88,28.7,0.01,45590,0,0
10/23/2009 22:40,204,10.1,11.3,62.4,88,28.7,0.01,45620,0,0
10/23/2009 22:50,193,11.1,12.5,62.4,88,28.7,0.01,45620,0,0
10/23/2009 23:00,217,9.9,10.9,62.2,88,28.8,0.01,45870,0.02,0.02
10/23/2009 23:10,229,18.1,19.2,60.9,86,28.8,0.07,46320,0.12,0.12
10/23/2009 23:20,216,16.8,21.2,60.6,83,28.8,0.07,46770,0.02,0.02
10/23/2009 23:30,203,14.4,16.6,60,88,28.8,0.08,47280,0,0
10/23/2009 23:40,220,16.5,17.2,60.4,85,28.8,0.08,47370,0,0
10/23/2009 23:50,220,17.5,18.5,60.6,82,28.8,0.08,47370,0,0
10/24/2009 0:00,221,6.8,11.8,60.6,83,28.8,0.08,47370,0,0
10/24/2009 0:10,197,5.9,7,60.2,84,28.8,0.08,47370,0,0
10/24/2009 0:20,200,8.2,9.8,60.2,82,28.8,0.08,47370,0,0
10/24/2009 0:30,213,11.2,13.8,60.2,81,28.8,0.08,47370,0,0
10/24/2009 0:40,213,8.6,11.6,60.4,77,28.8,0.08,47370,0,0
10/24/2009 0:50,219,7.5,8.4,60.2,77,28.8,0.08,47370,0,0
10/24/2009 1:00,215,8.4,9.1,59.7,78,28.8,0.08,47370,0,0
10/24/2009 1:10,216,8.2,9.1,59.7,77,28.8,0.08,47370,0,0
10/24/2009 1:20,216,7.7,8.5,59.3,79,28.8,0.08,47370,0,0
10/24/2009 1:30,209,6.3,7,59.3,79,28.8,0.08,47370,0,0
10/24/2009 1:40,200,7.4,8,59.1,81,28.8,0.08,47370,0,0
10/24/2009 1:50,209,9.8,12.6,59,83,28.8,0.08,47370,0,0
10/24/2009 2:00,195,4.8,6.3,59,83,28.8,0.08,47370,0,0
10/24/2009 2:10,218,7.8,8.7,59,82,28.8,0.08,47370,0,0
10/24/2009 2:20,215,8.5,10.4,59,80,28.8,0.08,47370,0,0
10/24/2009 2:30,221,9.2,9.9,59,79,28.8,0.08,47370,0,0
10/24/2009 2:40,218,9.8,11.4,58.8,78,28.8,0.08,47370,0,0
10/24/2009 2:50,219,8.5,9.5,58.4,78,28.8,0.08,47370,0,0
10/24/2009 3:00,272,15.2,16,57.7,78,28.8,0.08,47370,0,0
10/24/2009 3:10,256,9.6,12.5,55.5,81,28.8,0.08,47370,0,0
10/24/2009 3:20,253,10.2,11.1,55,82,28.8,0.08,47370,0,0
10/24/2009 3:30,230,12.2,12.6,54.8,84,28.8,0.08,47370,0,0
10/24/2009 3:40,241,4.3,5.8,54.6,85,28.8,0.08,47370,0,0
10/24/2009 3:50,242,6.2,7.2,54.5,85,28.8,0.08,47370,0,0
10/24/2009 4:00,221,5,5.9,54.3,85,28.8,0.08,47370,0,0
10/24/2009 4:10,212,4.2,4.9,54.3,86,28.8,0.08,47370,0,0
10/24/2009 4:20,250,4.7,5.1,54.1,85,28.8,0.08,47410,0,0
10/24/2009 4:30,198,3.6,3.9,54.1,85,28.8,0.08,47410,0,0
10/24/2009 4:40,255,5.3,5.8,54.1,85,28.8,0.08,47410,0,0
10/24/2009 4:50,201,1.3,2.1,53.9,85,28.8,0.08,47410,0,0
10/24/2009 5:00,182,3.8,5.5,53.7,86,28.8,0.08,47410,0,0
10/24/2009 5:10,186,6.4,7.8,53.4,87,28.8,0.08,47410,0,0
10/24/2009 5:20,215,7.4,8.1,53.6,87,28.8,0.08,47410,0,0
10/24/2009 5:30,199,6,7.6,53.7,86,28.8,0.08,47410,0,0
10/24/2009 5:40,247,7.5,8.7,53.9,85,28.8,0.08,47410,0,0
10/24/2009 5:50,223,6.5,8.4,54.1,84,28.8,0.08,47410,0,0
10/24/2009 6:00,204,8,8.5,54.1,84,28.8,0.08,47410,0,0
10/24/2009 6:10,232,4.1,5.5,54.1,84,28.8,0.08,47410,0,0
10/24/2009 6:20,206,7.3,8.1,54.3,84,28.8,0.08,47410,0,0
10/24/2009 6:30,195,7.5,8.5,54.3,84,28.8,0.08,47410,0,0
10/24/2009 6:40,217,8,8.8,54.5,83,28.8,0.08,47410,0,0
10/24/2009 6:50,229,6.7,9.7,55,82,28.8,0.08,47410,0,0
10/24/2009 7:00,212,16.4,17.2,55.4,80,28.8,0.08,47410,0,0
10/24/2009 7:10,236,12.2,13.1,55.9,77,28.8,0.08,47410,0,0
10/24/2009 7:20,251,9.9,12.2,56.3,76,28.8,0.08,47410,0,0
10/24/2009 7:30,213,11.6,14.9,56.4,74,28.8,0.08,47410,0,0
10/24/2009 7:40,218,6.9,7.8,56.6,75,28.8,0.08,47410,0,0
10/24/2009 7:50,228,8.4,11.4,56.8,74,28.8,0.08,47410,0,0
10/24/2009 8:00,224,11.1,12.1,57,73,28.8,0.08,47410,0,0
10/24/2009 8:10,233,8.1,9,57.2,73,28.8,0.08,47410,0,0
10/24/2009 8:20,215,17.8,19.3,57.2,67,28.8,0.08,47410,0,0
10/24/2009 8:30,221,12.6,14.3,57.2,65,28.8,0.08,47410,0,0
10/24/2009 8:40,215,12.6,14.6,56.8,65,28.8,0.08,47410,0,0
10/24/2009 8:50,235,8.8,11.2,55.9,75,28.8,0.08,47410,0,0
10/24/2009 9:00,274,9.1,11.1,54.1,81,28.8,0.08,47410,0,0
10/24/2009 9:10,255,16.6,17.7,53.6,82,28.8,0.08,47410,0,0
10/24/2009 9:20,238,12.1,12.5,53.7,84,28.8,0.08,47410,0,0
10/24/2009 9:30,277,4.6,5.8,53.7,86,28.8,0.08,47410,0,0
10/24/2009 9:40,248,12.3,14.2,53.9,83,28.8,0.08,47410,0,0
10/24/2009 9:50,257,13.7,14.4,53.9,82,28.8,0.08,47410,0,0
10/24/2009 10:00,282,7.6,11.2,53.9,84,28.8,0.08,47410,0,0
10/24/2009 10:10,267,10.7,11.6,54.3,79,28.8,0.08,47410,0,0
10/24/2009 10:20,258,12,13.6,54.6,76,28.8,0.08,47410,0,0
10/24/2009 10:30,233,7.6,9.2,54.8,74,28.8,0.08,47410,0,0
10/24/2009 10:40,240,15.4,16.3,55.9,68,28.8,0.08,47440,0,0
10/24/2009 10:50,234,17.2,19.5,56.3,65,28.8,0.08,47440,0,0
10/24/2009 11:00,229,11.9,14.1,56.3,64,28.8,0.08,47440,0,0
10/24/2009 11:10,275,6.4,7.8,56.3,64,28.8,0.08,47440,0,0
10/24/2009 11:20,238,16.2,17.7,56.4,64,28.8,0.08,47440,0,0
10/24/2009 11:30,298,7.4,10.4,55.9,67,28.8,0.08,47440,0,0
10/24/2009 11:40,274,11,12.4,53.7,75,28.8,0.08,47440,0,0
10/24/2009 11:50,235,15.3,17.6,53.6,77,28.8,0.08,47440,0,0
10/24/2009 12:00,234,21.9,24,53.2,77,28.8,0.08,47440,0,0
10/24/2009 12:10,279,12.4,14.8,51.6,86,28.8,0.08,47440,0,0
10/24/2009 12:20,272,22.7,24.6,51,85,28.8,0.08,47460,0,0
10/24/2009 12:30,256,26.8,29.7,50.9,85,28.8,0.08,47460,0,0
10/24/2009 12:40,275,12.9,18.5,50.7,87,28.8,0.08,47460,0,0
10/24/2009 12:50,266,16.8,19.6,50.3,86,28.8,0.08,47470,0,0
10/24/2009 13:00,248,24.6,29.9,49.8,88,28.8,0.08,47570,0,0
10/24/2009 13:10,261,24.4,25.7,49.2,87,28.8,0.08,47580,0,0
10/24/2009 13:20,268,22.2,26.8,49.1,87,28.8,0.08,47590,0,0
10/24/2009 13:30,247,16.6,25,49.2,89,28.8,0.08,47590,0,0
10/24/2009 13:40,242,32.7,36.1,49.2,88,28.8,0.08,47630,0,0
10/24/2009 13:50,227,17.4,23.3,49.6,84,28.8,0.08,47630,0,0
10/24/2009 14:00,266,12.5,16.1,49.4,83,28.9,0.08,47660,0,0
10/24/2009 14:10,266,28.5,34,49.2,84,28.8,0.08,47670,0,0
10/24/2009 14:20,218,18.9,26.4,49.1,82,28.9,0.08,47670,0,0
10/24/2009 14:30,230,15.2,17.2,49.4,80,28.9,0.08,47670,0,0
10/24/2009 14:40,235,25.6,28.4,49.4,82,28.9,0.08,47670,0,0
10/24/2009 14:50,286,25,27.7,48.5,86,28.9,0.08,47670,0,0
10/24/2009 15:00,254,28.2,29.9,48.5,85,28.9,0.08,47680,0,0
10/24/2009 15:10,257,22.3,28.2,48.5,83,28.9,0.08,47690,0,0
10/24/2009 15:20,247,34.4,38.7,47.1,83,28.9,0.09,48070,0,0
10/24/2009 15:30,252,11.5,25.8,47.6,81,28.9,0.09,48070,0,0
10/24/2009 15:40,216,16.1,18.4,47.6,77,28.9,0.09,48070,0,0
10/24/2009 15:50,234,9.8,11.6,47.8,76,28.9,0.09,48070,0,0
10/24/2009 16:00,234,21.6,23,48,72,28.9,0.09,48070,0,0
10/24/2009 16:10,244,16.1,17.2,48,71,28.9,0.09,48070,0,0
10/24/2009 16:20,228,17.2,18,47.8,70,28.9,0.09,48070,0,0
10/24/2009 16:30,239,21.5,24.7,47.8,70,28.9,0.09,48070,0,0
10/24/2009 16:40,211,8.3,13.2,47.6,71,29,0.09,48070,0,0
10/24/2009 16:50,235,15.6,17.8,47.4,70,29,0.09,48070,0,0
10/24/2009 17:00,235,12.1,13,47.4,69,29,0.09,48080,0,0
10/24/2009 17:10,232,20.4,23,46.7,73,29,0.09,48440,0.02,0.02
10/24/2009 17:20,229,14.5,16.9,46.7,72,29,0.09,48460,0,0
10/24/2009 17:30,219,14.9,16.7,46.7,72,29,0.09,48460,0,0
10/24/2009 17:40,198,7.7,9.2,46.7,72,29,0.09,48470,0,0
10/24/2009 17:50,223,24.5,26.2,46,74,29,0.09,48800,0.05,0.05
10/24/2009 18:00,217,12,21.6,45.6,77,29,0.09,48900,0,0
10/24/2009 18:10,232,20.4,21.8,45.6,77,29,0.09,49060,0,0
10/24/2009 18:20,202,18.3,19.4,45.6,78,29,0.1,49230,0.08,0.08
10/24/2009 18:30,228,18.8,19.9,45.6,78,29,0.1,49700,0.02,0.02
10/24/2009 18:40,231,7.2,14.6,45.1,82,29,0.11,50120,0,0
10/24/2009 18:50,183,7.8,8.7,44.7,83,29,0.11,50530,0,0
10/24/2009 19:00,227,10.6,11.9,44.4,85,29,0.12,50960,0.05,0.05
10/24/2009 19:10,229,19.7,23,44,88,29,0.13,51530,0.1,0.1
10/24/2009 19:20,216,7.3,13.8,44,90,29,0.14,52060,0.02,0.02
10/24/2009 19:30,220,14.6,15.8,43.8,90,29,0.15,52630,0,0
10/24/2009 19:40,220,15.7,16.7,43.8,89,29,0.15,53100,0.04,0.04
10/24/2009 19:50,220,15.2,15.9,43.8,90,29,0.16,53460,0.04,0.04
10/24/2009 20:00,233,16.3,19.1,44,90,29.1,0.16,53630,0,0
10/24/2009 20:10,256,13.1,15.2,43.8,91,29.1,0.16,53720,0,0
10/24/2009 20:20,247,11.1,12.3,44,90,29.1,0.16,53740,0,0
10/24/2009 20:30,212,13.7,15.9,44.2,90,29.1,0.16,53780,0,0
10/24/2009 20:40,231,14,17.6,45.3,85,29.1,0.16,53780,0,0
10/24/2009 20:50,243,8.8,9.7,45.5,86,29.1,0.16,53780,0,0
10/24/2009 21:00,270,20.8,23.8,46.7,78,29.1,0,53780,0,0
10/24/2009 21:10,261,15.2,22.4,47.6,76,29.1,0,53780,0,0
10/24/2009 21:20,305,6.1,7,47.4,77,29.1,0,53780,0,0
10/24/2009 21:30,299,12.5,13.6,48.2,73,29.1,0,53780,0,0
10/24/2009 21:40,290,24.6,27.6,48,71,29.1,0,53790,0,0
10/24/2009 21:50,298,23.5,24.8,48.2,71,29.1,0,53790,0,0
10/24/2009 22:00,291,26.2,27.8,48,70,29.1,0,53790,0,0
10/24/2009 22:10,273,26.7,32,48,71,29.1,0,53790,0,0
10/24/2009 22:20,289,22.9,27.4,48,73,29.1,0,53790,0,0
10/24/2009 22:30,302,28.8,31.7,47.8,69,29.1,0,53790,0,0
10/24/2009 22:40,282,22.1,23.6,48,66,29.1,0,53790,0,0
10/24/2009 22:50,292,12.8,14.4,47.8,70,29.1,0,53790,0,0
10/24/2009 23:00,279,16.4,20.5,48,68,29.1,0,53790,0,0
10/24/2009 23:10,276,27,30,48.2,67,29.1,0,53790,0,0
10/24/2009 23:20,281,29.2,31.9,47.8,66,29.1,0,53790,0,0
10/24/2009 23:30,288,13.7,15.7,47.8,67,29.1,0,53790,0,0
10/24/2009 23:40,297,22.5,30,47.8,68,29.1,0,53790,0,0
10/24/2009 23:50,316,12.3,20.1,47.6,69,29.1,0,53790,0,0
10/25/2009 0:00,277,19,21.5,47.8,69,29.1,0,53790,0,0
10/25/2009 0:10,272,17.7,20,47.8,66,29.1,0,53790,0,0
10/25/2009 0:20,290,22.5,23.9,48,64,29.1,0,53790,0,0
10/25/2009 0:30,274,22.4,25.2,48,64,29.1,0,53790,0,0
10/25/2009 0:40,293,15.8,17.8,47.8,63,29.1,0,53790,0,0
10/25/2009 0:50,290,17.1,18.1,47.8,71,29.1,0,53790,0,0
10/25/2009 1:00,298,24.2,26.3,47.8,66,29.1,0,53790,0,0
10/25/2009 1:10,303,13.6,17.4,47.6,67,29.1,0,53790,0,0
10/25/2009 1:20,280,14,14.9,47.6,70,29.2,0,53790,0,0
10/25/2009 1:30,302,19.6,21.2,47.6,70,29.2,0,53790,0,0
10/25/2009 1:40,275,18,18.7,47.8,63,29.2,0,53790,0,0
10/25/2009 1:50,269,17.8,20.2,47.8,65,29.2,0,53790,0,0
10/25/2009 2:00,284,17.8,19.4,47.8,66,29.2,0,53790,0,0
10/25/2009 2:10,285,22.9,24.5,48.3,61,29.2,0,53790,0,0
10/25/2009 2:20,280,15.7,17.9,48.7,60,29.2,0,53790,0,0
10/25/2009 2:30,206,9.9,11.1,48.3,67,29.2,0,53790,0,0
10/25/2009 2:40,200,9.8,10.5,46,75,29.2,0,53790,0,0
10/25/2009 2:50,202,12.3,14.3,45.6,77,29.2,0,53790,0,0
10/25/2009 3:00,203,8.3,9.4,45.5,77,29.2,0,53790,0,0
10/25/2009 3:10,215,7.5,8.4,45.3,76,29.2,0,53790,0,0
10/25/2009 3:20,207,9.4,11.4,45.1,76,29.2,0,53790,0,0
10/25/2009 3:30,206,7,9.1,45.1,76,29.2,0,53790,0,0
10/25/2009 3:40,182,7.3,7.7,44.9,76,29.2,0,53790,0,0
10/25/2009 3:50,105,3.6,5.9,44.6,77,29.2,0,53790,0,0
10/25/2009 4:00,201,3.1,5.4,44.4,77,29.2,0,53790,0,0
10/25/2009 4:10,180,11.5,12.8,44.2,76,29.2,0,53790,0,0
10/25/2009 4:20,212,5.9,8.9,43.8,76,29.2,0,53790,0,0
10/25/2009 4:30,198,5.5,6,43.8,76,29.2,0,53790,0,0
10/25/2009 4:40,210,9.1,10.9,43.7,76,29.2,0,53790,0,0
10/25/2009 4:50,187,9.8,14.6,43.5,76,29.2,0,53790,0,0
10/25/2009 5:00,191,10.8,12.1,43.7,76,29.2,0,53790,0,0
10/25/2009 5:10,215,9.5,12.6,43.7,76,29.3,0,53790,0,0
10/25/2009 5:20,201,15.5,16.6,43.5,76,29.3,0,53790,0,0
10/25/2009 5:30,185,9.7,11.4,43.7,75,29.3,0,53790,0,0
10/25/2009 5:40,206,10.4,11.9,44,74,29.3,0,53790,0,0
10/25/2009 5:50,193,9.7,10.7,44.2,74,29.3,0,53790,0,0
10/25/2009 6:00,206,8.2,9.1,44.6,73,29.3,0,53790,0,0
10/25/2009 6:10,193,14,14.7,45.1,72,29.3,0,53790,0,0
10/25/2009 6:20,153,6.6,9.8,45.6,71,29.3,0,53790,0,0
10/25/2009 6:30,232,7.8,9.3,45.8,70,29.3,0,53790,0,0
10/25/2009 6:40,224,4.8,6.5,46.4,70,29.3,0,53790,0,0
10/25/2009 6:50,214,14.5,15.9,46.5,69,29.3,0,53790,0,0
10/25/2009 7:00,217,11.6,12.8,47.1,68,29.3,0,53790,0,0
10/25/2009 7:10,303,5.1,5.8,48,68,29.3,0,53790,0,0
10/25/2009 7:20,214,11.6,12.3,48.3,65,29.3,0,53790,0,0
10/25/2009 7:30,218,6.8,7.9,48.3,66,29.3,0,53790,0,0
10/25/2009 7:40,191,5.2,6.3,49.1,65,29.3,0,53790,0,0
10/25/2009 7:50,209,5,6.8,49.4,64,29.3,0,53790,0,0
10/25/2009 8:00,239,8.5,10.1,49.8,63,29.3,0,53790,0,0
10/25/2009 8:10,192,5.6,6.2,50.1,62,29.3,0,53790,0,0
10/25/2009 8:20,215,4,4.6,51.4,59,29.3,0,53790,0,0
10/25/2009 8:30,246,7.2,8,50.3,59,29.3,0,53790,0,0
10/25/2009 8:40,224,7.7,8.7,51,59,29.3,0,53790,0,0
10/25/2009 8:50,224,4.2,5.3,51.4,57,29.3,0,53790,0,0
10/25/2009 9:00,277,8.2,9,51.9,55,29.3,0,53790,0,0
10/25/2009 9:10,251,10.2,13.4,52.3,55,29.3,0,53790,0,0
10/25/2009 9:20,285,13.1,13.8,51.4,60,29.3,0,53790,0,0
10/25/2009 9:30,290,14.5,14.8,51.6,59,29.3,0,53790,0,0
10/25/2009 9:40,292,12.9,13.5,51.4,56,29.3,0,53790,0,0
10/25/2009 9:50,298,12.1,14.1,51.8,62,29.3,0,53790,0,0
10/25/2009 10:00,280,10.5,12.3,51.6,62,29.3,0,53790,0,0
10/25/2009 10:10,292,12.4,13.5,51.6,62,29.3,0,53790,0,0
10/25/2009 10:20,292,12.1,12.9,51.4,63,29.3,0,53790,0,0
10/25/2009 10:30,310,7.7,8.7,51.4,65,29.3,0,53790,0,0
10/25/2009 10:40,317,7.4,8.3,51.4,63,29.3,0,53790,0,0
10/25/2009 10:50,297,7.7,8.6,51.8,62,29.3,0,53790,0,0
10/25/2009 11:00,301,7.8,8.3,51.8,65,29.3,0,53790,0,0
10/25/2009 11:10,315,8.2,9.4,51.4,64,29.3,0,53790,0,0
10/25/2009 11:20,301,9,11.4,51.2,65,29.3,0,53790,0,0
10/25/2009 11:30,288,10.4,11.7,51.6,65,29.3,0,53790,0,0
10/25/2009 11:40,297,9.5,10.4,51.8,64,29.3,0,53790,0,0
10/25/2009 11:50,303,9.1,10.5,51.6,64,29.3,0,53790,0,0
10/25/2009 12:00,300,9.1,10.2,51.4,66,29.3,0,53790,0,0
10/25/2009 12:10,322,6.6,7.4,51.6,67,29.3,0,53790,0,0
10/25/2009 12:20,338,5.4,6.9,51.8,68,29.3,0,53790,0,0
10/25/2009 12:30,307,6,6.4,51.8,67,29.3,0,53790,0,0
10/25/2009 12:40,325,4.9,6,51.9,66,29.3,0,53790,0,0
10/25/2009 12:50,319,8.2,9.7,51.9,65,29.3,0,53790,0,0
10/25/2009 13:00,308,5.5,7.4,52.3,63,29.3,0,53790,0,0
10/25/2009 13:10,298,8.6,9.7,52.3,59,29.3,0,53790,0,0
10/25/2009 13:20,315,8,9.6,52.3,59,29.3,0,53790,0,0
10/25/2009 13:30,314,7.3,8.3,52.1,60,29.3,0,53790,0,0
10/25/2009 13:40,324,9,9.8,51.9,61,29.3,0,53790,0,0
10/25/2009 13:50,306,5.1,6,51.9,64,29.3,0,53790,0,0
10/25/2009 14:00,321,7.8,8.2,51.8,64,29.3,0,53790,0,0
10/25/2009 14:10,320,6.1,7.3,51.6,66,29.3,0,53790,0,0
10/25/2009 14:20,320,4.1,4.9,51.4,67,29.3,0,53790,0,0
10/25/2009 14:30,252,1.5,3.6,51.2,70,29.3,0,53790,0,0
10/25/2009 14:40,166,1,1.4,51.2,69,29.3,0,53790,0,0
10/25/2009 14:50,312,2,3.3,51.8,68,29.3,0,53790,0,0
10/25/2009 15:00,7,1.2,1.6,51.6,68,29.3,0,53790,0,0
10/25/2009 15:10,96,2.1,2.3,50.5,70,29.3,0,53790,0,0
10/25/2009 15:20,96,3.2,3.6,50.3,70,29.3,0,53790,0,0
10/25/2009 15:30,95,3.6,3.9,50.3,70,29.3,0,53790,0,0
10/25/2009 15:40,103,3.8,4,50.1,71,29.4,0,53790,0,0
10/25/2009 15:50,97,3.3,3.5,50.1,71,29.4,0,53790,0,0
10/25/2009 16:00,96,3.7,4,50,71,29.4,0,53790,0,0
10/25/2009 16:10,106,3.6,4,50,71,29.4,0,53790,0,0
10/25/2009 16:20,108,4.7,4.9,49.8,71,29.4,0,53790,0,0
10/25/2009 16:30,116,3.8,4.5,49.2,73,29.4,0,53790,0,0
10/25/2009 16:40,129,4.8,5.7,49.1,74,29.4,0,53790,0,0
10/25/2009 16:50,111,5.4,5.8,48.9,72,29.4,0,53790,0,0
10/25/2009 17:00,118,5.5,6.2,48.3,75,29.4,0,53790,0,0
10/25/2009 17:10,111,5.5,6.1,48,76,29.4,0,53790,0,0
10/25/2009 17:20,113,5.8,6.1,47.6,74,29.4,0,53790,0,0
10/25/2009 17:30,117,6.2,6.9,47.1,76,29.4,0,53790,0,0
10/25/2009 17:40,115,7.6,8.9,46.7,76,29.4,0,53790,0,0
10/25/2009 17:50,113,5.2,6.1,46.7,75,29.4,0,53790,0,0
10/25/2009 18:00,137,6.3,7.7,46.5,75,29.4,0,53790,0,0
10/25/2009 18:10,131,8.9,9.6,46.5,74,29.4,0,53790,0,0
10/25/2009 18:20,132,8.7,9.3,46.4,73,29.4,0,53790,0,0
10/25/2009 18:30,144,7.2,8.3,46.5,72,29.4,0,53790,0,0
10/25/2009 18:40,134,9.6,10.9,46.9,69,29.4,0,53790,0,0
10/25/2009 18:50,113,8.6,9.3,47.3,68,29.4,0,53790,0,0
10/25/2009 19:00,124,9.1,9.8,47.4,66,29.4,0,53790,0,0
10/25/2009 19:10,125,9.5,10.5,47.4,66,29.4,0,53790,0,0
10/25/2009 19:20,130,9,10.1,47.3,66,29.4,0,53790,0,0
10/25/2009 19:30,132,9.1,10,47.4,65,29.4,0,53790,0,0
10/25/2009 19:40,139,7.5,8.2,47.4,65,29.4,0,53790,0,0
10/25/2009 19:50,142,8.9,10.4,47.1,65,29.4,0,53790,0,0
10/25/2009 20:00,136,8.9,10.1,47.3,65,29.4,0,53790,0,0
10/25/2009 20:10,136,7.5,8.3,47.8,62,29.4,0,53790,0,0
10/25/2009 20:20,138,6.6,8.5,47.6,63,29.4,0,53790,0,0
10/25/2009 20:30,132,8.4,9.6,47.6,63,29.4,0,53790,0,0
10/25/2009 20:40,136,8.5,9.4,47.8,62,29.4,0,53790,0,0
10/25/2009 20:50,140,7.5,8.1,47.8,63,29.4,0,53790,0,0
10/25/2009 21:00,145,8.8,9.3,47.6,63,29.4,0,53790,0,0
10/25/2009 21:10,145,8.6,9.6,47.4,64,29.4,0,53790,0,0
10/25/2009 21:20,141,7.8,8.6,47.4,65,29.4,0,53790,0,0
10/25/2009 21:30,132,9.5,10.2,47.4,66,29.4,0,53790,0,0
10/25/2009 21:40,149,9.9,11.4,47.3,67,29.4,0,53790,0,0
10/25/2009 21:50,124,7.3,7.8,47.6,67,29.4,0,53790,0,0
10/25/2009 22:00,135,8.9,9.7,47.8,67,29.4,0,53790,0,0
10/25/2009 22:10,146,8.5,9,47.6,67,29.4,0,53790,0,0
10/25/2009 22:20,142,8.7,9.7,47.8,67,29.4,0,53790,0,0
10/25/2009 22:30,148,9.8,11.9,47.6,67,29.4,0,53790,0,0
10/25/2009 22:40,139,6.5,8.1,47.6,67,29.4,0,53790,0,0
10/25/2009 22:50,148,8.4,9.9,47.6,67,29.4,0,53790,0,0
10/25/2009 23:00,150,10.6,11.4,47.4,67,29.4,0,53790,0,0
10/25/2009 23:10,129,7.5,8.4,47.3,68,29.4,0,53790,0,0
10/25/2009 23:20,149,8.3,9.8,47.3,68,29.4,0,53790,0,0
10/25/2009 23:30,133,8,8.5,47.1,69,29.4,0,53790,0,0
10/25/2009 23:40,137,8.4,9.3,47.1,69,29.4,0,53790,0,0
10/25/2009 23:50,153,6.4,7.3,47.3,69,29.4,0,53790,0,0
10/26/2009 0:00,133,10.2,10.9,47.3,68,29.4,0,53790,0,0
10/26/2009 0:10,127,7.6,8.4,47.4,68,29.4,0,53790,0,0
10/26/2009 0:20,138,10.2,11.2,47.4,68,29.4,0,53790,0,0
10/26/2009 0:30,140,7.9,8.4,47.6,68,29.4,0,53790,0,0
10/26/2009 0:40,127,7.7,8.3,47.4,68,29.4,0,53790,0,0
10/26/2009 0:50,127,10.6,12.7,47.6,67,29.4,0,53790,0,0
10/26/2009 1:00,135,9.6,10.3,47.6,67,29.4,0,53790,0,0
10/26/2009 1:10,134,7.7,8.6,47.6,67,29.4,0,53790,0,0
10/26/2009 1:20,134,9.5,10.3,47.4,67,29.4,0,53790,0,0
10/26/2009 1:30,140,9.6,10.9,47.4,67,29.4,0,53790,0,0
10/26/2009 1:40,136,8.4,9.3,47.6,66,29.4,0,53790,0,0
10/26/2009 1:50,143,12.8,14,47.6,65,29.4,0,53790,0,0
10/26/2009 2:00,144,8.8,9.9,47.8,65,29.4,0,53790,0,0
10/26/2009 2:10,150,9.8,11,47.8,65,29.4,0,53790,0,0
10/26/2009 2:20,135,7.7,9.2,47.8,65,29.4,0,53790,0,0
10/26/2009 2:30,134,7.8,8.8,47.8,65,29.4,0,53790,0,0
10/26/2009 2:40,137,8.2,8.9,47.8,64,29.4,0,53790,0,0
10/26/2009 2:50,155,7.1,8.4,47.6,65,29.4,0,53790,0,0
10/26/2009 3:00,146,8.2,9.2,47.8,64,29.4,0,53790,0,0
10/26/2009 3:10,146,6,6.6,48,64,29.4,0,53790,0,0
10/26/2009 3:20,144,9.3,10.8,48.2,63,29.4,0,53790,0,0
10/26/2009 3:30,137,9.8,11.7,48,63,29.4,0,53790,0,0
10/26/2009 3:40,148,6.3,7.3,47.6,64,29.4,0,53790,0,0
10/26/2009 3:50,138,8.6,9.6,47.8,64,29.4,0,53790,0,0
10/26/2009 4:00,134,7.6,8.1,47.6,64,29.4,0,53790,0,0
10/26/2009 4:10,140,10.4,11.4,47.4,64,29.4,0,53790,0,0
10/26/2009 4:20,144,9.1,10,47.4,64,29.4,0,53790,0,0
10/26/2009 4:30,142,7.9,8.7,47.8,63,29.4,0,53790,0,0
10/26/2009 4:40,122,6.6,7,48,62,29.4,0,53790,0,0
10/26/2009 4:50,119,6.3,7,48.2,62,29.4,0,53790,0,0
10/26/2009 5:00,135,5.1,6.9,48.2,62,29.4,0,53790,0,0
10/26/2009 5:10,125,9,10.4,48.2,62,29.4,0,53790,0,0
10/26/2009 5:20,121,8,9.4,48.3,61,29.4,0,53790,0,0
10/26/2009 5:30,133,9.2,10.6,48.7,60,29.4,0,53790,0,0
10/26/2009 5:40,112,4.8,6.5,48.9,60,29.4,0,53790,0,0
10/26/2009 5:50,136,10.9,11.7,49.8,59,29.4,0,53790,0,0
10/26/2009 6:00,123,7.8,9.7,50.5,58,29.4,0,53790,0,0
10/26/2009 6:10,116,5.3,6.4,51.2,56,29.4,0,53790,0,0
10/26/2009 6:20,103,6.9,7.7,51.9,55,29.4,0,53790,0,0
10/26/2009 6:30,156,9.1,10.2,52.5,54,29.4,0,53790,0,0
10/26/2009 6:40,142,5.3,6.2,52.8,53,29.4,0,53790,0,0
10/26/2009 6:50,112,9.2,10.2,53.6,52,29.4,0,53790,0,0
10/26/2009 7:00,134,3.4,4.4,54.1,51,29.4,0,53790,0,0
10/26/2009 7:10,94,5.7,7.1,54.5,51,29.4,0,53790,0,0
10/26/2009 7:20,160,8.7,9.7,55,49,29.4,0,53790,0,0
10/26/2009 7:30,155,3.6,5.2,55.4,49,29.4,0,53790,0,0
10/26/2009 7:40,156,4.8,6.1,55.9,49,29.4,0,53790,0,0
10/26/2009 7:50,138,12.2,13.3,55.9,48,29.4,0,53790,0,0
10/26/2009 8:00,126,6.4,8.2,57.2,47,29.4,0,53790,0,0
10/26/2009 8:10,114,3.2,4.5,58.2,45,29.4,0,53790,0,0
10/26/2009 8:20,167,7.6,9.1,59,44,29.4,0,53790,0,0
10/26/2009 8:30,173,6.7,9.6,59.5,42,29.4,0,53790,0,0
10/26/2009 8:40,155,5.9,7.6,60,41,29.4,0,53790,0,0
10/26/2009 8:50,146,8.3,9.5,60.4,41,29.4,0,53790,0,0
10/26/2009 9:00,141,10.4,12.6,60.9,38,29.4,0,53790,0,0
10/26/2009 9:10,151,10.3,11,61.5,36,29.4,0,53790,0,0
10/26/2009 9:20,140,6.1,6.8,62.4,36,29.4,0,53790,0,0
10/26/2009 9:30,114,1.7,2.3,62.7,35,29.4,0,53790,0,0
10/26/2009 9:40,123,9.3,9.8,63.5,35,29.4,0,53790,0,0
10/26/2009 9:50,159,5.1,5.5,63.6,34,29.4,0,53790,0,0
10/26/2009 10:00,81,3.8,5.1,61.1,43,29.4,0,53790,0,0
10/26/2009 10:10,152,6.2,7,63.3,41,29.4,0,53790,0,0
10/26/2009 10:20,173,4.2,5.2,64.4,36,29.4,0,53790,0,0
10/26/2009 10:30,38,16.1,18.4,59.1,51,29.3,0,53790,0,0
10/26/2009 10:40,64,4.5,11.4,57.3,63,29.3,0,53790,0,0
10/26/2009 10:50,54,11.6,13.8,56.4,61,29.3,0,53790,0,0
10/26/2009 11:00,47,10.1,11.2,56.4,61,29.3,0,53790,0,0
10/26/2009 11:10,57,16.8,17.8,56.4,58,29.3,0,53790,0,0
10/26/2009 11:20,50,17.4,19.6,56.4,59,29.3,0,53790,0,0
10/26/2009 11:30,53,11.1,12.6,56.1,61,29.3,0,53790,0,0
10/26/2009 11:40,26,15.2,16.9,56.3,64,29.3,0,53790,0,0
10/26/2009 11:50,53,12.1,13.2,56.1,68,29.3,0,53790,0,0
10/26/2009 12:00,31,11.5,13.2,55.5,73,29.3,0,53790,0,0
10/26/2009 12:10,72,11.1,13.2,55.7,73,29.3,0,53790,0,0
10/26/2009 12:20,27,14.9,16,55.4,74,29.3,0,53790,0,0
10/26/2009 12:30,47,17.9,18.7,55.7,71,29.3,0,53790,0,0
10/26/2009 12:40,45,16.9,18.5,55.5,71,29.3,0,53790,0,0
10/26/2009 12:50,40,15.1,16.4,56.8,64,29.3,0,53790,0,0
10/26/2009 13:00,28,9.5,10.9,57.9,60,29.3,0,53790,0,0
10/26/2009 13:10,77,5.9,6.7,60.4,51,29.3,0,53790,0,0
10/26/2009 13:20,100,4.5,5.2,63.1,42,29.3,0,53790,0,0
10/26/2009 13:30,94,4.7,7.8,65.8,35,29.3,0,53790,0,0
10/26/2009 13:40,125,5.4,5.9,66.9,33,29.3,0,53790,0,0
10/26/2009 13:50,170,7.4,9,66.9,32,29.3,0,53790,0,0
10/26/2009 14:00,180,5.5,6,66.7,33,29.3,0,53790,0,0
10/26/2009 14:10,155,6.2,7.6,66.3,34,29.3,0,53790,0,0
10/26/2009 14:20,27,3.9,4.4,66,38,29.3,0,53790,0,0
10/26/2009 14:30,187,5.9,7.1,65.4,35,29.3,0,53790,0,0
10/26/2009 14:40,126,5.4,6.2,65.3,35,29.3,0,53790,0,0
10/26/2009 14:50,186,2.6,3.5,64.9,36,29.3,0,53790,0,0
10/26/2009 15:00,156,2.9,3.4,64.7,36,29.3,0,53790,0,0
10/26/2009 15:10,142,4.1,5.1,64.2,37,29.3,0,53790,0,0
10/26/2009 15:20,129,2.3,3,63.8,38,29.3,0,53790,0,0
10/26/2009 15:30,140,3.9,4.4,63.3,38,29.3,0,53790,0,0
10/26/2009 15:40,124,3.6,4.3,62.9,39,29.3,0,53790,0,0
10/26/2009 15:50,134,4.8,5.2,62.6,39,29.3,0,53790,0,0
10/26/2009 16:00,129,6.3,6.8,62,39,29.3,0,53790,0,0
10/26/2009 16:10,132,7.3,8,61.5,39,29.3,0,53790,0,0
10/26/2009 16:20,142,6.2,6.9,61.1,40,29.3,0,53790,0,0
10/26/2009 16:30,116,4.4,6.1,60.2,41,29.3,0,53790,0,0
10/26/2009 16:40,136,8.4,8.9,59.9,41,29.3,0,53790,0,0
10/26/2009 16:50,111,5.3,5.6,59.7,41,29.3,0,53790,0,0
10/26/2009 17:00,131,7.8,9,59.1,42,29.3,0,53790,0,0
10/26/2009 17:10,109,3.8,5,59.1,42,29.3,0,53790,0,0
10/26/2009 17:20,144,5.5,6.9,58.8,43,29.3,0,53790,0,0
10/26/2009 17:30,144,9.1,9.7,58.6,42,29.3,0,53790,0,0
10/26/2009 17:40,119,7.2,7.6,58.6,42,29.2,0,53790,0,0
10/26/2009 17:50,226,5,7.5,58.4,42,29.2,0,53790,0,0
10/26/2009 18:00,156,12.8,14.8,58.2,42,29.2,0,53790,0,0
10/26/2009 18:10,134,5.7,8.3,57.9,42,29.2,0,53790,0,0
10/26/2009 18:20,167,13.4,14.7,57.7,43,29.2,0,53790,0,0
10/26/2009 18:30,152,7.3,14.5,57.5,43,29.2,0,53790,0,0
10/26/2009 18:40,201,5.7,6.6,57.2,44,29.2,0,53790,0,0
10/26/2009 18:50,160,11.9,13.3,57.2,43,29.2,0,53790,0,0
10/26/2009 19:00,177,13.1,16.7,56.8,44,29.2,0,53790,0,0
10/26/2009 19:10,148,6.8,7.6,56.4,45,29.2,0,53790,0,0
10/26/2009 19:20,150,8.6,12,56.3,45,29.2,0,53790,0,0
10/26/2009 19:30,141,13.8,15.7,55.9,46,29.2,0,53790,0,0
10/26/2009 19:40,154,15.8,17.6,55.9,46,29.2,0,53790,0,0
10/26/2009 19:50,145,11,15.1,55.7,47,29.2,0,53790,0,0
10/26/2009 20:00,149,10.8,13.2,55.5,47,29.2,0,53790,0,0
10/26/2009 20:10,168,9.2,11.4,55.2,47,29.2,0,53790,0,0
10/26/2009 20:20,160,14.4,20.5,55,48,29.2,0,53790,0,0
10/26/2009 20:30,138,14.3,15.6,54.8,49,29.2,0,53790,0,0
10/26/2009 20:40,146,14.9,17.5,54.6,49,29.2,0,53790,0,0
10/26/2009 20:50,165,11.9,16.2,54.5,50,29.2,0,53790,0,0
10/26/2009 21:00,151,15.3,16.6,54.3,50,29.2,0,53790,0,0
10/26/2009 21:10,216,5.2,8.9,54.1,51,29.2,0,53790,0,0
10/26/2009 21:20,168,11.1,13.1,53.9,51,29.2,0,53790,0,0
10/26/2009 21:30,177,5.4,7.8,53.7,52,29.2,0,53790,0,0
10/26/2009 21:40,167,8.5,10.4,53.7,52,29.2,0,53790,0,0
10/26/2009 21:50,181,18.4,21.7,53.6,52,29.2,0,53790,0,0
10/26/2009 22:00,64,5.3,7.4,53.4,53,29.2,0,53790,0,0
10/26/2009 22:10,160,8.3,10.2,53.2,53,29.2,0,53790,0,0
10/26/2009 22:20,174,13.5,19.2,53.2,53,29.2,0,53790,0,0
10/26/2009 22:30,113,9.4,12.1,53.2,53,29.2,0,53790,0,0
10/26/2009 22:40,149,15.5,16.6,52.8,54,29.2,0,53790,0,0
10/26/2009 22:50,162,9.9,11.6,53,54,29.2,0,53790,0,0
10/26/2009 23:00,153,16.7,17.9,52.7,55,29.2,0,53790,0,0
10/26/2009 23:10,154,17.8,19.2,52.7,55,29.2,0,53790,0,0
10/26/2009 23:20,147,19.3,20.7,52.7,55,29.2,0,53790,0,0
10/26/2009 23:30,157,12.6,14.7,52.7,55,29.2,0,53790,0,0
10/26/2009 23:40,169,9.4,13.1,52.5,55,29.2,0,53790,0,0
10/26/2009 23:50,168,8.5,12.5,52.5,55,29.2,0,53790,0,0
10/27/2009 0:00,182,10.1,16.7,52.5,55,29.2,0,53790,0,0
10/27/2009 0:10,46,5.4,11.9,52.5,55,29.2,0,53790,0,0
10/27/2009 0:20,234,4.8,6.3,52.5,55,29.2,0,53790,0,0
10/27/2009 0:30,172,15.5,17.1,52.3,56,29.2,0,53790,0,0
10/27/2009 0:40,149,9.5,11.2,52.3,55,29.2,0,53790,0,0
10/27/2009 0:50,159,19.6,21.6,51.9,56,29.2,0,53790,0,0
10/27/2009 1:00,154,15.4,16.6,51.9,56,29.2,0,53790,0,0
10/27/2009 1:10,186,9.4,10.8,51.8,57,29.2,0,53790,0,0
10/27/2009 1:20,103,8.6,14.7,51.6,57,29.2,0,53790,0,0
10/27/2009 1:30,141,9.7,13.2,51.6,57,29.2,0,53790,0,0
10/27/2009 1:40,142,14.2,15.7,51.8,56,29.2,0,53790,0,0
10/27/2009 1:50,162,16.6,19.2,51.8,56,29.2,0,53790,0,0
10/27/2009 2:00,188,14.5,16.1,51.9,56,29.2,0,53790,0,0
10/27/2009 2:10,167,12.3,14.3,51.9,56,29.2,0,53790,0,0
10/27/2009 2:20,182,13.2,14.3,51.9,55,29.2,0,53790,0,0
10/27/2009 2:30,170,16.3,18.4,51.6,56,29.2,0,53790,0,0
10/27/2009 2:40,157,11,13.1,51.8,56,29.2,0,53790,0,0
10/27/2009 2:50,192,12.1,14.6,51.9,55,29.2,0,53790,0,0
10/27/2009 3:00,169,12.1,13.7,51.8,55,29.2,0,53790,0,0
10/27/2009 3:10,155,13,13.7,51.4,56,29.2,0,53790,0,0
10/27/2009 3:20,162,14.1,17.3,51.4,56,29.2,0,53790,0,0
10/27/2009 3:30,171,9.7,11.2,51.2,57,29.2,0,53790,0,0
10/27/2009 3:40,168,17.3,18.9,51,57,29.2,0,53790,0,0
10/27/2009 3:50,159,18.8,21.2,50.7,57,29.2,0,53790,0,0
10/27/2009 4:00,164,6.8,11.4,50.3,59,29.2,0,53790,0,0
10/27/2009 4:10,149,11,13.5,50.5,58,29.2,0,53790,0,0
10/27/2009 4:20,159,5.8,8.5,50.5,58,29.2,0,53790,0,0
10/27/2009 4:30,158,16.3,18,50.5,58,29.2,0,53790,0,0
10/27/2009 4:40,166,11.2,13.5,50.7,57,29.2,0,53790,0,0
10/27/2009 4:50,168,9.3,11.2,50.7,58,29.2,0,53790,0,0
10/27/2009 5:00,162,7.8,10.2,50.7,57,29.2,0,53790,0,0
10/27/2009 5:10,173,16.4,18.7,50.5,58,29.2,0,53790,0,0
10/27/2009 5:20,146,13.2,15.8,50.7,57,29.2,0,53790,0,0
10/27/2009 5:30,135,10.1,12.9,51.2,56,29.2,0,53790,0,0
10/27/2009 5:40,184,14.6,15.5,51.6,55,29.2,0,53790,0,0
10/27/2009 5:50,201,10.7,16.8,51.8,55,29.2,0,53790,0,0
10/27/2009 6:00,176,12.9,14.8,52.1,54,29.2,0,53790,0,0
10/27/2009 6:10,183,10.2,14.1,52.7,53,29.2,0,53790,0,0
10/27/2009 6:20,191,6.3,8.7,53.4,52,29.2,0,53790,0,0
10/27/2009 6:30,193,9.2,9.8,54.1,52,29.2,0,53790,0,0
10/27/2009 6:40,176,13.4,15.2,54.8,50,29.2,0,53790,0,0
10/27/2009 6:50,166,8.7,10.6,55.4,50,29.2,0,53790,0,0
10/27/2009 7:00,175,4.7,8.8,56.1,49,29.2,0,53790,0,0
10/27/2009 7:10,145,5.6,6.1,56.6,48,29.2,0,53790,0,0
10/27/2009 7:20,207,7.1,8.3,57.2,48,29.2,0,53790,0,0
10/27/2009 7:30,242,3.9,5.6,57.3,47,29.2,0,53790,0,0
10/27/2009 7:40,196,8.5,9.9,57.7,47,29.2,0,53790,0,0
10/27/2009 7:50,201,6.7,7.3,58.6,47,29.2,0,53790,0,0
10/27/2009 8:00,232,8.1,8.8,59,47,29.2,0,53790,0,0
10/27/2009 8:10,231,9,10.2,59.7,46,29.2,0,53790,0,0
10/27/2009 8:20,264,8.7,10.2,59.3,49,29.2,0,53790,0,0
10/27/2009 8:30,265,8.5,9.9,58.4,51,29.2,0,53790,0,0
10/27/2009 8:40,315,5.1,5.9,58.8,51,29.2,0,53790,0,0
10/27/2009 8:50,234,5,6.1,58.1,55,29.2,0,53790,0,0
10/27/2009 9:00,299,9.3,10.1,58.1,52,29.2,0,53790,0,0
10/27/2009 9:10,248,7.1,8.5,57.3,61,29.2,0,53790,0,0
10/27/2009 9:20,283,7.7,8.8,57.2,54,29.2,0,53790,0,0
10/27/2009 9:30,266,5.3,6.4,56.6,58,29.2,0,53790,0,0
10/27/2009 9:40,246,13.1,14.5,56.8,54,29.2,0,53790,0,0
10/27/2009 9:50,246,6.6,7.8,57.7,52,29.2,0,53790,0,0
10/27/2009 10:00,286,7.6,8.8,56.8,57,29.2,0,53790,0,0
10/27/2009 10:10,284,7.7,8.5,55.7,66,29.2,0,53790,0,0
10/27/2009 10:20,296,8.4,9.3,55.9,67,29.2,0,53790,0,0
10/27/2009 10:30,314,6,6.9,55.5,67,29.2,0,53790,0,0
10/27/2009 10:40,264,4.6,5.4,55.5,67,29.2,0,53790,0,0
10/27/2009 10:50,179,3.3,4,55.7,66,29.2,0,53790,0,0
10/27/2009 11:00,255,7,8.1,56.3,64,29.2,0,53790,0,0
10/27/2009 11:10,284,7.2,8.2,56.4,61,29.2,0,53790,0,0
10/27/2009 11:20,258,8.3,11.1,55.9,63,29.2,0,53790,0,0
10/27/2009 11:30,250,4.6,6.5,56.4,60,29.2,0,53790,0,0
10/27/2009 11:40,273,9.6,10.6,56.1,66,29.2,0,53790,0,0
10/27/2009 11:50,264,6.2,6.5,55.4,72,29.2,0,53790,0,0
10/27/2009 12:00,285,7.1,8,55.2,74,29.1,0,53790,0,0
10/27/2009 12:10,286,4.3,5.1,54.8,75,29.1,0,53790,0,0
10/27/2009 12:20,231,5.8,6.8,54.8,74,29.1,0,53790,0,0
10/27/2009 12:30,241,7.2,8.1,54.8,73,29.1,0,53790,0,0
10/27/2009 12:40,273,5.5,6.1,54.6,75,29.1,0,53790,0,0
10/27/2009 12:50,274,8,8.6,54.1,79,29.1,0,53790,0,0
10/27/2009 13:00,267,5.9,6.6,54.1,81,29.1,0,53790,0,0
10/27/2009 13:10,300,3.7,4.3,53.9,83,29.1,0,53790,0,0
10/27/2009 13:20,301,3,3.9,53.7,84,29.1,0,53790,0,0
10/27/2009 13:30,276,4.5,4.9,53.6,84,29.1,0,53790,0,0
10/27/2009 13:40,269,5.5,6.2,53.6,85,29.1,0,53790,0,0
10/27/2009 13:50,254,4.5,4.8,53.6,85,29.1,0,53790,0,0
10/27/2009 14:00,289,4.8,5.4,53.7,85,29.2,0,53790,0,0
10/27/2009 14:10,251,3.7,3.9,53.6,85,29.1,0,53790,0,0
10/27/2009 14:20,293,2.4,3.3,53.6,86,29.1,0,53790,0,0
10/27/2009 14:30,51,0.6,0.9,53.4,86,29.1,0,53790,0,0
10/27/2009 14:40,0,2.9,4.2,53.6,86,29.1,0,53790,0,0
10/27/2009 14:50,41,1.1,1.5,53.7,86,29.1,0,53790,0,0
10/27/2009 15:00,111,3,3.2,53.6,86,29.1,0,53790,0,0
10/27/2009 15:10,95,2.1,2.6,53.6,86,29.1,0,53790,0,0
10/27/2009 15:20,50,2.6,2.8,53.6,83,29.2,0,53790,0,0
10/27/2009 15:30,30,3.1,3.5,53.4,86,29.1,0,53790,0,0
10/27/2009 15:40,77,4.1,4.4,53.2,87,29.1,0,53790,0,0
10/27/2009 15:50,61,4.6,5.4,53,86,29.1,0,53790,0,0
10/27/2009 16:00,64,4.3,5.3,53.2,85,29.1,0,53790,0,0
10/27/2009 16:10,86,6.8,7.4,53.2,84,29.1,0,53790,0,0
10/27/2009 16:20,114,4.8,5.3,53.4,84,29.1,0,53790,0,0
10/27/2009 16:30,114,4.5,5,53.7,83,29.1,0,53790,0,0
10/27/2009 16:40,94,3,3.3,53.7,83,29.1,0,53790,0,0
10/27/2009 16:50,89,2.4,2.8,53.7,83,29.1,0,53790,0,0
10/27/2009 17:00,92,2.3,2.5,53.7,82,29.1,0,53790,0,0
10/27/2009 17:10,90,5.7,6.4,53.9,80,29.1,0,53790,0,0
10/27/2009 17:20,105,6.4,7.3,54.1,77,29.1,0,53790,0,0
10/27/2009 17:30,94,6.2,7.2,54.3,75,29.1,0,53790,0,0
10/27/2009 17:40,106,6.6,7.1,54.6,72,29.1,0,53790,0,0
10/27/2009 17:50,105,6.1,6.6,54.8,72,29.1,0,53790,0,0
10/27/2009 18:00,77,4,4.9,55.2,70,29.1,0,53790,0,0
10/27/2009 18:10,76,6.2,7.3,54.8,71,29.1,0,53790,0,0
10/27/2009 18:20,86,5.7,6.5,55.2,69,29.1,0,53790,0,0
10/27/2009 18:30,81,5.7,6.3,55.5,66,29.1,0,53790,0,0
10/27/2009 18:40,66,7.5,8.5,55.5,66,29.1,0,53790,0,0
10/27/2009 18:50,50,4.3,5,54.8,69,29.1,0,53790,0,0
10/27/2009 19:00,63,4.3,5.3,54.3,75,29.1,0,53790,0,0
10/27/2009 19:10,59,3.5,4,53.9,75,29.1,0,53790,0,0
10/27/2009 19:20,73,5.6,6.7,53.9,73,29.1,0,53790,0,0
10/27/2009 19:30,69,3.1,3.8,53.9,75,29.1,0,53790,0,0
10/27/2009 19:40,59,5,7.1,53.6,77,29.1,0,53790,0,0
10/27/2009 19:50,81,5.4,6,53.9,73,29.1,0,53790,0,0
10/27/2009 20:00,113,3.1,3.5,54.1,72,29.1,0,53790,0,0
10/27/2009 20:10,76,4.1,4.5,53.9,72,29.1,0,53790,0,0
10/27/2009 20:20,84,5.3,5.8,54.3,70,29.1,0,53790,0,0
10/27/2009 20:30,66,3.8,5.4,54.5,70,29.1,0,53790,0,0
10/27/2009 20:40,82,5.3,6,54.6,69,29.1,0,53790,0,0
10/27/2009 20:50,96,4.7,5.4,54.8,67,29.1,0,53790,0,0
10/27/2009 21:00,35,3.5,3.9,54.8,67,29,0,53790,0,0
10/27/2009 21:10,84,5.9,6.8,55,65,29,0,53790,0,0
10/27/2009 21:20,159,1.9,2.7,55,66,29.1,0,53790,0,0
10/27/2009 21:30,83,6.2,6.8,55.4,64,29,0,53790,0,0
10/27/2009 21:40,79,6.9,8.7,55,65,29,0,53790,0,0
10/27/2009 21:50,82,6.7,8,55.7,62,29,0,53790,0,0
10/27/2009 22:00,90,6.8,8.1,55.5,63,29,0,53790,0,0
10/27/2009 22:10,81,6.3,6.9,54.8,66,29,0,53790,0,0
10/27/2009 22:20,81,5.1,6.3,54.8,66,29,0,53790,0,0
10/27/2009 22:30,47,6.8,7.6,55,66,29,0,53790,0,0
10/27/2009 22:40,70,4,5.6,55.2,65,29,0,53790,0,0
10/27/2009 22:50,73,6.1,7.2,55.2,65,29,0,53790,0,0
10/27/2009 23:00,73,7.8,8.3,55,65,29,0,53790,0,0
10/27/2009 23:10,70,6.5,7,54.8,66,29,0,53790,0,0
10/27/2009 23:20,49,7.6,9.1,55.2,65,29,0,53790,0,0
10/27/2009 23:30,41,4.3,5.8,54.8,66,29,0,53790,0,0
10/27/2009 23:40,67,3.5,3.9,54.6,67,29,0,53790,0,0
10/27/2009 23:50,77,5.4,6.1,54.8,66,29,0,53790,0,0
10/28/2009 0:00,92,5,6.3,54.8,66,29,0,53820,0,0
10/28/2009 0:10,76,4.7,5.5,54.1,70,29,0,54240,0.01,0.01
10/28/2009 0:20,67,6,8.2,52.8,76,29,0,54520,0,0
10/28/2009 0:30,50,9.6,11.4,52.1,81,29,0.01,54810,0.07,0.07
10/28/2009 0:40,252,7.4,8.2,51.2,86,29,0.02,55410,0.03,0.03
10/28/2009 0:50,88,7.6,8.8,51,87,28.9,0.02,55690,0,0
10/28/2009 1:00,20,18.9,21.1,50.7,89,28.9,0.02,55860,0,0
10/28/2009 1:10,184,17.6,22.4,50.3,93,28.9,0.03,56420,0.06,0.06
10/28/2009 1:20,39,14.5,17.9,50.1,95,28.9,0.05,57030,0.06,0.06
10/28/2009 1:30,25,11.5,13.5,50.1,95,28.9,0.08,57630,0.22,0.22
10/28/2009 1:40,338,13.2,17,50,96,28.9,0.13,58220,0.3,0.3
10/28/2009 1:50,108,17,19,50.1,96,28.9,0.2,58830,0.43,0.43
10/28/2009 2:00,292,20.8,22.2,50,96,28.9,0.28,59420,0.42,0.42
10/28/2009 2:10,111,10.3,15,50.1,97,28.9,0.37,60030,0.41,0.41
10/28/2009 2:20,323,27.2,30,50.1,97,28.9,0.48,60630,0.54,0.54
10/28/2009 2:30,282,21.3,23.9,50.3,97,28.9,0.58,61230,0.42,0.42
10/28/2009 2:40,318,27.8,29.4,50.3,97,28.9,0.65,61830,0.32,0.32
10/28/2009 2:50,337,38.6,39.5,50.5,97,28.9,0.71,62430,0.29,0.29
10/28/2009 3:00,307,22.3,33.2,50.5,97,28.9,0.72,62880,0.01,0.01
10/28/2009 3:10,304,21.9,23.6,50.5,97,28.9,0.76,63480,0.21,0.21
10/28/2009 3:20,306,16.4,19.7,50.7,97,28.9,0.81,64080,0.32,0.32
10/28/2009 3:30,56,17.9,20.3,50.9,97,28.9,0.85,64680,0.18,0.18
10/28/2009 3:40,22,19.6,25.9,51,97,28.9,0.87,65280,0.11,0.11
10/28/2009 3:50,195,15.1,17.2,51.4,97,28.9,0.91,344,0.23,0.23
10/28/2009 4:00,296,24.9,28.3,51.8,97,28.9,0.95,944,0.24,0.24
10/28/2009 4:10,346,21.9,25.2,51.6,97,28.9,0.98,1544,0.12,0.12
10/28/2009 4:20,342,27.8,30.7,51.6,97,28.9,0.99,2134,0.01,0.01
10/28/2009 4:30,333,21.8,28.1,51.4,97,28.9,0.99,2644,0.04,0.04
10/28/2009 4:40,33,10.1,13.5,51.4,97,28.9,1,3214,0.06,0.06
10/28/2009 4:50,192,25,27.8,51.4,97,28.9,1.01,3754,0,0
10/28/2009 5:00,290,22.4,25.2,51.4,97,28.9,1.01,3824,0,0
10/28/2009 5:10,304,18,19.3,51.4,97,28.9,1.01,3994,0.01,0.01
10/28/2009 5:20,319,13,16.9,51.2,97,28.9,1.01,4054,0,0
10/28/2009 5:30,223,14.4,18.3,51.2,97,28.9,1.01,4084,0,0
10/28/2009 5:40,309,19.1,24.7,51,97,28.9,1.01,4084,0,0
10/28/2009 5:50,247,13,18.7,51,97,28.9,1.01,4084,0,0
10/28/2009 6:00,14,18,19.4,51.2,97,28.9,1.01,4084,0,0
10/28/2009 6:10,311,17.1,24.6,51.2,97,28.9,1.01,4084,0,0
10/28/2009 6:20,238,19.8,23.1,51,97,28.9,1.01,4084,0,0
10/28/2009 6:30,90,22.3,22.9,51,97,28.9,1.01,4084,0,0
10/28/2009 6:40,60,21,27.6,51,97,28.9,1.01,4084,0,0
10/28/2009 6:50,280,22,26.8,51,97,29,1.01,4084,0,0
10/28/2009 7:00,-Invalid-,-Invalid-,-Invalid-,-Invalid-,-Invalid-,-Invalid-,-Invalid-,-Invalid-,-Invalid-,-Invalid-
10/28/2009 7:10,14,36.3,37,51.4,97,29,1.01,4084,0,0
10/28/2009 7:20,338,33,35.6,51.6,97,29,1.01,4084,0,0
10/28/2009 7:30,316,31.1,34.9,51.8,97,29,1.01,4084,0,0
10/28/2009 7:40,279,27.3,28.5,51.9,97,29,1.01,4084,0,0
10/28/2009 7:50,341,10.2,16.7,51.9,97,29,1.01,4084,0,0
10/28/2009 8:00,9,9.9,11,52.1,97,29,1.01,4084,0,0
10/28/2009 8:10,345,11.9,14.2,52.1,96,29,1.01,4084,0,0
10/28/2009 8:20,0,7.5,8.5,51.9,96,29,1.01,4084,0,0
10/28/2009 8:30,28,14.8,15.6,51.9,96,29,1.01,4084,0,0
10/28/2009 8:40,27,9.1,12.1,51.9,96,29,1.01,4084,0,0
10/28/2009 8:50,9,10.6,11.9,51.6,96,29,1.01,4084,0,0
10/28/2009 9:00,357,15.1,16.6,51.4,96,29,1.01,4084,0,0
10/28/2009 9:10,19,14.6,17,51.2,96,29,1.01,4084,0,0
10/28/2009 9:20,32,11.2,16.1,51.2,96,29,1.01,4084,0,0
10/28/2009 9:30,38,12.5,15.1,51.2,96,29,1.01,4084,0,0
10/28/2009 9:40,32,7.6,10.8,51.2,96,29,1.01,4084,0,0
10/28/2009 9:50,20,7.1,8.3,51.2,96,29,1.01,4084,0,0
10/28/2009 10:00,30,16.5,18.9,51.2,96,29,1.01,4084,0,0
10/28/2009 10:10,337,11.8,12.7,51.2,96,29,1.01,4084,0,0
10/28/2009 10:20,25,9.1,12.3,51.2,96,29,1.01,4084,0,0
10/28/2009 10:30,35,14.3,15.1,51.2,97,29,1.01,4084,0,0
10/28/2009 10:40,357,12.6,13.3,50.9,97,29,1.01,4084,0,0
10/28/2009 10:50,333,9.6,14,50.9,97,29,1.01,4084,0,0
10/28/2009 11:00,16,5.2,5.9,50.9,97,29.1,1.01,4084,0,0
10/28/2009 11:10,340,12.4,14.1,50.9,97,29.1,1.01,4084,0,0
10/28/2009 11:20,26,10.4,11.7,50.7,96,29.1,1.01,4084,0,0
10/28/2009 11:30,10,9.1,12.7,50.7,97,29.1,1.01,4084,0,0
10/28/2009 11:40,357,7.5,8.5,50.7,97,29.1,1.01,4084,0,0
10/28/2009 11:50,353,11.5,12.1,50.5,97,29.1,1.01,4084,0,0
10/28/2009 12:00,358,5.9,7.3,50.5,96,29.1,1.01,4084,0,0
10/28/2009 12:10,12,10,11.2,50.7,96,29.1,1.01,4084,0,0
10/28/2009 12:20,60,4.7,6,50.7,96,29.1,1.01,4084,0,0
10/28/2009 12:30,0,10.4,13.7,50.5,96,29.1,1.01,4084,0,0
10/28/2009 12:40,351,11.4,13.7,50.7,96,29.1,1.01,4084,0,0
10/28/2009 12:50,15,8.5,10.1,50.5,96,29.1,1.01,4084,0,0
10/28/2009 13:00,16,7.9,8.4,50.3,96,29.1,1.01,4084,0,0
10/28/2009 13:10,345,7.6,8.5,50.1,97,29.1,1.01,4084,0,0
10/28/2009 13:20,25,7.1,8.3,50,96,29.1,1.01,4084,0,0
10/28/2009 13:30,351,6.8,7.6,50,96,29.2,1.01,4084,0,0
10/28/2009 13:40,302,2.6,4,50.1,96,29.2,1.01,4084,0,0
10/28/2009 13:50,337,7.3,8.2,50.1,95,29.2,1.01,4084,0,0
10/28/2009 14:00,9,8.1,9.5,50.3,94,29.2,1.01,4084,0,0
10/28/2009 14:10,34,4.9,5.7,50.5,93,29.2,1.01,4084,0,0
10/28/2009 14:20,38,10.4,12.5,50.7,93,29.2,1.01,4084,0,0
10/28/2009 14:30,23,3.9,5.7,50.5,93,29.2,1.01,4084,0,0
10/28/2009 14:40,10,6.8,7.6,50.5,93,29.2,1.01,4084,0,0
10/28/2009 14:50,34,2.5,3.2,50.5,93,29.2,1.01,4084,0,0
10/28/2009 15:00,349,5.5,6.2,50.5,93,29.2,1.01,4084,0,0
10/28/2009 15:10,20,8.5,10.2,50.5,93,29.2,1.01,4084,0,0
10/28/2009 15:20,70,3.4,5.3,50.7,93,29.2,1.01,4084,0,0
10/28/2009 15:30,73,4.6,6.3,50.7,93,29.2,1.01,4084,0,0
10/28/2009 15:40,23,4.8,6.4,50.7,92,29.2,1.01,4084,0,0
10/28/2009 15:50,9,3.1,4.6,50.9,92,29.2,1.01,4084,0,0
10/28/2009 16:00,22,5.1,6.1,50.9,93,29.2,1.01,4084,0,0
10/28/2009 16:10,73,3.9,4.2,50.9,93,29.2,1.01,4084,0,0
10/28/2009 16:20,30,5,5.5,50.9,93,29.2,1.01,4084,0,0
10/28/2009 16:30,8,9.5,10.2,51,92,29.2,1.01,4084,0,0
10/28/2009 16:40,44,6,7.6,51,91,29.2,1.01,4084,0,0
10/28/2009 16:50,175,0.9,2.1,51,92,29.3,1.01,4084,0,0
10/28/2009 17:00,59,3.7,4.6,51,92,29.3,1.01,4084,0,0
10/28/2009 17:10,46,2.7,3.5,51,92,29.3,1.01,4084,0,0
10/28/2009 17:20,89,6,6.2,50.9,92,29.3,1.01,4084,0,0
10/28/2009 17:30,85,5.4,6.4,50.9,92,29.3,1.01,4084,0,0
10/28/2009 17:40,80,2.4,2.9,50.9,92,29.3,1.01,4084,0,0
10/28/2009 17:50,33,2.9,3.5,51,91,29.3,1.01,4084,0,0
10/28/2009 18:00,31,3,3.5,51,92,29.3,1.01,4084,0,0
10/28/2009 18:10,348,2.2,2.7,51.2,93,29.3,1.01,4084,0,0
10/28/2009 18:20,18,1.7,2.3,51,93,29.3,1.01,4084,0,0
10/28/2009 18:30,5,2.2,2.6,51,92,29.3,1.01,4084,0,0
10/28/2009 18:40,63,1.9,2.5,51,93,29.3,1.01,4084,0,0
10/28/2009 18:50,83,2.5,3.1,51,93,29.3,1.01,4084,0,0
10/28/2009 19:00,66,4.4,5.4,50.9,93,29.3,1.01,4084,0,0
10/28/2009 19:10,82,3.7,4.2,50.9,93,29.3,1.01,4084,0,0
10/28/2009 19:20,128,1.1,1.8,50.7,94,29.3,1.01,4084,0,0
10/28/2009 19:30,75,3.4,4.2,50.7,94,29.3,1.01,4084,0,0
10/28/2009 19:40,74,3.9,4.8,50.7,94,29.3,1.01,4084,0,0
10/28/2009 19:50,68,2.8,3.1,50.7,94,29.3,1.01,4084,0,0
10/28/2009 20:00,58,1.5,2,50.7,94,29.3,1.01,4084,0,0
10/28/2009 20:10,64,1.9,2.9,50.7,94,29.3,1.01,4084,0,0
10/28/2009 20:20,85,2.4,2.8,50.7,95,29.3,1.01,4084,0,0
10/28/2009 20:30,50,2.3,2.8,50.7,95,29.3,1.01,4084,0,0
10/28/2009 20:40,43,2.9,3.7,50.5,95,29.3,1.01,4084,0,0
10/28/2009 20:50,77,3.6,4,50.5,95,29.3,1.01,4084,0,0
10/28/2009 21:00,87,3.2,3.6,50.5,95,29.3,0,4084,0,0
10/28/2009 21:10,83,2.7,3.4,50.5,95,29.3,0,4084,0,0
10/28/2009 21:20,81,2.2,2.9,50.5,95,29.3,0,4084,0,0
10/28/2009 21:30,298,1.5,2.2,50.7,94,29.3,0,4084,0,0
10/28/2009 21:40,349,0.7,0.8,50.5,94,29.3,0,4084,0,0
10/28/2009 21:50,282,1.7,2.1,50.5,94,29.3,0,4084,0,0
10/28/2009 22:00,348,1,1.1,50.5,94,29.3,0,4084,0,0
10/28/2009 22:10,97,1.4,2.1,50.7,94,29.3,0,4084,0,0
10/28/2009 22:20,72,3.6,4,50.9,94,29.3,0,4084,0,0
10/28/2009 22:30,76,2,2.6,51,93,29.3,0,4084,0,0
10/28/2009 22:40,93,1.1,1.5,50.9,94,29.3,0,4084,0,0
10/28/2009 22:50,29,2.2,2.8,50.9,94,29.3,0,4084,0,0
10/28/2009 23:00,288,1.2,2.1,51,94,29.3,0,4084,0,0
10/28/2009 23:10,173,0.6,0.9,51.4,94,29.3,0,4084,0,0
10/28/2009 23:20,149,2.3,2.7,51.4,93,29.3,0,4084,0,0
10/28/2009 23:30,138,3.2,3.8,51.2,93,29.3,0,4084,0,0
10/28/2009 23:40,147,2.7,3,51.4,92,29.4,0,4084,0,0
10/28/2009 23:50,147,2.2,2.7,51.6,92,29.4,0,4084,0,0
10/29/2009 0:00,124,1.9,2.3,51.8,91,29.4,0,4084,0,0
10/29/2009 0:10,155,1.8,2.3,51.8,91,29.4,0,4084,0,0
10/29/2009 0:20,134,1.6,2.3,51.8,91,29.4,0,4084,0,0
10/29/2009 0:30,80,1,1.8,51.8,91,29.4,0,4084,0,0
10/29/2009 0:40,167,1.8,2,51.9,91,29.4,0,4084,0,0
10/29/2009 0:50,164,1.2,1.5,51.9,90,29.4,0,4084,0,0
10/29/2009 1:00,182,1.5,1.9,51.9,91,29.4,0,4084,0,0
10/29/2009 1:10,166,1.1,1.9,51.8,91,29.4,0,4084,0,0
10/29/2009 1:20,116,1.1,1.8,51.8,91,29.4,0,4084,0,0
10/29/2009 1:30,151,1.9,2.9,51.6,91,29.4,0,4084,0,0
10/29/2009 1:40,115,2.6,3.3,51.6,91,29.4,0,4084,0,0
10/29/2009 1:50,105,2.9,3.1,51.2,93,29.4,0,4084,0,0
10/29/2009 2:00,86,2.4,3,51,93,29.4,0,4084,0,0
10/29/2009 2:10,48,2.4,2.8,51,92,29.4,0,4084,0,0
10/29/2009 2:20,51,3.3,4,51.2,91,29.4,0,4084,0,0
10/29/2009 2:30,41,3.4,3.7,51.2,92,29.4,0,4084,0,0
10/29/2009 2:40,40,2.7,3,51,92,29.4,0,4084,0,0
10/29/2009 2:50,92,1.8,2.1,51,93,29.4,0,4084,0,0
10/29/2009 3:00,74,2.1,2.9,51,92,29.4,0,4084,0,0
10/29/2009 3:10,90,1.7,2.2,51,92,29.4,0,4084,0,0
10/29/2009 3:20,118,1.3,1.9,51,93,29.4,0,4084,0,0
10/29/2009 3:30,195,0.6,0.8,51.2,92,29.4,0,4084,0,0
10/29/2009 3:40,287,1.2,2.1,51.2,92,29.4,0,4084,0,0
10/29/2009 3:50,86,1.4,2.1,51.4,93,29.4,0,4084,0,0
10/29/2009 4:00,94,1.8,2.1,51.4,92,29.4,0,4084,0,0
10/29/2009 4:10,244,0.7,1,51.6,92,29.4,0,4084,0,0
10/29/2009 4:20,160,1.1,1.4,51.6,91,29.4,0,4084,0,0
10/29/2009 4:30,131,0.8,1,51.8,91,29.4,0,4084,0,0
10/29/2009 4:40,66,3.1,3.8,51.2,90,29.4,0,4084,0,0
10/29/2009 4:50,77,2.7,3.1,51,89,29.4,0,4084,0,0
10/29/2009 5:00,38,3.6,4.6,51,89,29.4,0,4084,0,0
10/29/2009 5:10,40,4.5,5.3,51,89,29.4,0,4084,0,0
10/29/2009 5:20,65,4.5,5.2,51,90,29.4,0,4084,0,0
10/29/2009 5:30,91,2.4,3.1,51,91,29.4,0,4084,0,0
10/29/2009 5:40,75,2.8,3.9,51,90,29.4,0,4084,0,0
10/29/2009 5:50,68,3.8,4.4,51,90,29.4,0,4084,0,0
10/29/2009 6:00,47,2.8,3.4,51.2,90,29.5,0,4084,0,0
10/29/2009 6:10,71,5.7,6.4,51.4,90,29.5,0,4084,0,0
10/29/2009 6:20,64,2.3,3.3,51.6,90,29.5,0,4084,0,0
10/29/2009 6:30,80,5.8,6.7,51.6,89,29.5,0,4084,0,0
10/29/2009 6:40,68,4.7,5.2,51.8,88,29.5,0,4084,0,0
10/29/2009 6:50,91,2.6,3.5,51.9,89,29.5,0,4084,0,0
10/29/2009 7:00,70,4,4.5,52.1,88,29.5,0,4084,0,0
10/29/2009 7:10,109,2.3,3.4,52.3,86,29.5,0,4084,0,0
10/29/2009 7:20,48,4.8,5.7,52.3,86,29.5,0,4084,0,0
10/29/2009 7:30,57,3.8,4.8,52.5,87,29.5,0,4084,0,0
10/29/2009 7:40,83,7.2,7.8,52.5,84,29.5,0,4084,0,0
10/29/2009 7:50,66,5.6,6.3,52.8,84,29.4,0,4084,0,0
10/29/2009 8:00,99,1.7,3.1,53.2,83,29.4,0,4084,0,0
10/29/2009 8:10,106,5.9,6.2,53.2,80,29.4,0,4084,0,0
10/29/2009 8:20,80,5.6,6.1,53.4,76,29.4,0,4084,0,0
10/29/2009 8:30,72,10.1,11.5,53.7,76,29.4,0,4084,0,0
10/29/2009 8:40,70,6.3,7.4,53.6,76,29.4,0,4084,0,0
10/29/2009 8:50,43,6.5,7,53.6,78,29.4,0,4084,0,0
10/29/2009 9:00,93,9.5,11.5,53.4,77,29.4,0,4084,0,0
10/29/2009 9:10,55,5,5.7,53.4,79,29.4,0,4084,0,0
10/29/2009 9:20,36,1.6,2.3,53.4,79,29.4,0,4084,0,0
10/29/2009 9:30,58,7.3,8.7,52.8,86,29.4,0,4084,0,0
10/29/2009 9:40,74,7.6,8.4,52.7,86,29.4,0,4084,0,0
10/29/2009 9:50,41,6.3,7.6,52.5,87,29.4,0,4084,0,0
10/29/2009 10:00,79,6.2,7,52.5,83,29.4,0,4084,0,0
10/29/2009 10:10,75,7.3,7.8,52.7,83,29.4,0,4084,0,0
10/29/2009 10:20,106,4.6,6.2,53.4,78,29.4,0,4084,0,0
10/29/2009 10:30,121,5.3,5.7,53.6,77,29.4,0,4084,0,0
10/29/2009 10:40,97,7.2,7.6,53.7,76,29.4,0,4084,0,0
10/29/2009 10:50,97,7.4,7.7,53.7,76,29.4,0,4084,0,0
10/29/2009 11:00,75,6.2,7.2,53.6,77,29.4,0,4084,0,0
10/29/2009 11:10,134,8.7,9.4,53.6,77,29.4,0,4084,0,0
10/29/2009 11:20,143,4.8,6,53.7,76,29.4,0,4084,0,0
10/29/2009 11:30,80,6.1,8.7,53.7,76,29.4,0,4084,0,0
10/29/2009 11:40,222,2.4,3.9,53.7,75,29.4,0,4084,0,0
10/29/2009 11:50,103,3.3,3.8,54.1,75,29.4,0,4084,0,0
10/29/2009 12:00,175,2.7,2.8,54.5,74,29.4,0,4084,0,0
10/29/2009 12:10,95,6.9,8,54.5,74,29.4,0,4084,0,0
10/29/2009 12:20,68,4.2,5.6,54.1,74,29.4,0,4084,0,0
10/29/2009 12:30,194,5,6.1,54.5,74,29.4,0,4084,0,0
10/29/2009 12:40,144,4.7,6.4,54.3,73,29.4,0,4084,0,0
10/29/2009 12:50,86,4.2,5,54.3,73,29.4,0,4084,0,0
10/29/2009 13:00,121,5.1,5.4,54.3,74,29.4,0,4084,0,0
10/29/2009 13:10,80,4.8,5.7,54.5,74,29.4,0,4084,0,0
10/29/2009 13:20,62,10.6,12.5,54.6,74,29.4,0,4084,0,0
10/29/2009 13:30,79,4.5,5.6,54.6,73,29.4,0,4084,0,0
10/29/2009 13:40,109,9.8,10.4,54.8,73,29.4,0,4084,0,0
10/29/2009 13:50,86,2.3,4,55,73,29.4,0,4084,0,0
10/29/2009 14:00,104,11.7,12.6,55,73,29.3,0,4084,0,0
10/29/2009 14:10,112,7.8,9.3,55,73,29.3,0,4084,0,0
10/29/2009 14:20,103,5.9,6.8,55,74,29.3,0,4084,0,0
10/29/2009 14:30,93,6.9,7.7,55,74,29.3,0,4084,0,0
10/29/2009 14:40,53,2.5,3.3,54.8,74,29.3,0,4084,0,0
10/29/2009 14:50,255,1.5,1.9,54.8,74,29.4,0,4084,0,0
10/29/2009 15:00,204,2.4,2.9,54.8,75,29.4,0,4084,0,0
10/29/2009 15:10,92,1.2,1.7,54.3,76,29.3,0,4084,0,0
10/29/2009 15:20,296,1.5,2.9,53.6,78,29.4,0,4084,0,0
10/29/2009 15:30,287,2.6,3.3,53.6,78,29.4,0,4084,0,0
10/29/2009 15:40,281,1.5,2,53.6,78,29.4,0,4084,0,0
10/29/2009 15:50,37,2.3,2.9,53.9,77,29.4,0,4084,0,0
10/29/2009 16:00,54,3.3,3.7,54.5,76,29.4,0,4084,0,0
10/29/2009 16:10,28,3.9,4.3,54.5,76,29.4,0,4084,0,0
10/29/2009 16:20,50,6.8,8.7,53.2,81,29.4,0,4084,0,0
10/29/2009 16:30,68,7.1,8.2,52.5,86,29.4,0,4084,0,0
10/29/2009 16:40,53,5.2,6,52.3,87,29.4,0,4084,0,0
10/29/2009 16:50,46,2.4,3.2,52.3,87,29.4,0,4084,0,0
10/29/2009 17:00,19,2.3,2.9,52.3,87,29.4,0,4084,0,0
10/29/2009 17:10,43,7.2,7.6,51.9,88,29.4,0,4084,0,0
10/29/2009 17:20,48,7.8,9.4,51.8,88,29.4,0,4084,0,0
10/29/2009 17:30,30,8,8.5,51.4,90,29.4,0,4084,0,0
10/29/2009 17:40,42,9.7,11.3,51.4,90,29.4,0,4084,0,0
10/29/2009 17:50,55,11.6,12.4,51.4,89,29.4,0,4084,0,0
10/29/2009 18:00,82,7.5,8.4,51.2,91,29.4,0,4084,0,0
10/29/2009 18:10,81,8.7,9.7,51,90,29.3,0,4084,0,0
10/29/2009 18:20,99,8.1,9.1,51,89,29.3,0,4084,0,0
10/29/2009 18:30,87,7.4,8.8,50.7,89,29.3,0,4084,0,0
10/29/2009 18:40,96,6.5,7.1,50.7,89,29.3,0,4084,0,0
10/29/2009 18:50,99,7.1,7.6,50.9,88,29.3,0,4084,0,0
10/29/2009 19:00,90,7.7,10,51.6,86,29.3,0,4084,0,0
10/29/2009 19:10,92,8.9,9.6,51.6,86,29.3,0,4084,0,0
10/29/2009 19:20,91,6.5,7.4,51.6,86,29.3,0,4084,0,0
10/29/2009 19:30,87,8.7,9.5,51.9,85,29.3,0,4084,0,0
10/29/2009 19:40,76,7.9,8.6,52.3,84,29.3,0,4084,0,0
10/29/2009 19:50,80,5.9,7.6,52.7,84,29.3,0,4084,0,0
10/29/2009 20:00,74,8.7,9.6,53.2,82,29.3,0,4084,0,0
10/29/2009 20:10,86,11.3,13.1,53.2,82,29.3,0,4084,0,0
10/29/2009 20:20,101,10,10.7,53.4,82,29.3,0,4084,0,0
10/29/2009 20:30,124,9.6,10.6,53.7,82,29.3,0,4084,0,0
10/29/2009 20:40,122,3.5,5.7,53.9,82,29.3,0,4084,0,0
10/29/2009 20:50,76,1.8,2.3,54.6,81,29.3,0,4084,0,0
10/29/2009 21:00,85,2.1,2.8,54.5,82,29.3,0,4084,0,0
10/29/2009 21:10,195,1.9,2.1,54.6,81,29.3,0,4084,0,0
10/29/2009 21:20,166,3.9,4.6,55.2,80,29.2,0,4084,0,0
10/29/2009 21:30,115,3.8,5.5,55.4,80,29.2,0,4084,0,0
10/29/2009 21:40,136,2.8,3.6,55.5,80,29.2,0,4084,0,0
10/29/2009 21:50,78,2.2,2.6,55.2,80,29.2,0,4084,0,0
10/29/2009 22:00,92,5.2,6.8,55.4,80,29.2,0,4084,0,0
10/29/2009 22:10,109,4.2,4.5,55.2,81,29.2,0,4084,0,0
10/29/2009 22:20,159,4.5,5.2,55,81,29.2,0,4084,0,0
10/29/2009 22:30,104,3.2,3.9,55,81,29.2,0,4084,0,0
10/29/2009 22:40,150,4.9,6.3,55.4,81,29.2,0,4084,0,0
10/29/2009 22:50,138,14.4,15.4,55.5,80,29.2,0,4084,0,0
10/29/2009 23:00,154,15.2,17.9,55.7,80,29.2,0,4084,0,0
10/29/2009 23:10,132,7.1,11.7,55.7,79,29.2,0,4084,0,0
10/29/2009 23:20,122,10.2,15.5,55.7,79,29.2,0,4084,0,0
10/29/2009 23:30,140,8.7,12.3,55.7,79,29.2,0,4084,0,0
10/29/2009 23:40,153,19.1,22.3,55.7,79,29.2,0,4084,0,0
10/29/2009 23:50,144,16.1,17.6,55.7,79,29.2,0,4084,0,0
10/30/2009 0:00,77,7,10.5,55.5,79,29.2,0,4084,0,0
10/30/2009 0:10,306,5,7.3,55.4,80,29.2,0,4084,0,0
10/30/2009 0:20,91,2.9,4.5,55.4,80,29.2,0,4084,0,0
10/30/2009 0:30,213,2.3,3.1,55.4,80,29.2,0,4084,0,0
10/30/2009 0:40,159,10.7,11.7,55.5,80,29.2,0,4084,0,0
10/30/2009 0:50,122,5.2,7.8,55.5,79,29.2,0,4084,0,0
10/30/2009 1:00,169,7.3,9.5,55.5,79,29.2,0,4084,0,0
10/30/2009 1:10,184,8.1,9.9,55.7,79,29.2,0,4084,0,0
10/30/2009 1:20,161,10.2,11.2,55.7,79,29.2,0,4084,0,0
10/30/2009 1:30,136,5.4,8.1,55.9,78,29.2,0,4084,0,0
10/30/2009 1:40,169,16.3,18.5,56.1,78,29.2,0,4084,0,0
10/30/2009 1:50,159,13,14.8,56.1,78,29.2,0,4084,0,0
10/30/2009 2:00,163,9.4,10.9,56.3,77,29.2,0,4084,0,0
10/30/2009 2:10,172,10.3,12.8,56.3,77,29.2,0,4084,0,0
10/30/2009 2:20,131,6.7,9.5,56.3,77,29.2,0,4084,0,0
10/30/2009 2:30,162,12.7,13.9,56.3,78,29.2,0,4084,0,0
10/30/2009 2:40,159,10.2,12.1,56.3,77,29.2,0,4084,0,0
10/30/2009 2:50,152,21.5,26.4,56.4,77,29.2,0,4084,0,0
10/30/2009 3:00,128,12.8,20.4,56.4,77,29.2,0,4084,0,0
10/30/2009 3:10,150,9.5,12.5,56.4,77,29.2,0,4084,0,0
10/30/2009 3:20,163,14.1,17.2,56.6,77,29.2,0,4164,0,0
10/30/2009 3:30,151,8.5,13.3,56.6,76,29.1,0,4224,0,0
10/30/2009 3:40,142,14.4,15.2,56.8,76,29.1,0,4224,0,0
10/30/2009 3:50,163,15.3,21.5,57,76,29.1,0,4224,0,0
10/30/2009 4:00,156,16.2,18.2,57,76,29.1,0,4234,0,0
10/30/2009 4:10,164,17.5,18.9,57.2,75,29.1,0,4234,0,0
10/30/2009 4:20,154,12.1,13.8,57.3,74,29.1,0,4234,0,0
10/30/2009 4:30,152,14.5,18.4,57.3,74,29.1,0,4244,0,0
10/30/2009 4:40,156,25.9,27.5,57.5,74,29.1,0,4254,0,0
10/30/2009 4:50,174,21.3,24.3,57.7,73,29.1,0,4254,0,0
10/30/2009 5:00,175,22.6,26.3,57.5,75,29.1,0,4474,0,0
10/30/2009 5:10,151,16.5,21,57.7,74,29.1,0,4474,0,0
10/30/2009 5:20,143,23.2,27.7,57.9,73,29.1,0,4514,0,0
10/30/2009 5:30,172,26.8,27.7,58.1,72,29.1,0,4514,0,0
10/30/2009 5:40,152,27,28.6,58.4,72,29.1,0,4514,0,0
10/30/2009 5:50,166,26.4,32.1,58.6,71,29.1,0,4514,0,0
10/30/2009 6:00,157,29.7,32.6,58.8,71,29.1,0,4514,0,0
10/30/2009 6:10,165,22.6,24.1,59,70,29.1,0,4514,0,0
10/30/2009 6:20,210,13.3,21.6,59.1,70,29.1,0,4534,0,0
10/30/2009 6:30,182,12.5,16.1,59.5,69,29.1,0,4594,0,0
10/30/2009 6:40,172,19.1,21.4,59.9,67,29.1,0,4604,0,0
10/30/2009 6:50,182,19.7,23.1,60,67,29.1,0,4624,0,0
10/30/2009 7:00,162,17.5,21.8,60.4,66,29.1,0,4664,0,0
10/30/2009 7:10,150,9.1,15.9,60.8,65,29.1,0,4694,0,0
10/30/2009 7:20,153,18.2,20.3,61.3,63,29.1,0,4694,0,0
10/30/2009 7:30,139,17.4,19.4,62.2,60,29.1,0,4694,0,0
10/30/2009 7:40,167,14.1,20.5,62.4,60,29.1,0,4714,0,0
10/30/2009 7:50,148,9,10.5,62.6,59,29.1,0,4744,0,0
10/30/2009 8:00,171,29.1,32.7,62.7,58,29.1,0,4754,0,0
10/30/2009 8:10,151,18.1,21.3,62.7,59,29.1,0,4754,0,0
10/30/2009 8:20,170,20.9,25.4,62.9,59,29.1,0,4754,0,0
10/30/2009 8:30,192,15.9,18.4,63.3,58,29.1,0,4774,0,0
10/30/2009 8:40,139,15.6,22.5,63.5,58,29.1,0,4784,0,0
10/30/2009 8:50,118,15.7,22.1,64,57,29.1,0,4794,0,0
10/30/2009 9:00,141,22.9,28.6,64.4,56,29.1,0,4804,0,0
10/30/2009 9:10,58,8.2,13.3,64.9,55,29.1,0,4804,0,0
10/30/2009 9:20,166,17,23.1,65.3,54,29.1,0,4804,0,0
10/30/2009 9:30,169,30.1,31.6,65.4,53,29,0,4804,0,0
10/30/2009 9:40,155,26.2,27.6,65.4,53,29,0,4804,0,0
10/30/2009 9:50,182,28.3,33.3,65.6,53,29,0,4804,0,0
10/30/2009 10:00,163,17,21.1,65.6,53,29,0,4804,0,0
10/30/2009 10:10,154,18,19.7,66,52,29,0,4824,0,0
10/30/2009 10:20,160,28,31.1,66,52,29,0,4834,0,0
10/30/2009 10:30,191,19.5,23.2,66.2,52,29,0,4834,0,0
10/30/2009 10:40,157,16.7,18.3,66.2,51,29,0,4864,0,0
10/30/2009 10:50,200,8.7,11.2,66.5,51,29,0,4874,0,0
10/30/2009 11:00,149,19.9,22.9,67.2,51,29,0,4894,0,0
10/30/2009 11:10,179,16.3,20.2,67.4,50,29,0,4894,0,0
10/30/2009 11:20,151,16.8,22.8,67.6,51,29,0,4894,0,0
10/30/2009 11:30,164,24.6,25.1,67.8,50,29,0,4894,0,0
10/30/2009 11:40,147,20.6,23.8,67.8,51,29,0,4894,0,0
10/30/2009 11:50,132,9.3,15.6,68.3,51,29,0,4894,0,0
10/30/2009 12:00,179,12.4,14.7,68.1,50,29,0,4904,0,0
10/30/2009 12:10,135,20.4,24.1,68.1,50,29,0,4904,0,0
10/30/2009 12:20,156,10.3,17.2,68.5,50,29,0,4904,0,0
10/30/2009 12:30,156,14.1,18.3,68.5,50,29,0,4904,0,0
10/30/2009 12:40,142,11.6,16,68.5,51,29,0,4904,0,0
10/30/2009 12:50,140,15,18.1,68.5,51,29,0,4904,0,0
10/30/2009 13:00,175,12.9,15.3,68.5,50,29,0,4904,0,0
10/30/2009 13:10,155,22.3,27.4,68.7,50,29,0,4904,0,0
10/30/2009 13:20,166,21.5,25.8,68.7,50,29,0,4904,0,0
10/30/2009 13:30,160,12.8,13.6,68.5,51,29,0,4904,0,0
10/30/2009 13:40,163,16.8,17.9,68.7,51,28.9,0,4904,0,0
10/30/2009 13:50,147,11.6,15.9,68.5,51,29,0,4904,0,0
10/30/2009 14:00,206,14.5,20.1,68,52,28.9,0,4904,0,0
10/30/2009 14:10,165,15.5,16.9,67.8,52,28.9,0,4904,0,0
10/30/2009 14:20,188,15.5,17.5,67.6,52,28.9,0,4904,0,0
10/30/2009 14:30,217,10.2,15,67.6,52,28.9,0,4904,0,0
10/30/2009 14:40,167,15.1,18.4,67.4,53,28.9,0,4904,0,0
10/30/2009 14:50,172,8.9,13.9,67.2,53,28.9,0,4904,0,0
10/30/2009 15:00,157,21.5,23.2,67.1,53,28.9,0,4904,0,0
10/30/2009 15:10,152,18,22.9,66.9,54,28.9,0,4914,0,0
10/30/2009 15:20,124,16.6,18.1,66.5,55,28.9,0,4914,0,0
10/30/2009 15:30,126,13.8,18.1,66.3,55,28.9,0,4964,0,0
10/30/2009 15:40,164,16.7,19.5,66.2,55,28.9,0,4984,0,0
10/30/2009 15:50,169,22.6,25.4,65.8,56,28.9,0,4994,0,0
10/30/2009 16:00,194,12.3,14.2,65.4,56,28.9,0,4994,0,0
10/30/2009 16:10,153,22.8,27.2,65.3,57,28.9,0,5014,0,0
10/30/2009 16:20,169,14.7,20.2,64.9,57,28.9,0,5014,0,0
10/30/2009 16:30,150,17.4,21.1,64.5,58,28.9,0,5014,0,0
10/30/2009 16:40,193,16,18.9,64.4,58,28.9,0,5014,0,0
10/30/2009 16:50,252,10,13.4,64.2,59,28.9,0,5024,0,0
10/30/2009 17:00,174,12.5,14.3,64,59,28.9,0,5044,0,0
10/30/2009 17:10,179,11.6,15.1,63.6,60,28.9,0,5074,0,0
10/30/2009 17:20,172,16.7,21.1,63.5,60,28.9,0,5094,0,0
10/30/2009 17:30,150,20.8,22.1,63.1,61,28.9,0,5094,0,0
10/30/2009 17:40,173,24.6,26.4,62.7,62,28.9,0,5104,0,0
10/30/2009 17:50,144,18.2,21.9,62.6,62,28.9,0,5104,0,0
10/30/2009 18:00,157,29.7,36,62.6,62,28.9,0,5154,0,0
10/30/2009 18:10,157,25.2,29.5,62,63,28.9,0,5154,0,0
10/30/2009 18:20,154,30.4,33.2,61.8,64,28.8,0,5154,0,0
10/30/2009 18:30,265,13.8,23.2,61.7,64,28.9,0,5154,0,0
10/30/2009 18:40,127,20.6,22.7,61.8,64,28.9,0,5204,0,0
10/30/2009 18:50,153,32.4,36.3,61.3,66,28.8,0,5214,0,0
10/30/2009 19:00,141,22.8,26.8,61.1,66,28.9,0,5214,0,0
10/30/2009 19:10,160,26.7,29.7,60.9,67,28.8,0,5214,0,0
10/30/2009 19:20,165,10.9,20.6,60.8,67,28.8,0,5214,0,0
10/30/2009 19:30,153,9.2,14.3,60.6,68,28.9,0,5234,0,0
10/30/2009 19:40,163,8.1,11.5,60.8,68,28.9,0,5244,0,0
10/30/2009 19:50,174,12.9,15.6,62.6,64,28.8,0,5264,0,0
10/30/2009 20:00,174,16.4,19.9,63.1,63,28.8,0,5274,0,0
10/30/2009 20:10,155,29.5,33.1,63.5,62,28.8,0,5394,0,0
10/30/2009 20:20,164,23.8,27,63.3,63,28.8,0,5404,0,0
10/30/2009 20:30,120,19.7,25.2,62.4,64,28.8,0,5404,0,0
10/30/2009 20:40,141,14.7,16.7,62,65,28.8,0,5414,0,0
10/30/2009 20:50,141,18.9,24.8,62.2,65,28.8,0,5414,0,0
10/30/2009 21:00,166,13.6,17.7,62.7,64,28.8,0,5444,0,0
10/30/2009 21:10,151,20.4,21.4,63.5,63,28.8,0,5484,0,0
10/30/2009 21:20,163,23.6,25.5,63.8,62,28.8,0,5544,0,0
10/30/2009 21:30,170,17.4,21.6,64.2,61,28.8,0,5554,0.03,0.03
10/30/2009 21:40,166,27.3,30.7,64,61,28.8,0,5644,0,0
10/30/2009 21:50,229,14.8,19.3,64.4,61,28.8,0,5664,0,0
10/30/2009 22:00,153,12.6,17.7,64.4,60,28.8,0,5744,0,0
10/30/2009 22:10,166,21.1,27.8,64.4,60,28.8,0,5824,0.01,0.01
10/30/2009 22:20,157,20.9,23.7,64.2,60,28.8,0,5944,0,0
10/30/2009 22:30,167,31.7,33.5,64,61,28.8,0,5984,0,0
10/30/2009 22:40,180,21.5,27.5,64.2,60,28.8,0,5984,0,0
10/30/2009 22:50,158,14.6,18.6,64.2,61,28.8,0,5994,0,0
10/30/2009 23:00,166,23,27.4,64.5,60,28.8,0,5994,0,0
10/30/2009 23:10,195,20,23.8,64.9,60,28.8,0,5994,0,0
10/30/2009 23:20,167,8.9,15.8,65.6,59,28.8,0,6024,0,0
10/30/2009 23:30,167,9.5,14,64.7,62,28.8,0.01,6334,0,0
10/30/2009 23:40,240,17.2,21.6,63.5,67,28.8,0.03,6884,0.28,0.28
10/30/2009 23:50,192,28,33.1,60.4,84,28.8,0.1,7484,0.7,0.7
10/31/2009 0:00,250,37,40.5,59,90,28.8,0.18,8084,0.19,0.19
10/31/2009 0:10,258,38.5,40.1,58.4,91,28.8,0.2,8564,0.03,0.03
10/31/2009 0:20,221,31.8,36.5,58.2,90,28.8,0.21,8914,0.16,0.16
10/31/2009 0:30,271,40.1,43.8,58.1,91,28.8,0.22,9394,0.03,0.03
10/31/2009 0:40,256,30,43.3,58.6,90,28.7,0.23,9864,0.08,0.08
10/31/2009 0:50,144,20.6,22.9,58.6,91,28.7,0.27,10404,0,0
10/31/2009 1:00,185,18,21.9,58.8,90,28.7,0.27,10824,0,0
10/31/2009 1:10,1,25.5,29.3,59.1,89,28.7,0.29,11244,0.21,0.21
10/31/2009 1:20,274,31.1,38,59.7,89,28.7,0.29,11724,0.05,0.05
10/31/2009 1:30,218,28.7,31,59.7,91,28.7,0.32,12294,0.27,0.27
10/31/2009 1:40,346,23.9,28.8,59.7,90,28.7,0.33,12794,0.04,0.04
10/31/2009 1:50,186,15.3,20.1,60,89,28.7,0.34,13074,0,0
10/31/2009 2:00,167,17.4,19.8,60.8,85,28.7,0.34,13314,0.03,0.03
10/31/2009 2:10,171,26.4,30.3,61.1,85,28.7,0.35,13524,0,0
10/31/2009 2:20,179,17.4,22,61.5,85,28.7,0.35,13654,0.05,0.05
10/31/2009 2:30,191,12.1,18,61.8,84,28.7,0.35,14004,0,0
10/31/2009 2:40,172,11.7,13.7,61.8,85,28.7,0.35,14234,0,0
10/31/2009 2:50,192,28,30.8,62.9,82,28.7,0.36,14464,0,0
10/31/2009 3:00,234,24.4,27.7,63.5,82,28.7,0.36,14464,0,0
10/31/2009 3:10,254,18.6,21.2,54.1,89,28.8,0.37,14774,0.08,0.08
10/31/2009 3:20,234,18,21.7,52.5,94,28.8,0.39,15364,0.08,0.08
10/31/2009 3:30,259,35.4,37.9,52.3,95,28.8,0.4,15924,0.02,0.02
10/31/2009 3:40,301,15.5,26.4,51.4,94,28.8,0.4,16004,0,0
10/31/2009 3:50,259,17.3,18.3,51.2,94,28.8,0.4,16574,0.04,0.04
10/31/2009 4:00,247,14.2,15.7,51.2,94,28.8,0.44,17174,0.19,0.19
10/31/2009 4:10,237,16.3,18,51,94,28.8,0.45,17774,0.03,0.03
10/31/2009 4:20,264,9.3,10.4,51.4,95,28.8,0.47,18374,0.11,0.11
10/31/2009 4:30,246,12.4,13,51.6,96,28.8,0.49,18974,0.06,0.06
10/31/2009 4:40,273,7.3,9.1,51.6,96,28.8,0.52,19574,0.19,0.19
10/31/2009 4:50,233,18.8,23.1,51,95,28.8,0.54,20174,0.16,0.16
10/31/2009 5:00,172,8.8,10.8,50.9,95,28.8,0.56,20774,0.09,0.09
10/31/2009 5:10,252,22.9,28.1,51.2,96,28.8,0.57,21264,0,0
10/31/2009 5:20,249,23.1,30.1,51.4,90,28.8,0.57,21414,0,0
10/31/2009 5:30,247,21,24.3,51.4,89,28.8,0.57,21674,0,0
10/31/2009 5:40,244,20.3,22.3,51.6,90,28.8,0.57,21934,0.03,0.03
10/31/2009 5:50,215,15.1,17,51.6,89,28.8,0.58,22454,0,0
10/31/2009 6:00,233,11.4,14.1,51.8,89,28.8,0.58,22674,0,0
10/31/2009 6:10,218,14.4,16.1,52.1,88,28.8,0.58,22874,0,0
10/31/2009 6:20,232,21.8,24.2,52.3,85,28.8,0.58,23104,0,0
10/31/2009 6:30,233,12.4,15.7,52.8,82,28.9,0.58,23164,0,0
10/31/2009 6:40,236,7,13.8,52.8,77,28.9,0.58,23194,0,0
10/31/2009 6:50,231,16.7,20.1,52.8,75,28.8,0.58,23354,0.02,0.02
10/31/2009 7:00,230,22.5,24.6,52.7,77,28.8,0.58,23504,0,0
10/31/2009 7:10,206,12,17.2,52.7,76,28.8,0.58,23504,0,0
10/31/2009 7:20,219,11.8,13.9,52.7,77,28.9,0.58,23504,0,0
10/31/2009 7:30,220,27.8,29.8,52.7,75,28.8,0.58,23504,0,0
10/31/2009 7:40,226,24.8,27.3,52.7,74,28.9,0.58,23504,0,0
10/31/2009 7:50,207,14.4,18.7,52.7,75,28.9,0.58,23504,0,0
10/31/2009 8:00,215,19.4,22.2,52.7,75,28.9,0.58,23504,0,0
10/31/2009 8:10,208,16,17.1,52.5,75,28.9,0.58,23504,0,0
10/31/2009 8:20,234,9,10.8,52.5,76,28.9,0.58,23514,0,0
10/31/2009 8:30,248,15.5,17.4,52.5,75,28.9,0.58,23514,0,0
10/31/2009 8:40,258,22.8,25.9,52.3,74,28.9,0.58,23544,0,0
10/31/2009 8:50,243,24.5,35.4,51.8,74,28.9,0.58,23544,0,0
10/31/2009 9:00,251,28.2,31.5,51.6,77,28.9,0.59,23564,0,0
10/31/2009 9:10,249,21,23.1,51,81,28.9,0.59,23574,0,0
10/31/2009 9:20,264,29.4,36.1,50,88,28.9,0.59,23624,0,0
10/31/2009 9:30,256,22.5,29.6,50,87,28.9,0.59,23634,0,0
10/31/2009 9:40,241,18.9,21.2,50.3,84,28.9,0.59,23634,0,0
10/31/2009 9:50,241,15.3,17.9,50.5,83,28.9,0.59,23634,0,0
10/31/2009 10:00,225,20.9,22.1,50.7,82,28.9,0.59,23634,0,0
10/31/2009 10:10,234,13.8,15.9,51,78,28.9,0.59,23634,0,0
10/31/2009 10:20,245,27,29.7,51.4,70,28.9,0.59,23634,0,0
10/31/2009 10:30,257,11.8,19.7,51.4,70,28.9,0.59,23634,0,0
10/31/2009 10:40,241,19.5,22.6,51.2,65,28.9,0.59,23644,0,0
10/31/2009 10:50,246,31.7,33,51.4,64,28.9,0.59,23644,0,0
10/31/2009 11:00,246,27.2,29.8,51.4,62,28.9,0.59,23644,0,0
10/31/2009 11:10,236,32.7,34,51.4,62,28.9,0.59,23644,0,0
10/31/2009 11:20,249,20.2,23.9,51.6,64,28.9,0.59,23644,0,0
10/31/2009 11:30,243,17.7,19.4,51.6,67,28.9,0.59,23644,0,0
10/31/2009 11:40,261,27.9,30.2,51.4,67,28.9,0.59,23654,0,0
10/31/2009 11:50,255,30.3,32.3,51.6,65,28.9,0.59,23654,0,0
10/31/2009 12:00,257,15.5,21.4,51.6,68,29,0.59,23654,0,0
10/31/2009 12:10,270,12.1,15.7,51.6,67,29,0.59,23654,0,0
10/31/2009 12:20,273,25.4,27.2,51.6,66,29,0.59,23674,0,0
10/31/2009 12:30,250,32.4,36.9,51.4,68,28.9,0.59,23674,0,0
10/31/2009 12:40,252,16.7,22.8,51.6,65,29,0.59,23674,0,0
10/31/2009 12:50,256,21.1,23.9,51.6,63,29,0.59,23714,0,0
10/31/2009 13:00,229,15.9,18.9,51.6,62,29,0.59,23774,0,0
10/31/2009 13:10,246,16.3,16.7,51.6,65,29,0.59,23804,0,0
10/31/2009 13:20,272,21.1,23.6,51.2,67,29,0.59,23904,0,0
10/31/2009 13:30,259,19,23.8,50.7,67,29,0.59,23954,0,0
10/31/2009 13:40,273,22.9,25.7,50.3,62,29,0.59,24054,0,0
10/31/2009 13:50,285,27.1,29.3,50.3,62,29,0.59,24054,0,0
10/31/2009 14:00,285,19.4,22.5,50.3,61,29,0.59,24054,0,0
10/31/2009 14:10,266,28.8,36.7,50.3,62,29,0.59,24074,0,0
10/31/2009 14:20,269,25.8,27.1,50.3,59,29,0.59,24074,0,0
10/31/2009 14:30,274,20.4,23.7,50.3,57,29,0.59,24074,0,0
10/31/2009 14:40,279,19.3,22.3,50.3,60,29,0.59,24094,0,0
10/31/2009 14:50,260,28.3,33.1,50.5,61,29,0.59,24094,0,0
10/31/2009 15:00,259,20.2,26.7,50.3,60,29,0.59,24094,0,0
10/31/2009 15:10,255,14.4,17,50.3,62,29.1,0.59,24114,0,0
10/31/2009 15:20,256,25.6,28.2,50.3,60,29,0.59,24114,0,0
10/31/2009 15:30,257,29.4,31.6,50.1,57,29.1,0.59,24114,0,0
10/31/2009 15:40,252,15.3,21,50.1,58,29.1,0.59,24114,0,0
10/31/2009 15:50,268,22.7,26,50.1,63,29.1,0.59,24114,0,0
10/31/2009 16:00,304,9.4,13.3,50,62,29.1,0.59,24114,0,0
10/31/2009 16:10,274,16.4,20.6,50,61,29.1,0.59,24124,0,0
10/31/2009 16:20,280,24.1,26,50,60,29.1,0.59,24124,0,0
10/31/2009 16:30,256,17.9,19.6,50,62,29.1,0.59,24124,0,0
10/31/2009 16:40,262,16.8,19.4,50,61,29.1,0.59,24124,0,0
10/31/2009 16:50,266,16.6,19.7,50,61,29.1,0.59,24124,0,0
10/31/2009 17:00,277,19.5,22.5,50.1,63,29.1,0.59,24124,0,0
10/31/2009 17:10,247,18.5,21.1,50.1,63,29.1,0.59,24124,0,0
10/31/2009 17:20,264,14.8,16,50.1,61,29.1,0.59,24124,0,0
10/31/2009 17:30,277,18.2,23.6,50.1,60,29.1,0.59,24124,0,0
10/31/2009 17:40,271,22.4,24,50.1,63,29.1,0.59,24124,0,0
10/31/2009 17:50,274,21.8,25.9,50.1,60,29.1,0.59,24124,0,0
10/31/2009 18:00,258,29.2,33.1,50.1,59,29.1,0.59,24124,0,0
10/31/2009 18:10,274,27.7,33.6,50.1,58,29.1,0.59,24124,0,0
10/31/2009 18:20,265,25.3,31.1,50.1,61,29.1,0.59,24124,0,0
10/31/2009 18:30,301,14.4,18.3,50,60,29.1,0.59,24124,0,0
10/31/2009 18:40,263,18.4,19.8,50,61,29.1,0.59,24124,0,0
10/31/2009 18:50,251,12.8,15.1,50,57,29.2,0.59,24124,0,0
10/31/2009 19:00,248,22.7,25.7,50,58,29.2,0.59,24124,0,0
10/31/2009 19:10,279,8.6,12.3,50,61,29.2,0.59,24124,0,0
10/31/2009 19:20,280,9.4,12.7,50,59,29.2,0.59,24124,0,0
10/31/2009 19:30,253,16.7,20.5,49.8,61,29.2,0.59,24124,0,0
10/31/2009 19:40,278,17.4,18.7,49.8,60,29.2,0.59,24124,0,0
10/31/2009 19:50,295,20.3,21.8,50,61,29.2,0.59,24124,0,0
10/31/2009 20:00,280,26.1,29.5,50,59,29.2,0.59,24124,0,0
10/31/2009 20:10,283,27.5,28.5,49.8,59,29.2,0.59,24124,0,0
10/31/2009 20:20,278,25.2,26.6,49.8,57,29.2,0.59,24124,0,0
10/31/2009 20:30,273,19.2,21.8,49.8,59,29.2,0.59,24124,0,0
10/31/2009 20:40,287,26.5,28.8,49.2,59,29.2,0.59,24304,0.02,0.02
10/31/2009 20:50,246,15.6,21.4,48.3,65,29.2,0.59,24344,0,0
10/31/2009 21:00,293,25.1,28.6,48.5,62,29.2,0,24354,0,0
10/31/2009 21:10,298,23.9,26.9,48.7,64,29.2,0,24354,0,0
10/31/2009 21:20,321,14.3,16.9,48.3,68,29.2,0,24354,0,0
10/31/2009 21:30,307,18.9,20.4,48,66,29.2,0,24364,0,0
10/31/2009 21:40,302,14.5,15.5,47.8,67,29.2,0,24364,0,0
10/31/2009 21:50,320,19.1,20.6,47.6,67,29.2,0,24364,0,0
10/31/2009 23:00,302,20.2,22.1,47.6,66,29.2,0,24364,0,0
10/31/2009 23:10,312,20,22.2,47.6,65,29.2,0,24364,0,0
10/31/2009 23:20,302,15.3,17.1,47.3,64,29.2,0,24364,0,0
10/31/2009 23:30,307,15.2,17.4,47.4,64,29.2,0,24364,0,0
10/31/2009 23:40,306,17.8,20.4,47.4,64,29.2,0,24364,0,0
10/31/2009 23:50,319,20.9,23.8,47.3,62,29.2,0,24364,0,0
11/1/2009 0:00,313,15.6,18,47.1,64,29.2,0,24364,0,0
11/1/2009 0:10,290,14.6,17.3,47.1,63,29.2,0,24364,0,0
11/1/2009 0:20,304,17.6,20.5,47.1,62,29.2,0,24364,0,0
11/1/2009 0:30,308,19.2,19.7,47.1,62,29.2,0,24364,0,0
11/1/2009 0:40,309,19.1,20.2,47.1,63,29.2,0,24364,0,0
11/1/2009 0:50,311,18.2,22,46.9,62,29.2,0,24364,0,0
11/1/2009 1:00,307,19.8,21.4,46.9,59,29.2,0,24364,0,0
11/1/2009 1:10,311,14.2,17.4,46.7,62,29.2,0,24364,0,0
11/1/2009 1:20,322,9,10,46.7,63,29.2,0,24364,0,0
11/1/2009 1:30,313,13.7,15.3,46.5,61,29.2,0,24364,0,0
11/1/2009 1:40,310,16.6,19.8,46.5,60,29.2,0,24364,0,0
11/1/2009 1:50,313,17.6,21.7,46.5,63,29.2,0,24364,0,0
11/1/2009 1:00,321,13.8,15.5,46.5,60,29.2,0,24364,0,0
11/1/2009 1:10,292,18.2,19.2,46.7,61,29.2,0,24364,0,0
11/1/2009 1:20,297,15.6,16.8,46.9,60,29.2,0,24364,0,0
11/1/2009 1:30,305,16.7,17.7,46.9,61,29.2,0,24364,0,0
11/1/2009 1:40,313,13.8,15.9,46.9,58,29.2,0,24364,0,0
11/1/2009 1:50,305,15.6,16.5,46.9,59,29.2,0,24364,0,0
11/1/2009 2:00,301,15.7,16.9,47.1,59,29.2,0,24364,0,0
11/1/2009 2:10,310,19.7,20.9,46.9,58,29.2,0,24364,0,0
11/1/2009 2:20,327,13,14.1,46.7,58,29.3,0,24364,0,0
11/1/2009 2:30,322,12.8,15.1,46.9,60,29.3,0,24364,0,0
11/1/2009 2:40,310,10.7,11.7,46.7,60,29.3,0,24364,0,0
11/1/2009 2:50,321,21.3,23.7,46.5,54,29.3,0,24364,0,0
11/1/2009 3:00,317,12.5,15.2,46.5,59,29.3,0,24364,0,0
11/1/2009 3:10,310,16.3,17.6,46.5,59,29.3,0,24364,0,0
11/1/2009 3:20,328,14.9,17.8,46.5,60,29.3,0,24364,0,0
11/1/2009 3:30,324,17.6,20.1,46.4,62,29.3,0,24364,0,0
11/1/2009 3:40,338,12.7,14.3,45.6,66,29.3,0,24364,0,0
11/1/2009 3:50,359,11.4,12.4,45.6,66,29.3,0,24364,0,0
11/1/2009 4:00,344,13.1,14.4,45.5,64,29.3,0,24364,0,0
11/1/2009 4:10,327,8.4,9.6,45.5,65,29.3,0,24364,0,0
11/1/2009 4:20,12,6.2,7.7,45.3,66,29.3,0,24364,0,0
11/1/2009 4:30,358,10.7,11.8,45.3,65,29.3,0,24364,0,0
11/1/2009 4:40,340,8.1,9.9,45.1,63,29.3,0,24364,0,0
11/1/2009 4:50,9,1.8,2.2,44.9,65,29.3,0,24364,0,0
11/1/2009 5:00,11,4.2,5.1,44.7,65,29.3,0,24364,0,0
11/1/2009 5:10,5,2.8,3.3,44.7,64,29.3,0,24364,0,0
11/1/2009 5:20,13,5.6,6.6,44.6,63,29.3,0,24364,0,0
11/1/2009 5:30,82,2.4,3.9,44.6,62,29.3,0,24364,0,0
11/1/2009 5:40,346,6.5,7.1,44.6,62,29.3,0,24364,0,0
11/1/2009 5:50,355,4.8,5.4,44.6,61,29.3,0,24364,0,0
11/1/2009 6:00,349,4.2,4.6,44.7,63,29.3,0,24364,0,0
11/1/2009 6:10,12,4.5,4.7,44.7,62,29.3,0,24364,0,0
11/1/2009 6:20,33,5.6,6.8,44.7,63,29.4,0,24364,0,0
11/1/2009 6:30,27,4.1,4.5,44.7,61,29.4,0,24364,0,0
11/1/2009 6:40,334,4.5,5.1,44.9,60,29.4,0,24364,0,0
11/1/2009 6:50,359,7.2,7.8,44.9,59,29.4,0,24364,0,0
11/1/2009 7:00,328,6,7.7,44.9,58,29.4,0,24364,0,0
11/1/2009 7:10,354,4.6,5.4,44.9,58,29.4,0,24364,0,0
11/1/2009 7:20,329,5.6,8.6,45.1,57,29.4,0,24364,0,0
11/1/2009 7:30,347,6.2,7.1,45.1,58,29.4,0,24364,0,0
11/1/2009 7:40,338,5.5,6.7,45.1,57,29.4,0,24364,0,0
11/1/2009 7:50,328,6.2,7.2,45.1,57,29.4,0,24364,0,0
11/1/2009 8:00,0,4.7,5.5,45.1,57,29.4,0,24364,0,0
11/1/2009 8:10,333,5.3,6.6,45.1,56,29.4,0,24364,0,0
11/1/2009 8:20,336,7,7.4,45.3,55,29.4,0,24364,0,0
11/1/2009 8:30,2,4.8,5.3,45.1,55,29.4,0,24364,0,0
11/1/2009 8:40,316,10.1,10.7,45.1,57,29.4,0,24364,0,0
11/1/2009 8:50,334,7.7,9.1,45.1,55,29.4,0,24364,0,0
11/1/2009 9:00,337,9.6,10.5,45.3,56,29.4,0,24364,0,0
11/1/2009 9:10,337,5.4,7.1,45.3,56,29.4,0,24364,0,0
11/1/2009 9:20,326,5.6,6.3,45.3,56,29.4,0,24364,0,0
11/1/2009 9:30,322,6.5,6.9,45.5,57,29.4,0,24364,0,0
11/1/2009 9:40,327,8.2,9,45.5,56,29.4,0,24364,0,0
11/1/2009 9:50,313,7.8,8.8,45.5,56,29.4,0,24364,0,0
11/1/2009 10:00,3,5.1,5.8,45.6,57,29.4,0,24364,0,0
11/1/2009 10:10,357,4.1,4.4,46.2,55,29.4,0,24364,0,0
11/1/2009 10:20,329,6.8,8.8,45.8,55,29.4,0,24364,0,0
11/1/2009 10:30,358,7.1,7.5,45.8,56,29.4,0,24364,0,0
11/1/2009 10:40,351,4.3,5.2,45.6,56,29.4,0,24364,0,0
11/1/2009 10:50,1,6.2,6.9,46,55,29.4,0,24364,0,0
11/1/2009 11:00,329,3.5,3.9,46,55,29.4,0,24364,0,0
11/1/2009 11:10,43,4.2,5.1,46.2,53,29.4,0,24364,0,0
11/1/2009 11:20,338,4.2,4.4,46.2,54,29.4,0,24364,0,0
11/1/2009 11:30,346,4,4.3,46.4,55,29.4,0,24364,0,0
11/1/2009 11:40,317,3.8,4.5,46.4,54,29.4,0,24364,0,0
11/1/2009 11:50,304,6.1,6.8,46.2,53,29.4,0,24364,0,0
11/1/2009 12:00,293,4.3,4.8,45.8,54,29.4,0,24364,0,0
11/1/2009 12:10,331,3.9,4.6,46.2,54,29.4,0,24364,0,0
11/1/2009 12:20,352,3.8,4.4,46.4,54,29.4,0,24364,0,0
11/1/2009 12:30,311,4,4.6,46,55,29.4,0,24364,0,0
11/1/2009 12:40,303,3.3,3.8,46,57,29.4,0,24364,0,0
11/1/2009 12:50,319,3.8,5.1,46,55,29.4,0,24364,0,0
11/1/2009 13:00,317,8.2,9.5,45.6,55,29.4,0,24364,0,0
11/1/2009 13:10,327,6.8,7.5,45.5,54,29.4,0,24364,0,0
11/1/2009 13:20,323,3.8,4.8,45.6,54,29.4,0,24364,0,0
11/1/2009 13:30,255,2.9,3.2,46,54,29.4,0,24364,0,0
11/1/2009 13:40,38,2.8,3.6,45.8,55,29.4,0,24364,0,0
11/1/2009 13:50,95,1.6,2.4,45.8,54,29.4,0,24364,0,0
11/1/2009 14:00,239,0.7,1.3,45.8,54,29.4,0,24364,0,0
11/1/2009 14:10,58,3,3.4,45.5,54,29.4,0,24364,0,0
11/1/2009 14:20,86,1.2,2.2,45.1,55,29.4,0,24364,0,0
11/1/2009 14:30,78,4.4,5,44.9,55,29.4,0,24364,0,0
11/1/2009 14:40,82,1.8,2.7,44.9,56,29.4,0,24364,0,0
11/1/2009 14:50,84,2.1,2.7,45.1,55,29.4,0,24364,0,0
11/1/2009 15:00,85,2.2,3.1,44.7,55,29.4,0,24364,0,0
11/1/2009 15:10,97,2,2.6,44.6,56,29.4,0,24364,0,0
11/1/2009 15:20,93,1.7,1.9,44.4,56,29.4,0,24364,0,0
11/1/2009 15:30,110,1.1,1.3,44.2,57,29.4,0,24364,0,0
11/1/2009 15:40,166,0.9,1.3,43.8,59,29.4,0,24364,0,0
11/1/2009 15:50,230,1.4,1.8,43.7,58,29.4,0,24364,0,0
11/1/2009 16:00,169,2,2.3,44.9,58,29.4,0,24364,0,0
11/1/2009 16:10,192,1.7,1.9,45.3,56,29.4,0,24364,0,0
11/1/2009 16:20,262,1.5,1.8,45.1,55,29.4,0,24364,0,0
11/1/2009 16:30,161,0.8,1.5,44.9,58,29.4,0,24364,0,0
11/1/2009 16:40,252,1,1.2,44.7,57,29.4,0,24364,0,0
11/1/2009 16:50,155,2,2.2,44.6,58,29.4,0,24364,0,0
11/1/2009 17:00,159,3.1,3.3,44.9,57,29.4,0,24364,0,0
11/1/2009 17:10,174,2.2,2.4,45.1,56,29.4,0,24364,0,0
11/1/2009 17:20,136,1.6,1.9,43.3,60,29.4,0,24364,0,0
11/1/2009 17:30,182,1.5,1.7,44.2,59,29.4,0,24364,0,0
11/1/2009 17:40,143,4.3,4.8,42.2,67,29.4,0,24364,0,0
11/1/2009 17:50,148,6.3,6.7,42.6,63,29.4,0,24364,0,0
11/1/2009 18:00,149,4.8,5.5,43.1,62,29.4,0,24364,0,0
11/1/2009 18:10,135,5,5.3,43.3,61,29.4,0,24364,0,0
11/1/2009 18:20,132,5.7,6.3,42.6,64,29.4,0,24364,0,0
11/1/2009 18:30,135,5.3,6,44.2,58,29.4,0,24364,0,0
11/1/2009 18:40,146,4,4.8,43.3,62,29.4,0,24364,0,0
11/1/2009 18:50,158,3.5,3.8,42.9,61,29.4,0,24364,0,0
11/1/2009 19:00,158,3.9,4.6,43.3,60,29.4,0,24364,0,0
11/1/2009 19:10,147,4.5,5.3,42.2,63,29.4,0,24364,0,0
11/1/2009 19:20,150,5.1,5.7,41.9,64,29.4,0,24364,0,0
11/1/2009 19:30,131,4.4,5,42.4,61,29.4,0,24364,0,0
11/1/2009 19:40,134,3.7,4.1,43.1,59,29.4,0,24364,0,0
11/1/2009 19:50,136,4.5,4.9,41.9,63,29.4,0,24364,0,0
11/1/2009 20:00,127,6,7.2,40.2,68,29.4,0,24364,0,0
11/1/2009 20:10,123,6.9,8.4,41.1,66,29.4,0,24364,0,0
11/1/2009 20:20,126,9.6,10.6,40.2,69,29.4,0,24364,0,0
11/1/2009 20:30,126,10.4,10.8,39.5,71,29.4,0,24364,0,0
11/1/2009 20:40,130,9.2,10.1,39.5,71,29.4,0,24364,0,0
11/1/2009 20:50,124,9.4,9.9,39.7,71,29.4,0,24364,0,0
11/1/2009 21:00,121,9.1,9.6,39.9,70,29.4,0,24364,0,0
11/1/2009 21:10,122,8.3,9.3,40.2,69,29.4,0,24364,0,0
11/1/2009 21:20,127,7.4,8.7,40.4,69,29.4,0,24364,0,0
11/1/2009 21:30,126,8.7,9.5,40.2,69,29.4,0,24364,0,0
11/1/2009 21:40,126,5.7,7.2,40.2,69,29.4,0,24364,0,0
11/1/2009 21:50,121,7.9,8.5,40.1,69,29.4,0,24364,0,0
11/1/2009 22:00,120,7.3,8.1,40.1,69,29.4,0,24364,0,0
11/1/2009 22:10,124,7.4,7.8,39.9,69,29.4,0,24364,0,0
11/1/2009 22:20,135,8.3,8.6,39.5,70,29.4,0,24364,0,0
11/1/2009 22:30,141,7.2,7.8,39.7,70,29.4,0,24364,0,0
11/1/2009 22:40,137,6.7,7.5,39.7,70,29.4,0,24364,0,0
11/1/2009 22:50,134,8.3,9.3,39.7,70,29.4,0,24364,0,0
11/1/2009 23:00,149,7.2,7.5,39.7,70,29.4,0,24364,0,0
11/1/2009 23:10,149,7.9,8.4,40.2,69,29.4,0,24364,0,0
11/1/2009 23:20,155,6.3,7.2,40.2,68,29.4,0,24364,0,0
11/1/2009 23:30,153,6.1,6.8,40.1,69,29.4,0,24364,0,0
11/1/2009 23:40,147,6,6.5,39.7,70,29.4,0,24364,0,0
11/1/2009 23:50,160,6.2,7,39.7,70,29.4,0,24364,0,0
11/2/2009 0:00,149,9.1,9.7,39.5,70,29.4,0,24364,0,0
11/2/2009 0:10,144,9.5,10.4,39.3,70,29.4,0,24364,0,0
11/2/2009 0:20,144,8.9,9.8,39,71,29.4,0,24364,0,0
11/2/2009 0:30,142,8.8,11.1,39,72,29.4,0,24364,0,0
11/2/2009 0:40,146,9.6,10.2,38.8,72,29.4,0,24364,0,0
11/2/2009 0:50,149,9.6,10.6,38.8,72,29.4,0,24364,0,0
11/2/2009 1:00,152,7.5,8.6,38.6,73,29.4,0,24364,0,0
11/2/2009 1:10,139,11.3,11.9,38.4,73,29.4,0,24364,0,0
11/2/2009 1:20,139,8.2,9.7,38.1,74,29.4,0,24364,0,0
11/2/2009 1:30,140,8.3,9,38.3,73,29.4,0,24364,0,0
11/2/2009 1:40,134,8.6,9.9,38.3,73,29.4,0,24364,0,0
11/2/2009 1:50,132,5.7,7,41.9,64,29.4,0,24364,0,0
11/2/2009 2:00,147,4.6,6.4,39.5,70,29.4,0,24364,0,0
11/2/2009 2:10,144,8.6,9.8,38.1,73,29.4,0,24364,0,0
11/2/2009 2:20,144,9.2,9.9,38.1,74,29.4,0,24364,0,0
11/2/2009 2:30,142,9.5,10.1,38.1,74,29.4,0,24364,0,0
11/2/2009 2:40,146,9.7,10.9,37.9,74,29.4,0,24364,0,0
11/2/2009 2:50,145,10.6,11.1,38.1,74,29.4,0,24364,0,0
11/2/2009 3:00,137,9.5,10.8,38.6,73,29.4,0,24364,0,0
11/2/2009 3:10,120,6.2,8,38.8,72,29.4,0,24364,0,0
11/2/2009 3:20,143,8.6,9.4,38.8,72,29.4,0,24364,0,0
11/2/2009 3:30,154,8.7,10.2,39,72,29.4,0,24364,0,0
11/2/2009 3:40,144,8.3,9,38.8,73,29.4,0,24364,0,0
11/2/2009 3:50,144,10,11.2,38.6,73,29.4,0,24364,0,0
11/2/2009 4:00,151,8.1,9.2,38.6,73,29.4,0,24364,0,0
11/2/2009 4:10,144,11.6,12.1,38.6,73,29.4,0,24364,0,0
11/2/2009 4:20,153,10.7,12.3,38.8,72,29.4,0,24364,0,0
11/2/2009 4:30,146,6.5,8.6,39,72,29.4,0,24364,0,0
11/2/2009 4:40,156,7.2,8.1,39.2,72,29.4,0,24364,0,0
11/2/2009 4:50,154,9.6,10.8,39,72,29.4,0,24364,0,0
11/2/2009 5:00,159,5.7,8.6,39.3,72,29.4,0,24364,0,0
11/2/2009 5:10,159,8.1,9.3,39.3,72,29.4,0,24364,0,0
11/2/2009 5:20,160,7.1,9.3,39.5,71,29.4,0,24364,0,0
11/2/2009 5:30,142,5.9,8.3,39.9,71,29.4,0,24364,0,0
11/2/2009 5:40,151,11.4,12.2,40.2,70,29.4,0,24364,0,0
11/2/2009 5:50,99,3.7,4.8,41,69,29.4,0,24364,0,0
11/2/2009 6:00,164,6.8,7.5,41.3,68,29.4,0,24364,0,0
11/2/2009 6:10,164,4.1,5,42,67,29.4,0,24364,0,0
11/2/2009 6:20,189,3.9,5.4,42.4,66,29.4,0,24364,0,0
11/2/2009 6:30,162,7.6,8.3,42.6,65,29.4,0,24364,0,0
11/2/2009 6:40,157,5.4,6.5,43.5,64,29.4,0,24364,0,0
11/2/2009 6:50,178,6.4,7.2,43.8,63,29.4,0,24364,0,0
11/2/2009 7:00,197,6.7,7.2,44.7,61,29.4,0,24364,0,0
11/2/2009 7:10,175,9.9,10.5,44.9,61,29.4,0,24364,0,0
11/2/2009 7:20,210,7.4,8.1,45.1,60,29.4,0,24364,0,0
11/2/2009 7:30,196,7.4,8,46.2,59,29.4,0,24364,0,0
11/2/2009 7:40,190,7.2,7.8,46.9,57,29.4,0,24364,0,0
11/2/2009 7:50,190,7.5,8.9,46.7,57,29.4,0,24364,0,0
11/2/2009 8:00,197,6.7,7.3,47.6,56,29.4,0,24364,0,0
11/2/2009 8:10,234,4.5,5.1,48,55,29.4,0,24364,0,0
11/2/2009 8:20,250,4,5.6,47.6,55,29.4,0,24364,0,0
11/2/2009 8:30,211,7,7.5,48.5,52,29.4,0,24364,0,0
11/2/2009 8:40,21,2.1,3.7,49.6,52,29.4,0,24364,0,0
11/2/2009 8:50,213,4.6,5.9,49.6,50,29.4,0,24364,0,0
11/2/2009 9:00,159,5.4,7.3,50.7,49,29.4,0,24364,0,0
11/2/2009 9:10,208,5.3,6,50.1,50,29.3,0,24364,0,0
11/2/2009 9:20,179,3.3,3.8,50.1,50,29.3,0,24364,0,0
11/2/2009 9:30,265,2.6,3.4,50.7,50,29.3,0,24364,0,0
11/2/2009 9:40,326,6.8,7.9,49.1,56,29.3,0,24364,0,0
11/2/2009 9:50,323,5.9,7.4,48.3,60,29.3,0,24364,0,0
11/2/2009 10:00,327,7.5,7.8,48.7,59,29.3,0,24364,0,0
11/2/2009 10:10,335,3.1,4.3,49.1,58,29.3,0,24364,0,0
11/2/2009 10:20,300,2.9,3.9,48.7,59,29.3,0,24364,0,0
11/2/2009 10:30,301,7.4,8.1,48.3,59,29.3,0,24364,0,0
11/2/2009 10:40,318,8,8.8,48.3,59,29.3,0,24364,0,0
11/2/2009 10:50,314,7.2,8.3,48.5,60,29.3,0,24364,0,0
11/2/2009 11:00,313,5.4,6.4,48.7,61,29.3,0,24364,0,0
11/2/2009 11:10,355,4.9,5.6,49.1,60,29.3,0,24364,0,0
11/2/2009 11:20,353,4.3,5.5,49.6,58,29.3,0,24364,0,0
11/2/2009 11:30,352,6,6.4,50.3,58,29.3,0,24364,0,0
11/2/2009 11:40,348,5.2,5.9,49.6,59,29.3,0,24364,0,0
11/2/2009 11:50,313,6.5,7,50,59,29.3,0,24364,0,0
11/2/2009 12:00,314,8.4,9.4,50.1,58,29.3,0,24364,0,0
11/2/2009 12:10,323,9.5,10.3,49.8,60,29.3,0,24364,0,0
11/2/2009 12:20,334,5.7,6.5,49.6,60,29.3,0,24364,0,0
11/2/2009 12:30,9,4.3,4.7,50,60,29.3,0,24364,0,0
11/2/2009 12:40,337,3.6,3.9,49.6,61,29.3,0,24364,0,0
11/2/2009 12:50,319,5.6,6.7,49.8,60,29.3,0,24364,0,0
11/2/2009 13:00,354,3.2,3.7,49.6,60,29.3,0,24364,0,0
11/2/2009 13:10,50,4.9,5.9,49.6,61,29.3,0,24364,0,0
11/2/2009 13:20,341,2.2,3.8,49.6,62,29.3,0,24364,0,0
11/2/2009 13:30,21,2.9,3.2,49.4,62,29.3,0,24364,0,0
11/2/2009 13:40,79,2.9,3.4,49.2,63,29.2,0,24374,0,0
11/2/2009 13:50,5,2.9,4.1,49.2,62,29.3,0,24394,0,0
11/2/2009 14:00,327,5.9,6.5,48.9,64,29.3,0,24484,0,0
11/2/2009 14:10,317,7.6,8.5,48.9,66,29.3,0,24484,0,0
11/2/2009 14:20,321,6.6,7.6,48.9,65,29.3,0,24484,0,0
11/2/2009 14:30,332,4.2,4.7,48.9,64,29.3,0,24484,0,0
11/2/2009 14:40,343,3.4,4.3,48.9,66,29.3,0,24484,0,0
11/2/2009 14:50,138,0.8,1.5,48.7,67,29.3,0,24484,0,0
11/2/2009 15:00,60,1.2,2.7,48.7,66,29.3,0,24504,0,0
11/2/2009 15:10,93,3,3.5,48.5,66,29.3,0,24584,0,0
11/2/2009 15:20,95,3.5,3.8,48.3,67,29.3,0,24584,0,0
11/2/2009 15:30,77,2.1,2.4,48.3,66,29.3,0,24584,0,0
11/2/2009 15:40,85,5.9,6.3,48.5,66,29.3,0,24584,0,0
11/2/2009 15:50,76,3.2,4,48.5,67,29.3,0,24584,0,0
11/2/2009 16:00,99,6.3,6.7,48.5,66,29.3,0,24584,0,0
11/2/2009 16:10,93,4.8,5.1,48.3,68,29.3,0,24584,0,0
11/2/2009 16:20,76,3,4.5,48.3,68,29.3,0,24584,0,0
11/2/2009 16:30,98,2.3,2.5,48.3,69,29.3,0,24584,0,0
11/2/2009 16:40,105,4,4.4,48.2,70,29.3,0,24674,0,0
11/2/2009 16:50,124,4.5,5,48,70,29.2,0,24874,0.02,0.02
11/2/2009 17:00,106,4.4,4.6,47.8,73,29.2,0.01,25344,0.04,0.04
11/2/2009 17:10,294,1.1,2.2,47.6,75,29.2,0.01,25464,0,0
11/2/2009 17:20,309,2.9,4,47.4,76,29.2,0.01,25544,0,0
11/2/2009 17:30,211,3,3.2,47.4,73,29.2,0.01,25544,0,0
11/2/2009 17:40,267,2.9,3.5,47.6,75,29.3,0.01,25544,0,0
11/2/2009 17:50,277,3.6,3.8,47.8,76,29.3,0.01,25544,0,0
11/2/2009 18:00,189,2.9,3.5,48.2,77,29.2,0.01,25544,0,0
11/2/2009 18:10,195,4.5,4.8,48,77,29.2,0.01,25544,0,0
11/2/2009 18:20,195,4,4.5,47.3,79,29.2,0.01,25544,0,0
11/2/2009 18:30,157,4.2,5.2,47.4,80,29.2,0.01,25544,0,0
11/2/2009 18:40,199,5.4,5.7,47.4,77,29.2,0.01,25544,0,0
11/2/2009 18:50,186,6.2,7.3,47.8,76,29.2,0.01,25544,0,0
11/2/2009 19:00,203,6.9,7.4,48.2,74,29.2,0.01,25544,0,0
11/2/2009 19:10,198,6.1,6.6,48.3,72,29.2,0.01,25544,0,0
11/2/2009 19:20,190,8,9.8,48.7,70,29.2,0.01,25544,0,0
11/2/2009 19:30,192,8.2,8.9,49.2,68,29.2,0.01,25544,0,0
11/2/2009 19:40,191,10.7,12.1,49.8,65,29.2,0.01,25544,0,0
11/2/2009 19:50,199,8.9,9.2,50.3,62,29.2,0.01,25544,0,0
11/2/2009 20:00,216,10.4,12,50.7,60,29.2,0.01,25544,0,0
11/2/2009 20:10,203,11.9,13.2,51,58,29.2,0.01,25544,0,0
11/2/2009 20:20,196,9.1,13.8,51.4,58,29.2,0.01,25544,0,0
11/2/2009 20:30,209,14,15.4,51.6,56,29.2,0.01,25544,0,0
11/2/2009 20:40,215,9.8,10.9,51.6,56,29.2,0.01,25544,0,0
11/2/2009 20:50,215,13.2,13.8,51.6,55,29.2,0.01,25544,0,0
11/2/2009 21:00,207,8.6,10.1,51.8,55,29.2,0,25544,0,0
11/2/2009 21:10,222,11.9,13.5,51.8,55,29.2,0,25544,0,0
11/2/2009 21:20,209,9.7,11.4,51.8,55,29.2,0,25544,0,0
11/2/2009 21:30,209,6.5,8.7,51.8,55,29.2,0,25544,0,0
11/2/2009 21:40,204,13.8,14.9,51.8,54,29.2,0,25544,0,0
11/2/2009 21:50,205,9,9.5,51.8,55,29.2,0,25544,0,0
11/2/2009 22:00,203,7.1,8,51.9,55,29.2,0,25544,0,0
11/2/2009 22:10,215,9.3,11.2,51.8,55,29.2,0,25544,0,0
11/2/2009 22:20,219,12.1,14.5,51.8,55,29.2,0,25544,0,0
11/2/2009 22:30,231,15.3,16.2,51.8,55,29.2,0,25544,0,0
11/2/2009 22:40,229,9.3,10.6,51.8,56,29.2,0,25544,0,0
11/2/2009 22:50,216,6.2,8.4,51.8,57,29.2,0,25544,0,0
11/2/2009 23:00,234,14.5,15.9,51.8,59,29.2,0,25544,0,0
11/2/2009 23:10,233,14.3,15,51.8,60,29.2,0,25544,0,0
11/2/2009 23:20,238,6.9,8.2,51.8,62,29.2,0,25544,0,0
11/2/2009 23:30,230,9.6,10.1,51.4,64,29.2,0,25544,0,0
11/2/2009 23:40,216,6.8,7.7,51.2,65,29.2,0,25544,0,0
11/2/2009 23:50,282,12.2,13.4,51,68,29.2,0,25544,0,0
11/3/2009 0:00,290,19.5,20.6,51.4,77,29.2,0,25544,0,0
11/3/2009 0:10,306,20.4,21.4,50.9,77,29.2,0,25544,0,0
11/3/2009 0:20,309,17.8,19.3,50.5,80,29.2,0,25544,0,0
11/3/2009 0:30,299,23.1,23.8,50.1,80,29.2,0,25544,0,0
11/3/2009 0:40,318,18.3,19.9,49.8,81,29.2,0,25544,0,0
11/3/2009 0:50,295,22.3,24.4,49.6,82,29.2,0,25544,0,0
11/3/2009 1:00,304,21.9,23,49.4,82,29.2,0,25544,0,0
11/3/2009 1:10,310,18,20.6,49.2,82,29.2,0,25544,0,0
11/3/2009 1:20,315,16.7,19.7,49.1,83,29.2,0,25544,0,0
11/3/2009 1:30,313,15.9,17.1,48.9,83,29.2,0,25544,0,0
11/3/2009 1:40,308,19.5,20.5,48.9,81,29.2,0,25544,0,0
11/3/2009 1:50,321,9.6,11.9,48.9,83,29.2,0,25544,0,0
11/3/2009 2:00,304,16.5,17.6,48.9,80,29.2,0,25544,0,0
11/3/2009 2:10,313,16.3,18.5,48.7,80,29.2,0,25544,0,0
11/3/2009 2:20,324,15.2,16.2,48.9,81,29.2,0,25544,0,0
11/3/2009 2:30,313,19,19.9,48.7,81,29.2,0,25544,0,0
11/3/2009 2:40,324,19.6,20.7,48.7,80,29.2,0,25544,0,0
11/3/2009 2:50,326,21,22.8,48.5,81,29.2,0,25544,0,0
11/3/2009 3:00,316,20.1,21.2,48.5,78,29.2,0,25544,0,0
11/3/2009 3:10,332,14.4,16.5,48.2,77,29.2,0,25544,0,0
11/3/2009 3:20,327,19.4,20.7,48,77,29.2,0,25544,0,0
11/3/2009 3:30,312,18.4,20.9,47.8,78,29.2,0,25544,0,0
11/3/2009 3:40,324,18.7,19.9,47.8,76,29.2,0,25544,0,0
11/3/2009 3:50,325,17,19.5,47.6,75,29.2,0,25544,0,0
11/3/2009 4:00,329,14.9,15.9,47.4,76,29.3,0,25544,0,0
11/3/2009 4:10,328,17.4,19.2,47.4,76,29.3,0,25544,0,0
11/3/2009 4:20,321,11.6,12.3,47.4,69,29.3,0,25544,0,0
11/3/2009 4:30,323,12.4,13.4,47.1,72,29.3,0,25544,0,0
11/3/2009 4:40,341,10.7,11.9,46.9,72,29.3,0,25544,0,0
11/3/2009 4:50,324,14.7,15.7,46.9,70,29.3,0,25544,0,0
11/3/2009 5:00,323,18,19.4,46.5,69,29.3,0,25544,0,0
11/3/2009 5:10,340,7.8,9.3,46.4,67,29.3,0,25544,0,0
11/3/2009 5:20,326,6.5,7.4,46.2,69,29.3,0,25544,0,0
11/3/2009 5:30,17,7.4,9,46.2,71,29.3,0,25544,0,0
11/3/2009 5:40,335,9.3,10.5,46.2,70,29.3,0,25544,0,0
11/3/2009 5:50,312,10.8,12.8,45.8,69,29.3,0,25544,0,0
11/3/2009 6:00,329,6,7.1,45.8,71,29.3,0,25544,0,0
11/3/2009 6:10,337,7.1,8,46,70,29.3,0,25544,0,0
11/3/2009 6:20,322,6,7.1,45.8,71,29.3,0,25544,0,0
11/3/2009 6:30,346,5.3,6.4,46.4,71,29.3,0,25544,0,0
11/3/2009 6:40,319,5.8,7.3,46.7,69,29.3,0,25544,0,0
11/3/2009 6:50,308,5.9,6.1,47.4,68,29.3,0,25544,0,0
11/3/2009 7:00,326,5.9,6.5,47.6,66,29.3,0,25544,0,0
11/3/2009 7:10,312,7.2,7.9,47.6,65,29.3,0,25544,0,0
11/3/2009 7:20,316,7.6,8.4,47.4,64,29.3,0,25544,0,0
11/3/2009 7:30,308,8.2,9.2,47.1,65,29.3,0,25544,0,0
11/3/2009 7:40,310,7,7.9,47.4,65,29.3,0,25544,0,0
11/3/2009 7:50,318,4,4.5,46.4,69,29.3,0.07,25894,0.75,0.75
11/3/2009 8:00,309,1.9,2.9,45.3,76,29.3,0.21,26244,0,0
11/3/2009 8:10,302,7.5,8.5,45.6,73,29.3,0.21,26244,0,0
11/3/2009 8:20,275,6.3,7.8,46.9,71,29.3,0.21,26244,0,0
11/3/2009 8:30,304,9.5,13.2,47.3,61,29.3,0.21,26244,0,0
11/3/2009 8:40,270,19.1,22.5,47.8,51,29.3,0.21,26244,0,0
11/3/2009 8:50,286,28.3,32.3,47.6,55,29.3,0.21,26244,0,0
11/3/2009 9:00,277,29.4,36.8,47.1,62,29.3,0.21,26244,0,0
11/3/2009 9:10,276,20.3,25.4,47.1,60,29.3,0.21,26244,0,0
11/3/2009 9:20,280,26,30,46.9,58,29.3,0.21,26244,0,0
11/3/2009 9:30,280,31.1,33.6,46.9,61,29.3,0.21,26244,0,0
11/3/2009 9:40,279,23.4,26.7,46.2,64,29.3,0.21,26244,0,0
11/3/2009 9:50,265,23.4,25.5,46.2,67,29.3,0.21,26244,0,0
11/3/2009 10:00,287,20.3,25.7,45.5,69,29.3,0.21,26244,0,0
11/3/2009 10:10,288,25.7,28.7,45.3,70,29.3,0.21,26244,0,0
11/3/2009 10:20,276,28.6,30.2,44.7,70,29.3,0.21,26244,0,0
11/3/2009 10:30,279,19.1,23.3,45.3,67,29.3,0.21,26244,0,0
11/3/2009 10:40,283,17.9,21.4,44.9,71,29.3,0.21,26244,0,0
11/3/2009 10:50,239,10.2,14.5,45.5,74,29.3,0.21,26244,0,0
11/3/2009 11:00,292,29.5,32.3,45.3,72,29.3,0.21,26244,0,0
11/3/2009 11:10,296,30.9,32.4,45.3,70,29.3,0.21,26244,0,0
11/3/2009 11:20,322,24.2,27.5,44.7,77,29.3,0.21,26244,0,0
11/3/2009 11:30,322,24.1,28.5,43.1,82,29.3,0.21,26244,0,0
11/3/2009 11:40,313,35.3,36.3,42.6,84,29.3,0.21,26294,0,0
11/3/2009 11:50,318,27.3,31.9,42.8,80,29.4,0.21,26294,0,0
11/3/2009 12:00,324,26.3,28.5,43.1,73,29.4,0.21,26294,0,0
11/3/2009 12:10,317,28.4,30.4,44,61,29.4,0.21,26294,0,0
11/3/2009 12:20,303,25.4,27.3,44.2,60,29.4,0.21,26294,0,0
11/3/2009 12:30,306,17.4,19,44.2,65,29.4,0.21,26294,0,0
11/3/2009 12:40,298,15.9,19.8,44.2,63,29.4,0.21,26294,0,0
11/3/2009 12:50,314,17.1,18.1,44,67,29.4,0.21,26294,0,0
11/3/2009 13:00,305,18,19.8,44.2,71,29.4,0.21,26324,0,0
11/3/2009 13:10,304,20.4,21.8,43.8,68,29.4,0.21,26344,0,0
11/3/2009 13:20,311,16.4,17.6,44.7,65,29.4,0.21,26344,0,0
11/3/2009 13:30,327,18.1,20.3,45.1,68,29.4,0.21,26344,0,0
11/3/2009 13:40,313,23.1,25.2,45.1,63,29.4,0.21,26344,0,0
11/3/2009 13:50,306,24.6,25.6,44.9,61,29.4,0.21,26344,0,0
11/3/2009 14:00,307,22.3,23.4,44.9,58,29.4,0.21,26344,0,0
11/3/2009 14:10,301,24.9,29.8,44.9,61,29.4,0.21,26344,0,0
11/3/2009 14:20,301,22.5,23.7,44.9,56,29.4,0.21,26344,0,0
11/3/2009 14:30,307,19.5,22.1,44.9,57,29.4,0.21,26344,0,0
11/3/2009 14:40,318,22.1,24.6,45.3,53,29.4,0.21,26344,0,0
11/3/2009 14:50,326,21.3,25.8,45.3,56,29.4,0.21,26344,0,0
11/3/2009 15:00,305,23.6,24.8,45.3,57,29.4,0.21,26344,0,0
11/3/2009 15:10,318,16,20.6,45.3,57,29.4,0.21,26344,0,0
11/3/2009 15:20,298,22.9,24,45.1,52,29.4,0.21,26344,0,0
11/3/2009 15:30,307,14.8,17.4,45.1,55,29.4,0.21,26344,0,0
11/3/2009 15:40,313,9.6,11.2,45.1,56,29.4,0.21,26344,0,0
11/3/2009 15:50,331,12.3,13.6,45.3,56,29.4,0.21,26344,0,0
11/3/2009 16:00,300,14.4,16.2,45.3,55,29.4,0.21,26344,0,0
11/3/2009 16:10,314,19.6,27.1,45.5,55,29.4,0.21,26344,0,0
11/3/2009 16:20,320,19.5,22.4,45.1,61,29.4,0.21,26344,0,0
11/3/2009 16:30,316,19.2,21.2,45.1,60,29.4,0.21,26344,0,0
11/3/2009 16:40,325,23.1,25.3,44.9,56,29.4,0.21,26344,0,0
11/3/2009 16:50,308,20.1,21,45.1,57,29.4,0.21,26344,0,0
11/3/2009 17:00,317,13.3,16.3,44.9,60,29.4,0.21,26344,0,0
11/3/2009 17:10,316,20.9,22.8,44.9,54,29.4,0.21,26344,0,0
11/3/2009 17:20,315,19.5,21.8,44.9,56,29.4,0.21,26344,0,0
11/3/2009 17:30,322,15,17,44.9,56,29.4,0.21,26344,0,0
11/3/2009 17:40,312,13.7,14.4,44.9,55,29.4,0.21,26344,0,0
11/3/2009 17:50,327,12.7,14.5,45.1,56,29.4,0.21,26344,0,0
11/3/2009 18:00,322,17.3,19.5,44.9,54,29.4,0.21,26344,0,0
11/3/2009 18:10,309,16.2,18.1,44.9,60,29.4,0.21,26344,0,0
11/3/2009 18:20,315,18.5,21.1,45.1,55,29.4,0.21,26344,0,0
11/3/2009 18:30,326,17.9,18.5,44.9,53,29.4,0.21,26344,0,0
11/3/2009 18:40,322,14.2,17.2,44.9,55,29.4,0.21,26344,0,0
11/3/2009 18:50,313,16.4,17.9,44.7,54,29.4,0.21,26344,0,0
11/3/2009 19:00,314,13.7,15.3,44.9,57,29.4,0.21,26344,0,0
11/3/2009 19:10,311,16.2,16.7,44.9,58,29.4,0.21,26344,0,0
11/3/2009 19:20,314,7.7,8.3,44.9,58,29.4,0.21,26344,0,0
11/3/2009 19:30,329,14.3,16.5,44.9,54,29.4,0.21,26344,0,0
11/3/2009 19:40,317,13.5,15.5,44.9,55,29.4,0.21,26344,0,0
11/3/2009 19:50,305,10.4,12.3,44.9,56,29.5,0.21,26344,0,0
11/3/2009 20:00,312,17,19.1,44.9,57,29.5,0.21,26344,0,0
11/3/2009 20:10,313,15.9,17.6,44.9,55,29.5,0.21,26344,0,0
11/3/2009 20:20,323,11.2,12.7,44.7,55,29.5,0.21,26344,0,0
11/3/2009 20:30,335,13.7,15.9,44.7,55,29.5,0.21,26344,0,0
11/3/2009 20:40,329,8.5,9,44.7,56,29.5,0.21,26344,0,0
11/3/2009 20:50,318,16,17.1,44.7,52,29.5,0.21,26344,0,0
11/3/2009 21:00,322,11.5,12.2,44.7,53,29.5,0,26344,0,0
11/3/2009 21:10,297,15.5,16.2,44.7,53,29.5,0,26344,0,0
11/3/2009 21:20,304,10.1,11.9,44.9,52,29.5,0,26344,0,0
11/3/2009 21:30,315,13.5,14,44.9,53,29.5,0,26344,0,0
11/3/2009 21:40,313,11.6,12.4,44.9,51,29.5,0,26344,0,0
11/3/2009 21:50,325,8.7,9.6,44.9,56,29.5,0,26344,0,0
11/3/2009 22:00,316,12,13,44.7,58,29.5,0,26344,0,0
11/3/2009 22:10,308,14.8,16.5,44.7,58,29.5,0,26344,0,0
11/3/2009 22:20,306,11.9,13.1,44.6,56,29.5,0,26344,0,0
11/3/2009 22:30,312,14.5,15.3,44.6,55,29.5,0,26344,0,0
11/3/2009 22:40,305,8.9,11,44.6,56,29.5,0,26344,0,0
11/3/2009 22:50,306,11.4,12.2,44.6,57,29.5,0,26344,0,0
11/3/2009 23:00,319,10,10.8,44.6,58,29.5,0,26344,0,0
11/3/2009 23:10,320,11.2,13.6,44.4,54,29.5,0,26344,0,0
11/3/2009 23:20,332,11,11.8,44.4,53,29.5,0,26344,0,0
11/3/2009 23:30,316,10.5,11.5,44.4,53,29.5,0,26344,0,0
11/3/2009 23:40,319,11.8,12.7,44.4,52,29.5,0,26344,0,0
11/3/2009 23:50,321,10.1,11,44.4,54,29.5,0,26344,0,0
11/4/2009 0:00,317,10.4,11.5,44,63,29.5,0,26344,0,0
11/4/2009 0:10,340,11.5,12.1,43.8,62,29.5,0,26344,0,0
11/4/2009 0:20,346,6.4,8.5,43.7,64,29.5,0,26344,0,0
11/4/2009 0:30,330,12.2,13.8,43.7,63,29.5,0,26344,0,0
11/4/2009 0:40,346,9.1,12.1,43.5,64,29.5,0,26344,0,0
11/4/2009 0:50,343,11.2,11.6,43.7,65,29.5,0,26344,0,0
11/4/2009 1:00,352,8.9,9.5,43.5,64,29.5,0,26344,0,0
11/4/2009 1:10,341,5.5,8.7,43.5,65,29.5,0,26344,0,0
11/4/2009 1:20,338,6.4,7.2,43.5,62,29.5,0,26344,0,0
11/4/2009 1:30,332,3.7,5.1,43.5,62,29.5,0,26344,0,0
11/4/2009 1:40,331,9.5,10.2,43.5,61,29.5,0,26344,0,0
11/4/2009 1:50,337,8.3,9.2,43.5,62,29.4,0,26344,0,0
11/4/2009 2:00,357,9.1,9.5,43.3,61,29.4,0,26344,0,0
11/4/2009 2:10,26,5.9,8.7,43.3,63,29.4,0,26344,0,0
11/4/2009 2:20,359,6.5,7.9,43.3,61,29.4,0,26344,0,0
11/4/2009 2:30,341,5.1,5.8,43.3,61,29.4,0,26344,0,0
11/4/2009 2:40,1,4.7,5.1,43.3,61,29.4,0,26344,0,0
11/4/2009 2:50,171,1.2,2.1,43.1,62,29.4,0,26344,0,0
11/4/2009 3:00,347,2.5,2.9,43.1,61,29.5,0,26344,0,0
11/4/2009 3:10,5,3.7,4.1,43.1,61,29.5,0,26344,0,0
11/4/2009 3:20,21,3.8,4.3,43.1,61,29.4,0,26344,0,0
11/4/2009 3:30,49,2.7,3.8,42.9,63,29.4,0,26344,0,0
11/4/2009 3:40,51,2.9,3.3,42.9,63,29.4,0,26344,0,0
11/4/2009 3:50,47,2.3,2.8,42.9,64,29.4,0,26344,0,0
11/4/2009 4:00,102,5.4,5.8,42.9,63,29.4,0,26344,0,0
11/4/2009 4:10,102,6.2,6.8,42.6,64,29.4,0,26344,0,0
11/4/2009 4:20,85,5,5.8,42.4,65,29.4,0,26344,0,0
11/4/2009 4:30,144,6.4,7.3,42.4,66,29.4,0,26344,0,0
11/4/2009 4:40,129,4.4,5.5,42.2,67,29.4,0,26354,0,0
11/4/2009 4:50,115,4.3,5.1,42,67,29.4,0,26354,0,0
11/4/2009 5:00,151,4.6,5.2,42.2,68,29.4,0,26354,0,0
11/4/2009 5:10,173,2.6,3.1,42.2,68,29.4,0,26354,0,0
11/4/2009 5:20,182,6.8,7.2,42,68,29.4,0,26354,0,0
11/4/2009 5:30,188,4.3,5.6,41.7,69,29.5,0,26354,0,0
11/4/2009 5:40,174,5.3,6.2,41.9,68,29.5,0,26354,0,0
11/4/2009 5:50,121,3.7,5.2,41.7,70,29.5,0,26354,0,0
11/4/2009 6:00,179,4,4.9,41.7,69,29.5,0,26354,0,0
11/4/2009 6:10,127,2.6,4.2,41.9,68,29.5,0,26354,0,0
11/4/2009 6:20,159,2.9,4.8,42,68,29.5,0,26354,0,0
11/4/2009 6:30,153,7.6,8.6,42,67,29.5,0,26354,0,0
11/4/2009 6:40,359,2.5,4.1,42.4,67,29.5,0,26354,0,0
11/4/2009 6:50,166,6.6,7.4,42.6,66,29.5,0,26354,0,0
11/4/2009 7:00,173,8.9,9.4,42.6,65,29.5,0,26354,0,0
11/4/2009 7:10,217,4.4,5.4,42.6,66,29.5,0,26354,0,0
11/4/2009 7:20,140,4.1,5.2,42.6,65,29.5,0,26354,0,0
11/4/2009 7:30,189,3.2,4,42.8,66,29.5,0,26354,0,0
11/4/2009 7:40,168,7,8.5,42.6,65,29.5,0,26354,0,0
11/4/2009 7:50,177,8.3,9.1,42.8,64,29.5,0,26354,0,0
11/4/2009 8:00,187,8.4,9.5,43.1,61,29.5,0,26354,0,0
11/4/2009 8:10,177,7.5,8.4,43.1,60,29.5,0,26354,0,0
11/4/2009 8:20,155,2.5,3.2,43.3,59,29.4,0,26354,0,0
11/4/2009 8:30,197,7.3,8.1,43.7,58,29.4,0,26354,0,0
11/4/2009 8:40,177,9.6,10.3,43.7,56,29.4,0,26354,0,0
11/4/2009 8:50,217,4.4,5.5,43.8,56,29.4,0,26354,0,0
11/4/2009 9:00,159,6,8,43.7,56,29.4,0,26354,0,0
11/4/2009 9:10,178,17.6,18.8,43.7,56,29.4,0,26354,0,0
11/4/2009 9:20,170,9.9,12.5,43.8,57,29.4,0,26354,0,0
11/4/2009 9:30,162,10,11.2,44,55,29.4,0,26354,0,0
11/4/2009 9:40,184,7.2,8,44.4,54,29.4,0,26354,0,0
11/4/2009 9:50,221,7.3,8.9,44,52,29.4,0,26354,0,0
11/4/2009 10:00,233,9.4,11.4,43.5,52,29.4,0,26354,0,0
11/4/2009 10:10,283,5.8,7.2,43.3,51,29.4,0,26354,0,0
11/4/2009 10:20,204,13.3,14.3,43.5,52,29.4,0,26354,0,0
11/4/2009 10:30,207,10.5,11.9,43.3,54,29.4,0,26354,0,0
11/4/2009 10:40,203,15.3,18.3,43.1,59,29.4,0,26354,0,0
11/4/2009 10:50,208,18.4,21.4,40.8,70,29.4,0,26464,0,0
11/4/2009 11:00,180,12.8,16.1,40.1,75,29.4,0,26534,0,0
11/4/2009 11:10,198,15.3,15.9,39.7,75,29.4,0,26554,0,0
11/4/2009 11:20,197,16.8,17.8,39.7,75,29.4,0,26554,0,0
11/4/2009 11:30,209,9.5,11.2,39.5,78,29.4,0,26634,0,0
11/4/2009 11:40,219,4.6,5.7,39.3,79,29.4,0,26644,0,0
11/4/2009 11:50,188,13.5,14.8,39.3,76,29.4,0,26644,0,0
11/4/2009 12:00,175,7,9.7,39.3,77,29.4,0,26654,0,0
11/4/2009 12:10,176,9.5,10.1,39.5,78,29.4,0,26704,0,0
11/4/2009 12:20,188,7,7.8,39.2,80,29.4,0,26714,0,0
11/4/2009 12:30,287,1.4,2.8,39.5,81,29.4,0,26714,0,0
11/4/2009 12:40,223,3.8,5.7,39.7,80,29.4,0,26714,0,0
11/4/2009 12:50,211,8.8,9.7,39.7,78,29.4,0,26714,0,0
11/4/2009 13:00,203,11.1,11.6,39.9,75,29.4,0,26724,0,0
11/4/2009 13:10,204,12.1,12.6,40.1,73,29.4,0,26734,0,0
11/4/2009 13:20,73,3.3,5.6,40.1,73,29.4,0,26734,0,0
11/4/2009 13:30,210,4,4.5,39.9,74,29.4,0,26774,0,0
11/4/2009 13:40,211,7.2,8,39.7,74,29.4,0,26774,0,0
11/4/2009 13:50,193,4.9,7,39.7,77,29.4,0,26774,0,0
11/4/2009 14:00,179,2.7,4,39.5,78,29.4,0,26784,0,0
11/4/2009 14:10,237,1.9,2.8,39.3,79,29.4,0,26794,0,0
11/4/2009 14:20,218,5.8,6.3,39,79,29.4,0,26794,0,0
11/4/2009 14:30,223,3.4,4,39.2,79,29.4,0,26794,0,0
11/4/2009 14:40,194,4.2,5.9,39.2,80,29.4,0,26824,0,0
11/4/2009 14:50,208,6.7,7.6,39.2,79,29.4,0,26824,0,0
11/4/2009 15:00,250,2.1,3.4,39,81,29.4,0,26824,0,0
11/4/2009 15:10,165,4.8,5.5,39,81,29.4,0,26824,0,0
11/4/2009 15:20,172,6.5,7.3,38.8,82,29.4,0,26824,0,0
11/4/2009 15:30,159,6.6,8.2,38.4,82,29.4,0,26824,0,0
11/4/2009 15:40,174,6.2,6.9,38.3,82,29.4,0,26824,0,0
11/4/2009 15:50,146,6.3,7.1,38.3,82,29.4,0,26824,0,0
11/4/2009 16:00,139,5.1,5.7,38.1,83,29.4,0,26824,0,0
11/4/2009 16:10,148,7.9,8.6,37.9,84,29.4,0,26824,0,0
11/4/2009 16:20,143,8.2,9.1,37.7,84,29.4,0,26824,0,0
11/4/2009 16:30,143,3.1,4.8,37.7,84,29.4,0,26824,0,0
11/4/2009 16:40,155,4.8,6.5,37.7,84,29.4,0,26824,0,0
11/4/2009 16:50,159,7.5,9,37.5,85,29.4,0,26824,0,0
11/4/2009 17:00,159,8.4,9.5,37.4,85,29.4,0,26824,0,0
11/4/2009 17:10,149,6.4,8.6,37.2,85,29.4,0,26824,0,0
11/4/2009 17:20,148,7,7.6,37.2,86,29.4,0,26824,0,0
11/4/2009 17:30,142,7.4,9.2,37,87,29.4,0,26824,0,0
11/4/2009 17:40,159,4.7,6,36.8,87,29.4,0,26824,0,0
11/4/2009 17:50,138,5.3,6.4,36.6,87,29.4,0,26824,0,0
11/4/2009 18:00,139,7.6,8.6,36.5,87,29.4,0,26824,0,0
11/4/2009 18:10,156,8.5,9.7,36.5,87,29.4,0,26824,0,0
11/4/2009 18:20,168,6,6.7,36.6,87,29.4,0,26824,0,0
11/4/2009 18:30,161,7.9,8.8,36.6,87,29.4,0,26824,0,0
11/4/2009 18:40,153,8,9.9,36.6,86,29.4,0,26824,0,0
11/4/2009 18:50,166,8.2,8.9,36.8,86,29.4,0,26824,0,0
11/4/2009 19:00,155,5.2,6,36.8,86,29.4,0,26824,0,0
11/4/2009 19:10,193,8.3,9.7,37,86,29.4,0,26824,0,0
11/4/2009 19:20,159,7.5,9.7,37.2,86,29.4,0,26824,0,0
11/4/2009 19:30,166,7.6,9.2,37.2,86,29.4,0,26824,0,0
11/4/2009 19:40,155,7.2,9.5,37.4,86,29.4,0,26824,0,0
11/4/2009 19:50,168,7.3,8,37.4,85,29.4,0,26824,0,0
11/4/2009 20:00,184,8.8,10.5,37.7,85,29.4,0,26824,0,0
11/4/2009 20:10,152,7.1,9.9,37.7,84,29.4,0,26824,0,0
11/4/2009 20:20,148,8.4,8.9,37.9,84,29.4,0,26824,0,0
11/4/2009 20:30,187,3.7,6.1,37.7,84,29.4,0,26824,0,0
11/4/2009 20:40,175,9.6,11.1,37.9,83,29.4,0,26824,0,0
11/4/2009 20:50,132,5.8,6.5,38.1,83,29.4,0,26824,0,0
11/4/2009 21:00,180,10.5,12.4,38.1,82,29.4,0,26824,0,0
11/4/2009 21:10,148,8.9,10.8,38.1,82,29.4,0,26824,0,0
11/4/2009 21:20,160,6.6,9,38.1,82,29.4,0,26824,0,0
11/4/2009 21:30,182,10.6,12.5,38.1,82,29.3,0,26824,0,0
11/4/2009 21:40,188,8.6,9.1,38.3,82,29.3,0,26824,0,0
11/4/2009 21:50,170,3.7,5.4,38.4,81,29.3,0,26824,0,0
11/4/2009 22:00,186,4.4,6.1,38.4,81,29.3,0,26824,0,0
11/4/2009 22:10,178,10.4,11.6,38.4,80,29.3,0,26824,0,0
11/4/2009 22:20,164,6.6,8.6,38.4,80,29.3,0,26824,0,0
11/4/2009 22:30,185,10.6,11.9,38.4,79,29.3,0,26824,0,0
11/4/2009 22:40,175,8.6,9.6,38.4,79,29.3,0,26824,0,0
11/4/2009 22:50,178,4.4,5.8,38.8,78,29.3,0,26824,0,0
11/4/2009 23:00,165,6.2,7.7,39,77,29.3,0,26824,0,0
11/4/2009 23:10,178,8,9.1,39,76,29.3,0,26824,0,0
11/4/2009 23:20,172,8.1,10.1,39,77,29.3,0,26824,0,0
11/4/2009 23:30,177,11.5,13.1,39,77,29.3,0,26824,0,0
11/4/2009 23:40,176,9.6,10.9,39,77,29.3,0,26824,0,0
11/4/2009 23:50,161,10,10.6,38.8,77,29.3,0,26824,0,0
11/5/2009 0:00,170,7.2,8,38.8,77,29.3,0,26824,0,0
11/5/2009 0:10,175,8.5,11,38.4,78,29.3,0,26824,0,0
11/5/2009 0:20,165,8.7,12,38.6,77,29.3,0,26824,0,0
11/5/2009 0:30,161,10,11.2,38.8,77,29.3,0,26824,0,0
11/5/2009 0:40,169,7.2,7.8,39,76,29.3,0,26824,0,0
11/5/2009 0:50,188,8.7,11.2,39,76,29.3,0,26824,0,0
11/5/2009 1:00,186,10.6,11.2,39.2,75,29.3,0,26824,0,0
11/5/2009 1:10,176,8.7,9.7,39.2,75,29.3,0,26824,0,0
11/5/2009 1:20,191,9.2,9.8,39,76,29.3,0,26824,0,0
11/5/2009 1:30,183,8.8,9.3,39,75,29.3,0,26824,0,0
11/5/2009 1:40,183,9.4,9.9,39,75,29.3,0,26824,0,0
11/5/2009 1:50,171,8.6,9.3,39,75,29.3,0,26824,0,0
11/5/2009 2:00,157,4.3,5.7,39,75,29.3,0,26824,0,0
11/5/2009 2:10,180,7.8,9.3,39,76,29.3,0,26824,0,0
11/5/2009 2:20,183,11.6,12.7,39,76,29.3,0,26824,0,0
11/5/2009 2:30,182,6.1,8.7,39.2,76,29.3,0,26824,0,0
11/5/2009 2:40,189,8.2,8.6,39.2,77,29.3,0,26824,0,0
11/5/2009 2:50,188,13.2,15,39.2,77,29.3,0,26824,0,0
11/5/2009 3:00,188,14.6,15.4,39.3,77,29.3,0,26824,0,0
11/5/2009 3:10,196,10.4,11.6,39.5,77,29.3,0,26824,0,0
11/5/2009 3:20,175,13.9,15,39.7,76,29.3,0,26824,0,0
11/5/2009 3:30,191,15.6,16.9,39.5,77,29.3,0,26824,0,0
11/5/2009 3:40,177,12.9,15.3,39.3,77,29.3,0,26824,0,0
11/5/2009 3:50,189,16.5,17.2,39.3,77,29.3,0,26824,0,0
11/5/2009 4:00,185,12.3,13.8,39.2,78,29.3,0,26824,0,0
11/5/2009 4:10,165,9.5,12.3,39.2,78,29.3,0,26824,0,0
11/5/2009 4:20,199,7.9,11.2,39.2,78,29.3,0,26824,0,0
11/5/2009 4:30,195,10.4,12.1,39.3,78,29.3,0,26824,0,0
11/5/2009 4:40,181,10,11.7,39.3,78,29.3,0,26824,0,0
11/5/2009 4:50,191,7.3,9.2,39.5,78,29.3,0,26824,0,0
11/5/2009 5:00,197,12.7,14.3,39.5,79,29.3,0,26824,0,0
11/5/2009 5:10,201,18.9,20.2,39.5,81,29.3,0,26824,0,0
11/5/2009 5:20,179,6.5,13.4,39.3,84,29.3,0,27044,0,0
11/5/2009 5:30,204,12.7,14.3,39,86,29.3,0,27064,0,0
11/5/2009 5:40,187,8,9.5,39,87,29.3,0,27204,0.03,0.03
11/5/2009 5:50,187,7.8,8.4,38.8,88,29.3,0.01,27604,0,0
11/5/2009 6:00,189,14.4,15.2,39,89,29.3,0.01,27624,0,0
11/5/2009 6:10,199,9.7,11.9,38.8,90,29.3,0.03,28144,0.26,0.26
11/5/2009 6:20,208,14.2,15.3,39.2,90,29.3,0.06,28664,0,0
11/5/2009 6:30,213,4,8,39.7,90,29.3,0.06,28954,0,0
11/5/2009 6:40,244,12.1,13.8,40.1,90,29.3,0.06,29174,0.01,0.01
11/5/2009 6:50,223,8.3,9.8,41.3,87,29.3,0.07,29484,0,0
11/5/2009 7:00,302,15.3,17.1,41.3,89,29.3,0.07,29504,0,0
11/5/2009 7:10,296,31.3,34.1,44.6,77,29.3,0.07,29734,0.15,0.15
11/5/2009 7:20,307,24.6,27.5,44.7,80,29.3,0.1,29944,0,0
11/5/2009 7:30,300,20,21,44.6,76,29.3,0.1,30024,0.05,0.05
11/5/2009 7:40,294,33.6,36.5,43.7,78,29.2,0.11,30444,0.11,0.11
11/5/2009 7:50,292,28.3,34.9,44.6,75,29.3,0.12,30664,0,0
11/5/2009 8:00,304,26.3,28.3,44.6,76,29.3,0.12,30664,0,0
11/5/2009 8:10,310,26.2,30.9,45.1,72,29.3,0.12,30664,0,0
11/5/2009 8:20,302,23.1,30,45.1,72,29.3,0.12,30664,0,0
11/5/2009 8:30,297,29.3,32.5,45.1,70,29.3,0.12,30664,0,0
11/5/2009 8:40,297,36.3,38,45.1,67,29.3,0.12,30664,0,0
11/5/2009 8:50,291,37.7,39.1,45.3,68,29.3,0.12,30664,0,0
11/5/2009 9:00,296,24.1,30.6,45.1,74,29.3,0.12,30664,0,0
11/5/2009 9:10,293,31.9,38.3,44.7,71,29.3,0.12,30664,0,0
11/5/2009 9:20,284,29.8,32.7,44.7,68,29.3,0.12,30664,0,0
11/5/2009 9:30,295,33.8,35.1,44.6,67,29.3,0.12,30664,0,0
11/5/2009 9:40,291,29.7,34.2,44.7,66,29.3,0.12,30664,0,0
11/5/2009 9:50,285,35.3,36.1,44.7,65,29.3,0.12,30664,0,0
11/5/2009 10:00,286,27.6,35.2,44.6,66,29.3,0.12,30664,0,0
11/5/2009 10:10,287,30.6,32.1,44.7,70,29.3,0.12,30674,0,0
11/5/2009 10:20,288,33.5,36,44.6,65,29.3,0.12,30674,0,0
11/5/2009 10:30,288,32.8,35.7,44.9,65,29.3,0.12,30674,0,0
11/5/2009 10:40,293,35.9,38.4,44.9,59,29.3,0.12,30674,0,0
11/5/2009 10:50,297,35.3,36.7,44.9,63,29.3,0.12,30674,0,0
11/5/2009 11:00,291,35.9,37.3,44.9,61,29.3,0.12,30674,0,0
11/5/2009 11:10,275,36.9,38.3,44.9,61,29.3,0.12,30674,0,0
11/5/2009 11:20,281,32.3,33.9,45.1,59,29.3,0.12,30674,0,0
11/5/2009 11:30,290,27.8,29.1,45.1,63,29.3,0.12,30674,0,0
11/5/2009 11:40,296,35.5,36.6,44.9,57,29.3,0.12,30674,0,0
11/5/2009 11:50,298,33.9,36,45.3,57,29.3,0.12,30674,0,0
11/5/2009 12:00,290,29.1,34.3,45.1,59,29.3,0.12,30674,0,0
11/5/2009 12:10,287,26.4,28,44.6,61,29.3,0.13,30774,0,0
11/5/2009 12:20,295,32.6,33.4,43.8,60,29.3,0.15,30974,0.09,0.09
11/5/2009 12:30,309,28,29.5,41.3,69,29.3,0.23,31494,0,0
11/5/2009 12:40,305,33.2,35.8,43.7,66,29.3,0.23,31494,0,0
11/5/2009 12:50,291,23.5,26.5,44.7,68,29.3,0.23,31494,0,0
11/5/2009 13:00,321,28,30.7,45.1,61,29.3,0.23,31494,0,0
11/5/2009 13:10,310,35.9,37.8,44.4,58,29.3,0.23,31494,0,0
11/5/2009 13:20,314,19.1,28.5,44.7,59,29.3,0.23,31494,0,0
11/5/2009 13:30,316,26.3,29.2,44.7,57,29.3,0.23,31494,0,0
11/5/2009 13:40,312,26.6,30.4,44.7,60,29.3,0.23,31494,0,0
11/5/2009 13:50,337,21.6,24.5,44.9,60,29.3,0.23,31494,0,0
11/5/2009 14:00,319,25.4,29,44.9,59,29.3,0.23,31494,0,0
11/5/2009 14:10,320,18.8,21.7,45.3,62,29.3,0.23,31494,0,0
11/5/2009 14:20,305,27.7,29,45.1,57,29.3,0.23,31534,0,0
11/5/2009 14:30,322,21.7,24.5,45.5,59,29.3,0.23,31534,0,0
11/5/2009 14:40,329,15.2,18,45.3,60,29.3,0.23,31654,0.16,0.16
11/5/2009 14:50,306,29.3,32.7,44.9,59,29.3,0.23,31694,0,0
11/5/2009 15:00,342,16.2,19.5,43.5,70,29.3,0.23,31694,0,0
11/5/2009 15:10,337,19.2,20.6,43.1,73,29.3,0.23,31694,0,0
11/5/2009 15:20,330,13.5,15,42.9,73,29.3,0.23,31694,0,0
11/5/2009 15:30,327,18.3,19.9,43.1,69,29.3,0.23,31694,0,0
11/5/2009 15:40,334,16.4,17.1,43.1,68,29.3,0.23,31694,0,0
11/5/2009 15:50,324,19.3,19.9,43.3,67,29.3,0.23,31694,0,0
11/5/2009 16:00,321,14.3,15.6,43.8,66,29.3,0.23,31694,0,0
11/5/2009 16:10,337,16.1,16.7,43.7,69,29.3,0.23,31694,0,0
11/5/2009 16:20,336,16,18,43.3,72,29.3,0.23,31694,0,0
11/5/2009 16:30,344,10.7,11.6,43.7,68,29.3,0.23,31694,0,0
11/5/2009 16:40,330,18.7,20.9,43.7,68,29.3,0.23,31694,0,0
11/5/2009 16:50,321,15.8,17.9,43.8,67,29.3,0.23,31694,0,0
11/5/2009 17:00,330,17.6,20.2,43.8,66,29.3,0.23,31694,0,0
11/5/2009 17:10,335,15.9,18.7,43.5,70,29.4,0.23,31694,0,0
11/5/2009 17:20,335,26.2,30.4,43.3,72,29.4,0.23,31694,0,0
11/5/2009 17:30,345,26.3,28.9,41.1,79,29.4,0.23,31694,0,0
11/5/2009 17:40,332,20.9,23.2,41,80,29.4,0.23,31694,0,0
11/5/2009 17:50,327,23.4,25.6,41.3,74,29.4,0.23,31694,0,0
11/5/2009 18:00,335,18.5,20.3,42.4,63,29.4,0.23,31694,0,0
11/5/2009 18:10,335,16.6,17.4,42.4,65,29.4,0.23,31694,0,0
11/5/2009 18:20,332,20.2,22.6,42,65,29.4,0.23,31704,0,0
11/5/2009 18:30,341,24.9,26.2,41.5,67,29.4,0.23,31704,0,0
11/5/2009 18:40,335,30.7,32.1,41.1,70,29.4,0.23,31704,0,0
11/5/2009 18:50,327,24,27.4,40.8,75,29.4,0.23,31704,0,0
11/5/2009 19:00,350,17.9,20.2,40.6,72,29.4,0.23,31704,0,0
11/5/2009 19:10,337,20.5,21.1,40.4,70,29.4,0.23,31704,0,0
11/5/2009 19:20,341,16.5,18,40.2,71,29.4,0.23,31704,0,0
11/5/2009 19:30,328,16.3,19.7,40.6,70,29.4,0.23,31704,0,0
11/5/2009 19:40,344,16.2,17.5,40.6,68,29.4,0.23,31704,0,0
11/5/2009 19:50,327,15.4,17.1,40.4,67,29.4,0.23,31704,0,0
11/5/2009 20:00,321,22.5,24.7,41,63,29.4,0.23,31704,0,0
11/5/2009 20:10,349,19.1,20.7,41,63,29.4,0.23,31704,0,0
11/5/2009 20:20,348,24,27.2,40.6,59,29.4,0.23,31704,0,0
11/5/2009 20:30,341,20.4,21.9,40.4,60,29.4,0.23,31704,0,0
11/5/2009 20:40,342,21.6,23.9,40.4,60,29.4,0.23,31704,0,0
11/5/2009 20:50,338,17.5,19.6,40.2,63,29.4,0.23,31704,0,0
11/5/2009 21:00,345,7.5,12.9,40.2,61,29.4,0,31704,0,0
11/5/2009 21:10,337,16,16.8,40.4,60,29.4,0,31704,0,0
11/5/2009 21:20,345,19.8,22.1,40.2,55,29.4,0,31704,0,0
11/5/2009 21:30,349,17.5,19.3,40.6,56,29.4,0,31704,0,0
11/5/2009 21:40,344,18.1,19.3,40.4,58,29.4,0,31704,0,0
11/5/2009 21:50,326,16.6,18.4,40.4,61,29.4,0,31704,0,0
11/5/2009 22:00,351,14.6,16.4,40.2,57,29.4,0,31704,0,0
11/5/2009 22:10,318,12.8,14.1,40.1,58,29.4,0,31704,0,0
11/5/2009 22:20,336,22.2,24.6,39.9,62,29.4,0,31704,0,0
11/5/2009 22:30,343,15,18.4,39.9,63,29.4,0,31704,0,0
11/5/2009 22:40,3,23.1,25.1,39.7,59,29.4,0,31704,0,0
11/5/2009 22:50,353,13.9,16.1,39.5,62,29.4,0,31704,0,0
11/5/2009 23:00,323,11.6,12.8,39.5,60,29.4,0,31704,0,0
11/5/2009 23:10,348,21.1,22.8,39.3,62,29.4,0,31704,0,0
11/5/2009 23:20,348,15,18.9,39.2,63,29.4,0,31704,0,0
11/5/2009 23:30,353,9.4,11.1,39.3,63,29.4,0,31704,0,0
11/5/2009 23:40,345,9.7,12,39.2,60,29.4,0,31704,0,0
11/5/2009 23:50,350,11.3,12.7,39.3,57,29.5,0,31704,0,0
11/6/2009 0:00,353,8,10.6,39.3,56,29.5,0,31704,0,0
11/6/2009 0:10,345,18.4,19.1,39.2,55,29.4,0,31704,0,0
11/6/2009 0:20,331,9.1,11.2,39.3,56,29.5,0,31704,0,0
11/6/2009 0:30,357,16.6,17.9,39.3,53,29.5,0,31704,0,0
11/6/2009 0:40,347,11,13.1,39.3,52,29.5,0,31704,0,0
11/6/2009 0:50,348,10.3,11,39.3,56,29.5,0,31704,0,0
11/6/2009 1:00,348,17.1,18.2,39.2,52,29.5,0,31704,0,0
11/6/2009 1:10,350,14,14.9,39.2,53,29.5,0,31704,0,0
11/6/2009 1:20,6,14,16.9,39.2,54,29.5,0,31704,0,0
11/6/2009 1:30,341,12.3,13.3,39.3,54,29.5,0,31704,0,0
11/6/2009 1:40,335,14.4,16.7,39,54,29.5,0,31704,0,0
11/6/2009 1:50,2,15.5,16.5,39,54,29.5,0,31704,0,0
11/6/2009 2:00,350,8.7,9.5,39,53,29.5,0,31704,0,0
11/6/2009 2:10,351,16.9,18.5,38.8,53,29.5,0,31704,0,0
11/6/2009 2:20,356,14.6,16.3,38.6,54,29.5,0,31704,0,0
11/6/2009 2:30,2,14.8,17.8,38.6,56,29.5,0,31704,0,0
11/6/2009 2:40,0,11.9,14.5,38.6,55,29.5,0,31704,0,0
11/6/2009 2:50,21,13.4,15.2,38.4,56,29.5,0,31704,0,0
11/6/2009 3:00,352,10.6,11.1,38.1,56,29.5,0,31704,0,0
11/6/2009 3:10,5,11.1,13.1,38.1,57,29.5,0,31704,0,0
11/6/2009 3:20,358,9.4,11.3,38.1,54,29.5,0,31704,0,0
11/6/2009 3:30,358,8.8,10,38.3,56,29.5,0,31704,0,0
11/6/2009 3:40,16,9,11.1,38.3,56,29.5,0,31704,0,0
11/6/2009 3:50,12,11,13.1,38.3,56,29.5,0,31704,0,0
11/6/2009 4:00,340,8,12.3,38.1,55,29.5,0,31704,0,0
11/6/2009 4:10,7,9.5,10.7,38.1,55,29.5,0,31704,0,0
11/6/2009 4:20,338,6.7,8,37.9,57,29.5,0,31704,0,0
11/6/2009 4:30,18,8.6,10,38.1,58,29.5,0,31704,0,0
11/6/2009 4:40,16,10.8,11.9,38.1,56,29.5,0,31704,0,0
11/6/2009 4:50,3,9.1,10.5,37.9,57,29.5,0,31704,0,0
11/6/2009 5:00,353,7.6,9.2,37.9,57,29.5,0,31704,0,0
11/6/2009 5:10,22,9.5,11.1,38.3,58,29.5,0,31704,0,0
11/6/2009 5:20,3,6,7,38.1,58,29.5,0,31704,0,0
11/6/2009 5:30,2,2.9,4.5,38.1,56,29.5,0,31704,0,0
11/6/2009 5:40,345,10.1,10.6,38.4,54,29.5,0,31704,0,0
11/6/2009 5:50,357,3.8,5.4,38.4,55,29.5,0,31704,0,0
11/6/2009 6:00,346,4.8,6.8,38.4,53,29.5,0,31704,0,0
11/6/2009 6:10,44,5.7,6.3,38.4,52,29.5,0,31704,0,0
11/6/2009 6:20,0,5.8,6.7,38.6,53,29.5,0,31704,0,0
11/6/2009 6:30,346,6.8,7,39,53,29.5,0,31704,0,0
11/6/2009 6:40,43,6.2,7.9,39.5,52,29.5,0,31704,0,0
11/6/2009 6:50,323,4.2,5.7,39.5,51,29.5,0,31704,0,0
11/6/2009 7:00,334,6,8.2,39.9,50,29.5,0,31704,0,0
11/6/2009 7:10,55,2.2,4,39.7,52,29.5,0,31704,0,0
11/6/2009 7:20,53,3.8,5.1,39.9,51,29.5,0,31704,0,0
11/6/2009 7:30,352,3.6,4.8,41,51,29.5,0,31704,0,0
11/6/2009 7:40,10,4.1,4.4,40.4,51,29.5,0,31704,0,0
11/6/2009 7:50,350,4.6,4.8,41,50,29.5,0,31704,0,0
11/6/2009 8:00,342,3.4,3.7,40.6,50,29.5,0,31704,0,0
11/6/2009 8:10,330,5.5,6.1,40.1,51,29.5,0,31704,0,0
11/6/2009 8:20,48,4.5,5.6,40.2,51,29.5,0,31704,0,0
11/6/2009 8:30,331,1.7,3,40.2,51,29.5,0,31704,0,0
11/6/2009 8:40,42,6.9,8.4,41.7,49,29.5,0,31704,0,0
11/6/2009 8:50,280,2.7,3.8,42,48,29.5,0,31704,0,0
11/6/2009 9:00,30,5.7,6.8,40.8,50,29.5,0,31704,0,0
11/6/2009 9:10,38,6.7,7.3,40.6,50,29.5,0,31704,0,0
11/6/2009 9:20,320,8,9.4,41.1,51,29.5,0,31704,0,0
11/6/2009 9:30,321,9.3,10,41.3,52,29.5,0,31704,0,0
11/6/2009 9:40,321,4,5.5,41.1,51,29.5,0,31704,0,0
11/6/2009 9:50,330,7.2,8.1,41.1,52,29.5,0,31704,0,0
11/6/2009 10:00,327,8.5,9.6,41,51,29.5,0,31704,0,0
11/6/2009 10:10,330,7.5,9.4,40.8,52,29.5,0,31704,0,0
11/6/2009 10:20,337,7.6,8.7,41,53,29.5,0,31704,0,0
11/6/2009 10:30,331,9.4,10.2,41.1,52,29.5,0,31704,0,0
11/6/2009 10:40,358,7.5,8.1,41.1,52,29.5,0,31704,0,0
11/6/2009 10:50,333,4.4,5.4,41.3,52,29.5,0,31704,0,0
11/6/2009 11:00,350,5.6,6.3,41.3,52,29.5,0,31704,0,0
11/6/2009 11:10,334,5.3,7.9,41.3,54,29.5,0,31704,0,0
11/6/2009 11:20,344,5.1,5.7,41.3,54,29.5,0,31704,0,0
11/6/2009 11:30,324,8.5,9.8,41.1,54,29.5,0,31704,0,0
11/6/2009 11:40,350,6.3,7.1,41.7,53,29.5,0,31704,0,0
11/6/2009 11:50,333,3.7,5.3,41.7,54,29.5,0,31704,0,0
11/6/2009 12:00,346,4.3,4.6,41.9,54,29.5,0,31704,0,0
11/6/2009 12:10,9,2.4,3.7,41.9,55,29.5,0,31704,0,0
11/6/2009 12:20,18,2.9,3.1,41.1,54,29.5,0,31704,0,0
11/6/2009 12:30,25,6.3,7.6,41.3,54,29.5,0,31704,0,0
11/6/2009 12:40,9,5.2,5.8,41.1,55,29.5,0,31704,0,0
11/6/2009 12:50,28,6.3,6.7,41.1,55,29.4,0,31704,0,0
11/6/2009 13:00,19,5.3,6.8,41.3,57,29.4,0,31704,0,0
11/6/2009 13:10,37,7.3,7.8,41.3,57,29.4,0,31704,0,0
11/6/2009 13:20,17,4,5.4,41.5,57,29.4,0,31704,0,0
11/6/2009 13:30,59,5.4,6.1,41.3,56,29.4,0,31704,0,0
11/6/2009 13:40,78,6.8,7.5,41.5,56,29.4,0,31704,0,0
11/6/2009 13:50,42,6.8,8.1,41.5,57,29.4,0,31704,0,0
11/6/2009 14:00,72,8,8.6,41.5,58,29.4,0,31704,0,0
11/6/2009 14:10,44,7.5,9.2,41.3,59,29.4,0,31704,0,0
11/6/2009 14:20,45,8.2,9.4,41.1,60,29.4,0,31704,0,0
11/6/2009 14:30,56,7.2,9.2,41,60,29.4,0,31704,0,0
11/6/2009 14:40,69,6.6,7.2,41,60,29.4,0,31704,0,0
11/6/2009 14:50,79,4.5,5,40.8,61,29.4,0,31704,0,0
11/6/2009 15:00,84,5.1,5.5,40.6,61,29.4,0,31704,0,0
11/6/2009 15:10,84,6.8,7.3,40.6,61,29.4,0,31704,0,0
11/6/2009 15:20,85,8,8.4,40.4,61,29.4,0,31704,0,0
11/6/2009 15:30,93,5.4,6,40.2,61,29.4,0,31704,0,0
11/6/2009 15:40,101,5.1,5.5,40.2,61,29.4,0,31704,0,0
11/6/2009 15:50,109,5.7,7.1,40.2,61,29.4,0,31704,0,0
11/6/2009 16:00,102,3.9,5.5,40.4,61,29.4,0,31704,0,0
11/6/2009 16:10,133,6.4,7.2,41,60,29.4,0,31704,0,0
11/6/2009 16:20,141,5.5,6.3,41.7,58,29.4,0,31704,0,0
11/6/2009 16:30,148,5.6,6.7,41.7,57,29.4,0,31704,0,0
11/6/2009 16:40,169,5.3,5.9,41.7,56,29.4,0,31704,0,0
11/6/2009 16:50,149,6.1,7,41.9,55,29.4,0,31704,0,0
11/6/2009 17:00,156,6.7,8.9,41.7,55,29.4,0,31704,0,0
11/6/2009 17:10,150,5.2,7.5,41.7,54,29.4,0,31704,0,0
11/6/2009 17:20,152,7,8,41.5,54,29.4,0,31704,0,0
11/6/2009 17:30,169,6.1,7.1,41.5,55,29.4,0,31704,0,0
11/6/2009 17:40,156,9.3,11.6,41.5,54,29.4,0,31704,0,0
11/6/2009 17:50,171,9.8,10.5,41.3,55,29.4,0,31704,0,0
11/6/2009 18:00,175,5.4,9.7,41.3,55,29.4,0,31704,0,0
11/6/2009 18:10,163,8.9,11,41.1,55,29.4,0,31704,0,0
11/6/2009 18:20,169,8.1,10.2,41.1,55,29.4,0,31704,0,0
11/6/2009 18:30,144,9.7,12.5,41.1,55,29.4,0,31704,0,0
11/6/2009 18:40,182,10.2,11,41.1,55,29.4,0,31704,0,0
11/6/2009 18:50,164,9.9,12.4,41.3,54,29.4,0,31704,0,0
11/6/2009 19:00,152,9.5,13,41.5,54,29.4,0,31704,0,0
11/6/2009 19:10,144,5.9,8.7,41.5,53,29.4,0,31704,0,0
11/6/2009 19:20,171,11.4,12.7,41.7,52,29.4,0,31704,0,0
11/6/2009 19:30,169,5.6,7.3,41.9,52,29.3,0,31704,0,0
11/6/2009 19:40,168,19.3,21.4,42,51,29.3,0,31704,0,0
11/6/2009 19:50,174,14.1,15.3,42.2,51,29.3,0,31704,0,0
11/6/2009 20:00,156,7.8,11.2,42.6,50,29.3,0,31704,0,0
11/6/2009 20:10,153,12.2,15.6,42.6,50,29.3,0,31704,0,0
11/6/2009 20:20,168,12.6,14.8,42.4,51,29.3,0,31704,0,0
11/6/2009 20:30,163,9.9,13,42.4,51,29.3,0,31704,0,0
11/6/2009 20:40,147,13.3,14.5,42.4,51,29.3,0,31704,0,0
11/6/2009 20:50,161,14.5,15.8,42.4,51,29.3,0,31704,0,0
11/6/2009 21:00,152,7.4,11.1,42.4,51,29.3,0,31704,0,0
11/6/2009 21:10,156,4.1,5.8,42.8,51,29.3,0,31704,0,0
11/6/2009 21:20,177,9.6,13.2,43.1,50,29.3,0,31704,0,0
11/6/2009 21:30,169,12,14.3,43.5,49,29.3,0,31704,0,0
11/6/2009 21:40,159,13.5,14.7,43.7,48,29.3,0,31704,0,0
11/6/2009 21:50,176,8,11.2,43.8,49,29.3,0,31704,0,0
11/6/2009 22:00,151,6.6,8.1,43.8,49,29.3,0,31704,0,0
11/6/2009 22:10,164,12.2,13.8,44.4,48,29.3,0,31704,0,0
11/6/2009 22:20,151,8.2,10.1,44.6,48,29.3,0,31704,0,0
11/6/2009 22:30,167,20.4,22.2,44.6,48,29.3,0,31704,0,0
11/6/2009 22:40,167,10.4,15.5,44.7,48,29.3,0,31704,0,0
11/6/2009 22:50,158,14.6,17.1,45.3,47,29.3,0,31704,0,0
11/6/2009 23:00,160,17.5,21.6,45.5,47,29.3,0,31704,0,0
11/6/2009 23:10,162,12,16.4,45.6,47,29.3,0,31704,0,0
11/6/2009 23:20,202,5.8,9.7,45.6,47,29.3,0,31704,0,0
11/6/2009 23:30,179,16.5,19.4,45.8,47,29.3,0,31704,0,0
11/6/2009 23:40,165,16.6,20.4,46,47,29.3,0,31704,0,0
11/6/2009 23:50,162,14.2,17,46,47,29.3,0,31704,0,0
11/7/2009 0:00,185,10.3,12.6,46,47,29.3,0,31704,0,0
11/7/2009 0:10,314,5.5,6.4,46,47,29.3,0,31704,0,0
11/7/2009 0:20,178,16.9,21.5,46.2,47,29.3,0,31704,0,0
11/7/2009 0:30,165,15.8,17.5,46.2,47,29.3,0,31704,0,0
11/7/2009 0:40,162,16,19.9,46.7,46,29.3,0,31704,0,0
11/7/2009 0:50,170,10.4,12.1,46.7,46,29.3,0,31704,0,0
11/7/2009 1:00,152,7.2,12,46.7,46,29.3,0,31704,0,0
11/7/2009 1:10,189,20.2,25.9,46.9,46,29.3,0,31704,0,0
11/7/2009 1:20,160,20,21.8,46.9,46,29.3,0,31704,0,0
11/7/2009 1:30,261,7.3,12.8,47.3,46,29.3,0,31704,0,0
11/7/2009 1:40,193,13.7,19.6,47.6,45,29.2,0,31704,0,0
11/7/2009 1:50,160,13.6,18.1,47.8,44,29.2,0,31704,0,0
11/7/2009 2:00,163,24.3,26.6,48,44,29.2,0,31704,0,0
11/7/2009 2:10,161,24,25.5,48.2,44,29.2,0,31704,0,0
11/7/2009 2:20,176,26,27.8,48.3,44,29.2,0,31704,0,0
11/7/2009 2:30,132,12.7,19.9,48.7,43,29.2,0,31704,0,0
11/7/2009 2:40,184,19.7,21.1,48.7,43,29.2,0,31714,0,0
11/7/2009 2:50,158,21.9,25.1,48.9,42,29.2,0,31714,0,0
11/7/2009 3:00,178,15.1,22,49.2,42,29.2,0,31714,0,0
11/7/2009 3:10,177,8.9,13.2,49.1,42,29.2,0,31724,0,0
11/7/2009 3:20,196,7.5,8.6,48.9,42,29.2,0,31724,0,0
11/7/2009 3:30,95,8.7,11.6,48.9,42,29.2,0,31724,0,0
11/7/2009 3:40,166,10.4,16.8,49.1,41,29.2,0,31724,0,0
11/7/2009 3:50,161,11.5,13.3,49.1,41,29.2,0,31724,0,0
11/7/2009 4:00,173,14.7,16.9,49.1,41,29.2,0,31724,0,0
11/7/2009 4:10,156,17.6,20.6,49.2,41,29.2,0,31724,0,0
11/7/2009 4:20,168,10.6,12.1,49.1,41,29.2,0,31724,0,0
11/7/2009 4:30,150,13.5,18.3,49.2,41,29.2,0,31724,0,0
11/7/2009 4:40,187,14.2,16.1,49.2,41,29.2,0,31724,0,0
11/7/2009 4:50,184,23,25.3,49.4,40,29.2,0,31734,0,0
11/7/2009 5:00,185,18.7,20.3,49.2,41,29.2,0,31734,0,0
11/7/2009 5:10,194,21.7,23.4,49.2,41,29.2,0,31734,0,0
11/7/2009 5:20,191,21.9,25.8,49.4,40,29.2,0,31734,0,0
11/7/2009 5:30,179,20.6,23.5,49.6,40,29.2,0,31734,0,0
11/7/2009 5:40,182,18.1,20,50,40,29.2,0,31734,0,0
11/7/2009 5:50,176,20.2,25.9,50,40,29.2,0,31734,0,0
11/7/2009 6:00,173,21.4,23.8,50.3,39,29.2,0,31734,0,0
11/7/2009 6:10,183,9.6,13.2,50.5,39,29.2,0,31734,0,0
11/7/2009 6:20,187,24.9,28.1,51,38,29.2,0,31734,0,0
11/7/2009 6:30,178,15.7,21.9,51.8,37,29.2,0,31734,0,0
11/7/2009 6:40,180,26.9,28.7,51.9,37,29.1,0,31734,0,0
11/7/2009 6:50,188,16.1,18.7,52.1,37,29.1,0,31734,0,0
11/7/2009 7:00,174,19.8,23.3,52.7,37,29.1,0,31734,0,0
11/7/2009 7:10,183,24.9,26.4,53.4,36,29.1,0,31734,0,0
11/7/2009 7:20,183,19.3,21.2,53.9,36,29.1,0,31734,0,0
11/7/2009 7:30,175,19.8,24.1,54.5,36,29.1,0,31734,0,0
11/7/2009 7:40,176,11.7,13.4,55.2,36,29.1,0,31734,0,0
11/7/2009 7:50,165,17.2,18.8,56.3,35,29.1,0,31734,0,0
11/7/2009 8:00,199,21,22.8,57,35,29.1,0,31734,0,0
11/7/2009 8:10,202,8.5,18.5,57.5,35,29.1,0,31734,0,0
11/7/2009 8:20,175,5,8.2,57.9,36,29.1,0,31734,0,0
11/7/2009 8:30,214,22.3,24.4,58.2,35,29.1,0,31734,0,0
11/7/2009 8:40,189,18.1,20.5,58.2,36,29.1,0,31734,0,0
11/7/2009 8:50,204,11,13.3,59,35,29.1,0,31734,0,0
11/7/2009 9:00,206,23.6,25,59.1,35,29.1,0,31734,0,0
11/7/2009 9:10,203,19.9,21.9,59.7,35,29.1,0,31734,0,0
11/7/2009 9:20,215,13.5,17.4,59.7,36,29.1,0,31734,0,0
11/7/2009 9:30,317,6.7,8.2,60.4,36,29.1,0,31734,0,0
11/7/2009 9:40,209,20.7,21.7,60.6,35,29.1,0,31734,0,0
11/7/2009 9:50,223,20.9,24.1,60.9,36,29.1,0,31734,0,0
11/7/2009 10:00,191,10.4,13.7,61.1,36,29.1,0,31734,0,0
11/7/2009 10:10,210,12.3,14,61.7,36,29.1,0,31734,0,0
11/7/2009 10:20,214,21.2,22.7,61.8,35,29.1,0,31734,0,0
11/7/2009 10:30,200,8.7,13.9,62.2,36,29.1,0,31734,0,0
11/7/2009 10:40,213,9.5,14.4,62.6,36,29,0,31734,0,0
11/7/2009 10:50,201,16,17.1,62.6,35,29,0,31734,0,0
11/7/2009 11:00,37,5.3,10.6,63.3,35,29,0,31734,0,0
11/7/2009 11:10,180,9.2,12.7,63.8,35,29,0,31734,0,0
11/7/2009 11:20,221,15.7,18.2,63.3,36,29,0,31734,0,0
11/7/2009 11:30,195,15.5,17.2,63.6,36,29,0,31734,0,0
11/7/2009 11:40,148,9,11.7,63.5,35,29,0,31734,0,0
11/7/2009 11:50,204,7,10.1,64,35,29,0,31734,0,0
11/7/2009 12:00,189,16.4,18.3,64.2,35,29,0,31734,0,0
11/7/2009 12:10,192,10.8,12.4,64.2,35,29,0,31734,0,0
11/7/2009 12:20,208,17.5,23.7,64.5,35,29,0,31734,0,0
11/7/2009 12:30,225,17.6,20.5,64.7,36,29,0,31734,0,0
11/7/2009 12:40,173,8.5,11.8,64.9,36,29,0,31734,0,0
11/7/2009 12:50,219,26,28.3,65.1,36,29,0,31734,0,0
11/7/2009 13:00,201,16.9,21.6,64.9,36,29,0,31734,0,0
11/7/2009 13:10,218,17.1,19.3,64.9,36,29,0,31734,0,0
11/7/2009 13:20,224,17.2,18.4,65.1,36,29,0,31734,0,0
11/7/2009 13:30,214,16.4,24.2,65.3,37,29,0,31734,0,0
11/7/2009 13:40,224,19.8,21.5,65.3,37,29,0,31734,0,0
11/7/2009 13:50,220,15.3,16.1,65.3,37,29,0,31734,0,0
11/7/2009 14:00,210,11.7,12.8,65.3,38,29,0,31734,0,0
11/7/2009 14:10,235,11.7,12.4,65.1,39,29,0,31734,0,0
11/7/2009 14:20,221,15.4,16.8,64.9,39,29,0,31734,0,0
11/7/2009 14:30,215,11,15.2,64.7,39,29,0,31734,0,0
11/7/2009 14:40,181,7.2,9.6,64.4,40,29,0,31734,0,0
11/7/2009 14:50,224,21,23,64.2,40,29,0,31734,0,0
11/7/2009 15:00,208,15,15.9,63.8,41,29,0,31734,0,0
11/7/2009 15:10,211,16.4,18,63.8,41,29,0,31734,0,0
11/7/2009 15:20,217,14.4,15.4,63.6,41,29.1,0,31734,0,0
11/7/2009 15:30,205,10.2,10.6,63.3,42,29.1,0,31734,0,0
11/7/2009 15:40,193,8.2,9,62.7,43,29.1,0,31734,0,0
11/7/2009 15:50,199,12.8,14.4,62.7,43,29.1,0,31734,0,0
11/7/2009 16:00,193,8.2,11.4,62.6,42,29.1,0,31734,0,0
11/7/2009 16:10,203,10.5,11.9,62.6,43,29.1,0,31734,0,0
11/7/2009 16:20,194,11,11.7,62.4,43,29.1,0,31734,0,0
11/7/2009 16:30,187,4.8,8.2,62.4,43,29.1,0,31734,0,0
11/7/2009 16:40,205,14.8,17.3,62.4,43,29.1,0,31734,0,0
11/7/2009 16:50,197,13.8,16.6,62.4,44,29.1,0,31734,0,0
11/7/2009 17:00,194,14.4,16.2,62.2,44,29.1,0,31734,0,0
11/7/2009 17:10,190,15.3,16.2,61.8,45,29.1,0,31734,0,0
11/7/2009 17:20,192,13.7,14.7,61.8,45,29.1,0,31734,0,0
11/7/2009 17:30,204,15.5,16,61.5,46,29.1,0,31734,0,0
11/7/2009 17:40,207,13.3,14.6,61.3,47,29.1,0,31734,0,0
11/7/2009 17:50,199,11.5,12.2,61.3,47,29.1,0,31734,0,0
11/7/2009 18:00,208,10.2,11,61.3,48,29.1,0,31734,0,0
11/7/2009 18:10,213,8.6,9.8,61.3,48,29.1,0,31734,0,0
11/7/2009 18:20,211,10.6,11.5,61.1,49,29.1,0,31734,0,0
11/7/2009 18:30,203,9.5,10.1,61.1,49,29.1,0,31734,0,0
11/7/2009 18:40,210,17.5,20.1,61.1,49,29.1,0,31734,0,0
11/7/2009 18:50,195,10.2,13.6,61.1,50,29.2,0,31734,0,0
11/7/2009 19:00,204,13.3,15.4,61.1,50,29.2,0,31734,0,0
11/7/2009 19:10,207,11.6,12.9,60.9,51,29.2,0,31734,0,0
11/7/2009 19:20,217,17,19.1,60.8,52,29.2,0,31734,0,0
11/7/2009 19:30,217,16.5,18.6,60.8,52,29.2,0,31734,0,0
11/7/2009 19:40,211,17.2,18.5,60.9,52,29.2,0,31734,0,0
11/7/2009 19:50,210,16.4,17.5,60.8,53,29.2,0,31734,0,0
11/7/2009 20:00,219,17.1,18,60.6,53,29.2,0,31734,0,0
11/7/2009 20:10,206,13.7,15.1,60.6,54,29.2,0,31734,0,0
11/7/2009 20:20,212,13.4,15.3,60.4,55,29.2,0,31734,0,0
11/7/2009 20:30,206,7,7.5,60.6,55,29.2,0,31734,0,0
11/7/2009 20:40,207,16,18.1,60.6,55,29.2,0,31734,0,0
11/7/2009 20:50,215,12.5,15,60.4,56,29.2,0,31734,0,0
11/7/2009 21:00,216,14.4,15.8,60,57,29.2,0,31734,0,0
11/7/2009 21:10,210,8.3,9.2,60.4,57,29.2,0,31734,0,0
11/7/2009 21:20,219,14,16.2,60.4,57,29.2,0,31734,0,0
11/7/2009 21:30,228,10.7,11.9,60.4,58,29.2,0,31734,0,0
11/7/2009 21:40,207,8.6,11.9,60,58,29.2,0,31734,0,0
11/7/2009 21:50,225,14.9,16.8,60.4,59,29.2,0,31734,0,0
11/7/2009 22:00,245,21.8,23.8,60.6,59,29.2,0,31734,0,0
11/7/2009 22:10,222,19,19.5,60.6,60,29.2,0,31734,0,0
11/7/2009 22:20,239,20.1,21.2,60.6,60,29.2,0,31734,0,0
11/7/2009 22:30,255,11.4,14.6,61.1,60,29.2,0,31734,0,0
11/7/2009 22:40,241,13.9,15.5,60.8,60,29.2,0,31734,0,0
11/7/2009 22:50,240,9.9,12,60.4,61,29.2,0,31734,0,0
11/7/2009 23:00,275,9.1,11.1,60,63,29.2,0,31734,0,0
11/7/2009 23:10,239,13.6,14.8,59.5,64,29.2,0,31734,0,0
11/7/2009 23:20,226,8.4,11,59.1,66,29.2,0,31734,0,0
11/7/2009 23:30,271,10.3,11.7,58.8,67,29.2,0,31734,0,0
11/7/2009 23:40,240,12.6,14.2,58.6,68,29.2,0,31734,0,0
11/7/2009 23:50,252,12.5,13.3,58.2,70,29.2,0,31734,0,0
11/8/2009 0:00,264,6.1,7.3,57.9,71,29.2,0,31734,0,0
11/8/2009 0:10,259,12.3,14.2,57.7,72,29.2,0,31734,0,0
11/8/2009 0:20,251,14.6,15.9,57.3,73,29.2,0,31734,0,0
11/8/2009 0:30,247,5.5,6.5,57.2,74,29.2,0,31734,0,0
11/8/2009 0:40,248,8.8,9.3,57,74,29.3,0,31734,0,0
11/8/2009 0:50,245,7.8,8.3,57,75,29.3,0,31734,0,0
11/8/2009 1:00,224,6.9,7.4,56.4,76,29.3,0,31734,0,0
11/8/2009 1:10,214,4.6,5.3,55.9,76,29.3,0,31734,0,0
11/8/2009 1:20,226,4.9,5.3,55.7,75,29.3,0,31734,0,0
11/8/2009 1:30,231,5.5,6.1,55.5,75,29.3,0,31734,0,0
11/8/2009 1:40,213,5.7,6.1,55.2,75,29.3,0,31734,0,0
11/8/2009 1:50,207,6.6,7,55.2,75,29.3,0,31734,0,0
11/8/2009 2:00,211,6,7.5,54.8,75,29.3,0,31734,0,0
11/8/2009 2:10,209,7.3,8.2,54.5,76,29.3,0,31734,0,0
11/8/2009 2:20,203,7.4,8,54.3,76,29.3,0,31734,0,0
11/8/2009 2:30,211,7.9,8.3,53.9,77,29.3,0,31734,0,0
11/8/2009 2:40,197,7.1,7.7,53.7,77,29.3,0,31734,0,0
11/8/2009 2:50,188,6.4,7.7,53.6,77,29.3,0,31734,0,0
11/8/2009 3:00,183,7.8,9,52.7,78,29.3,0,31734,0,0
11/8/2009 3:10,190,7.3,7.9,51.9,79,29.3,0,31734,0,0
11/8/2009 3:20,193,7.9,8.1,51.9,79,29.3,0,31734,0,0
11/8/2009 3:30,179,7.9,9.6,51.9,79,29.3,0,31734,0,0
11/8/2009 3:40,169,8.2,9.1,51.6,79,29.3,0,31734,0,0
11/8/2009 3:50,172,6.5,7.5,51.6,79,29.3,0,31734,0,0
11/8/2009 4:00,180,8.3,8.8,51.2,80,29.4,0,31734,0,0
11/8/2009 4:10,179,8.6,9.1,51,80,29.4,0,31734,0,0
11/8/2009 4:20,168,8.5,9.3,50.9,80,29.4,0,31734,0,0
11/8/2009 4:30,167,7.4,8.5,50.9,81,29.4,0,31734,0,0
11/8/2009 4:40,165,7.5,8.5,50.9,81,29.4,0,31734,0,0
11/8/2009 4:50,158,7,7.9,51,81,29.4,0,31734,0,0
11/8/2009 5:00,164,7.5,8.6,51,81,29.4,0,31734,0,0
11/8/2009 5:10,158,9.3,9.7,51,81,29.4,0,31734,0,0
11/8/2009 5:20,153,6.4,9.2,51.2,81,29.4,0,31734,0,0
11/8/2009 5:30,146,8.6,9.9,51.4,80,29.4,0,31734,0,0
11/8/2009 5:40,158,11.3,12.1,51.6,80,29.4,0,31734,0,0
11/8/2009 5:50,138,7.6,10.2,51.8,79,29.4,0,31734,0,0
11/8/2009 6:00,147,5.9,7.6,52.1,78,29.4,0,31734,0,0
11/8/2009 6:10,166,7.6,9,52.8,77,29.4,0,31734,0,0
11/8/2009 6:20,178,6.8,8.5,53.4,75,29.4,0,31734,0,0
11/8/2009 6:30,108,3.8,5.3,53.7,75,29.4,0,31734,0,0
11/8/2009 6:40,152,7.4,8.8,54.5,73,29.4,0,31734,0,0
11/8/2009 6:50,190,4.9,6.8,55.2,72,29.4,0,31734,0,0
11/8/2009 7:00,194,3.1,4.3,56.1,70,29.4,0,31734,0,0
11/8/2009 7:10,168,3.4,3.9,56.3,70,29.4,0,31734,0,0
11/8/2009 7:20,141,4.1,5.1,56.6,70,29.4,0,31734,0,0
11/8/2009 7:30,208,4.7,5.7,57.5,68,29.4,0,31734,0,0
11/8/2009 7:40,154,5.1,6.3,58.6,66,29.4,0,31734,0,0
11/8/2009 7:50,209,4.4,5.1,59.7,65,29.4,0,31734,0,0
11/8/2009 8:00,176,4.2,5.2,60.4,64,29.4,0,31734,0,0
11/8/2009 8:10,119,3.8,4.2,60.8,64,29.4,0,31734,0,0
11/8/2009 8:20,114,2.6,4.3,61.7,61,29.4,0,31734,0,0
11/8/2009 8:30,161,3.4,7.6,62,59,29.4,0,31734,0,0
11/8/2009 8:40,28,2.3,2.9,60.8,61,29.4,0,31734,0,0
11/8/2009 8:50,245,4.4,7.8,59.5,63,29.4,0,31734,0,0
11/8/2009 9:00,337,6.3,7.3,59.1,64,29.4,0,31734,0,0
11/8/2009 9:10,11,3.2,3.9,59.7,64,29.4,0,31734,0,0
11/8/2009 9:20,0,6.7,7.8,57.7,66,29.4,0,31734,0,0
11/8/2009 9:30,344,6.3,8.5,57.3,68,29.4,0,31734,0,0
11/8/2009 9:40,15,3.7,4.3,58.6,66,29.4,0,31734,0,0
11/8/2009 9:50,54,2.6,4.8,58.4,65,29.4,0,31734,0,0
11/8/2009 10:00,10,7.4,9.4,57.5,67,29.4,0,31734,0,0
11/8/2009 10:10,357,6.1,7,57.2,68,29.4,0,31734,0,0
11/8/2009 10:20,31,8.6,9.1,58.2,66,29.4,0,31734,0,0
11/8/2009 10:30,9,4.9,5.5,58.4,67,29.4,0,31734,0,0
11/8/2009 10:40,32,8.6,9.4,59,65,29.4,0,31734,0,0
11/8/2009 10:50,16,6.5,7.5,58.1,67,29.4,0,31734,0,0
11/8/2009 11:00,32,8,8.5,58.6,67,29.4,0,31734,0,0
11/8/2009 11:10,26,6.5,7.3,58.6,67,29.4,0,31734,0,0
11/8/2009 11:20,16,7.2,8.5,58.1,68,29.4,0,31734,0,0
11/8/2009 11:30,37,8,8.7,58.2,68,29.4,0,31734,0,0
11/8/2009 11:40,34,10.3,11.7,57.5,70,29.4,0,31734,0,0
11/8/2009 11:50,36,8.9,9.5,57.3,72,29.4,0,31734,0,0
11/8/2009 12:00,28,8.9,9.7,58.1,70,29.4,0,31734,0,0
11/8/2009 12:10,48,9.5,10.4,58.6,68,29.4,0,31734,0,0
11/8/2009 12:20,67,4.5,7.7,57.9,70,29.4,0,31734,0,0
11/8/2009 12:30,78,10.8,12.7,57.2,72,29.4,0,31734,0,0
11/8/2009 12:40,78,7.3,9.3,57,75,29.4,0,31734,0,0
11/8/2009 12:50,50,8.6,9.3,56.6,76,29.4,0,31734,0,0
11/8/2009 13:00,34,5.1,6.1,57,75,29.4,0,31734,0,0
11/8/2009 13:10,66,6.4,7.6,57,75,29.4,0,31734,0,0
11/8/2009 13:20,34,4.9,5.8,56.8,75,29.4,0,31734,0,0
11/8/2009 13:30,52,3.4,4,56.6,75,29.4,0,31734,0,0
11/8/2009 13:40,37,6.4,6.8,56.3,76,29.4,0,31734,0,0
11/8/2009 13:50,49,4.4,5.9,56.4,76,29.4,0,31734,0,0
11/8/2009 14:00,53,4.5,5.1,56.8,75,29.4,0,31734,0,0
11/8/2009 14:10,72,3.8,4.9,57.7,73,29.4,0,31734,0,0
11/8/2009 14:20,74,3.7,4,58.2,72,29.4,0,31734,0,0
11/8/2009 14:30,49,2.5,2.9,58.8,71,29.4,0,31734,0,0
11/8/2009 14:40,35,4,4.5,58.1,72,29.4,0,31734,0,0
11/8/2009 14:50,80,5.8,6.2,58.1,73,29.4,0,31734,0,0
11/8/2009 15:00,76,4.8,5.5,59,71,29.4,0,31734,0,0
11/8/2009 15:10,100,5.3,5.6,59.5,71,29.4,0,31734,0,0
11/8/2009 15:20,101,6.1,6.5,59.9,69,29.4,0,31734,0,0
11/8/2009 15:30,114,6.7,7,60.6,68,29.4,0,31734,0,0
11/8/2009 15:40,114,6.9,7.2,61.8,66,29.4,0,31734,0,0
11/8/2009 15:50,109,6.2,6.8,61.8,65,29.4,0,31734,0,0
11/8/2009 16:00,105,8.5,8.8,62.2,65,29.4,0,31734,0,0
11/8/2009 16:10,104,7.8,8.5,62.9,64,29.4,0,31734,0,0
11/8/2009 16:20,111,8.3,8.7,62.9,64,29.4,0,31734,0,0
11/8/2009 16:30,130,8.1,8.7,62.6,64,29.4,0,31734,0,0
11/8/2009 16:40,144,9.1,10.1,63.1,62,29.4,0,31734,0,0
11/8/2009 16:50,139,9,9.8,63.5,61,29.4,0,31734,0,0
11/8/2009 17:00,138,7.9,8.5,63.8,60,29.4,0,31734,0,0
11/8/2009 17:10,148,9,10.5,64,59,29.4,0,31734,0,0
11/8/2009 17:20,147,7.9,9.1,63.6,59,29.4,0,31734,0,0
11/8/2009 17:30,150,6.1,6.9,63.6,59,29.4,0,31734,0,0
11/8/2009 17:40,154,10.3,11.3,63.6,59,29.4,0,31734,0,0
11/8/2009 17:50,157,5.6,8.5,63.6,60,29.4,0,31734,0,0
11/8/2009 18:00,156,6,7.7,63.5,60,29.4,0,31734,0,0
11/8/2009 18:10,192,4.6,6.2,63.5,59,29.4,0,31734,0,0
11/8/2009 18:20,159,5.7,6.5,63.3,60,29.4,0,31734,0,0
11/8/2009 18:30,169,7.6,9.4,63.1,60,29.4,0,31734,0,0
11/8/2009 18:40,175,5,7,63.3,59,29.4,0,31734,0,0
11/8/2009 18:50,179,6.9,7.8,62.9,59,29.4,0,31734,0,0
11/8/2009 19:00,169,5.6,6.8,62.7,60,29.4,0,31734,0,0
11/8/2009 19:10,152,8.2,10.4,62.4,61,29.4,0,31734,0,0
11/8/2009 19:20,167,8.2,10.7,62,61,29.4,0,31734,0,0
11/8/2009 19:30,178,8.1,8.9,61.7,62,29.4,0,31734,0,0
11/8/2009 19:40,152,9.4,10.8,61.3,62,29.4,0,31734,0,0
11/8/2009 19:50,190,11.2,12.1,61.1,62,29.4,0,31734,0,0
11/8/2009 20:00,180,10.2,11.1,61.3,61,29.4,0,31734,0,0
11/8/2009 20:10,168,8.4,10.2,61.3,61,29.4,0,31734,0,0
11/8/2009 20:20,170,7.1,8.4,61.1,61,29.4,0,31734,0,0
11/8/2009 20:30,164,7.3,7.9,61.1,61,29.4,0,31734,0,0
11/8/2009 20:40,169,9.8,11.5,60.9,61,29.4,0,31734,0,0
11/8/2009 20:50,174,11.9,13.7,61.1,60,29.4,0,31734,0,0
11/8/2009 21:00,188,8.1,10.5,60.9,60,29.4,0,31734,0,0
11/8/2009 21:10,161,10.5,12.7,60.9,59,29.4,0,31734,0,0
11/8/2009 21:20,192,10.4,12.4,60.8,59,29.4,0,31734,0,0
11/8/2009 21:30,188,10.4,11.3,60.9,58,29.4,0,31734,0,0
11/8/2009 21:40,188,6.6,8.1,60.9,58,29.4,0,31734,0,0
11/8/2009 21:50,189,10.1,12,61.5,55,29.4,0,31734,0,0
11/8/2009 22:00,181,8.5,11.3,61.1,56,29.4,0,31734,0,0
11/8/2009 22:10,148,6.2,10.4,61.1,55,29.4,0,31734,0,0
11/8/2009 22:20,194,13.3,14.3,60.9,55,29.4,0,31734,0,0
11/8/2009 22:30,198,13.4,14.7,61.1,53,29.4,0,31734,0,0
11/8/2009 22:40,206,12.3,13.5,61.3,52,29.4,0,31734,0,0
11/8/2009 22:50,205,10.2,10.8,61.7,50,29.4,0,31734,0,0
11/8/2009 23:00,193,8.1,10.5,61.8,50,29.4,0,31734,0,0
11/8/2009 23:10,201,13.3,17.8,61.7,49,29.4,0,31734,0,0
11/8/2009 23:20,186,11.4,12.5,61.7,49,29.4,0,31734,0,0
11/8/2009 23:30,209,6.3,10.4,61.7,49,29.4,0,31734,0,0
11/8/2009 23:40,203,11.9,13.5,61.7,49,29.4,0,31734,0,0
11/8/2009 23:50,181,10.8,12.7,61.5,49,29.4,0,31734,0,0
11/9/2009 0:00,199,14.1,15.3,61.3,49,29.4,0,31734,0,0
11/9/2009 0:10,204,12.1,13.4,61.3,49,29.4,0,31734,0,0
11/9/2009 0:20,161,7.2,8.5,61.3,49,29.4,0,31734,0,0
11/9/2009 0:30,192,7,8,61.3,49,29.4,0,31734,0,0
11/9/2009 0:40,211,12.9,14.9,61.3,49,29.4,0,31734,0,0
11/9/2009 0:50,203,10.8,12.9,61.8,48,29.4,0,31734,0,0
11/9/2009 1:00,202,13,14.7,61.5,48,29.4,0,31734,0,0
11/9/2009 1:10,204,13.1,14.5,61.5,48,29.4,0,31734,0,0
11/9/2009 1:20,202,10.2,10.8,61.3,48,29.4,0,31734,0,0
11/9/2009 1:30,177,6.7,8,61.1,49,29.4,0,31734,0,0
11/9/2009 1:40,198,9.2,10.3,61.1,49,29.4,0,31734,0,0
11/9/2009 1:50,186,7.4,8.1,60.9,49,29.4,0,31734,0,0
11/9/2009 2:00,202,12.3,13.9,60.6,50,29.4,0,31734,0,0
11/9/2009 2:10,189,11.1,13.1,60.2,50,29.4,0,31734,0,0
11/9/2009 2:20,189,12.7,14.3,59.9,51,29.4,0,31734,0,0
11/9/2009 2:30,180,12.4,13.3,59.3,52,29.4,0,31734,0,0
11/9/2009 2:40,170,11,12.1,59.1,52,29.4,0,31734,0,0
11/9/2009 2:50,176,9.8,11.6,58.8,53,29.4,0,31734,0,0
11/9/2009 3:00,168,8.1,9.9,58.6,53,29.4,0,31734,0,0
11/9/2009 3:10,198,13.7,15.1,58.8,53,29.4,0,31734,0,0
11/9/2009 3:20,179,10.9,13.4,58.6,53,29.4,0,31734,0,0
11/9/2009 3:30,181,11.4,13.2,58.6,54,29.4,0,31734,0,0
11/9/2009 3:40,186,15.4,16.5,58.6,53,29.4,0,31734,0,0
11/9/2009 3:50,174,9.7,12,58.8,53,29.4,0,31734,0,0
11/9/2009 4:00,191,11.5,13,58.8,53,29.4,0,31734,0,0
11/9/2009 4:10,187,17.5,19,58.8,53,29.4,0,31734,0,0
11/9/2009 4:20,177,12.5,14.7,58.4,54,29.4,0,31734,0,0
11/9/2009 4:30,190,5.9,7.6,58.4,54,29.4,0,31734,0,0
11/9/2009 4:40,181,9.5,12.1,58.4,54,29.4,0,31734,0,0
11/9/2009 4:50,193,10.2,11.8,58.2,55,29.4,0,31734,0,0
11/9/2009 5:00,186,8.7,12.8,58.2,55,29.4,0,31734,0,0
11/9/2009 5:10,181,7.5,9.1,58.1,55,29.4,0,31734,0,0
11/9/2009 5:20,192,11.5,13,58.1,55,29.4,0,31734,0,0
11/9/2009 5:30,195,15.3,16,58.1,55,29.4,0,31734,0,0
11/9/2009 5:40,185,9.8,11.4,58.2,56,29.4,0,31734,0,0
11/9/2009 5:50,209,10.7,12.1,58.2,56,29.4,0,31734,0,0
11/9/2009 6:00,196,15.7,17.7,59,56,29.4,0,31734,0,0
11/9/2009 6:10,197,12.1,13.6,59.3,56,29.4,0,31734,0,0
11/9/2009 6:20,211,15.5,16.6,59.5,56,29.4,0,31734,0,0
11/9/2009 6:30,192,11.9,12.7,59.9,55,29.4,0,31734,0,0
11/9/2009 6:40,178,13.2,14.6,60,55,29.4,0,31734,0,0
11/9/2009 6:50,200,11,12.4,60,55,29.4,0,31734,0,0
11/9/2009 7:00,173,9,11.1,60.2,55,29.4,0,31734,0,0
11/9/2009 7:10,178,11.6,12.9,60.6,55,29.4,0,31734,0,0
11/9/2009 7:20,193,14.8,16.1,60.9,55,29.4,0,31734,0,0
11/9/2009 7:30,187,7.9,9,61.3,55,29.4,0,31734,0,0
11/9/2009 7:40,206,14.6,15.5,61.7,55,29.4,0,31734,0,0
11/9/2009 7:50,190,4.8,8.1,62,55,29.4,0,31734,0,0
11/9/2009 8:00,179,7.4,8.6,62.4,55,29.4,0,31734,0,0
11/9/2009 8:10,220,14.2,16.8,62.6,55,29.4,0,31734,0,0
11/9/2009 8:20,220,15.3,18,62.9,54,29.4,0,31734,0,0
11/9/2009 8:30,206,16.1,18.3,63.3,54,29.4,0,31734,0,0
11/9/2009 8:40,211,11,12.8,63.6,54,29.4,0,31734,0,0
11/9/2009 8:50,205,8.1,10.1,64,53,29.4,0,31734,0,0
11/9/2009 9:00,218,17.4,19.5,64.5,52,29.4,0,31734,0,0
11/9/2009 9:10,226,10.5,15,64.9,51,29.4,0,31734,0,0
11/9/2009 9:20,225,18,23.4,65.3,50,29.4,0,31734,0,0
11/9/2009 9:30,221,13.4,21.4,65.3,50,29.4,0,31734,0,0
11/9/2009 9:40,211,17.1,20.5,65.4,50,29.4,0,31734,0,0
11/9/2009 9:50,210,14.7,16.3,65.4,49,29.4,0,31734,0,0
11/9/2009 10:00,209,14.6,15.7,65.6,49,29.4,0,31734,0,0
11/9/2009 10:10,215,12,17.6,65.8,49,29.4,0,31734,0,0
11/9/2009 10:20,265,7,9.5,65.6,49,29.4,0,31734,0,0
11/9/2009 10:30,116,8,11.6,66,49,29.4,0,31734,0,0
11/9/2009 10:40,231,12.1,13.7,66,48,29.4,0,31734,0,0
11/9/2009 10:50,220,15.7,19.1,66,48,29.4,0,31734,0,0
11/9/2009 11:00,212,14.7,17.6,65.8,48,29.4,0,31734,0,0
11/9/2009 11:10,215,15.8,17.3,66,48,29.4,0,31734,0,0
11/9/2009 11:20,222,11.7,14,66,48,29.4,0,31734,0,0
11/9/2009 11:30,222,13.8,15.5,66,48,29.4,0,31734,0,0
11/9/2009 11:40,250,14.6,16.5,66.2,49,29.4,0,31734,0,0
11/9/2009 11:50,219,13.9,15.7,66.2,49,29.4,0,31734,0,0
11/9/2009 12:00,235,18.2,19.8,66.2,48,29.4,0,31734,0,0
11/9/2009 12:10,193,9.9,12.2,66.2,48,29.4,0,31734,0,0
11/9/2009 12:20,226,19,21.4,66.2,49,29.4,0,31734,0,0
11/9/2009 12:30,228,17.4,18.4,66.2,49,29.4,0,31734,0,0
11/9/2009 12:40,206,9.6,10.8,66,49,29.4,0,31734,0,0
11/9/2009 12:50,233,13,14.4,65.8,49,29.4,0,31734,0,0
11/9/2009 13:00,230,8.6,9.4,65.6,50,29.4,0,31734,0,0
11/9/2009 13:10,238,12.9,14.3,65.6,50,29.4,0,31734,0,0
11/9/2009 13:20,247,15.7,16.8,64.9,51,29.4,0,31734,0,0
11/9/2009 13:30,257,14.5,18.2,64.7,52,29.4,0,31734,0,0
11/9/2009 13:40,261,9.5,13.3,64.7,52,29.4,0,31734,0,0
11/9/2009 13:50,258,9.9,10.4,60,64,29.4,0,31734,0,0
11/9/2009 14:00,251,8.8,10.4,58.6,69,29.4,0,31734,0,0
11/9/2009 14:10,226,8.7,9.3,60,65,29.4,0,31734,0,0
11/9/2009 14:20,208,8.3,9.3,62.7,57,29.4,0,31734,0,0
11/9/2009 14:30,192,9.1,10,63.5,54,29.4,0,31734,0,0
11/9/2009 14:40,204,9.9,10.9,63.6,54,29.4,0,31734,0,0
11/9/2009 14:50,201,10.9,11.6,63.3,54,29.4,0,31734,0,0
11/9/2009 15:00,221,8.3,10.2,63.1,55,29.4,0,31734,0,0
11/9/2009 15:10,218,9.3,10.2,62.9,55,29.4,0,31734,0,0
11/9/2009 15:20,201,12.1,13,62.6,55,29.4,0,31734,0,0
11/9/2009 15:30,197,10.3,11.9,62.4,56,29.4,0,31734,0,0
11/9/2009 15:40,203,8,9.1,62,57,29.4,0,31734,0,0
11/9/2009 15:50,196,8.3,10.2,62,57,29.4,0,31734,0,0
11/9/2009 16:00,191,10.2,11,62,57,29.4,0,31734,0,0
11/9/2009 16:10,206,8.8,10.1,61.8,58,29.4,0,31734,0,0
11/9/2009 16:20,258,5.7,6.4,59.5,64,29.4,0,31734,0,0
11/9/2009 16:30,279,4.9,5.5,58.1,70,29.5,0,31734,0,0
11/9/2009 16:40,278,6.8,7.7,57.2,74,29.5,0,31734,0,0
11/9/2009 16:50,276,5.7,6.3,57.3,74,29.5,0,31734,0,0
11/9/2009 17:00,260,5.7,6.3,57.7,73,29.5,0,31734,0,0
11/9/2009 17:10,289,7.5,8.2,57.9,72,29.5,0,31734,0,0
11/9/2009 17:20,282,5.8,7.4,57.3,74,29.5,0,31734,0,0
11/9/2009 17:30,262,6.3,7.3,57.3,76,29.5,0,31734,0,0
11/9/2009 17:40,251,4.1,6.5,58.1,74,29.5,0,31734,0,0
11/9/2009 17:50,280,5.2,5.9,58.2,74,29.5,0,31734,0,0
11/9/2009 18:00,281,7.4,8.3,58.4,74,29.5,0,31734,0,0
11/9/2009 18:10,213,6.8,7.8,58.2,75,29.5,0,31734,0,0
11/9/2009 18:20,234,3.6,4.1,59,74,29.5,0,31734,0,0
11/9/2009 18:30,281,4.5,5.2,59.5,73,29.5,0,31734,0,0
11/9/2009 18:40,237,7.1,7.7,59.5,73,29.5,0,31734,0,0
11/9/2009 18:50,258,7.2,8.1,59.1,74,29.5,0,31734,0,0
11/9/2009 19:00,299,3.6,4.4,58.8,75,29.5,0,31734,0,0
11/9/2009 19:10,243,3.8,4.5,58.2,76,29.5,0,31734,0,0
11/9/2009 19:20,259,9.8,11.5,57.7,78,29.5,0,31734,0,0
11/9/2009 19:30,272,7.8,8.6,57.3,79,29.5,0,31734,0,0
11/9/2009 19:40,267,4.7,5.1,57.3,80,29.5,0,31734,0,0
11/9/2009 19:50,248,5.1,5.7,57.3,80,29.5,0,31734,0,0
11/9/2009 20:00,253,5.2,5.9,57.2,80,29.5,0,31734,0,0
11/9/2009 20:10,253,4.1,4.7,57,81,29.5,0,31734,0,0
11/9/2009 20:20,291,6.1,7,56.8,81,29.5,0,31734,0,0
11/9/2009 20:30,278,4.6,5.5,56.6,82,29.5,0,31734,0,0
11/9/2009 20:40,262,2.5,3.4,56.6,82,29.5,0,31734,0,0
11/9/2009 20:50,80,1.4,1.9,56.4,82,29.5,0,31734,0,0
11/9/2009 21:00,193,1.2,1.7,56.8,82,29.5,0,31734,0,0
11/9/2009 21:10,238,1.5,1.9,56.8,81,29.5,0,31734,0,0
11/9/2009 21:20,316,1.4,2,56.8,82,29.5,0,31734,0,0
11/9/2009 21:30,70,2.1,2.7,56.8,82,29.5,0,31734,0,0
11/9/2009 21:40,328,2.9,4.2,56.8,82,29.5,0,31734,0,0
11/9/2009 21:50,345,2.7,3.6,56.4,83,29.5,0,31734,0,0
11/9/2009 22:00,17,2.3,2.7,55.9,84,29.5,0,31734,0,0
11/9/2009 22:10,334,3.4,5,55.7,85,29.5,0,31734,0,0
11/9/2009 22:20,8,3.1,3.6,55,86,29.5,0,31734,0,0
11/9/2009 22:30,23,6.9,8.3,55,86,29.5,0,31734,0,0
11/9/2009 22:40,29,5.8,6.4,54.8,86,29.5,0,31734,0,0
11/9/2009 22:50,342,5.8,6.9,54.5,85,29.5,0,31734,0,0
11/9/2009 23:00,43,6.9,7.8,54.3,83,29.5,0,31734,0,0
11/9/2009 23:10,36,9.8,10.5,53.9,81,29.5,0,31734,0,0
11/9/2009 23:20,58,7.2,8.8,53.7,80,29.5,0,31734,0,0
11/9/2009 23:30,42,5.5,6.4,53.4,78,29.5,0,31734,0,0
11/9/2009 23:40,45,7.9,8.7,53,80,29.5,0,31734,0,0
11/9/2009 23:50,57,10.1,11.9,52.8,79,29.5,0,31734,0,0
11/10/2009 0:00,71,6.8,7.6,52.7,78,29.5,0,31734,0,0
11/10/2009 0:10,84,4.2,4.6,52.5,80,29.5,0,31734,0,0
11/10/2009 0:20,70,12,14.6,52.3,74,29.5,0,31734,0,0
11/10/2009 0:30,44,9.1,11.2,51.9,75,29.5,0,31734,0,0
11/10/2009 0:40,66,8.2,9.4,51.6,78,29.5,0,31734,0,0
11/10/2009 0:50,45,5.6,5.9,51.4,78,29.5,0,31734,0,0
11/10/2009 1:00,19,2.6,4,51.4,78,29.5,0,31734,0,0
11/10/2009 1:10,82,2.8,4.4,51.4,79,29.5,0,31734,0,0
11/10/2009 1:20,70,6,7.2,51.4,79,29.5,0,31734,0,0
11/10/2009 1:30,59,7.8,9.1,51.2,81,29.5,0,31734,0,0
11/10/2009 1:40,79,4.3,5.5,50.9,84,29.5,0,31734,0,0
11/10/2009 1:50,78,8.6,10.2,50.5,86,29.5,0,31734,0,0
11/10/2009 2:00,56,5.9,7.1,50.7,86,29.5,0,31734,0,0
11/10/2009 2:10,39,5.5,7.1,50.9,85,29.5,0,31734,0,0
11/10/2009 2:20,59,9.5,11.7,50.9,85,29.5,0,31734,0,0
11/10/2009 2:30,74,4.4,5.6,51,84,29.5,0,31734,0,0
11/10/2009 2:40,35,4.6,5.5,51,85,29.5,0,31734,0,0
11/10/2009 2:50,20,4.8,5.3,50.7,87,29.5,0,31734,0,0
11/10/2009 3:00,58,6.7,8.7,50.5,88,29.5,0,31734,0,0
11/10/2009 3:10,44,9.2,9.9,50.3,89,29.5,0,31734,0,0
11/10/2009 3:20,56,8.3,10.8,50.5,88,29.5,0,31734,0,0
11/10/2009 3:30,51,6.4,7.8,50.7,87,29.5,0,31734,0,0
11/10/2009 3:40,66,9.5,10.4,50.7,85,29.5,0,31734,0,0
11/10/2009 3:50,41,10.8,12.4,50.9,83,29.5,0,31734,0,0
11/10/2009 4:00,60,5.5,6.8,50.9,83,29.5,0,31734,0,0
11/10/2009 4:10,54,8.5,9.4,50.9,83,29.5,0,31734,0,0
11/10/2009 4:20,44,3.8,4.9,50.9,84,29.5,0,31734,0,0
11/10/2009 4:30,55,9.7,10.8,50.7,84,29.5,0,31734,0,0
11/10/2009 4:40,358,4.4,5.3,50.9,83,29.5,0,31734,0,0
11/10/2009 4:50,54,6.2,7.8,50.9,83,29.5,0,31734,0,0
11/10/2009 5:00,59,7.4,9.9,50.9,83,29.5,0,31734,0,0
11/10/2009 5:10,69,8.1,10,50.7,83,29.5,0,31734,0,0
11/10/2009 5:20,66,10.3,11.5,50.7,84,29.5,0,31734,0,0
11/10/2009 5:30,49,6.6,7.6,50.5,86,29.5,0,31734,0,0
11/10/2009 5:40,32,8.4,9.7,50.5,86,29.5,0,31734,0,0
11/10/2009 5:50,55,16,18.3,50.7,85,29.5,0,31734,0,0
11/10/2009 6:00,49,10.3,11.6,50.9,84,29.5,0,31754,0,0
11/10/2009 6:10,83,10.1,11.6,50.9,84,29.5,0,31754,0,0
11/10/2009 6:20,54,11.5,13.1,50.9,84,29.5,0,31754,0,0
11/10/2009 6:30,52,11.6,13.3,50.9,85,29.5,0,31764,0,0
11/10/2009 6:40,49,10.2,12.5,50.9,85,29.5,0,31764,0,0
11/10/2009 6:50,20,6.2,9.8,50.9,86,29.5,0,31764,0,0
11/10/2009 7:00,47,8.2,9,50.9,86,29.5,0,31764,0,0
11/10/2009 7:10,44,11.7,13.5,50.9,86,29.5,0,31764,0,0
11/10/2009 7:20,21,6.3,7.2,50.9,86,29.5,0,31764,0,0
11/10/2009 7:30,40,11.5,13.5,50.7,85,29.6,0,31764,0,0
11/10/2009 7:40,40,17.6,19,50.7,86,29.6,0,31764,0,0
11/10/2009 7:50,47,16.8,18.4,50.3,85,29.5,0,31764,0,0
11/10/2009 8:00,344,7.5,12.3,50.1,87,29.6,0,31764,0,0
11/10/2009 8:10,31,8.7,10.7,50.1,86,29.6,0,31764,0,0
11/10/2009 8:20,71,5.7,7.3,50.3,86,29.6,0,31764,0,0
11/10/2009 8:30,60,11.5,12.7,50.1,86,29.6,0,31764,0,0
11/10/2009 8:40,50,18.6,19.6,50.1,85,29.6,0,31764,0,0
11/10/2009 8:50,53,10.2,14.6,50.3,85,29.6,0,31764,0,0
11/10/2009 9:00,23,12.9,13.9,50.3,85,29.6,0,31764,0,0
11/10/2009 9:10,51,20,21.1,50.1,86,29.6,0,31764,0,0
11/10/2009 9:20,45,9.1,11.1,50,86,29.6,0,31764,0,0
11/10/2009 9:30,54,10.2,12.5,50,86,29.6,0,31764,0,0
11/10/2009 9:40,58,15.6,17.2,50,86,29.6,0,31764,0,0
11/10/2009 9:50,72,11,13.1,50.1,86,29.5,0,31764,0,0
11/10/2009 10:00,49,8.7,10.9,50.1,86,29.5,0,31764,0,0
11/10/2009 10:10,48,12.1,13.5,50.1,85,29.5,0,31764,0,0
11/10/2009 10:20,78,11.4,12.5,50.1,85,29.5,0,31764,0,0
11/10/2009 10:30,75,11.3,12.8,50.3,84,29.5,0,31764,0,0
11/10/2009 10:40,20,2.5,4.5,50.5,84,29.5,0,31764,0,0
11/10/2009 10:50,44,12.4,15,50.7,82,29.5,0,31764,0,0
11/10/2009 11:00,48,5.5,9.2,50.7,83,29.5,0,31764,0,0
11/10/2009 11:10,58,13.3,15.1,50.9,82,29.5,0,31764,0,0
11/10/2009 11:20,79,5.7,6.4,50.9,81,29.5,0,31764,0,0
11/10/2009 11:30,63,10.6,11.4,51,80,29.5,0,31764,0,0
11/10/2009 11:40,52,11,12.5,51,79,29.5,0,31764,0,0
11/10/2009 11:50,56,13.7,14.7,51,79,29.5,0,31764,0,0
11/10/2009 12:00,78,8.8,9.7,50.9,80,29.5,0,31764,0,0
11/10/2009 12:10,48,12.5,15,50.9,80,29.5,0,31764,0,0
11/10/2009 12:20,48,7.5,9,50.7,81,29.5,0,31764,0,0
11/10/2009 12:30,5,6.3,6.7,50.9,80,29.5,0,31764,0,0
11/10/2009 12:40,61,7.2,7.8,51,79,29.5,0,31764,0,0
11/10/2009 12:50,52,9.7,11.8,51,78,29.5,0,31764,0,0
11/10/2009 13:00,2,9.4,10.4,51,77,29.5,0,31764,0,0
11/10/2009 13:10,357,6.6,7.1,51,77,29.5,0,31764,0,0
11/10/2009 13:20,21,8.8,9.5,51,75,29.5,0,31764,0,0
11/10/2009 13:30,356,6,7.7,51,75,29.5,0,31764,0,0
11/10/2009 13:40,43,10.6,12.6,51,75,29.5,0,31764,0,0
11/10/2009 13:50,42,10.2,12.7,51,74,29.5,0,31764,0,0
11/10/2009 14:00,68,4.3,5.3,51,73,29.5,0,31764,0,0
11/10/2009 14:10,47,8.5,9.9,50.7,76,29.5,0,31764,0,0
11/10/2009 14:20,21,7.6,8.8,50.7,77,29.5,0,31764,0,0
11/10/2009 14:30,341,2.3,3.3,50.5,78,29.5,0,31764,0,0
11/10/2009 14:40,18,4.3,5,50.3,79,29.5,0,31764,0,0
11/10/2009 14:50,52,7,8.7,50.3,78,29.5,0,31764,0,0
11/10/2009 15:00,45,7.2,7.6,50.3,79,29.5,0,31764,0,0
11/10/2009 15:10,20,8.3,8.9,50.1,80,29.5,0,31764,0,0
11/10/2009 15:20,42,6,6.4,50.1,80,29.5,0,31764,0,0
11/10/2009 15:30,58,6.6,8.2,50.1,78,29.6,0,31764,0,0
11/10/2009 15:40,67,10.5,11,50.1,77,29.6,0,31764,0,0
11/10/2009 15:50,54,8.3,9.9,50.1,76,29.6,0,31764,0,0
11/10/2009 16:00,73,11.4,13.1,50.3,73,29.6,0,31764,0,0
11/10/2009 16:10,53,7.7,9.5,50.3,71,29.6,0,31764,0,0
11/10/2009 16:20,44,6.5,7.7,50.5,70,29.6,0,31764,0,0
11/10/2009 16:30,77,6.9,8.4,50.5,70,29.6,0,31764,0,0
11/10/2009 16:40,78,5.6,6.3,50.3,69,29.6,0,31764,0,0
11/10/2009 16:50,81,7.7,9.4,50.1,69,29.6,0,31764,0,0
11/10/2009 17:00,71,5.1,5.7,50,69,29.6,0,31764,0,0
11/10/2009 17:10,65,5.4,6.1,50,69,29.6,0,31764,0,0
11/10/2009 17:20,64,8.6,9.2,50,70,29.6,0,31764,0,0
11/10/2009 17:30,78,7.8,8.7,49.8,70,29.6,0,31764,0,0
11/10/2009 17:40,88,5.3,5.9,49.6,71,29.6,0,31764,0,0
11/10/2009 17:50,72,7.2,7.7,49.2,72,29.6,0,31764,0,0
11/10/2009 18:00,82,5,5.7,49.1,73,29.6,0,31764,0,0
11/10/2009 18:10,46,5.5,6.5,48.7,74,29.6,0,31764,0,0
11/10/2009 18:20,73,5.3,6.2,48.5,76,29.6,0,31764,0,0
11/10/2009 18:30,46,4.3,5,48.3,77,29.6,0,31764,0,0
11/10/2009 18:40,59,6.5,7.8,48.3,77,29.6,0,31764,0,0
11/10/2009 18:50,66,7.6,8.7,48.7,76,29.6,0,31764,0,0
11/10/2009 19:00,49,8.4,10.5,48.7,76,29.6,0,31764,0,0
11/10/2009 19:10,26,10.6,13.6,48.5,71,29.6,0,31764,0,0
11/10/2009 19:20,36,11,12.6,49.4,64,29.6,0,31764,0,0
11/10/2009 19:30,20,10.3,12.3,49.8,62,29.6,0,31764,0,0
11/10/2009 19:40,20,6.1,8.3,49.8,63,29.6,0,31764,0,0
11/10/2009 19:50,16,12.3,15.9,49.4,62,29.6,0,31764,0,0
11/10/2009 20:00,351,10.4,13.8,49.2,61,29.6,0,31764,0,0
11/10/2009 20:10,36,10.4,11.1,49.2,63,29.6,0,31764,0,0
11/10/2009 20:20,8,8.5,8.9,49.1,64,29.6,0,31764,0,0
11/10/2009 20:30,58,12.7,13.7,48.9,65,29.6,0,31764,0,0
11/10/2009 20:40,73,10.9,11.6,48.7,66,29.6,0,31764,0,0
11/10/2009 20:50,66,13,13.9,48.5,66,29.6,0,31764,0,0
11/10/2009 21:00,30,14.1,15.3,48.3,67,29.6,0,31764,0,0
11/10/2009 21:10,47,15.3,19.8,48.3,69,29.6,0,31764,0,0
11/10/2009 21:20,57,8.6,13.1,48.3,67,29.6,0,31764,0,0
11/10/2009 21:30,30,9.7,11.8,48.2,67,29.6,0,31764,0,0
11/10/2009 21:40,51,8.9,12.3,48.2,67,29.6,0,31764,0,0
11/10/2009 21:50,53,12.8,15,48.2,69,29.6,0,31764,0,0
11/10/2009 22:00,3,10.5,12.5,48,71,29.6,0,31764,0,0
11/10/2009 22:10,38,19.9,21.8,48,70,29.6,0,31764,0,0
11/10/2009 22:20,44,15.5,16.7,48,71,29.6,0,31764,0,0
11/10/2009 22:30,84,11.2,12.2,48,69,29.6,0,31764,0,0
11/10/2009 22:40,68,16.2,18.6,48,65,29.6,0,31764,0,0
11/10/2009 22:50,51,11.3,12.8,48,63,29.6,0,31764,0,0
11/10/2009 23:00,48,8.3,11.3,47.8,62,29.6,0,31764,0,0
11/10/2009 23:10,44,9.8,12.1,47.8,64,29.6,0,31764,0,0
11/10/2009 23:20,80,14.3,15.1,47.4,64,29.6,0,31764,0,0
11/10/2009 23:30,19,5.3,10.4,47.4,63,29.6,0,31764,0,0
11/10/2009 23:40,94,12.5,14.1,46.9,64,29.6,0,31764,0,0
11/10/2009 23:50,49,10.4,11.9,46.5,66,29.6,0,31764,0,0
11/11/2009 0:00,77,11.9,14,46,67,29.6,0,31764,0,0
11/11/2009 0:10,78,13,13.7,45.8,67,29.6,0,31764,0,0
11/11/2009 0:20,95,11.1,11.8,45.6,68,29.6,0,31764,0,0
11/11/2009 0:30,102,6.4,8.4,45.1,69,29.6,0,31764,0,0
11/11/2009 0:40,67,12.9,14.5,44.7,70,29.6,0,31764,0,0
11/11/2009 0:50,77,13.8,14.3,44.7,69,29.6,0,31764,0,0
11/11/2009 1:00,74,13.9,16.9,44.6,69,29.6,0,31764,0,0
11/11/2009 1:10,65,11.2,14.7,44.4,69,29.6,0,31764,0,0
11/11/2009 1:20,88,10.5,11.5,44,69,29.6,0,31764,0,0
11/11/2009 1:30,84,10.7,12.1,44,69,29.6,0,31764,0,0
11/11/2009 1:40,71,7.7,8.7,43.7,69,29.6,0,31764,0,0
11/11/2009 1:50,62,14.9,15.7,43.7,69,29.6,0,31764,0,0
11/11/2009 2:00,73,14.7,15.4,43.5,68,29.6,0,31764,0,0
11/11/2009 2:10,77,13.9,15.3,43.3,68,29.6,0,31764,0,0
11/11/2009 2:20,78,9.5,10.2,43.3,66,29.6,0,31764,0,0
11/11/2009 2:30,62,9.1,10.4,43.3,66,29.6,0,31764,0,0
11/11/2009 2:40,81,14.2,15.1,43.3,65,29.6,0,31764,0,0
11/11/2009 2:50,81,13.1,17.7,43.5,65,29.6,0,31764,0,0
11/11/2009 3:00,74,14.2,16.4,43.5,65,29.6,0,31764,0,0
11/11/2009 3:10,63,17.6,23.1,43.5,64,29.6,0,31764,0,0
11/11/2009 3:20,74,6.8,8,43.3,64,29.6,0,31764,0,0
11/11/2009 3:30,77,16.6,18.8,43.1,63,29.6,0,31764,0,0
11/11/2009 3:40,59,10.7,12.9,42.9,63,29.6,0,31764,0,0
11/11/2009 3:50,76,12.5,13.6,42.8,63,29.6,0,31764,0,0
11/11/2009 4:00,71,9.3,10.2,42.9,64,29.6,0,31764,0,0
11/11/2009 4:10,56,15,15.9,42.8,64,29.6,0,31764,0,0
11/11/2009 4:20,69,12.6,14.6,42.9,66,29.6,0,31764,0,0
11/11/2009 4:30,70,14.7,16.1,42.9,67,29.6,0,31764,0,0
11/11/2009 4:40,80,12.5,13.2,42.9,68,29.6,0,31764,0,0
11/11/2009 4:50,103,8.6,9.6,42.6,70,29.6,0,31764,0,0
11/11/2009 5:00,77,6.4,7.3,42.6,71,29.6,0,31764,0,0
11/11/2009 5:10,65,9.8,11.2,42.2,72,29.6,0,31764,0,0
11/11/2009 5:20,68,11.9,13.6,42,72,29.6,0,31764,0,0
11/11/2009 5:30,73,5.7,7.3,41.7,72,29.6,0,31764,0,0
11/11/2009 5:40,81,14.2,15.4,41.9,69,29.6,0,31764,0,0
11/11/2009 5:50,64,10.6,11.9,42,68,29.6,0,31764,0,0
11/11/2009 6:00,71,11.3,12.3,42.2,68,29.6,0,31764,0,0
11/11/2009 6:10,62,19.3,20,42.6,68,29.6,0,31764,0,0
11/11/2009 6:20,72,16.8,19.7,42.9,68,29.6,0,31764,0,0
11/11/2009 6:30,89,7.3,12.8,43.3,67,29.6,0,31764,0,0
11/11/2009 6:40,76,12.1,13.2,43.1,67,29.6,0,31764,0,0
11/11/2009 6:50,67,7,8.4,43.5,67,29.6,0,31764,0,0
11/11/2009 7:00,56,12.5,15.2,43.7,65,29.6,0,31764,0,0
11/11/2009 7:10,39,12.5,13,43.7,66,29.6,0,31764,0,0
11/11/2009 7:20,36,14.5,16.4,44.2,64,29.6,0,31764,0,0
11/11/2009 7:30,75,8.5,9.4,44.2,65,29.6,0,31764,0,0
11/11/2009 7:40,45,12,13.6,44.2,66,29.6,0,31764,0,0
11/11/2009 7:50,62,8.9,10.6,44.4,66,29.6,0,31764,0,0
11/11/2009 8:00,35,8.3,10.8,44.7,66,29.6,0,31764,0,0
11/11/2009 8:10,39,6.4,6.8,45.1,67,29.6,0,31764,0,0
11/11/2009 8:20,51,14,15.3,45.3,68,29.6,0,31764,0,0
11/11/2009 8:30,35,11.8,13.5,45.5,67,29.6,0,31764,0,0
11/11/2009 8:40,43,13.1,14.5,45.6,65,29.6,0,31764,0,0
11/11/2009 8:50,52,15.9,20.4,46,65,29.6,0,31764,0,0
11/11/2009 9:00,51,17.2,18.9,46,65,29.6,0,31764,0,0
11/11/2009 9:10,38,13.6,17.2,46.2,68,29.6,0,31764,0,0
11/11/2009 9:20,43,16.7,18,46.2,67,29.6,0,31764,0,0
11/11/2009 9:30,42,18,19.9,46.2,66,29.6,0,31764,0,0
11/11/2009 9:40,46,13.9,15.2,46.7,65,29.6,0,31764,0,0
11/11/2009 9:50,66,20.8,22.2,46.7,67,29.6,0,31764,0,0
11/11/2009 10:00,43,13.7,18,46.7,68,29.6,0,31764,0,0
11/11/2009 10:10,45,8.9,11.6,46.9,66,29.6,0,31764,0,0
11/11/2009 10:20,49,9.5,11.1,46.9,67,29.6,0,31764,0,0
11/11/2009 10:30,69,7.8,8.6,46.9,67,29.6,0,31764,0,0
11/11/2009 10:40,48,10.6,11.9,47.1,68,29.6,0,31764,0,0
11/11/2009 10:50,92,11,12.6,47.1,68,29.6,0,31764,0,0
11/11/2009 11:00,38,9.5,12.2,46.9,68,29.6,0,31764,0,0
11/11/2009 11:10,355,12.3,16.2,47.3,68,29.6,0,31764,0,0
11/11/2009 11:20,69,16.5,21.1,46.9,68,29.6,0,31764,0,0
11/11/2009 11:30,71,11.1,12.3,47.1,69,29.5,0,31764,0,0
11/11/2009 11:40,61,16.9,20.2,47.1,68,29.5,0,31764,0,0
11/11/2009 11:50,57,10.7,13.6,46.9,71,29.5,0,31764,0,0
11/11/2009 12:00,72,15.7,16.5,46.9,73,29.5,0,31764,0,0
11/11/2009 12:10,359,6.6,12.8,46.7,72,29.5,0,31764,0,0
11/11/2009 12:20,57,21.3,23.5,46.7,71,29.5,0,31764,0,0
11/11/2009 12:30,64,20,23.3,46.9,72,29.5,0,31764,0,0
11/11/2009 12:40,24,14.4,16.4,46.7,72,29.5,0,31764,0,0
11/11/2009 12:50,27,16.5,19.2,46.7,71,29.5,0,31764,0,0
11/11/2009 13:00,9,7,13.5,46.9,71,29.5,0,31764,0,0
11/11/2009 13:10,70,6.6,10.6,46.9,67,29.5,0,31764,0,0
11/11/2009 13:20,12,13.6,15.2,47.1,69,29.5,0,31764,0,0
11/11/2009 13:30,45,5.6,6.7,46.9,72,29.5,0,31764,0,0
11/11/2009 13:40,51,12.2,14.9,47.1,71,29.5,0,31764,0,0
11/11/2009 13:50,63,16.3,17.8,47.3,71,29.5,0,31764,0,0
11/11/2009 14:00,24,8,13.9,47.1,71,29.5,0,31764,0,0
11/11/2009 14:10,46,14.9,16.3,47.1,70,29.5,0,31764,0,0
11/11/2009 14:20,90,10.9,12,47.1,68,29.5,0,31764,0,0
11/11/2009 14:30,67,7.9,10,47.1,69,29.5,0,31764,0,0
11/11/2009 14:40,55,10.7,13.5,47.1,67,29.5,0,31764,0,0
11/11/2009 14:50,80,9.3,11.6,47.1,68,29.5,0,31764,0,0
11/11/2009 15:00,51,5.5,6.7,46.7,77,29.5,0,31764,0,0
11/11/2009 15:10,32,9.3,10.8,46.4,80,29.5,0,31764,0,0
11/11/2009 15:20,36,9,11,46.2,81,29.5,0,31764,0,0
11/11/2009 15:30,24,14.2,19.2,46.2,81,29.5,0,31764,0,0
11/11/2009 15:40,72,11,13.8,46.2,81,29.5,0,31764,0,0
11/11/2009 15:50,43,11.1,13,46,81,29.5,0,31764,0,0
11/11/2009 16:00,50,7.8,9.5,46,82,29.5,0,31764,0,0
11/11/2009 16:10,49,21.8,22.9,46,82,29.5,0,31764,0,0
11/11/2009 16:20,58,5,14.1,46.2,83,29.5,0,31764,0,0
11/11/2009 16:30,44,18.5,21.4,46.2,82,29.5,0,31764,0,0
11/11/2009 16:40,56,21.2,23.2,46.2,81,29.5,0,31764,0,0
11/11/2009 16:50,54,13.3,14.5,46.2,82,29.5,0,31764,0,0
11/11/2009 17:00,60,21.6,25.1,46.2,81,29.5,0,31764,0,0
11/11/2009 17:10,54,16.7,19.8,46,82,29.5,0,31764,0,0
11/11/2009 17:20,73,12.1,13.1,46,82,29.5,0,31764,0,0
11/11/2009 17:30,51,19.3,26,46,81,29.5,0,31764,0,0
11/11/2009 17:40,63,18,19.9,46,83,29.5,0,31764,0,0
11/11/2009 17:50,57,14.9,16.5,46,83,29.5,0,31764,0,0
11/11/2009 18:00,77,13.4,14.3,45.8,78,29.5,0,31764,0,0
11/11/2009 18:10,91,7.9,9.5,45.3,75,29.5,0,31764,0,0
11/11/2009 18:20,60,12.3,12.9,44.7,71,29.5,0,31764,0,0
11/11/2009 18:30,79,11.4,13.5,44.2,69,29.5,0,31764,0,0
11/11/2009 18:40,70,7.8,10.4,43.5,72,29.5,0,31764,0,0
11/11/2009 18:50,83,9.2,10.3,43.1,73,29.5,0,31764,0,0
11/11/2009 19:00,71,12.3,13.1,42.6,75,29.5,0,31764,0,0
11/11/2009 19:10,110,6.5,8.9,42.4,75,29.5,0,31764,0,0
11/11/2009 19:20,81,7,7.8,42,75,29.5,0,31764,0,0
11/11/2009 19:30,96,7.3,7.8,41.5,76,29.5,0,31764,0,0
11/11/2009 19:40,84,5.3,6.3,41.1,77,29.5,0,31764,0,0
11/11/2009 19:50,92,8,8.5,41.1,76,29.5,0,31764,0,0
11/11/2009 20:00,102,6.8,7.3,41,75,29.5,0,31764,0,0
11/11/2009 20:10,87,8.6,10,40.8,75,29.5,0,31764,0,0
11/11/2009 20:20,105,5.8,6.5,40.6,75,29.5,0,31764,0,0
11/11/2009 20:30,84,7.9,9.3,40.6,74,29.5,0,31764,0,0
11/11/2009 20:40,66,6.7,7.8,40.6,73,29.5,0,31764,0,0
11/11/2009 20:50,51,7.6,8.3,40.6,71,29.5,0,31764,0,0
11/11/2009 21:00,58,8,8.5,41,71,29.5,0,31764,0,0
11/11/2009 21:10,62,7.9,8.5,41,69,29.5,0,31764,0,0
11/11/2009 21:20,69,8.4,9.9,41,67,29.5,0,31764,0,0
11/11/2009 21:30,71,6.3,7.4,41,68,29.5,0,31764,0,0
11/11/2009 21:40,77,5.4,6,40.8,68,29.5,0,31764,0,0
11/11/2009 21:50,81,8.1,8.8,40.6,67,29.5,0,31764,0,0
11/11/2009 22:00,71,8.4,9.3,40.8,67,29.5,0,31764,0,0
11/11/2009 22:10,83,6.9,7.5,40.8,66,29.5,0,31764,0,0
11/11/2009 22:20,85,6.5,7.1,40.4,67,29.5,0,31764,0,0
11/11/2009 22:30,91,7.2,7.7,39.9,69,29.5,0,31764,0,0
11/11/2009 22:40,90,8.4,9.7,39.3,70,29.5,0,31764,0,0
11/11/2009 22:50,67,7.1,7.6,39.5,70,29.5,0,31764,0,0
11/11/2009 23:00,74,6.2,7,39.3,70,29.5,0,31764,0,0
11/11/2009 23:10,51,7.7,8.1,39.2,70,29.5,0,31764,0,0
11/11/2009 23:20,70,8.4,9.2,39.2,73,29.5,0,31764,0,0
11/11/2009 23:30,47,3.4,4.6,39.5,73,29.5,0,31764,0,0
11/11/2009 23:40,56,3.5,4.7,39.9,75,29.5,0,31764,0,0
11/11/2009 23:50,83,6.6,7.4,40.2,75,29.5,0,31764,0,0
11/12/2009 0:00,95,7.7,8.7,39.3,72,29.5,0,31764,0,0
11/12/2009 0:10,98,8.4,9,38.8,72,29.5,0,31764,0,0
11/12/2009 0:20,102,8.7,9.8,38.1,73,29.5,0,31764,0,0
11/12/2009 0:30,101,9.3,10.5,37.7,73,29.5,0,31764,0,0
11/12/2009 0:40,101,10.7,11.1,37.7,73,29.5,0,31764,0,0
11/12/2009 0:50,103,8.5,9.4,37.5,74,29.5,0,31764,0,0
11/12/2009 1:00,113,9.6,10.3,37.5,73,29.5,0,31764,0,0
11/12/2009 1:10,110,12,12.8,37.7,73,29.5,0,31764,0,0
11/12/2009 1:20,110,10.5,11.9,37.7,72,29.5,0,31764,0,0
11/12/2009 1:30,106,11.1,11.9,37.5,73,29.5,0,31764,0,0
11/12/2009 1:40,87,11.5,12.1,37.5,73,29.5,0,31764,0,0
11/12/2009 1:50,92,12.4,14,37.5,73,29.5,0,31764,0,0
11/12/2009 2:00,91,11.1,11.9,37.5,72,29.5,0,31764,0,0
11/12/2009 2:10,94,10.1,10.9,37.5,72,29.5,0,31764,0,0
11/12/2009 2:20,104,9.5,10.1,37.4,72,29.5,0,31764,0,0
11/12/2009 2:30,95,8.6,9.9,37.5,72,29.5,0,31764,0,0
11/12/2009 2:40,104,6.9,7.4,36.8,74,29.5,0,31764,0,0
11/12/2009 2:50,101,7.8,8.3,36.6,74,29.5,0,31764,0,0
11/12/2009 3:00,96,7.2,7.8,37,73,29.5,0,31764,0,0
11/12/2009 3:10,94,8.3,9.4,37.4,73,29.5,0,31764,0,0
11/12/2009 3:20,93,10.3,11.1,37.7,72,29.5,0,31764,0,0
11/12/2009 3:30,79,9.9,11,37.7,72,29.5,0,31764,0,0
11/12/2009 3:40,96,8.9,10.7,37.5,72,29.5,0,31764,0,0
11/12/2009 3:50,94,10.1,10.9,37.5,72,29.5,0,31764,0,0
11/12/2009 4:00,87,10.7,12.2,37.5,72,29.5,0,31764,0,0
11/12/2009 4:10,99,8.9,9.9,37.4,73,29.5,0,31764,0,0
11/12/2009 4:20,93,5.9,6.9,36.8,74,29.5,0,31764,0,0
11/12/2009 4:30,105,11.2,12.4,35.9,76,29.5,0,31764,0,0
11/12/2009 4:40,107,13.6,14,35.2,78,29.5,0,31764,0,0
11/12/2009 4:50,104,13.7,14.4,34.7,79,29.5,0,31764,0,0
11/12/2009 5:00,101,12.8,13.4,34.7,79,29.4,0,31764,0,0
11/12/2009 5:10,95,12.7,14.3,34.3,79,29.4,0,31764,0,0
11/12/2009 5:20,94,7.4,9,34.7,78,29.4,0,31764,0,0
11/12/2009 5:30,98,6.6,7.2,35,77,29.4,0,31764,0,0
11/12/2009 5:40,79,9.6,10.1,35.4,76,29.4,0,31764,0,0
11/12/2009 5:50,72,9.1,10.3,36.3,73,29.4,0,31764,0,0
11/12/2009 6:00,50,6.8,7.7,37.5,69,29.4,0,31764,0,0
11/12/2009 6:10,36,6.8,8.3,38.1,67,29.5,0,31764,0,0
11/12/2009 6:20,58,8.2,10.1,37.9,68,29.4,0,31764,0,0
11/12/2009 6:30,73,9.9,10.6,39,64,29.4,0,31764,0,0
11/12/2009 6:40,50,4.6,5.6,39.9,63,29.4,0,31764,0,0
11/12/2009 6:50,41,6.1,6.6,40.4,63,29.4,0,31764,0,0
11/12/2009 7:00,55,9,11.3,40.6,61,29.4,0,31764,0,0
11/12/2009 7:10,43,9.7,10.4,41.1,59,29.4,0,31764,0,0
11/12/2009 7:20,37,8.1,8.7,41.7,58,29.4,0,31764,0,0
11/12/2009 7:30,28,7,7.6,42.4,57,29.4,0,31764,0,0
11/12/2009 7:40,32,4.1,5.6,42.6,57,29.4,0,31764,0,0
11/12/2009 7:50,48,9.1,9.8,42.9,58,29.4,0,31764,0,0
11/12/2009 8:00,34,4.3,4.8,43.1,57,29.4,0,31764,0,0
11/12/2009 8:10,41,8.4,9.9,43.8,56,29.4,0,31764,0,0
11/12/2009 8:20,13,4.3,5.2,44.4,53,29.4,0,31764,0,0
11/12/2009 8:30,51,10.7,11.6,44.9,56,29.4,0,31764,0,0
11/12/2009 8:40,54,11.5,12.2,45.1,54,29.4,0,31764,0,0
11/12/2009 8:50,33,7.8,9.6,45.8,55,29.4,0,31764,0,0
11/12/2009 9:00,87,8.6,10.3,45.8,54,29.4,0,31764,0,0
11/12/2009 9:10,51,12.1,13.4,46,56,29.4,0,31764,0,0
11/12/2009 9:20,49,10.4,11.8,46.4,56,29.4,0,31764,0,0
11/12/2009 9:30,31,7,8,46.5,53,29.4,0,31764,0,0
11/12/2009 9:40,58,9.2,11,46.9,55,29.4,0,31764,0,0
11/12/2009 9:50,70,8.5,10.6,46.5,59,29.4,0,31764,0,0
11/12/2009 10:00,66,8.9,10.6,46.4,62,29.4,0,31764,0,0
11/12/2009 10:10,50,11.4,14.2,46.5,60,29.4,0,31764,0,0
11/12/2009 10:20,68,7.9,9.2,46.9,57,29.4,0,31764,0,0
11/12/2009 10:30,57,11.2,12.7,46.9,59,29.4,0,31764,0,0
11/12/2009 10:40,55,10.7,13.8,47.1,57,29.4,0,31764,0,0
11/12/2009 10:50,69,12.7,13.9,47.1,58,29.4,0,31764,0,0
11/12/2009 11:00,33,10.7,12.6,47.1,59,29.4,0,31764,0,0
11/12/2009 11:10,62,17,18.4,47.1,64,29.4,0,31764,0,0
11/12/2009 11:20,46,9.2,10.4,47.1,65,29.4,0,31764,0,0
11/12/2009 11:30,75,9.6,12.5,47.3,62,29.4,0,31764,0,0
11/12/2009 11:40,39,17.4,19.2,47.4,65,29.4,0,31764,0,0
11/12/2009 11:50,72,11,12.7,47.4,64,29.3,0,31764,0,0
11/12/2009 12:00,35,9.7,10.9,47.8,62,29.3,0,31764,0,0
11/12/2009 12:10,47,17,18.7,48,60,29.3,0,31764,0,0
11/12/2009 12:20,54,13,15.8,48.2,60,29.3,0,31764,0,0
11/12/2009 12:30,35,13.2,14.4,48.5,57,29.3,0,31764,0,0
11/12/2009 12:40,60,19.4,22.6,48.7,56,29.3,0,31764,0,0
11/12/2009 12:50,58,15.7,17.1,48.9,55,29.3,0,31764,0,0
11/12/2009 13:00,54,19.7,22.1,48.9,56,29.3,0,31764,0,0
11/12/2009 13:10,53,16.7,18.2,48.9,57,29.3,0,31764,0,0
11/12/2009 13:20,57,11,14.6,48.9,56,29.3,0,31764,0,0
11/12/2009 13:30,78,12.7,13.6,48.9,56,29.3,0,31764,0,0
11/12/2009 13:40,42,9.4,11.5,48.9,57,29.3,0,31764,0,0
11/12/2009 13:50,56,18,19.5,48.9,55,29.3,0,31764,0,0
11/12/2009 14:00,65,13.4,15.9,48.9,55,29.3,0,31764,0,0
11/12/2009 14:10,65,18.6,21.2,48.9,55,29.3,0,31764,0,0
11/12/2009 14:20,51,15.6,17.6,48.9,54,29.3,0,31764,0,0
11/12/2009 14:30,74,16.6,17.7,48.7,53,29.3,0,31764,0,0
11/12/2009 14:40,37,15,16.5,48.7,53,29.3,0,31764,0,0
11/12/2009 14:50,78,10.1,12.2,48.7,52,29.3,0,31764,0,0
11/12/2009 15:00,67,15.3,16.7,48.7,54,29.3,0,31764,0,0
11/12/2009 15:10,81,14.7,16.2,48.7,55,29.3,0,31764,0,0
11/12/2009 15:20,49,12.2,12.9,48.7,54,29.3,0,31764,0,0
11/12/2009 15:30,50,14.2,15.5,48.5,53,29.3,0,31764,0,0
11/12/2009 15:40,72,10.3,11,48.3,52,29.3,0,31764,0,0
11/12/2009 15:50,85,9.5,10.6,48.2,51,29.3,0,31764,0,0
11/12/2009 16:00,62,6.9,7.6,48,51,29.3,0,31764,0,0
11/12/2009 16:10,92,9.9,10.6,47.8,51,29.3,0,31764,0,0
11/12/2009 16:20,75,11.6,12.7,47.6,51,29.3,0,31764,0,0
11/12/2009 16:30,63,11.9,16.3,47.4,51,29.3,0,31764,0,0
11/12/2009 16:40,57,12,14.9,47.4,50,29.3,0,31764,0,0
11/12/2009 16:50,75,7.9,9,47.3,50,29.3,0,31764,0,0
11/12/2009 17:00,90,8.8,10.8,47.1,50,29.3,0,31764,0,0
11/12/2009 17:10,59,6.2,7.6,46.7,50,29.3,0,31764,0,0
11/12/2009 17:20,81,9.4,10.6,46.5,49,29.3,0,31764,0,0
11/12/2009 17:30,58,9.2,11.6,46.5,46,29.3,0,31764,0,0
11/12/2009 17:40,72,14.2,14.6,46.5,43,29.3,0,31764,0,0
11/12/2009 17:50,69,10.3,11.8,46.5,42,29.3,0,31764,0,0
11/12/2009 18:00,89,8.9,9.1,46.4,42,29.3,0,31764,0,0
11/12/2009 18:10,83,12.6,13.2,46.2,42,29.3,0,31764,0,0
11/12/2009 18:20,78,10.1,10.5,46,42,29.3,0,31764,0,0
11/12/2009 18:30,72,10.5,11.9,45.8,42,29.3,0,31764,0,0
11/12/2009 18:40,63,10.6,12.4,45.6,42,29.3,0,31764,0,0
11/12/2009 18:50,79,7.7,8.5,45.3,42,29.3,0,31764,0,0
11/12/2009 19:00,88,6.9,7.3,44.9,42,29.3,0,31764,0,0
11/12/2009 19:10,79,9.4,10.1,44.6,43,29.3,0,31764,0,0
11/12/2009 19:20,78,7.8,8.9,44.7,42,29.3,0,31764,0,0
11/12/2009 19:30,75,9.5,10.1,44.9,41,29.3,0,31764,0,0
11/12/2009 19:40,89,5.5,6.2,44.7,42,29.3,0,31764,0,0
11/12/2009 19:50,82,6.4,6.7,44.7,42,29.3,0,31764,0,0
11/12/2009 20:00,93,5.7,6.4,44.7,41,29.3,0,31764,0,0
11/12/2009 20:10,93,4.5,4.9,43.8,44,29.3,0,31764,0,0
11/12/2009 20:20,78,4.9,5.5,43.8,44,29.3,0,31764,0,0
11/12/2009 20:30,102,6.3,6.9,43.5,45,29.3,0,31764,0,0
11/12/2009 20:40,105,7,7.2,42.2,48,29.3,0,31764,0,0
11/12/2009 20:50,88,6.1,6.4,42.4,47,29.3,0,31764,0,0
11/12/2009 21:00,64,7.9,9.4,43.7,44,29.3,0,31764,0,0
11/12/2009 21:10,66,5.6,6.8,44.2,42,29.3,0,31764,0,0
11/12/2009 21:20,71,7.2,8.6,44.2,42,29.3,0,31764,0,0
11/12/2009 21:30,81,7.4,8,44,43,29.3,0,31764,0,0
11/12/2009 21:40,80,9.7,10.1,43.7,43,29.3,0,31764,0,0
11/12/2009 21:50,92,7.6,8,43.3,44,29.3,0,31764,0,0
11/12/2009 22:00,112,6,6.4,42.9,44,29.3,0,31764,0,0
11/12/2009 22:10,110,7.4,8.1,42.4,45,29.3,0,31764,0,0
11/12/2009 22:20,112,6,6.5,41.9,47,29.3,0,31764,0,0
11/12/2009 22:30,107,6.8,7.5,43.1,44,29.3,0,31764,0,0
11/12/2009 22:40,55,4.1,4.6,42.8,45,29.3,0,31764,0,0
11/12/2009 22:50,49,6,6.7,42.2,47,29.3,0,31764,0,0
11/12/2009 23:00,70,6.1,6.9,42,47,29.3,0,31764,0,0
11/12/2009 23:10,78,6,6.7,42,46,29.3,0,31764,0,0
11/12/2009 23:20,97,6,6.8,42,46,29.3,0,31764,0,0
11/12/2009 23:30,102,6.8,7.2,42.4,46,29.3,0,31764,0,0
11/12/2009 23:40,89,5.5,5.8,42.2,46,29.3,0,31764,0,0
11/12/2009 23:50,95,5.2,6,42.2,46,29.3,0,31764,0,0
11/13/2009 0:00,86,4.7,5.2,42.4,46,29.3,0,31764,0,0
11/13/2009 0:10,53,6.2,6.5,42.4,45,29.3,0,31764,0,0
11/13/2009 0:20,82,9,9.3,42.9,44,29.3,0,31764,0,0
11/13/2009 0:30,87,7.5,8.3,42.6,45,29.3,0,31764,0,0
11/13/2009 0:40,85,6.8,7.6,42,46,29.3,0,31764,0,0
11/13/2009 0:50,104,5.7,6.5,41.9,46,29.3,0,31764,0,0
11/13/2009 1:00,85,9,9.3,42.6,43,29.3,0,31764,0,0
11/13/2009 1:10,77,8.6,9.1,42.8,41,29.3,0,31764,0,0
11/13/2009 1:20,75,9.5,9.9,42.9,41,29.3,0,31764,0,0
11/13/2009 1:30,76,6.1,6.7,43.3,40,29.3,0,31764,0,0
11/13/2009 1:40,84,9.1,9.8,42.9,40,29.3,0,31764,0,0
11/13/2009 1:50,73,9.3,9.8,43.3,40,29.3,0,31764,0,0
11/13/2009 2:00,87,5.3,6.6,43.3,39,29.3,0,31764,0,0
11/13/2009 2:10,83,6.5,6.7,44,40,29.3,0,31764,0,0
11/13/2009 2:20,90,4.4,4.8,43.8,46,29.3,0,31764,0,0
11/13/2009 2:30,85,7.8,8.5,43.7,45,29.3,0,31764,0,0
11/13/2009 2:40,76,8.2,8.7,43.5,41,29.3,0,31764,0,0
11/13/2009 2:50,92,6.4,6.9,43.5,38,29.3,0,31764,0,0
11/13/2009 3:00,54,4.1,5.2,43.1,37,29.3,0,31764,0,0
11/13/2009 3:10,55,3.1,3.7,43.3,36,29.3,0,31764,0,0
11/13/2009 3:20,80,6.8,7.6,43.1,36,29.3,0,31764,0,0
11/13/2009 3:30,67,6.9,7.4,43.1,36,29.3,0,31764,0,0
11/13/2009 3:40,78,5.2,5.7,42,38,29.3,0,31764,0,0
11/13/2009 3:50,76,3.8,4.7,41,41,29.3,0,31764,0,0
11/13/2009 4:00,73,10.4,11.9,41.1,41,29.3,0,31764,0,0
11/13/2009 4:10,88,7,8,41.1,41,29.3,0,31764,0,0
11/13/2009 4:20,78,7.9,8.2,41,41,29.3,0,31764,0,0
11/13/2009 4:30,81,6.1,7.1,41.1,40,29.3,0,31764,0,0
11/13/2009 4:40,75,5.9,6.5,41.7,39,29.3,0,31764,0,0
11/13/2009 4:50,72,8,8.6,42.4,39,29.3,0,31764,0,0
11/13/2009 5:00,90,7.6,8.8,42,39,29.3,0,31764,0,0
11/13/2009 5:10,81,7.2,7.5,41.9,40,29.3,0,31764,0,0
11/13/2009 5:20,87,6.3,6.9,41.9,41,29.3,0,31764,0,0
11/13/2009 5:30,86,6.4,6.8,41.9,41,29.3,0,31764,0,0
11/13/2009 5:40,86,8.3,9.1,40.8,44,29.3,0,31764,0,0
11/13/2009 5:50,88,5.1,5.5,41.5,44,29.3,0,31764,0,0
11/13/2009 6:00,98,3.3,3.9,41.7,44,29.3,0,31764,0,0
11/13/2009 6:10,81,2.8,3.2,42.4,44,29.3,0,31764,0,0
11/13/2009 6:20,122,2.7,3.4,43.5,45,29.3,0,31764,0,0
11/13/2009 6:30,12,2.5,2.7,43.7,44,29.3,0,31764,0,0
11/13/2009 6:40,36,5.3,5.8,44.4,44,29.3,0,31764,0,0
11/13/2009 6:50,356,2.9,3.5,45.3,45,29.3,0,31764,0,0
11/13/2009 7:00,338,3.4,4,46.4,42,29.3,0,31764,0,0
11/13/2009 7:10,339,2.8,3.5,45.5,45,29.3,0,31764,0,0
11/13/2009 7:20,306,5.5,6.4,45.3,46,29.3,0,31764,0,0
11/13/2009 7:30,296,4.3,5,45.6,48,29.3,0,31764,0,0
11/13/2009 7:40,312,3.8,4.5,45.8,49,29.3,0,31764,0,0
11/13/2009 7:50,311,6.8,7.2,46.4,50,29.3,0,31764,0,0
11/13/2009 8:00,306,6.3,7,46.4,52,29.3,0,31764,0,0
11/13/2009 8:10,1,4.6,5,47.6,50,29.3,0,31764,0,0
11/13/2009 8:20,345,6.7,7.2,48,44,29.3,0,31764,0,0
11/13/2009 8:30,323,7,8.4,47.8,54,29.3,0,31764,0,0
11/13/2009 8:40,28,4.6,5,48.3,50,29.2,0,31764,0,0
11/13/2009 8:50,28,5.7,6.3,48.5,51,29.2,0,31764,0,0
11/13/2009 9:00,346,4.6,5.2,48.9,52,29.2,0,31764,0,0
11/13/2009 9:10,358,6.2,6.7,48.9,54,29.2,0,31764,0,0
11/13/2009 9:20,26,7.3,8.9,49.4,52,29.2,0,31764,0,0
11/13/2009 9:30,16,4.3,5.4,48.9,53,29.2,0,31764,0,0
11/13/2009 9:40,26,5.1,5.8,49.2,54,29.2,0,31764,0,0
11/13/2009 9:50,19,5.2,6.1,50,54,29.2,0,31764,0,0
11/13/2009 10:00,43,9,9.9,50,53,29.2,0,31764,0,0
11/13/2009 10:10,47,9.3,10.7,50,52,29.2,0,31764,0,0
11/13/2009 10:20,48,8.2,9.3,50,52,29.2,0,31764,0,0
11/13/2009 10:30,54,10.2,10.7,49.8,56,29.2,0,31764,0,0
11/13/2009 10:40,56,9.5,10.3,50,60,29.2,0,31764,0,0
11/13/2009 10:50,36,13,14,50.3,60,29.2,0,31764,0,0
11/13/2009 11:00,24,8.2,9.1,50.3,60,29.2,0,31764,0,0
11/13/2009 11:10,44,16.3,18.7,50.5,59,29.2,0,31764,0,0
11/13/2009 11:20,70,12.9,15,50,59,29.2,0,31764,0,0
11/13/2009 11:30,67,9.5,10,49.8,60,29.2,0,31764,0,0
11/13/2009 11:40,46,11.5,13,49.8,62,29.2,0,31764,0,0
11/13/2009 11:50,75,8.2,10.2,50.1,63,29.2,0,31764,0,0
11/13/2009 12:00,37,12.5,15.3,50.1,65,29.2,0,31764,0,0
11/13/2009 12:10,46,14.4,16.3,50.1,66,29.2,0,31764,0,0
11/13/2009 12:20,28,11.8,14.2,50,67,29.2,0,31764,0,0
11/13/2009 12:30,48,14.9,16.1,50,67,29.2,0,31764,0,0
11/13/2009 12:40,76,13,14.3,50.1,66,29.2,0,31764,0,0
11/13/2009 12:50,54,10.7,13.3,49.8,70,29.2,0,31764,0,0
11/13/2009 13:00,50,9.5,11.1,49.8,72,29.2,0,31764,0,0
11/13/2009 13:10,47,13.9,16.4,49.6,72,29.2,0,31764,0,0
11/13/2009 13:20,69,11,12.8,49.8,72,29.2,0,31764,0,0
11/13/2009 13:30,53,8.4,9.5,49.8,72,29.2,0,31764,0,0
11/13/2009 13:40,65,11.6,12.6,49.8,71,29.2,0,31764,0,0
11/13/2009 13:50,66,6.3,7.3,50.5,68,29.2,0,31764,0,0
11/13/2009 14:00,58,5.1,5.6,50.5,67,29.2,0,31764,0,0
11/13/2009 14:10,61,7.2,8.1,50.9,64,29.2,0,31764,0,0
11/13/2009 14:20,74,5.9,7,50.5,66,29.2,0,31764,0,0
11/13/2009 14:30,85,4.6,5.5,50,70,29.2,0,31764,0,0
11/13/2009 14:40,63,8.7,9.6,50,70,29.2,0,31764,0,0
11/13/2009 14:50,71,9.3,10.6,50,69,29.2,0,31764,0,0
11/13/2009 15:00,69,8.5,9,50.1,69,29.2,0,31764,0,0
11/13/2009 15:10,73,7.4,8.9,50.1,68,29.1,0,31764,0,0
11/13/2009 15:20,70,9.7,10.4,50.3,67,29.2,0,31764,0,0
11/13/2009 15:30,75,9.1,9.8,50.3,65,29.2,0,31764,0,0
11/13/2009 15:40,74,11.7,12.9,50.5,63,29.2,0,31764,0,0
11/13/2009 15:50,37,5,6.6,50.3,65,29.2,0,31764,0,0
11/13/2009 16:00,56,6.6,7.3,49.8,69,29.2,0,31764,0,0
11/13/2009 16:10,56,6.8,7.4,50,68,29.2,0,31764,0,0
11/13/2009 16:20,56,6.2,6.9,50.1,66,29.2,0,31764,0,0
11/13/2009 16:30,37,4,4.6,49.4,72,29.2,0,31764,0,0
11/13/2009 16:40,58,9.5,10.7,49.6,70,29.2,0,31764,0,0
11/13/2009 16:50,79,4.8,5.8,50,68,29.2,0,31764,0,0
11/13/2009 17:00,72,6.6,7.2,50.1,68,29.2,0,31764,0,0
11/13/2009 17:10,67,6,6.6,50.1,67,29.2,0,31764,0,0
11/13/2009 17:20,77,7.9,9.7,50.1,66,29.2,0,31764,0,0
11/13/2009 17:30,80,6.2,6.8,50.3,63,29.2,0,31764,0,0
11/13/2009 17:40,69,8.1,9.5,50.3,63,29.2,0,31764,0,0
11/13/2009 17:50,85,7.4,8.7,50.3,66,29.2,0,31764,0,0
11/13/2009 18:00,85,8.7,9.4,50,65,29.2,0,31764,0,0
11/13/2009 18:10,89,10.6,11.8,49.8,64,29.2,0,31764,0,0
11/13/2009 18:20,84,8.3,10,50,68,29.2,0,31764,0,0
11/13/2009 18:30,84,9.6,12.1,50.1,66,29.2,0,31764,0,0
11/13/2009 18:40,73,9.7,11,50.3,64,29.2,0,31764,0,0
11/13/2009 18:50,86,10.9,12.8,50.3,61,29.2,0,31764,0,0
11/13/2009 19:00,78,10,11,50.3,58,29.2,0,31764,0,0
11/13/2009 19:10,78,8.5,9.5,50.3,60,29.2,0,31764,0,0
11/13/2009 19:20,84,11.4,11.9,50.5,62,29.2,0,31764,0,0
11/13/2009 19:30,74,14,15.3,50.7,62,29.2,0,31764,0,0
11/13/2009 19:40,75,11.3,13.5,50.7,60,29.2,0,31764,0,0
11/13/2009 19:50,81,13.8,15.1,50.5,59,29.2,0,31764,0,0
11/13/2009 20:00,85,10.8,12.4,50.9,57,29.2,0,31764,0,0
11/13/2009 20:10,87,9.8,10.4,50.5,57,29.2,0,31764,0,0
11/13/2009 20:20,86,9.6,10.3,50.9,58,29.2,0,31764,0,0
11/13/2009 20:30,85,5.9,6.9,50.7,58,29.2,0,31764,0,0
11/13/2009 20:40,80,8.7,9.4,50.9,60,29.2,0,31764,0,0
11/13/2009 20:50,86,5.2,6.3,50.5,59,29.2,0,31764,0,0
11/13/2009 21:00,101,7.7,8.3,50,61,29.2,0,31764,0,0
11/13/2009 21:10,95,7.6,7.9,50.3,65,29.2,0,31764,0,0
11/13/2009 21:20,113,3.7,4.2,50.1,66,29.2,0,31764,0,0
11/13/2009 21:30,138,1.5,2.2,50,67,29.2,0,31764,0,0
11/13/2009 21:40,130,2.4,2.6,49.6,69,29.2,0,31764,0,0
11/13/2009 21:50,143,5.7,6.2,51.2,68,29.2,0,31764,0,0
11/13/2009 22:00,144,8.5,9.5,53.2,66,29.2,0,31764,0,0
11/13/2009 22:10,150,9.9,10.5,53.6,64,29.2,0,31764,0,0
11/13/2009 22:20,146,9.9,10.6,54.5,63,29.2,0,31764,0,0
11/13/2009 22:30,153,8.5,9.2,54.5,63,29.2,0,31764,0,0
11/13/2009 22:40,142,8,9.1,54.5,63,29.2,0,31764,0,0
11/13/2009 22:50,141,6.4,7.1,54.3,64,29.2,0,31764,0,0
11/13/2009 23:00,149,4.8,5.5,53.9,64,29.2,0,31764,0,0
11/13/2009 23:10,120,2.7,3,53.7,65,29.2,0,31764,0,0
11/13/2009 23:20,318,4,5.1,52.7,67,29.2,0,31764,0,0
11/13/2009 23:30,331,3,3.4,51,70,29.2,0,31764,0,0
11/13/2009 23:40,15,3.7,4,51.6,69,29.2,0,31764,0,0
11/13/2009 23:50,6,3.4,3.7,51.6,69,29.2,0,31764,0,0
11/14/2009 0:00,18,3.3,3.6,52.3,68,29.2,0,31764,0,0
11/14/2009 0:10,74,2.6,2.9,52.8,67,29.1,0,31764,0,0
11/14/2009 0:20,104,6.4,7.6,53,67,29.1,0,31764,0,0
11/14/2009 0:30,99,8.6,9.1,53.7,65,29.1,0,31764,0,0
11/14/2009 0:40,113,7.5,7.8,53.9,64,29.1,0,31764,0,0
11/14/2009 0:50,96,6.5,7.2,54.1,64,29.1,0,31764,0,0
11/14/2009 1:00,106,6.4,7.3,54.5,63,29.1,0,31764,0,0
11/14/2009 1:10,106,6.1,6.9,54.5,64,29.1,0,31764,0,0
11/14/2009 1:20,145,3.8,4.5,54.5,64,29.1,0,31764,0,0
11/14/2009 1:30,154,8.2,9,54.3,65,29.1,0,31764,0,0
11/14/2009 1:40,121,2.7,3.9,54.5,65,29.1,0,31764,0,0
11/14/2009 1:50,206,2.2,2.8,54.6,64,29.1,0,31764,0,0
11/14/2009 2:00,279,6,6.3,54.3,66,29.1,0,31764,0,0
11/14/2009 2:10,263,2.5,3.2,53.9,65,29.1,0,31764,0,0
11/14/2009 2:20,253,3.5,3.7,53.7,65,29.1,0,31764,0,0
11/14/2009 2:30,234,1,1.7,53,66,29.1,0,31764,0,0
11/14/2009 2:40,303,0.6,1,52.3,67,29.1,0,31764,0,0
11/14/2009 2:50,220,1.8,2,51.9,68,29.1,0,31764,0,0
11/14/2009 3:00,291,4,4.5,51.9,68,29.2,0,31764,0,0
11/14/2009 3:10,275,5.3,5.9,51.9,68,29.2,0,31764,0,0
11/14/2009 3:20,239,4.2,5,51.8,71,29.1,0,31764,0,0
11/14/2009 3:30,269,5.2,5.6,52.1,69,29.2,0,31764,0,0
11/14/2009 3:40,277,3.8,4.1,52.1,68,29.2,0,31764,0,0
11/14/2009 3:50,96,0.9,1.4,52.5,66,29.2,0,31764,0,0
11/14/2009 4:00,350,3.8,4.2,51.8,72,29.2,0,31764,0,0
11/14/2009 4:10,347,3.5,3.9,52.1,70,29.1,0,31764,0,0
11/14/2009 4:20,10,3.7,4,52.7,67,29.1,0,31764,0,0
11/14/2009 4:30,113,5.1,5.6,51.4,71,29.1,0,31764,0,0
11/14/2009 4:40,21,3.5,3.8,52.1,69,29.1,0,31764,0,0
11/14/2009 4:50,98,2.2,2.5,51.8,70,29.1,0,31764,0,0
11/14/2009 5:00,91,4.7,6.6,52.7,67,29.1,0,31764,0,0
11/14/2009 5:10,354,1.6,2.2,52.3,67,29.2,0,31764,0,0
11/14/2009 5:20,62,2.1,2.6,51.6,69,29.2,0,31764,0,0
11/14/2009 5:30,94,2.5,3.2,52.3,68,29.2,0,31764,0,0
11/14/2009 5:40,92,2.8,3.3,52.5,67,29.2,0,31764,0,0
11/14/2009 5:50,91,3.4,3.6,52.3,67,29.2,0,31764,0,0
11/14/2009 6:00,81,3.6,4.1,52.7,67,29.1,0,31764,0,0
11/14/2009 6:10,96,4.7,5.6,53.6,65,29.1,0,31764,0,0
11/14/2009 6:20,121,4.2,5.7,54.6,66,29.1,0,31764,0,0
11/14/2009 6:30,118,6,6.9,55.7,64,29.1,0,31764,0,0
11/14/2009 6:40,146,6.8,7.6,56.8,63,29.1,0,31764,0,0
11/14/2009 6:50,158,5,6.5,57.3,63,29.1,0,31764,0,0
11/14/2009 7:00,152,12,14.4,57.7,63,29.1,0,31764,0,0
11/14/2009 7:10,143,15.7,16.7,57,63,29.1,0,31764,0,0
11/14/2009 7:20,143,17.3,17.9,56.8,63,29.1,0,31764,0,0
11/14/2009 7:30,330,6.3,10.3,56.8,63,29.1,0,31764,0,0
11/14/2009 7:40,348,3.6,4.8,57.7,63,29.1,0,31764,0,0
11/14/2009 7:50,192,6.5,8.2,58.4,62,29.1,0,31764,0,0
11/14/2009 8:00,201,7.7,8.6,59,62,29.1,0,31764,0,0
11/14/2009 8:10,209,5.2,5.9,59.3,62,29.1,0,31764,0,0
11/14/2009 8:20,321,3.4,4.1,59.1,63,29.1,0,31764,0,0
11/14/2009 8:30,278,6.5,7.1,57,66,29.1,0,31764,0,0
11/14/2009 8:40,318,3.8,4.6,56.4,68,29.1,0,31764,0,0
11/14/2009 8:50,83,5.9,7.4,57,68,29.1,0,31764,0,0
11/14/2009 9:00,59,3,4.3,58.1,65,29.1,0,31764,0,0
11/14/2009 9:10,176,7.3,9.1,61.3,59,29.1,0,31764,0,0
11/14/2009 9:20,173,5.6,7.3,62.7,56,29.1,0,31764,0,0
11/14/2009 9:30,313,2.3,2.9,62.7,56,29.1,0,31764,0,0
11/14/2009 9:40,90,2,3,60.4,59,29.1,0,31764,0,0
11/14/2009 9:50,353,4.4,5.8,59,61,29.1,0,31764,0,0
11/14/2009 10:00,342,9.4,10.5,57.7,62,29.1,0,31764,0,0
11/14/2009 10:10,345,8,8.8,56.6,65,29.1,0,31764,0,0
11/14/2009 10:20,355,8.1,9.5,57,64,29.1,0,31764,0,0
11/14/2009 10:30,345,7.8,8.2,57,64,29.1,0,31764,0,0
11/14/2009 10:40,6,8.1,9.6,57.3,64,29.1,0,31764,0,0
11/14/2009 10:50,341,7.1,7.6,56.8,66,29.1,0,31764,0,0
11/14/2009 11:00,354,8.9,10.3,56.8,67,29.1,0,31764,0,0
11/14/2009 11:10,5,8.5,9.1,56.8,65,29.1,0,31764,0,0
11/14/2009 11:20,18,6.8,7.3,56.3,67,29.1,0,31764,0,0
11/14/2009 11:30,346,8.7,9.4,57,65,29.1,0,31764,0,0
11/14/2009 11:40,355,7.6,8.4,56.8,64,29.1,0,31764,0,0
11/14/2009 11:50,336,8.9,9.8,56.6,66,29.1,0,31764,0,0
11/14/2009 12:00,44,7.4,9.1,56.6,65,29.1,0,31764,0,0
11/14/2009 12:10,8,4.1,5.2,57,67,29.1,0,31764,0,0
11/14/2009 12:20,31,6.8,9.8,57,68,29.1,0,31764,0,0
11/14/2009 12:30,33,8.2,8.5,56.8,68,29.1,0,31764,0,0
11/14/2009 12:40,49,6.2,6.8,57.2,66,29.1,0,31764,0,0
11/14/2009 12:50,18,4.5,5.1,56.8,66,29.1,0,31764,0,0
11/14/2009 13:00,44,8.7,9.4,56.8,66,29.1,0,31764,0,0
11/14/2009 13:10,80,5.7,7.2,57.2,65,29.1,0,31764,0,0
11/14/2009 13:20,31,5.8,6.6,57.5,64,29.1,0,31764,0,0
11/14/2009 13:30,67,3.9,4.6,57.3,64,29.1,0,31764,0,0
11/14/2009 13:40,45,7.8,8.8,57.2,65,29.1,0,31764,0,0
11/14/2009 13:50,48,9.3,9.7,56.8,65,29.1,0,31764,0,0
11/14/2009 14:00,54,10.6,11.1,56.6,65,29.1,0,31764,0,0
11/14/2009 14:10,49,9.1,10.5,56.4,66,29.1,0,31764,0,0
11/14/2009 14:20,69,9.5,10,56.3,67,29.1,0,31764,0,0
11/14/2009 14:30,60,8.2,8.9,56.1,67,29.1,0,31764,0,0
11/14/2009 14:40,69,5.7,6.2,56.1,68,29.1,0,31764,0,0
11/14/2009 14:50,77,4.8,5.1,56.1,67,29.1,0,31764,0,0
11/14/2009 15:00,80,6,6.7,56.3,68,29.1,0,31764,0,0
11/14/2009 15:10,78,4.9,5.9,56.3,68,29.1,0,31764,0,0
11/14/2009 15:20,88,4.8,5.8,56.4,68,29.1,0,31764,0,0
11/14/2009 15:30,76,5.1,5.7,56.4,68,29.1,0,31764,0,0
11/14/2009 15:40,80,5.8,6.6,56.4,68,29.1,0,31764,0,0
11/14/2009 15:50,85,5.2,5.6,56.6,68,29.1,0,31764,0,0
11/14/2009 16:00,97,6.8,7.1,56.6,68,29.1,0,31764,0,0
11/14/2009 16:10,104,7.5,7.8,57.2,66,29.1,0,31764,0,0
11/14/2009 16:20,117,6.5,7.9,56.8,67,29.1,0,31764,0,0
11/14/2009 16:30,109,6.6,7,56.8,67,29.1,0,31764,0,0
11/14/2009 16:40,114,6.8,7.4,56.4,68,29.1,0,31764,0,0
11/14/2009 16:50,114,8.2,8.9,56.4,69,29.1,0,31764,0,0
11/14/2009 17:00,129,6.9,8.3,56.8,69,29.1,0,31764,0,0
11/14/2009 17:10,119,8.3,8.9,56.8,69,29.1,0,31764,0,0
11/14/2009 17:20,125,8,8.9,56.8,70,29.1,0,31764,0,0
11/14/2009 17:30,107,6,6.4,56.8,70,29.1,0,31764,0,0
11/14/2009 17:40,119,6.3,6.6,56.6,71,29.1,0,31764,0,0
11/14/2009 17:50,132,5.7,6.9,56.3,72,29.1,0,31764,0,0
11/14/2009 18:00,129,5.8,6.1,56.1,72,29.1,0,31764,0,0
11/14/2009 18:10,135,4.3,5.3,56.1,72,29.1,0,31764,0,0
11/14/2009 18:20,134,4.4,4.8,56.1,73,29.1,0,31764,0,0
11/14/2009 18:30,155,2.8,3.4,56.3,72,29.1,0,31764,0,0
11/14/2009 18:40,180,3.6,3.8,56.1,73,29.1,0,31764,0,0
11/14/2009 18:50,185,4.2,5.4,56.3,73,29.1,0,31764,0,0
11/14/2009 19:00,166,4.2,5.5,55.5,75,29.1,0,31764,0,0
11/14/2009 19:10,146,5.8,6.5,55.7,75,29.1,0,31764,0,0
11/14/2009 19:20,142,6,6.3,55,76,29.1,0,31764,0,0
11/14/2009 19:30,147,5.5,6.9,55,76,29.1,0,31764,0,0
11/14/2009 19:40,170,6,7.6,55.4,75,29.1,0,31764,0,0
11/14/2009 19:50,158,5.8,7.4,55.4,75,29.1,0,31764,0,0
11/14/2009 20:00,160,6.8,9,55.5,74,29.1,0,31764,0,0
11/14/2009 20:10,174,7.8,9.5,56.3,73,29.1,0,31764,0,0
11/14/2009 20:20,177,10.7,12.5,57,71,29.1,0,31764,0,0
11/14/2009 20:30,184,11.2,12.2,57,71,29.1,0,31764,0,0
11/14/2009 20:40,182,8.4,10.2,57.2,71,29.1,0,31764,0,0
11/14/2009 20:50,174,9.8,11.2,56.8,72,29.1,0,31764,0,0
11/14/2009 21:00,196,10.9,12.3,56.8,72,29.1,0,31764,0,0
11/14/2009 21:10,187,9.7,11.4,56.6,72,29.1,0,31764,0,0
11/14/2009 21:20,184,9.5,12.1,56.4,72,29.1,0,31764,0,0
11/14/2009 21:30,177,12.4,15.3,56.4,73,29.1,0,31764,0,0
11/14/2009 21:40,183,11.9,13.6,56.4,73,29.1,0,31764,0,0
11/14/2009 21:50,187,11.9,12.5,56.6,73,29.1,0,31764,0,0
11/14/2009 22:00,169,6.6,8.9,56.3,73,29.1,0,31764,0,0
11/14/2009 22:10,181,10.7,11.7,56.4,73,29.1,0,31764,0,0
11/14/2009 22:20,187,11.4,13.7,56.6,73,29.1,0,31764,0,0
11/14/2009 22:30,195,11.9,13.4,56.6,73,29.1,0,31764,0,0
11/14/2009 22:40,185,11.6,13,56.6,73,29.1,0,31764,0,0
11/14/2009 22:50,186,11.4,13.9,56.4,73,29.1,0,31764,0,0
11/14/2009 23:00,188,11,12.2,56.4,73,29.1,0,31764,0,0
11/14/2009 23:10,194,13.5,14.6,56.4,74,29.1,0,31764,0,0
11/14/2009 23:20,198,10.4,11.5,56.4,73,29.1,0,31764,0,0
11/14/2009 23:30,177,7.2,8.3,56.3,74,29.1,0,31764,0,0
11/14/2009 23:40,195,10,10.8,56.4,73,29.1,0,31764,0,0
11/14/2009 23:50,194,9,10.6,56.4,73,29.1,0,31764,0,0
11/15/2009 0:00,190,7.2,8.7,56.3,73,29.1,0,31764,0,0
11/15/2009 0:10,198,9.9,11.4,56.6,71,29.1,0,31764,0,0
11/15/2009 0:20,188,8,9.1,56.4,71,29.1,0,31764,0,0
11/15/2009 0:30,206,8.3,9.4,56.4,70,29.1,0,31764,0,0
11/15/2009 0:40,207,8.2,8.9,56.4,68,29.1,0,31764,0,0
11/15/2009 0:50,209,8.4,9.1,56.4,68,29.1,0,31764,0,0
11/15/2009 1:00,201,8.2,8.7,56.3,68,29.1,0,31764,0,0
11/15/2009 1:10,212,10.8,11.8,56.1,68,29.1,0,31764,0,0
11/15/2009 1:20,196,9.7,10.5,55.9,68,29.1,0,31764,0,0
11/15/2009 1:30,202,10.4,11.4,55.9,67,29.1,0,31764,0,0
11/15/2009 1:40,201,9.3,9.8,55.9,67,29.1,0,31764,0,0
11/15/2009 1:50,203,10.2,11.6,55.9,66,29.1,0,31764,0,0
11/15/2009 2:00,207,9.6,11,55.7,66,29.1,0,31764,0,0
11/15/2009 2:10,201,8.7,9.5,55.7,65,29.1,0,31764,0,0
11/15/2009 2:20,195,8.7,9.1,55.7,65,29.1,0,31764,0,0
11/15/2009 2:30,195,8.5,10,55.7,65,29.1,0,31764,0,0
11/15/2009 2:40,206,10,10.5,55.7,65,29.1,0,31764,0,0
11/15/2009 2:50,206,9.2,10.7,55.4,65,29.1,0,31764,0,0
11/15/2009 3:00,188,8.5,9.4,55.2,66,29.1,0,31764,0,0
11/15/2009 3:10,202,5.3,5.9,55,66,29.1,0,31764,0,0
11/15/2009 3:20,205,5.8,6.7,55.2,66,29.1,0,31764,0,0
11/15/2009 3:30,194,8.7,9.7,54.8,66,29.1,0,31764,0,0
11/15/2009 3:40,194,9.1,9.5,54.8,66,29.1,0,31764,0,0
11/15/2009 3:50,215,9.6,10.4,54.6,67,29.1,0,31764,0,0
11/15/2009 4:00,195,9.5,10.1,54.6,67,29.1,0,31764,0,0
11/15/2009 4:10,199,8.1,9,54.3,68,29.1,0,31764,0,0
11/15/2009 4:20,198,10.3,11.2,54.3,69,29.1,0,31764,0,0
11/15/2009 4:30,196,10.1,11.1,54.1,69,29.1,0,31764,0,0
11/15/2009 4:40,192,10.5,11.6,53.9,70,29.1,0,31764,0,0
11/15/2009 4:50,188,6.9,9.1,53.7,70,29.1,0,31764,0,0
11/15/2009 5:00,196,12.1,13.2,53.7,70,29.1,0,31764,0,0
11/15/2009 5:10,198,8.2,9.1,53.6,71,29.1,0,31764,0,0
11/15/2009 5:20,195,8.9,9.8,53.6,71,29.1,0,31764,0,0
11/15/2009 5:30,197,9.1,10.2,53.4,71,29.1,0,31764,0,0
11/15/2009 5:40,177,6.3,7.9,53.4,71,29.1,0,31764,0,0
11/15/2009 5:50,185,9,9.9,53.6,71,29.1,0,31764,0,0
11/15/2009 6:00,188,10.5,11.7,53.6,72,29.1,0,31764,0,0
11/15/2009 6:10,209,8,9.4,53.7,72,29.1,0,31764,0,0
11/15/2009 6:20,208,10.8,11.6,54.3,71,29.1,0,31764,0,0
11/15/2009 6:30,208,9.9,11.3,54.6,70,29.1,0,31764,0,0
11/15/2009 6:40,201,9.7,10.7,54.8,70,29.1,0,31764,0,0
11/15/2009 6:50,199,9.8,10.8,55,70,29.2,0,31764,0,0
11/15/2009 7:00,206,11.1,11.5,55.4,70,29.2,0,31764,0,0
11/15/2009 7:10,220,14,16.8,55.7,69,29.2,0,31764,0,0
11/15/2009 7:20,209,9.2,11,55.9,69,29.2,0,31764,0,0
11/15/2009 7:30,210,8.7,10.2,55.9,69,29.2,0,31764,0,0
11/15/2009 7:40,209,11.6,12.6,56.3,68,29.2,0,31764,0,0
11/15/2009 7:50,198,9.4,10.2,56.3,68,29.2,0,31764,0,0
11/15/2009 8:00,217,5.6,6,56.6,68,29.2,0,31764,0,0
11/15/2009 8:10,201,9.4,10.2,56.6,68,29.2,0,31764,0,0
11/15/2009 8:20,232,9.9,11.6,56.6,68,29.2,0,31764,0,0
11/15/2009 8:30,211,8.9,10.2,56.8,68,29.2,0,31764,0,0
11/15/2009 8:40,208,6.3,8.5,57.2,68,29.2,0,31764,0,0
11/15/2009 8:50,265,6.8,8,57.3,68,29.2,0,31764,0,0
11/15/2009 9:00,214,7.5,10,58.1,66,29.2,0,31764,0,0
11/15/2009 9:10,274,5.7,7,58.2,66,29.2,0,31764,0,0
11/15/2009 9:20,267,9,10,58.1,66,29.2,0,31764,0,0
11/15/2009 9:30,229,10.7,13,57.5,68,29.2,0,31764,0,0
11/15/2009 9:40,244,15.5,16.6,57.3,68,29.2,0,31764,0,0
11/15/2009 9:50,237,18.5,21.2,56.8,69,29.2,0,31764,0,0
11/15/2009 10:00,295,11.4,14.3,56.1,72,29.2,0,31764,0,0
11/15/2009 10:10,273,9.4,11.9,55.9,72,29.2,0,31764,0,0
11/15/2009 10:20,248,16.7,18.7,55.7,73,29.2,0,31764,0,0
11/15/2009 10:30,236,13.6,15.9,55.4,75,29.2,0,31764,0,0
11/15/2009 10:40,260,18,19.3,55,76,29.2,0,31764,0,0
11/15/2009 10:50,243,20.2,22.3,55,77,29.2,0,31764,0,0
11/15/2009 11:00,245,15.4,16.1,55.2,77,29.2,0,31764,0,0
11/15/2009 11:10,256,16.3,17.7,55,78,29.2,0,31764,0,0
11/15/2009 11:20,253,17.6,19.7,54.6,79,29.2,0,31764,0,0
11/15/2009 11:30,251,11,14.3,54.5,80,29.2,0,31764,0,0
11/15/2009 11:40,250,17.4,20.6,53.9,82,29.2,0,31764,0,0
11/15/2009 11:50,256,13.5,16,53.9,82,29.2,0,31764,0,0
11/15/2009 12:00,245,15.4,16.1,54.1,82,29.2,0,31764,0,0
11/15/2009 12:10,256,16.2,17.2,53.7,83,29.2,0,31764,0,0
11/15/2009 12:20,249,16.4,17.8,53.4,84,29.2,0,31764,0,0
11/15/2009 12:30,250,13.9,15.1,53.2,85,29.2,0,31764,0,0
11/15/2009 12:40,260,11.1,13.2,53.2,86,29.2,0,31764,0,0
11/15/2009 12:50,261,12.6,14.1,52.7,87,29.2,0,31764,0,0
11/15/2009 13:00,235,10.6,11.4,52.5,88,29.2,0,31764,0,0
11/15/2009 13:10,244,14.1,15.5,52.1,90,29.2,0,31764,0,0
11/15/2009 13:20,244,14.7,16.6,52.1,90,29.2,0,31764,0,0
11/15/2009 13:30,244,10.9,13.2,52.7,88,29.2,0,31764,0,0
11/15/2009 13:40,247,12.5,13.7,52.7,88,29.2,0,31764,0,0
11/15/2009 13:50,237,16.8,18.7,52.7,89,29.2,0,31764,0,0
11/15/2009 14:00,252,8.7,10.4,52.7,89,29.2,0,31764,0,0
11/15/2009 14:10,261,10.5,11.1,52.7,88,29.2,0,31764,0,0
11/15/2009 14:20,247,14.4,14.8,52.5,88,29.2,0,31764,0,0
11/15/2009 14:30,285,5.4,7.4,52.7,88,29.2,0,31764,0,0
11/15/2009 14:40,256,8.9,10.1,52.7,88,29.2,0,31764,0,0
11/15/2009 14:50,271,11.6,12.9,52.7,88,29.2,0,31764,0,0
11/15/2009 15:00,253,8.9,9.7,52.5,88,29.2,0,31764,0,0
11/15/2009 15:10,249,8.6,9.9,52.7,87,29.2,0,31764,0,0
11/15/2009 15:20,239,7,7.9,52.5,87,29.2,0,31764,0,0
11/15/2009 15:30,247,8,9.2,52.5,88,29.2,0,31764,0,0
11/15/2009 15:40,254,11.1,12.9,52.3,88,29.2,0,31764,0,0
11/15/2009 15:50,273,10.1,10.9,52.1,89,29.3,0,31764,0,0
11/15/2009 16:00,264,9.1,10.3,51.9,89,29.3,0,31764,0,0
11/15/2009 16:10,284,9,9.5,51.6,90,29.3,0,31764,0,0
11/15/2009 16:20,292,7.8,8.5,51.2,90,29.3,0,31764,0,0
11/15/2009 16:30,323,13.8,15.6,51,89,29.3,0,31764,0,0
11/15/2009 16:40,321,16.6,17.7,51,88,29.3,0,31764,0,0
11/15/2009 16:50,332,15.4,17.9,51,88,29.3,0,31764,0,0
11/15/2009 17:00,337,13.1,15.6,50.9,88,29.3,0,31764,0,0
11/15/2009 17:10,340,9.8,10.8,50.7,88,29.3,0,31764,0,0
11/15/2009 17:20,338,13.1,14.6,50.5,86,29.3,0,31764,0,0
11/15/2009 17:30,333,12.8,14.7,50.5,86,29.3,0,31764,0,0
11/15/2009 17:40,329,11.2,12.3,50.3,86,29.3,0,31764,0,0
11/15/2009 17:50,342,13.8,18.1,50,85,29.3,0,31764,0,0
11/15/2009 18:00,343,9,10.8,50,83,29.3,0,31764,0,0
11/15/2009 18:10,352,7.8,8.6,49.8,85,29.3,0,31764,0,0
11/15/2009 18:20,347,13.9,14.6,49.6,79,29.3,0,31764,0,0
11/15/2009 18:30,355,10.5,14.8,49.2,79,29.3,0,31764,0,0
11/15/2009 18:40,358,11.6,12.6,49.1,78,29.3,0,31764,0,0
11/15/2009 18:50,351,11.7,12.6,48.9,78,29.3,0,31764,0,0
11/15/2009 19:00,352,11.2,13.2,48.7,80,29.3,0,31764,0,0
11/15/2009 19:10,3,15,16.4,48.5,81,29.3,0,31764,0,0
11/15/2009 19:20,341,10.5,12.1,48.2,80,29.3,0,31764,0,0
11/15/2009 19:30,40,9.7,10.8,48,82,29.3,0,31764,0,0
11/15/2009 19:40,330,8,8.7,47.8,79,29.3,0,31764,0,0
11/15/2009 19:50,318,3.3,5.7,47.6,78,29.3,0,31764,0,0
11/15/2009 20:00,7,7.8,9,47.4,76,29.3,0,31764,0,0
11/15/2009 20:10,340,5,7.7,47.3,66,29.3,0,31764,0,0
11/15/2009 20:20,25,13.5,15.6,46.5,66,29.3,0,31764,0,0
11/15/2009 20:30,354,7.4,10,46,64,29.3,0,31764,0,0
11/15/2009 20:40,344,12.4,13.3,46,63,29.3,0,31764,0,0
11/15/2009 20:50,349,10.3,11.7,45.8,66,29.3,0,31764,0,0
11/15/2009 21:00,14,11.1,12.4,45.6,67,29.3,0,31764,0,0
11/15/2009 21:10,60,3.2,3.8,45.5,70,29.3,0,31764,0,0
11/15/2009 21:20,33,11,12.8,45.3,71,29.3,0,31764,0,0
11/15/2009 21:30,31,6.9,9.2,45.3,71,29.3,0,31764,0,0
11/15/2009 21:40,20,10.6,13.3,45.1,72,29.3,0,31764,0,0
11/15/2009 21:50,16,9.9,10.9,44.9,73,29.3,0,31764,0,0
11/15/2009 22:00,348,6.4,7.1,44.7,72,29.3,0,31764,0,0
11/15/2009 22:10,5,4.2,4.8,44.6,73,29.3,0,31764,0,0
11/15/2009 22:20,14,7.6,8.2,44.2,71,29.4,0,31764,0,0
11/15/2009 22:30,348,6.1,6.6,44.2,73,29.3,0,31764,0,0
11/15/2009 22:40,357,7.4,9.2,44,72,29.3,0,31764,0,0
11/15/2009 22:50,52,10.8,13.1,43.8,71,29.3,0,31764,0,0
11/15/2009 23:00,9,8,8.7,43.8,72,29.4,0,31764,0,0
11/15/2009 23:10,42,8.2,9.3,43.7,72,29.4,0,31764,0,0
11/15/2009 23:20,17,5.6,5.9,43.5,74,29.4,0,31764,0,0
11/15/2009 23:30,13,7.6,8.9,43.3,74,29.4,0,31764,0,0
11/15/2009 23:40,357,8,8.9,43.3,74,29.3,0,31764,0,0
11/15/2009 23:50,7,5.6,6.3,43.1,75,29.3,0,31764,0,0
11/16/2009 0:00,35,6.6,8.6,43.1,76,29.3,0,31764,0,0
11/16/2009 0:10,6,3.9,5.3,43.1,75,29.3,0,31764,0,0
11/16/2009 0:20,4,5.1,5.9,43.1,76,29.3,0,31764,0,0
11/16/2009 0:30,43,5.1,5.4,43.1,76,29.3,0,31764,0,0
11/16/2009 0:40,24,8.4,9.5,43.1,75,29.4,0,31764,0,0
11/16/2009 0:50,15,9.8,10.1,43.1,76,29.4,0,31764,0,0
11/16/2009 1:00,13,8,9.1,43.1,75,29.4,0,31764,0,0
11/16/2009 1:10,0,9.3,10.5,43.1,75,29.4,0,31764,0,0
11/16/2009 1:20,20,8.7,10.5,43.1,74,29.4,0,31764,0,0
11/16/2009 1:30,6,8.2,9.3,43.3,75,29.3,0,31764,0,0
11/16/2009 1:40,18,9.2,10,43.3,75,29.4,0,31764,0,0
11/16/2009 1:50,339,3.3,5.1,43.3,76,29.4,0,31764,0,0
11/16/2009 2:00,341,10.9,12.2,43.3,75,29.3,0,31764,0,0
11/16/2009 2:10,31,12,12.7,43.5,74,29.3,0,31764,0,0
11/16/2009 2:20,355,8.5,9.7,43.5,75,29.4,0,31764,0,0
11/16/2009 2:30,48,7.9,10,43.5,74,29.4,0,31764,0,0
11/16/2009 2:40,313,6,6.4,43.5,76,29.4,0,31764,0,0
11/16/2009 2:50,9,5.8,6.3,43.5,76,29.4,0,31764,0,0
11/16/2009 3:00,54,9.5,10.9,43.5,76,29.4,0,31764,0,0
11/16/2009 3:10,41,9.8,11,43.5,76,29.4,0,31764,0,0
11/16/2009 3:20,26,13,16.4,43.5,76,29.4,0,31764,0,0
11/16/2009 3:30,10,7.1,9.8,43.7,77,29.4,0,31764,0,0
11/16/2009 3:40,54,7.3,8,43.7,75,29.4,0,31764,0,0
11/16/2009 3:50,10,10.3,11.9,43.5,76,29.4,0,31764,0,0
11/16/2009 4:00,72,7.9,10.8,43.5,76,29.4,0,31764,0,0
11/16/2009 4:10,45,7.4,8.9,43.5,77,29.4,0,31764,0,0
11/16/2009 4:20,42,15.7,18.9,43.5,75,29.4,0,31764,0,0
11/16/2009 4:30,33,5.8,12.7,43.3,76,29.4,0,31764,0,0
11/16/2009 4:40,59,7.6,8.2,43.5,76,29.4,0,31764,0,0
11/16/2009 4:50,346,10.2,11.1,43.5,76,29.4,0,31764,0,0
11/16/2009 5:00,69,10.9,12,43.5,76,29.4,0,31764,0,0
11/16/2009 5:10,47,7.4,9.5,43.5,76,29.4,0,31764,0,0
11/16/2009 5:20,71,8.8,11.1,43.5,75,29.4,0,31764,0,0
11/16/2009 5:30,48,7.6,9.2,43.5,76,29.4,0,31764,0,0
11/16/2009 5:40,76,7.2,8.8,43.5,75,29.4,0,31764,0,0
11/16/2009 5:50,83,9.8,13,43.3,75,29.4,0,31764,0,0
11/16/2009 6:00,62,8.2,10.2,43.3,75,29.4,0,31764,0,0
11/16/2009 6:10,37,5.1,7.3,43.3,75,29.4,0,31764,0,0
11/16/2009 6:20,351,2.6,4.4,43.3,76,29.4,0,31764,0,0
11/16/2009 6:30,46,14.6,15.7,43.3,75,29.4,0,31764,0,0
11/16/2009 6:40,64,4.4,10.4,43.5,77,29.4,0,31764,0,0
11/16/2009 6:50,54,7.8,10.6,43.5,77,29.4,0,31764,0,0
11/16/2009 7:00,85,6.9,8.2,43.5,77,29.4,0,31764,0,0
11/16/2009 7:10,62,10.2,11.7,43.5,76,29.4,0,31764,0,0
11/16/2009 7:20,60,7.7,9.2,43.7,77,29.4,0,31764,0,0
11/16/2009 7:30,67,2.4,3,43.8,77,29.4,0,31764,0,0
11/16/2009 7:40,36,11.2,13.5,43.8,77,29.4,0,31764,0,0
11/16/2009 7:50,75,8.6,10.2,44.2,77,29.4,0,31764,0,0
11/16/2009 8:00,69,11.2,13.1,44.2,76,29.4,0,31764,0,0
11/16/2009 8:10,91,8.9,9.5,44.2,75,29.4,0,31764,0,0
11/16/2009 8:20,91,6.3,6.9,44,75,29.4,0,31764,0,0
11/16/2009 8:30,67,11,12.4,43.8,75,29.4,0,31764,0,0
11/16/2009 8:40,39,11.9,14.1,44,75,29.4,0,31764,0,0
11/16/2009 8:50,50,3,7.9,44,75,29.4,0,31764,0,0
11/16/2009 9:00,72,14.6,16,44,75,29.4,0,31764,0,0
11/16/2009 9:10,72,5.6,10.2,44.2,74,29.4,0,31764,0,0
11/16/2009 9:20,36,12.5,14.6,44.2,74,29.4,0,31764,0,0
11/16/2009 9:30,48,15.9,18.1,44.2,75,29.4,0,31764,0,0
11/16/2009 9:40,48,14.4,20.2,44.4,76,29.4,0,31764,0,0
11/16/2009 9:50,39,13.3,17.2,44.4,76,29.4,0,31764,0,0
11/16/2009 10:00,64,17,19.4,44.4,77,29.4,0,31764,0,0
11/16/2009 10:10,45,14,15.1,44.2,78,29.4,0,31764,0,0
11/16/2009 10:20,40,12.5,13.5,44,78,29.4,0,31764,0,0
11/16/2009 10:30,61,12.3,14.5,43.8,78,29.4,0,31764,0,0
11/16/2009 10:40,41,12.6,16.9,43.8,76,29.4,0,31764,0,0
11/16/2009 10:50,358,15,16.7,43.8,75,29.4,0,31764,0,0
11/16/2009 11:00,71,21.5,22.5,43.5,73,29.4,0,31764,0,0
11/16/2009 11:10,78,14.7,16.9,43.3,72,29.4,0,31764,0,0
11/16/2009 11:20,75,13.4,15.3,43.3,71,29.4,0,31764,0,0
11/16/2009 11:30,55,16.1,18.3,43.5,70,29.4,0,31764,0,0
11/16/2009 11:40,76,12.9,15,43.7,70,29.3,0,31764,0,0
11/16/2009 11:50,73,13.4,15.6,43.5,71,29.4,0,31764,0,0
11/16/2009 12:00,74,13.9,15.6,43.3,70,29.4,0,31764,0,0
11/16/2009 12:10,53,18.7,22.3,43.3,72,29.3,0,31764,0,0
11/16/2009 12:20,33,17.2,19.1,43.3,72,29.3,0,31764,0,0
11/16/2009 12:30,41,16.1,19.6,43.3,72,29.3,0,31764,0,0
11/16/2009 12:40,49,6.6,7.8,43.1,72,29.4,0,31764,0,0
11/16/2009 12:50,51,11.8,13.6,42.9,72,29.3,0,31764,0,0
11/16/2009 13:00,75,7,8.6,43.1,71,29.3,0,31764,0,0
11/16/2009 13:10,83,10.2,11.1,43.3,72,29.3,0,31764,0,0
11/16/2009 13:20,59,9.6,12.7,43.3,71,29.3,0,31764,0,0
11/16/2009 13:30,72,11.3,13.6,43.3,72,29.3,0,31764,0,0
11/16/2009 13:40,47,8.2,10.2,43.3,72,29.3,0,31764,0,0
11/16/2009 13:50,57,12.4,18,43.5,70,29.3,0,31764,0,0
11/16/2009 14:00,45,16.7,18.3,43.5,68,29.3,0,31764,0,0
11/16/2009 14:10,52,11.4,15.3,43.7,70,29.4,0,31764,0,0
11/16/2009 14:20,76,17.1,18.4,43.7,69,29.4,0,31764,0,0
11/16/2009 14:30,27,16.1,17.5,43.7,68,29.4,0,31764,0,0
11/16/2009 14:40,18,6.5,8,43.8,70,29.4,0,31764,0,0
11/16/2009 14:50,64,18.8,23.7,43.8,67,29.4,0,31764,0,0
11/16/2009 15:00,38,18.4,20.8,44,67,29.4,0,31764,0,0
11/16/2009 15:10,53,13.1,14.6,44,65,29.4,0,31764,0,0
11/16/2009 15:20,96,13.1,16,44,66,29.4,0,31764,0,0
11/16/2009 15:30,51,10.2,11.7,44,66,29.4,0,31764,0,0
11/16/2009 15:40,65,8.2,10,44.2,67,29.4,0,31764,0,0
11/16/2009 15:50,48,14.3,15.6,44.2,67,29.4,0,31764,0,0
11/16/2009 16:00,48,10.6,12,44,66,29.4,0,31764,0,0
11/16/2009 16:10,76,7.6,8.5,44,65,29.4,0,31764,0,0
11/16/2009 16:20,90,7.4,8.3,44,65,29.4,0,31764,0,0
11/16/2009 16:30,71,6.3,7.6,44,65,29.4,0,31764,0,0
11/16/2009 16:40,77,11.7,12.6,44,65,29.4,0,31764,0,0
11/16/2009 16:50,103,5.6,7.7,44,65,29.4,0,31764,0,0
11/16/2009 17:00,87,6.8,7.9,43.8,65,29.4,0,31764,0,0
11/16/2009 17:10,70,9.5,11,44,65,29.4,0,31764,0,0
11/16/2009 17:20,64,8.7,11.2,44,65,29.4,0,31764,0,0
11/16/2009 17:30,44,6.6,8.4,43.8,65,29.4,0,31764,0,0
11/16/2009 17:40,66,12.8,14,43.8,65,29.4,0,31764,0,0
11/16/2009 17:50,69,8.5,9.9,43.7,65,29.4,0,31764,0,0
11/16/2009 18:00,73,12.6,13.8,43.7,65,29.4,0,31764,0,0
11/16/2009 18:10,77,12.1,13.4,43.5,64,29.4,0,31764,0,0
11/16/2009 18:20,63,13.1,16.6,43.5,64,29.4,0,31764,0,0
11/16/2009 18:30,66,6.4,10,43.5,64,29.4,0,31764,0,0
11/16/2009 18:40,59,11.6,12.4,43.5,64,29.4,0,31764,0,0
11/16/2009 18:50,89,8.3,8.7,43.5,63,29.4,0,31764,0,0
11/16/2009 19:00,83,13.7,15.4,43.5,62,29.4,0,31764,0,0
11/16/2009 19:10,83,9.1,10.6,43.5,62,29.4,0,31764,0,0
11/16/2009 19:20,90,11,11.6,43.5,60,29.4,0,31764,0,0
11/16/2009 19:30,66,15.5,16.9,43.5,57,29.4,0,31764,0,0
11/16/2009 19:40,76,12.5,13.3,43.5,55,29.4,0,31764,0,0
11/16/2009 19:50,69,11,11.8,43.5,55,29.4,0,31764,0,0
11/16/2009 20:00,77,13.5,14.4,43.7,53,29.4,0,31764,0,0
11/16/2009 20:10,68,8.9,9.6,43.8,52,29.4,0,31764,0,0
11/16/2009 20:20,73,10.4,11.7,43.8,51,29.4,0,31764,0,0
11/16/2009 20:30,82,9.1,10.2,43.8,52,29.4,0,31764,0,0
11/16/2009 20:40,66,12.9,13.8,43.7,52,29.4,0,31764,0,0
11/16/2009 20:50,65,8.7,9.8,43.7,51,29.4,0,31764,0,0
11/16/2009 21:00,79,6.3,7,43.7,50,29.4,0,31764,0,0
11/16/2009 21:10,58,12.3,15.2,43.7,49,29.4,0,31764,0,0
11/16/2009 21:20,86,10,11.4,43.5,49,29.4,0,31764,0,0
11/16/2009 21:30,79,11.1,12.2,43.5,49,29.4,0,31764,0,0
11/16/2009 21:40,98,13,15.2,43.7,49,29.4,0,31764,0,0
11/16/2009 21:50,63,13.8,15.6,43.7,49,29.4,0,31764,0,0
11/16/2009 22:00,69,8.7,10,43.7,49,29.4,0,31764,0,0
11/16/2009 22:10,83,18.1,19.2,43.7,48,29.4,0,31764,0,0
11/16/2009 22:20,80,9,12.9,43.7,48,29.4,0,31764,0,0
11/16/2009 22:30,53,16.6,18.4,43.7,48,29.4,0,31764,0,0
11/16/2009 22:40,65,21,23,43.5,48,29.4,0,31764,0,0
11/16/2009 22:50,77,12.4,15.2,43.5,48,29.4,0,31764,0,0
11/16/2009 23:00,80,14.8,15.3,43.3,47,29.4,0,31764,0,0
11/16/2009 23:10,29,6.2,9.5,43.1,48,29.4,0,31764,0,0
11/16/2009 23:20,87,7.8,8.9,42.9,48,29.4,0,31764,0,0
11/16/2009 23:30,80,15.1,16.4,42.8,48,29.4,0,31764,0,0
11/16/2009 23:40,46,11.8,12.5,42.8,48,29.4,0,31764,0,0
11/16/2009 23:50,48,14.5,15.2,42.6,48,29.4,0,31764,0,0
11/17/2009 0:00,67,12.9,14.1,42.6,48,29.4,0,31764,0,0
11/17/2009 0:10,97,7.3,8.4,42.4,49,29.4,0,31764,0,0
11/17/2009 0:20,70,9.9,11,42.2,49,29.4,0,31764,0,0
11/17/2009 0:30,70,8.4,12.2,42.2,50,29.4,0,31764,0,0
11/17/2009 0:40,75,13,14.2,42,51,29.4,0,31764,0,0
11/17/2009 0:50,77,11.8,16.5,42,52,29.4,0,31764,0,0
11/17/2009 1:00,56,10.8,12.5,42,53,29.4,0,31764,0,0
11/17/2009 1:10,64,16.3,18.1,42,54,29.4,0,31764,0,0
11/17/2009 1:20,76,8.7,12.1,41.9,55,29.4,0,31764,0,0
11/17/2009 1:30,65,16.2,18.3,41.9,57,29.4,0,31764,0,0
11/17/2009 1:40,94,12.5,14.1,41.9,58,29.4,0,31764,0,0
11/17/2009 1:50,76,9.5,10.6,41.7,59,29.4,0,31764,0,0
11/17/2009 2:00,60,18.6,21.1,41.7,59,29.4,0,31764,0,0
11/17/2009 2:10,70,12.8,16,41.5,58,29.4,0,31764,0,0
11/17/2009 2:20,66,11.1,13.6,41.5,58,29.4,0,31764,0,0
11/17/2009 2:30,84,14.9,16.8,41.3,58,29.4,0,31764,0,0
11/17/2009 2:40,79,8.9,10,41.3,59,29.4,0,31764,0,0
11/17/2009 2:50,91,8.9,10.1,41.1,59,29.4,0,31764,0,0
11/17/2009 3:00,71,13.6,15.8,41,60,29.4,0,31764,0,0
11/17/2009 3:10,86,8,9.3,41,60,29.4,0,31764,0,0
11/17/2009 3:20,80,10.6,11.8,40.8,61,29.4,0,31764,0,0
11/17/2009 3:30,69,13.2,15,40.8,61,29.4,0,31764,0,0
11/17/2009 3:40,57,10.4,12,40.8,61,29.4,0,31764,0,0
11/17/2009 3:50,72,8.7,9.9,40.6,62,29.4,0,31764,0,0
11/17/2009 4:00,83,9.4,11.2,40.2,62,29.4,0,31764,0,0
11/17/2009 4:10,89,13.7,14.6,40.2,62,29.4,0,31764,0,0
11/17/2009 4:20,94,7.9,8.9,40.2,62,29.4,0,31764,0,0
11/17/2009 4:30,65,10.9,12.2,40.2,62,29.4,0,31764,0,0
11/17/2009 4:40,77,8.9,10.4,39.9,62,29.4,0,31764,0,0
11/17/2009 4:50,84,8.3,8.8,39.3,64,29.4,0,31764,0,0
11/17/2009 5:00,68,11.9,12.7,39.2,65,29.4,0,31764,0,0
11/17/2009 5:10,67,9.9,11.5,39,65,29.4,0,31764,0,0
11/17/2009 5:20,62,10.7,11.3,39,66,29.4,0,31764,0,0
11/17/2009 5:30,73,12.8,14.4,39.2,65,29.4,0,31764,0,0
11/17/2009 5:40,72,12.2,13.1,39.3,63,29.4,0,31764,0,0
11/17/2009 5:50,60,14,15.7,39.5,63,29.4,0,31764,0,0
11/17/2009 6:00,79,13.6,14.9,39.9,62,29.4,0,31764,0,0
11/17/2009 6:10,65,11,12,39.9,62,29.4,0,31764,0,0
11/17/2009 6:20,85,13,14.1,40.1,62,29.4,0,31764,0,0
11/17/2009 6:30,69,10.4,11.6,40.2,62,29.4,0,31764,0,0
11/17/2009 6:40,70,9.8,12.2,40.4,61,29.4,0,31764,0,0
11/17/2009 6:50,59,11.7,13.6,40.2,62,29.4,0,31764,0,0
11/17/2009 7:00,61,11.5,12.4,40.1,63,29.4,0,31764,0,0
11/17/2009 7:10,34,7.5,8.4,40.6,63,29.4,0,31764,0,0
11/17/2009 7:20,72,5.8,6.4,41.7,61,29.4,0,31764,0,0
11/17/2009 7:30,51,11.8,12.4,41.9,60,29.4,0,31764,0,0
11/17/2009 7:40,46,15.1,16.5,42.4,60,29.4,0,31764,0,0
11/17/2009 7:50,43,9.3,10.5,42.9,60,29.4,0,31764,0,0
11/17/2009 8:00,47,16.7,18.2,43.5,58,29.4,0,31764,0,0
11/17/2009 8:10,47,11.2,12.6,44,60,29.4,0,31764,0,0
11/17/2009 8:20,91,9.4,11,44.6,60,29.4,0,31764,0,0
11/17/2009 8:30,54,10.8,12.3,45.3,62,29.4,0,31764,0,0
11/17/2009 8:40,34,15.3,16.4,45.5,62,29.4,0,31764,0,0
11/17/2009 8:50,2,8.4,11.8,46.2,62,29.4,0,31764,0,0
11/17/2009 9:00,36,17.8,19.5,46.7,62,29.4,0,31764,0,0
11/17/2009 9:10,43,15.1,15.6,46.9,63,29.4,0,31764,0,0
11/17/2009 9:20,56,17.2,18.1,46.9,63,29.4,0,31764,0,0
11/17/2009 9:30,35,15.6,17.9,47.3,63,29.4,0,31764,0,0
11/17/2009 9:40,60,12.3,13.9,47.4,63,29.4,0,31764,0,0
11/17/2009 9:50,69,18.2,19.3,47.8,56,29.4,0,31764,0,0
11/17/2009 10:00,50,9.3,11,48,59,29.4,0,31764,0,0
11/17/2009 10:10,66,13.9,15.1,48.2,62,29.4,0,31764,0,0
11/17/2009 10:20,63,13.1,13.8,47.8,63,29.4,0,31764,0,0
11/17/2009 10:30,56,21.2,25.4,47.6,64,29.4,0,31764,0,0
11/17/2009 10:40,57,19.8,22.8,47.4,66,29.4,0,31764,0,0
11/17/2009 10:50,71,18,20.2,47.3,65,29.4,0,31764,0,0
11/17/2009 11:00,75,19.6,20.8,47.4,68,29.4,0,31764,0,0
11/17/2009 11:10,57,16.9,17.9,47.4,68,29.4,0,31764,0,0
11/17/2009 11:20,52,14.5,16.6,47.4,68,29.4,0,31764,0,0
11/17/2009 11:30,63,14.5,15.5,47.6,69,29.4,0,31764,0,0
11/17/2009 11:40,59,21,24.4,47.3,68,29.4,0,31764,0,0
11/17/2009 11:50,60,25.8,27.9,47.6,67,29.4,0,31764,0,0
11/17/2009 12:00,55,16.4,22.5,47.6,68,29.4,0,31764,0,0
11/17/2009 12:10,39,16.8,21.3,47.8,67,29.4,0,31764,0,0
11/17/2009 12:20,61,23,26,47.8,67,29.4,0,31764,0,0
11/17/2009 12:30,41,15.1,18.8,48.2,66,29.3,0,31764,0,0
11/17/2009 12:40,37,17.4,18.5,48.2,67,29.3,0,31764,0,0
11/17/2009 12:50,39,9.7,12.5,48.2,68,29.3,0,31764,0,0
11/17/2009 13:00,48,13,18.3,48.3,66,29.3,0,31764,0,0
11/17/2009 13:10,76,15.1,17.4,48.3,67,29.3,0,31764,0,0
11/17/2009 13:20,86,22.6,24.6,48.3,66,29.3,0,31764,0,0
11/17/2009 13:30,59,18.7,19.5,48.3,67,29.3,0,31764,0,0
11/17/2009 13:40,64,20.7,23.7,48.3,67,29.3,0,31764,0,0
11/17/2009 13:50,48,15.8,18.4,48.3,67,29.3,0,31764,0,0
11/17/2009 14:00,66,26.1,27.5,48.3,65,29.3,0,31764,0,0
11/17/2009 14:10,50,17,20.4,48.3,66,29.3,0,31764,0,0
11/17/2009 14:20,63,11.9,12.8,48.3,65,29.3,0,31764,0,0
11/17/2009 14:30,59,10.5,11.5,48.2,66,29.4,0,31764,0,0
11/17/2009 14:40,63,7,8,48.2,65,29.4,0,31764,0,0
11/17/2009 14:50,69,12.9,14.7,48.2,64,29.4,0,31764,0,0
11/17/2009 15:00,117,8.2,9,48,63,29.4,0,31764,0,0
11/17/2009 15:10,59,8.1,12.1,48,62,29.4,0,31764,0,0
11/17/2009 15:20,69,6.7,7.6,47.8,62,29.4,0,31764,0,0
11/17/2009 15:30,84,8.9,9.8,47.6,62,29.4,0,31764,0,0
11/17/2009 15:40,58,7.3,8.5,47.4,61,29.4,0,31764,0,0
11/17/2009 15:50,83,9.8,11.1,47.3,61,29.4,0,31764,0,0
11/17/2009 16:00,58,10.2,11.5,47.1,61,29.4,0,31764,0,0
11/17/2009 16:10,58,5.2,6.2,47.1,61,29.4,0,31764,0,0
11/17/2009 16:20,91,7,8.3,46.7,61,29.4,0,31764,0,0
11/17/2009 16:30,86,10.3,10.8,46.5,61,29.4,0,31764,0,0
11/17/2009 16:40,77,7.4,7.9,46.4,61,29.4,0,31764,0,0
11/17/2009 16:50,59,9.8,10.9,46.2,61,29.4,0,31764,0,0
11/17/2009 17:00,85,5.8,6.3,46,61,29.4,0,31764,0,0
11/17/2009 17:10,76,5.1,5.7,45.8,61,29.4,0,31764,0,0
11/17/2009 17:20,80,5.3,5.9,45.8,60,29.4,0,31764,0,0
11/17/2009 17:30,67,6.6,7.1,45.6,60,29.4,0,31764,0,0
11/17/2009 17:40,77,8.6,9.1,45.8,58,29.4,0,31764,0,0
11/17/2009 17:50,61,8.2,9.5,45.8,58,29.4,0,31764,0,0
11/17/2009 18:00,66,6.7,7.2,46,56,29.4,0,31764,0,0
11/17/2009 18:10,57,5.6,6.7,46.5,52,29.4,0,31764,0,0
11/17/2009 18:20,84,6.6,7.1,47.1,47,29.4,0,31764,0,0
11/17/2009 18:30,69,8.7,9.7,47.1,45,29.4,0,31764,0,0
11/17/2009 18:40,73,10.3,11.1,47.4,40,29.4,0,31764,0,0
11/17/2009 18:50,88,9.2,9.7,48.2,35,29.4,0,31764,0,0
11/17/2009 19:00,72,11.6,12.4,48.7,31,29.4,0,31764,0,0
11/17/2009 19:10,82,8.1,9.3,49.1,29,29.4,0,31764,0,0
11/17/2009 19:20,77,6.1,6.5,49.1,27,29.4,0,31764,0,0
11/17/2009 19:30,80,9.8,11.6,49.8,24,29.4,0,31764,0,0
11/17/2009 19:40,78,7.9,9,49.6,24,29.4,0,31764,0,0
11/17/2009 19:50,51,7.1,7.7,49.6,23,29.4,0,31764,0,0
11/17/2009 20:00,53,9.2,10.1,49.8,22,29.4,0,31764,0,0
11/17/2009 20:10,77,6.5,7.4,49.8,22,29.4,0,31764,0,0
11/17/2009 20:20,70,6.8,7.7,49.8,21,29.4,0,31764,0,0
11/17/2009 20:30,72,6.7,7.8,50.1,21,29.4,0,31764,0,0
11/17/2009 20:40,82,7.8,8.5,50,21,29.4,0,31764,0,0
11/17/2009 20:50,84,10.3,11.1,49.8,22,29.4,0,31764,0,0
11/17/2009 21:00,78,6.3,6.9,49.6,23,29.4,0,31764,0,0
11/17/2009 21:10,105,7.6,8.1,49.4,26,29.4,0,31764,0,0
11/17/2009 21:20,82,10.7,11.7,49.2,27,29.4,0,31764,0,0
11/17/2009 21:30,127,8.5,9.7,49.2,30,29.4,0,31764,0,0
11/17/2009 21:40,127,11.5,13.6,49.4,30,29.4,0,31764,0,0
11/17/2009 21:50,121,7.4,8,49.1,32,29.4,0,31764,0,0
11/17/2009 22:00,135,6.5,10.5,49.1,33,29.4,0,31764,0,0
11/17/2009 22:10,136,10.9,15.1,49.2,33,29.4,0,31764,0,0
11/17/2009 22:20,126,10.7,12.3,49.2,34,29.4,0,31764,0,0
11/17/2009 22:30,134,9.6,10.3,49.1,35,29.4,0,31764,0,0
11/17/2009 22:40,127,10.7,13.5,49.2,35,29.4,0,31764,0,0
11/17/2009 22:50,136,10.9,13.8,49.1,35,29.4,0,31764,0,0
11/17/2009 23:00,132,14.6,15.6,49.2,35,29.4,0,31764,0,0
11/17/2009 23:10,122,8.8,11,49.1,35,29.4,0,31764,0,0
11/17/2009 23:20,121,10.8,12.5,49.1,35,29.4,0,31764,0,0
11/17/2009 23:30,131,16.5,17.9,48.9,35,29.4,0,31764,0,0
11/17/2009 23:40,131,15.3,15.9,48.9,35,29.4,0,31764,0,0
11/17/2009 23:50,41,4.1,7.7,48.9,35,29.4,0,31764,0,0
11/18/2009 0:00,132,18.2,19.6,49.1,35,29.4,0,31764,0,0
11/18/2009 0:10,131,12.7,14.8,49.1,35,29.4,0,31764,0,0
11/18/2009 0:20,142,30,32.5,48.9,35,29.4,0,31764,0,0
11/18/2009 0:30,127,20.8,26.3,48.7,35,29.4,0,31764,0,0
11/18/2009 0:40,124,14,15.8,48.7,36,29.4,0,31764,0,0
11/18/2009 0:50,147,15.5,19.1,48.7,35,29.4,0,31764,0,0
11/18/2009 1:00,135,24.4,26.8,48.7,35,29.4,0,31764,0,0
11/18/2009 1:10,143,12.8,17.9,48.5,35,29.4,0,31764,0,0
11/18/2009 1:20,152,19.8,22.7,48.5,35,29.4,0,31764,0,0
11/18/2009 1:30,157,19.5,21.4,48.5,35,29.4,0,31764,0,0
11/18/2009 1:40,134,23.1,24.4,48.5,34,29.4,0,31764,0,0
11/18/2009 1:50,131,31.4,34.9,48.7,34,29.3,0,31764,0,0
11/18/2009 2:00,146,20.9,27.8,48.5,34,29.4,0,31764,0,0
11/18/2009 2:10,107,9.1,15,48.9,34,29.4,0,31764,0,0
11/18/2009 2:20,143,13.8,16.9,48.7,35,29.4,0,31764,0,0
11/18/2009 2:30,132,16.9,20.4,48.5,35,29.4,0,31764,0,0
11/18/2009 2:40,105,12.3,14.3,48.7,35,29.4,0,31764,0,0
11/18/2009 2:50,137,14.6,16.6,48.7,36,29.4,0,31764,0,0
11/18/2009 3:00,145,24.1,26.7,48.9,36,29.4,0,31764,0,0
11/18/2009 3:10,131,20.2,23.1,48.7,37,29.4,0,31764,0,0
11/18/2009 3:20,135,23,26.1,48.5,37,29.4,0,31764,0,0
11/18/2009 3:30,143,25.8,27.8,48.5,37,29.4,0,31764,0,0
11/18/2009 3:40,132,21.1,25.3,48.3,38,29.4,0,31764,0,0
11/18/2009 3:50,138,24.1,25.7,48.3,38,29.4,0,31764,0,0
11/18/2009 4:00,148,20.8,22.4,48.2,38,29.4,0,31764,0,0
11/18/2009 4:10,137,9.6,15.5,48.2,38,29.4,0,31764,0,0
11/18/2009 4:20,141,16.2,18,48,38,29.4,0,31764,0,0
11/18/2009 4:30,137,21.3,25,47.8,38,29.4,0,31764,0,0
11/18/2009 4:40,130,18.7,21.5,48,38,29.4,0,31764,0,0
11/18/2009 4:50,131,10.7,17.2,47.8,38,29.4,0,31764,0,0
11/18/2009 5:00,143,13.4,17.5,47.6,38,29.4,0,31764,0,0
11/18/2009 5:10,148,22.1,24.5,47.8,38,29.4,0,31764,0,0
11/18/2009 5:20,163,20.7,23,47.6,37,29.4,0,31764,0,0
11/18/2009 5:30,141,13.2,16.1,47.8,37,29.4,0,31764,0,0
11/18/2009 5:40,141,11.3,15.4,47.8,36,29.4,0,31764,0,0
11/18/2009 5:50,53,7.2,12.1,48,35,29.4,0,31764,0,0
11/18/2009 6:00,137,7.8,10.5,48.2,35,29.4,0,31764,0,0
11/18/2009 6:10,112,14.1,15.2,48.3,34,29.4,0,31764,0,0
11/18/2009 6:20,185,9.5,12.4,48.3,34,29.4,0,31764,0,0
11/18/2009 6:30,153,19.9,23.6,48.7,34,29.4,0,31764,0,0
11/18/2009 6:40,158,23.6,25.3,49.2,32,29.4,0,31764,0,0
11/18/2009 6:50,171,24.7,26.9,49.1,33,29.4,0,31764,0,0
11/18/2009 7:00,145,31.8,34.5,49.1,33,29.4,0,31764,0,0
11/18/2009 7:10,173,18.2,21.5,49.2,33,29.4,0,31764,0,0
11/18/2009 7:20,141,23.3,27.2,49.2,34,29.4,0,31764,0,0
11/18/2009 7:30,152,23.9,25.5,49.4,35,29.4,0,31764,0,0
11/18/2009 7:40,160,15,18.4,50.1,36,29.4,0,31764,0,0
11/18/2009 7:50,141,10.8,12.9,50.9,36,29.4,0,31764,0,0
11/18/2009 8:00,169,10.7,15.7,51.4,37,29.4,0,31774,0,0
11/18/2009 8:10,144,22.7,27.5,52.1,37,29.4,0,31784,0,0
11/18/2009 8:20,160,12.4,21.7,52.8,38,29.4,0,31784,0,0
11/18/2009 8:30,152,15.6,17.8,52.7,39,29.4,0,31784,0,0
11/18/2009 8:40,137,24.3,25.3,53.7,39,29.4,0,31784,0,0
11/18/2009 8:50,153,19.7,20.8,53.7,39,29.4,0,31784,0,0
11/18/2009 9:00,131,7.8,16.4,53.9,41,29.4,0,31784,0,0
11/18/2009 9:10,134,10.6,13.1,53.9,41,29.4,0,31784,0,0
11/18/2009 9:20,151,12,13.1,54.1,42,29.4,0,31784,0,0
11/18/2009 9:30,144,15.5,16.3,55,41,29.4,0,31784,0,0
11/18/2009 9:40,139,14.8,16.4,56.4,40,29.4,0,31784,0,0
11/18/2009 9:50,142,9.7,13.9,56.6,40,29.4,0,31784,0,0
11/18/2009 10:00,156,11.7,16.4,57.5,40,29.4,0,31784,0,0
11/18/2009 10:10,143,18.1,21,57.7,40,29.4,0,31784,0,0
11/18/2009 10:20,148,17.6,18.8,57.9,41,29.4,0,31784,0,0
11/18/2009 10:30,146,13.1,18.5,58.1,41,29.4,0,31784,0,0
11/18/2009 10:40,93,4.7,12.6,58.6,41,29.4,0,31784,0,0
11/18/2009 10:50,160,6.6,8.6,58.4,41,29.4,0,31784,0,0
11/18/2009 11:00,144,16.8,22.2,58.6,41,29.4,0,31784,0,0
11/18/2009 11:10,179,9.7,15.6,58.8,41,29.4,0,31784,0,0
11/18/2009 11:20,171,11.3,13.2,59.3,41,29.4,0,31784,0,0
11/18/2009 11:30,154,8.7,11.9,59.1,42,29.4,0,31784,0,0
11/18/2009 11:40,167,8,9.9,58.8,43,29.4,0,31784,0,0
11/18/2009 11:50,120,10.9,12.4,59.7,42,29.4,0,31784,0,0
11/18/2009 12:00,87,3.2,5.3,59.1,42,29.4,0,31784,0,0
11/18/2009 12:10,183,5.9,6.3,59.3,43,29.4,0,31784,0,0
11/18/2009 12:20,150,14.1,17.1,59,44,29.4,0,31784,0,0
11/18/2009 12:30,179,8.5,10.4,59.1,44,29.4,0,31784,0,0
11/18/2009 12:40,121,6.5,7.3,59.1,45,29.4,0,31784,0,0
11/18/2009 12:50,163,10.1,14.3,59.3,45,29.4,0,31784,0,0
11/18/2009 13:00,161,13.1,15.5,59.1,45,29.4,0,31784,0,0
11/18/2009 13:10,169,8,11.9,58.8,46,29.4,0,31784,0,0
11/18/2009 13:20,140,4,4.7,58.6,46,29.4,0,31784,0,0
11/18/2009 13:30,154,7.6,9.2,58.4,47,29.4,0,31784,0,0
11/18/2009 13:40,111,5.6,5.9,58.2,47,29.4,0,31784,0,0
11/18/2009 13:50,138,5.7,6.7,57.9,48,29.4,0,31784,0,0
11/18/2009 14:00,184,2.5,3.8,57.7,49,29.4,0,31784,0,0
11/18/2009 14:10,108,4.5,5.6,57.3,50,29.4,0,31784,0,0
11/18/2009 14:20,120,6.6,7.4,57.2,50,29.4,0,31784,0,0
11/18/2009 14:30,96,3.6,4.1,56.8,51,29.4,0,31784,0,0
11/18/2009 14:40,139,4.1,5.3,56.8,51,29.4,0,31784,0,0
11/18/2009 14:50,109,3.2,4.2,56.4,52,29.4,0,31784,0,0
11/18/2009 15:00,196,3.4,4.2,56.1,53,29.4,0,31784,0,0
11/18/2009 15:10,132,5.1,5.7,55.7,54,29.4,0,31784,0,0
11/18/2009 15:20,102,5.6,7.4,55.5,55,29.4,0,31784,0,0
11/18/2009 15:30,92,5.3,6,55.2,55,29.4,0,31784,0,0
11/18/2009 15:40,106,8.9,9.4,55,56,29.4,0,31784,0,0
11/18/2009 15:50,25,3.6,4.8,54.6,57,29.4,0,31784,0,0
11/18/2009 16:00,144,4.9,6,54.5,58,29.4,0,31784,0,0
11/18/2009 16:10,108,3.3,4,54.3,58,29.4,0,31784,0,0
11/18/2009 16:20,180,6.2,8.1,54.1,59,29.4,0,31784,0,0
11/18/2009 16:30,146,12.8,13.8,53.9,59,29.4,0,31784,0,0
11/18/2009 16:40,131,10.3,12.3,53.7,60,29.4,0,31784,0,0
11/18/2009 16:50,123,9.8,11.4,53.6,60,29.4,0,31784,0,0
11/18/2009 17:00,126,8,11.4,53.4,61,29.4,0,31784,0,0
11/18/2009 17:10,141,10.8,12.3,53.2,62,29.4,0,31784,0,0
11/18/2009 17:20,143,15.4,18.4,53,62,29.4,0,31784,0,0
11/18/2009 17:30,153,10.6,12.4,52.8,63,29.4,0,31784,0,0
11/18/2009 17:40,118,8.3,9.1,52.7,64,29.4,0,31784,0,0
11/18/2009 17:50,153,16.4,19.4,52.7,64,29.4,0,31784,0,0
11/18/2009 18:00,154,19,19.8,52.7,65,29.4,0,31784,0,0
11/18/2009 18:10,133,12.5,15.9,52.5,66,29.4,0,31784,0,0
11/18/2009 18:20,168,20.6,24.4,52.5,67,29.4,0,31784,0,0
11/18/2009 18:30,188,16.7,18,52.5,68,29.4,0,31784,0,0
11/18/2009 18:40,153,13.8,18.8,52.5,68,29.4,0,31784,0,0
11/18/2009 18:50,162,12.7,14.1,52.3,68,29.4,0,31784,0,0
11/18/2009 19:00,151,18.2,19.8,52.1,69,29.4,0,31784,0,0
11/18/2009 19:10,138,20.1,23.5,51.9,69,29.4,0,31784,0,0
11/18/2009 19:20,149,12.4,17.4,51.8,69,29.4,0,31784,0,0
11/18/2009 19:30,119,10.6,14.1,51.8,70,29.4,0,31784,0,0
11/18/2009 19:40,115,8.5,10.7,51.9,70,29.4,0,31784,0,0
11/18/2009 19:50,122,7.5,9.5,52.1,69,29.4,0,31784,0,0
11/18/2009 20:00,150,14,19.8,52.1,69,29.4,0,31784,0,0
11/18/2009 20:10,159,9.8,14.5,52.1,69,29.4,0,31784,0,0
11/18/2009 20:20,152,12.7,15.7,52.3,69,29.4,0,31784,0,0
11/18/2009 20:30,122,8.1,10.9,52.3,68,29.4,0,31784,0,0
11/18/2009 20:40,146,14.5,18,52.3,68,29.4,0,31784,0,0
11/18/2009 20:50,123,5.8,7.6,52.1,68,29.4,0,31794,0,0
11/18/2009 21:00,160,9.2,9.8,51.9,68,29.4,0,31794,0,0
11/18/2009 21:10,144,8.5,9.4,51.6,69,29.4,0,31794,0,0
11/18/2009 21:20,134,23.5,27.4,51.6,69,29.4,0,31794,0,0
11/18/2009 21:30,138,19.3,21.7,51.6,69,29.3,0,31804,0,0
11/18/2009 21:40,130,22.3,23.8,51.4,70,29.3,0,31804,0,0
11/18/2009 21:50,156,12.8,14.6,51.6,70,29.3,0,31804,0,0
11/18/2009 22:00,115,9.4,10.8,51.6,70,29.3,0,31804,0,0
11/18/2009 22:10,131,22.9,27,51.8,70,29.3,0,31914,0.01,0.01
11/18/2009 22:20,127,21.9,22.6,51.6,70,29.3,0,31914,0,0
11/18/2009 22:30,131,9.1,14.3,51.8,70,29.3,0,31914,0,0
11/18/2009 22:40,141,16.8,20.3,51.8,71,29.3,0,32014,0,0
11/18/2009 22:50,142,11.4,15.3,51.8,71,29.3,0,32014,0,0
11/18/2009 23:00,137,16.2,18,51.9,71,29.3,0,32104,0,0
11/18/2009 23:10,145,16.7,18.8,51.8,73,29.3,0,32244,0,0
11/18/2009 23:20,142,21.7,23.8,51.8,74,29.3,0.01,32374,0,0
11/18/2009 23:30,350,28.8,32.1,50.7,82,29.3,0.02,32894,0.09,0.09
11/18/2009 23:40,-Invalid-,-Invalid-,-Invalid-,-Invalid-,-Invalid-,-Invalid-,-Invalid-,-Invalid-,-Invalid-,-Invalid-
11/18/2009 23:50,91,25,36.1,49.4,92,29.3,0.09,33664,0,0
11/19/2009 0:00,211,21.7,25,50,92,29.3,0.16,34254,0.43,0.43
11/19/2009 0:10,133,11.2,18.4,49.8,92,29.3,0.21,34854,0.12,0.12
11/19/2009 0:20,112,18.5,20.9,49.4,92,29.3,0.26,35464,0.31,0.31
11/19/2009 0:30,153,17.4,18.3,49.4,91,29.3,0.29,36044,0.14,0.14
11/19/2009 0:40,169,8.5,12.5,49.4,91,29.3,0.3,36344,0,0
11/19/2009 0:50,142,8.1,11.7,50.5,87,29.3,0.3,36344,0,0
11/19/2009 1:00,116,8.2,10.7,50.7,86,29.3,0.3,36414,0.03,0.03
11/19/2009 1:10,116,13.1,18.3,50.1,89,29.3,0.32,36984,0.22,0.22
11/19/2009 1:20,120,13.5,14.6,49.8,91,29.3,0.35,37574,0.27,0.27
11/19/2009 1:30,106,9.5,12.4,50,90,29.3,0.36,37834,0,0
11/19/2009 1:40,125,12.3,13.9,50.5,87,29.3,0.36,37834,0,0
11/19/2009 1:50,134,17,20.8,50.7,86,29.3,0.36,37834,0,0
11/19/2009 2:00,133,18.6,21,51.6,84,29.3,0.36,37834,0,0
11/19/2009 2:10,140,10.1,11.7,51.9,84,29.3,0.36,37834,0,0
11/19/2009 2:20,137,18.9,20.5,51.9,83,29.3,0.36,37904,0,0
11/19/2009 2:30,156,21.5,25.3,51.9,84,29.3,0.37,38164,0.12,0.12
11/19/2009 2:40,112,10.4,12.9,51.8,84,29.3,0.37,38274,0,0
11/19/2009 2:50,151,23.1,26.7,51.9,84,29.3,0.37,38274,0,0
11/19/2009 3:00,141,15.6,20.2,51.9,84,29.3,0.37,38404,0.01,0.01
11/19/2009 3:10,123,10.2,13,51,89,29.3,0.41,39004,0.08,0.08
11/19/2009 3:20,134,24.3,26,51.2,87,29.3,0.41,39094,0,0
11/19/2009 3:30,183,23.4,26.4,51.6,85,29.3,0.41,39094,0,0
11/19/2009 3:40,186,8.8,12.7,51.8,83,29.3,0.41,39114,0,0
11/19/2009 3:50,147,16.7,19.4,51.9,82,29.3,0.41,39164,0.02,0.02
11/19/2009 4:00,144,20.1,22.9,51.6,84,29.3,0.41,39494,0,0
11/19/2009 4:10,168,15.8,19.7,51.8,83,29.3,0.41,39564,0,0
11/19/2009 4:20,140,22.1,24.9,51.9,82,29.3,0.41,39564,0,0
11/19/2009 4:30,148,22.6,23.3,51.9,82,29.3,0.41,39564,0,0
11/19/2009 4:40,153,14.1,17,52.3,81,29.3,0.41,39564,0,0
11/19/2009 4:50,137,16,18.6,52.3,81,29.3,0.41,39564,0,0
11/19/2009 5:00,154,23.8,25.9,52.5,81,29.3,0.41,39574,0,0
11/19/2009 5:10,161,15.5,18,52.7,80,29.3,0.41,39574,0,0
11/19/2009 5:20,156,27.2,29.1,52.7,79,29.3,0.41,39584,0,0
11/19/2009 5:30,151,11.3,20.5,52.7,80,29.3,0.41,39584,0,0
11/19/2009 5:40,150,14.4,19.1,52.7,80,29.3,0.41,39584,0,0
11/19/2009 5:50,141,11.7,15.8,52.7,80,29.3,0.41,39584,0,0
11/19/2009 6:00,161,10.8,15.4,52.8,79,29.3,0.41,39594,0,0
11/19/2009 6:10,166,18.6,22.3,53,79,29.3,0.41,39594,0,0
11/19/2009 6:20,137,19.8,23.7,53,79,29.3,0.41,39594,0,0
11/19/2009 6:30,133,8.9,15.9,53.4,78,29.3,0.41,39594,0,0
11/19/2009 6:40,152,23.3,26.6,53.4,78,29.3,0.41,39614,0,0
11/19/2009 6:50,144,20.8,22.9,53,80,29.3,0.41,39634,0.01,0.01
11/19/2009 7:00,291,22.8,24.4,51.2,90,29.3,0.44,40234,0.09,0.09
11/19/2009 7:10,151,15.2,20,51.6,88,29.3,0.44,40344,0,0
11/19/2009 7:20,142,11.5,13.4,52.1,86,29.3,0.44,40504,0,0
11/19/2009 7:30,138,20.5,22.2,52.7,82,29.3,0.44,40504,0,0
11/19/2009 7:40,145,6.8,16.2,53.2,82,29.3,0.44,40504,0,0
11/19/2009 7:50,129,6.2,7.2,53.4,81,29.3,0.44,40504,0,0
11/19/2009 8:00,139,4.2,4.9,53.7,80,29.3,0.44,40504,0,0
11/19/2009 8:10,38,7.9,10.5,53.6,81,29.3,0.44,40694,0,0
11/19/2009 8:20,155,7.4,8.8,53.7,81,29.3,0.44,40694,0,0
11/19/2009 8:30,128,13.1,14.6,54.1,79,29.3,0.44,40694,0,0
11/19/2009 8:40,160,8.7,11.8,54.3,79,29.3,0.44,40694,0,0
11/19/2009 8:50,142,14.3,18,54.5,79,29.3,0.44,40694,0,0
11/19/2009 9:00,193,14.1,16.4,54.8,79,29.3,0.44,40694,0,0
11/19/2009 9:10,158,13.6,16.3,54.6,79,29.3,0.44,40694,0,0
11/19/2009 9:20,163,6.4,7.5,54.5,80,29.3,0.44,40694,0,0
11/19/2009 9:30,156,12.1,14.4,54.8,79,29.3,0.44,40694,0,0
11/19/2009 9:40,113,5,6.3,55,79,29.2,0.44,40694,0,0
11/19/2009 9:50,138,17.8,21.5,54.8,79,29.2,0.44,40694,0,0
11/19/2009 10:00,166,17.8,21,54.5,81,29.2,0.45,41024,0.01,0.01
11/19/2009 10:10,150,21.9,23.8,53.9,83,29.2,0.45,41394,0,0
11/19/2009 10:20,135,10.2,16.2,53.9,84,29.2,0.45,41614,0.04,0.04
11/19/2009 10:30,133,13.2,15.8,53.7,85,29.2,0.45,41834,0,0
11/19/2009 10:40,158,21.4,22.6,53.9,83,29.2,0.45,41834,0,0
11/19/2009 10:50,143,12.2,14.9,54.3,83,29.2,0.45,41834,0,0
11/19/2009 11:00,164,5.8,8.9,54.3,83,29.2,0.45,41844,0,0
11/19/2009 11:10,320,15.1,16.8,53.6,86,29.2,0.46,42224,0,0
11/19/2009 11:20,328,23.1,24.9,53.7,85,29.2,0.46,42524,0.01,0.01
11/19/2009 11:30,306,33.7,36.2,53.7,86,29.2,0.46,42704,0,0
11/19/2009 11:40,286,38.3,40.3,53.7,86,29.2,0.46,42704,0,0
11/19/2009 11:50,278,38.9,43.1,53.7,86,29.2,0.46,42704,0,0
11/19/2009 12:00,272,41.6,42.5,53.6,87,29.2,0.46,42774,0,0
11/19/2009 12:10,301,35.2,38,53.6,87,29.2,0.46,42774,0,0
11/19/2009 12:20,178,15.3,23.9,53.7,86,29.2,0.46,42774,0,0
11/19/2009 12:30,145,11.6,12.1,53.7,86,29.2,0.46,42794,0,0
11/19/2009 12:40,156,8.9,9.9,53.7,87,29.2,0.46,43024,0.02,0.02
11/19/2009 12:50,190,6.3,7.3,53.6,87,29.2,0.47,43424,0.04,0.04
11/19/2009 13:00,165,6.2,7.5,53.6,89,29.2,0.47,43824,0,0
11/19/2009 13:10,150,7.9,10.2,53.6,89,29.2,0.47,43874,0,0
11/19/2009 13:20,205,4.8,5.5,53.6,89,29.2,0.47,43874,0,0
11/19/2009 13:30,219,3,3.4,53.6,90,29.2,0.47,43874,0,0
11/19/2009 13:40,280,10.8,13.4,53.6,91,29.2,0.47,43904,0,0
11/19/2009 13:50,250,19.3,22.9,50.7,93,29.2,0.49,44484,0.04,0.04
11/19/2009 14:00,266,13.3,14.8,49.2,95,29.2,0.49,44574,0,0
11/19/2009 14:10,236,19.3,21.1,48.5,96,29.2,0.49,44574,0,0
11/19/2009 14:20,262,17.3,18.4,48.2,96,29.2,0.49,44574,0,0
11/19/2009 14:30,246,16,17.4,47.8,96,29.2,0.49,44574,0,0
11/19/2009 14:40,249,17.4,18.2,47.6,95,29.2,0.49,44604,0,0
11/19/2009 14:50,273,7,8.5,47.6,94,29.2,0.49,44754,0,0
11/19/2009 15:00,243,12.4,14,47.6,94,29.2,0.49,44754,0,0
11/19/2009 15:10,264,6.5,8.7,47.6,93,29.2,0.49,44874,0,0
11/19/2009 15:20,248,8.9,9.8,47.6,92,29.2,0.49,45104,0,0
11/19/2009 15:30,243,5.2,6.6,47.4,92,29.2,0.49,45104,0,0
11/19/2009 15:40,250,8.7,10.2,47.4,93,29.2,0.49,45104,0,0
11/19/2009 15:50,266,8.4,8.9,47.4,93,29.2,0.49,45104,0,0
11/19/2009 16:00,259,10.7,11.6,47.6,86,29.2,0.49,45104,0,0
11/19/2009 16:10,268,11.2,12.6,48,86,29.2,0.49,45114,0,0
11/19/2009 16:20,283,9.9,10.8,46.9,88,29.2,0.49,45114,0,0
11/19/2009 16:30,274,9.3,10.4,46.9,87,29.2,0.49,45124,0,0
11/19/2009 16:40,254,5.7,6.6,46.7,89,29.2,0.49,45144,0,0
11/19/2009 16:50,205,6,6.8,46.4,91,29.2,0.51,45734,0.09,0.09
11/19/2009 17:00,225,2.7,3.5,46,92,29.2,0.52,46224,0.1,0.1
11/19/2009 17:10,180,3.9,4.3,46,93,29.2,0.52,46534,0,0
11/19/2009 17:20,207,5.7,6.5,46,93,29.2,0.53,46814,0,0
11/19/2009 17:30,227,6.6,7.8,45.8,94,29.2,0.53,47104,0,0
11/19/2009 17:40,247,6.6,7.2,46,95,29.2,0.53,47464,0.01,0.01
11/19/2009 17:50,274,11.7,13.6,46.2,95,29.2,0.54,47914,0,0
11/19/2009 18:00,266,7.6,7.9,46,96,29.2,0.54,47934,0,0
11/19/2009 18:10,260,6.9,8.4,46,95,29.2,0.54,47934,0,0
11/19/2009 18:20,257,6.4,6.8,46.2,95,29.2,0.54,47934,0,0
11/19/2009 18:30,296,9.7,12.2,46.4,90,29.2,0.54,47934,0,0
11/19/2009 18:40,248,11.5,12.8,45.8,91,29.2,0.54,48024,0,0
11/19/2009 18:50,238,18.9,20.5,45.8,89,29.2,0.54,48124,0,0
11/19/2009 19:00,227,8.9,13.4,45.8,90,29.2,0.54,48124,0,0
11/19/2009 19:10,227,13,13.9,45.6,89,29.2,0.54,48274,0,0
11/19/2009 19:20,195,8.9,10.1,45.6,90,29.2,0.54,48344,0,0
11/19/2009 19:30,202,7.8,8.3,45.3,93,29.2,0.54,48344,0,0
11/19/2009 19:40,217,9.1,10.2,45.1,93,29.2,0.54,48364,0,0
11/19/2009 19:50,230,10.5,11,45.1,92,29.2,0.55,48874,0.01,0.01
11/19/2009 20:00,224,8.2,9.6,45.1,92,29.2,0.55,49374,0,0
11/19/2009 20:10,232,13.4,14.5,44.9,92,29.2,0.55,49374,0,0
11/19/2009 20:20,222,11.3,12.3,45.1,91,29.2,0.55,49374,0,0
11/19/2009 20:30,218,9.7,10.4,45.1,91,29.2,0.55,49374,0,0
11/19/2009 20:40,235,7.9,9.2,45.3,90,29.2,0.55,49374,0,0
11/19/2009 20:50,258,18,18.8,45.1,90,29.2,0.55,49384,0,0
11/19/2009 21:00,246,12.4,13.5,44.9,92,29.2,0,49614,0.01,0.01
11/19/2009 21:10,220,8.4,9.6,44.9,91,29.2,0,49784,0,0
11/19/2009 21:20,209,11,13.2,44.9,91,29.2,0.01,50144,0,0
11/19/2009 21:30,217,10.5,12.3,44.9,90,29.2,0.01,50494,0,0
11/19/2009 21:40,255,6.3,8.2,44.7,90,29.2,0.01,50644,0,0
11/19/2009 21:50,241,7.9,9.7,44.6,90,29.3,0.01,50724,0,0
11/19/2009 22:00,234,13.4,14.4,44.6,89,29.3,0.01,51084,0.01,0.01
11/19/2009 22:10,226,15.3,16.1,44.6,89,29.3,0.01,51534,0.01,0.01
11/19/2009 22:20,247,6.1,8.4,44.4,90,29.3,0.01,51764,0,0
11/19/2009 22:30,228,6.6,7.4,44.2,90,29.3,0.01,51914,0,0
11/19/2009 22:40,234,7.7,8.2,44,90,29.3,0.01,52314,0,0
11/19/2009 22:50,227,10,10.6,44,90,29.3,0.01,52524,0.02,0.02
11/19/2009 23:00,235,16.6,17.9,43.8,89,29.2,0.02,52804,0,0
11/19/2009 23:10,215,8.4,9.3,43.7,89,29.2,0.02,52814,0,0
11/19/2009 23:20,206,9.4,11,43.7,88,29.3,0.02,52814,0,0
11/19/2009 23:30,214,10.6,11.6,43.5,87,29.2,0.02,52814,0,0
11/19/2009 23:40,233,12,12.6,43.5,87,29.2,0.02,52814,0,0
11/19/2009 23:50,211,14.3,15.1,43.5,85,29.2,0.02,52814,0,0
11/20/2009 0:00,215,14.2,15,43.5,86,29.2,0.02,52814,0,0
11/20/2009 0:10,241,8.1,8.7,43.5,86,29.3,0.02,52814,0,0
11/20/2009 0:20,205,13.6,15.1,43.5,85,29.2,0.02,52824,0,0
11/20/2009 0:30,202,9.6,11.3,43.5,85,29.3,0.02,52824,0,0
11/20/2009 0:40,203,10.5,12.4,43.5,85,29.3,0.02,52824,0,0
11/20/2009 0:50,198,11.5,14.6,43.5,85,29.2,0.02,52824,0,0
11/20/2009 1:00,217,14.7,17.1,43.7,84,29.2,0.02,52824,0,0
11/20/2009 1:10,219,11.2,12.3,43.5,85,29.3,0.02,52824,0,0
11/20/2009 1:20,210,21.1,22.7,43.5,84,29.2,0.02,52884,0,0
11/20/2009 1:30,204,10.7,15.6,43.7,83,29.2,0.02,52884,0,0
11/20/2009 1:40,202,17.2,18.7,43.7,84,29.2,0.02,52884,0,0
11/20/2009 1:50,200,14.8,16.2,43.7,84,29.2,0.02,52884,0,0
11/20/2009 2:00,203,12.7,14.6,43.5,85,29.2,0.02,52884,0,0
11/20/2009 2:10,198,9.1,9.8,43.5,84,29.2,0.02,52884,0,0
11/20/2009 2:20,212,8.5,11,43.5,85,29.2,0.02,52884,0,0
11/20/2009 2:30,203,12.5,13.5,43.3,85,29.2,0.02,52884,0,0
11/20/2009 2:40,210,14.7,16.9,43.3,84,29.2,0.02,52884,0,0
11/20/2009 2:50,211,10.6,12.8,43.5,85,29.2,0.02,52884,0,0
11/20/2009 3:00,197,8.8,11.4,43.5,84,29.2,0.02,52884,0,0
11/20/2009 3:10,202,11.7,13.6,43.7,84,29.2,0.02,52884,0,0
11/20/2009 3:20,219,14.2,15.5,43.7,84,29.2,0.02,52884,0,0
11/20/2009 3:30,199,12.9,14.4,43.8,84,29.2,0.02,52884,0,0
11/20/2009 3:40,215,17.7,18.3,43.8,83,29.2,0.02,52884,0,0
11/20/2009 3:50,210,13.1,14.3,43.8,83,29.2,0.02,52884,0,0
11/20/2009 4:00,218,10,12.1,43.8,83,29.2,0.02,52884,0,0
11/20/2009 4:10,227,11.6,13.3,43.7,83,29.2,0.02,52884,0,0
11/20/2009 4:20,203,14.7,16.2,43.7,82,29.2,0.02,52884,0,0
11/20/2009 4:30,217,13.4,14.5,43.8,83,29.2,0.02,52884,0,0
11/20/2009 4:40,218,15.5,16.4,43.8,83,29.2,0.02,52884,0,0
11/20/2009 4:50,216,12.5,14.6,43.8,83,29.2,0.02,52884,0,0
11/20/2009 5:00,227,6.5,8.8,43.7,84,29.3,0.02,53194,0,0
11/20/2009 5:10,207,4.9,7.6,43.7,85,29.3,0.02,53294,0,0
11/20/2009 5:20,226,15,16.5,43.8,83,29.3,0.02,53294,0,0
11/20/2009 5:30,216,13,15.3,43.8,83,29.3,0.02,53294,0,0
11/20/2009 5:40,220,22.5,23.1,44,81,29.3,0.02,53294,0,0
11/20/2009 5:50,229,14.2,15.2,43.7,84,29.3,0.03,53534,0.22,0.22
11/20/2009 6:00,202,8.8,11.5,43.5,86,29.3,0.04,54034,0,0
11/20/2009 6:10,259,21.7,23.4,43.5,86,29.3,0.04,54564,0.05,0.05
11/20/2009 6:20,201,9.5,12.9,43.7,86,29.3,0.05,54724,0,0
11/20/2009 6:30,222,7.9,9.1,43.7,85,29.3,0.05,54724,0,0
11/20/2009 6:40,208,11.5,12,43.8,86,29.3,0.05,54724,0,0
11/20/2009 6:50,218,12.8,15,43.8,85,29.3,0.05,54724,0,0
11/20/2009 7:00,188,7.8,10,44.2,83,29.3,0.05,54724,0,0
11/20/2009 7:10,233,16.9,19.5,43.8,86,29.3,0.05,55204,0.02,0.02
11/20/2009 7:20,226,8.5,10.4,43.5,88,29.3,0.06,55754,0,0
11/20/2009 7:30,221,11.3,12.2,43.5,88,29.3,0.06,55754,0,0
11/20/2009 7:40,205,13.3,14,43.5,88,29.3,0.06,55774,0,0
11/20/2009 7:50,211,8.4,9.2,43.5,89,29.3,0.06,55774,0,0
11/20/2009 8:00,195,10,10.7,43.7,88,29.3,0.06,55774,0,0
11/20/2009 8:10,228,5.5,6.2,43.8,89,29.3,0.06,55774,0,0
11/20/2009 8:20,213,6.7,7.5,43.7,89,29.3,0.06,55864,0,0
11/20/2009 8:30,225,4,4.4,43.7,90,29.3,0.06,55864,0,0
11/20/2009 8:40,207,6.8,8,44.2,88,29.3,0.06,55864,0,0
11/20/2009 8:50,234,13.2,14,44.9,86,29.3,0.06,55864,0,0
11/20/2009 9:00,246,14.2,15.5,45.6,84,29.3,0.06,55864,0,0
11/20/2009 9:10,240,23,25.7,46.4,80,29.3,0.06,55864,0,0
11/20/2009 9:20,253,26.5,27.9,46.5,77,29.3,0.06,55864,0,0
11/20/2009 9:30,257,18,23.6,46.7,78,29.3,0.06,55864,0,0
11/20/2009 9:40,261,17.3,20.5,46.7,79,29.3,0.06,55864,0,0
11/20/2009 9:50,248,24.4,26.3,47.3,76,29.3,0.06,55864,0,0
11/20/2009 10:00,259,16.2,19.8,47.1,77,29.3,0.06,55864,0,0
11/20/2009 10:10,285,13.5,14.6,46.9,78,29.3,0.06,55864,0,0
11/20/2009 10:20,275,13.6,16.1,47.1,78,29.3,0.06,55864,0,0
11/20/2009 10:30,250,21.4,22.6,47.1,78,29.3,0.06,55864,0,0
11/20/2009 10:40,248,23,24.1,47.3,79,29.3,0.06,55864,0,0
11/20/2009 10:50,267,14.7,17,47.3,78,29.3,0.06,55864,0,0
11/20/2009 11:00,244,17.8,21,47.1,78,29.3,0.06,55864,0,0
11/20/2009 11:10,234,15.1,17.1,47.1,76,29.3,0.06,55864,0,0
11/20/2009 11:20,264,21.4,23.5,47.1,76,29.3,0.06,55864,0,0
11/20/2009 11:30,271,15.9,18,47.3,74,29.3,0.06,55864,0,0
11/20/2009 11:40,270,12.3,13.7,47.3,79,29.3,0.06,55864,0,0
11/20/2009 11:50,239,20.9,24,46.9,80,29.3,0.06,55864,0,0
11/20/2009 12:00,233,18.2,21.2,46.9,80,29.3,0.06,55864,0,0
11/20/2009 12:10,267,14.6,19.8,46.7,82,29.3,0.06,55864,0,0
11/20/2009 12:20,240,11.9,13.5,46.5,82,29.3,0.06,55864,0,0
11/20/2009 12:30,235,8.8,9.8,46.7,81,29.3,0.06,55864,0,0
11/20/2009 12:40,236,15.6,17.4,46.9,80,29.3,0.06,55864,0,0
11/20/2009 12:50,229,16.4,19.1,46.7,80,29.3,0.06,55864,0,0
11/20/2009 13:00,245,21,22.4,46.9,82,29.3,0.06,55864,0,0
11/20/2009 13:10,242,15.7,17.7,46.9,81,29.3,0.06,55864,0,0
11/20/2009 13:20,242,8.6,12.8,46.9,81,29.3,0.06,55864,0,0
11/20/2009 13:30,232,7.9,9.6,46.9,82,29.3,0.06,55864,0,0
11/20/2009 13:40,237,14.4,16.1,46.9,83,29.3,0.06,55864,0,0
11/20/2009 13:50,247,8.5,9.7,46.9,82,29.3,0.06,55864,0,0
11/20/2009 14:00,253,14,16,46.9,80,29.3,0.06,55864,0,0
11/20/2009 14:10,249,7.4,8,47.1,77,29.3,0.06,55864,0,0
11/20/2009 14:20,263,14.2,15.2,46.9,78,29.3,0.06,55864,0,0
11/20/2009 14:30,227,9.9,11.4,46.7,81,29.3,0.06,55864,0,0
11/20/2009 14:40,221,6.8,8,46.4,80,29.3,0.06,55864,0,0
11/20/2009 14:50,232,8.3,9.1,46.5,79,29.3,0.06,55864,0,0
11/20/2009 15:00,240,13.9,15.3,46.7,79,29.3,0.06,55864,0,0
11/20/2009 15:10,227,10.2,11.3,46.7,79,29.3,0.06,55864,0,0
11/20/2009 15:20,213,7.2,7.8,46.7,79,29.3,0.06,55864,0,0
11/20/2009 15:30,219,6.9,8.3,46.5,79,29.3,0.06,55864,0,0
11/20/2009 15:40,242,12.5,14,46.4,82,29.3,0.06,55864,0,0
11/20/2009 15:50,219,12.7,13.7,46,83,29.3,0.06,55864,0,0
11/20/2009 16:00,218,10.4,11.6,45.8,84,29.3,0.06,55864,0,0
11/20/2009 16:10,230,8.1,8.5,46,83,29.3,0.06,55864,0,0
11/20/2009 16:20,191,6,7,45.8,84,29.3,0.06,55864,0,0
11/20/2009 16:30,213,8.9,10.4,45.8,85,29.3,0.06,55864,0,0
11/20/2009 16:40,207,8.9,9.8,45.8,85,29.3,0.06,55864,0,0
11/20/2009 16:50,200,8.2,10.3,45.8,85,29.3,0.06,55864,0,0
11/20/2009 17:00,195,10.1,12.1,45.8,84,29.3,0.06,55864,0,0
11/20/2009 17:10,218,13.5,16.1,46.2,82,29.3,0.06,55864,0,0
11/20/2009 17:20,216,11.1,12.3,46.4,82,29.3,0.06,55864,0,0
11/20/2009 17:30,223,10.1,11.6,46.4,82,29.3,0.06,55864,0,0
11/20/2009 17:40,207,14.1,15.3,46.5,82,29.3,0.06,55864,0,0
11/20/2009 17:50,219,10.4,11.6,46.5,82,29.3,0.06,55864,0,0
11/20/2009 18:00,228,12.9,13.7,46.5,82,29.3,0.06,55864,0,0
11/20/2009 18:10,224,14.7,16,46.5,83,29.3,0.06,55864,0,0
11/20/2009 18:20,202,12.1,13,46.5,83,29.3,0.06,55864,0,0
11/20/2009 18:30,216,5.3,7.2,46.5,83,29.3,0.06,55864,0,0
11/20/2009 18:40,196,6.6,7.5,46.5,83,29.3,0.06,55864,0,0
11/20/2009 18:50,199,8.5,9.7,46.5,83,29.3,0.06,55864,0,0
11/20/2009 19:00,233,7.2,8.2,46.5,82,29.3,0.06,55864,0,0
11/20/2009 19:10,222,8.9,9.9,46.5,82,29.3,0.06,55864,0,0
11/20/2009 19:20,224,7,8.7,46.5,82,29.3,0.06,55864,0,0
11/20/2009 19:30,213,6.7,7.2,46.5,82,29.3,0.06,55864,0,0
11/20/2009 19:40,211,9.4,11,46.5,81,29.3,0.06,55864,0,0
11/20/2009 19:50,206,7.3,8,46.5,81,29.3,0.06,55864,0,0
11/20/2009 20:00,213,8,8.4,46.7,81,29.3,0.06,55864,0,0
11/20/2009 20:10,173,3.8,6.2,46.5,81,29.3,0.06,55864,0,0
11/20/2009 20:20,223,9.5,10.9,46.5,81,29.3,0.06,55864,0,0
11/20/2009 20:30,212,14.4,16.1,46.5,81,29.3,0.06,55864,0,0
11/20/2009 20:40,193,8.7,10.4,46.5,81,29.3,0.06,55864,0,0
11/20/2009 20:50,219,7.2,9.3,46.5,81,29.3,0.06,55864,0,0
11/20/2009 21:00,226,10.4,11.6,46.5,82,29.3,0,55864,0,0
11/20/2009 21:10,207,9.9,11.2,46.5,82,29.3,0,55864,0,0
11/20/2009 21:20,232,9.1,10.3,46.2,84,29.3,0,55864,0,0
11/20/2009 21:30,192,11.6,12.6,45.8,86,29.3,0,55864,0,0
11/20/2009 21:40,216,13.2,14.1,45.6,87,29.3,0,55864,0,0
11/20/2009 21:50,213,10.9,11.7,45.6,88,29.3,0,55864,0,0
11/20/2009 22:00,218,14.3,15,45.6,88,29.3,0,55864,0,0
11/20/2009 22:10,220,7.4,9.1,45.5,89,29.3,0,55864,0,0
11/20/2009 22:20,213,7.1,8.3,45.5,89,29.3,0,55864,0,0
11/20/2009 22:30,237,5.2,6.3,45.5,90,29.3,0,55864,0,0
11/20/2009 22:40,215,6,6.9,45.5,90,29.3,0,55864,0,0
11/20/2009 22:50,212,9.5,10.5,45.5,90,29.3,0,55864,0,0
11/20/2009 23:00,200,10.7,11.6,45.6,89,29.3,0,55864,0,0
11/20/2009 23:10,212,8.8,9.7,45.8,89,29.3,0,55864,0,0
11/20/2009 23:20,196,7.7,10.1,46,89,29.3,0,55864,0,0
11/20/2009 23:30,194,11.1,11.6,46,88,29.3,0,55864,0,0
11/20/2009 23:40,208,8.6,10,46,88,29.3,0,55864,0,0
11/20/2009 23:50,227,6.3,8,46.2,88,29.3,0,55864,0,0
11/21/2009 0:00,227,8.6,10.2,46.2,89,29.3,0,55964,0.03,0.03
11/21/2009 0:10,243,9.1,10.1,46,90,29.3,0,56114,0,0
11/21/2009 0:20,226,6.6,8.1,45.8,91,29.3,0,56144,0,0
11/21/2009 0:30,225,8,8.7,45.8,91,29.3,0,56144,0,0
11/21/2009 0:40,188,4.2,5.5,45.8,91,29.3,0,56144,0,0
11/21/2009 0:50,214,4.2,4.7,45.8,91,29.3,0,56144,0,0
11/21/2009 1:00,221,9.5,10.3,45.8,91,29.3,0,56144,0,0
11/21/2009 1:10,188,4.7,6.6,45.8,91,29.3,0,56144,0,0
11/21/2009 1:20,235,4.1,4.7,45.8,91,29.3,0,56144,0,0
11/21/2009 1:30,221,4.8,6.2,45.8,91,29.3,0,56144,0,0
11/21/2009 1:40,211,7.4,8,45.8,91,29.3,0,56144,0,0
11/21/2009 1:50,203,3.4,4.1,45.8,91,29.3,0,56144,0,0
11/21/2009 2:00,190,4.9,5.8,45.8,91,29.3,0,56144,0,0
11/21/2009 2:10,200,5,6.6,45.8,91,29.3,0,56144,0,0
11/21/2009 2:20,211,7.5,8.3,45.8,91,29.3,0,56144,0,0
11/21/2009 2:30,183,4.2,4.7,45.8,92,29.3,0,56144,0,0
11/21/2009 2:40,202,4.3,4.9,45.8,92,29.3,0,56144,0,0
11/21/2009 2:50,205,5.1,5.9,45.8,91,29.3,0,56144,0,0
11/21/2009 3:00,202,3.9,4.6,46,91,29.3,0,56144,0,0
11/21/2009 3:10,202,3.9,4.2,46,91,29.3,0,56144,0,0
11/21/2009 3:20,215,5.5,6,46,91,29.3,0,56144,0,0
11/21/2009 3:30,202,5.4,6.3,46,92,29.3,0,56144,0,0
11/21/2009 3:40,228,5.3,5.6,46,92,29.3,0,56144,0,0
11/21/2009 3:50,221,4.8,5.1,46,92,29.3,0,56144,0,0
11/21/2009 4:00,232,3.7,4,46.4,92,29.3,0,56144,0,0
11/21/2009 4:10,107,1.6,2.2,46.4,91,29.3,0,56144,0,0
11/21/2009 4:20,199,2.6,3.1,46.5,91,29.3,0,56144,0,0
11/21/2009 4:30,83,1.7,2.2,46.5,91,29.3,0,56144,0,0
11/21/2009 4:40,317,5.2,6,47.3,91,29.3,0,56144,0,0
11/21/2009 4:50,322,4.9,5.4,47.6,90,29.3,0,56144,0,0
11/21/2009 5:00,333,5.9,6.9,47.6,87,29.3,0,56144,0,0
11/21/2009 5:10,331,5.2,5.8,47.6,87,29.3,0,56144,0,0
11/21/2009 5:20,326,6.7,7.2,47.6,87,29.3,0,56144,0,0
11/21/2009 5:30,324,4.2,4.6,47.6,87,29.3,0,56144,0,0
11/21/2009 5:40,335,3.2,3.8,47.6,86,29.3,0,56144,0,0
11/21/2009 5:50,322,2.8,3.6,47.4,86,29.3,0,56144,0,0
11/21/2009 6:00,33,2.1,2.7,47.6,87,29.3,0,56144,0,0
11/21/2009 6:10,32,1.8,2.4,47.8,86,29.3,0,56144,0,0
11/21/2009 6:20,65,2.3,2.7,48,86,29.3,0,56144,0,0
11/21/2009 6:30,83,2.1,2.7,48.3,86,29.3,0,56144,0,0
11/21/2009 6:40,60,1.2,1.7,49.4,83,29.3,0,56144,0,0
11/21/2009 6:50,243,1.6,2.3,50.7,79,29.3,0,56144,0,0
11/21/2009 7:00,86,1.5,2.8,50.5,78,29.3,0,56144,0,0
11/21/2009 7:10,315,3.6,4.8,49.8,78,29.3,0,56144,0,0
11/21/2009 7:20,332,3.7,5.2,49.2,80,29.3,0,56144,0,0
11/21/2009 7:30,313,3.4,4.1,49.1,80,29.3,0,56144,0,0
11/21/2009 7:40,334,1.8,2.6,48.9,81,29.3,0,56144,0,0
11/21/2009 7:50,348,1.8,2.1,49.1,80,29.3,0,56144,0,0
11/21/2009 8:00,6,2.3,2.7,48.9,82,29.3,0,56144,0,0
11/21/2009 8:10,344,3.4,3.7,48.7,81,29.3,0,56144,0,0
11/21/2009 8:20,331,3.1,4.5,48.7,81,29.3,0,56144,0,0
11/21/2009 8:30,321,2.8,3.4,49.1,79,29.3,0,56144,0,0
11/21/2009 8:40,335,2.9,3.3,49.4,77,29.3,0,56144,0,0
11/21/2009 8:50,295,3.7,4.1,49.8,75,29.3,0,56144,0,0
11/21/2009 9:00,313,4.7,5.7,49.6,75,29.3,0,56144,0,0
11/21/2009 9:10,327,3.8,4.6,49.6,77,29.3,0,56144,0,0
11/21/2009 9:20,321,2.8,3.7,49.6,77,29.3,0,56144,0,0
11/21/2009 9:30,303,4.8,5.7,49.2,76,29.3,0,56144,0,0
11/21/2009 9:40,291,4,5.3,49.2,78,29.3,0,56144,0,0
11/21/2009 9:50,290,3.7,4.9,49.2,78,29.3,0,56144,0,0
11/21/2009 10:00,324,3.1,4.3,49.2,79,29.3,0,56144,0,0
11/21/2009 10:10,323,3.9,5.1,49.1,80,29.4,0,56144,0,0
11/21/2009 10:20,316,5,5.7,48.9,80,29.3,0,56144,0,0
11/21/2009 10:30,316,3.2,4,48.9,81,29.3,0,56144,0,0
11/21/2009 10:40,319,3.1,3.7,48.7,82,29.3,0,56144,0,0
11/21/2009 10:50,315,3.2,4.1,48.5,82,29.3,0,56144,0,0
11/21/2009 11:00,78,0.9,1.6,48.5,83,29.3,0,56144,0,0
11/21/2009 11:10,9,1.5,1.9,48.7,82,29.3,0,56144,0,0
11/21/2009 11:20,320,1.7,3.2,48.7,82,29.3,0,56144,0,0
11/21/2009 11:30,321,4.6,5.6,48.9,82,29.3,0,56144,0,0
11/21/2009 11:40,292,3.1,3.4,48.9,83,29.3,0,56144,0,0
11/21/2009 11:50,292,3,3.7,48.9,83,29.3,0,56144,0,0
11/21/2009 12:00,316,2,3.5,48.9,83,29.3,0,56144,0,0
11/21/2009 12:10,330,2.9,4.3,48.9,83,29.3,0,56144,0,0
11/21/2009 12:20,293,2.5,3.3,48.9,84,29.3,0,56144,0,0
11/21/2009 12:30,296,3.5,4.3,48.9,84,29.3,0,56144,0,0
11/21/2009 12:40,311,3.7,4.7,48.7,85,29.3,0,56144,0,0
11/21/2009 12:50,282,1.3,1.9,48.7,86,29.3,0,56144,0,0
11/21/2009 13:00,296,2.4,3.2,48.7,86,29.3,0,56144,0,0
11/21/2009 13:10,285,3,3.9,48.7,87,29.3,0,56144,0,0
11/21/2009 13:20,302,2.4,3.2,48.7,87,29.3,0,56144,0,0
11/21/2009 13:30,286,2.5,2.9,48.5,87,29.4,0,56144,0,0
11/21/2009 13:40,291,2.5,3,48.5,88,29.4,0,56144,0,0
11/21/2009 13:50,274,3.1,4.1,48.5,88,29.4,0,56144,0,0
11/21/2009 14:00,267,3.7,4.3,48.5,87,29.4,0,56144,0,0
11/21/2009 14:10,288,3.4,3.8,48.5,88,29.4,0,56144,0,0
11/21/2009 14:20,296,4.6,5.1,48.5,88,29.4,0,56144,0,0
11/21/2009 14:30,325,3.2,3.7,48.5,89,29.4,0,56144,0,0
11/21/2009 14:40,323,1.2,1.6,48.3,88,29.4,0,56144,0,0
11/21/2009 14:50,31,2.2,2.8,48.2,88,29.4,0,56144,0,0
11/21/2009 15:00,29,2,2.2,48.2,88,29.4,0,56144,0,0
11/21/2009 15:10,42,3,4.1,48,86,29.4,0,56144,0,0
11/21/2009 15:20,43,2.3,3.3,48.2,85,29.4,0,56144,0,0
11/21/2009 15:30,60,3.6,4.3,48.2,84,29.4,0,56144,0,0
11/21/2009 15:40,65,3.5,3.7,48.2,82,29.4,0,56144,0,0
11/21/2009 15:50,69,3.3,3.8,48.2,84,29.4,0,56144,0,0
11/21/2009 16:00,88,2.4,3.5,48.3,82,29.4,0,56144,0,0
11/21/2009 16:10,88,2.5,2.9,48.3,82,29.4,0,56144,0,0
11/21/2009 16:20,59,2.5,2.8,48.3,82,29.4,0,56144,0,0
11/21/2009 16:30,98,2,2.2,48.3,82,29.4,0,56144,0,0
11/21/2009 16:40,75,2,2.4,48.5,83,29.4,0,56144,0,0
11/21/2009 16:50,70,2,2.8,48.5,83,29.4,0,56144,0,0
11/21/2009 17:00,94,1.7,2.4,48.5,83,29.4,0,56144,0,0
11/21/2009 17:10,109,1.9,2.3,48.5,83,29.4,0,56144,0,0
11/21/2009 17:20,105,1.7,1.9,48.7,83,29.4,0,56144,0,0
11/21/2009 17:30,95,1.6,1.9,49.1,82,29.4,0,56144,0,0
11/21/2009 17:40,81,1.5,2.3,48.7,83,29.4,0,56144,0,0
11/21/2009 17:50,77,1,1.4,48.5,83,29.4,0,56144,0,0
11/21/2009 18:00,79,3.2,4.1,48.5,81,29.4,0,56144,0,0
11/21/2009 18:10,72,2.9,3.4,48.5,81,29.4,0,56144,0,0
11/21/2009 18:20,83,3.4,3.8,48.5,79,29.4,0,56144,0,0
11/21/2009 18:30,87,3.6,3.9,48.5,77,29.4,0,56144,0,0
11/21/2009 18:40,79,3.6,4.4,48.7,78,29.4,0,56144,0,0
11/21/2009 18:50,55,3.3,4.1,48.5,78,29.4,0,56144,0,0
11/21/2009 19:00,98,2.7,2.9,48.5,77,29.4,0,56144,0,0
11/21/2009 19:10,108,2.9,3.1,48.5,78,29.4,0,56144,0,0
11/21/2009 19:20,118,3.2,4,48.7,78,29.4,0,56144,0,0
11/21/2009 19:30,105,2.4,3.4,48.9,78,29.4,0,56144,0,0
11/21/2009 19:40,152,3,3.6,48.9,79,29.4,0,56144,0,0
11/21/2009 19:50,154,2.9,3.4,48.9,79,29.4,0,56144,0,0
11/21/2009 20:00,166,3.7,4.1,48.9,79,29.4,0,56144,0,0
11/21/2009 20:10,158,4.1,4.7,48.7,78,29.4,0,56144,0,0
11/21/2009 20:20,145,1.8,2.2,48.9,78,29.4,0,56144,0,0
11/21/2009 20:30,94,2.7,3.3,48.9,77,29.4,0,56144,0,0
11/21/2009 20:40,74,2.8,3,48.5,76,29.4,0,56144,0,0
11/21/2009 20:50,89,1.4,2.3,48.7,77,29.4,0,56144,0,0
11/21/2009 21:00,79,1.5,2.2,48.7,76,29.4,0,56144,0,0
11/21/2009 21:10,80,2.1,2.5,48.5,75,29.4,0,56144,0,0
11/21/2009 21:20,99,1.8,2.5,48.5,76,29.4,0,56144,0,0
11/21/2009 21:30,106,1.7,2.1,48.7,74,29.4,0,56144,0,0
11/21/2009 21:40,81,3.7,4,48.7,75,29.4,0,56144,0,0
11/21/2009 21:50,84,4,5,48.7,74,29.4,0,56144,0,0
11/21/2009 22:00,82,3.5,4.2,48.5,74,29.4,0,56144,0,0
11/21/2009 22:10,89,3.8,4.2,48.7,74,29.4,0,56144,0,0
11/21/2009 22:20,69,3.8,4.7,48.3,75,29.4,0,56144,0,0
11/21/2009 22:30,79,4.2,4.7,48.3,76,29.4,0,56144,0,0
11/21/2009 22:40,88,3.5,4.2,48.3,75,29.4,0,56144,0,0
11/21/2009 22:50,79,3.8,4.6,48.3,76,29.4,0,56144,0,0
11/21/2009 23:00,91,3.8,4.2,48.2,75,29.4,0,56144,0,0
11/21/2009 23:10,108,4.7,5.6,48.2,74,29.4,0,56144,0,0
11/21/2009 23:20,118,3.4,4.2,48.3,74,29.4,0,56144,0,0
11/21/2009 23:30,134,2.7,3.7,48.5,74,29.4,0,56144,0,0
11/21/2009 23:40,136,1.6,1.8,48.5,74,29.4,0,56144,0,0
11/21/2009 23:50,145,2.6,3.1,48.7,72,29.4,0,56144,0,0
11/22/2009 0:00,230,2.5,3.6,48.5,73,29.4,0,56144,0,0
11/22/2009 0:10,163,3.3,3.8,48.3,73,29.4,0,56144,0,0
11/22/2009 0:20,193,5.9,6.2,48.3,72,29.4,0,56144,0,0
11/22/2009 0:30,197,2.5,4,48.3,73,29.4,0,56144,0,0
11/22/2009 0:40,154,2.8,3.7,48.2,74,29.4,0,56144,0,0
11/22/2009 0:50,192,3.7,4,48.2,73,29.4,0,56144,0,0
11/22/2009 1:00,187,3.3,3.7,48,74,29.4,0,56144,0,0
11/22/2009 1:10,191,5,5.7,48,74,29.4,0,56144,0,0
11/22/2009 1:20,212,3.5,4.4,48,75,29.4,0,56144,0,0
11/22/2009 1:30,200,5.3,5.8,47.6,75,29.4,0,56144,0,0
11/22/2009 1:40,197,2.7,3.3,47.8,75,29.4,0,56144,0,0
11/22/2009 1:50,197,2.3,2.4,47.8,75,29.4,0,56144,0,0
11/22/2009 2:00,280,2.8,3.1,47.6,75,29.4,0,56144,0,0
11/22/2009 2:10,286,3.1,3.6,47.4,76,29.4,0,56144,0,0
11/22/2009 2:20,312,4.6,5.5,47.4,78,29.4,0,56144,0,0
11/22/2009 2:30,312,4,5.2,47.4,77,29.4,0,56144,0,0
11/22/2009 2:40,289,2.6,3.2,47.4,79,29.4,0,56144,0,0
11/22/2009 2:50,285,4.5,5.2,47.6,78,29.4,0,56144,0,0
11/22/2009 3:00,286,4,4.3,47.6,79,29.5,0,56144,0,0
11/22/2009 3:10,279,4.3,4.6,47.6,79,29.5,0,56144,0,0
11/22/2009 3:20,226,1.8,2.5,47.6,79,29.5,0,56144,0,0
11/22/2009 3:30,71,0.6,1,47.4,79,29.5,0,56144,0,0
11/22/2009 3:40,91,1.4,2.3,47.4,79,29.5,0,56144,0,0
11/22/2009 3:50,122,2.3,3,47.4,79,29.5,0,56144,0,0
11/22/2009 4:00,234,2.5,3,47.6,78,29.5,0,56144,0,0
11/22/2009 4:10,122,2,3.1,47.6,78,29.5,0,56144,0,0
11/22/2009 4:20,172,2.5,2.9,47.4,78,29.5,0,56144,0,0
11/22/2009 4:30,154,1.9,2.3,47.6,77,29.5,0,56144,0,0
11/22/2009 4:40,176,1.7,2.1,47.6,77,29.5,0,56144,0,0
11/22/2009 4:50,72,2.8,3.4,47.6,78,29.5,0,56144,0,0
11/22/2009 5:00,49,2.3,3.3,47.6,79,29.5,0,56144,0,0
11/22/2009 5:10,40,3.4,3.7,47.6,80,29.5,0,56144,0,0
11/22/2009 5:20,68,3.9,5.2,47.6,81,29.5,0,56144,0,0
11/22/2009 5:30,70,4.5,5.5,47.8,81,29.5,0,56144,0,0
11/22/2009 5:40,93,4.4,4.8,47.8,81,29.5,0,56144,0,0
11/22/2009 5:50,95,3.4,3.8,47.6,81,29.5,0,56144,0,0
11/22/2009 6:00,95,2.9,3.5,47.8,80,29.5,0,56144,0,0
11/22/2009 6:10,61,3.5,4,48,80,29.5,0,56144,0,0
11/22/2009 6:20,67,7.4,8.1,48.3,79,29.5,0,56144,0,0
11/22/2009 6:30,71,8.1,8.5,48.7,77,29.5,0,56144,0,0
11/22/2009 6:40,63,6.3,7.7,49.1,74,29.5,0,56144,0,0
11/22/2009 6:50,79,7,8,49.4,72,29.5,0,56144,0,0
11/22/2009 7:00,85,8.5,9.2,49.4,70,29.5,0,56144,0,0
11/22/2009 7:10,71,10.6,11.7,49.4,70,29.5,0,56144,0,0
11/22/2009 7:20,69,6,7,49.6,70,29.5,0,56144,0,0
11/22/2009 7:30,83,6.9,8.8,49.6,69,29.5,0,56144,0,0
11/22/2009 7:40,67,12,15.2,50,68,29.5,0,56144,0,0
11/22/2009 7:50,79,12,12.6,49.6,67,29.5,0,56144,0,0
11/22/2009 8:00,49,8,9.5,50.7,66,29.5,0,56144,0,0
11/22/2009 8:10,21,2.9,4,50.1,67,29.5,0,56144,0,0
11/22/2009 8:20,118,5.1,9.4,50.5,67,29.5,0,56144,0,0
11/22/2009 8:30,38,7.7,9,50,70,29.5,0,56144,0,0
11/22/2009 8:40,63,3.1,4.2,49.8,71,29.5,0,56144,0,0
11/22/2009 8:50,35,7.6,9.1,49.8,70,29.5,0,56144,0,0
11/22/2009 9:00,60,9,10.3,49.6,72,29.5,0,56144,0,0
11/22/2009 9:10,75,12.8,13.7,49.4,72,29.5,0,56144,0,0
11/22/2009 9:20,55,7.2,9.8,49.2,72,29.5,0,56144,0,0
11/22/2009 9:30,68,15,16.6,49.4,71,29.5,0,56144,0,0
11/22/2009 9:40,61,13.1,14.2,49.2,71,29.5,0,56144,0,0
11/22/2009 9:50,40,11.1,11.8,49.1,73,29.5,0,56144,0,0
11/22/2009 10:00,52,15.1,16.1,49.2,72,29.4,0,56144,0,0
11/22/2009 10:10,52,14,15.6,49.2,72,29.4,0,56144,0,0
11/22/2009 10:20,41,9.5,12.5,49.4,70,29.4,0,56144,0,0
11/22/2009 10:30,63,5.8,10.3,49.4,70,29.4,0,56144,0,0
11/22/2009 10:40,44,11.6,14.2,49.1,71,29.4,0,56144,0,0
11/22/2009 10:50,73,8,9.4,49.2,71,29.4,0,56144,0,0
11/22/2009 11:00,61,11.6,14.1,49.2,71,29.4,0,56144,0,0
11/22/2009 11:10,53,16.6,18.9,48.9,72,29.4,0,56144,0,0
11/22/2009 11:20,24,7,11.7,49.4,71,29.4,0,56144,0,0
11/22/2009 11:30,64,12,12.9,49.2,71,29.4,0,56144,0,0
11/22/2009 11:40,47,17.2,18.3,49.2,70,29.4,0,56144,0,0
11/22/2009 11:50,326,4.3,10.7,49.4,72,29.4,0,56144,0,0
11/22/2009 12:00,41,11.5,12.8,49.6,71,29.4,0,56144,0,0
11/22/2009 12:10,64,11.1,12.5,49.2,73,29.4,0,56144,0,0
11/22/2009 12:20,172,3.3,5.2,49.4,74,29.4,0,56144,0,0
11/22/2009 12:30,49,13.6,14.4,49.2,74,29.4,0,56144,0,0
11/22/2009 12:40,38,11.2,15,49.4,74,29.4,0,56144,0,0
11/22/2009 12:50,70,20.4,21.7,49.2,74,29.4,0,56144,0,0
11/22/2009 13:00,63,11.8,13.3,49.4,75,29.4,0,56144,0,0
11/22/2009 13:10,63,13.3,13.8,49.2,76,29.4,0,56144,0,0
11/22/2009 13:20,42,15.1,17.4,49.1,77,29.4,0,56144,0,0
11/22/2009 13:30,67,10.9,13.4,48.7,79,29.4,0,56144,0,0
11/22/2009 13:40,42,12,14.5,48.7,78,29.4,0,56144,0,0
11/22/2009 13:50,65,16.6,17.5,48.7,78,29.4,0,56144,0,0
11/22/2009 14:00,52,12.4,13.8,48.5,78,29.4,0,56144,0,0
11/22/2009 14:10,92,13.1,15.1,48.3,79,29.4,0,56144,0,0
11/22/2009 14:20,44,12.9,14.3,48.3,79,29.4,0,56144,0,0
11/22/2009 14:30,37,11,12.4,48.3,80,29.4,0,56144,0,0
11/22/2009 14:40,65,7.6,9.6,48.3,80,29.4,0,56144,0,0
11/22/2009 14:50,76,8.7,9.4,48.3,79,29.4,0,56144,0,0
11/22/2009 15:00,70,8.2,9.6,48.3,78,29.4,0,56144,0,0
11/22/2009 15:10,29,5,6.2,48.3,77,29.4,0,56144,0,0
11/22/2009 15:20,51,12.3,13.8,48.3,77,29.4,0,56144,0,0
11/22/2009 15:30,51,10.4,11.9,48.3,77,29.4,0,56144,0,0
11/22/2009 15:40,68,10.8,11.4,48.2,77,29.4,0,56144,0,0
11/22/2009 15:50,53,11.6,13.3,48.2,78,29.4,0,56144,0,0
11/22/2009 16:00,57,10.8,11.4,48.2,79,29.4,0,56144,0,0
11/22/2009 16:10,58,12.7,13.4,48.2,80,29.5,0,56144,0,0
11/22/2009 16:20,84,9.3,9.8,48.2,79,29.5,0,56144,0,0
11/22/2009 16:30,64,10,11.3,48.2,77,29.5,0,56144,0,0
11/22/2009 16:40,57,8.9,10.9,48,76,29.5,0,56144,0,0
11/22/2009 16:50,77,8.9,9.3,48,76,29.5,0,56144,0,0
11/22/2009 17:00,82,6.9,8,47.8,75,29.5,0,56144,0,0
11/22/2009 17:10,81,7.6,8.5,47.4,77,29.5,0,56144,0,0
11/22/2009 17:20,83,9.6,10,47.4,77,29.5,0,56144,0,0
11/22/2009 17:30,78,7.8,8.6,47.3,77,29.5,0,56144,0,0
11/22/2009 17:40,79,7.4,8.5,47.4,77,29.5,0,56144,0,0
11/22/2009 17:50,79,8.3,9.4,47.4,76,29.5,0,56144,0,0
11/22/2009 18:00,76,9.3,9.9,47.4,74,29.5,0,56144,0,0
11/22/2009 18:10,80,8.3,8.7,47.6,73,29.5,0,56144,0,0
11/22/2009 18:20,89,5.9,6.9,47.3,74,29.5,0,56144,0,0
11/22/2009 18:30,103,6.5,6.8,46.5,75,29.5,0,56144,0,0
11/22/2009 18:40,99,8.5,9.1,46.4,75,29.4,0,56144,0,0
11/22/2009 18:50,118,6,6.8,46.5,74,29.4,0,56144,0,0
11/22/2009 19:00,107,7.4,8.1,46.9,73,29.4,0,56144,0,0
11/22/2009 19:10,127,7.1,8.3,47.1,73,29.4,0,56144,0,0
11/22/2009 19:20,124,13.4,14,46.7,73,29.4,0,56144,0,0
11/22/2009 19:30,129,13.1,14.5,46.5,74,29.4,0,56144,0,0
11/22/2009 19:40,118,11.5,12.7,46.2,74,29.4,0,56144,0,0
11/22/2009 19:50,113,15.8,17.1,46.2,74,29.4,0,56144,0,0
11/22/2009 20:00,96,14.1,15.2,45.8,75,29.4,0,56144,0,0
11/22/2009 20:10,98,8.2,9.8,45.6,75,29.4,0,56144,0,0
11/22/2009 20:20,106,11.8,13.1,45.3,76,29.4,0,56144,0,0
11/22/2009 20:30,111,12.2,13.2,45.3,76,29.4,0,56144,0,0
11/22/2009 20:40,138,9.5,10.6,45.3,75,29.4,0,56144,0,0
11/22/2009 20:50,137,7.2,8.3,45.3,75,29.4,0,56144,0,0
11/22/2009 21:00,129,10.2,11.7,45.3,75,29.4,0,56144,0,0
11/22/2009 21:10,109,8.6,13.1,45.1,75,29.4,0,56144,0,0
11/22/2009 21:20,164,7.2,9.2,45.3,75,29.4,0,56144,0,0
11/22/2009 21:30,118,5.7,7.3,45.1,75,29.4,0,56144,0,0
11/22/2009 21:40,146,7.8,8.7,45.1,75,29.4,0,56144,0,0
11/22/2009 21:50,143,7.9,9.5,45.1,75,29.4,0,56144,0,0
11/22/2009 22:00,145,6.7,9.7,45.1,75,29.4,0,56144,0,0
11/22/2009 22:10,121,5,8.2,45.1,75,29.4,0,56144,0,0
11/22/2009 22:20,133,9,11.4,45.1,75,29.4,0,56144,0,0
11/22/2009 22:30,135,10,10.9,44.9,76,29.4,0,56144,0,0
11/22/2009 22:40,141,4.9,6.5,44.9,76,29.4,0,56144,0,0
11/22/2009 22:50,155,6.1,7.1,44.9,76,29.4,0,56144,0,0
11/22/2009 23:00,113,6.7,8,45.1,76,29.4,0,56144,0,0
11/22/2009 23:10,132,6.5,7.9,45.1,76,29.4,0,56144,0,0
11/22/2009 23:20,142,14.4,15.5,45.1,76,29.4,0,56144,0,0
11/22/2009 23:30,143,10.6,12.2,45.3,75,29.4,0,56144,0,0
11/22/2009 23:40,133,8.9,9.9,45.1,76,29.4,0,56144,0,0
11/22/2009 23:50,177,1.9,3.7,44.9,77,29.4,0,56144,0,0
11/23/2009 0:00,131,4,5.5,44.9,77,29.4,0,56144,0,0
11/23/2009 0:10,125,8.5,9.8,45.1,76,29.4,0,56144,0,0
11/23/2009 0:20,117,15.8,16.9,44.9,76,29.4,0,56144,0,0
11/23/2009 0:30,115,11.3,12.7,44.9,76,29.4,0,56144,0,0
11/23/2009 0:40,121,3.6,5.8,44.9,76,29.4,0,56144,0,0
11/23/2009 0:50,162,10.3,11,45.1,76,29.4,0,56144,0,0
11/23/2009 1:00,161,6.4,7.1,45.1,76,29.4,0,56144,0,0
11/23/2009 1:10,41,2.5,3.9,45.1,76,29.4,0,56144,0,0
11/23/2009 1:20,291,1.9,2.5,44.7,77,29.4,0,56144,0,0
11/23/2009 1:30,212,6.2,8.6,44.4,77,29.4,0,56144,0,0
11/23/2009 1:40,110,8.5,9.4,44.2,78,29.4,0,56144,0,0
11/23/2009 1:50,126,8.4,10,44,78,29.4,0,56144,0,0
11/23/2009 2:00,75,7,8.1,43.7,79,29.4,0,56144,0,0
11/23/2009 2:10,119,5.1,6.5,43.5,79,29.4,0,56144,0,0
11/23/2009 2:20,121,15.4,18,43.3,79,29.4,0,56144,0,0
11/23/2009 2:30,117,5.7,8,43.1,79,29.4,0,56144,0,0
11/23/2009 2:40,127,12.5,14.5,42.9,80,29.4,0,56144,0,0
11/23/2009 2:50,89,15.4,16.4,42.9,80,29.4,0,56144,0,0
11/23/2009 3:00,115,3.9,6.5,42.9,80,29.4,0,56144,0,0
11/23/2009 3:10,78,3.6,4.1,42.9,80,29.4,0,56144,0,0
11/23/2009 3:20,135,4.2,5.2,42.9,80,29.4,0,56144,0,0
11/23/2009 3:30,106,5.1,5.6,43.3,80,29.4,0,56144,0,0
11/23/2009 3:40,125,12.2,13,43.5,79,29.4,0,56144,0,0
11/23/2009 3:50,150,8.6,9.9,43.5,79,29.4,0,56144,0,0
11/23/2009 4:00,100,4.4,4.8,43.5,79,29.5,0,56144,0,0
11/23/2009 4:10,70,2.2,3.2,43.3,79,29.4,0,56144,0,0
11/23/2009 4:20,96,5.1,5.6,42.9,80,29.5,0,56144,0,0
11/23/2009 4:30,82,5.8,6.9,43.1,80,29.5,0,56144,0,0
11/23/2009 4:40,74,5.1,5.7,43.5,79,29.4,0,56144,0,0
11/23/2009 4:50,75,8.2,8.5,43.3,79,29.4,0,56144,0,0
11/23/2009 5:00,90,7.8,8.3,43.3,79,29.4,0,56144,0,0
11/23/2009 5:10,79,3.8,4.6,43.1,80,29.5,0,56144,0,0
11/23/2009 5:20,73,5.3,6,43.3,79,29.5,0,56144,0,0
11/23/2009 5:30,100,5.9,6.8,43.5,78,29.5,0,56144,0,0
11/23/2009 5:40,93,7.5,8,43.5,78,29.5,0,56144,0,0
11/23/2009 5:50,90,8,8.4,43.7,77,29.5,0,56144,0,0
11/23/2009 6:00,83,10.8,11.7,44,76,29.5,0,56144,0,0
11/23/2009 6:10,82,4.7,6.3,44.2,75,29.5,0,56144,0,0
11/23/2009 6:20,125,2.9,3.3,44.9,73,29.5,0,56144,0,0
11/23/2009 6:30,45,1.7,2.6,45.8,71,29.5,0,56144,0,0
11/23/2009 6:40,177,7.4,7.9,46.7,69,29.5,0,56144,0,0
11/23/2009 6:50,135,11.2,12,46.4,68,29.5,0,56144,0,0
11/23/2009 7:00,182,8.5,11.7,46.4,69,29.5,0,56144,0,0
11/23/2009 7:10,132,13.7,15.5,46.2,68,29.5,0,56144,0,0
11/23/2009 7:20,145,12.2,12.7,46.4,67,29.5,0,56144,0,0
11/23/2009 7:30,120,15.1,16.2,46.7,66,29.5,0,56144,0,0
11/23/2009 7:40,193,5.3,9,47.3,66,29.5,0,56144,0,0
11/23/2009 7:50,103,9.7,11.4,47.6,64,29.5,0,56144,0,0
11/23/2009 8:00,104,8,9.3,48.5,62,29.4,0,56144,0,0
11/23/2009 8:10,88,5.4,6.5,48.9,61,29.4,0,56144,0,0
11/23/2009 8:20,151,11.9,13.6,48.9,60,29.4,0,56144,0,0
11/23/2009 8:30,138,7.6,8.3,49.6,58,29.4,0,56144,0,0
11/23/2009 8:40,124,8.1,9.2,50,58,29.4,0,56144,0,0
11/23/2009 8:50,145,14.8,16.8,50.1,56,29.4,0,56144,0,0
11/23/2009 9:00,23,7.1,9.1,50.3,57,29.4,0,56144,0,0
11/23/2009 9:10,134,10.1,10.8,51,55,29.4,0,56144,0,0
11/23/2009 9:20,109,9.2,11.2,51.4,55,29.4,0,56144,0,0
11/23/2009 9:30,159,10.3,10.8,51.8,54,29.4,0,56204,0,0
11/23/2009 9:40,117,6.7,7.4,51.9,54,29.4,0,56204,0,0
11/23/2009 9:50,139,3.5,5.2,53,53,29.4,0,56204,0,0
11/23/2009 10:00,132,5.8,7.6,52.7,53,29.4,0,56204,0,0
11/23/2009 10:10,185,6.7,8.6,53,53,29.4,0,56204,0,0
11/23/2009 10:20,120,3.8,4.2,53.6,52,29.4,0,56204,0,0
11/23/2009 10:30,127,3.7,4.3,53.9,52,29.4,0,56204,0,0
11/23/2009 10:40,133,4,5.5,53.9,52,29.4,0,56204,0,0
11/23/2009 10:50,196,8.9,9.1,55.2,50,29.4,0,56204,0,0
11/23/2009 11:00,181,3.8,5.5,55,51,29.4,0,56204,0,0
11/23/2009 11:10,195,2.2,3.1,54.8,51,29.4,0,56204,0,0
11/23/2009 11:20,167,2.4,2.6,54.8,52,29.4,0,56204,0,0
11/23/2009 11:30,347,5.2,5.6,53,60,29.4,0,56204,0,0
11/23/2009 11:40,29,9,10,50.1,72,29.4,0,56204,0,0
11/23/2009 11:50,57,15.9,16.8,49.2,72,29.4,0,56204,0,0
11/23/2009 12:00,53,11.7,12.6,49.1,73,29.4,0,56204,0,0
11/23/2009 12:10,60,12,13.1,48.9,72,29.4,0,56204,0,0
11/23/2009 12:20,43,13,14,48.7,74,29.4,0,56204,0,0
11/23/2009 12:30,70,10.4,11,48.9,72,29.4,0,56204,0,0
11/23/2009 12:40,55,9.6,12.5,48.9,76,29.4,0,56204,0,0
11/23/2009 12:50,75,14.7,15.7,48.3,78,29.4,0,56204,0,0
11/23/2009 13:00,54,14.5,16.3,48.2,79,29.4,0,56204,0,0
11/23/2009 13:10,66,14.4,16.3,48.2,80,29.4,0,56204,0,0
11/23/2009 13:20,50,10.4,13.8,48.2,81,29.4,0,56204,0,0
11/23/2009 13:30,46,13.5,15,48.3,81,29.4,0,56204,0,0
11/23/2009 13:40,57,9.4,10.1,48.3,83,29.4,0,56204,0,0
11/23/2009 13:50,56,14.8,15.8,48.2,84,29.4,0,56204,0,0
11/23/2009 14:00,57,10.1,10.9,48.5,82,29.4,0,56204,0,0
11/23/2009 14:10,43,10.4,11.7,48.9,82,29.4,0,56204,0,0
11/23/2009 14:20,58,3.5,5,49.1,82,29.4,0,56204,0,0
11/23/2009 14:30,95,3.5,4,49.8,77,29.4,0,56204,0,0
11/23/2009 14:40,103,3.6,3.8,51,73,29.4,0,56204,0,0
11/23/2009 14:50,115,8.5,10,52.5,67,29.4,0,56204,0,0
11/23/2009 15:00,132,9.3,11.8,52.5,67,29.4,0,56204,0,0
11/23/2009 15:10,160,7.8,9.6,52.3,67,29.4,0,56204,0,0
11/23/2009 15:20,146,14.8,15.7,52.1,67,29.4,0,56204,0,0
11/23/2009 15:30,177,9.3,11.8,51.8,68,29.4,0,56204,0,0
11/23/2009 15:40,157,10.1,11.3,51.6,69,29.4,0,56204,0,0
11/23/2009 15:50,154,11.5,13.4,51.2,69,29.4,0,56204,0,0
11/23/2009 16:00,138,5.3,6.7,51.2,69,29.4,0,56204,0,0
11/23/2009 16:10,162,8.4,10.4,51,69,29.4,0,56204,0,0
11/23/2009 16:20,133,4.2,7.6,50.9,70,29.4,0,56204,0,0
11/23/2009 16:30,149,7.8,8.5,50.7,70,29.4,0,56204,0,0
11/23/2009 16:40,145,4.8,7.9,50.7,71,29.4,0,56204,0,0
11/23/2009 16:50,153,11.6,12.9,50.5,71,29.4,0,56204,0,0
11/23/2009 17:00,140,7.8,9.3,50.5,71,29.4,0,56204,0,0
11/23/2009 17:10,136,4.7,5.5,50.3,71,29.4,0,56204,0,0
11/23/2009 17:20,160,11.2,12.5,50.3,71,29.4,0,56204,0,0
11/23/2009 17:30,143,9.1,9.9,50.3,71,29.4,0,56204,0,0
11/23/2009 17:40,144,11.4,12.7,50,73,29.4,0,56284,0,0
11/23/2009 17:50,156,8.1,10.6,49.4,76,29.4,0,56654,0,0
11/23/2009 18:00,138,10.8,12.8,49.1,78,29.4,0,56954,0,0
11/23/2009 18:10,163,8.9,9.3,48.7,80,29.4,0.01,57414,0.01,0.01
11/23/2009 18:20,150,8.1,10.1,48.5,81,29.4,0.01,57624,0,0
11/23/2009 18:30,120,4,5.8,48.3,81,29.4,0.01,57874,0,0
11/23/2009 18:40,146,4.6,8.2,48.2,82,29.4,0.01,57924,0,0
11/23/2009 18:50,128,5,6.5,48.2,82,29.4,0.01,57924,0,0
11/23/2009 19:00,128,5,6.1,48.2,82,29.4,0.01,57924,0,0
11/23/2009 19:10,136,9.7,10.5,48,82,29.4,0.01,58344,0.02,0.02
11/23/2009 19:20,143,15.7,17.2,47.6,84,29.4,0.02,58934,0.02,0.02
11/23/2009 19:30,134,7.8,11.7,47.6,84,29.4,0.02,59094,0,0
11/23/2009 19:40,158,5.1,7.5,47.8,83,29.4,0.02,59094,0,0
11/23/2009 19:50,140,7.8,9.6,47.8,83,29.4,0.02,59114,0,0
11/23/2009 20:00,151,8.2,11.1,47.8,83,29.4,0.02,59114,0,0
11/23/2009 20:10,162,14,16.3,47.8,82,29.4,0.02,59114,0,0
11/23/2009 20:20,169,13.2,15.5,47.8,82,29.3,0.02,59174,0.07,0.07
11/23/2009 20:30,130,9.5,10.8,47.6,84,29.3,0.02,59284,0,0
11/23/2009 20:40,126,6.3,7.6,47.6,84,29.3,0.02,59284,0,0
11/23/2009 20:50,167,12.2,13.1,47.6,83,29.3,0.02,59284,0,0
11/23/2009 21:00,141,9.9,10.8,47.6,83,29.3,0,59284,0,0
11/23/2009 21:10,156,11.6,12.3,47.6,83,29.3,0,59284,0,0
11/23/2009 21:20,24,4.5,6.3,47.8,83,29.3,0,59284,0,0
11/23/2009 21:30,174,5.2,7.3,47.8,83,29.3,0,59284,0,0
11/23/2009 21:40,129,11.3,12.9,47.8,83,29.3,0,59284,0,0
11/23/2009 21:50,142,10.2,11.2,47.8,84,29.3,0,59284,0,0
11/23/2009 22:00,141,10.4,11.4,47.8,84,29.3,0,59284,0,0
11/23/2009 22:10,147,12.7,13.9,47.8,84,29.3,0,59284,0,0
11/23/2009 22:20,172,10.9,12.3,47.6,84,29.3,0,59284,0,0
11/23/2009 22:30,161,11.8,12.7,47.8,83,29.3,0,59284,0,0
11/23/2009 22:40,153,8.9,11.6,47.6,84,29.3,0,59284,0,0
11/23/2009 22:50,152,14.8,16.2,47.8,83,29.3,0,59284,0,0
11/23/2009 23:00,157,13.5,13.9,47.6,83,29.3,0,59284,0,0
11/23/2009 23:10,160,13.3,14.8,47.8,83,29.3,0,59284,0,0
11/23/2009 23:20,108,4.3,5.8,47.8,83,29.3,0,59284,0,0
11/23/2009 23:30,154,6.3,7.3,47.8,83,29.3,0,59284,0,0
11/23/2009 23:40,130,3.5,4.9,47.8,83,29.3,0,59284,0,0
11/23/2009 23:50,167,6.2,7.6,47.8,83,29.3,0,59284,0,0
11/24/2009 0:00,170,7.9,10.6,47.6,85,29.3,0,59324,0,0
11/24/2009 0:10,143,7.9,9.7,47.4,86,29.3,0,59344,0,0
11/24/2009 0:20,198,6.2,7.2,47.4,86,29.3,0,59344,0,0
11/24/2009 0:30,140,4.9,7.5,47.6,85,29.3,0,59344,0,0
11/24/2009 0:40,155,13.4,15.1,47.6,84,29.3,0,59344,0,0
11/24/2009 0:50,29,2.7,5.1,47.8,84,29.3,0,59344,0,0
11/24/2009 1:00,145,5.7,6.5,47.8,84,29.3,0,59344,0,0
11/24/2009 1:10,174,6.8,7.8,47.8,84,29.3,0,59344,0,0
11/24/2009 1:20,208,2.2,2.8,47.8,84,29.3,0,59344,0,0
11/24/2009 1:30,159,6.6,7.1,47.8,84,29.3,0,59344,0,0
11/24/2009 1:40,44,2.6,4.1,47.8,84,29.3,0,59344,0,0
11/24/2009 1:50,191,1.8,2.2,47.8,84,29.3,0,59344,0,0
11/24/2009 2:00,162,3.9,4.2,47.8,84,29.3,0,59344,0,0
11/24/2009 2:10,186,4.7,5.3,47.8,84,29.3,0,59344,0,0
11/24/2009 2:20,154,6.4,6.8,47.8,84,29.3,0,59344,0,0
11/24/2009 2:30,136,4.2,4.8,47.8,84,29.3,0,59344,0,0
11/24/2009 2:40,158,6.4,7.3,47.8,84,29.3,0,59344,0,0
11/24/2009 2:50,138,3.3,4.6,47.8,84,29.3,0,59344,0,0
11/24/2009 3:00,144,4.4,5,47.8,84,29.3,0,59344,0,0
11/24/2009 3:10,219,3.1,3.6,48,84,29.3,0,59344,0,0
11/24/2009 3:20,127,1.6,2.7,47.8,84,29.3,0,59344,0,0
11/24/2009 3:30,157,3.9,5.1,47.8,85,29.3,0,59344,0,0
11/24/2009 3:40,121,2,2.4,47.8,85,29.3,0,59344,0,0
11/24/2009 3:50,149,4,4.5,47.8,85,29.3,0,59344,0,0
11/24/2009 4:00,149,4.1,5.2,47.8,85,29.3,0,59344,0,0
11/24/2009 4:10,144,3.5,4.3,47.8,85,29.3,0,59344,0,0
11/24/2009 4:20,164,6.8,7.3,47.8,85,29.3,0,59344,0,0
11/24/2009 4:30,168,4.6,5.1,47.8,86,29.3,0,59344,0,0
11/24/2009 4:40,171,4.2,4.8,47.8,86,29.4,0,59344,0,0
11/24/2009 4:50,182,3.5,5.1,47.8,86,29.4,0,59344,0,0
11/24/2009 5:00,125,4.2,5.2,47.8,86,29.4,0,59344,0,0
11/24/2009 5:10,110,3.6,4.4,47.4,87,29.4,0,59344,0,0
11/24/2009 5:20,115,3,3.9,47.3,89,29.4,0,59344,0,0
11/24/2009 5:30,156,7.1,7.9,46.9,91,29.4,0,59344,0,0
11/24/2009 5:40,242,6.8,8.3,46.9,92,29.4,0,59344,0,0
11/24/2009 5:50,62,6.1,8.6,46.7,93,29.4,0,59344,0,0
11/24/2009 6:00,140,6.1,6.5,46.7,93,29.3,0,59344,0,0
11/24/2009 6:10,143,6.1,6.7,46.9,93,29.3,0,59344,0,0
11/24/2009 6:20,140,6.5,7.4,47.3,92,29.3,0,59344,0,0
11/24/2009 6:30,-Invalid-,-Invalid-,-Invalid-,-Invalid-,-Invalid-,-Invalid-,-Invalid-,-Invalid-,-Invalid-,-Invalid-
11/24/2009 6:40,285,36.6,40.6,47.8,90,29.3,0,59344,0,0
11/24/2009 6:50,281,39.5,39.8,48,88,29.3,0,59344,0,0
11/24/2009 7:00,278,41.8,43.2,48.2,88,29.3,0,59344,0,0
11/24/2009 7:10,273,39.9,40.9,48.7,88,29.4,0,59344,0,0
11/24/2009 7:20,166,8.4,22.6,48.7,87,29.4,0,59344,0,0
11/24/2009 7:30,173,6.3,7.9,48.9,86,29.4,0,59344,0,0
11/24/2009 7:40,261,1.8,2.9,49.1,87,29.4,0,59344,0,0
11/24/2009 7:50,318,1.5,2,49.2,85,29.4,0,59344,0,0
11/24/2009 8:00,152,3.2,5.3,49.4,85,29.4,0,59344,0,0
11/24/2009 8:10,169,6.7,7.2,49.6,84,29.3,0,59344,0,0
11/24/2009 8:20,187,3.4,5.4,49.8,84,29.3,0,59344,0,0
11/24/2009 8:30,221,2.6,3.3,50,84,29.3,0,59344,0,0
11/24/2009 8:40,245,3.8,5,50.3,83,29.3,0,59344,0,0
11/24/2009 8:50,295,2.5,3.5,50.3,83,29.3,0,59344,0,0
11/24/2009 9:00,263,3.9,5,50.5,83,29.3,0,59344,0,0
11/24/2009 9:10,202,3.5,4.4,50.9,82,29.3,0,59344,0,0
11/24/2009 9:20,194,2.5,3.5,50.9,82,29.3,0,59344,0,0
11/24/2009 9:30,50,2.9,3.9,51.4,80,29.3,0,59344,0,0
11/24/2009 9:40,326,2.3,3.1,51.2,80,29.3,0,59344,0,0
11/24/2009 9:50,327,4.6,6,50.5,84,29.3,0,59344,0,0
11/24/2009 10:00,316,6.2,6.9,50,86,29.3,0,59344,0,0
11/24/2009 10:10,323,6.3,7,49.8,87,29.3,0,59344,0,0
11/24/2009 10:20,343,4.3,4.8,49.8,87,29.3,0,59344,0,0
11/24/2009 10:30,344,3.6,4,49.6,86,29.3,0,59344,0,0
11/24/2009 10:40,336,2.6,3.5,49.8,86,29.3,0,59344,0,0
11/24/2009 10:50,337,3.4,3.7,49.8,85,29.3,0,59344,0,0
11/24/2009 11:00,14,5.5,5.7,49.6,87,29.3,0,59344,0,0
11/24/2009 11:10,42,7.3,8.4,49.6,86,29.3,0,59344,0,0
11/24/2009 11:20,345,5.9,6.3,49.8,84,29.3,0,59344,0,0
11/24/2009 11:30,329,5.8,6.7,49.2,86,29.3,0,59344,0,0
11/24/2009 11:40,346,5,5.4,49.1,89,29.3,0,59344,0,0
11/24/2009 11:50,339,4.9,5.2,48.9,89,29.3,0,59344,0,0
11/24/2009 12:00,342,3.8,4.8,48.9,90,29.3,0,59344,0,0
11/24/2009 12:10,340,2.7,3.2,48.9,90,29.3,0,59344,0,0
11/24/2009 12:20,5,2.9,3.1,48.9,90,29.3,0,59344,0,0
11/24/2009 12:30,8,4.5,4.7,49.1,88,29.3,0,59344,0,0
11/24/2009 12:40,357,4.6,4.8,49.1,89,29.3,0,59344,0,0
11/24/2009 12:50,35,3.5,4.2,49.2,88,29.3,0,59354,0,0
11/24/2009 13:00,325,4.6,5.7,49.1,88,29.3,0,59354,0,0
11/24/2009 13:10,14,3,3.4,48.9,89,29.3,0,59354,0,0
11/24/2009 13:20,356,3.3,3.5,48.9,89,29.3,0,59354,0,0
11/24/2009 13:30,353,0.9,2,48.9,89,29.3,0,59354,0,0
11/24/2009 13:40,33,3.2,3.8,48.9,89,29.3,0,59354,0,0
11/24/2009 13:50,31,4.2,5.2,48.7,89,29.3,0,59354,0,0
11/24/2009 14:00,49,4.9,5.6,48.7,89,29.3,0,59354,0,0
11/24/2009 14:10,15,2.3,2.6,48.5,90,29.3,0,59354,0,0
11/24/2009 14:20,54,5.9,7.2,48.5,90,29.3,0,59354,0,0
11/24/2009 14:30,75,3.7,4.1,48.5,91,29.3,0,59354,0,0
11/24/2009 14:40,37,4.7,6.1,48.3,92,29.3,0,59354,0,0
11/24/2009 14:50,59,4.6,5.2,48.3,91,29.3,0,59354,0,0
11/24/2009 15:00,39,4.6,5.3,48.3,92,29.3,0,59354,0,0
11/24/2009 15:10,66,7.4,8.2,48.3,91,29.3,0,59354,0,0
11/24/2009 15:20,87,5.3,6.1,48.3,91,29.3,0,59354,0,0
11/24/2009 15:30,59,4.7,5.3,48.3,91,29.3,0,59354,0,0
11/24/2009 15:40,74,5.7,6.4,48.3,90,29.2,0,59354,0,0
11/24/2009 15:50,70,5.2,5.9,48.3,90,29.2,0,59354,0,0
11/24/2009 16:00,47,2.3,3.3,48.3,90,29.2,0,59354,0,0
11/24/2009 16:10,63,1.4,1.8,48.3,90,29.2,0,59354,0,0
11/24/2009 16:20,96,2.5,2.9,48.5,89,29.2,0,59354,0,0
11/24/2009 16:30,88,4.4,4.9,48.5,89,29.2,0,59354,0,0
11/24/2009 16:40,71,5.4,6,48.5,88,29.2,0,59354,0,0
11/24/2009 16:50,51,2.6,3.2,48.5,88,29.2,0,59354,0,0
11/24/2009 17:00,52,4.6,6.3,48.5,89,29.2,0,59354,0,0
11/24/2009 17:10,44,6.2,6.9,48.5,89,29.2,0,59354,0,0
11/24/2009 17:20,58,3.5,4,48.3,92,29.2,0,59354,0,0
11/24/2009 17:30,69,4.6,5.2,48.3,93,29.2,0,59354,0,0
11/24/2009 17:40,73,6.3,7.1,48.3,92,29.2,0,59354,0,0
11/24/2009 17:50,82,2.8,4,48.5,91,29.2,0,59354,0,0
11/24/2009 18:00,79,9,9.8,48.9,89,29.2,0,59354,0,0
11/24/2009 18:10,90,5.5,6.4,49.1,88,29.2,0,59354,0,0
11/24/2009 18:20,96,4.4,4.8,49.1,88,29.2,0,59354,0,0
11/24/2009 18:30,97,3.8,4.7,49.6,87,29.2,0,59354,0,0
11/24/2009 18:40,95,2.6,3.4,50,86,29.2,0,59354,0,0
11/24/2009 18:50,147,4.4,5.3,50.3,85,29.2,0,59354,0,0
11/24/2009 19:00,104,3.3,3.8,50.5,84,29.2,0,59354,0,0
11/24/2009 19:10,94,3.6,4.2,50.5,84,29.2,0,59354,0,0
11/24/2009 19:20,125,3.1,4.9,50.7,83,29.2,0,59354,0,0
11/24/2009 19:30,146,3.5,3.9,50.9,82,29.2,0,59354,0,0
11/24/2009 19:40,169,3.5,3.9,50.9,81,29.2,0,59354,0,0
11/24/2009 19:50,85,3,3.9,50.9,81,29.2,0,59354,0,0
11/24/2009 20:00,117,6.7,7.2,50.7,81,29.2,0,59354,0,0
11/24/2009 20:10,140,7,8.5,50.9,81,29.2,0,59354,0,0
11/24/2009 20:20,146,7.5,8.2,50.9,81,29.2,0,59354,0,0
11/24/2009 20:30,116,5.8,7.1,50.9,81,29.2,0,59354,0,0
11/24/2009 20:40,131,8.1,8.7,50.9,80,29.2,0,59354,0,0
11/24/2009 20:50,128,4.7,5.1,51,79,29.2,0,59354,0,0
11/24/2009 21:00,111,5,5.9,51,78,29.2,0,59354,0,0
11/24/2009 21:10,129,4.2,5.1,51.2,78,29.2,0,59354,0,0
11/24/2009 21:20,151,5.4,7,51.2,78,29.2,0,59354,0,0
11/24/2009 21:30,128,4.7,6.6,51,78,29.2,0,59354,0,0
11/24/2009 21:40,172,8.2,10.2,51.2,77,29.2,0,59354,0,0
11/24/2009 21:50,63,2.7,4.2,51,78,29.2,0,59354,0,0
11/24/2009 22:00,153,7.8,9.2,50.9,78,29.2,0,59354,0,0
11/24/2009 22:10,160,5.4,6.5,50.7,79,29.2,0,59354,0,0
11/24/2009 22:20,142,4.4,4.8,50.5,79,29.2,0,59354,0,0
11/24/2009 22:30,131,3.9,4.3,50.3,79,29.2,0,59354,0,0
11/24/2009 22:40,146,6.9,7.8,50.5,79,29.2,0,59354,0,0
11/24/2009 22:50,148,7,8.3,50.7,78,29.1,0,59354,0,0
11/24/2009 23:00,146,9.6,11.9,51,77,29.1,0,59354,0,0
11/24/2009 23:10,139,14.4,17,51.2,77,29.1,0,59354,0,0
11/24/2009 23:20,158,13.5,14.8,51.2,77,29.1,0,59354,0,0
11/24/2009 23:30,157,14.6,17.2,51.4,77,29.1,0,59354,0,0
11/24/2009 23:40,174,9.3,14.7,51.4,77,29.1,0,59354,0,0
11/24/2009 23:50,206,9.1,11.9,51.4,77,29.1,0,59354,0,0
11/25/2009 0:00,141,10,11.7,51.4,77,29.1,0,59354,0,0
11/25/2009 0:10,139,17.1,18.2,51.4,77,29.1,0,59354,0,0
11/25/2009 0:20,146,17.6,18.7,51.4,77,29.1,0,59354,0,0
11/25/2009 0:30,151,14.4,17.3,51.4,77,29.1,0,59354,0,0
11/25/2009 0:40,147,13.5,16.1,51.4,77,29.1,0,59354,0,0
11/25/2009 0:50,147,18.9,20,51.4,77,29.1,0,59354,0,0
11/25/2009 1:00,133,18.7,21.2,51.4,77,29.1,0,59354,0,0
11/25/2009 1:10,143,17.5,18.6,51.4,77,29.1,0,59354,0,0
11/25/2009 1:20,157,13.3,16.3,51.4,77,29.1,0,59354,0,0
11/25/2009 1:30,163,21.6,26.7,51.4,77,29.1,0,59354,0,0
11/25/2009 1:40,144,15.2,19.8,51.4,77,29.1,0,59354,0,0
11/25/2009 1:50,155,13.1,15,51.2,77,29.1,0,59354,0,0
11/25/2009 2:00,166,15,17.8,51.2,77,29.1,0,59354,0,0
11/25/2009 2:10,159,23,26,51.2,77,29.1,0,59354,0,0
11/25/2009 2:20,150,24.3,25.5,51.2,77,29.1,0,59354,0,0
11/25/2009 2:30,176,14.7,16.3,51.2,77,29.1,0,59354,0,0
11/25/2009 2:40,173,14.8,15.9,51.2,77,29.1,0,59354,0,0
11/25/2009 2:50,180,8,12,51,77,29.1,0,59354,0,0
11/25/2009 3:00,131,12.8,14.7,50.9,77,29.1,0,59354,0,0
11/25/2009 3:10,163,15.5,17.6,50.9,77,29.1,0,59354,0,0
11/25/2009 3:20,168,11,14.9,50.9,77,29.1,0,59354,0,0
11/25/2009 3:30,160,7.2,10.6,50.7,78,29,0,59354,0,0
11/25/2009 3:40,154,11.7,13.4,50.7,78,29,0,59354,0,0
11/25/2009 3:50,147,18.7,22.3,50.5,78,29,0,59354,0,0
11/25/2009 4:00,137,19.2,20.7,50.5,77,29,0,59354,0,0
11/25/2009 4:10,143,16.1,19.7,50.5,77,29,0,59354,0,0
11/25/2009 4:20,150,10.8,13.7,50.3,78,29,0,59354,0,0
11/25/2009 4:30,165,11.1,14,50.1,78,29,0,59354,0,0
11/25/2009 4:40,154,9.9,11.1,50,78,29,0,59354,0,0
11/25/2009 4:50,158,17.2,19.7,50.1,78,29,0,59354,0,0
11/25/2009 5:00,139,16.9,20.6,50,78,29,0,59354,0,0
11/25/2009 5:10,154,13.3,15.6,50,78,29,0,59354,0,0
11/25/2009 5:20,44,5.2,6.9,49.8,78,29,0,59354,0,0
11/25/2009 5:30,169,17.3,18.4,50.3,77,29,0,59354,0,0
11/25/2009 5:40,141,14,16.7,50.7,76,29,0,59354,0,0
11/25/2009 5:50,151,19.1,21.4,50.7,76,29,0,59354,0,0
11/25/2009 6:00,155,15.6,16.4,50.9,75,29,0,59354,0,0
11/25/2009 6:10,165,16,17.3,51.4,74,29,0,59354,0,0
11/25/2009 6:20,156,16.8,19.9,51.4,74,29,0,59354,0,0
11/25/2009 6:30,184,13.9,15,51.4,74,29,0,59354,0,0
11/25/2009 6:40,152,10.2,12,51.6,74,29,0,59354,0,0
11/25/2009 6:50,205,9.7,15.2,51.6,74,29,0,59354,0,0
11/25/2009 7:00,199,6.4,8.5,51.4,77,29,0,59444,0.01,0.01
11/25/2009 7:10,156,12.5,14,51.2,77,29,0,59524,0,0
11/25/2009 7:20,168,8.9,10.7,51.2,77,29,0,59654,0,0
11/25/2009 7:30,190,11.4,13.4,51.6,77,29,0,59654,0,0
11/25/2009 7:40,195,12.1,13.6,51.4,78,29,0,59654,0,0
11/25/2009 7:50,193,6.4,9.3,51.4,77,29,0,59654,0,0
11/25/2009 8:00,162,15.7,17.3,51.6,77,29,0,59664,0,0
11/25/2009 8:10,185,20,22.1,51.2,79,29,0,60004,0.01,0.01
11/25/2009 8:20,162,12.3,15.5,50.7,82,29,0.01,60494,0.01,0.01
11/25/2009 8:30,189,6.3,8.6,50.3,85,29,0.02,61094,0.13,0.13
11/25/2009 8:40,-Invalid-,-Invalid-,-Invalid-,-Invalid-,-Invalid-,-Invalid-,-Invalid-,-Invalid-,-Invalid-,-Invalid-
11/25/2009 8:50,323,33,36.7,49.8,88,29,0.04,62144,0.01,0.01
11/25/2009 9:00,295,34.2,35.9,50,87,29,0.04,62394,0,0
11/25/2009 9:10,183,16.7,24.2,50.1,87,29,0.04,62394,0,0
11/25/2009 9:20,182,13.4,14.3,50.5,86,29,0.04,62414,0,0
11/25/2009 9:30,172,12.3,15,50.5,85,29,0.04,62434,0,0
11/25/2009 9:40,175,10.3,13.6,50.7,83,29,0.04,62434,0,0
11/25/2009 9:50,198,11.6,13.8,51,82,29,0.04,62434,0,0
11/25/2009 10:00,209,11.6,13.6,51.2,81,29,0.04,62434,0,0
11/25/2009 10:10,181,14,15.1,51.9,79,29,0.04,62434,0,0
11/25/2009 10:20,195,10.6,12.8,53,76,29,0.04,62434,0,0
11/25/2009 10:30,197,20.5,21.8,53.4,73,29,0.04,62434,0,0
11/25/2009 10:40,213,14.6,21.1,53.7,72,29,0.04,62434,0,0
11/25/2009 10:50,197,21.4,26.3,54.1,69,29,0.04,62434,0,0
11/25/2009 11:00,210,15.9,19.7,53.9,69,29,0.04,62434,0,0
11/25/2009 11:10,77,8.7,12.4,54.5,68,28.9,0.04,62434,0,0
11/25/2009 11:20,203,17.9,19.6,53.9,67,28.9,0.04,62434,0,0
11/25/2009 11:30,191,17.8,18.2,53.9,68,28.9,0.04,62434,0,0
11/25/2009 11:40,202,22,23.7,54.3,67,28.9,0.04,62434,0,0
11/25/2009 11:50,206,11.3,17.8,54.5,65,29,0.04,62434,0,0
11/25/2009 12:00,260,16.9,18.9,54.3,67,29,0.04,62434,0,0
11/25/2009 12:10,273,22.6,24.7,48.7,82,29,0.04,62634,0.03,0.03
11/25/2009 12:20,275,21.4,24.9,47.4,86,29,0.05,63004,0.02,0.02
11/25/2009 12:30,275,17.5,18.8,47.3,90,29,0.06,63534,0.31,0.31
11/25/2009 12:40,236,19.1,21.8,46.5,92,29,0.09,64144,0.15,0.15
11/25/2009 12:50,230,8,13.4,46.7,94,29,0.11,64644,0.01,0.01
11/25/2009 13:00,235,9.4,9.8,46.7,90,29,0.12,65124,0,0
11/25/2009 13:10,203,13.1,15,47.1,88,29,0.12,65184,0,0
11/25/2009 13:20,198,10.6,11.2,47.4,87,29,0.12,65184,0,0
11/25/2009 13:30,184,8.9,10.3,47.8,86,29,0.12,65184,0,0
11/25/2009 13:40,213,9.7,11.1,48.3,85,29,0.12,65184,0,0
11/25/2009 13:50,207,8.4,10.6,48.3,84,29,0.12,65184,0,0
11/25/2009 14:00,227,10.1,10.6,48.3,83,29,0.12,65184,0,0
11/25/2009 14:10,213,8.1,8.6,48.2,84,29,0.12,65184,0,0
11/25/2009 14:20,204,7.1,8,48.2,86,29,0.12,65184,0,0
11/25/2009 14:30,203,8.2,9.5,48.2,85,29,0.12,65184,0,0
11/25/2009 14:40,162,4.2,5.6,48.3,84,29,0.12,65184,0,0
11/25/2009 14:50,186,6.5,7.4,48.5,84,29,0.12,65184,0,0
11/25/2009 15:00,202,7.7,8.3,48.5,84,29,0.12,65184,0,0
11/25/2009 15:10,195,10.2,10.8,48.5,84,29,0.12,65184,0,0
11/25/2009 15:20,194,6.8,8.2,48.7,82,29,0.12,65184,0,0
11/25/2009 15:30,196,6,7.3,48.7,82,29,0.12,65184,0,0
11/25/2009 15:40,201,4.5,5.6,48.9,82,29,0.12,65184,0,0
11/25/2009 15:50,180,6.7,7.2,48.9,81,29,0.12,65184,0,0
11/25/2009 16:00,199,7.3,8.7,48.9,81,29,0.12,65184,0,0
11/25/2009 16:10,198,9.9,10.9,48.9,80,29,0.12,65184,0,0
11/25/2009 16:20,222,6.5,7.7,48.9,79,29,0.12,65224,0.01,0.01
11/25/2009 16:30,196,8.5,9.1,49.4,75,29,0.12,65224,0,0
11/25/2009 16:40,199,12.1,12.8,49.2,75,29,0.12,65234,0,0
11/25/2009 16:50,196,11.5,12.4,49.2,75,29,0.12,65234,0,0
11/25/2009 17:00,199,10.6,11.2,49.1,75,29,0.12,65284,0,0
11/25/2009 17:10,207,8.6,11.4,49.1,75,29,0.12,65284,0,0
11/25/2009 17:20,206,10.7,11.4,48.7,77,29,0.12,65284,0,0
11/25/2009 17:30,214,6.8,8,48.5,77,29,0.12,65284,0,0
11/25/2009 17:40,209,15.4,18.5,48.7,75,29,0.12,65284,0,0
11/25/2009 17:50,228,17.8,19.6,48.9,74,29,0.12,65284,0,0
11/25/2009 18:00,235,10.6,11.9,48.9,74,29,0.12,65284,0,0
11/25/2009 18:10,201,9.8,10.9,48.9,74,29,0.12,65284,0,0
11/25/2009 18:20,195,11.7,12.9,48.9,74,29,0.12,65284,0,0
11/25/2009 18:30,193,8.6,11.6,48.7,75,29,0.12,65284,0,0
11/25/2009 18:40,183,6.4,7.3,48.7,75,29,0.12,65284,0,0
11/25/2009 18:50,211,9.6,10.4,48.5,75,29,0.12,65284,0,0
11/25/2009 19:00,218,7.4,8.3,48.5,76,29,0.12,65284,0,0
11/25/2009 19:10,213,13.8,14.6,48.5,75,29,0.12,65284,0,0
11/25/2009 19:20,223,5.8,8.6,48.7,75,29,0.12,65284,0,0
11/25/2009 19:30,204,7,8.5,48.7,75,29,0.12,65284,0,0
11/25/2009 19:40,221,5.9,9.9,48.7,74,29,0.12,65284,0,0
11/25/2009 19:50,205,11.3,13.3,48.9,73,29,0.12,65284,0,0
11/25/2009 20:00,210,10.1,11.2,48.9,72,29,0.12,65284,0,0
11/25/2009 20:10,211,9.1,11.7,49.1,72,29,0.12,65284,0,0
11/25/2009 20:20,190,6.5,8.1,49.1,70,29,0.12,65284,0,0
11/25/2009 20:30,205,16.2,17.5,49.2,70,29,0.12,65284,0,0
11/25/2009 20:40,197,13.8,16.4,49.1,70,29,0.12,65284,0,0
11/25/2009 20:50,229,9.9,11.4,48.9,70,29,0.12,65284,0,0
11/25/2009 21:00,230,13.8,14.5,48.9,70,29,0,65284,0,0
11/25/2009 21:10,221,7.9,9.2,48.9,70,29,0,65284,0,0
11/25/2009 21:20,216,9.1,10.8,48.9,70,29,0,65284,0,0
11/25/2009 21:30,211,5.2,6.1,48.7,70,29,0,65284,0,0
11/25/2009 21:40,223,11.2,12.5,48.7,70,29,0,65284,0,0
11/25/2009 21:50,201,7.4,10.2,48.7,71,29,0,65284,0,0
11/25/2009 22:00,204,12.6,14.1,48.7,70,29,0,65284,0,0
11/25/2009 22:10,164,5.6,9.2,48.7,70,29,0,65284,0,0
11/25/2009 22:20,225,15.1,16.1,48.5,70,29,0,65284,0,0
11/25/2009 22:30,202,7.8,8.9,48.5,70,29,0,65284,0,0
11/25/2009 22:40,211,7.2,8.6,48.5,70,29,0,65284,0,0
11/25/2009 22:50,202,14.2,14.9,48.3,71,29,0,65284,0,0
11/25/2009 23:00,209,10.5,11.4,48.2,71,29,0,65284,0,0
11/25/2009 23:10,211,5,6.8,48.2,71,29,0,65284,0,0
11/25/2009 23:20,194,7.2,8.1,48.2,72,29,0,65284,0,0
11/25/2009 23:30,200,11.5,12.8,48,72,29,0,65284,0,0
11/25/2009 23:40,194,14.8,15.4,48,72,29,0,65284,0,0
11/25/2009 23:50,230,9.3,12.2,48,72,29,0,65284,0,0
11/26/2009 0:00,175,11.8,13.1,48,72,29,0,65284,0,0
11/26/2009 0:10,214,10.5,11.5,48,72,29,0,65284,0,0
11/26/2009 0:20,197,10.4,11.1,48,72,29,0,65284,0,0
11/26/2009 0:30,168,9.3,12.5,48.2,72,29,0,65284,0,0
11/26/2009 0:40,182,11.1,11.8,48.2,72,29,0,65284,0,0
11/26/2009 0:50,193,11.3,11.7,48.2,71,29,0,65284,0,0
11/26/2009 1:00,179,7.6,9.2,48.2,72,29,0,65284,0,0
11/26/2009 1:10,210,8.7,9.8,48,72,29,0,65284,0,0
11/26/2009 1:20,196,13.5,13.8,48,72,29,0,65284,0,0
11/26/2009 1:30,170,11.1,12.6,48,71,29,0,65284,0,0
11/26/2009 1:40,191,9.7,10.7,48,71,29,0,65284,0,0
11/26/2009 1:50,191,14.1,15.8,48.2,71,29,0,65284,0,0
11/26/2009 2:00,190,8.5,10.2,48.2,71,29,0,65284,0,0
11/26/2009 2:10,173,12.7,16.1,48.2,70,29,0,65284,0,0
11/26/2009 2:20,195,8.2,11.4,48.2,71,29,0,65284,0,0
11/26/2009 2:30,170,8.3,10.6,48.2,70,29,0,65284,0,0
11/26/2009 2:40,149,4.2,5.3,48.2,70,29,0,65284,0,0
11/26/2009 2:50,171,9.8,10.6,48.2,70,29,0,65284,0,0
11/26/2009 3:00,175,9.3,10.8,48.2,69,29,0,65284,0,0
11/26/2009 3:10,199,8,9.3,48.2,69,29,0,65284,0,0
11/26/2009 3:20,175,5.6,8.2,48.2,69,29,0,65284,0,0
11/26/2009 3:30,168,7.8,8.4,48.2,69,29,0,65284,0,0
11/26/2009 3:40,197,14.1,15.9,48.2,69,29,0,65284,0,0
11/26/2009 3:50,173,9.9,10.8,47.8,70,29,0,65284,0,0
11/26/2009 4:00,181,12.7,13.2,47.8,70,29,0,65284,0,0
11/26/2009 4:10,173,11,12,47.8,70,29,0,65284,0,0
11/26/2009 4:20,200,10.7,11.1,47.8,69,29,0,65284,0,0
11/26/2009 4:30,197,10.9,11.9,47.8,70,29,0,65284,0,0
11/26/2009 4:40,167,7.6,9.9,47.6,70,29,0,65284,0,0
11/26/2009 4:50,178,3.9,7.2,47.6,70,29,0,65284,0,0
11/26/2009 5:00,196,11.4,12.1,47.6,70,29,0,65284,0,0
11/26/2009 5:10,185,7.6,9.8,47.6,70,29,0,65284,0,0
11/26/2009 5:20,200,9.4,10,47.6,70,29,0,65284,0,0
11/26/2009 5:30,199,13.4,14,47.6,70,29,0,65284,0,0
11/26/2009 5:40,177,6.5,9,47.6,70,29,0,65284,0,0
11/26/2009 5:50,192,9.5,10.9,47.4,70,29,0,65284,0,0
11/26/2009 6:00,198,5.1,6.7,47.4,70,29,0,65284,0,0
11/26/2009 6:10,238,8.7,9.9,47.3,70,29,0,65284,0,0
11/26/2009 6:20,226,14.1,15.3,47.3,67,29,0,65284,0,0
11/26/2009 6:30,216,12.5,14.1,46.9,68,29,0,65284,0,0
11/26/2009 6:40,262,6.5,7.2,45.6,77,29,0,65344,0,0
11/26/2009 6:50,176,4.1,5.7,44.7,82,29,0,65394,0,0
11/26/2009 7:00,208,6.7,8.1,44.7,84,29,0,65444,0,0
11/26/2009 7:10,188,7.1,7.8,44.9,83,29,0,65514,0,0
11/26/2009 7:20,199,5,6.6,44.9,83,29,0,138,0,0
11/26/2009 7:30,205,11.3,11.8,45.1,82,29,0,138,0,0
11/26/2009 7:40,211,10,11,45.3,81,29,0,138,0,0
11/26/2009 7:50,225,4,5.9,45.5,78,29,0,138,0,0
11/26/2009 8:00,234,15.4,16.8,45.3,76,29,0,138,0,0
11/26/2009 8:10,230,13.4,15,45.1,76,29,0,168,0,0
11/26/2009 8:20,228,9.9,10.7,44.7,78,29,0,228,0,0
11/26/2009 8:30,197,11.5,12.9,44.4,81,29,0,538,0.03,0.03
11/26/2009 8:40,183,11.9,13.3,43.8,80,29,0,678,0,0
11/26/2009 8:50,174,6.7,8.3,44.2,82,29,0,678,0,0
11/26/2009 9:00,288,3,3.4,45.3,79,29,0,678,0,0
11/26/2009 9:10,189,4.3,5,45.5,79,29,0,678,0,0
11/26/2009 9:20,228,8.6,9.9,46.2,76,29,0,678,0,0
11/26/2009 9:30,235,16.6,18.3,47.1,74,29,0,678,0,0
11/26/2009 9:40,229,12.4,13,46.9,72,29,0,678,0,0
11/26/2009 9:50,221,6.4,7,47.4,67,29,0,678,0,0
11/26/2009 10:00,243,4.8,5.3,48.3,60,29,0,678,0,0
11/26/2009 10:10,189,7.9,13.6,47.6,70,29,0,678,0,0
11/26/2009 10:20,280,22,24.1,44.9,76,29,0,678,0,0
11/26/2009 10:30,282,18.8,21,44.7,73,29,0,678,0,0
11/26/2009 10:40,278,17.8,19.8,44.6,73,29,0,678,0,0
11/26/2009 10:50,273,15.7,18,44.6,71,29,0,678,0,0
11/26/2009 11:00,284,23.3,24.2,44.4,68,28.9,0,678,0,0
11/26/2009 11:10,281,16.7,21,44.7,65,29,0,678,0,0
11/26/2009 11:20,284,17.3,18.5,44.9,66,29,0,678,0,0
11/26/2009 11:30,278,13.1,15.1,44.7,67,29,0,678,0,0
11/26/2009 11:40,289,10.2,12.6,44.6,65,29,0,678,0,0
11/26/2009 11:50,280,18.9,19.4,44.7,63,28.9,0,678,0,0
11/26/2009 12:00,286,11.1,13.6,44.4,64,28.9,0,678,0,0
11/26/2009 12:10,278,12.2,14.2,44.6,63,28.9,0,678,0,0
11/26/2009 12:20,290,14.4,16.5,44.2,62,28.9,0,678,0,0
11/26/2009 12:30,274,19.3,24.7,44.9,58,28.9,0,678,0,0
11/26/2009 12:40,260,18,22.4,44.2,60,28.9,0,678,0,0
11/26/2009 12:50,259,15.9,17.8,44.2,62,28.9,0,678,0,0
11/26/2009 13:00,299,16.7,18.6,44.7,63,28.9,0,678,0,0
11/26/2009 13:10,266,18,19.7,44.6,62,28.9,0,678,0,0
11/26/2009 13:20,284,9.9,12.4,44.4,63,29,0,678,0,0
11/26/2009 13:30,267,7.4,9.7,44.4,63,29,0,678,0,0
11/26/2009 13:40,284,17,18.6,44.6,65,28.9,0,678,0,0
11/26/2009 13:50,254,9.9,11.4,44.6,66,28.9,0,678,0,0
11/26/2009 14:00,250,14.6,16,44.7,66,28.9,0,678,0,0
11/26/2009 14:10,253,10.5,11.7,44.7,62,28.9,0,678,0,0
11/26/2009 14:20,253,18.8,21.5,44.9,62,28.9,0,678,0,0
11/26/2009 14:30,249,14.6,15.5,44.7,56,28.9,0,678,0,0
11/26/2009 14:40,245,16.1,16.8,44.4,55,28.9,0,678,0,0
11/26/2009 14:50,220,9.7,10.4,44,52,28.9,0,678,0,0
11/26/2009 15:00,216,5.9,7.2,43.7,50,29,0,678,0,0
11/26/2009 15:10,203,9.3,10.4,43.7,49,29,0,678,0,0
11/26/2009 15:20,221,15.6,16.4,43.7,49,29,0,678,0,0
11/26/2009 15:30,236,7.6,8.2,43.5,49,29,0,678,0,0
11/26/2009 15:40,199,9.8,10.1,43.3,49,29,0,678,0,0
11/26/2009 15:50,218,10.5,11.5,42.9,50,29,0,678,0,0
11/26/2009 16:00,226,7.1,9.1,42.6,51,29,0,678,0,0
11/26/2009 16:10,225,8.5,9.9,42.2,53,29,0,678,0,0
11/26/2009 16:20,214,8.7,9.3,42.2,55,29,0,678,0,0
11/26/2009 16:30,224,12.5,14.1,42.2,56,29,0,678,0,0
11/26/2009 16:40,210,9.2,9.9,42,57,29,0,678,0,0
11/26/2009 16:50,223,7.8,9.7,42,57,29,0,678,0,0
11/26/2009 17:00,244,8.2,10.4,42,56,29,0,678,0,0
11/26/2009 17:10,242,11.8,12.2,41.9,56,29,0,678,0,0
11/26/2009 17:20,225,9.3,11.7,41.9,56,28.9,0,678,0,0
11/26/2009 17:30,207,9.6,10.3,41.7,57,28.9,0,678,0,0
11/26/2009 17:40,224,13.2,14.3,41.5,57,28.9,0,678,0,0
11/26/2009 17:50,226,6.8,8.5,41.5,57,28.9,0,678,0,0
11/26/2009 18:00,213,7.6,8.4,41.5,58,28.9,0,678,0,0
11/26/2009 18:10,200,7,7.4,41.3,58,28.9,0,678,0,0
11/26/2009 18:20,200,7.2,8.4,41.3,58,28.9,0,678,0,0
11/26/2009 18:30,213,12.2,13,41.1,58,28.9,0,678,0,0
11/26/2009 18:40,215,9.3,9.9,41,59,28.9,0,678,0,0
11/26/2009 18:50,212,8.5,9.1,41,59,28.9,0,678,0,0
11/26/2009 19:00,220,8.8,9.6,40.6,60,28.9,0,678,0,0
11/26/2009 19:10,219,12.6,14,40.6,60,28.9,0,678,0,0
11/26/2009 19:20,207,13.9,14.4,40.6,60,28.9,0,678,0,0
11/26/2009 19:30,195,8,9.1,40.2,61,28.9,0,678,0,0
11/26/2009 19:40,217,8.3,8.8,40.1,62,28.9,0,678,0,0
11/26/2009 19:50,212,9.9,10.6,39.9,62,28.9,0,678,0,0
11/26/2009 20:00,204,7.8,9.5,39.9,62,28.9,0,678,0,0
11/26/2009 20:10,223,10.5,11.8,39.7,62,28.9,0,678,0,0
11/26/2009 20:20,209,11.7,13.6,39.9,62,28.9,0,678,0,0
11/26/2009 20:30,205,9.8,10.9,39.9,63,28.9,0,678,0,0
11/26/2009 20:40,202,16.7,17.9,39.7,63,28.9,0,678,0,0
11/26/2009 20:50,193,9.3,16.4,39.7,64,28.9,0,678,0,0
11/26/2009 21:00,188,13.9,14.5,39.7,64,28.9,0,678,0,0
11/26/2009 21:10,204,17.1,18.9,39.7,65,28.9,0,678,0,0
11/26/2009 21:20,199,16.2,17.2,39.7,65,28.9,0,678,0,0
11/26/2009 21:30,195,13.3,14.9,39.5,66,28.9,0,678,0,0
11/26/2009 21:40,193,13.3,14.6,39.3,67,28.9,0,678,0,0
11/26/2009 21:50,194,12.1,12.7,39.2,67,28.9,0,678,0,0
11/26/2009 22:00,165,6.6,8.4,39,68,28.9,0,678,0,0
11/26/2009 22:10,229,11.6,12.1,39,69,28.9,0,678,0,0
11/26/2009 22:20,195,11.1,13.3,39,70,28.9,0,678,0,0
11/26/2009 22:30,180,3.1,4.3,39,70,28.9,0,678,0,0
11/26/2009 22:40,196,14.2,15.3,39,71,28.9,0,678,0,0
11/26/2009 22:50,210,15.1,16.6,38.8,72,28.9,0,678,0,0
11/26/2009 23:00,196,9.3,10.8,38.6,73,28.9,0,678,0,0
11/26/2009 23:10,198,6.9,9,38.4,74,28.9,0,678,0,0
11/26/2009 23:20,197,8.1,9.3,38.4,74,28.9,0,678,0,0
11/26/2009 23:30,202,6.2,7.2,38.3,75,28.9,0,678,0,0
11/26/2009 23:40,202,12.5,14,38.1,76,28.9,0,678,0,0
11/26/2009 23:50,199,13.1,14.4,38.1,76,28.9,0,678,0,0
11/27/2009 0:00,201,9.2,10.2,38.3,77,28.9,0,678,0,0
11/27/2009 0:10,191,10.3,11.2,38.3,77,28.8,0,678,0,0
11/27/2009 0:20,201,9.2,10.2,38.4,77,28.8,0,678,0,0
11/27/2009 0:30,198,7.1,8.4,38.6,77,28.8,0,708,0,0
11/27/2009 0:40,165,6.7,9.3,38.6,78,28.8,0,818,0,0
11/27/2009 0:50,224,7.6,8.6,38.4,79,28.8,0,938,0,0
11/27/2009 1:00,209,15.9,17.8,38.3,81,28.8,0,1088,0,0
11/27/2009 1:10,207,20.3,20.8,37.5,84,28.8,0.01,1518,0.05,0.05
11/27/2009 1:20,202,10.1,12.3,37,88,28.8,0.01,1818,0.02,0.02
11/27/2009 1:30,194,15.7,18.9,37,89,28.8,0.01,2308,0.07,0.07
11/27/2009 1:40,195,12.2,13,36.8,90,28.8,0.02,2898,0.11,0.11
11/27/2009 1:50,200,11.5,12.5,36.3,90,28.8,0.04,3498,0.2,0.2
11/27/2009 2:00,297,33.1,39.1,39,88,28.8,0.04,3978,0.01,0.01
11/27/2009 2:10,298,34.9,36.8,39.9,83,28.8,0.04,4388,0,0
11/27/2009 2:20,304,27.8,30.3,39.9,88,28.8,0.04,4388,0,0
11/27/2009 2:30,304,25.5,28.7,39.7,84,28.8,0.04,4398,0,0
11/27/2009 2:40,299,34.8,36.1,39.5,81,28.8,0.05,4648,0.02,0.02
11/27/2009 2:50,303,24.7,29.6,39.9,81,28.8,0.05,4678,0,0
11/27/2009 3:00,312,19.7,22.7,39.7,84,28.9,0.05,4868,0,0
11/27/2009 3:10,310,33.5,38.1,39.9,82,28.8,0.05,4968,0,0
11/27/2009 3:20,315,24.1,31,39.9,82,28.9,0.05,4968,0,0
11/27/2009 3:30,298,25,26.3,39.7,84,28.9,0.05,4998,0,0
11/27/2009 3:40,303,19,22.3,39.7,85,28.9,0.05,5018,0,0
11/27/2009 3:50,291,27,28,39.2,80,28.9,0.05,5228,0,0
11/27/2009 4:00,316,17.8,20.8,39.2,83,28.9,0.05,5388,0,0
11/27/2009 4:10,305,17.2,19.4,39.5,84,28.9,0.05,5598,0,0
11/27/2009 4:20,301,20,21.9,40.1,76,28.9,0.05,5598,0,0
11/27/2009 4:30,323,16.5,21.2,39.3,84,28.9,0.06,5798,0,0
11/27/2009 4:40,289,30,31,39.9,77,28.9,0.06,5828,0,0
11/27/2009 4:50,300,30.9,32.3,40.2,69,28.9,0.06,5828,0,0
11/27/2009 5:00,286,26.6,28.2,40.2,74,28.9,0.06,5828,0,0
11/27/2009 5:10,297,23.7,26.6,40.2,75,28.9,0.06,5828,0,0
11/27/2009 5:20,297,25.1,29.1,39.7,72,28.9,0.06,5828,0,0
11/27/2009 5:30,298,30.1,31,39.7,72,28.9,0.06,5828,0,0
11/27/2009 5:40,301,23.1,25.2,39.7,69,28.9,0.06,5828,0,0
11/27/2009 5:50,296,25.3,27.5,39.5,75,28.9,0.06,5828,0,0
11/27/2009 6:00,291,22.7,26.7,39.5,68,28.9,0.06,5828,0,0
11/27/2009 6:10,285,25.1,26.8,39.5,68,28.9,0.06,5828,0,0
11/27/2009 6:20,296,26.3,27.7,39.3,68,28.9,0.06,5828,0,0
11/27/2009 6:30,282,19.9,22.1,39.2,73,28.9,0.06,5828,0,0
11/27/2009 6:40,292,26.3,28.7,39.2,71,28.9,0.06,5828,0,0
11/27/2009 6:50,298,20.1,22.7,39.2,73,28.9,0.06,5828,0,0
11/27/2009 7:00,279,23.2,25.1,39.2,70,28.9,0.06,5828,0,0
11/27/2009 7:10,285,23.3,24.5,39,69,28.9,0.06,5828,0,0
11/27/2009 7:20,282,24.3,26.2,39.2,67,28.9,0.06,5828,0,0
11/27/2009 7:30,292,26.8,28.9,38.6,67,28.9,0.06,5828,0,0
11/27/2009 7:40,280,25.1,26.8,38.8,69,28.9,0.06,5828,0,0
11/27/2009 7:50,293,22.1,23.6,38.8,70,28.9,0.06,5828,0,0
11/27/2009 8:00,286,25.7,27,38.8,69,28.9,0.06,5828,0,0
11/27/2009 8:10,285,26.9,30.1,39,70,28.9,0.06,5828,0,0
11/27/2009 8:20,289,28.6,29.5,38.8,69,28.9,0.06,5828,0,0
11/27/2009 8:30,290,19.2,24.4,39,71,28.9,0.06,5828,0,0
11/27/2009 8:40,295,26.1,29.5,39.2,71,28.9,0.06,5828,0,0
11/27/2009 8:50,291,26.1,28.7,39,70,28.9,0.06,5828,0,0
11/27/2009 9:00,299,17.6,20.9,38.8,71,28.9,0.06,5828,0,0
11/27/2009 9:10,291,27.3,30.4,38.8,71,28.9,0.06,5828,0,0
11/27/2009 9:20,295,17.4,21.2,38.3,75,28.9,0.06,5898,0.01,0.01
11/27/2009 9:30,279,22.2,23.8,37.7,78,28.9,0.06,6108,0.02,0.02
11/27/2009 9:40,289,26.1,26.6,37.7,77,28.9,0.06,6328,0,0
11/27/2009 9:50,279,23.2,27.5,38.4,80,28.9,0.06,6328,0,0
11/27/2009 10:00,289,28.4,29,37.2,83,28.9,0.07,6458,0.01,0.01
11/27/2009 10:10,276,19.7,23.1,37,87,28.9,0.08,6618,0,0
11/27/2009 10:20,277,27.1,30.4,36.6,88,28.9,0.09,7118,0.07,0.07
11/27/2009 10:30,287,27.5,32.1,37,83,28.9,0.09,7408,0,0
11/27/2009 10:40,287,23.2,26.9,37.4,85,28.9,0.09,7498,0,0
11/27/2009 10:50,292,25,27.9,37.4,83,28.9,0.1,7928,0.04,0.04
11/27/2009 11:00,281,28.2,29.9,37,86,28.9,0.1,8198,0.02,0.02
11/27/2009 11:10,295,25.3,28.2,36.6,87,28.9,0.11,8648,0,0
11/27/2009 11:20,293,23.9,25.8,37.7,82,28.9,0.11,8968,0,0
11/27/2009 11:30,294,25.1,26.3,38.1,83,28.9,0.11,9238,0.02,0.02
11/27/2009 11:40,288,17.8,21.6,37.9,81,28.9,0.12,9488,0.02,0.02
11/27/2009 11:50,294,30.2,31.8,37.7,81,28.9,0.12,9908,0,0
11/27/2009 12:00,286,31.1,32.1,37.9,84,28.9,0.13,10078,0.04,0.04
11/27/2009 12:10,296,27.9,31.5,38.4,83,28.9,0.13,10398,0,0
11/27/2009 12:20,294,22.2,25.8,37.9,86,28.9,0.14,10778,0.05,0.05
11/27/2009 12:30,298,23.5,26.6,38.6,84,28.9,0.14,11248,0,0
11/27/2009 12:40,292,22.8,27.7,38.8,84,28.9,0.14,11648,0.04,0.04
11/27/2009 12:50,292,31.6,33.8,38.3,89,28.9,0.16,12058,0,0
11/27/2009 13:00,297,23.3,28.7,39.2,84,28.9,0.16,12058,0,0
11/27/2009 13:10,288,27.4,30.3,39.9,83,28.9,0.16,12058,0,0
11/27/2009 13:20,297,29.8,32.2,40.4,82,28.9,0.16,12058,0,0
11/27/2009 13:30,288,29.8,37.8,40.4,82,28.9,0.16,12058,0,0
11/27/2009 13:40,286,34.4,37.1,40.4,83,28.9,0.16,12058,0,0
11/27/2009 13:50,270,29.9,32.3,40.6,85,28.9,0.16,12058,0,0
11/27/2009 14:00,291,28.7,29.6,41.1,82,28.9,0.16,12058,0,0
11/27/2009 14:10,290,36.5,39.1,41.5,79,28.9,0.16,12058,0,0
11/27/2009 14:20,293,27.2,30,41.5,82,28.9,0.16,12058,0,0
11/27/2009 14:30,294,36.4,39.5,41.9,81,28.9,0.16,12058,0,0
11/27/2009 14:40,301,31.5,33.3,41.9,80,28.9,0.16,12058,0,0
11/27/2009 14:50,302,36,38.1,42.2,79,28.9,0.16,12058,0,0
11/27/2009 15:00,296,37.2,39.1,42.2,79,28.9,0.16,12058,0,0
11/27/2009 15:10,315,25.6,34.1,42.2,80,28.9,0.16,12058,0,0
11/27/2009 15:20,304,24.2,26.5,42.2,82,28.9,0.16,12088,0,0
11/27/2009 15:30,308,19.8,25.6,42.2,83,28.9,0.16,12088,0,0
11/27/2009 15:40,302,25.7,27.2,42.6,83,28.9,0.16,12088,0,0
11/27/2009 15:50,299,31.4,34.1,42.6,82,28.9,0.16,12088,0,0
11/27/2009 16:00,300,38.8,41.4,42.4,82,28.9,0.16,12108,0,0
11/27/2009 16:10,304,31.3,34.4,42.6,84,28.9,0.16,12108,0,0
11/27/2009 16:20,316,28.1,29.9,42.9,84,28.9,0.16,12108,0,0
11/27/2009 16:30,321,30.6,31.8,42.9,76,28.9,0.16,12108,0,0
11/27/2009 16:40,316,22.9,25.3,42.9,74,28.9,0.16,12108,0,0
11/27/2009 16:50,324,22.5,25.1,43.1,73,28.9,0.16,12108,0,0
11/27/2009 17:00,324,30.3,32.5,43.1,72,28.9,0.16,12108,0,0
11/27/2009 17:10,322,18.3,27.2,42.9,72,29,0.16,12108,0,0
11/27/2009 17:20,318,26.1,32.3,42.9,72,29,0.16,12108,0,0
11/27/2009 17:30,306,20.4,24.2,42.8,72,29,0.16,12108,0,0
11/27/2009 17:40,318,27.4,28.5,42.6,71,29,0.16,12108,0,0
11/27/2009 17:50,319,29.3,29.9,42.8,72,29,0.16,12108,0,0
11/27/2009 18:00,324,27.3,29.5,42.8,73,29,0.16,12108,0,0
11/27/2009 18:10,311,22.9,25.1,42.8,72,29,0.16,12108,0,0
11/27/2009 18:20,320,24.4,26.5,42.6,68,29,0.16,12108,0,0
11/27/2009 18:30,316,26.1,28.6,42.6,71,29,0.16,12108,0,0
11/27/2009 18:40,306,22.9,25.4,42.6,71,29,0.16,12108,0,0
11/27/2009 18:50,315,19.9,21.7,42.6,71,29,0.16,12108,0,0
11/27/2009 19:00,315,22.3,24.4,42.8,73,29,0.16,12108,0,0
11/27/2009 19:10,304,24.2,26,42.8,71,29,0.16,12108,0,0
11/27/2009 19:20,304,26.7,29.3,42.6,72,29,0.16,12108,0,0
11/27/2009 19:30,320,22.2,26.8,42.6,75,29,0.16,12108,0,0
11/27/2009 19:40,317,27.6,29.7,42.6,72,29,0.16,12108,0,0
11/27/2009 19:50,311,28.3,31.6,42.8,76,29,0.16,12108,0,0
11/27/2009 20:00,322,29.3,29.9,42.8,75,29,0.16,12108,0,0
11/27/2009 20:10,315,25.4,27.3,42.8,75,29,0.16,12108,0,0
11/27/2009 20:20,312,31.8,34.8,42.6,74,29,0.16,12108,0,0
11/27/2009 20:30,296,31.9,35.9,42.6,77,29,0.16,12108,0,0
11/27/2009 20:40,316,26.8,28.6,42.4,77,29,0.16,12108,0,0
11/27/2009 20:50,312,22.5,24.6,42.4,74,29,0.16,12108,0,0
11/27/2009 21:00,313,25.2,26.5,42.4,74,29,0,12108,0,0
11/27/2009 21:10,322,24.7,29,42.4,72,29,0,12108,0,0
11/27/2009 21:20,319,24.6,28.8,42,74,29,0,12108,0,0
11/27/2009 21:30,304,29,32.8,42,74,29,0,12108,0,0
11/27/2009 21:40,308,20.6,23.1,42,76,29,0,12108,0,0
11/27/2009 21:50,297,24.5,25.5,41.9,77,29,0,12108,0,0
11/27/2009 22:00,294,29.1,30.2,42,78,29,0,12108,0,0
11/27/2009 22:10,297,24.5,26.6,42,81,29,0,12108,0,0
11/27/2009 22:20,318,21,23.7,41.9,78,29,0,12108,0,0
11/27/2009 22:30,308,20.4,22.5,41.9,78,29,0,12108,0,0
11/27/2009 22:40,299,26.5,28,41.9,77,29,0,12118,0,0
11/27/2009 22:50,305,26.1,29.9,42,78,29,0,12118,0,0
11/27/2009 23:00,314,16.4,18.9,41.9,77,29,0,12118,0,0
11/27/2009 23:10,314,25.6,27.3,42,74,29,0,12118,0,0
11/27/2009 23:20,319,25.4,26.6,42,75,29,0,12118,0,0
11/27/2009 23:30,303,21.4,22.8,42,77,29,0,12118,0,0
11/27/2009 23:40,295,30.8,32.2,41.9,71,29,0,12118,0,0
11/27/2009 23:50,279,26,30.6,41.7,73,29,0,12118,0,0
11/28/2009 0:00,294,28.3,31.5,41.9,73,29,0,12118,0,0
11/28/2009 0:10,296,31.6,32.3,41.9,72,29,0,12118,0,0
11/28/2009 0:20,297,26.5,31.4,41.9,73,29,0,12118,0,0
11/28/2009 0:30,308,16.9,20,41.7,77,29,0,12118,0,0
11/28/2009 0:40,292,32.2,35.4,41.5,75,29,0,12148,0,0
11/28/2009 0:50,296,32.7,33.9,41.3,73,29,0,12148,0,0
11/28/2009 1:00,296,21.5,25.5,41.3,75,29,0,12148,0,0
11/28/2009 1:10,293,32,34.9,41,71,29,0,12158,0,0
11/28/2009 1:20,294,26.5,27.3,41,72,29.1,0,12158,0,0
11/28/2009 1:30,301,20.6,21.6,41.1,73,29.1,0,12158,0,0
11/28/2009 1:40,292,31.1,33.2,41.3,70,29.1,0,12168,0,0
11/28/2009 1:50,296,28.4,34.5,41.3,72,29.1,0,12168,0,0
11/28/2009 2:00,286,29.7,31.2,41,71,29.1,0,12168,0,0
11/28/2009 2:10,291,19.9,23.9,41,71,29.1,0,12168,0,0
11/28/2009 2:20,296,21.4,24.7,40.8,72,29.1,0,12168,0,0
11/28/2009 2:30,289,25.5,26.6,40.8,72,29.1,0,12168,0,0
11/28/2009 2:40,282,22.9,24.2,40.8,73,29.1,0,12168,0,0
11/28/2009 2:50,296,22.9,24.1,40.6,71,29.1,0,12168,0,0
11/28/2009 3:00,306,19.9,23.1,40.6,72,29.1,0,12168,0,0
11/28/2009 3:10,288,21.6,26.2,40.6,74,29.1,0,12168,0,0
11/28/2009 3:20,280,21.2,22.9,40.8,74,29.1,0,12168,0,0
11/28/2009 3:30,276,16.3,18,41,77,29.1,0,12168,0,0
11/28/2009 3:40,292,17.5,20,40.8,76,29.1,0,12168,0,0
11/28/2009 3:50,285,22.8,25.7,40.4,74,29.1,0,12168,0,0
11/28/2009 4:00,294,16.8,20.4,40.2,77,29.1,0,12168,0,0
11/28/2009 4:10,298,23.3,26.3,40.2,77,29.1,0,12168,0,0
11/28/2009 4:20,304,19.9,21.7,40.2,79,29.1,0,12168,0,0
11/28/2009 4:30,286,23.4,25.1,40.2,78,29.1,0,12168,0,0
11/28/2009 4:40,270,19.5,23.5,40.1,79,29.1,0,12168,0,0
11/28/2009 4:50,280,22,24.8,39.9,78,29.1,0,12168,0,0
11/28/2009 5:00,301,18.9,23,39.9,79,29.1,0,12168,0,0
11/28/2009 5:10,287,29.3,30.9,39.9,78,29.1,0,12168,0,0
11/28/2009 5:20,289,28.5,31.2,40.1,73,29.1,0,12168,0,0
11/28/2009 5:30,282,22.9,24.4,40.1,75,29.1,0,12168,0,0
11/28/2009 5:40,285,22.7,24.7,40.2,78,29.1,0,12168,0,0
11/28/2009 5:50,307,22.2,24.5,40.2,78,29.1,0,12168,0,0
11/28/2009 6:00,254,16.7,18.1,40.1,77,29.1,0,12168,0,0
11/28/2009 6:10,261,14.2,16.1,40.1,77,29.1,0,12168,0,0
11/28/2009 6:20,263,14.9,16.4,40.1,76,29.1,0,12168,0,0
11/28/2009 6:30,274,22.2,24.2,39.9,76,29.1,0,12168,0,0
11/28/2009 6:40,289,13.2,16.3,40.1,76,29.1,0,12168,0,0
11/28/2009 6:50,268,11.4,13,40.1,76,29.1,0,12168,0,0
11/28/2009 7:00,279,19,21.4,40.1,75,29.1,0,12168,0,0
11/28/2009 7:10,266,20.1,22.4,39.9,75,29.1,0,12168,0,0
11/28/2009 7:20,305,12.8,16.4,40.1,77,29.1,0,12168,0,0
11/28/2009 7:30,293,18.3,21.2,40.1,77,29.1,0,12168,0,0
11/28/2009 7:40,270,18.7,21.6,40.2,77,29.1,0,12168,0,0
11/28/2009 7:50,305,18.7,24.4,40.4,79,29.1,0,12168,0,0
11/28/2009 8:00,270,15.3,17.2,40.2,79,29.1,0,12168,0,0
11/28/2009 8:10,290,17.8,20,40.4,80,29.1,0,12168,0,0
11/28/2009 8:20,290,10.9,12.3,40.4,80,29.1,0,12168,0,0
11/28/2009 8:30,248,12.7,13.8,40.4,81,29.1,0,12168,0,0
11/28/2009 8:40,209,7.5,8.3,39.5,75,29.1,0,12168,0,0
11/28/2009 8:50,227,14.1,16.1,38.6,75,29.1,0,12168,0,0
11/28/2009 9:00,210,13.9,15.8,37.9,75,29.1,0,12168,0,0
11/28/2009 9:10,233,9,10.3,37.9,75,29.1,0,12168,0,0
11/28/2009 9:20,194,6.7,8.6,37.9,75,29.1,0,12178,0,0
11/28/2009 9:30,210,11.7,12.9,38.1,75,29.1,0,12178,0,0
11/28/2009 9:40,213,6.6,8.4,38.3,75,29.1,0,12178,0,0
11/28/2009 9:50,216,12.2,13,38.3,75,29.1,0,12178,0,0
11/28/2009 10:00,215,10.3,12.4,38.3,74,29.1,0,12178,0,0
11/28/2009 10:10,212,12.4,13.8,38.4,74,29.1,0,12178,0,0
11/28/2009 10:20,218,7.3,8.5,38.4,74,29.1,0,12178,0,0
11/28/2009 10:30,216,16.3,16.9,38.6,73,29.1,0,12178,0,0
11/28/2009 10:40,216,10.9,12.2,39,73,29.1,0,12178,0,0
11/28/2009 10:50,209,14.4,16.2,39,72,29.1,0,12178,0,0
11/28/2009 11:00,214,13.1,14.5,39.3,72,29.1,0,12178,0,0
11/28/2009 11:10,220,14,14.6,39.5,71,29.1,0,12178,0,0
11/28/2009 11:20,223,14.5,16.5,40.1,70,29.1,0,12178,0,0
11/28/2009 11:30,267,4.9,8.3,40.4,70,29.1,0,12178,0,0
11/28/2009 11:40,246,13.8,14.8,40.6,69,29.1,0,12178,0,0
11/28/2009 11:50,234,10.2,13.2,41,67,29.1,0,12178,0,0
11/28/2009 12:00,250,10.2,11.1,40.8,68,29.1,0,12178,0,0
11/28/2009 12:10,279,7.2,7.8,41.3,69,29.1,0,12178,0,0
11/28/2009 12:20,250,12.6,14.2,41.9,66,29.1,0,12178,0,0
11/28/2009 12:30,270,5.4,6.9,42,61,29.1,0,12178,0,0
11/28/2009 12:40,253,4.5,5.4,42.6,60,29.1,0,12178,0,0
11/28/2009 12:50,251,5.5,6.1,42.8,60,29.1,0,12178,0,0
11/28/2009 13:00,232,5.9,6.4,43.1,57,29.1,0,12178,0,0
11/28/2009 13:10,282,5.5,6.2,43.8,57,29.1,0,12178,0,0
11/28/2009 13:20,246,7.4,7.9,44,56,29.1,0,12178,0,0
11/28/2009 13:30,280,9.1,10.1,42.8,67,29.1,0,12178,0,0
11/28/2009 13:40,271,7.5,8.7,42.6,68,29.1,0,12178,0,0
11/28/2009 13:50,276,9.5,10.6,42.4,69,29.1,0,12178,0,0
11/28/2009 14:00,233,5.8,6.7,42.4,69,29.1,0,12178,0,0
11/28/2009 14:10,250,6.6,6.8,42.4,69,29.1,0,12178,0,0
11/28/2009 14:20,222,7.5,8.5,42.2,69,29.1,0,12178,0,0
11/28/2009 14:30,235,5.2,5.6,41.9,70,29.1,0,12178,0,0
11/28/2009 14:40,220,4.5,5.3,41.7,71,29.1,0,12178,0,0
11/28/2009 14:50,195,3,3.9,41.7,71,29.1,0,12178,0,0
11/28/2009 15:00,207,4.6,5.1,41.5,71,29.1,0,12178,0,0
11/28/2009 15:10,200,6.3,6.6,41.5,70,29.1,0,12178,0,0
11/28/2009 15:20,176,6.7,7.4,41.9,63,29.1,0,12178,0,0
11/28/2009 15:30,187,8.3,9.4,42,58,29.1,0,12178,0,0
11/28/2009 15:40,189,10.9,11.7,42,56,29.1,0,12178,0,0
11/28/2009 15:50,184,9.4,10.6,41.9,55,29,0,12178,0,0
11/28/2009 16:00,176,11.8,13.2,41.9,55,29,0,12178,0,0
11/28/2009 16:10,172,11.2,11.8,41.9,54,29,0,12178,0,0
11/28/2009 16:20,177,10.6,12.5,41.9,54,29,0,12178,0,0
11/28/2009 16:30,182,9.9,12.8,41.7,53,29,0,12178,0,0
11/28/2009 16:40,183,10.4,11.4,41.9,52,29,0,12178,0,0
11/28/2009 16:50,180,14.8,15.8,41.9,52,29,0,12178,0,0
11/28/2009 17:00,188,12.3,13.2,42,52,29,0,12178,0,0
11/28/2009 17:10,159,11.5,13.9,42.2,51,29,0,12178,0,0
11/28/2009 17:20,171,11.9,15,42.2,51,29,0,12178,0,0
11/28/2009 17:30,165,13.8,14.8,42.2,51,29,0,12178,0,0
11/28/2009 17:40,174,15.7,16.4,42.2,51,29,0,12178,0,0
11/28/2009 17:50,165,8,11.6,42.4,51,29,0,12178,0,0
11/28/2009 18:00,156,3.9,6.8,42.4,51,29,0,12178,0,0
11/28/2009 18:10,183,11.9,13.7,42.6,52,29,0,12178,0,0
11/28/2009 18:20,175,16.7,18.5,42.8,52,29,0,12178,0,0
11/28/2009 18:30,173,13.6,16.7,42.9,52,29,0,12178,0,0
11/28/2009 18:40,184,17.3,18,43.1,52,29,0,12178,0,0
11/28/2009 18:50,186,21.2,22.8,43.3,52,29,0,12178,0,0
11/28/2009 19:00,177,16.7,18.2,43.3,52,29,0,12178,0,0
11/28/2009 19:10,184,13.9,15.1,43.7,53,29,0,12178,0,0
11/28/2009 19:20,174,11.8,17.8,43.7,53,29,0,12178,0,0
11/28/2009 19:30,183,13.3,14.9,43.8,53,29,0,12178,0,0
11/28/2009 19:40,198,18.9,21.2,44,53,29,0,12178,0,0
11/28/2009 19:50,180,16.4,19.5,44,53,29,0,12178,0,0
11/28/2009 20:00,189,16.6,17.8,44,54,29,0,12178,0,0
11/28/2009 20:10,171,9.4,14.6,44.2,54,29,0,12178,0,0
11/28/2009 20:20,179,12.8,17.1,44.6,53,29,0,12178,0,0
11/28/2009 20:30,186,14.3,15,44.4,54,29,0,12178,0,0
11/28/2009 20:40,175,18.9,21.1,44.6,54,29,0,12178,0,0
11/28/2009 20:50,181,15.7,18.4,44.6,54,29,0,12178,0,0
11/28/2009 21:00,183,12.1,14.9,44.4,54,29,0,12178,0,0
11/28/2009 21:10,192,12.3,16.1,44.2,55,29,0,12178,0,0
11/28/2009 21:20,203,8.6,14.3,44.4,55,29,0,12178,0,0
11/28/2009 21:30,193,12.9,16.7,44.6,55,29,0,12178,0,0
11/28/2009 21:40,198,13.1,15.3,44.6,55,29,0,12178,0,0
11/28/2009 21:50,189,14.4,15.2,44.6,56,29,0,12178,0,0
11/28/2009 22:00,231,8.2,10,44.6,56,29,0,12178,0,0
11/28/2009 22:10,185,14.5,15.7,44.4,56,29,0,12178,0,0
11/28/2009 22:20,187,12.6,18.4,44.4,57,29,0,12178,0,0
11/28/2009 22:30,211,12.1,12.4,44.6,56,29,0,12178,0,0
11/28/2009 22:40,219,19,20.6,44.7,56,29,0,12178,0,0
11/28/2009 22:50,200,10.8,11.3,44.6,57,29,0,12178,0,0
11/28/2009 23:00,208,14.4,17.2,44.4,57,29,0,12178,0,0
11/28/2009 23:10,207,10.7,12.3,44,58,29,0,12178,0,0
11/28/2009 23:20,187,12.5,13.2,44,58,29,0,12178,0,0
11/28/2009 23:30,195,12.7,15.6,44,59,29,0,12178,0,0
11/28/2009 23:40,205,12.6,14,44,59,29,0,12178,0,0
11/28/2009 23:50,189,13.1,14.2,43.5,60,29,0,12178,0,0
11/29/2009 0:00,197,4.9,8.3,44,60,29,0,12178,0,0
11/29/2009 0:10,197,11.8,12.8,43.8,60,29,0,12178,0,0
11/29/2009 0:20,177,11.4,14.5,43.7,62,29,0,12178,0,0
11/29/2009 0:30,190,13.5,16.2,43.7,62,29,0,12178,0,0
11/29/2009 0:40,196,15.5,16.4,43.8,62,29,0,12178,0,0
11/29/2009 0:50,211,10.6,12.9,44.2,62,29,0,12178,0,0
11/29/2009 1:00,197,11.9,12.9,43.7,63,29,0,12178,0,0
11/29/2009 1:10,190,12.4,14.1,43.8,62,29,0,12178,0,0
11/29/2009 1:20,192,8.9,10.7,42.9,64,29,0,12178,0,0
11/29/2009 1:30,191,15.8,18.3,42.8,64,29,0,12178,0,0
11/29/2009 1:40,201,11.5,12.5,42.6,64,29,0,12178,0,0
11/29/2009 1:50,172,8.5,10.2,42.8,64,29,0,12178,0,0
11/29/2009 2:00,185,7.6,8.7,42.2,65,29,0,12178,0,0
11/29/2009 2:10,183,9.3,10.4,41.9,66,29,0,12178,0,0
11/29/2009 2:20,183,10.4,12.5,41.9,66,29,0,12178,0,0
11/29/2009 2:30,180,12.8,15.7,41.7,66,29,0,12178,0,0
11/29/2009 2:40,195,12,13.1,41.3,67,29,0,12178,0,0
11/29/2009 2:50,155,12.2,12.9,41.3,67,29,0,12178,0,0
11/29/2009 3:00,186,17.1,18.8,41.3,67,29,0,12178,0,0
11/29/2009 3:10,177,17.1,17.9,41.3,67,29,0,12178,0,0
11/29/2009 3:20,205,9.8,14.2,41.1,68,29,0,12178,0,0
11/29/2009 3:30,166,12.1,15.4,41.1,68,29,0,12178,0,0
11/29/2009 3:40,184,16.1,17.5,41.3,69,29,0,12178,0,0
11/29/2009 3:50,164,11.5,14.7,41.3,69,29,0,12178,0,0
11/29/2009 4:00,179,15.8,16.4,41.5,69,29,0,12178,0,0
11/29/2009 4:10,181,12,13.9,41,70,29,0,12178,0,0
11/29/2009 4:20,183,15.3,16.5,40.8,71,29,0,12178,0,0
11/29/2009 4:30,175,13.3,14.9,40.6,71,29,0,12178,0,0
11/29/2009 4:40,181,7.2,10,40.4,71,29,0,12178,0,0
11/29/2009 4:50,189,14.6,15.6,40.4,71,29,0,12178,0,0
11/29/2009 5:00,173,11,12,40.2,72,29,0,12178,0,0
11/29/2009 5:10,174,13.2,14.2,40.1,72,29,0,12178,0,0
11/29/2009 5:20,170,13.5,14.9,40.1,73,29,0,12178,0,0
11/29/2009 5:30,174,6.9,10.6,40.2,73,29,0,12178,0,0
11/29/2009 5:40,172,12.2,13.6,40.4,72,29,0,12178,0,0
11/29/2009 5:50,175,11.6,13.3,40.6,72,29,0,12178,0,0
11/29/2009 6:00,35,6.3,9.6,41,72,29,0,12178,0,0
11/29/2009 6:10,175,13.6,14.7,41.3,71,29,0,12178,0,0
11/29/2009 6:20,175,14,16.1,41.7,70,29,0,12178,0,0
11/29/2009 6:30,212,5.2,6.8,42,70,29,0,12178,0,0
11/29/2009 6:40,180,14.5,16.1,42.8,69,29,0,12178,0,0
11/29/2009 6:50,182,14.6,15.5,43.5,68,29,0,12178,0,0
11/29/2009 7:00,190,9.7,10.9,44.4,67,29,0,12178,0,0
11/29/2009 7:10,202,12,13.5,45.1,66,29,0,12178,0,0
11/29/2009 7:20,191,12.6,13.3,45.6,65,29,0,12178,0,0
11/29/2009 7:30,189,6.9,9.5,46.2,65,29,0,12178,0,0
11/29/2009 7:40,198,11,11.9,46.5,64,29,0,12178,0,0
11/29/2009 7:50,182,8,9.8,47.3,63,29,0,12178,0,0
11/29/2009 8:00,200,10.2,11.3,47.6,63,29,0,12178,0,0
11/29/2009 8:10,210,12.6,13.8,48.2,62,29,0,12178,0,0
11/29/2009 8:20,187,13.2,15.2,48.9,61,29,0,12178,0,0
11/29/2009 8:30,195,5.3,7.4,49.8,60,29,0,12178,0,0
11/29/2009 8:40,219,15.4,17.2,50.1,60,29,0,12178,0,0
11/29/2009 8:50,217,13.4,14.5,50.5,59,29,0,12178,0,0
11/29/2009 9:00,218,12.2,14,50.7,59,28.9,0,12178,0,0
11/29/2009 9:10,221,12.3,12.7,50.9,59,28.9,0,12178,0,0
11/29/2009 9:20,226,7.8,9.9,51.6,58,28.9,0,12178,0,0
11/29/2009 9:30,215,10.4,12.4,52.5,57,28.9,0,12178,0,0
11/29/2009 9:40,239,3.3,4.4,53,56,28.9,0,12178,0,0
11/29/2009 9:50,231,12.9,14.7,53.4,56,28.9,0,12178,0,0
11/29/2009 10:00,254,15.7,17.8,53.4,56,28.9,0,12178,0,0
11/29/2009 10:10,253,7.8,9.8,53.7,56,28.9,0,12178,0,0
11/29/2009 10:20,218,13.4,15.7,54.6,54,28.9,0,12178,0,0
11/29/2009 10:30,208,13,14.4,55,54,28.9,0,12178,0,0
11/29/2009 10:40,232,10.2,12.2,55.4,53,28.9,0,12178,0,0
11/29/2009 10:50,204,5.8,7.9,55.5,53,28.9,0,12178,0,0
11/29/2009 11:00,227,8.2,10.1,55.9,52,28.9,0,12178,0,0
11/29/2009 11:10,218,17.9,19.8,56.3,52,28.9,0,12178,0,0
11/29/2009 11:20,193,17.8,20.2,56.8,51,28.9,0,12178,0,0
11/29/2009 11:30,223,11.9,14.4,57.2,51,28.9,0,12178,0,0
11/29/2009 11:40,221,17.4,18.3,57.5,50,28.9,0,12178,0,0
11/29/2009 11:50,222,15.1,16.2,57.7,50,28.9,0,12178,0,0
11/29/2009 12:00,208,15.1,17,57.9,49,28.9,0,12178,0,0
11/29/2009 12:10,221,13.5,16,58.4,49,28.9,0,12178,0,0
11/29/2009 12:20,147,8.4,12.3,58.2,49,28.8,0,12178,0,0
11/29/2009 12:30,236,8.3,11.7,58.2,49,28.8,0,12178,0,0
11/29/2009 12:40,209,22.1,23.8,58.2,49,28.8,0,12178,0,0
11/29/2009 12:50,209,10.8,17.6,58.2,49,28.8,0,12178,0,0
11/29/2009 13:00,213,22.7,24,58.2,49,28.8,0,12178,0,0
11/29/2009 13:10,209,12.6,16.6,58.2,49,28.8,0,12178,0,0
11/29/2009 13:20,203,10.5,13.8,58.2,49,28.8,0,12178,0,0
11/29/2009 13:30,211,12.6,14.8,58.1,49,28.8,0,12178,0,0
11/29/2009 13:40,204,10.1,11.5,58.2,49,28.8,0,12178,0,0
11/29/2009 13:50,203,20.3,22.7,58.2,49,28.8,0,12178,0,0
11/29/2009 14:00,217,18.5,19.4,58.4,49,28.8,0,12178,0,0
11/29/2009 14:10,174,14.7,23.9,58.2,49,28.8,0,12178,0,0
11/29/2009 14:20,207,17.1,18.7,58.4,49,28.8,0,12178,0,0
11/29/2009 14:30,196,16,17.4,58.6,49,28.8,0,12178,0,0
11/29/2009 14:40,207,24,25.4,58.6,49,28.8,0,12178,0,0
11/29/2009 14:50,231,22.6,25.1,58.4,49,28.8,0,12178,0,0
11/29/2009 15:00,194,13.4,14.1,58.6,49,28.8,0,12178,0,0
11/29/2009 15:10,220,22.4,25.1,58.6,49,28.8,0,12178,0,0
11/29/2009 15:20,222,12.8,18,58.4,50,28.8,0,12178,0,0
11/29/2009 15:30,222,14.6,15.8,58.2,50,28.8,0,12178,0,0
11/29/2009 15:40,228,15.7,16.7,58.4,50,28.8,0,12178,0,0
11/29/2009 15:50,214,23.8,25.1,58.2,50,28.8,0,12178,0,0
11/29/2009 16:00,208,20.2,21.7,58.4,50,28.8,0,12178,0,0
11/29/2009 16:10,222,18.9,21.1,58.1,52,28.8,0,12318,0,0
11/29/2009 16:20,222,12.6,18.1,57,57,28.8,0,12708,0.04,0.04
11/29/2009 16:30,287,13,14.7,52.1,76,28.8,0.01,13208,0.04,0.04
11/29/2009 16:40,282,16.6,18.4,50.5,83,28.8,0.01,13538,0,0
11/29/2009 16:50,279,17.1,18.1,49.8,87,28.9,0.02,14058,0.05,0.05
11/29/2009 17:00,284,19.2,23.2,49.2,91,28.8,0.02,14568,0.06,0.06
11/29/2009 17:10,296,14.3,19.3,49.1,92,28.9,0.02,14678,0,0
11/29/2009 17:20,257,10,11.4,48.7,93,28.9,0.02,14688,0,0
11/29/2009 17:30,246,9.4,10.9,48.5,94,28.9,0.02,14778,0,0
11/29/2009 17:40,260,12,13.1,48.3,95,28.9,0.03,15028,0.03,0.03
11/29/2009 17:50,240,17.5,20.1,48.3,95,28.9,0.05,15628,0.25,0.25
11/29/2009 18:00,261,13.6,14.5,48.3,96,28.9,0.07,16228,0.2,0.2
11/29/2009 18:10,248,16.7,18.9,48.5,96,28.9,0.09,16718,0,0
11/29/2009 18:20,226,14,15.1,48.5,96,28.9,0.09,17088,0.07,0.07
11/29/2009 18:30,232,14.4,16.1,48.7,96,28.8,0.09,17548,0,0
11/29/2009 18:40,251,14.3,15.2,48.7,96,28.8,0.09,17798,0,0
11/29/2009 18:50,257,12.5,13.8,48.9,95,28.8,0.09,18128,0.03,0.03
11/29/2009 19:00,251,17,19.1,49.1,94,28.8,0.11,18728,0.11,0.11
11/29/2009 19:10,264,13.3,17,48.5,95,28.8,0.13,19328,0.16,0.16
11/29/2009 19:20,287,16.2,17.4,47.6,94,28.8,0.16,19928,0.34,0.34
11/29/2009 19:30,290,7.7,9.7,47.1,95,28.8,0.2,20528,0.24,0.24
11/29/2009 19:40,294,11.1,12.9,46.9,96,28.8,0.21,21118,0.07,0.07
11/29/2009 19:50,288,12.3,14,46.9,96,28.8,0.22,21568,0,0
11/29/2009 20:00,272,10.3,13.6,46.7,96,28.8,0.22,21938,0,0
11/29/2009 20:10,286,16.2,17.8,46.7,96,28.8,0.22,22048,0.01,0.01
11/29/2009 20:20,287,14.2,16.2,46.5,96,28.8,0.23,22648,0.1,0.1
11/29/2009 20:30,299,17.5,20.2,46.2,95,28.8,0.24,23208,0.08,0.08
11/29/2009 20:40,290,18,19.4,46.2,95,28.8,0.25,23798,0.03,0.03
11/29/2009 20:50,297,15.2,16,46.2,95,28.8,0.25,24218,0,0
11/29/2009 21:00,309,14.9,15.5,45.8,94,28.8,0,24548,0,0
11/29/2009 21:10,305,17.2,20.5,45.5,94,28.8,0,24608,0,0
11/29/2009 21:20,294,20.3,22.5,44.7,93,28.8,0,24608,0,0
11/29/2009 21:30,305,17.2,19.2,44.7,94,28.8,0,24638,0,0
11/29/2009 21:40,300,16.1,17.7,44.7,94,28.8,0,24838,0,0
11/29/2009 21:50,301,17.4,18.1,44.7,94,28.8,0,24968,0,0
11/29/2009 22:00,296,15,15.6,44.7,91,28.8,0,24988,0,0
11/29/2009 22:10,302,19,21,44.4,93,28.8,0,25338,0,0
11/29/2009 22:20,297,15.8,16.8,44.2,91,28.8,0,25348,0,0
11/29/2009 22:30,297,18.8,20.6,44,93,28.8,0,25648,0,0
11/29/2009 22:40,300,18,20.1,44,91,28.8,0,25758,0,0
11/29/2009 22:50,284,18.7,20.5,44,92,28.8,0.01,25998,0.03,0.03
11/29/2009 23:00,303,19.6,21.7,43.7,90,28.8,0.01,26308,0.01,0.01
11/29/2009 23:10,305,18.2,19.3,43.5,91,28.9,0.01,26538,0,0
11/29/2009 23:20,307,19.8,21.4,43.3,92,28.9,0.01,26868,0,0
11/29/2009 23:30,306,16.5,19,43.1,91,28.9,0.01,27058,0,0
11/29/2009 23:40,320,23.3,24.9,42.9,88,28.9,0.01,27418,0,0
11/29/2009 23:50,313,20.8,22.5,42.9,89,28.9,0.01,27508,0.01,0.01
11/30/2009 0:00,315,19.8,21.7,42.9,90,28.9,0.01,27698,0,0
11/30/2009 0:10,320,16.4,17.7,42.8,90,28.9,0.01,27898,0,0
11/30/2009 0:20,312,16.5,19.8,42.6,89,28.9,0.01,28268,0.01,0.01
11/30/2009 0:30,315,27,30.4,42.4,87,28.9,0.02,28798,0.01,0.01
11/30/2009 0:40,325,28.1,31,42.2,85,28.9,0.02,28828,0,0
11/30/2009 0:50,328,22.1,24.7,41.9,86,28.9,0.02,28938,0,0
11/30/2009 1:00,316,17.2,19.8,41.9,88,28.9,0.02,29148,0,0
11/30/2009 1:10,336,16.4,17.5,41.7,88,28.9,0.02,29528,0.01,0.01
11/30/2009 1:20,315,25,27,41.3,85,28.9,0.02,30018,0,0
11/30/2009 1:30,314,20.9,22,41.1,86,28.9,0.02,30038,0,0
11/30/2009 1:40,313,20.2,23,41.1,85,28.9,0.03,30188,0,0
11/30/2009 1:50,318,22.3,24.9,41.3,83,28.9,0.03,30338,0,0
11/30/2009 2:00,332,21,22.3,41.3,81,28.9,0.03,30418,0,0
11/30/2009 2:10,317,23.1,24.3,41.1,79,28.9,0.03,30558,0,0
11/30/2009 2:20,320,26.5,27.8,41.1,76,28.9,0.03,30558,0,0
11/30/2009 2:30,320,20.5,21.9,41.1,79,28.9,0.03,30558,0,0
11/30/2009 2:40,318,22.9,24,41.1,75,28.9,0.03,30568,0,0
11/30/2009 2:50,323,19.3,21.2,41.1,78,28.9,0.03,30568,0,0
11/30/2009 3:00,340,10.3,12.9,41.1,78,28.9,0.03,30568,0,0
11/30/2009 3:10,337,12.8,14,41.1,81,28.9,0.03,30568,0,0
11/30/2009 3:20,327,23.7,25.2,40.8,75,28.9,0.03,30568,0,0
11/30/2009 3:30,317,19.9,22.1,40.8,76,28.9,0.03,30568,0,0
11/30/2009 3:40,326,12.6,14.6,40.8,78,28.9,0.03,30568,0,0
11/30/2009 3:50,324,21.7,22.9,40.6,77,28.9,0.03,30568,0,0
11/30/2009 4:00,337,20,22.3,40.6,75,28.9,0.03,30568,0,0
11/30/2009 4:10,323,18,19.9,40.4,76,28.9,0.03,30568,0,0
11/30/2009 4:20,313,18.6,20.8,39.9,82,28.9,0.03,30638,0,0
11/30/2009 4:30,323,15,16,39.5,83,29,0.03,30718,0,0
11/30/2009 4:40,319,19.2,20.4,40.1,79,29,0.03,30778,0,0
11/30/2009 4:50,334,18.3,19.9,40.4,77,29,0.03,30778,0,0
11/30/2009 5:00,325,17.9,21.5,40.6,75,29,0.03,30778,0,0
11/30/2009 5:10,319,20.5,21,40.4,73,29,0.03,30778,0,0
11/30/2009 5:20,316,19.3,23.8,40.4,73,29,0.03,30778,0,0
11/30/2009 5:30,333,18.6,20.2,40.2,73,29,0.03,30778,0,0
11/30/2009 5:40,312,20.1,22.8,40.2,72,29,0.03,30778,0,0
11/30/2009 5:50,307,19.3,22.3,39.9,73,29,0.03,30778,0,0
11/30/2009 6:00,308,14,15.5,39.9,71,29,0.03,30778,0,0
11/30/2009 6:10,316,21.1,22,39.7,72,29,0.03,30778,0,0
11/30/2009 6:20,308,12.9,13.9,39.5,74,29,0.03,30778,0,0
11/30/2009 6:30,307,13.6,16.9,39.3,75,29,0.03,30778,0,0
11/30/2009 6:40,315,17.8,18.7,39.3,72,29,0.03,30778,0,0
11/30/2009 6:50,316,15,16.4,39.3,73,29,0.03,30778,0,0
11/30/2009 7:00,344,16.3,17.7,39.2,74,29,0.03,30778,0,0
11/30/2009 7:10,319,16.3,17.3,39.2,72,29,0.03,30778,0,0
11/30/2009 7:20,319,15.6,17.4,39.3,75,29,0.03,30778,0,0
11/30/2009 7:30,319,21.6,25.1,39.2,77,29,0.03,30778,0,0
11/30/2009 7:40,322,20.1,23.1,38.1,79,29,0.03,30798,0,0
11/30/2009 7:50,346,13,15.1,38.1,80,29,0.03,30798,0,0
11/30/2009 8:00,324,14.6,17.4,38.6,76,29,0.03,30798,0,0
11/30/2009 8:10,325,19.7,22.2,38.3,79,29,0.03,30798,0,0
11/30/2009 8:20,320,15,17.8,37.4,83,29,0.03,30848,0,0
11/30/2009 8:30,305,12.5,14.3,37.4,82,29,0.03,30858,0,0
11/30/2009 8:40,316,12,13.2,38.4,78,29,0.03,30858,0,0
11/30/2009 8:50,333,12.7,13.4,39,76,29,0.03,30858,0,0
11/30/2009 9:00,321,13,13.5,39.2,74,29,0.03,30858,0,0
11/30/2009 9:10,313,10,11.1,39.2,76,29,0.03,30858,0,0
11/30/2009 9:20,320,19,20.9,38.6,84,29,0.03,30858,0,0
11/30/2009 9:30,326,13.5,15.7,37.4,89,29,0.03,30858,0,0
11/30/2009 9:40,328,14.2,15.5,36.3,89,29,0.03,30998,0.01,0.01
11/30/2009 9:50,335,12,14.8,36.3,89,29,0.03,31138,0,0
11/30/2009 10:00,356,9.4,10.2,36.1,87,29,0.03,31138,0,0
11/30/2009 10:10,338,4.6,5.7,35.7,90,29,0.03,31138,0,0
11/30/2009 10:20,298,4.1,4.4,35.6,90,29,0.03,31138,0,0
11/30/2009 10:30,281,2.3,2.6,36.1,90,29,0.03,31218,0.01,0.01
11/30/2009 10:40,280,4.1,4.7,36.8,86,29,0.03,31308,0,0
11/30/2009 10:50,346,5.6,6.1,37.7,82,29,0.03,31308,0,0
11/30/2009 11:00,330,8.8,9.5,39.2,81,29,0.03,31308,0,0
11/30/2009 11:10,320,16.1,17.1,39.3,72,29,0.03,31308,0,0
11/30/2009 11:20,326,14.6,15.2,39.3,70,29,0.03,31308,0,0
11/30/2009 11:30,330,12.8,13.8,39.2,71,29,0.03,31308,0,0
11/30/2009 11:40,315,13.1,14.6,39.2,72,29,0.03,31308,0,0
11/30/2009 11:50,351,11.8,15.8,39.3,69,29,0.03,31308,0,0
11/30/2009 12:00,341,14.4,15.5,39.3,70,29,0.03,31308,0,0
11/30/2009 12:10,326,10.3,11.8,39.5,70,29,0.03,31308,0,0
11/30/2009 12:20,324,13.8,15,39.7,69,29,0.03,31308,0,0
11/30/2009 12:30,315,14.6,15.5,39.3,68,29,0.03,31308,0,0
11/30/2009 12:40,309,15.4,16.3,39.5,69,29,0.03,31308,0,0
11/30/2009 12:50,328,14.7,15.8,39.5,68,29,0.03,31308,0,0
11/30/2009 13:00,352,11.8,13.2,39.7,69,29,0.03,31308,0,0
11/30/2009 13:10,349,9,9.9,39.2,69,29,0.03,31308,0,0
11/30/2009 13:20,323,11.9,13.2,39.5,66,29,0.03,31308,0,0
11/30/2009 13:30,334,9.3,11.3,39.2,64,29,0.03,31388,0,0
11/30/2009 13:40,326,16.9,18.7,39.5,64,29,0.03,31388,0,0
11/30/2009 13:50,341,13.6,14.5,39.3,60,29,0.03,31388,0,0
11/30/2009 14:00,335,7.2,8,39.5,63,29,0.03,31388,0,0
11/30/2009 14:10,337,10.6,11.2,39.5,61,29,0.03,31398,0,0
11/30/2009 14:20,314,9.9,11.7,39.2,62,29,0.03,31398,0,0
11/30/2009 14:30,334,11.6,13.1,39,61,29,0.03,31408,0,0
11/30/2009 14:40,285,20.7,22.2,38.1,79,29,0.03,31478,0,0
11/30/2009 14:50,252,13.8,17.7,37.9,84,29,0.03,31528,0,0
11/30/2009 15:00,290,18.1,19.5,37.5,81,29,0.03,31818,0,0
11/30/2009 15:10,289,15.5,16.7,37.4,80,29,0.03,31858,0,0
11/30/2009 15:20,290,12.8,13.8,36.8,83,29,0.03,32048,0,0
11/30/2009 15:30,314,8.7,12.7,36.3,88,29,0.04,32428,0.12,0.12
11/30/2009 15:40,324,12.8,13.9,36.1,81,29,0.04,32758,0,0
11/30/2009 15:50,309,10.8,12.2,37.9,71,29,0.04,32768,0,0
11/30/2009 16:00,323,8.3,8.9,37.9,66,29,0.04,32768,0,0
11/30/2009 16:10,318,9.3,11.2,39.2,63,29,0.04,32768,0,0
11/30/2009 16:20,295,16.2,16.8,39.3,63,29,0.04,32768,0,0
11/30/2009 16:30,274,9.9,11.8,38.1,76,29,0.05,32988,0.13,0.13
11/30/2009 16:40,188,3.6,4.6,36.5,83,29,0.13,33498,0,0
11/30/2009 16:50,147,3.4,4.4,35.6,87,29,0.13,33498,0,0
11/30/2009 17:00,314,14.9,16.5,36.8,80,29,0.13,33498,0,0
11/30/2009 17:10,324,11.9,12.7,38.8,72,29,0.13,33498,0,0
11/30/2009 17:20,348,9.7,12,39,68,29,0.13,33518,0,0
11/30/2009 17:30,162,5,5.8,37.2,81,29,0.13,33538,0,0
11/30/2009 17:40,195,12.3,13,35.7,86,29,0.13,33628,0,0
11/30/2009 17:50,176,7.6,8.9,35,90,29,0.13,33738,0,0
11/30/2009 18:00,232,3.9,4.7,35.2,89,29,0.13,33738,0,0
11/30/2009 18:10,230,4.2,4.9,35.7,87,29,0.13,33738,0,0
11/30/2009 18:20,213,5.4,5.9,35.4,89,29.1,0.13,33738,0,0
11/30/2009 18:30,297,20.2,22.8,36.3,76,29,0.13,33738,0,0
11/30/2009 18:40,296,11.1,14.2,38.3,72,29,0.13,33738,0,0
11/30/2009 18:50,296,20.5,23.1,39.3,63,29,0.13,33738,0,0
11/30/2009 19:00,252,25.2,28.3,39.5,64,29,0.13,33738,0,0
11/30/2009 19:10,257,11.9,14.8,39.3,62,29,0.13,33738,0,0
11/30/2009 19:20,280,8.7,9.9,39.3,61,29,0.13,33738,0,0
11/30/2009 19:30,208,8.8,9.6,37.7,75,29,0.13,33738,0,0
11/30/2009 19:40,190,9.2,10.8,36.5,80,29,0.13,33738,0,0
11/30/2009 19:50,197,9,9.9,35.7,84,29,0.13,33738,0,0
11/30/2009 20:00,175,4.6,6,35.6,84,29,0.13,33738,0,0
11/30/2009 20:10,200,13.4,14.3,35.6,84,29,0.13,33738,0,0
11/30/2009 20:20,202,7.8,10.3,35.7,82,29,0.13,33738,0,0
11/30/2009 20:30,218,13.5,14.8,35.9,79,29,0.13,33738,0,0
11/30/2009 20:40,227,13.9,14.9,35.9,78,29,0.13,33738,0,0
11/30/2009 20:50,207,12.5,13.4,35.9,77,29,0.13,33738,0,0
11/30/2009 21:00,212,9.5,11.9,36.1,76,29,0,33738,0,0
11/30/2009 21:10,349,7.7,11.6,36.1,73,29,0,33748,0,0
11/30/2009 21:20,203,14.5,17,36.1,72,29,0,33748,0,0
11/30/2009 21:30,201,16.5,17.6,36.1,72,29,0,33748,0,0
11/30/2009 21:40,196,13.6,14.4,36.1,72,29,0,33748,0,0
11/30/2009 21:50,195,17.3,18.8,36.1,70,29,0,33748,0,0
11/30/2009 22:00,196,12.4,14.7,36.1,69,29,0,33748,0,0
11/30/2009 22:10,212,15.9,16.9,36.3,68,29,0,33748,0,0
11/30/2009 22:20,206,12.4,13.9,36.3,68,29,0,33748,0,0
11/30/2009 22:30,209,16.3,18.9,36.1,68,29,0,33748,0,0
11/30/2009 22:40,214,20.8,23,36.3,67,29,0,33748,0,0
11/30/2009 22:50,206,18.7,20.6,36.5,66,29,0,33748,0,0
11/30/2009 23:00,220,13.6,14.5,36.8,64,29,0,33748,0,0
11/30/2009 23:10,236,10.9,15.7,37,63,29,0,33748,0,0
11/30/2009 23:20,201,8.9,11.7,37,63,29,0,33748,0,0
11/30/2009 23:30,213,22.1,25,36.8,64,29,0,33748,0,0
11/30/2009 23:40,220,24,26.5,36.6,65,29,0,33748,0,0
11/30/2009 23:50,211,22.7,28.7,36.6,65,29,0,33748,0,0
12/1/2009 0:00,212,13.5,22,36.3,67,29,0,33748,0,0
12/1/2009 0:10,205,21.9,26.2,36.1,69,29,0,33748,0,0
12/1/2009 0:20,207,20.9,23.2,35.9,70,29,0,33748,0,0
12/1/2009 0:30,206,20.6,21.6,35.9,70,29,0,33748,0,0
12/1/2009 0:40,206,13.9,17,35.7,72,29,0,33748,0,0
12/1/2009 0:50,221,19.9,23.9,35.4,73,29,0,33758,0,0
12/1/2009 1:00,204,11.4,12.5,35.4,74,29,0,33758,0,0
12/1/2009 1:10,195,15.2,17.5,34.5,80,29,0,33768,0,0
12/1/2009 1:20,209,12.3,14.2,34.8,78,29,0,33778,0,0
12/1/2009 1:30,196,21.5,23,35.4,74,29,0,33778,0,0
12/1/2009 1:40,205,17.3,19.5,35.4,74,29,0,33808,0,0
12/1/2009 1:50,216,15.3,16.7,35.6,74,29,0,33898,0,0
12/1/2009 2:00,219,20,22.9,35.7,73,29,0,34178,0.01,0.01
12/1/2009 2:10,191,7,14.8,35.7,74,29,0,34478,0,0
12/1/2009 2:20,199,10.8,12.3,35.7,73,29,0,34598,0,0
12/1/2009 2:30,214,18.3,19.2,35.9,73,29,0,34618,0,0
12/1/2009 2:40,221,8.5,12.7,35.9,73,29,0,34618,0,0
12/1/2009 2:50,209,20.2,22.7,36.1,72,29,0,34688,0,0
12/1/2009 3:00,218,15.1,15.9,36.3,72,29,0,34728,0,0
12/1/2009 3:10,219,22.7,25.4,36.3,72,29,0,34898,0,0
12/1/2009 3:20,220,20.2,21.1,36.6,71,29,0,34898,0,0
12/1/2009 3:30,209,12.7,13.8,36.8,71,29,0.01,35018,0,0
12/1/2009 3:40,263,5.7,7,37,71,29,0.01,35248,0.01,0.01
12/1/2009 3:50,218,15.4,16.7,37.2,71,29,0.01,35718,0.01,0.01
12/1/2009 4:00,224,15.1,17.4,37.4,70,29,0.01,35898,0,0
12/1/2009 4:10,230,14.8,17.2,37.5,70,29,0.01,35908,0,0
12/1/2009 4:20,220,9,12.1,37.7,70,29,0.01,35908,0,0
12/1/2009 4:30,224,12.7,13.6,37.9,70,29,0.01,35908,0,0
12/1/2009 4:40,231,16.1,18,37.9,70,29,0.01,35908,0,0
12/1/2009 4:50,207,7.2,10,38.1,71,29,0.01,35908,0,0
12/1/2009 5:00,222,14.7,16.6,38.1,71,29,0.01,35908,0,0
12/1/2009 5:10,221,14.3,14.9,38.3,71,29,0.01,35908,0,0
12/1/2009 5:20,209,8.7,10.8,38.4,72,29,0.01,35908,0,0
12/1/2009 5:30,219,20.4,22.3,38.6,73,29,0.01,35908,0,0
12/1/2009 5:40,303,11.3,13.1,38.8,73,29,0.01,35908,0,0
12/1/2009 5:50,238,11.6,14.8,39,73,29.1,0.01,35908,0,0
12/1/2009 6:00,226,19,20.4,39,74,29.1,0.01,35908,0,0
12/1/2009 6:10,226,16.3,17.3,39.2,73,29.1,0.01,35908,0,0
12/1/2009 6:20,229,14.8,17.1,39.2,74,29.1,0.01,35908,0,0
12/1/2009 6:30,221,12,13.9,39.2,73,29.1,0.01,35908,0,0
12/1/2009 6:40,218,25.6,28.6,39.2,73,29.1,0.01,35908,0,0
12/1/2009 6:50,215,14.9,23.1,39.2,74,29.1,0.01,35908,0,0
12/1/2009 7:00,223,15.8,17,39.2,73,29.1,0.01,35908,0,0
12/1/2009 7:10,215,14.4,15.8,39.3,73,29.1,0.01,35908,0,0
12/1/2009 7:20,224,20.4,21.3,39.3,73,29.1,0.01,35908,0,0
12/1/2009 7:30,218,19.4,20.8,39.3,73,29.1,0.01,35908,0,0
12/1/2009 7:40,241,11.9,13.8,39.3,73,29.1,0.01,35908,0,0
12/1/2009 7:50,240,8.8,10.2,39.5,73,29.1,0.01,35908,0,0
12/1/2009 8:00,212,7.5,9,39.7,73,29.1,0.01,35908,0,0
12/1/2009 8:10,180,8.6,11.3,39.9,73,29.1,0.01,35908,0,0
12/1/2009 8:20,208,21.5,22.7,40.2,72,29.1,0.01,35908,0,0
12/1/2009 8:30,217,10,15.2,40.4,73,29.1,0.01,35908,0,0
12/1/2009 8:40,223,17.7,19.5,40.8,72,29.1,0.01,35908,0,0
12/1/2009 8:50,236,13.6,14.3,41,72,29.1,0.01,35908,0,0
12/1/2009 9:00,199,16.4,18,41.1,71,29.1,0.01,35908,0,0
12/1/2009 9:10,236,12.4,13.9,41.9,70,29.1,0.01,35908,0,0
12/1/2009 9:20,217,16.1,17,41.7,70,29.1,0.01,35908,0,0
12/1/2009 9:30,212,15.2,17.3,41.3,70,29.1,0.01,35908,0,0
12/1/2009 9:40,210,12.8,13.9,41.1,71,29.1,0.01,35908,0,0
12/1/2009 9:50,217,12.5,13.9,41.3,70,29.1,0.01,35908,0,0
12/1/2009 10:00,185,7.8,9.7,41.1,70,29.1,0.01,35908,0,0
12/1/2009 10:10,219,12.6,15.1,41.3,70,29.1,0.01,35908,0,0
12/1/2009 10:20,198,7.2,10.1,41.5,70,29.1,0.01,35908,0,0
12/1/2009 10:30,220,12.6,14.2,41.5,69,29.1,0.01,35908,0,0
12/1/2009 10:40,211,12.6,13.6,41.9,68,29.1,0.01,35908,0,0
12/1/2009 10:50,235,5.4,7.1,42,69,29.1,0.01,35908,0,0
12/1/2009 11:00,211,14,15,42.8,66,29.1,0.01,35908,0,0
12/1/2009 11:10,212,12.6,13.5,43.3,66,29.1,0.01,35908,0,0
12/1/2009 11:20,186,11.5,12.6,42.9,66,29.1,0.01,35908,0,0
12/1/2009 11:30,199,11.8,13.4,42.8,67,29.1,0.01,35908,0,0
12/1/2009 11:40,197,13.5,14.2,43.5,65,29.1,0.01,35908,0,0
12/1/2009 11:50,207,10.5,12,43.7,63,29.1,0.01,35908,0,0
12/1/2009 12:00,222,12.8,14.2,43.8,63,29.1,0.01,35908,0,0
12/1/2009 12:10,189,10.8,11.5,44.4,62,29.1,0.01,35908,0,0
12/1/2009 12:20,208,12,13.1,43.7,64,29.1,0.01,35908,0,0
12/1/2009 12:30,211,5.8,8,44.2,63,29.1,0.01,35908,0,0
12/1/2009 12:40,228,12.3,13.3,44.7,62,29.1,0.01,35908,0,0
12/1/2009 12:50,225,10.4,11.6,44.4,63,29.1,0.01,35908,0,0
12/1/2009 13:00,215,13.4,15.3,44.6,63,29.1,0.01,35908,0,0
12/1/2009 13:10,223,15.4,16.1,44.6,62,29.1,0.01,35908,0,0
12/1/2009 13:20,202,5.8,9,44.4,63,29.1,0.01,35908,0,0
12/1/2009 13:30,191,7.2,9.2,44.6,62,29.1,0.01,35908,0,0
12/1/2009 13:40,208,11.7,12.7,44.2,62,29.1,0.01,35908,0,0
12/1/2009 13:50,201,9.6,10.3,44.2,63,29.1,0.01,35908,0,0
12/1/2009 14:00,198,6.9,7.7,44,63,29.1,0.01,35908,0,0
12/1/2009 14:10,212,6.6,7.3,43.8,64,29.1,0.01,35908,0,0
12/1/2009 14:20,192,7.5,8,43.8,64,29.1,0.01,35908,0,0
12/1/2009 14:30,183,6.6,7.5,43.7,65,29.1,0.01,35908,0,0
12/1/2009 14:40,179,3.6,4.2,43.7,65,29.1,0.01,35908,0,0
12/1/2009 14:50,158,4.2,4.7,43.5,66,29.1,0.01,35908,0,0
12/1/2009 15:00,156,5.7,6.8,43.3,66,29.1,0.01,35908,0,0
12/1/2009 15:10,150,7.2,8.1,43.3,66,29.1,0.01,35908,0,0
12/1/2009 15:20,169,7.2,7.8,42.8,67,29.1,0.01,35908,0,0
12/1/2009 15:30,172,10.1,10.8,42.6,68,29.1,0.01,35908,0,0
12/1/2009 15:40,183,7.5,8.7,42.6,68,29.1,0.01,35908,0,0
12/1/2009 15:50,167,9.6,10.2,42.6,68,29.1,0.01,35908,0,0
12/1/2009 16:00,162,5.7,6.9,42.4,68,29.1,0.01,35908,0,0
12/1/2009 16:10,161,11.3,13.8,42.2,69,29.1,0.01,35908,0,0
12/1/2009 16:20,164,7.5,9,42,69,29.1,0.01,35908,0,0
12/1/2009 16:30,170,11.1,12.6,42,69,29.1,0.01,35908,0,0
12/1/2009 16:40,162,7.4,8.8,42.2,68,29.1,0.01,35908,0,0
12/1/2009 16:50,162,8.7,11.7,42.4,67,29.1,0.01,35908,0,0
12/1/2009 17:00,173,11.1,12,42.8,66,29.1,0.01,35908,0,0
12/1/2009 17:10,182,8,13,42.9,66,29.1,0.01,35908,0,0
12/1/2009 17:20,185,15.7,16.7,43.3,65,29.1,0.01,35908,0,0
12/1/2009 17:30,174,7.4,11.6,43.3,65,29.1,0.01,35908,0,0
12/1/2009 17:40,193,10.7,12.7,43.5,64,29.1,0.01,35908,0,0
12/1/2009 17:50,178,20.6,24.3,43.8,64,29.1,0.01,35908,0,0
12/1/2009 18:00,180,16.4,18.6,44.2,63,29.1,0.01,35908,0,0
12/1/2009 18:10,179,11.9,13.4,44,63,29.1,0.01,35908,0,0
12/1/2009 18:20,185,16.1,17.6,44.4,62,29.1,0.01,35908,0,0
12/1/2009 18:30,204,12,13.3,44.9,61,29.1,0.01,35908,0,0
12/1/2009 18:40,221,17.6,19.6,45.1,61,29.1,0.01,35908,0,0
12/1/2009 18:50,191,16,18.3,45.3,60,29.1,0.01,35908,0,0
12/1/2009 19:00,189,17.6,21.4,44.7,61,29.1,0.01,35908,0,0
12/1/2009 19:10,194,17.5,18.9,44.9,61,29.1,0.01,35908,0,0
12/1/2009 19:20,186,16.4,17.8,44.7,61,29.1,0.01,35908,0,0
12/1/2009 19:30,198,13.5,17,44.7,61,29.1,0.01,35908,0,0
12/1/2009 19:40,167,7.9,11.4,44.7,61,29.1,0.01,35908,0,0
12/1/2009 19:50,127,6.3,10.5,44.7,61,29.1,0.01,35908,0,0
12/1/2009 20:00,165,12.2,15.7,44.7,61,29.1,0.01,35908,0,0
12/1/2009 20:10,182,15.6,16.3,44.6,61,29.1,0.01,35908,0,0
12/1/2009 20:20,197,16.3,19,44.4,61,29.1,0.01,35908,0,0
12/1/2009 20:30,198,15.8,16.1,44.2,62,29.1,0.01,35908,0,0
12/1/2009 20:40,191,21.4,23.1,44.2,62,29.1,0.01,35908,0,0
12/1/2009 20:50,202,9.7,18.1,44.4,61,29.1,0.01,35908,0,0
12/1/2009 21:00,182,14.3,16.8,44.4,61,29.1,0,35908,0,0
12/1/2009 21:10,199,15.2,16,44.4,61,29.1,0,35908,0,0
12/1/2009 21:20,173,18.2,19.1,44.4,60,29.1,0,35908,0,0
12/1/2009 21:30,197,17.4,18.2,44.4,60,29.1,0,35908,0,0
12/1/2009 21:40,194,17.5,20.1,44.4,60,29.1,0,35908,0,0
12/1/2009 21:50,176,23.8,25.9,44.7,59,29.1,0,35908,0,0
12/1/2009 22:00,181,9.7,15.9,44.9,59,29.1,0,35908,0,0
12/1/2009 22:10,186,18.9,21.7,44.7,59,29.1,0,35908,0,0
12/1/2009 22:20,199,12.9,15.4,44.7,59,29.1,0,35908,0,0
12/1/2009 22:30,190,11.7,12.4,44.4,60,29.1,0,35908,0,0
12/1/2009 22:40,174,12.5,13.8,44.2,60,29.1,0,35908,0,0
12/1/2009 22:50,190,13.8,15.2,44.4,60,29.1,0,35908,0,0
12/1/2009 23:00,188,10.6,12.2,44.4,60,29.2,0,35908,0,0
12/1/2009 23:10,174,17,18.9,44.2,60,29.2,0,35908,0,0
12/1/2009 23:20,179,13.5,15.4,44,61,29.2,0,35908,0,0
12/1/2009 23:30,188,9.5,13.2,43.8,61,29.2,0,35908,0,0
12/1/2009 23:40,174,14.1,17.1,43.7,61,29.2,0,35908,0,0
12/1/2009 23:50,176,16.5,19,43.5,61,29.2,0,35908,0,0
12/2/2009 0:00,168,15.5,16.6,43.3,62,29.2,0,35908,0,0
12/2/2009 0:10,172,22.3,25.7,42.9,62,29.1,0,35908,0,0
12/2/2009 0:20,160,15.1,19.8,42.9,63,29.2,0,35908,0,0
12/2/2009 0:30,173,9.2,11.6,42.8,63,29.1,0,35908,0,0
12/2/2009 0:40,177,16.4,19.7,42.8,63,29.1,0,35908,0,0
12/2/2009 0:50,172,16.4,17.2,42.6,63,29.1,0,35908,0,0
12/2/2009 1:00,180,6.4,9.8,42.6,63,29.1,0,35908,0,0
12/2/2009 1:10,185,9.2,12,42.6,63,29.1,0,35908,0,0
12/2/2009 1:20,172,16.3,18.5,42.6,62,29.1,0,35908,0,0
12/2/2009 1:30,185,14.9,16.4,42.4,62,29.1,0,35908,0,0
12/2/2009 1:40,174,17,17.9,42.4,62,29.1,0,35908,0,0
12/2/2009 1:50,180,17.1,18.7,42.2,63,29.1,0,35908,0,0
12/2/2009 2:00,170,16.6,18.1,42,63,29.1,0,35908,0,0
12/2/2009 2:10,164,11.3,14,42.2,62,29.1,0,35908,0,0
12/2/2009 2:20,158,13.5,15.1,41.9,62,29.1,0,35908,0,0
12/2/2009 2:30,164,9.1,11.9,41.3,64,29.1,0,35908,0,0
12/2/2009 2:40,148,14,17.2,41.1,64,29.1,0,35908,0,0
12/2/2009 2:50,171,7.1,9.7,41,64,29.1,0,35908,0,0
12/2/2009 3:00,143,9.8,11,41.1,63,29.1,0,35908,0,0
12/2/2009 3:10,160,7.7,9.6,41.5,62,29.1,0,35908,0,0
12/2/2009 3:20,166,11.7,13.8,41.7,61,29.1,0,35908,0,0
12/2/2009 3:30,162,7.9,9.5,41.9,61,29.1,0,35908,0,0
12/2/2009 3:40,164,18,20.4,41.9,60,29.1,0,35908,0,0
12/2/2009 3:50,151,12.1,15.2,42.2,59,29.1,0,35908,0,0
12/2/2009 4:00,160,16.8,18.6,42.2,59,29.1,0,35908,0,0
12/2/2009 4:10,154,18.9,21.5,41.9,59,29.1,0,35908,0,0
12/2/2009 4:20,163,8,9.5,41.9,59,29.1,0,35908,0,0
12/2/2009 4:30,154,18,19.9,41.9,59,29.1,0,35908,0,0
12/2/2009 4:40,164,16.7,17.5,41.5,60,29.1,0,35908,0,0
12/2/2009 4:50,145,13.5,14.3,41.3,60,29.1,0,35908,0,0
12/2/2009 5:00,155,5.9,10.4,41.1,60,29.1,0,35908,0,0
12/2/2009 5:10,148,6,7.6,40.8,61,29.1,0,35908,0,0
12/2/2009 5:20,169,4.5,5.1,41,60,29.1,0,35908,0,0
12/2/2009 5:30,174,9.6,10.5,41.3,58,29.1,0,35908,0,0
12/2/2009 5:40,184,5.6,9.3,42.4,56,29.1,0,35908,0,0
12/2/2009 5:50,153,6.3,8.5,42.8,56,29.1,0,35908,0,0
12/2/2009 6:00,179,6.4,7.4,42.6,57,29.1,0,35908,0,0
12/2/2009 6:10,174,5.4,6.4,42.4,58,29.1,0,35908,0,0
12/2/2009 6:20,129,3.1,5.1,42.9,57,29.1,0,35908,0,0
12/2/2009 6:30,183,4.2,4.6,43.5,56,29.1,0,35908,0,0
12/2/2009 6:40,168,5.8,7.2,43.7,55,29.1,0,35908,0,0
12/2/2009 6:50,108,4.2,4.6,43.7,55,29.1,0,35908,0,0
12/2/2009 7:00,158,4.8,5.3,43.8,55,29.1,0,35908,0,0
12/2/2009 7:10,136,3.6,4.4,44.2,54,29.1,0,35908,0,0
12/2/2009 7:20,164,8.8,9.3,44.7,53,29.1,0,35908,0,0
12/2/2009 7:30,169,9.3,10,44.9,53,29.1,0,35908,0,0
12/2/2009 7:40,155,9.9,11.6,45.3,52,29.1,0,35908,0,0
12/2/2009 7:50,121,5.2,8.7,45.6,51,29.1,0,35908,0,0
12/2/2009 8:00,142,3.9,5.5,46,50,29.1,0,35908,0,0
12/2/2009 8:10,157,4.5,6.1,46.4,49,29,0,35908,0,0
12/2/2009 8:20,258,2.9,3.9,46.7,49,29,0,35908,0,0
12/2/2009 8:30,158,7.9,8.5,47.3,47,29,0,35908,0,0
12/2/2009 8:40,252,2.3,3.1,47.6,48,29,0,35908,0,0
12/2/2009 8:50,191,4.9,7.3,47.6,47,29,0,35908,0,0
12/2/2009 9:00,153,2.8,3.6,47.8,47,29,0,35908,0,0
12/2/2009 9:10,157,2.9,3.7,48.2,47,29,0,35908,0,0
12/2/2009 9:20,50,1.1,1.4,48.5,47,29,0,35908,0,0
12/2/2009 9:30,176,4,5.3,49.1,45,29,0,35908,0,0
12/2/2009 9:40,199,6,7,49.4,44,29,0,35908,0,0
12/2/2009 9:50,169,7.2,7.9,50,44,29,0,35908,0,0
12/2/2009 10:00,98,4.3,6.3,50,44,29,0,35908,0,0
12/2/2009 10:10,155,8,8.9,50,43,29,0,35908,0,0
12/2/2009 10:20,140,4,6.7,50.3,43,29,0,35908,0,0
12/2/2009 10:30,216,4.9,7,50.5,42,29,0,35908,0,0
12/2/2009 10:40,168,9.1,11.5,50.9,40,29,0,35908,0,0
12/2/2009 10:50,109,8.8,10.2,51,40,29,0,35908,0,0
12/2/2009 11:00,177,13.3,14.4,51.4,38,29,0,35908,0,0
12/2/2009 11:10,159,7.4,12.8,51.4,37,29,0,35908,0,0
12/2/2009 11:20,184,17.1,18.5,51.4,38,29,0,35908,0,0
12/2/2009 11:30,187,15.9,16.6,50.9,40,29,0,35908,0,0
12/2/2009 11:40,167,22.6,24.1,51.2,40,29,0,35908,0,0
12/2/2009 11:50,178,12.3,14.8,51.4,40,29,0,35908,0,0
12/2/2009 12:00,134,4.8,7.4,51,40,29,0,35908,0,0
12/2/2009 12:10,152,6.4,6.9,50.7,41,29,0,35908,0,0
12/2/2009 12:20,172,11,11.7,50.3,41,29,0,35908,0,0
12/2/2009 12:30,148,8.4,9.9,50.3,41,28.9,0,35908,0,0
12/2/2009 12:40,156,6.1,7.6,50.5,41,28.9,0,35908,0,0
12/2/2009 12:50,140,5.2,5.7,50.5,41,28.9,0,35908,0,0
12/2/2009 13:00,142,8,9.1,50.3,41,28.9,0,35908,0,0
12/2/2009 13:10,162,5.9,6.9,50.1,42,28.9,0,35908,0,0
12/2/2009 13:20,130,6.5,7.8,50.3,42,28.9,0,35908,0,0
12/2/2009 13:30,119,5.1,5.7,50.3,42,28.9,0,35988,0,0
12/2/2009 13:40,132,7.1,8.2,50.3,43,28.9,0,36108,0,0
12/2/2009 13:50,130,11.7,12.8,50.3,46,28.9,0,36128,0,0
12/2/2009 14:00,141,8.8,11.5,50,48,28.9,0,36258,0,0
12/2/2009 14:10,108,12.1,13.4,49.8,49,28.9,0,36298,0,0
12/2/2009 14:20,108,7.9,9.1,48.9,55,28.9,0,36578,0.04,0.04
12/2/2009 14:30,96,11.8,16.1,47.8,62,28.8,0.01,37158,0.02,0.02
12/2/2009 14:40,89,15.2,16,46.9,70,28.8,0.01,37358,0,0
12/2/2009 14:50,114,8.1,9.9,46.7,74,28.8,0.01,37498,0,0
12/2/2009 15:00,85,7.8,9.5,46.7,77,28.8,0.01,37898,0,0
12/2/2009 15:10,104,8.8,9.7,46.9,80,28.8,0.01,38178,0,0
12/2/2009 15:20,133,14.1,14.8,47.1,82,28.8,0.01,38438,0,0
12/2/2009 15:30,140,15.4,20.1,46.9,85,28.8,0.01,38908,0.06,0.06
12/2/2009 15:40,119,9.8,14.2,46.9,87,28.8,0.02,39498,0.04,0.04
12/2/2009 15:50,119,7.2,8.6,47.1,87,28.8,0.03,40048,0,0
12/2/2009 16:00,109,8.2,8.8,47.3,87,28.7,0.03,40338,0,0
12/2/2009 16:10,104,11.6,12.5,47.8,86,28.7,0.03,40398,0,0
12/2/2009 16:20,108,11.1,12,48,86,28.7,0.03,40398,0,0
12/2/2009 16:30,301,21,24.7,48,86,28.7,0.03,40398,0,0
12/2/2009 16:40,140,6.6,16.3,48,85,28.7,0.03,40398,0,0
12/2/2009 16:50,104,13.1,14.1,48,84,28.7,0.03,40428,0,0
12/2/2009 17:00,109,11.1,11.9,48,85,28.7,0.03,40428,0,0
12/2/2009 17:10,113,7.9,8.9,48,84,28.7,0.03,40528,0,0
12/2/2009 17:20,113,11.4,12.5,47.6,86,28.6,0.04,41118,0.02,0.02
12/2/2009 17:30,106,7.9,10.4,47.8,86,28.6,0.05,41688,0.04,0.04
12/2/2009 17:40,126,16.5,19.5,48,86,28.6,0.06,42088,0.11,0.11
12/2/2009 17:50,-Invalid-,-Invalid-,-Invalid-,-Invalid-,-Invalid-,-Invalid-,-Invalid-,-Invalid-,-Invalid-,-Invalid-
12/2/2009 18:00,38,7.9,16.6,48,88,28.6,0.09,43278,0.02,0.02
12/2/2009 18:10,-Invalid-,-Invalid-,-Invalid-,-Invalid-,-Invalid-,-Invalid-,-Invalid-,-Invalid-,-Invalid-,-Invalid-
12/2/2009 18:20,130,9.5,12.4,48.7,87,28.6,0.13,44458,0,0
12/2/2009 18:30,11,5.4,6.6,49.1,87,28.6,0.14,44848,0.26,0.26
12/2/2009 18:40,137,7.2,9.2,48.9,89,28.5,0.17,45448,0.14,0.14
12/2/2009 18:50,139,12.8,15.8,49.1,89,28.5,0.2,46048,0.13,0.13
12/2/2009 19:00,216,8.8,13,49.6,88,28.5,0.22,46488,0,0
12/2/2009 19:10,139,20.9,22.8,49.4,91,28.5,0.24,46868,0.34,0.34
12/2/2009 19:20,109,19.3,27.7,49.1,93,28.5,0.32,47468,0.34,0.34
12/2/2009 19:30,161,17.8,24.4,49.6,91,28.5,0.33,47768,0.01,0.01
12/2/2009 19:40,159,22.4,27.3,50.1,89,28.5,0.35,48128,0,0
12/2/2009 19:50,148,27,29.2,50.3,88,28.5,0.35,48298,0,0
12/2/2009 20:00,146,17.2,19.7,50.3,89,28.5,0.37,48578,0.24,0.24
12/2/2009 20:10,141,15.8,18.9,50,92,28.5,0.43,49178,0.25,0.25
12/2/2009 20:20,151,27.3,28.9,50,92,28.5,0.49,49768,0.35,0.35
12/2/2009 20:30,137,22.3,26.6,50.7,90,28.5,0.5,50088,0.09,0.09
12/2/2009 20:40,152,22.9,25.9,51.6,85,28.5,0.5,50158,0,0
12/2/2009 20:50,144,19.4,20.9,51.9,83,28.5,0.5,50158,0,0
12/2/2009 21:00,160,31.3,33.7,52.1,82,28.4,0,50178,0.02,0.02
12/2/2009 21:10,158,18.1,23.8,52.5,82,28.4,0,50188,0,0
12/2/2009 21:20,155,15.1,21.8,52.8,81,28.4,0,50188,0,0
12/2/2009 21:30,138,7.3,11.2,53.2,81,28.4,0,50228,0,0
12/2/2009 21:40,143,19,21,53.4,80,28.4,0,50238,0,0
12/2/2009 21:50,133,15.5,17.5,53.2,81,28.4,0,50238,0,0
12/2/2009 22:00,155,9.7,12.7,53.6,80,28.4,0,50238,0,0
12/2/2009 22:10,147,6.6,7.8,53.7,80,28.4,0,50238,0,0
12/2/2009 22:20,167,15.3,19.1,54.1,80,28.4,0,50238,0,0
12/2/2009 22:30,156,15.7,19.2,54.8,79,28.4,0,50238,0,0
12/2/2009 22:40,183,19.2,22.4,55.2,80,28.4,0,50248,0,0
12/2/2009 22:50,296,21.7,22.7,53.4,87,28.4,0.01,50738,0,0
12/2/2009 23:00,2,19.3,21,53,89,28.4,0.01,51028,0.04,0.04
12/2/2009 23:10,163,20.4,21.6,53.4,87,28.4,0.01,51118,0,0
12/2/2009 23:20,184,9.8,12.3,53.6,86,28.4,0.01,51118,0,0
12/2/2009 23:30,157,8.5,9.5,53.7,85,28.4,0.01,51118,0,0
12/2/2009 23:40,173,16.5,18.1,54.5,84,28.4,0.01,51378,0.01,0.01
12/2/2009 23:50,150,10.2,11.8,54.3,86,28.4,0.02,51858,0.05,0.05
12/3/2009 0:00,-Invalid-,-Invalid-,-Invalid-,-Invalid-,-Invalid-,-Invalid-,-Invalid-,-Invalid-,-Invalid-,-Invalid-
12/3/2009 0:10,269,37.5,39.8,54.1,87,28.4,0.03,52788,0.01,0.01
12/3/2009 0:20,263,41.6,43.6,54.1,87,28.4,0.03,52808,0,0
12/3/2009 0:30,-Invalid-,-Invalid-,-Invalid-,-Invalid-,-Invalid-,-Invalid-,-Invalid-,-Invalid-,-Invalid-,-Invalid-
12/3/2009 0:40,295,39.2,43.1,54.1,86,28.4,0.03,52828,0,0
12/3/2009 0:50,283,42.6,46.9,54.1,86,28.4,0.03,52838,0,0
12/3/2009 1:00,267,45.9,47.8,53.9,85,28.4,0.03,52948,0,0
12/3/2009 1:10,207,21.3,32.9,53.9,84,28.4,0.03,52948,0,0
12/3/2009 1:20,197,12.6,13.3,54.1,84,28.4,0.03,52948,0,0
12/3/2009 1:30,201,18.9,24.3,53.9,84,28.4,0.03,52948,0,0
12/3/2009 1:40,200,11,19.3,54.1,83,28.4,0.03,52948,0,0
12/3/2009 1:50,186,15.4,16.6,54.3,82,28.4,0.03,52948,0,0
12/3/2009 2:00,204,15.4,18.2,54.3,82,28.4,0.03,52948,0,0
12/3/2009 2:10,209,19.5,20.2,54.5,81,28.4,0.03,52948,0,0
12/3/2009 2:20,197,13.8,15.8,54.3,82,28.4,0.03,52948,0,0
12/3/2009 2:30,205,20.7,21.9,54.3,81,28.4,0.03,52948,0,0
12/3/2009 2:40,218,21.7,23.1,54.3,81,28.4,0.03,52948,0,0
12/3/2009 2:50,220,18.5,20,54.3,81,28.4,0.03,52948,0,0
12/3/2009 3:00,219,26.9,28.6,53.9,82,28.4,0.03,52948,0,0
12/3/2009 3:10,219,25.9,26.9,53.6,84,28.4,0.03,52948,0,0
12/3/2009 3:20,218,12.4,21.2,53.6,84,28.4,0.03,52948,0,0
12/3/2009 3:30,225,20.1,21.7,53,86,28.5,0.03,52948,0,0
12/3/2009 3:40,245,16,18.9,49.8,92,28.5,0.03,53308,0.06,0.06
12/3/2009 3:50,246,12.5,13.5,49.1,94,28.5,0.03,53318,0,0
12/3/2009 4:00,260,29.7,32.1,48.2,94,28.5,0.03,53318,0,0
12/3/2009 4:10,240,34.8,38,47.6,91,28.5,0.03,53318,0,0
12/3/2009 4:20,245,27.6,33.8,47.3,92,28.5,0.03,53318,0,0
12/3/2009 4:30,239,29.6,31.1,47.1,92,28.5,0.03,53328,0,0
12/3/2009 4:40,240,19.3,23.6,46.5,94,28.5,0.03,53328,0,0
12/3/2009 4:50,238,22.6,24.4,46.2,94,28.5,0.03,53328,0,0
12/3/2009 5:00,212,18.9,21.7,45.6,95,28.6,0.03,53328,0,0
12/3/2009 5:10,220,25,25.9,45.6,95,28.6,0.03,53328,0,0
12/3/2009 5:20,184,32.5,36.1,45.6,94,28.6,0.03,53328,0,0
12/3/2009 5:30,-Invalid-,-Invalid-,-Invalid-,-Invalid-,-Invalid-,-Invalid-,-Invalid-,-Invalid-,-Invalid-,-Invalid-
12/3/2009 5:40,255,45.5,46.8,45.3,94,28.6,0.03,53328,0,0
12/3/2009 5:50,260,54.6,57.3,45.3,94,28.6,0.03,53328,0,0
12/3/2009 6:00,262,51.8,54.9,45.5,94,28.6,0.03,53328,0,0
12/3/2009 6:10,264,50.8,55.2,45.6,93,28.6,0.03,53328,0,0
12/3/2009 6:20,258,30.4,36.4,45.6,91,28.6,0.03,53328,0,0
12/3/2009 6:30,268,19.6,22.5,45.5,93,28.7,0.03,53328,0,0
12/3/2009 6:40,281,18.2,21.9,45.3,91,28.7,0.03,53338,0,0
12/3/2009 6:50,285,16.5,17.9,45.5,91,28.7,0.03,53338,0,0
12/3/2009 7:00,291,13.5,16.7,45.5,89,28.7,0.03,53338,0,0
12/3/2009 7:10,278,21.6,23.6,45.5,88,28.7,0.03,53338,0,0
12/3/2009 7:20,264,16.7,19.8,45.5,89,28.7,0.03,53338,0,0
12/3/2009 7:30,260,24.6,27.2,45.5,88,28.7,0.03,53338,0,0
12/3/2009 7:40,284,27.6,29.4,45.5,86,28.7,0.03,53338,0,0
12/3/2009 7:50,279,27.4,30.5,45.5,86,28.7,0.03,53338,0,0
12/3/2009 8:00,285,33.5,37.8,45.5,84,28.8,0.03,53338,0,0
12/3/2009 8:10,281,24.8,27.8,45.5,86,28.8,0.03,53338,0,0
12/3/2009 8:20,283,36.5,40,45.5,81,28.8,0.03,53338,0,0
12/3/2009 8:30,287,31,33,45.6,82,28.8,0.03,53338,0,0
12/3/2009 8:40,283,27.4,31.9,45.6,82,28.8,0.03,53338,0,0
12/3/2009 8:50,289,27.6,31.8,45.8,82,28.8,0.03,53338,0,0
12/3/2009 9:00,257,21.5,24.5,45.6,86,28.8,0.03,53338,0,0
12/3/2009 9:10,283,29.5,31.4,45.3,87,28.8,0.03,53348,0,0
12/3/2009 9:20,268,28.1,31.3,45.3,87,28.8,0.03,53348,0,0
12/3/2009 9:30,279,29.7,30.9,44.9,87,28.8,0.03,53348,0,0
12/3/2009 9:40,272,21.2,23.3,44.7,90,28.8,0.03,53348,0,0
12/3/2009 9:50,281,28,30.8,44.6,87,28.8,0.03,53348,0,0
12/3/2009 10:00,283,32.7,34.4,44.6,89,28.8,0.03,53348,0,0
12/3/2009 10:10,282,24.5,29.7,44.2,91,28.8,0.03,53358,0,0
12/3/2009 10:20,284,31.9,37.8,43.8,90,28.8,0.03,53358,0,0
12/3/2009 10:30,283,36.1,38.9,43.8,91,28.8,0.04,53488,0.03,0.03
12/3/2009 10:40,276,35.4,36.8,43.8,87,28.8,0.04,53488,0,0
12/3/2009 10:50,286,24.7,29.1,44.2,90,28.9,0.04,53488,0,0
12/3/2009 11:00,295,20,23.5,43.8,89,28.9,0.04,53488,0,0
12/3/2009 11:10,284,30.1,35.2,44,87,28.9,0.04,53498,0,0
12/3/2009 11:20,281,26.4,28.7,43.8,89,28.9,0.04,53498,0,0
12/3/2009 11:30,292,25.4,29.3,44,87,28.9,0.04,53498,0,0
12/3/2009 11:40,274,32.6,36.2,43.8,87,28.9,0.04,53578,0,0
12/3/2009 11:50,271,28.2,32.6,43.5,89,28.9,0.04,53618,0,0
12/3/2009 12:00,277,26.5,32.8,43.5,88,28.9,0.04,53618,0,0
12/3/2009 12:10,285,23.8,29,43.5,89,28.9,0.04,53618,0,0
12/3/2009 12:20,285,20.6,21.6,43.5,87,28.9,0.04,53618,0,0
12/3/2009 12:30,290,20,25.1,43.5,86,28.9,0.04,53618,0,0
12/3/2009 12:40,295,11.9,15.9,43.5,88,28.9,0.04,53618,0,0
12/3/2009 12:50,282,25.1,28.2,43.5,87,28.9,0.04,53618,0,0
12/3/2009 13:00,275,21.2,25.4,43.5,85,28.9,0.04,53618,0,0
12/3/2009 13:10,283,13.9,16.3,43.5,85,29,0.04,53628,0,0
12/3/2009 13:20,258,20.2,23.7,43.5,87,29,0.04,53908,0,0
12/3/2009 13:30,286,24,25,43.3,87,29,0.04,54138,0,0
12/3/2009 13:40,287,24.3,25.3,42.9,87,29,0.04,54148,0,0
12/3/2009 13:50,271,31.1,33.3,42.9,85,29,0.04,54148,0,0
12/3/2009 14:00,273,27.1,28.8,42.8,84,29,0.04,54148,0,0
12/3/2009 14:10,280,25.7,26.9,42.8,82,29,0.04,54148,0,0
12/3/2009 14:20,253,21.7,23.6,43.1,83,29,0.04,54148,0,0
12/3/2009 14:30,290,21.6,24.9,43.3,80,29,0.04,54148,0,0
12/3/2009 14:40,277,26.1,27.3,43.3,80,29,0.04,54258,0.01,0.01
12/3/2009 14:50,280,33.1,34,43.3,78,29,0.05,54548,0,0
12/3/2009 15:00,281,24.8,29.3,43.5,79,29,0.05,54578,0,0
12/3/2009 15:10,279,27.2,31,43.1,82,29,0.05,54618,0,0
12/3/2009 15:20,273,26.1,29.9,43.1,77,29,0.05,54618,0,0
12/3/2009 15:30,279,29.1,31.2,43.1,77,29,0.05,54618,0,0
12/3/2009 15:40,280,16.3,21.7,43.1,77,29,0.05,54618,0,0
12/3/2009 15:50,267,20.9,25.3,43.1,76,29,0.05,54618,0,0
12/3/2009 16:00,292,25.1,30.1,43.3,75,29,0.05,54618,0,0
12/3/2009 16:10,299,24.5,27.2,42.9,79,29.1,0.05,54618,0,0
12/3/2009 16:20,306,25,28.8,42.4,77,29.1,0.05,54618,0,0
12/3/2009 16:30,283,23.1,26.7,42.4,73,29.1,0.05,54618,0,0
12/3/2009 16:40,297,31.3,32.6,42.2,74,29.1,0.05,54618,0,0
12/3/2009 16:50,302,17.9,23.5,42.2,74,29.1,0.05,54618,0,0
12/3/2009 17:00,298,17.4,22.9,42.6,72,29.1,0.05,54618,0,0
12/3/2009 17:10,284,15.3,20.1,42.8,70,29.1,0.05,54618,0,0
12/3/2009 17:20,291,20.6,22.9,42.6,74,29.1,0.05,54618,0,0
12/3/2009 17:30,302,18.5,19.4,42.6,74,29.1,0.05,54618,0,0
12/3/2009 17:40,292,18.5,22.2,42.6,70,29.1,0.05,54618,0,0
12/3/2009 17:50,290,20.2,23,42.6,70,29.1,0.05,54618,0,0
12/3/2009 18:00,295,23.3,24.2,42.6,68,29.1,0.05,54618,0,0
12/3/2009 18:10,288,19.5,22.9,42.6,67,29.1,0.05,54618,0,0
12/3/2009 18:20,289,18.2,19.3,42.6,68,29.1,0.05,54618,0,0
12/3/2009 18:30,300,17.6,20.8,42.4,69,29.1,0.05,54618,0,0
12/3/2009 18:40,310,16.6,17.9,42.4,65,29.1,0.05,54618,0,0
12/3/2009 18:50,296,15.9,17.2,42.2,65,29.1,0.05,54618,0,0
12/3/2009 19:00,287,13.3,14,42.2,63,29.1,0.05,54618,0,0
12/3/2009 19:10,255,9.5,11.2,42.2,63,29.1,0.05,54618,0,0
12/3/2009 19:20,278,11.2,12.5,42.2,63,29.1,0.05,54618,0,0
12/3/2009 19:30,275,10.6,12,42.2,64,29.1,0.05,54618,0,0
12/3/2009 19:40,270,7.8,9.6,42.2,62,29.1,0.05,54618,0,0
12/3/2009 19:50,206,7.2,7.4,41.3,75,29.1,0.05,54618,0,0
12/3/2009 20:00,203,14.1,15.3,40.2,81,29.1,0.05,54668,0,0
12/3/2009 20:10,229,19.4,20.8,39.5,84,29.1,0.05,55118,0.03,0.03
12/3/2009 20:20,221,14.5,15.1,38.4,89,29.1,0.05,55638,0,0
12/3/2009 20:30,244,14,15.7,37.9,90,29.1,0.06,56108,0.01,0.01
12/3/2009 20:40,246,15.8,16.4,38.1,91,29.1,0.07,56638,0,0
12/3/2009 20:50,209,9.5,11.4,38.3,92,29.1,0.07,56658,0,0
12/3/2009 21:00,208,11.2,12.4,38.3,92,29.1,0,56808,0,0
12/3/2009 21:10,225,15.6,18,38.4,90,29.1,0,56808,0,0
12/3/2009 21:20,241,11.7,13.6,38.4,89,29.1,0,57028,0,0
12/3/2009 21:30,226,16.8,19,37.7,88,29.1,0.01,57348,0.01,0.01
12/3/2009 21:40,217,12.2,13.6,37.7,88,29.1,0.01,57378,0,0
12/3/2009 21:50,221,14.2,14.9,38.1,87,29.1,0.01,57378,0,0
12/3/2009 22:00,208,12.8,14.6,38.3,87,29.1,0.01,57378,0,0
12/3/2009 22:10,216,18.9,21.4,38.4,84,29.1,0.01,57378,0,0
12/3/2009 22:20,237,17.4,19.4,37.9,87,29.1,0.01,57678,0.07,0.07
12/3/2009 22:30,224,21.5,22,37.7,88,29.1,0.02,58028,0,0
12/3/2009 22:40,223,9.3,15.8,37.4,88,29.1,0.02,58238,0,0
12/3/2009 22:50,211,10.8,12.5,36.8,88,29.1,0.02,58288,0,0
12/3/2009 23:00,215,12.1,13.8,35.7,90,29.2,0.03,58818,0.02,0.02
12/3/2009 23:10,225,18.9,19.6,36.6,87,29.1,0.03,58888,0,0
12/3/2009 23:20,224,16,17.6,37,86,29.1,0.03,58888,0,0
12/3/2009 23:30,226,10.4,14.5,37.4,83,29.2,0.03,58888,0,0
12/3/2009 23:40,208,7,8.2,37.4,82,29.2,0.03,58888,0,0
12/3/2009 23:50,212,21.3,23.8,37.4,80,29.2,0.03,58888,0,0
12/4/2009 0:00,226,12.8,17.4,37.4,79,29.2,0.03,58888,0,0
12/4/2009 0:10,225,16.8,18.3,37.2,74,29.2,0.03,58888,0,0
12/4/2009 0:20,212,13,15.7,36.8,73,29.2,0.03,58888,0,0
12/4/2009 0:30,207,11.4,12.5,36.6,71,29.2,0.03,58888,0,0
12/4/2009 0:40,236,8,9.5,36.5,71,29.2,0.03,58888,0,0
12/4/2009 0:50,204,6.3,8,36.3,70,29.2,0.03,58888,0,0
12/4/2009 1:00,233,11.9,13,36.1,68,29.2,0.03,58888,0,0
12/4/2009 1:10,224,10.9,13.1,35.7,68,29.2,0.03,58888,0,0
12/4/2009 1:20,219,10.4,12.9,35.7,65,29.2,0.03,58888,0,0
12/4/2009 1:30,224,15.2,16.9,35.7,63,29.2,0.03,58888,0,0
12/4/2009 1:40,230,18.9,19.6,35.9,61,29.2,0.03,58888,0,0
12/4/2009 1:50,232,20.4,21.3,36.1,61,29.2,0.03,58888,0,0
12/4/2009 2:00,236,15.7,18,36.5,60,29.2,0.03,58888,0,0
12/4/2009 2:10,235,14.6,15.4,36.5,60,29.2,0.03,58888,0,0
12/4/2009 2:20,223,14.5,15.7,36.3,61,29.2,0.03,58888,0,0
12/4/2009 2:30,215,13.3,14.5,36.3,62,29.2,0.03,58888,0,0
12/4/2009 2:40,237,16.8,18.5,36.1,63,29.2,0.03,58888,0,0
12/4/2009 2:50,251,20.2,21.2,35.7,63,29.2,0.03,58888,0,0
12/4/2009 3:00,236,13.3,15.7,35.4,60,29.2,0.03,58888,0,0
12/4/2009 3:10,236,22.4,23.8,35.2,58,29.2,0.03,58888,0,0
12/4/2009 3:20,219,23.1,24.6,35,57,29.2,0.03,58888,0,0
12/4/2009 3:30,214,10.2,17.6,34.8,56,29.2,0.03,58888,0,0
12/4/2009 3:40,201,15.6,20.2,34.8,52,29.2,0.03,58888,0,0
12/4/2009 3:50,215,15,17,34.8,53,29.2,0.03,58888,0,0
12/4/2009 4:00,221,16.9,18.7,34.7,55,29.2,0.03,58888,0,0
12/4/2009 4:10,221,17.3,18.4,34.3,56,29.2,0.03,58888,0,0
12/4/2009 4:20,195,7.9,11.1,34.1,57,29.2,0.03,58888,0,0
12/4/2009 4:30,216,14.9,16.8,33.9,57,29.2,0.03,58888,0,0
12/4/2009 4:40,261,8.8,12.6,33.8,58,29.2,0.03,58888,0,0
12/4/2009 4:50,216,12.2,14.6,33.4,58,29.2,0.03,58888,0,0
12/4/2009 5:00,182,12.5,18.2,33.2,58,29.2,0.03,58888,0,0
12/4/2009 5:10,212,13.5,14.6,32.9,59,29.2,0.03,58888,0,0
12/4/2009 5:20,188,8.5,10.6,32.7,59,29.2,0.03,58888,0,0
12/4/2009 5:30,142,5.1,5.8,32.3,59,29.2,0.03,58888,0,0
12/4/2009 5:40,179,11.1,13.1,32.1,59,29.2,0.03,58888,0,0
12/4/2009 5:50,211,17.7,20.2,32,59,29.2,0.03,58888,0,0
12/4/2009 6:00,206,16.3,17.3,32.1,59,29.3,0.03,58888,0,0
12/4/2009 6:10,194,9.3,12,32.1,58,29.3,0.03,58888,0,0
12/4/2009 6:20,208,14.4,15.3,32.3,57,29.3,0.03,58888,0,0
12/4/2009 6:30,207,11.9,15.4,32.5,57,29.3,0.03,58888,0,0
12/4/2009 6:40,217,18.6,20.7,32.7,56,29.3,0.03,58888,0,0
12/4/2009 6:50,203,13.2,16.1,32.9,56,29.3,0.03,58888,0,0
12/4/2009 7:00,221,19.5,20,32.9,56,29.3,0.03,58888,0,0
12/4/2009 7:10,216,19.1,21.2,33,55,29.3,0.03,58888,0,0
12/4/2009 7:20,227,17.2,18.4,33,55,29.3,0.03,58898,0,0
12/4/2009 7:30,226,20.1,21.5,33,54,29.3,0.03,58898,0,0
12/4/2009 7:40,200,23.4,25.3,33,54,29.3,0.03,58898,0,0
12/4/2009 7:50,215,12.9,17.9,33.8,54,29.3,0.03,58898,0,0
12/4/2009 8:00,214,16.7,18.9,33.8,52,29.3,0.03,58898,0,0
12/4/2009 8:10,215,15.3,16.7,33.6,52,29.3,0.03,58898,0,0
12/4/2009 8:20,227,27.3,28.7,34.1,51,29.3,0.03,58898,0,0
12/4/2009 8:30,151,13.4,22.9,34.3,51,29.3,0.03,58898,0,0
12/4/2009 8:40,228,18.6,21.7,34.1,51,29.3,0.03,58898,0,0
12/4/2009 8:50,240,23.7,25.5,33.8,51,29.3,0.03,58898,0,0
12/4/2009 9:00,231,15.4,17.5,33.8,52,29.3,0.03,58898,0,0
12/4/2009 9:10,238,12.2,14.4,33.8,52,29.3,0.03,58898,0,0
12/4/2009 9:20,235,15.8,16.7,33.8,51,29.3,0.03,58898,0,0
12/4/2009 9:30,236,14.7,15.5,33.9,51,29.3,0.03,58898,0,0
12/4/2009 9:40,230,13.3,14.5,34.1,50,29.3,0.03,58898,0,0
12/4/2009 9:50,249,10.2,11,34.3,50,29.3,0.03,58898,0,0
12/4/2009 10:00,217,9.3,10.7,34.1,50,29.3,0.03,58898,0,0
12/4/2009 10:10,225,16,17.5,33.9,49,29.3,0.03,58898,0,0
12/4/2009 10:20,228,13.9,14.7,34.7,48,29.3,0.03,58898,0,0
12/4/2009 10:30,244,11.1,12.2,34.8,48,29.3,0.03,58898,0,0
12/4/2009 10:40,243,7,8.3,35.6,48,29.3,0.03,58898,0,0
12/4/2009 10:50,206,18.4,20.3,35.9,45,29.3,0.03,58898,0,0
12/4/2009 11:00,228,8.9,12.8,35.9,45,29.3,0.03,58898,0,0
12/4/2009 11:10,246,15.9,19.4,36.3,44,29.3,0.03,58898,0,0
12/4/2009 11:20,222,7.2,9.9,36.3,44,29.3,0.03,58898,0,0
12/4/2009 11:30,231,10.8,11.8,36.6,44,29.3,0.03,58898,0,0
12/4/2009 11:40,260,14.2,16,36.3,44,29.3,0.03,58898,0,0
12/4/2009 11:50,243,11.3,12.9,36.3,45,29.3,0.03,58898,0,0
12/4/2009 12:00,263,8,8.6,36.3,47,29.3,0.03,58898,0,0
12/4/2009 12:10,125,4.8,6.1,36.8,42,29.3,0.03,58898,0,0
12/4/2009 12:20,245,13.9,14.6,36.1,47,29.3,0.03,58898,0,0
12/4/2009 12:30,272,13.7,14.7,36.1,51,29.3,0.03,58898,0,0
12/4/2009 12:40,264,22.1,23,36.3,51,29.3,0.03,58898,0,0
12/4/2009 12:50,238,21.5,24.4,35.9,53,29.3,0.03,58898,0,0
12/4/2009 13:00,233,11.4,13.5,35.9,52,29.3,0.03,58898,0,0
12/4/2009 13:10,277,6.8,7.8,35.7,56,29.3,0.03,58898,0,0
12/4/2009 13:20,262,15.7,18,35.6,56,29.3,0.03,58898,0,0
12/4/2009 13:30,249,9.4,11.1,35.6,56,29.3,0.03,58898,0,0
12/4/2009 13:40,225,16.2,17.8,35.6,55,29.3,0.03,58898,0,0
12/4/2009 13:50,229,13.4,14.3,35.6,55,29.3,0.03,58898,0,0
12/4/2009 14:00,249,9.9,12,35.7,55,29.3,0.03,58898,0,0
12/4/2009 14:10,236,13.7,14.6,35.6,57,29.3,0.03,58898,0,0
12/4/2009 14:20,225,14.1,15.1,35.6,55,29.3,0.03,58898,0,0
12/4/2009 14:30,229,8.8,11.7,35.6,55,29.3,0.03,58898,0,0
12/4/2009 14:40,210,3.6,6.4,35.6,58,29.3,0.03,58898,0,0
12/4/2009 14:50,253,5.6,6.3,35.4,53,29.3,0.03,58898,0,0
12/4/2009 15:00,222,7.6,8.7,35.4,53,29.3,0.03,58898,0,0
12/4/2009 15:10,216,7.2,9,35.2,52,29.3,0.03,58898,0,0
12/4/2009 15:20,211,9.8,12.1,34.8,52,29.3,0.03,58898,0,0
12/4/2009 15:30,211,6.8,8.3,34.8,53,29.3,0.03,58898,0,0
12/4/2009 15:40,203,5,6.1,34.7,53,29.3,0.03,58898,0,0
12/4/2009 15:50,178,3.7,4.4,34.5,53,29.3,0.03,58898,0,0
12/4/2009 16:00,185,3.8,4.8,34.1,53,29.3,0.03,58898,0,0
12/4/2009 16:10,222,6.6,7.7,33.8,53,29.3,0.03,58898,0,0
12/4/2009 16:20,204,6.7,9.3,33.6,54,29.3,0.03,58898,0,0
12/4/2009 16:30,186,4.6,5.6,33.6,55,29.3,0.03,58898,0,0
12/4/2009 16:40,210,7.4,9.1,33.6,55,29.3,0.03,58898,0,0
12/4/2009 16:50,208,6.1,8.3,33.2,55,29.3,0.03,58898,0,0
12/4/2009 17:00,193,7.4,9.4,32.9,55,29.3,0.03,58898,0,0
12/4/2009 17:10,213,7.6,9,32.5,55,29.3,0.03,58898,0,0
12/4/2009 17:20,202,7.5,9.4,32.1,56,29.3,0.03,58898,0,0
12/4/2009 17:30,195,4.1,4.9,32.1,56,29.3,0.03,58898,0,0
12/4/2009 17:40,204,6.1,7.2,32,56,29.3,0.03,58898,0,0
12/4/2009 17:50,215,10.2,11.7,32,54,29.3,0.03,58898,0,0
12/4/2009 18:00,220,6,6.8,32,53,29.3,0.03,58898,0,0
12/4/2009 18:10,217,12.9,13.7,32,53,29.3,0.03,58898,0,0
12/4/2009 18:20,217,10.5,11.2,31.7,54,29.3,0.03,58898,0,0
12/4/2009 18:30,172,4.9,5.4,31.5,54,29.3,0.03,58898,0,0
12/4/2009 18:40,181,4.2,4.8,31.5,56,29.3,0.03,58898,0,0
12/4/2009 18:50,178,7.2,8.5,31.1,56,29.3,0.03,58898,0,0
12/4/2009 19:00,173,4.6,4.8,31,57,29.3,0.03,58898,0,0
12/4/2009 19:10,211,11.3,13,30.8,57,29.3,0.03,58898,0,0
12/4/2009 19:20,174,4.9,5.6,30.8,57,29.3,0.03,58898,0,0
12/4/2009 19:30,145,4.8,6,30.8,59,29.3,0.03,58898,0,0
12/4/2009 19:40,178,6.4,7.8,30.8,58,29.3,0.03,58898,0,0
12/4/2009 19:50,190,8.7,10.4,30.6,58,29.3,0.03,58898,0,0
12/4/2009 20:00,184,6.2,7.4,30.4,59,29.3,0.03,58898,0,0
12/4/2009 20:10,170,5.7,6.8,30.4,59,29.3,0.03,58898,0,0
12/4/2009 20:20,191,8.8,11.6,30.4,58,29.3,0.03,58898,0,0
12/4/2009 20:30,194,7,8.7,30.6,58,29.3,0.03,58898,0,0
12/4/2009 20:40,150,4.6,5.9,30.2,60,29.3,0.03,58898,0,0
12/4/2009 20:50,193,4.2,5.1,30.1,59,29.3,0.03,58898,0,0
12/4/2009 21:00,170,6.8,7.7,30.1,59,29.3,0,58898,0,0
12/4/2009 21:10,185,6.2,7.7,30.1,59,29.3,0,58898,0,0
12/4/2009 21:20,187,10.4,12.4,30.2,59,29.3,0,58898,0,0
12/4/2009 21:30,168,8.2,9.9,29.9,60,29.3,0,58898,0,0
12/4/2009 21:40,168,8.2,9.7,29.7,61,29.3,0,58898,0,0
12/4/2009 21:50,160,10,10.8,29.7,61,29.3,0,58898,0,0
12/4/2009 22:00,160,7.7,8.9,29.5,60,29.3,0,58898,0,0
12/4/2009 22:10,152,11.8,13.3,29.5,61,29.3,0,58898,0,0
12/4/2009 22:20,154,8.9,10.1,29.5,61,29.3,0,58898,0,0
12/4/2009 22:30,176,9,9.5,29.5,60,29.3,0,58898,0,0
12/4/2009 22:40,180,5.4,7.7,29.3,61,29.3,0,58898,0,0
12/4/2009 22:50,134,5.3,8.5,29.2,61,29.3,0,58898,0,0
12/4/2009 23:00,170,4.3,6.5,29,62,29.3,0,58898,0,0
12/4/2009 23:10,177,8.3,9.5,29.2,62,29.3,0,58898,0,0
12/4/2009 23:20,152,6.2,7.8,29.2,62,29.3,0,58898,0,0
12/4/2009 23:30,150,4.9,6.5,29,63,29.3,0,58898,0,0
12/4/2009 23:40,149,6.8,7.5,29,62,29.3,0,58898,0,0
12/4/2009 23:50,191,3.7,5.7,29,63,29.3,0,58898,0,0
12/5/2009 0:00,145,6.7,7.6,29,63,29.3,0,58898,0,0
12/5/2009 0:10,144,6.3,7.7,29.2,64,29.3,0,58898,0,0
12/5/2009 0:20,190,2.9,5.8,28.8,64,29.3,0,58898,0,0
12/5/2009 0:30,139,7.2,8.2,28.6,64,29.3,0,58898,0,0
12/5/2009 0:40,154,7.2,8.9,28.8,64,29.3,0,58898,0,0
12/5/2009 0:50,153,5.2,6.2,28.8,65,29.3,0,58898,0,0
12/5/2009 1:00,143,10.2,10.7,29,64,29.3,0,58898,0,0
12/5/2009 1:10,134,8.3,9.2,29,64,29.3,0,58898,0,0
12/5/2009 1:20,137,8.6,9.8,29,65,29.3,0,58898,0,0
12/5/2009 1:30,144,9.7,10.5,29,64,29.3,0,58898,0,0
12/5/2009 1:40,151,10.7,11.7,29,65,29.3,0,58898,0,0
12/5/2009 1:50,151,11,13.2,29,65,29.3,0,58898,0,0
12/5/2009 2:00,159,9.2,10.2,29,65,29.3,0,58898,0,0
12/5/2009 2:10,178,6.6,9.1,29,65,29.3,0,58898,0,0
12/5/2009 2:20,135,7.2,8.8,29,65,29.3,0,58898,0,0
12/5/2009 2:30,138,10,11.9,29,66,29.3,0,58898,0,0
12/5/2009 2:40,147,10.2,11.7,28.8,66,29.3,0,58898,0,0
12/5/2009 2:50,144,7,7.6,29,67,29.3,0,58898,0,0
12/5/2009 3:00,136,8.1,9.7,28.8,68,29.3,0,58898,0,0
12/5/2009 3:10,141,9.1,9.9,28.6,68,29.3,0,58898,0,0
12/5/2009 3:20,133,6.7,9.8,28.4,69,29.3,0,58898,0,0
12/5/2009 3:30,125,7.4,9.7,28.6,69,29.3,0,58898,0,0
12/5/2009 3:40,113,7.7,8.9,28.4,69,29.3,0,58898,0,0
12/5/2009 3:50,145,5.7,8.6,28.3,70,29.3,0,58898,0,0
12/5/2009 4:00,139,7.6,8.9,28.4,70,29.3,0,58898,0,0
12/5/2009 4:10,133,9.8,11,28.4,70,29.3,0,58898,0,0
12/5/2009 4:20,135,7.4,9.7,28.4,70,29.3,0,58898,0,0
12/5/2009 4:30,98,7.6,9.9,28.4,70,29.3,0,58898,0,0
12/5/2009 4:40,122,8.8,10.2,28.4,70,29.3,0,58898,0,0
12/5/2009 4:50,107,8.1,8.6,28.4,70,29.3,0,58898,0,0
12/5/2009 5:00,112,8.6,9.3,28.4,70,29.3,0,58898,0,0
12/5/2009 5:10,118,7.2,8,28.6,70,29.3,0.01,58998,0,0
12/5/2009 5:20,104,6.6,9,28.8,70,29.3,0.01,58998,0,0
12/5/2009 5:30,122,8.3,9.5,28.8,70,29.3,0.01,58998,0,0
12/5/2009 5:40,115,7.8,9,28.6,71,29.3,0.01,58998,0,0
12/5/2009 5:50,117,8.4,9.1,28.6,71,29.3,0.01,58998,0,0
12/5/2009 6:00,128,8.1,9.5,28.6,71,29.3,0.01,58998,0,0
12/5/2009 6:10,110,5.6,7.2,28.8,71,29.3,0.01,58998,0,0
12/5/2009 6:20,136,7.5,8.5,29.2,70,29.3,0.01,58998,0,0
12/5/2009 6:30,137,6.3,7.5,29.3,70,29.3,0.01,58998,0,0
12/5/2009 6:40,96,4.6,5.7,29.5,70,29.3,0.01,58998,0,0
12/5/2009 6:50,130,5.7,7.1,29.5,70,29.3,0.01,58998,0,0
12/5/2009 7:00,142,4.3,4.8,30.1,69,29.3,0.01,58998,0,0
12/5/2009 7:10,123,6.5,7.1,30.2,69,29.3,0.01,58998,0,0
12/5/2009 7:20,125,4.4,4.8,30.6,69,29.3,0.01,58998,0,0
12/5/2009 7:30,123,4.9,5.7,30.8,69,29.3,0.01,58998,0,0
12/5/2009 7:40,167,2.9,3.7,30.8,68,29.3,0.01,58998,0,0
12/5/2009 7:50,135,5.1,6.2,31.1,69,29.3,0.01,58998,0,0
12/5/2009 8:00,117,5.4,6.5,31.3,69,29.3,0.01,58998,0,0
12/5/2009 8:10,150,5.4,6.1,31.7,67,29.3,0.01,58998,0,0
12/5/2009 8:20,115,4.8,5.3,31.9,69,29.3,0.01,58998,0,0
12/5/2009 8:30,158,3.8,4.7,31.5,69,29.3,0.01,58998,0,0
12/5/2009 8:40,141,4.2,5.1,31.5,70,29.3,0.01,58998,0,0
12/5/2009 8:50,127,4.7,5.1,31.9,70,29.3,0.01,58998,0,0
12/5/2009 9:00,188,2.9,4.5,31.5,72,29.3,0.01,58998,0,0
12/5/2009 9:10,137,4.4,5.3,31.7,72,29.3,0.01,58998,0,0
12/5/2009 9:20,128,5.2,6.1,31.9,72,29.3,0.01,58998,0,0
12/5/2009 9:30,126,3.9,5,32.1,71,29.3,0.01,58998,0,0
12/5/2009 9:40,83,3.4,5.1,32.1,71,29.3,0.01,58998,0,0
12/5/2009 9:50,85,5.3,7,32,73,29.3,0.01,58998,0,0
12/5/2009 10:00,300,2.6,3.1,31.9,76,29.3,0.01,58998,0,0
12/5/2009 10:10,306,3.3,4.2,31.1,80,29.3,0.01,58998,0,0
12/5/2009 10:20,236,3.3,3.6,30.6,82,29.3,0.01,58998,0,0
12/5/2009 10:30,220,2.2,2.7,30.2,84,29.2,0.01,58998,0,0
12/5/2009 10:40,333,3.8,4.2,30.6,83,29.2,0.01,58998,0,0
12/5/2009 10:50,142,4.6,5,31.1,82,29.2,0.01,58998,0,0
12/5/2009 11:00,236,4.4,4.7,31.1,80,29.2,0.01,58998,0,0
12/5/2009 11:10,222,10.2,11.5,31.5,79,29.2,0.01,58998,0,0
12/5/2009 11:20,231,8.9,9.5,31.7,78,29.2,0.01,58998,0,0
12/5/2009 11:30,235,10.6,11.3,32,78,29.2,0.01,58998,0,0
12/5/2009 11:40,229,9.3,10.9,32,79,29.2,0.01,58998,0,0
12/5/2009 11:50,207,7.8,9.3,32,80,29.2,0.01,58998,0,0
12/5/2009 12:00,212,10.2,11.4,32,81,29.2,0.01,58998,0,0
12/5/2009 12:10,241,8.9,9.3,32,81,29.2,0.01,58998,0,0
12/5/2009 12:20,275,6.3,7.9,32.1,87,29.2,0.01,58998,0,0
12/5/2009 12:30,316,5.3,5.9,32,89,29.2,0.01,58998,0,0
12/5/2009 12:40,310,8.1,8.5,32,90,29.2,0.01,59048,0,0
12/5/2009 12:50,284,10.4,12.1,31.5,90,29.2,0.01,59058,0,0
12/5/2009 13:00,321,14.6,15.7,31.9,91,29.2,0.02,59188,0.49,0.49
12/5/2009 13:10,313,15.6,17.6,31.5,87,29.2,0.04,59748,0.01,0.01
12/5/2009 13:20,330,19.1,20.4,32,84,29.2,0.04,59888,0,0
12/5/2009 13:30,346,18.6,19.3,32,78,29.2,0.04,59888,0,0
12/5/2009 13:40,324,11.5,15,32,75,29.2,0.04,59888,0,0
12/5/2009 13:50,340,10.6,11.6,32,74,29.3,0.04,59888,0,0
12/5/2009 14:00,328,9.7,10.2,31.7,77,29.3,0.04,59888,0,0
12/5/2009 14:10,323,9.8,10.2,31.3,79,29.3,0.04,59888,0,0
12/5/2009 14:20,323,6.5,7.2,31.1,82,29.3,0.04,59888,0,0
12/5/2009 14:30,347,8.5,9.5,31.1,80,29.3,0.04,59888,0,0
12/5/2009 14:40,342,10.2,10.7,31.7,78,29.3,0.04,59888,0,0
12/5/2009 14:50,340,8.8,10.5,31.7,78,29.3,0.04,59888,0,0
12/5/2009 15:00,336,11.4,12,31.5,77,29.3,0.04,59888,0,0
12/5/2009 15:10,345,10.9,11.2,30.8,82,29.3,0.04,59888,0,0
12/5/2009 15:20,358,8.8,11.9,31,81,29.3,0.04,59888,0,0
12/5/2009 15:30,6,9.7,9.9,31.5,78,29.3,0.04,59888,0,0
12/5/2009 15:40,345,9.7,10.6,32,79,29.3,0.04,59888,0,0
12/5/2009 15:50,318,8.3,8.7,32,74,29.3,0.04,59888,0,0
12/5/2009 16:00,347,8.4,9.3,32,74,29.3,0.04,59888,0,0
12/5/2009 16:10,347,8.7,9.5,32.1,74,29.3,0.04,59888,0,0
12/5/2009 16:20,341,9.2,9.7,32.1,74,29.3,0.04,59888,0,0
12/5/2009 16:30,8,9,9.4,32.1,72,29.3,0.04,59888,0,0
12/5/2009 16:40,343,7,7.9,32.3,74,29.3,0.04,59888,0,0
12/5/2009 16:50,318,8.6,10.4,32.9,67,29.3,0.04,59888,0,0
12/5/2009 17:00,308,12.3,15.2,33,64,29.3,0.04,59888,0,0
12/5/2009 17:10,269,16.3,17.6,33,61,29.3,0.04,59888,0,0
12/5/2009 17:20,279,7.5,8.7,32.9,63,29.3,0.04,59888,0,0
12/5/2009 17:30,261,8.1,8.9,32.7,62,29.3,0.04,59888,0,0
12/5/2009 17:40,300,11.5,12.3,32.9,68,29.3,0.04,59888,0,0
12/5/2009 17:50,310,16.2,17.7,31.5,78,29.3,0.04,60108,0,0
12/5/2009 18:00,301,13,14.5,32,76,29.3,0.04,60108,0,0
12/5/2009 18:10,335,9.8,10.8,32.1,74,29.3,0.04,60108,0,0
12/5/2009 18:20,282,12.5,13.4,32.5,74,29.3,0.04,60108,0,0
12/5/2009 18:30,309,10,13.1,32.1,74,29.3,0.04,60118,0,0
12/5/2009 18:40,290,23.2,25.6,32.3,74,29.3,0.04,60118,0,0
12/5/2009 18:50,323,13,18.1,32.1,76,29.3,0.04,60118,0,0
12/5/2009 19:00,301,13.1,14.2,32.3,69,29.3,0.04,60118,0,0
12/5/2009 19:10,294,15.9,17.2,32.1,73,29.3,0.04,60118,0,0
12/5/2009 19:20,290,14.9,18.8,31.9,78,29.3,0.04,60118,0,0
12/5/2009 19:30,289,21.7,25.1,31.9,73,29.3,0.04,60118,0,0
12/5/2009 19:40,310,14.5,17.3,31.3,79,29.3,0.04,60128,0,0
12/5/2009 19:50,301,14.9,17.2,31.5,78,29.3,0.04,60158,0,0
12/5/2009 20:00,307,14.6,15.4,32,74,29.3,0.04,60168,0,0
12/5/2009 20:10,285,10.3,17,32.1,71,29.3,0.04,60168,0,0
12/5/2009 20:20,315,6.1,7.3,30.6,80,29.3,0.04,60168,0,0
12/5/2009 20:30,293,16.5,19.4,31.9,73,29.3,0.04,60168,0,0
12/5/2009 20:40,288,13.3,15,32,71,29.3,0.04,60168,0,0
12/5/2009 20:50,227,7.6,9.9,31.7,77,29.3,0.04,60198,0,0
12/5/2009 21:00,276,9.1,10.9,29.9,81,29.3,0,60208,0,0
12/5/2009 21:10,192,3.8,6.1,29.2,82,29.3,0,60228,0,0
12/5/2009 21:20,188,4.7,6.8,29,79,29.3,0,60298,0,0
12/5/2009 21:30,200,7,9.3,29,77,29.3,0,60368,0,0
12/5/2009 21:40,109,5.3,5.9,28.8,77,29.3,0,60438,0,0
12/5/2009 21:50,216,6.4,7.8,28.6,76,29.3,0,60448,0,0
12/5/2009 22:00,290,4.7,5.7,28.4,75,29.3,0,60448,0,0
12/5/2009 22:10,220,9.7,11,28.4,74,29.3,0,60448,0,0
12/5/2009 22:20,202,6.2,7.5,28.3,74,29.3,0,60448,0,0
12/5/2009 22:30,223,11,11.5,27.9,77,29.3,0,60448,0,0
12/5/2009 22:40,212,7.8,10.4,27.9,77,29.3,0,60448,0,0
12/5/2009 22:50,223,11.5,12.4,27.7,79,29.3,0,60448,0,0
12/5/2009 23:00,219,10.5,11.8,27.7,78,29.3,0,60448,0,0
12/5/2009 23:10,202,9.2,11,27.4,78,29.3,0,60448,0,0
12/5/2009 23:20,250,7.8,9.5,27,80,29.3,0,60448,0,0
12/5/2009 23:30,215,10.3,11.3,27,80,29.3,0,60448,0,0
12/5/2009 23:40,179,5.8,7.6,26.6,81,29.3,0,60578,0,0
12/5/2009 23:50,229,9.7,10.8,26.5,81,29.3,0,60578,0,0
12/6/2009 0:00,218,7.6,9.1,26.3,81,29.3,0,60788,0,0
12/6/2009 0:10,195,4.9,7.2,26.5,81,29.3,0,60788,0,0
12/6/2009 0:20,212,12.1,13.3,26.3,81,29.3,0,60788,0,0
12/6/2009 0:30,210,10.3,11.4,25.7,83,29.3,0,60818,0,0
12/6/2009 0:40,210,11.2,13.3,25.6,84,29.3,0,60888,0,0
12/6/2009 0:50,210,7.9,10.3,25.6,84,29.3,0,60888,0,0
12/6/2009 1:00,113,5.1,5.7,25.6,85,29.3,0,60888,0,0
12/6/2009 1:10,190,5.4,7.6,25.6,83,29.3,0,60888,0,0
12/6/2009 1:20,192,10.5,11.6,25.7,83,29.3,0,60898,0,0
12/6/2009 1:30,182,8.8,10.9,25.7,83,29.3,0,60898,0,0
12/6/2009 1:40,206,9.6,13,25.9,81,29.3,0,60898,0,0
12/6/2009 1:50,193,5.3,8,26.1,80,29.4,0,60898,0,0
12/6/2009 2:00,184,5.1,6.9,26.1,79,29.4,0,60898,0,0
12/6/2009 2:10,221,6.1,6.7,26.6,78,29.4,0,60898,0,0
12/6/2009 2:20,184,5,7,26.6,77,29.4,0,60898,0,0
12/6/2009 2:30,196,9.1,11.1,26.8,76,29.4,0,60898,0,0
12/6/2009 2:40,149,5.5,6.8,26.8,77,29.4,0,60898,0,0
12/6/2009 2:50,220,7.8,9.1,27,77,29.4,0,60898,0,0
12/6/2009 3:00,183,4.5,5.1,27.2,77,29.4,0,60898,0,0
12/6/2009 3:10,141,5.5,7.3,27.2,77,29.4,0,60898,0,0
12/6/2009 3:20,146,5.4,6.4,27.4,77,29.4,0,60898,0,0
12/6/2009 3:30,153,6,7.8,27.5,76,29.4,0,60898,0,0
12/6/2009 3:40,192,5.3,7.2,27.5,77,29.4,0,60898,0,0
12/6/2009 3:50,123,7.2,8.2,27.5,77,29.4,0,60898,0,0
12/6/2009 4:00,159,5,5.9,27.7,77,29.4,0,60898,0,0
12/6/2009 4:10,180,4.6,5.5,27.7,76,29.4,0,60898,0,0
12/6/2009 4:20,228,7.9,9.9,27.9,76,29.4,0,60898,0,0
12/6/2009 4:30,149,5.1,5.7,28.1,76,29.4,0,60898,0,0
12/6/2009 4:40,122,5.3,6.1,27.9,76,29.4,0,60898,0,0
12/6/2009 4:50,173,4.6,5.6,28.1,75,29.4,0,60898,0,0
12/6/2009 5:00,200,5.6,6.3,28.1,74,29.4,0,60898,0,0
12/6/2009 5:10,9,4.6,5.7,28.1,75,29.4,0,60898,0,0
12/6/2009 5:20,167,5.5,7.4,28.1,75,29.4,0,60898,0,0
12/6/2009 5:30,167,4.9,6.2,27.7,76,29.4,0,60898,0,0
12/6/2009 5:40,159,6.9,10.1,27.9,75,29.4,0,60898,0,0
12/6/2009 5:50,139,5.9,7,27.7,76,29.4,0,60898,0,0
12/6/2009 6:00,210,8.9,10.6,27.7,75,29.4,0,60898,0,0
12/6/2009 6:10,188,11,11.5,27.7,75,29.4,0,60898,0,0
12/6/2009 6:20,187,6.3,7.7,27.7,75,29.4,0,60898,0,0
12/6/2009 6:30,71,5.6,6.3,27.7,75,29.4,0,60898,0,0
12/6/2009 6:40,204,7.6,8.9,27.7,75,29.4,0,60898,0,0
12/6/2009 6:50,178,5.8,9.3,27.7,75,29.4,0,60898,0,0
12/6/2009 7:00,153,7.4,9.2,27.7,74,29.5,0,60898,0,0
12/6/2009 7:10,200,6.2,7.1,27.7,74,29.5,0,60898,0,0
12/6/2009 7:20,192,11.1,11.9,27.9,73,29.5,0,60898,0,0
12/6/2009 7:30,145,5.7,7.2,27.9,74,29.5,0,60898,0,0
12/6/2009 7:40,213,7.4,9.5,28.1,73,29.5,0,60898,0,0
12/6/2009 7:50,176,6.5,7.5,28.4,72,29.5,0,60898,0,0
12/6/2009 8:00,173,10.5,11.6,28.4,72,29.5,0,60898,0,0
12/6/2009 8:10,188,10.7,12.5,28.4,71,29.5,0,60898,0,0
12/6/2009 8:20,196,12.6,14.3,28.8,70,29.5,0,60898,0,0
12/6/2009 8:30,180,13.8,15,29,70,29.5,0,60898,0,0
12/6/2009 8:40,182,11.1,11.9,29.2,70,29.5,0,60898,0,0
12/6/2009 8:50,175,7.5,9,29.5,70,29.5,0,60898,0,0
12/6/2009 9:00,217,11,12.4,29.5,69,29.5,0,60898,0,0
12/6/2009 9:10,191,12.6,14.2,29.9,69,29.5,0,60898,0,0
12/6/2009 9:20,213,15.5,17.6,30.2,68,29.5,0,60898,0,0
12/6/2009 9:30,182,8.2,9.9,30.8,68,29.5,0,60898,0,0
12/6/2009 9:40,155,5.3,6.2,30.8,67,29.4,0,60898,0,0
12/6/2009 9:50,188,5.1,5.9,31.7,66,29.4,0,60898,0,0
12/6/2009 10:00,205,7.1,9,31.1,66,29.4,0,60898,0,0
12/6/2009 10:10,173,4.9,6.1,31.3,66,29.4,0,60898,0,0
12/6/2009 10:20,191,11.1,12.1,31.9,65,29.4,0,60898,0,0
12/6/2009 10:30,220,11.3,12.9,32,64,29.4,0,60898,0,0
12/6/2009 10:40,201,11.6,12.7,31.7,65,29.4,0,60898,0,0
12/6/2009 10:50,206,12.7,14.5,31.9,64,29.4,0,60898,0,0
12/6/2009 11:00,219,9.8,12.9,32.1,64,29.4,0,60898,0,0
12/6/2009 11:10,189,8.5,9.9,32.1,63,29.4,0,60898,0,0
12/6/2009 11:20,186,7.7,8.8,32.1,64,29.4,0,60898,0,0
12/6/2009 11:30,169,4.7,6.7,32.5,64,29.4,0,60898,0,0
12/6/2009 11:40,216,8.9,10.8,32.7,63,29.4,0,60898,0,0
12/6/2009 11:50,222,7.7,8.7,32.3,62,29.4,0,60898,0,0
12/6/2009 12:00,207,8.3,10.5,32.5,61,29.4,0,60898,0,0
12/6/2009 12:10,210,14.7,15.8,32.7,61,29.4,0,60898,0,0
12/6/2009 12:20,203,10.8,12.6,32.7,61,29.4,0,60898,0,0
12/6/2009 12:30,200,9.2,10.5,33,61,29.4,0,60898,0,0
12/6/2009 12:40,209,6.7,9.7,32.9,61,29.4,0,60898,0,0
12/6/2009 12:50,196,9.1,13.6,33,60,29.4,0,60898,0,0
12/6/2009 13:00,204,9.9,11.4,33,59,29.4,0,60898,0,0
12/6/2009 13:10,193,13.5,14.5,33.4,58,29.4,0,60898,0,0
12/6/2009 13:20,208,6.9,8.8,33.4,58,29.4,0,60898,0,0
12/6/2009 13:30,176,8.4,10.7,33.9,58,29.4,0,60898,0,0
12/6/2009 13:40,177,8.9,10.2,33.8,57,29.4,0,60898,0,0
12/6/2009 13:50,206,8.1,9,33.8,56,29.4,0,60898,0,0
12/6/2009 14:00,173,9.8,10.8,33.6,56,29.4,0,60898,0,0
12/6/2009 14:10,137,5,5.6,33.4,57,29.4,0,60898,0,0
12/6/2009 14:20,166,4.8,6.4,33.2,57,29.4,0,60898,0,0
12/6/2009 14:30,145,4.4,5.2,32.7,58,29.4,0,60898,0,0
12/6/2009 14:40,209,5.3,6.3,32.5,58,29.4,0,60898,0,0
12/6/2009 14:50,142,4.1,5.2,32.3,59,29.4,0,60898,0,0
12/6/2009 15:00,186,2.9,3.9,32,59,29.4,0,60898,0,0
12/6/2009 15:10,194,3.3,3.5,32,59,29.4,0,60898,0,0
12/6/2009 15:20,156,4.2,5.5,31.9,60,29.4,0,60898,0,0
12/6/2009 15:30,160,3.7,4.4,31.7,60,29.4,0,60898,0,0
12/6/2009 15:40,169,4.2,5.2,31.5,60,29.4,0,60898,0,0
12/6/2009 15:50,147,4.5,6.1,31.5,61,29.4,0,60898,0,0
12/6/2009 16:00,174,4.5,5,31.3,61,29.4,0,60898,0,0
12/6/2009 16:10,148,7.5,8.7,31.3,61,29.4,0,60898,0,0
12/6/2009 16:20,130,6.6,8.3,31.3,61,29.4,0,60898,0,0
12/6/2009 16:30,176,10,10.8,31.1,61,29.4,0,60898,0,0
12/6/2009 16:40,178,8.3,9.2,31,61,29.4,0,60898,0,0
12/6/2009 16:50,165,8,8.6,31,61,29.4,0,60898,0,0
12/6/2009 17:00,174,5.7,7.6,31,61,29.4,0,60898,0,0
12/6/2009 17:10,153,5,6.2,31,61,29.4,0,60898,0,0
12/6/2009 17:20,168,9.3,10.9,31.1,61,29.4,0,60898,0,0
12/6/2009 17:30,170,7.9,10.1,31.1,60,29.4,0,60898,0,0
12/6/2009 17:40,201,13,15.6,31.3,60,29.4,0,60898,0,0
12/6/2009 17:50,187,7.5,11.4,31.3,60,29.4,0,60898,0,0
12/6/2009 18:00,189,7.5,10.8,31.3,60,29.5,0,60898,0,0
12/6/2009 18:10,200,6.8,9.5,31.3,60,29.5,0,60898,0,0
12/6/2009 18:20,178,12,12.9,31.3,59,29.4,0,60898,0,0
12/6/2009 18:30,174,11.1,13.5,31.1,59,29.4,0,60898,0,0
12/6/2009 18:40,161,8.7,11.9,31.1,59,29.4,0,60898,0,0
12/6/2009 18:50,143,11.6,12.7,31,59,29.4,0,60898,0,0
12/6/2009 19:00,177,13,14.3,31,59,29.4,0,60898,0,0
12/6/2009 19:10,162,10.6,12.4,30.8,59,29.4,0,60898,0,0
12/6/2009 19:20,177,10.6,12.3,30.8,59,29.4,0,60898,0,0
12/6/2009 19:30,182,9.1,10.6,30.8,59,29.4,0,60898,0,0
12/6/2009 19:40,184,11.9,12.9,30.4,59,29.4,0,60898,0,0
12/6/2009 19:50,90,6.1,7.5,30.4,60,29.4,0,60898,0,0
12/6/2009 20:00,150,7.4,10.9,30.2,60,29.4,0,60898,0,0
12/6/2009 20:10,149,12.5,14.2,30.1,60,29.4,0,60898,0,0
12/6/2009 20:20,155,9.6,12.1,29.9,61,29.4,0,60898,0,0
12/6/2009 20:30,161,8.9,11,29.7,61,29.4,0,60898,0,0
12/6/2009 20:40,153,9,11.5,29.7,62,29.4,0,60898,0,0
12/6/2009 20:50,127,8.2,8.8,29.7,62,29.4,0,60898,0,0
12/6/2009 21:00,149,11.4,12.3,29.5,61,29.4,0,60898,0,0
12/6/2009 21:10,163,8.8,10.2,29.7,61,29.4,0,60898,0,0
12/6/2009 21:20,153,8.9,10.2,29.5,62,29.4,0,60898,0,0
12/6/2009 21:30,116,8.9,12.5,29.5,62,29.4,0,60898,0,0
12/6/2009 21:40,145,12.3,14.6,29.3,63,29.4,0,60898,0,0
12/6/2009 21:50,154,11.2,13.1,29.2,63,29.4,0,60898,0,0
12/6/2009 22:00,161,11.9,13.3,29.2,63,29.4,0,60898,0,0
12/6/2009 22:10,129,11.9,12.7,29.2,63,29.4,0,60898,0,0
12/6/2009 22:20,130,13.2,13.8,29.3,63,29.4,0,60898,0,0
12/6/2009 22:30,120,10.7,12.4,29.3,63,29.4,0,60898,0,0
12/6/2009 22:40,134,13.7,15.2,29.3,62,29.4,0,60898,0,0
12/6/2009 22:50,129,13.5,15.7,29.3,63,29.4,0,60898,0,0
12/6/2009 23:00,115,10.1,11.1,29.2,63,29.4,0,60898,0,0
12/6/2009 23:10,116,12.2,14.7,29,63,29.4,0,60898,0,0
12/6/2009 23:20,146,14,15.1,29,64,29.4,0,60898,0,0
12/6/2009 23:30,145,14,14.6,29,64,29.4,0,60898,0,0
12/6/2009 23:40,136,13.4,15.4,28.8,64,29.4,0,60898,0,0
12/6/2009 23:50,132,11.2,15.3,28.6,65,29.4,0,60898,0,0
12/7/2009 0:00,137,16.7,18.3,28.6,65,29.4,0,60898,0,0
12/7/2009 0:10,135,15.6,17.7,28.4,65,29.4,0,60898,0,0
12/7/2009 0:20,132,15.3,16.6,28.4,64,29.4,0,60898,0,0
12/7/2009 0:30,130,14.3,16.3,28.4,64,29.4,0,60898,0,0
12/7/2009 0:40,150,14.8,15.5,28.4,65,29.4,0,60898,0,0
12/7/2009 0:50,116,5.9,7.5,28.3,66,29.4,0,60898,0,0
12/7/2009 1:00,131,4.2,4.9,27.7,67,29.4,0,60898,0,0
12/7/2009 1:10,96,6.9,7.9,27.7,68,29.4,0,60898,0,0
12/7/2009 1:20,105,4.6,5.7,27.7,67,29.4,0,60898,0,0
12/7/2009 1:30,110,7.1,7.7,27.5,68,29.4,0,60898,0,0
12/7/2009 1:40,113,5.2,5.9,27.4,68,29.4,0,60898,0,0
12/7/2009 1:50,131,13.7,14.8,27.2,69,29.4,0,60898,0,0
12/7/2009 2:00,123,12.2,12.8,27.5,68,29.4,0,60898,0,0
12/7/2009 2:10,113,9.8,11.1,27.2,68,29.4,0,60898,0,0
12/7/2009 2:20,107,9.9,10.3,27.2,68,29.4,0,60898,0,0
12/7/2009 2:30,95,8.5,9.4,27,69,29.4,0,60898,0,0
12/7/2009 2:40,104,7.7,8,27.2,69,29.4,0,60898,0,0
12/7/2009 2:50,62,2.5,3.9,27.2,69,29.4,0,60898,0,0
12/7/2009 3:00,77,4,5,27.2,70,29.4,0,60898,0,0
12/7/2009 3:10,86,4.4,5.1,27.2,69,29.4,0,60898,0,0
12/7/2009 3:20,89,7.5,9.3,27,70,29.4,0,60898,0,0
12/7/2009 3:30,90,7.3,8.5,27.2,70,29.4,0,60898,0,0
12/7/2009 3:40,88,5.4,6.6,27.2,69,29.3,0,60898,0,0
12/7/2009 3:50,89,6.9,8.4,27.2,70,29.3,0,60898,0,0
12/7/2009 4:00,50,4.9,5.9,27,70,29.3,0,60898,0,0
12/7/2009 4:10,98,3.6,4.6,27.2,72,29.4,0,60898,0,0
12/7/2009 4:20,97,4.9,6,29,68,29.4,0,60898,0,0
12/7/2009 4:30,331,3.3,4.3,28.3,67,29.4,0,60898,0,0
12/7/2009 4:40,53,4.9,6.3,28.6,69,29.4,0,60898,0,0
12/7/2009 4:50,85,4,4.8,28.3,68,29.3,0,60898,0,0
12/7/2009 5:00,274,3.3,4.2,27.7,69,29.3,0,60898,0,0
12/7/2009 5:10,95,4.5,5.6,28.8,68,29.3,0,60898,0,0
12/7/2009 5:20,60,1.2,2.2,28.1,68,29.3,0,60898,0,0
12/7/2009 5:30,270,2.6,3.2,28.3,68,29.3,0,60898,0,0
12/7/2009 5:40,292,3.1,3.6,27.5,69,29.3,0,60898,0,0
12/7/2009 5:50,115,4.3,4.9,28.8,68,29.3,0,60898,0,0
12/7/2009 6:00,127,4.7,5.2,29,66,29.3,0,60898,0,0
12/7/2009 6:10,116,4.6,5,28.3,67,29.3,0,60898,0,0
12/7/2009 6:20,101,5.8,7.4,28.6,68,29.3,0,60898,0,0
12/7/2009 6:30,134,6.4,7.6,28.8,67,29.3,0,60898,0,0
12/7/2009 6:40,138,5.5,6.5,28.8,67,29.3,0,60898,0,0
12/7/2009 6:50,122,7,8.4,29,67,29.3,0,60898,0,0
12/7/2009 7:00,93,5.3,7.9,29.2,67,29.3,0,60898,0,0
12/7/2009 7:10,126,7.4,8.3,29,67,29.3,0,60898,0,0
12/7/2009 7:20,132,9.5,10.3,29.3,66,29.3,0,60898,0,0
12/7/2009 7:30,133,6.8,7.7,29.7,65,29.3,0,60898,0,0
12/7/2009 7:40,129,6.8,7.4,29.9,64,29.3,0,60898,0,0
12/7/2009 7:50,137,8.3,10.1,30.1,63,29.3,0,60898,0,0
12/7/2009 8:00,135,8.6,10.7,30.6,61,29.3,0,60898,0,0
12/7/2009 8:10,147,14.6,17.3,30.8,61,29.3,0,60898,0,0
12/7/2009 8:20,156,7.7,9.7,30.8,61,29.3,0,60898,0,0
12/7/2009 8:30,139,6.5,8.4,31,61,29.3,0,60898,0,0
12/7/2009 8:40,136,6,8.5,31,61,29.3,0,60898,0,0
12/7/2009 8:50,121,5.6,6.4,31.1,61,29.3,0,60898,0,0
12/7/2009 9:00,229,4,5.5,31.5,61,29.3,0,60898,0,0
12/7/2009 9:10,233,6.6,8.7,31.5,60,29.3,0,60898,0,0
12/7/2009 9:20,150,5,6.1,31.3,60,29.3,0,60898,0,0
12/7/2009 9:30,227,6.7,7.1,30.1,68,29.3,0,60898,0,0
12/7/2009 9:40,267,3.7,4,30.1,71,29.3,0,60898,0,0
12/7/2009 9:50,232,5.1,5.8,29.9,76,29.3,0,60898,0,0
12/7/2009 10:00,261,6.5,7.7,29.7,76,29.3,0,60898,0,0
12/7/2009 10:10,268,2.9,3.8,29.7,77,29.3,0,60898,0,0
12/7/2009 10:20,257,6.3,6.7,29.7,78,29.3,0,60898,0,0
12/7/2009 10:30,267,5.5,6.1,30.1,75,29.3,0,60898,0,0
12/7/2009 10:40,247,4.9,5.5,30.6,75,29.3,0,60898,0,0
12/7/2009 10:50,211,7.1,9.1,30.4,73,29.3,0,60898,0,0
12/7/2009 11:00,157,3.7,4.5,30.8,70,29.3,0,60898,0,0
12/7/2009 11:10,203,7.8,9.4,30.4,72,29.3,0,60898,0,0
12/7/2009 11:20,182,4.7,5.3,30.8,72,29.3,0,60898,0,0
12/7/2009 11:30,192,4.6,7.4,31,71,29.2,0,60898,0,0
12/7/2009 11:40,229,7,7.5,31,72,29.2,0,60898,0,0
12/7/2009 11:50,91,4.6,5.4,31,72,29.2,0,60898,0,0
12/7/2009 12:00,108,5.1,6.1,31.1,72,29.3,0,60898,0,0
12/7/2009 12:10,227,10.5,11,31.3,71,29.3,0,60898,0,0
12/7/2009 12:20,222,11.7,12.2,31.5,71,29.3,0,60898,0,0
12/7/2009 12:30,160,6.3,8.6,31.9,71,29.3,0,60898,0,0
12/7/2009 12:40,242,10.5,12.8,32,72,29.3,0,60898,0,0
12/7/2009 12:50,179,5.3,5.9,31.7,75,29.3,0,60898,0,0
12/7/2009 13:00,245,9.7,11.3,31.7,75,29.3,0,60898,0,0
12/7/2009 13:10,202,6.2,7.7,31.7,76,29.3,0,60898,0,0
12/7/2009 13:20,164,4.6,5.7,31.7,76,29.3,0,60898,0,0
12/7/2009 13:30,214,10,11.5,31.7,77,29.3,0,60898,0,0
12/7/2009 13:40,203,12.5,13.8,31.7,79,29.3,0,60898,0,0
12/7/2009 13:50,215,8.6,10.9,31.5,81,29.3,0,60898,0,0
12/7/2009 14:00,161,5,5.7,31.5,81,29.3,0,60898,0,0
12/7/2009 14:10,184,6.4,8.2,31.7,80,29.3,0,60898,0,0
12/7/2009 14:20,173,6.2,8.2,31.7,79,29.3,0,60898,0,0
12/7/2009 14:30,189,3.7,5,31.9,78,29.3,0,60898,0,0
12/7/2009 14:40,190,4.6,7.2,31.9,78,29.3,0,60898,0,0
12/7/2009 14:50,213,12.5,14,31.9,77,29.3,0,60898,0,0
12/7/2009 15:00,194,9.3,13.6,31.9,78,29.3,0,60898,0,0
12/7/2009 15:10,207,14.2,17.2,31.7,79,29.3,0,60898,0,0
12/7/2009 15:20,202,7.7,11.9,31.7,81,29.3,0,60898,0,0
12/7/2009 15:30,215,10.5,12.4,31.5,82,29.3,0,60898,0,0
12/7/2009 15:40,200,7.1,9,31.1,88,29.3,0,60898,0,0
12/7/2009 15:50,212,6.8,9,30.8,90,29.3,0,60908,0,0
12/7/2009 16:00,197,6,7.7,30.8,92,29.3,0,60908,0,0
12/7/2009 16:10,230,12.1,13.1,30.6,94,29.3,0,60908,0,0
12/7/2009 16:20,230,10.1,10.5,30.6,94,29.3,0,60928,0,0
12/7/2009 16:30,222,6.3,7.8,30.6,95,29.3,0,60958,0,0
12/7/2009 16:40,216,11.6,13.1,30.6,96,29.3,0,60958,0,0
12/7/2009 16:50,247,8.1,9.3,30.4,96,29.3,0,60958,0,0
12/7/2009 17:00,230,10.9,11.9,30.4,96,29.3,0,60988,0,0
12/7/2009 17:10,219,9.7,10.8,30.6,96,29.3,0,61028,0,0
12/7/2009 17:20,306,5.2,6.7,30.6,97,29.3,0,61078,0,0
12/7/2009 17:30,216,12.3,14.1,30.6,97,29.3,0.01,61348,0.03,0.03
12/7/2009 17:40,218,16.3,17.8,30.6,97,29.3,0.01,61538,0,0
12/7/2009 17:50,208,9.1,11.2,30.8,97,29.3,0.01,61718,0,0
12/7/2009 18:00,194,7.7,9.5,30.8,96,29.3,0.01,61838,0.01,0.01
12/7/2009 18:10,242,15.8,17.2,31,96,29.3,0.02,62378,0.06,0.06
12/7/2009 18:20,223,14.2,15.1,31.1,96,29.3,0.02,62858,0.02,0.02
12/7/2009 18:30,217,9.4,10.9,31.3,95,29.3,0.03,63458,0.06,0.06
12/7/2009 18:40,211,14.9,16.9,31.3,96,29.3,0.03,63988,0.01,0.01
12/7/2009 18:50,165,5.3,7.5,31.3,96,29.4,0.04,64378,0,0
12/7/2009 19:00,252,6.5,7.1,31.9,97,29.4,0.04,64498,0,0
12/7/2009 19:10,221,8,8.7,31.3,96,29.4,0.04,64528,0,0
12/7/2009 19:20,323,4.8,6.5,31.9,97,29.4,0.04,64528,0,0
12/7/2009 19:30,25,4.2,5.2,32.1,93,29.4,0.04,64528,0,0
12/7/2009 19:40,243,4.1,5.1,31.9,94,29.4,0.04,64528,0,0
12/7/2009 19:50,301,4.7,5.1,31.7,94,29.4,0.04,64528,0,0
12/7/2009 20:00,273,5.4,5.7,31.9,93,29.4,0.04,64528,0,0
12/7/2009 20:10,235,10.6,11.2,32,91,29.4,0.04,64528,0,0
12/7/2009 20:20,239,8.3,10,32,91,29.4,0.04,64528,0,0
12/7/2009 20:30,269,5.8,7.1,31.7,92,29.4,0.04,64528,0,0
12/7/2009 20:40,300,14,16.5,33.2,83,29.4,0.04,64548,0,0
12/7/2009 20:50,298,9.2,10.3,33.9,79,29.4,0.04,64548,0,0
12/7/2009 21:00,286,10,12.2,34.7,77,29.4,0,64548,0,0
12/7/2009 21:10,7,10.6,12.7,34.7,76,29.4,0,64548,0,0
12/7/2009 21:20,299,14.1,15.3,35,74,29.4,0,64548,0,0
12/7/2009 21:30,301,6.6,7.8,34.8,74,29.4,0,64548,0,0
12/7/2009 21:40,333,4,4.6,34.5,76,29.4,0,64548,0,0
12/7/2009 21:50,224,10,10.9,32.7,84,29.4,0,64548,0,0
12/7/2009 22:00,194,5.2,7,32.1,87,29.4,0,64548,0,0
12/7/2009 22:10,131,4.3,5.3,32.5,86,29.4,0,64548,0,0
12/7/2009 22:20,190,5.4,7.2,32.5,84,29.4,0,64548,0,0
12/7/2009 22:30,143,5.5,6.3,32.3,86,29.4,0,64548,0,0
12/7/2009 22:40,212,6.3,8.9,32.3,85,29.4,0,64548,0,0
12/7/2009 22:50,174,3.8,5.4,32.5,85,29.4,0,64548,0,0
12/7/2009 23:00,264,4.9,5.4,32.3,85,29.4,0,64548,0,0
12/7/2009 23:10,213,6.8,8.3,32.3,85,29.4,0,64548,0,0
12/7/2009 23:20,223,9.6,11.2,32.1,86,29.4,0,64548,0,0
12/7/2009 23:30,226,7.1,8.3,32.3,85,29.4,0,64548,0,0
12/7/2009 23:40,355,2.7,3.6,32.5,84,29.4,0,64548,0,0
12/7/2009 23:50,256,3.9,4.8,32.3,85,29.4,0,64548,0,0
12/8/2009 0:00,94,5.3,7,32.7,84,29.4,0,64548,0,0
12/8/2009 0:10,210,6.5,8.2,32.7,83,29.4,0,64548,0,0
12/8/2009 0:20,279,3.6,6.1,32.5,84,29.4,0,64548,0,0
12/8/2009 0:30,226,5.6,7.4,32.5,84,29.4,0,64548,0,0
12/8/2009 0:40,303,4.4,5,32.5,83,29.4,0,64548,0,0
12/8/2009 0:50,289,12.1,16.1,35.4,67,29.4,0,64548,0,0
12/8/2009 1:00,293,17.3,18.9,35.9,66,29.4,0,64548,0,0
12/8/2009 1:10,299,14.4,15.8,35.9,63,29.4,0,64548,0,0
12/8/2009 1:20,299,17.2,18.4,35.7,64,29.4,0,64548,0,0
12/8/2009 1:30,302,17.1,19.6,35.7,66,29.4,0,64548,0,0
12/8/2009 1:40,310,16.5,18.2,35.7,61,29.4,0,64548,0,0
12/8/2009 1:50,315,18.9,20.6,35.7,64,29.4,0,64548,0,0
12/8/2009 2:00,317,19.3,20.6,35.6,64,29.4,0,64548,0,0
12/8/2009 2:10,324,13.8,15.3,35.6,65,29.4,0,64548,0,0
12/8/2009 2:20,324,14.1,14.8,35.4,65,29.4,0,64548,0,0
12/8/2009 2:30,320,15.2,17.4,35.4,64,29.4,0,64548,0,0
12/8/2009 2:40,337,12.7,15.4,35.2,64,29.4,0,64548,0,0
12/8/2009 2:50,333,15.5,16.5,35,64,29.4,0,64548,0,0
12/8/2009 3:00,314,15.5,16.8,35,62,29.4,0,64548,0,0
12/8/2009 3:10,301,15.1,15.9,35,64,29.4,0,64548,0,0
12/8/2009 3:20,320,14.2,15.7,35,63,29.5,0,64548,0,0
12/8/2009 3:30,307,6.3,7.9,35,61,29.5,0,64548,0,0
12/8/2009 3:40,299,9.8,10.8,35,63,29.5,0,64548,0,0
12/8/2009 3:50,307,11.3,13,35,63,29.5,0,64548,0,0
12/8/2009 4:00,359,6.5,8.5,35,63,29.5,0,64548,0,0
12/8/2009 4:10,324,9.5,10.5,35,62,29.5,0,64548,0,0
12/8/2009 4:20,321,10.6,11.3,35.2,63,29.5,0,64548,0,0
12/8/2009 4:30,314,4,5.7,35,61,29.5,0,64548,0,0
12/8/2009 4:40,109,3.6,5,33.4,74,29.5,0,64548,0,0
12/8/2009 4:50,146,8.4,9.1,32.9,78,29.5,0,64548,0,0
12/8/2009 5:00,153,7.7,9.1,32.7,79,29.5,0,64548,0,0
12/8/2009 5:10,117,7,9,32.5,80,29.5,0,64548,0,0
12/8/2009 5:20,115,7.1,7.6,32.3,81,29.5,0,64548,0,0
12/8/2009 5:30,116,5.7,6.3,32.5,81,29.5,0,64548,0,0
12/8/2009 5:40,132,8.4,9.3,32.5,81,29.5,0,64548,0,0
12/8/2009 5:50,155,7.7,9.6,32.5,80,29.5,0,64548,0,0
12/8/2009 6:00,139,7.5,8.2,32.5,81,29.5,0,64548,0,0
12/8/2009 6:10,102,5.7,7.2,32.5,81,29.5,0,64548,0,0
12/8/2009 6:20,143,9.5,11.3,32.5,80,29.5,0,64548,0,0
12/8/2009 6:30,126,7.5,9.5,32.5,80,29.5,0,64548,0,0
12/8/2009 6:40,134,8.5,9.9,32.7,80,29.5,0,64548,0,0
12/8/2009 6:50,129,9.2,11.4,32.7,79,29.5,0,64548,0,0
12/8/2009 7:00,177,5.4,6.8,32.9,80,29.5,0,64548,0,0
12/8/2009 7:10,111,9.5,10.1,33,79,29.5,0,64548,0,0
12/8/2009 7:20,121,13.1,13.9,32.9,79,29.5,0,64548,0,0
12/8/2009 7:30,113,11.4,12.9,33,79,29.5,0,64548,0,0
12/8/2009 7:40,148,6.9,8.5,33.4,78,29.5,0,64548,0,0
12/8/2009 7:50,277,3.3,3.8,33.4,78,29.5,0,64548,0,0
12/8/2009 8:00,139,7.5,8.3,33.9,76,29.5,0,64548,0,0
12/8/2009 8:10,133,5.6,6.7,34.3,76,29.5,0,64548,0,0
12/8/2009 8:20,133,6.5,8,34.3,75,29.5,0,64548,0,0
12/8/2009 8:30,159,8.8,10,34.5,74,29.5,0,64548,0,0
12/8/2009 8:40,137,8.7,10.3,34.7,73,29.5,0,64548,0,0
12/8/2009 8:50,157,5,6,35,73,29.5,0,64548,0,0
12/8/2009 9:00,102,4.7,6.2,35,73,29.5,0,64548,0,0
12/8/2009 9:10,198,5.3,6.1,35,73,29.5,0,64548,0,0
12/8/2009 9:20,170,10,11,35,72,29.5,0,64548,0,0
12/8/2009 9:30,154,5.4,6.2,35.2,72,29.5,0,64548,0,0
12/8/2009 9:40,151,9.4,10.5,35.2,71,29.5,0,64548,0,0
12/8/2009 9:50,219,2.9,3.2,35.4,72,29.4,0,64548,0,0
12/8/2009 10:00,152,5.8,7.8,35.6,71,29.4,0,64548,0,0
12/8/2009 10:10,97,6.6,7.6,35.7,69,29.4,0,64548,0,0
12/8/2009 10:20,144,11.9,13.4,35.6,65,29.4,0,64548,0,0
12/8/2009 10:30,164,3.5,4.2,35.6,65,29.4,0,64548,0,0
12/8/2009 10:40,151,7.9,8.6,35.7,65,29.4,0,64548,0,0
12/8/2009 10:50,139,5.1,8.9,35.6,62,29.4,0,64548,0,0
12/8/2009 11:00,138,10.2,10.9,35.6,62,29.4,0,64548,0,0
12/8/2009 11:10,118,8.1,9.5,35.6,62,29.4,0,64548,0,0
12/8/2009 11:20,114,7.6,8.2,35.6,62,29.4,0,64548,0,0
12/8/2009 11:30,101,5.2,6.3,35.4,62,29.4,0,64548,0,0
12/8/2009 11:40,112,7.5,8.8,35.6,61,29.4,0,64548,0,0
12/8/2009 11:50,134,5.3,7,35.6,62,29.4,0,64548,0,0
12/8/2009 12:00,120,10.5,11.3,35.6,61,29.4,0,64548,0,0
12/8/2009 12:10,103,5.6,6.5,35.4,62,29.4,0,64548,0,0
12/8/2009 12:20,114,7.2,8.7,35.6,62,29.3,0,64548,0,0
12/8/2009 12:30,122,6.2,7.7,35.6,62,29.3,0,64548,0,0
12/8/2009 12:40,98,9,12.3,35.6,62,29.3,0,64548,0,0
12/8/2009 12:50,87,9.1,9.6,35.4,62,29.3,0,64548,0,0
12/8/2009 13:00,96,8.7,9.6,35.4,62,29.3,0,64548,0,0
12/8/2009 13:10,117,15,16.6,35.4,62,29.3,0,64548,0,0
12/8/2009 13:20,81,6.3,9.3,35.4,62,29.3,0,64548,0,0
12/8/2009 13:30,125,6.9,7.7,35.4,63,29.3,0,64548,0,0
12/8/2009 13:40,112,13.1,14.3,35.4,62,29.3,0,64548,0,0
12/8/2009 13:50,100,9.2,9.7,35.4,63,29.3,0,64548,0,0
12/8/2009 14:00,96,13.3,14.6,35.2,63,29.3,0,64548,0,0
12/8/2009 14:10,103,8.9,9.5,35.4,63,29.3,0,64548,0,0
12/8/2009 14:20,82,4.8,5.9,35.2,63,29.3,0,64548,0,0
12/8/2009 14:30,88,7.8,9.1,35.2,63,29.3,0,64548,0,0
12/8/2009 14:40,92,6.3,7.6,35.2,64,29.3,0,64548,0,0
12/8/2009 14:50,76,6,6.5,35.2,63,29.3,0,64548,0,0
12/8/2009 15:00,61,5.3,6.9,35,64,29.3,0,64548,0,0
12/8/2009 15:10,61,2.6,3.2,35,64,29.3,0,64548,0,0
12/8/2009 15:20,76,7.6,8.2,35.2,63,29.3,0,64548,0,0
12/8/2009 15:30,72,6.5,7.1,35.2,63,29.3,0,64548,0,0
12/8/2009 15:40,63,9.3,9.8,35.2,63,29.3,0,64548,0,0
12/8/2009 15:50,70,11.9,13.2,35.2,64,29.2,0,64548,0,0
12/8/2009 16:00,86,6.5,7.3,35,64,29.2,0,64548,0,0
12/8/2009 16:10,76,12.4,14.7,34.8,64,29.2,0,64548,0,0
12/8/2009 16:20,77,11.2,14.9,34.8,65,29.2,0,64548,0,0
12/8/2009 16:30,71,11.3,12.5,34.7,65,29.2,0,64548,0,0
12/8/2009 16:40,57,10.1,10.5,34.7,66,29.2,0,64548,0,0
12/8/2009 16:50,116,3.9,5.7,34.7,67,29.2,0,64548,0,0
12/8/2009 17:00,93,11.4,13.4,34.8,67,29.2,0,64548,0,0
12/8/2009 17:10,81,8.8,10.6,34.8,66,29.2,0,64548,0,0
12/8/2009 17:20,74,5.5,6,35,67,29.2,0,64548,0,0
12/8/2009 17:30,71,5.9,6.3,35,66,29.2,0,64548,0,0
12/8/2009 17:40,105,9.4,10.7,35.4,65,29.2,0,64548,0,0
12/8/2009 17:50,95,10,11.5,35.9,63,29.2,0,64548,0,0
12/8/2009 18:00,88,8.4,9.1,36.1,62,29.2,0,64548,0,0
12/8/2009 18:10,101,5.9,7.4,36.5,62,29.1,0,64548,0,0
12/8/2009 18:20,73,9.9,10.4,36.6,61,29.1,0,64548,0,0
12/8/2009 18:30,93,12.9,15.1,36.8,60,29.1,0,64548,0,0
12/8/2009 18:40,111,6,10.3,37,60,29.1,0,64548,0,0
12/8/2009 18:50,111,10.8,12,37.2,59,29.1,0,64548,0,0
12/8/2009 19:00,88,9.8,11.3,37.4,59,29.1,0,64548,0,0
12/8/2009 19:10,108,8.4,9.5,37.4,59,29.1,0,64548,0,0
12/8/2009 19:20,129,15,16.3,37.5,58,29.1,0,64548,0,0
12/8/2009 19:30,116,8.8,11,37.9,58,29.1,0,64548,0,0
12/8/2009 19:40,131,19.1,20.2,37.9,58,29.1,0,64548,0,0
12/8/2009 19:50,126,22.1,23,37.9,58,29,0,64548,0,0
12/8/2009 20:00,147,14.3,15.7,38.1,59,29,0,64548,0,0
12/8/2009 20:10,117,14.3,18.9,38.1,60,29,0,64578,0,0
12/8/2009 20:20,121,14.4,15.9,37.5,66,29,0,64878,0.02,0.02
12/8/2009 20:30,129,15.6,16.4,36.6,74,29,0.01,65468,0.03,0.03
12/8/2009 20:40,133,16.6,17.8,36.3,78,29,0.01,442,0.01,0.01
12/8/2009 20:50,105,8.4,11.9,35.9,81,29,0.01,842,0.01,0.01
12/8/2009 21:00,115,12.8,13.5,35.6,84,29,0,1022,0,0
12/8/2009 21:10,121,9.6,13.3,35.7,84,28.9,0,1092,0,0
12/8/2009 21:20,103,11.9,12.6,35.7,84,28.9,0,1272,0,0
12/8/2009 21:30,100,11,13.4,35.7,85,28.9,0,1722,0.01,0.01
12/8/2009 21:40,100,13.9,15,35.7,86,28.9,0.01,2312,0.08,0.08
12/8/2009 21:50,79,4.4,6,35.9,87,28.9,0.02,2902,0.04,0.04
12/8/2009 22:00,60,6.8,11,36.1,86,28.9,0.02,3442,0.01,0.01
12/8/2009 22:10,104,18.1,20.9,36.3,86,28.8,0.03,4012,0.02,0.02
12/8/2009 22:20,110,9.5,13.3,36.3,86,28.8,0.03,4542,0.06,0.06
12/8/2009 22:30,110,13.5,15.9,36.3,85,28.8,0.05,5132,0.04,0.04
12/8/2009 22:40,109,25.3,27.6,36.1,86,28.8,0.07,5722,0.27,0.27
12/8/2009 22:50,113,22.9,24.8,36.1,86,28.8,0.1,6312,0.42,0.42
12/8/2009 23:00,127,25.4,29.7,35.9,87,28.7,0.14,6912,0.23,0.23
12/8/2009 23:10,117,17.3,19.8,35.9,87,28.7,0.18,7512,0.33,0.33
12/8/2009 23:20,129,18.7,21.3,36.1,86,28.7,0.2,8112,0.08,0.08
12/8/2009 23:30,129,14.8,18.3,36.1,86,28.7,0.21,8612,0.03,0.03
12/8/2009 23:40,115,14.3,17,35.9,87,28.7,0.22,9202,0.02,0.02
12/8/2009 23:50,131,16.8,20.6,35.9,85,28.7,0.23,9612,0.01,0.01
12/9/2009 0:00,130,13.1,16.9,36.5,82,28.6,0.23,9912,0,0
12/9/2009 0:10,158,22.8,30,37,79,28.6,0.23,10272,0.03,0.03
12/9/2009 0:20,133,29.2,34.1,37.2,78,28.6,0.24,10402,0,0
12/9/2009 0:30,143,34.8,36.6,36.6,87,28.6,0.25,10612,0.71,0.71
12/9/2009 0:40,124,21.1,28.4,36.1,89,28.5,0.25,10662,0,0
12/9/2009 0:50,-Invalid-,-Invalid-,-Invalid-,-Invalid-,-Invalid-,-Invalid-,-Invalid-,-Invalid-,-Invalid-,-Invalid-
12/9/2009 1:00,127,28.3,34.2,37,83,28.5,0.26,11172,0,0
12/9/2009 1:10,145,50.3,55.4,37.4,81,28.5,0.27,11222,0.07,0.07
12/9/2009 1:20,-Invalid-,-Invalid-,-Invalid-,-Invalid-,-Invalid-,-Invalid-,-Invalid-,-Invalid-,-Invalid-,-Invalid-
12/9/2009 1:30,149,16.2,19.5,37.4,82,28.5,0.28,11692,0.01,0.01
12/9/2009 1:40,-Invalid-,-Invalid-,-Invalid-,-Invalid-,-Invalid-,-Invalid-,-Invalid-,-Invalid-,-Invalid-,-Invalid-
12/9/2009 1:50,141,20.7,26,37.2,89,28.4,0.36,12592,0.01,0.01
12/9/2009 2:00,140,44.1,48.4,37.9,81,28.4,0.38,13112,0.05,0.05
12/9/2009 2:10,152,36.7,41.8,37.9,86,28.4,0.38,13132,0,0
12/9/2009 2:20,149,34.7,37.4,38.1,83,28.4,0.38,13142,0,0
12/9/2009 2:30,152,33.5,38.5,39,78,28.3,0.39,13142,0,0
12/9/2009 2:40,145,27.6,32.2,38.8,82,28.4,0.4,13492,0.01,0.01
12/9/2009 2:50,149,34.5,36.9,38.4,83,28.3,0.41,13872,0.02,0.02
12/9/2009 3:00,130,44.4,47.8,38.8,81,28.3,0.41,13882,0,0
12/9/2009 3:10,150,49.5,51.9,39.3,79,28.3,0.41,13952,0.08,0.08
12/9/2009 3:20,138,26.5,34.8,39,82,28.3,0.41,13952,0,0
12/9/2009 3:30,132,26.5,30.4,39.3,80,28.3,0.42,14232,0,0
12/9/2009 3:40,151,30.5,35.1,39.9,78,28.3,0.43,14472,0.02,0.02
12/9/2009 3:50,151,40.1,44.1,40.1,78,28.3,0.43,14702,0.07,0.07
12/9/2009 4:00,156,36,37.6,40.1,78,28.3,0.43,14702,0,0
12/9/2009 4:10,141,36.9,39.9,39.9,81,28.3,0.43,14712,0,0
12/9/2009 4:20,154,34.1,35.6,40.1,80,28.3,0.43,14712,0,0
12/9/2009 4:30,128,32.2,36.2,40.2,81,28.3,0.43,14712,0,0
12/9/2009 4:40,153,37.4,40.8,40.4,82,28.2,0.43,14852,0.03,0.03
12/9/2009 4:50,144,41.8,46.8,41,80,28.2,0.43,14872,0,0
12/9/2009 5:00,141,36.9,46,41.1,81,28.3,0.43,14882,0,0
12/9/2009 5:10,120,24.7,28.7,41,81,28.3,0.43,14882,0,0
12/9/2009 5:20,126,23.1,25.3,41,82,28.2,0.44,15092,0.03,0.03
12/9/2009 5:30,143,27,28.7,41.3,82,28.2,0.45,15512,0.03,0.03
12/9/2009 5:40,146,32.7,36.3,41.1,83,28.3,0.46,15802,0.11,0.11
12/9/2009 5:50,132,38.8,42.3,41.3,83,28.2,0.46,16012,0.02,0.02
12/9/2009 6:00,172,40.7,45.8,40.6,92,28.3,0.51,16272,0.01,0.01
12/9/2009 6:10,145,32.2,37.9,40.4,92,28.3,0.52,16422,0.28,0.28
12/9/2009 6:20,169,33.7,37.6,40.4,93,28.2,0.54,16872,0,0
12/9/2009 6:30,130,20.1,27,41.1,89,28.3,0.54,16872,0,0
12/9/2009 6:40,139,22.3,24.6,41.9,86,28.3,0.54,16992,0,0
12/9/2009 6:50,144,29.4,32.1,41.9,86,28.3,0.54,16992,0,0
12/9/2009 7:00,155,30,34,42.2,86,28.2,0.54,16992,0,0
12/9/2009 7:10,156,28.8,31.7,42.9,84,28.2,0.54,17002,0,0
12/9/2009 7:20,146,11,22.7,43.7,83,28.2,0.54,17002,0,0
12/9/2009 7:30,173,11,14.8,44.2,82,28.2,0.54,17032,0,0
12/9/2009 7:40,153,21.1,27,44.9,81,28.2,0.54,17092,0,0
12/9/2009 7:50,173,10.7,20.6,45.1,82,28.2,0.54,17152,0,0
12/9/2009 8:00,165,25.9,29.8,45.6,81,28.2,0.54,17182,0,0
12/9/2009 8:10,159,23.2,25.9,46,81,28.2,0.54,17182,0,0
12/9/2009 8:20,175,25.1,28.1,47.1,79,28.2,0.54,17182,0,0
12/9/2009 8:30,163,21,23.1,47.6,79,28.2,0.54,17182,0,0
12/9/2009 8:40,165,10.3,13.4,47.3,80,28.2,0.54,17182,0,0
12/9/2009 8:50,180,10.6,11.8,47.4,81,28.2,0.54,17182,0,0
12/9/2009 9:00,153,17.5,18.7,48.2,82,28.2,0.54,17202,0,0
12/9/2009 9:10,196,13.8,16,48.2,83,28.2,0.54,17212,0,0
12/9/2009 9:20,194,15,17.9,48.5,83,28.2,0.54,17212,0,0
12/9/2009 9:30,176,14.6,16.6,49.6,79,28.2,0.54,17212,0,0
12/9/2009 9:40,174,8.5,10.2,50,78,28.2,0.54,17212,0,0
12/9/2009 9:50,190,13.8,15.5,49.8,79,28.2,0.54,17212,0,0
12/9/2009 10:00,185,11.1,12.2,50.9,77,28.1,0.54,17212,0,0
12/9/2009 10:10,194,15.7,17.5,51.6,76,28.1,0.54,17212,0,0
12/9/2009 10:20,223,20.3,24.9,52.1,74,28.1,0.54,17212,0,0
12/9/2009 10:30,279,14.4,17.7,53.4,69,28.2,0.54,17212,0,0
12/9/2009 10:40,285,38.1,44.4,47.1,81,28.1,0.54,17222,0,0
12/9/2009 10:50,263,26.7,36.1,45.1,84,28.2,0.54,17232,0,0
12/9/2009 11:00,254,35.9,39.4,44.4,82,28.2,0.54,17262,0.07,0.07
12/9/2009 11:10,251,20.9,22.9,43.7,89,28.2,0.55,17562,0.32,0.32
12/9/2009 11:20,275,33.7,37.9,42.4,91,28.2,0.58,18092,0.08,0.08
12/9/2009 11:30,276,43.8,48.9,41.9,86,28.2,0.58,18122,0,0
12/9/2009 11:40,269,43.3,45.1,41.5,87,28.2,0.58,18152,0,0
12/9/2009 11:50,246,30.5,38.2,41.1,85,28.2,0.58,18152,0,0
12/9/2009 12:00,252,22.8,24.3,40.6,87,28.2,0.59,18472,0,0
12/9/2009 12:10,243,30.9,33.3,40.1,89,28.2,0.59,18512,0,0
12/9/2009 12:20,244,32,34.6,40.2,88,28.2,0.59,18512,0,0
12/9/2009 12:30,246,36.1,37.2,40.4,85,28.2,0.59,18512,0,0
12/9/2009 12:40,240,42.3,46.1,40.8,81,28.2,0.59,18532,0,0
12/9/2009 12:50,243,40.1,45.7,40.8,73,28.2,0.59,18642,0,0
12/9/2009 13:00,227,19.2,32.9,40.6,71,28.3,0.59,18642,0,0
12/9/2009 13:10,237,21.5,24.8,40.4,67,28.3,0.59,18642,0,0
12/9/2009 13:20,236,21.5,23.8,40.8,65,28.3,0.59,18702,0,0
12/9/2009 13:30,252,35.4,39.1,40.2,77,28.3,0.6,18882,0.05,0.05
12/9/2009 13:40,257,41.7,48.2,39,78,28.3,0.6,19042,0,0
12/9/2009 13:50,245,35.2,38.8,39,79,28.3,0.6,19042,0,0
12/9/2009 14:00,239,33.2,37.5,38.3,78,28.3,0.6,19172,0,0
12/9/2009 14:10,277,8.1,23.5,39.2,67,28.3,0.6,19192,0,0
12/9/2009 14:20,248,20.7,23.2,38.6,82,28.3,0.6,19192,0,0
12/9/2009 14:30,245,22.4,24.5,38.6,78,28.3,0.6,19192,0,0
12/9/2009 14:40,264,16.7,18.2,38.3,79,28.3,0.61,19282,0,0
12/9/2009 14:50,262,18.2,20.2,37.5,81,28.4,0.61,19552,0.01,0.01
12/9/2009 15:00,241,35.5,42.7,36.5,76,28.3,0.63,20072,0.02,0.02
12/9/2009 15:10,224,26.4,35.9,35.9,74,28.4,0.63,20092,0,0
12/9/2009 15:20,212,19.6,21,36.6,67,28.4,0.63,20102,0,0
12/9/2009 15:30,241,23.1,25.2,37,61,28.4,0.63,20242,0,0
12/9/2009 15:40,233,25.7,27.1,37.2,61,28.4,0.63,20242,0,0
12/9/2009 15:50,223,17.6,19.2,37.2,61,28.4,0.63,20242,0,0
12/9/2009 16:00,227,32.8,38.7,37.4,59,28.4,0.63,20302,0,0
12/9/2009 16:10,216,20,29.2,37.2,58,28.4,0.63,20302,0,0
12/9/2009 16:20,230,30.6,34.7,37.2,57,28.4,0.64,20492,0.03,0.03
12/9/2009 16:30,229,23.2,26.2,37,57,28.4,0.64,20542,0,0
12/9/2009 16:40,232,37.4,40.8,36.6,57,28.4,0.64,20552,0,0
12/9/2009 16:50,235,27,32.5,36.5,58,28.4,0.64,20552,0,0
12/9/2009 17:00,250,14.6,16.6,36.1,60,28.4,0.64,20552,0,0
12/9/2009 17:10,220,22.6,25.5,35.7,61,28.4,0.64,20612,0,0
12/9/2009 17:20,236,19,20.6,35.6,62,28.4,0.64,20612,0,0
12/9/2009 17:30,226,27.9,30.9,35.4,62,28.4,0.64,20752,0,0
12/9/2009 17:40,245,22,24.1,35.2,62,28.4,0.64,20862,0.09,0.09
12/9/2009 17:50,230,21.9,29.6,34.7,64,28.5,0.66,21252,0.01,0.01
12/9/2009 18:00,234,29.9,31.6,34.3,65,28.5,0.66,21322,0,0
12/9/2009 18:10,223,20.3,21.1,33.9,64,28.5,0.66,21322,0,0
12/9/2009 18:20,239,18.4,21.2,33.6,63,28.5,0.66,21462,0,0
12/9/2009 18:30,233,21,22,33.4,63,28.5,0.66,21482,0,0
12/9/2009 18:40,227,32.7,36.1,33.4,63,28.5,0.66,21512,0,0
12/9/2009 18:50,218,26.6,31.2,33.4,63,28.5,0.66,21522,0,0
12/9/2009 19:00,222,28.1,29,33.4,63,28.5,0.66,21522,0,0
12/9/2009 19:10,243,23.4,24.9,33,64,28.5,0.66,21532,0,0
12/9/2009 19:20,215,12.6,14.6,32.7,64,28.5,0.66,21532,0,0
12/9/2009 19:30,220,17.6,22.1,32.5,64,28.5,0.66,21552,0,0
12/9/2009 19:40,211,22.4,23.3,32.3,64,28.5,0.66,21552,0,0
12/9/2009 19:50,249,19.5,21.1,32.3,64,28.5,0.66,21562,0,0
12/9/2009 20:00,251,18.1,19.9,32,65,28.5,0.66,21682,0,0
12/9/2009 20:10,219,22,22.6,31.5,65,28.5,0.66,21722,0,0
12/9/2009 20:20,223,10.9,15,31.5,66,28.5,0.66,21762,0,0
12/9/2009 20:30,225,21.2,24.4,31.3,66,28.5,0.66,21772,0,0
12/9/2009 20:40,232,39.8,43.9,31.3,67,28.5,0.66,21772,0,0
12/9/2009 20:50,234,25.1,32.8,31.3,68,28.5,0.66,21792,0,0
12/9/2009 21:00,247,25,26.7,31.1,67,28.6,0,21812,0,0
12/9/2009 21:10,232,21.2,24.6,31,67,28.6,0,21822,0,0
12/9/2009 21:20,237,11.6,12.8,30.8,69,28.6,0,21832,0,0
12/9/2009 21:30,229,15.5,17.1,30.8,72,28.6,0,21832,0,0
12/9/2009 21:40,206,20.6,25.1,30.2,69,28.6,0,21872,0,0
12/9/2009 21:50,225,30.1,33.6,29.5,68,28.6,0.01,22102,0.03,0.03
12/9/2009 22:00,224,16.6,23.4,29.3,69,28.6,0.01,22122,0,0
12/9/2009 22:10,233,32.2,33.9,29.3,69,28.6,0.01,22122,0,0
12/9/2009 22:20,236,34.2,36.2,29.3,69,28.6,0.01,22122,0,0
12/9/2009 22:30,236,36.6,37.5,29.2,67,28.6,0.01,22122,0,0
12/9/2009 22:40,231,28.8,31.9,29,68,28.6,0.01,22122,0,0
12/9/2009 22:50,234,36.9,41,28.6,70,28.6,0.01,22142,0,0
12/9/2009 23:00,230,24.5,29.5,28.1,74,28.6,0.01,22152,0,0
12/9/2009 23:10,222,26.6,28.4,27.7,77,28.6,0.01,22152,0,0
12/9/2009 23:20,228,24.6,26.6,27.5,76,28.6,0.01,22152,0,0
12/9/2009 23:30,240,24.9,27.4,27,73,28.6,0.01,22172,0,0
12/9/2009 23:40,231,23.6,25.6,26.8,74,28.6,0.01,22182,0,0
12/9/2009 23:50,242,22.9,25,26.6,74,28.6,0.01,22212,0,0
12/10/2009 0:00,227,26,30.2,26.5,71,28.6,0.01,22212,0,0
12/10/2009 0:10,261,27.6,28.8,26.5,70,28.6,0.01,22222,0,0
12/10/2009 0:20,241,28.9,31.3,26.5,70,28.6,0.01,22222,0,0
12/10/2009 0:30,228,30,31.7,26.3,71,28.7,0.01,22222,0,0
12/10/2009 0:40,233,20.4,22.7,25.9,72,28.7,0.01,22232,0,0
12/10/2009 0:50,230,30.8,33.3,25.9,72,28.7,0.01,22282,0,0
12/10/2009 1:00,234,38.6,44.2,25.7,74,28.6,0.01,22282,0,0
12/10/2009 1:10,208,19.2,30.2,25.6,76,28.7,0.01,22282,0,0
12/10/2009 1:20,133,6.6,8.5,25.2,74,28.7,0.01,22352,0,0
12/10/2009 1:30,216,10.8,13.9,25.2,73,28.7,0.01,22402,0,0
12/10/2009 1:40,223,20.6,24.8,25,72,28.7,0.01,22442,0,0
12/10/2009 1:50,233,14.8,18.4,24.8,71,28.7,0.01,22472,0,0
12/10/2009 2:00,225,25.8,31.5,24.8,71,28.7,0.01,22502,0,0
12/10/2009 2:10,246,12.7,21.2,24.7,72,28.7,0.01,22512,0,0
12/10/2009 2:20,234,17.9,20.9,24.7,72,28.7,0.01,22532,0,0
12/10/2009 2:30,227,27.9,31.4,24.5,72,28.7,0.01,22602,0,0
12/10/2009 2:40,225,8.6,22.1,24.3,74,28.7,0.01,22602,0,0
12/10/2009 2:50,211,13.7,17.3,24.3,74,28.7,0.01,22692,0,0
12/10/2009 3:00,227,17.3,19.1,24.3,73,28.7,0.01,22702,0,0
12/10/2009 3:10,228,14.3,17.3,24.1,74,28.7,0.01,22712,0,0
12/10/2009 3:20,229,27.7,32.2,23.8,76,28.7,0.01,22752,0,0
12/10/2009 3:30,239,20.4,26.7,23.6,78,28.7,0.01,22752,0,0
12/10/2009 3:40,245,25.8,29.9,23.6,79,28.7,0.01,22772,0,0
12/10/2009 3:50,234,17.3,18.6,23,84,28.8,0.01,22772,0,0
12/10/2009 4:00,213,15.6,17,23,84,28.8,0.01,23022,0.01,0.01
12/10/2009 4:10,212,19,21.7,23,85,28.8,0.01,23132,0,0
12/10/2009 4:20,215,23.9,25.7,22.9,83,28.8,0.01,23182,0,0
12/10/2009 4:30,216,25.4,28.3,23,81,28.8,0.01,23192,0,0
12/10/2009 4:40,226,40,46.1,22.9,81,28.8,0.01,23192,0,0
12/10/2009 4:50,230,24.1,33.7,22.7,83,28.8,0.01,23192,0,0
12/10/2009 5:00,216,27.8,30.5,22.5,84,28.8,0.01,23202,0,0
12/10/2009 5:10,220,21.2,23.8,22.3,87,28.8,0.01,23222,0,0
12/10/2009 5:20,225,22,24.1,22,87,28.8,0.01,23412,0,0
12/10/2009 5:30,212,23.3,26.3,22,86,28.8,0.01,23452,0,0
12/10/2009 5:40,211,17.3,20.8,22,85,28.8,0.01,23452,0,0
12/10/2009 5:50,207,20.7,22.7,22,84,28.8,0.01,23492,0,0
12/10/2009 6:00,230,21.5,23.7,21.6,84,28.8,0.01,23552,0,0
12/10/2009 6:10,212,24.9,26.6,21.8,83,28.8,0.01,23572,0,0
12/10/2009 6:20,227,22.3,26.4,21.6,83,28.8,0.01,23572,0,0
12/10/2009 6:30,213,20.5,22.7,21.4,83,28.8,0.01,23592,0,0
12/10/2009 6:40,235,24.6,26.3,21.6,82,28.8,0.01,23592,0,0
12/10/2009 6:50,214,16.1,19.3,21.6,81,28.8,0.01,23592,0,0
12/10/2009 7:00,221,27.3,31,21.6,79,28.8,0.01,23612,0,0
12/10/2009 7:10,208,16.1,22,21.6,79,28.8,0.01,23612,0,0
12/10/2009 7:20,200,15.7,17.3,21.6,79,28.8,0.01,23622,0,0
12/10/2009 7:30,205,26.2,28.6,21.4,77,28.8,0.01,23622,0,0
12/10/2009 7:40,211,19.4,21.9,22,73,28.9,0.01,23622,0,0
12/10/2009 7:50,198,16.6,23.2,22.3,72,28.9,0.01,23672,0,0
12/10/2009 8:00,230,23.3,25.8,22.3,72,28.9,0.01,23702,0,0
12/10/2009 8:10,226,15.4,17.1,22.9,70,28.9,0.01,23702,0,0
12/10/2009 8:20,198,24.2,30.1,22.9,68,28.9,0.01,23722,0,0
12/10/2009 8:30,218,12.5,18.8,22.9,69,28.9,0.01,23732,0,0
12/10/2009 8:40,221,19.7,25.8,22.5,69,28.9,0.01,23792,0.01,0.01
12/10/2009 8:50,222,35.8,38.8,22.5,69,28.9,0.01,23832,0,0
12/10/2009 9:00,212,32.6,35.2,22.3,68,28.9,0.01,23842,0,0
12/10/2009 9:10,206,22.3,25.8,22.5,69,28.9,0.01,23842,0,0
12/10/2009 9:20,218,24.5,26,22.3,68,28.9,0.01,23952,0,0
12/10/2009 9:30,233,13.4,15.5,22.3,69,28.9,0.01,23952,0,0
12/10/2009 9:40,219,21,22.9,22.7,69,28.9,0.01,23962,0,0
12/10/2009 9:50,215,24.7,32.2,22.5,68,28.9,0.01,23962,0,0
12/10/2009 10:00,220,19.8,24.6,22.5,68,28.9,0.01,23962,0,0
12/10/2009 10:10,211,18.7,20.5,22.7,66,28.9,0.01,23972,0,0
12/10/2009 10:20,221,19.1,20.1,22.7,64,28.9,0.01,23992,0,0
12/10/2009 10:30,222,21.8,24.1,22.5,63,28.9,0.01,24052,0,0
12/10/2009 10:40,200,15.9,19.2,22.5,64,28.9,0.01,24122,0.02,0.02
12/10/2009 10:50,217,28,31.9,22,70,28.9,0.02,24162,0,0
12/10/2009 11:00,248,12.7,22.8,21.8,73,28.9,0.02,24162,0,0
12/10/2009 11:10,224,32.7,37.5,21.2,71,28.9,0.02,24212,0,0
12/10/2009 11:20,227,40.3,42.2,21.4,67,28.9,0.02,24222,0,0
12/10/2009 11:30,229,19.1,26.1,21.6,64,28.9,0.02,24232,0,0
12/10/2009 11:40,211,22.1,27.2,21.2,65,28.9,0.02,24342,0,0
12/10/2009 11:50,241,14.2,19.6,21.1,64,28.9,0.02,24422,0,0
12/10/2009 12:00,241,19.3,23,20.7,61,28.9,0.02,24642,0,0
12/10/2009 12:10,233,16.4,17.8,20.3,58,28.9,0.02,24992,0,0
12/10/2009 12:20,230,32.9,36.5,20,61,28.9,0.03,25232,0.08,0.08
12/10/2009 12:30,222,26.5,30.6,20,59,28.9,0.03,25302,0,0
12/10/2009 12:40,232,41.1,42.5,19.8,58,28.9,0.03,25342,0,0
12/10/2009 12:50,250,34.5,38.7,19.6,59,28.9,0.03,25352,0,0
12/10/2009 13:00,238,30.1,32.3,19.6,58,28.9,0.03,25352,0,0
12/10/2009 13:10,230,36.4,38.6,19.4,59,28.9,0.03,25352,0,0
12/10/2009 13:20,231,21.2,30.5,18.9,63,28.9,0.03,25352,0,0
12/10/2009 13:30,219,25,26.1,18.4,70,28.9,0.03,25472,0,0
12/10/2009 13:40,245,25.6,28.9,17.5,75,29,0.03,25482,0,0
12/10/2009 13:50,217,17.4,19.2,17.3,74,29,0.03,25482,0,0
12/10/2009 14:00,236,34,37.9,17.6,71,29,0.03,25572,0.05,0.05
12/10/2009 14:10,232,26.6,32.9,18,68,29,0.03,25582,0,0
12/10/2009 14:20,228,27.9,31.5,17.5,71,29,0.03,25582,0,0
12/10/2009 14:30,235,17.1,21.4,16.7,78,29,0.03,25602,0,0
12/10/2009 14:40,222,28.7,31.6,16,79,29,0.04,25832,0.02,0.02
12/10/2009 14:50,218,39.7,46.3,16.4,74,29,0.04,25892,0.05,0.05
12/10/2009 15:00,223,26.3,37.7,16.4,76,29,0.04,25892,0,0
12/10/2009 15:10,231,27,32.4,16.7,74,29,0.04,25902,0.03,0.03
12/10/2009 15:20,218,22.3,27.5,15.7,83,29,0.04,25902,0,0
12/10/2009 15:30,217,22.3,26.1,15.1,88,29,0.04,25982,0,0
12/10/2009 15:40,237,25.1,27.8,15.3,87,29,0.04,26022,0,0
12/10/2009 15:50,221,23.9,25,14.9,90,29,0.04,26052,0,0
12/10/2009 16:00,234,31.1,33.5,14.9,90,29,0.04,26052,0,0
12/10/2009 16:10,226,30.4,33.3,14.9,89,29,0.04,26052,0,0
12/10/2009 16:20,230,17.4,23.4,14.9,90,29,0.04,26052,0,0
12/10/2009 16:30,218,22,23.8,14.9,90,29,0.04,26122,0,0
12/10/2009 16:40,221,25.1,27.8,14.9,89,29,0.04,26182,0,0
12/10/2009 16:50,222,26.4,28.7,14.8,89,29,0.04,26202,0,0
12/10/2009 17:00,218,26.4,29,14.6,90,29,0.04,26212,0,0
12/10/2009 17:10,243,37.2,38.9,14.6,90,29,0.04,26212,0,0
12/10/2009 17:20,219,23,30.7,14.6,91,29.1,0.04,26212,0,0
12/10/2009 17:30,203,22.3,23.4,14.6,90,29.1,0.04,26212,0,0
12/10/2009 17:40,216,21.1,23.6,14.4,90,29.1,0.04,26312,0,0
12/10/2009 17:50,232,21,24,14.4,90,29.1,0.04,26442,0,0
12/10/2009 18:00,220,18.7,20.1,14.4,91,29.1,0.04,26582,0,0
12/10/2009 18:10,224,26.1,26.9,14.4,91,29.1,0.04,26612,0,0
12/10/2009 18:20,223,19.2,23.1,14.2,90,29.1,0.04,26622,0,0
12/10/2009 18:30,215,17.9,20.6,14.2,91,29.1,0.04,26722,0,0
12/10/2009 18:40,216,22.7,25.4,14.6,90,29.1,0.04,26812,0,0
12/10/2009 18:50,212,20.8,23,14.4,89,29.1,0.04,26812,0,0
12/10/2009 19:00,212,24.2,26.3,14.4,89,29.1,0.04,26872,0,0
12/10/2009 19:10,226,24.5,29.3,14.2,89,29.1,0.04,26882,0,0
12/10/2009 19:20,200,15.9,21.4,14,90,29.1,0.04,26882,0,0
12/10/2009 19:30,238,28,29.8,14,90,29.1,0.04,26982,0.01,0.01
12/10/2009 19:40,222,15.7,23.3,14,91,29.1,0.04,26982,0,0
12/10/2009 19:50,207,18.8,21.4,14.2,91,29.1,0.04,27052,0.16,0.16
12/10/2009 20:00,197,26.7,29.7,14,90,29.1,0.05,27262,0,0
12/10/2009 20:10,216,28,28.6,14,91,29.1,0.05,27282,0,0
12/10/2009 20:20,208,24,24.5,14.2,90,29.1,0.05,27282,0,0
12/10/2009 20:30,225,34.7,39.5,14,90,29.1,0.05,27292,0.02,0.02
12/10/2009 20:40,210,32.4,34.5,14.2,90,29.1,0.05,27302,0,0
12/10/2009 20:50,223,17.1,23.6,14,90,29.1,0.05,27302,0,0
12/10/2009 21:00,208,24.3,26.9,14,89,29.1,0,27352,0,0
12/10/2009 21:10,195,25.9,29.6,14,90,29.1,0,27362,0,0
12/10/2009 21:20,214,11.6,13,14,90,29.1,0,27362,0,0
12/10/2009 21:30,221,19.2,24,14,90,29.1,0,27432,0,0
12/10/2009 21:40,195,12.5,14.2,14,90,29.1,0,27462,0,0
12/10/2009 21:50,217,23.7,27.5,14,89,29.1,0,27502,0,0
12/10/2009 22:00,205,20.6,23.2,13.9,89,29.1,0,27502,0,0
12/10/2009 22:10,195,17.2,19.6,13.9,90,29.1,0,27522,0,0
12/10/2009 22:20,213,17.5,20.1,13.9,92,29.1,0,27602,0,0
12/10/2009 22:30,224,15.3,17.5,14,91,29.1,0,27702,0,0
12/10/2009 22:40,231,15.6,19.4,14.2,91,29.1,0,27722,0,0
12/10/2009 22:50,206,21.3,22.8,14.2,92,29.1,0,27722,0,0
12/10/2009 23:00,223,16.1,16.7,14.2,92,29.2,0,27722,0,0
12/10/2009 23:10,209,16.7,20.6,14.2,91,29.2,0,27742,0,0
12/10/2009 23:20,209,15.6,16.7,14.4,92,29.2,0,27762,0,0
12/10/2009 23:30,219,19.7,20.3,14.2,91,29.2,0,27762,0,0
12/10/2009 23:40,213,17,18.8,14,92,29.2,0,27762,0,0
12/10/2009 23:50,210,26,27.6,14.2,91,29.1,0,27802,0,0
12/11/2009 0:00,221,23.4,25.8,14.2,92,29.2,0,27802,0,0
12/11/2009 0:10,-Invalid-,-Invalid-,-Invalid-,-Invalid-,-Invalid-,-Invalid-,-Invalid-,-Invalid-,-Invalid-,-Invalid-
12/11/2009 0:20,-Invalid-,-Invalid-,-Invalid-,-Invalid-,-Invalid-,-Invalid-,-Invalid-,-Invalid-,-Invalid-,-Invalid-
12/11/2009 0:30,230,20.9,22.9,14.6,92,29.2,0.02,28162,0,0
12/11/2009 0:40,202,19.9,23,14.8,92,29.2,0.02,28172,0,0
12/11/2009 0:50,216,14.6,15.3,14.9,92,29.2,0.02,28192,0,0
12/11/2009 1:00,201,13.5,16.5,14.9,92,29.2,0.02,28272,0,0
12/11/2009 1:10,206,23.1,26.6,14.9,92,29.2,0.02,28302,0,0
12/11/2009 1:20,217,25.9,28.8,14.9,91,29.2,0.02,28302,0,0
12/11/2009 1:30,204,27.5,28.6,14.9,90,29.2,0.02,28302,0,0
12/11/2009 1:40,213,15.2,21.8,14.9,90,29.2,0.02,28302,0,0
12/11/2009 1:50,200,20.8,22.7,14.9,89,29.2,0.02,28302,0,0
12/11/2009 2:00,226,15.6,19.3,14.9,90,29.2,0.02,28302,0,0
12/11/2009 2:10,203,17.6,19,14.8,90,29.2,0.02,28322,0,0
12/11/2009 2:20,212,19.5,26.5,14.8,91,29.2,0.02,28362,0,0
12/11/2009 2:30,224,23.7,25.2,14.8,91,29.2,0.02,28432,0,0
12/11/2009 2:40,219,25.5,27.3,14.8,91,29.2,0.02,28432,0,0
12/11/2009 2:50,216,25.3,29.5,14.9,91,29.2,0.02,28442,0,0
12/11/2009 3:00,211,24,26.5,14.9,92,29.2,0.02,28442,0,0
12/11/2009 3:10,203,28.4,29.7,15.1,92,29.2,0.02,28452,0,0
12/11/2009 3:20,212,22.8,23.4,15.3,93,29.2,0.02,28452,0,0
12/11/2009 3:30,211,19.3,21.2,15.3,93,29.2,0.02,28492,0,0
12/11/2009 3:40,208,24.1,27.4,15.5,93,29.2,0.02,28652,0,0
12/11/2009 3:50,209,13.8,21.8,15.7,93,29.2,0.02,28652,0,0
12/11/2009 4:00,185,23.3,27.1,15.8,92,29.2,0.02,28672,0,0
12/11/2009 4:10,216,21.6,25.5,16,92,29.2,0.02,28672,0,0
12/11/2009 4:20,223,28.2,30.8,16.4,92,29.2,0.02,28682,0,0
12/11/2009 4:30,221,18.6,20.9,16.6,91,29.2,0.02,28682,0,0
12/11/2009 4:40,223,20.2,22.2,16.7,91,29.2,0.02,28682,0,0
12/11/2009 4:50,213,12.4,14.2,17.1,90,29.2,0.02,28682,0,0
12/11/2009 5:00,225,20,22,17.1,90,29.2,0.02,28682,0,0
12/11/2009 5:10,224,15.2,16,17.1,90,29.2,0.02,28682,0,0
12/11/2009 5:20,240,17.8,20.2,17.5,89,29.2,0.02,28682,0,0
12/11/2009 5:30,226,21,21.9,17.8,88,29.2,0.02,28682,0,0
12/11/2009 5:40,217,14.2,15.2,17.6,89,29.2,0.02,28682,0,0
12/11/2009 5:50,234,18.6,19.6,18.2,88,29.2,0.02,28682,0,0
12/11/2009 6:00,228,13.1,15.1,17.8,88,29.2,0.02,28682,0,0
12/11/2009 6:10,230,9.1,11.2,18.2,88,29.2,0.02,28682,0,0
12/11/2009 6:20,221,13,14.2,19.1,86,29.2,0.02,28702,0,0
12/11/2009 6:30,219,10.7,11.9,18.4,87,29.2,0.02,28702,0,0
12/11/2009 6:40,233,14.7,15.2,18,88,29.3,0.02,28702,0,0
12/11/2009 6:50,237,14.6,16.9,18.5,87,29.3,0.02,28702,0,0
12/11/2009 7:00,216,23.5,26.3,19.4,85,29.2,0.02,28712,0,0
12/11/2009 7:10,242,13.6,14.3,18.2,87,29.3,0.02,28712,0,0
12/11/2009 7:20,235,14.7,16.2,18,89,29.3,0.02,28712,0,0
12/11/2009 7:30,200,20,21.6,17.8,88,29.3,0.02,28712,0,0
12/11/2009 7:40,226,17.5,20.3,17.6,89,29.3,0.02,28712,0,0
12/11/2009 7:50,242,7.8,14.2,18.2,89,29.3,0.02,28712,0,0
12/11/2009 8:00,227,16.7,17.6,17.8,90,29.3,0.02,28712,0,0
12/11/2009 8:10,232,18.9,20.2,18.2,89,29.3,0.02,28712,0,0
12/11/2009 8:20,245,14.6,15.4,18.2,90,29.3,0.02,28712,0,0
12/11/2009 8:30,217,10.5,14.3,18.5,88,29.3,0.02,28712,0,0
12/11/2009 8:40,210,7.7,10.6,19.1,87,29.3,0.02,28712,0,0
12/11/2009 8:50,222,24.5,27,18.7,87,29.3,0.02,28712,0,0
12/11/2009 9:00,275,33.8,35.3,22.1,75,29.3,0.02,28722,0,0
12/11/2009 9:10,289,29,32.2,23.6,72,29.3,0.02,28722,0,0
12/11/2009 9:20,245,29.3,31.6,23.4,75,29.3,0.02,28792,0,0
12/11/2009 9:30,281,41.2,45.9,22.9,75,29.3,0.02,28862,0,0
12/11/2009 9:40,244,32.3,39.4,23.4,73,29.3,0.02,28862,0,0
12/11/2009 9:50,276,33.8,42.9,23.4,69,29.3,0.02,28872,0,0
12/11/2009 10:00,270,31.1,33.9,23.6,76,29.3,0.02,28872,0,0
12/11/2009 10:10,275,39,40.8,22.9,70,29.3,0.02,29082,0,0
12/11/2009 10:20,282,34.6,38.1,23.9,67,29.3,0.02,29082,0,0
12/11/2009 10:30,288,39.8,46.7,24.3,67,29.2,0.02,29082,0,0
12/11/2009 10:40,281,27.6,38.5,24.3,69,29.3,0.02,29082,0,0
12/11/2009 10:50,277,33.8,39.2,24.5,67,29.3,0.03,29222,0.03,0.03
12/11/2009 11:00,286,42.5,45.2,24.1,66,29.3,0.03,29232,0,0
12/11/2009 11:10,279,29.1,33.3,24.3,71,29.3,0.03,29232,0,0
12/11/2009 11:20,285,34.9,38.2,24.3,75,29.3,0.03,29322,0,0
12/11/2009 11:30,292,38.7,41.9,24.3,70,29.3,0.03,29322,0,0
12/11/2009 11:40,279,34.2,36.9,24.8,69,29.3,0.03,29322,0,0
12/11/2009 11:50,280,27.1,29.8,23.9,74,29.3,0.03,29322,0,0
12/11/2009 12:00,278,38.3,42.1,25.2,68,29.3,0.03,29442,0.05,0.05
12/11/2009 12:10,276,32.7,39,25.4,66,29.3,0.03,29452,0,0
12/11/2009 12:20,290,42.4,45.6,25.4,63,29.3,0.03,29672,0.05,0.05
12/11/2009 12:30,279,35.4,40.8,25.4,67,29.3,0.03,29672,0,0
12/11/2009 12:40,285,34.7,38.1,25.2,69,29.3,0.03,29672,0,0
12/11/2009 12:50,267,28.9,31.4,24.5,75,29.3,0.03,29672,0,0
12/11/2009 13:00,290,30.8,37.3,25,74,29.3,0.04,29792,0,0
12/11/2009 13:10,291,29.6,35.9,25.7,67,29.3,0.04,29892,0,0
12/11/2009 13:20,263,32.3,36.1,25.9,67,29.3,0.04,29942,0,0
12/11/2009 13:30,300,23.3,31,26.1,65,29.3,0.04,30032,0,0
12/11/2009 13:40,289,35,45.5,25.4,71,29.3,0.04,30132,0.01,0.01
12/11/2009 13:50,288,39.1,43.3,25.9,66,29.3,0.04,30132,0,0
12/11/2009 14:00,266,30.4,33.4,26.3,69,29.4,0.04,30132,0,0
12/11/2009 14:10,292,31.8,34.6,26.3,67,29.3,0.04,30292,0,0
12/11/2009 14:20,276,32.5,38.7,26.3,68,29.3,0.04,30412,0,0
12/11/2009 14:30,295,34.2,36.4,26.3,65,29.3,0.04,30522,0,0
12/11/2009 14:40,295,36.7,40.6,26.8,67,29.4,0.04,30522,0,0
12/11/2009 14:50,294,37.3,38.8,26.5,66,29.4,0.04,30522,0,0
12/11/2009 15:00,283,36.8,39.7,27,66,29.4,0.04,30522,0,0
12/11/2009 15:10,290,19.3,27.1,27.5,66,29.4,0.04,30522,0,0
12/11/2009 15:20,286,36.7,39.9,27.2,65,29.4,0.05,30942,0.03,0.03
12/11/2009 15:30,277,31,32.9,27.9,69,29.4,0.05,30962,0,0
12/11/2009 15:40,288,15.3,26.1,27.2,68,29.4,0.05,30982,0,0
12/11/2009 15:50,280,32.6,38.1,27.4,68,29.4,0.05,31162,0,0
12/11/2009 16:00,291,34.3,35.7,27.2,65,29.4,0.05,31172,0,0
12/11/2009 16:10,284,29.1,31.2,27.7,66,29.4,0.05,31172,0,0
12/11/2009 16:20,293,26.8,30.1,27.2,66,29.4,0.05,31172,0,0
12/11/2009 16:30,302,21.9,25.1,27.9,68,29.4,0.05,31172,0,0
12/11/2009 16:40,294,29.3,31.9,27.9,64,29.4,0.05,31482,0.01,0.01
12/11/2009 16:50,276,20,22.6,28.1,64,29.4,0.05,31492,0,0
12/11/2009 17:00,295,29,32.1,28.1,64,29.4,0.05,31762,0,0
12/11/2009 17:10,282,30.1,33.8,28.3,65,29.4,0.05,31762,0,0
12/11/2009 17:20,291,28.9,34.3,27.9,65,29.4,0.05,31762,0,0
12/11/2009 17:30,277,28.1,29.5,28.3,69,29.4,0.05,31762,0,0
12/11/2009 17:40,291,24.2,26.9,28.4,68,29.4,0.05,31762,0,0
12/11/2009 17:50,293,31.8,34.5,28.6,66,29.4,0.05,31762,0,0
12/11/2009 18:00,276,35.4,37.2,28.6,64,29.4,0.05,31762,0,0
12/11/2009 18:10,308,18.1,26.3,29.2,67,29.4,0.05,31762,0,0
12/11/2009 18:20,290,25.5,26.8,29,65,29.4,0.05,31832,0,0
12/11/2009 18:30,276,24.9,29.9,29,67,29.4,0.05,31832,0,0
12/11/2009 18:40,288,31,35.1,29.2,65,29.4,0.05,31832,0,0
12/11/2009 18:50,272,29.9,33.5,29,64,29.4,0.05,31832,0,0
12/11/2009 19:00,290,25.9,28,29.5,63,29.4,0.05,31832,0,0
12/11/2009 19:10,274,27.3,31.5,29.7,62,29.4,0.05,31832,0,0
12/11/2009 19:20,291,28.7,29.9,30.1,65,29.4,0.05,31832,0,0
12/11/2009 19:30,273,24.2,27.8,30.6,61,29.4,0.05,31852,0,0
12/11/2009 19:40,281,9.9,12.6,30.8,61,29.4,0.05,31852,0,0
12/11/2009 19:50,249,16.6,20.3,30.6,62,29.4,0.05,32022,0,0
12/11/2009 20:00,260,26.9,28.8,30.4,61,29.4,0.06,32192,0,0
12/11/2009 20:10,278,24.2,27.9,30.6,62,29.4,0.06,32192,0,0
12/11/2009 20:20,299,23.9,25.9,30.4,63,29.4,0.06,32192,0,0
12/11/2009 20:30,276,28.6,31.3,30.4,63,29.4,0.06,32192,0,0
12/11/2009 20:40,278,23.9,26.7,30.6,67,29.4,0.06,32192,0,0
12/11/2009 20:50,293,34.5,37.8,30.1,63,29.4,0.06,32222,0,0
12/11/2009 21:00,293,32.6,34,30.1,66,29.4,0,32222,0,0
12/11/2009 21:10,303,28.3,33.5,29.9,65,29.4,0,32222,0,0
12/11/2009 21:20,283,31.8,35.5,30.1,65,29.4,0,32222,0,0
12/11/2009 21:30,295,33.6,35.5,30.2,63,29.4,0,32222,0,0
12/11/2009 21:40,283,35.7,36.9,30.4,61,29.4,0,32302,0,0
12/11/2009 21:50,289,28.7,34.4,30.2,61,29.5,0,32302,0,0
12/11/2009 22:00,282,37.8,41.2,30.2,58,29.4,0,32332,0,0
12/11/2009 22:10,271,36.9,40.8,30.2,59,29.5,0,32332,0,0
12/11/2009 22:20,284,33.5,35.7,30.4,58,29.5,0,32332,0,0
12/11/2009 22:30,287,32.6,36.9,31,60,29.5,0,32362,0,0
12/11/2009 22:40,292,34.7,37.1,30.8,59,29.5,0,32432,0,0
12/11/2009 22:50,295,39.9,41.8,30.6,57,29.5,0,32432,0,0
12/11/2009 23:00,277,32.7,35.1,30.8,58,29.5,0,32432,0,0
12/11/2009 23:10,285,28.4,30.8,30.8,57,29.5,0,32432,0,0
12/11/2009 23:20,281,29.7,32.3,30.8,60,29.5,0,32432,0,0
12/11/2009 23:30,289,32,33.8,31,59,29.5,0,32452,0,0
12/11/2009 23:40,266,21.8,27.5,31,59,29.5,0,32452,0,0
12/11/2009 23:50,280,28.2,31,30.8,59,29.5,0,32822,0,0
12/12/2009 0:00,290,36.5,39.5,30.8,58,29.5,0.01,32862,0.02,0.02
12/12/2009 0:10,283,33.4,35.8,31,59,29.5,0.01,32862,0,0
12/12/2009 0:20,290,29.8,33.5,30.8,58,29.5,0.01,32862,0,0
12/12/2009 0:30,290,31.4,36.9,31,61,29.5,0.01,32862,0,0
12/12/2009 0:40,300,19.1,28.6,30.8,60,29.5,0.01,32862,0,0
12/12/2009 0:50,308,20.5,21.2,30.8,63,29.5,0.01,32992,0.01,0.01
12/12/2009 1:00,303,27.7,29.1,30.8,59,29.5,0.01,33062,0,0
12/12/2009 1:10,302,20.9,26.9,30.8,64,29.5,0.01,33062,0,0
12/12/2009 1:20,296,27.7,30.4,30.6,59,29.5,0.01,33062,0,0
12/12/2009 1:30,277,19.4,22.1,30.6,60,29.5,0.01,33062,0,0
12/12/2009 1:40,306,16.5,18.7,30.8,61,29.5,0.01,33062,0,0
12/12/2009 1:50,290,19.9,26.1,30.8,62,29.5,0.01,33062,0,0
12/12/2009 2:00,301,18.1,19.3,30.6,61,29.5,0.01,33062,0,0
12/12/2009 2:10,283,15.6,16.9,31,61,29.5,0.01,33062,0,0
12/12/2009 2:20,284,18.7,20.6,30.8,61,29.5,0.01,33062,0,0
12/12/2009 2:30,298,21.6,22.1,31,62,29.5,0.01,33062,0,0
12/12/2009 2:40,293,18.2,20,31,63,29.6,0.01,33062,0,0
12/12/2009 2:50,284,18.9,23.4,31.1,62,29.6,0.01,33062,0,0
12/12/2009 3:00,238,13.7,17.2,31.1,64,29.6,0.01,33062,0,0
12/12/2009 3:10,177,5.9,8.2,26.6,63,29.6,0.01,33062,0,0
12/12/2009 3:20,188,11.8,13.5,26.1,65,29.6,0.01,33062,0,0
12/12/2009 3:30,131,5.6,6.7,24.8,67,29.6,0.01,33062,0,0
12/12/2009 3:40,184,10.1,11.1,24.7,69,29.6,0.01,33062,0,0
12/12/2009 3:50,187,9.2,10.9,24.5,69,29.6,0.01,33062,0,0
12/12/2009 4:00,174,5.1,6.6,24.3,70,29.6,0.01,33062,0,0
12/12/2009 4:10,188,9.3,11.4,23.9,71,29.6,0.01,33062,0,0
12/12/2009 4:20,163,8.8,11.5,23.8,73,29.6,0.01,33062,0,0
12/12/2009 4:30,166,11.2,13.8,23.9,74,29.6,0.01,33062,0,0
12/12/2009 4:40,166,9,9.6,23.6,74,29.6,0.01,33062,0,0
12/12/2009 4:50,166,15.4,16.5,23.6,75,29.6,0.01,33062,0,0
12/12/2009 5:00,153,12.2,14.6,23.4,75,29.6,0.01,33062,0,0
12/12/2009 5:10,188,6.9,8.5,23.6,74,29.6,0.01,33062,0,0
12/12/2009 5:20,187,10.7,11.9,23.2,74,29.6,0.01,33062,0,0
12/12/2009 5:30,161,11.3,13.9,23.6,73,29.6,0.01,33062,0,0
12/12/2009 5:40,179,14.9,18,23.6,73,29.6,0.01,33062,0,0
12/12/2009 5:50,173,14.5,16,23.2,73,29.6,0.01,33062,0,0
12/12/2009 6:00,184,14.2,15.5,23.2,72,29.6,0.01,33062,0,0
12/12/2009 6:10,166,17.1,19,23.6,71,29.6,0.01,33062,0,0
12/12/2009 6:20,173,13.1,16.2,23.6,70,29.6,0.01,33062,0,0
12/12/2009 6:30,149,8.7,11.3,23.9,69,29.6,0.01,33062,0,0
12/12/2009 6:40,151,9.5,14,24.1,67,29.6,0.01,33062,0,0
12/12/2009 6:50,188,12.7,14.3,24.5,65,29.6,0.01,33062,0,0
12/12/2009 7:00,164,11.8,12.8,25,63,29.6,0.01,33062,0,0
12/12/2009 7:10,174,13.3,14,25.6,61,29.6,0.01,33062,0,0
12/12/2009 7:20,147,9.9,15.6,25.9,60,29.6,0.01,33062,0,0
12/12/2009 7:30,169,11.4,12.9,26.6,58,29.6,0.01,33062,0,0
12/12/2009 7:40,169,12.6,13.2,27.4,56,29.6,0.01,33062,0,0
12/12/2009 7:50,167,8,9.4,27.9,55,29.6,0.01,33062,0,0
12/12/2009 8:00,180,12.6,13.4,28.3,53,29.6,0.01,33062,0,0
12/12/2009 8:10,161,10.4,11.8,29,51,29.6,0.01,33062,0,0
12/12/2009 8:20,162,7.2,7.8,29.2,51,29.6,0.01,33062,0,0
12/12/2009 8:30,187,6.3,8.2,29.7,50,29.6,0.01,33062,0,0
12/12/2009 8:40,138,6.3,8,30.1,49,29.6,0.01,33062,0,0
12/12/2009 8:50,185,14.6,16.7,30.6,48,29.6,0.01,33062,0,0
12/12/2009 9:00,186,11.8,12.6,31,47,29.6,0.01,33062,0,0
12/12/2009 9:10,173,8.6,9.9,31.3,47,29.6,0.01,33062,0,0
12/12/2009 9:20,169,7,9.3,31.9,46,29.6,0.01,33062,0,0
12/12/2009 9:30,206,7.1,8.4,32.1,47,29.6,0.01,33062,0,0
12/12/2009 9:40,191,13.9,16.5,32.1,46,29.6,0.01,33062,0,0
12/12/2009 9:50,169,7.1,7.9,32.7,46,29.6,0.01,33062,0,0
12/12/2009 10:00,166,9.1,10,32.7,45,29.6,0.01,33062,0,0
12/12/2009 10:10,184,12.1,13.1,32.9,45,29.6,0.01,33062,0,0
12/12/2009 10:20,192,11,12.5,33.2,44,29.6,0.01,33062,0,0
12/12/2009 10:30,203,12.7,14.2,33.4,43,29.6,0.01,33062,0,0
12/12/2009 10:40,199,13.6,14.5,34.1,41,29.6,0.01,33062,0,0
12/12/2009 10:50,99,3.2,5.4,33.9,42,29.6,0.01,33062,0,0
12/12/2009 11:00,192,4.5,5.4,34.5,40,29.6,0.01,33062,0,0
12/12/2009 11:10,222,8,8.7,34.8,40,29.6,0.01,33062,0,0
12/12/2009 11:20,203,14.5,15,35,37,29.5,0.01,33062,0,0
12/12/2009 11:30,240,19.3,20.7,35.2,37,29.5,0.01,33062,0,0
12/12/2009 11:40,177,5.7,13.3,35.4,37,29.5,0.01,33062,0,0
12/12/2009 11:50,206,12.1,13.1,35.6,36,29.5,0.01,33062,0,0
12/12/2009 12:00,181,8.5,10.9,35.4,37,29.5,0.01,33062,0,0
12/12/2009 12:10,189,10.8,11.5,35.6,37,29.5,0.01,33062,0,0
12/12/2009 12:20,198,8.4,10.6,36.1,36,29.5,0.01,33062,0,0
12/12/2009 12:30,189,14.2,15.1,36.3,35,29.5,0.01,33062,0,0
12/12/2009 12:40,167,8.7,11.4,36.5,35,29.5,0.01,33062,0,0
12/12/2009 12:50,191,13.5,13.9,36.5,35,29.5,0.01,33062,0,0
12/12/2009 13:00,199,13.4,14,36.6,34,29.5,0.01,33062,0,0
12/12/2009 13:10,230,4.7,6.1,36.8,34,29.5,0.01,33062,0,0
12/12/2009 13:20,198,13.4,14.9,36.6,33,29.5,0.01,33062,0,0
12/12/2009 13:30,213,9.2,9.9,36.6,32,29.5,0.01,33062,0,0
12/12/2009 13:40,202,12.4,13.1,36.6,33,29.5,0.01,33062,0,0
12/12/2009 13:50,199,10.7,11.7,36.6,33,29.5,0.01,33062,0,0
12/12/2009 14:00,177,9.9,10.2,36.5,33,29.5,0.01,33062,0,0
12/12/2009 14:10,174,6.5,7.2,36.1,33,29.5,0.01,33062,0,0
12/12/2009 14:20,158,10.4,11.6,35.7,34,29.5,0.01,33062,0,0
12/12/2009 14:30,157,6.7,8.3,35.2,34,29.5,0.01,33062,0,0
12/12/2009 14:40,165,7.4,7.9,35.2,34,29.5,0.01,33062,0,0
12/12/2009 14:50,128,6.7,9,34.8,35,29.5,0.01,33062,0,0
12/12/2009 15:00,106,6.5,8.8,34.7,35,29.5,0.01,33062,0,0
12/12/2009 15:10,112,7.7,9.5,34.3,36,29.5,0.01,33062,0,0
12/12/2009 15:20,138,10.3,11.2,34.1,36,29.5,0.01,33062,0,0
12/12/2009 15:30,127,8.6,10.1,33.8,36,29.5,0.01,33062,0,0
12/12/2009 15:40,128,6.2,7.9,33.9,36,29.5,0.01,33062,0,0
12/12/2009 15:50,142,12.2,16,33.9,35,29.5,0.01,33062,0,0
12/12/2009 16:00,121,7.6,10.5,33.9,35,29.5,0.01,33062,0,0
12/12/2009 16:10,117,8.1,11.4,33.9,36,29.5,0.01,33062,0,0
12/12/2009 16:20,144,14.4,15.1,33.9,35,29.5,0.01,33062,0,0
12/12/2009 16:30,130,13.8,17.6,33.9,35,29.5,0.01,33062,0,0
12/12/2009 16:40,136,15.6,16.1,33.9,35,29.5,0.01,33062,0,0
12/12/2009 16:50,140,20.5,24.8,33.8,36,29.5,0.01,33062,0,0
12/12/2009 17:00,151,17.4,18.5,33.8,36,29.5,0.01,33062,0,0
12/12/2009 17:10,144,19.2,20.1,33.6,37,29.5,0.01,33062,0,0
12/12/2009 17:20,96,6.5,12.5,33.8,37,29.5,0.01,33062,0,0
12/12/2009 17:30,148,13.3,15.3,33.8,37,29.5,0.01,33062,0,0
12/12/2009 17:40,124,11.9,15.5,33.6,37,29.5,0.01,33062,0,0
12/12/2009 17:50,140,13.6,15.5,33.4,37,29.5,0.01,33062,0,0
12/12/2009 18:00,139,9.8,11.2,33.4,37,29.5,0.01,33062,0,0
12/12/2009 18:10,149,19.4,20.7,33.4,37,29.5,0.01,33062,0,0
12/12/2009 18:20,131,10.2,13,33.4,37,29.5,0.01,33062,0,0
12/12/2009 18:30,141,16.8,19.1,33.4,36,29.5,0.01,33062,0,0
12/12/2009 18:40,117,6.2,9.9,33.4,36,29.5,0.01,33062,0,0
12/12/2009 18:50,169,16.1,18.1,33.4,36,29.4,0.01,33062,0,0
12/12/2009 19:00,164,13,15.1,33.4,36,29.4,0.01,33062,0,0
12/12/2009 19:10,134,9.8,14.1,33.4,36,29.4,0.01,33062,0,0
12/12/2009 19:20,145,12.3,14.8,33.4,36,29.4,0.01,33062,0,0
12/12/2009 19:30,128,15.4,17.7,33.6,35,29.4,0.01,33062,0,0
12/12/2009 19:40,133,24.7,26.1,33.6,35,29.4,0.01,33062,0,0
12/12/2009 19:50,136,13.7,19.9,33.4,36,29.4,0.01,33062,0,0
12/12/2009 20:00,149,17.9,19.5,33.2,36,29.4,0.01,33062,0,0
12/12/2009 20:10,122,18.7,22.2,33,36,29.4,0.01,33062,0,0
12/12/2009 20:20,148,19.9,22.6,33.2,36,29.4,0.01,33062,0,0
12/12/2009 20:30,144,11.4,17,33,36,29.4,0.01,33062,0,0
12/12/2009 20:40,166,16.7,19.9,32.9,36,29.4,0.01,33062,0,0
12/12/2009 20:50,151,11.8,13.4,32.9,36,29.4,0.01,33062,0,0
12/12/2009 21:00,137,17.9,19.8,33.2,35,29.4,0,33062,0,0
12/12/2009 21:10,164,13.5,16.7,33.6,34,29.4,0,33062,0,0
12/12/2009 21:20,160,19.6,21.7,33.6,34,29.4,0,33062,0,0
12/12/2009 21:30,152,14.9,17.6,34.1,34,29.4,0,33062,0,0
12/12/2009 21:40,150,19.2,23.3,34.1,33,29.4,0,33062,0,0
12/12/2009 21:50,171,15.4,17.4,34.1,34,29.4,0,33062,0,0
12/12/2009 22:00,143,15.2,17.9,33.9,34,29.4,0,33062,0,0
12/12/2009 22:10,145,14,15.4,33.4,35,29.4,0,33062,0,0
12/12/2009 22:20,138,9,11.1,33.6,35,29.4,0,33062,0,0
12/12/2009 22:30,154,18.4,21.9,33.9,34,29.4,0,33062,0,0
12/12/2009 22:40,160,17.4,21.2,33.9,34,29.4,0,33062,0,0
12/12/2009 22:50,148,16.8,19.8,33.9,34,29.4,0,33062,0,0
12/12/2009 23:00,139,13.7,14.7,33.8,34,29.3,0,33062,0,0
12/12/2009 23:10,152,12.8,15.2,33.4,35,29.3,0,33062,0,0
12/12/2009 23:20,115,13.4,16.2,33,36,29.3,0,33062,0,0
12/12/2009 23:30,147,12.8,14.1,33.2,35,29.3,0,33062,0,0
12/12/2009 23:40,150,15,17.9,33.6,35,29.3,0,33062,0,0
12/12/2009 23:50,135,18.2,21.7,33.6,35,29.3,0,33062,0,0
12/13/2009 0:00,138,19.4,21.7,33.8,35,29.3,0,33062,0,0
12/13/2009 0:10,156,9.6,11.3,34.3,34,29.3,0,33062,0,0
12/13/2009 0:20,162,14.6,16.9,35,33,29.3,0,33062,0,0
12/13/2009 0:30,150,20.2,22.1,35.7,32,29.3,0,33062,0,0
12/13/2009 0:40,160,26.1,26.8,36.1,32,29.3,0,33062,0,0
12/13/2009 0:50,144,22.1,24.8,36.3,31,29.2,0,33062,0,0
12/13/2009 1:00,148,11.2,15.4,36.1,32,29.2,0,33062,0,0
12/13/2009 1:10,143,12.1,14.2,36.5,31,29.2,0,33062,0,0
12/13/2009 1:20,142,14.2,15.2,36.6,31,29.2,0,33062,0,0
12/13/2009 1:30,160,11.6,13.4,36.8,30,29.2,0,33062,0,0
12/13/2009 1:40,163,19.3,20.6,37,31,29.2,0,33062,0,0
12/13/2009 1:50,145,18.8,20.7,36.6,31,29.2,0,33062,0,0
12/13/2009 2:00,165,20.1,22.9,36.8,30,29.2,0,33062,0,0
12/13/2009 2:10,161,24,26.1,37.4,29,29.2,0,33062,0,0
12/13/2009 2:20,162,17.7,21.6,37.7,29,29.2,0,33062,0,0
12/13/2009 2:30,163,28,30.6,37.4,30,29.2,0,33062,0,0
12/13/2009 2:40,154,28.3,31.8,36.6,32,29.2,0,33062,0,0
12/13/2009 2:50,164,19,24.9,36.5,32,29.2,0,33062,0,0
12/13/2009 3:00,173,21.7,24.6,37,31,29.1,0,33062,0,0
12/13/2009 3:10,156,30.8,33.1,37.2,30,29.1,0,33102,0,0
12/13/2009 3:20,165,21.1,24,37.5,30,29.1,0,33112,0,0
12/13/2009 3:30,172,18.6,23.7,38.3,29,29.1,0,33132,0,0
12/13/2009 3:40,159,15.6,18.2,38.4,29,29.1,0,33132,0,0
12/13/2009 3:50,171,24.4,27.4,38.8,29,29.1,0,33142,0,0
12/13/2009 4:00,177,18.1,19.6,39,28,29.1,0,33212,0,0
12/13/2009 4:10,154,13,17.2,39.2,28,29.1,0,33212,0,0
12/13/2009 4:20,139,16.7,18,39.7,27,29.1,0,33222,0,0
12/13/2009 4:30,251,15,21,39.7,27,29.1,0,33232,0,0
12/13/2009 4:40,163,18.8,22.7,40.4,28,29.1,0,33382,0,0
12/13/2009 4:50,191,14.9,21.9,40.8,27,29.1,0,33632,0,0
12/13/2009 5:00,160,14.1,16.8,40.1,31,29.1,0.01,34082,0.01,0.01
12/13/2009 5:10,174,8,13.8,40.2,31,29.1,0.01,34422,0.01,0.01
12/13/2009 5:20,159,19,24.4,40.2,31,29.1,0.01,34962,0.01,0.01
12/13/2009 5:30,171,21.4,24,40.2,34,29.1,0.02,35282,0,0
12/13/2009 5:40,185,17.8,19.7,40.1,42,29.1,0.03,35872,0.11,0.11
12/13/2009 5:50,169,30.2,33.2,38.4,53,29.1,0.07,36472,0.22,0.22
12/13/2009 6:00,181,23.9,28.7,37.5,61,29.1,0.13,37072,0.31,0.31
12/13/2009 6:10,212,24.6,29.5,35.9,73,29.1,0.19,37662,0.36,0.36
12/13/2009 6:20,184,26.1,27.8,35.6,82,29.1,0.24,38272,0.31,0.31
12/13/2009 6:30,146,13.8,18.4,35.6,87,29.1,0.28,38872,0.15,0.15
12/13/2009 6:40,188,18.2,20.2,36.1,88,29.1,0.31,39472,0.09,0.09
12/13/2009 6:50,-Invalid-,-Invalid-,-Invalid-,-Invalid-,-Invalid-,-Invalid-,-Invalid-,-Invalid-,-Invalid-,-Invalid-
12/13/2009 7:00,273,24.5,26.2,36.5,90,29.1,0.37,40672,0.16,0.16
12/13/2009 7:10,190,15.3,19.4,36.1,91,29.1,0.39,41262,0.06,0.06
12/13/2009 7:20,110,15.6,22.9,36.3,91,29.1,0.41,41862,0.05,0.05
12/13/2009 7:30,255,17.8,19.9,36.6,91,29.1,0.42,42462,0.06,0.06
12/13/2009 7:40,135,9.9,15.8,36.6,92,29.1,0.43,43052,0.05,0.05
12/13/2009 7:50,-Invalid-,-Invalid-,-Invalid-,-Invalid-,-Invalid-,-Invalid-,-Invalid-,-Invalid-,-Invalid-,-Invalid-
12/13/2009 8:00,199,13.1,16,37,91,29.1,0.44,44232,0.04,0.04
12/13/2009 8:10,-Invalid-,-Invalid-,-Invalid-,-Invalid-,-Invalid-,-Invalid-,-Invalid-,-Invalid-,-Invalid-,-Invalid-
12/13/2009 8:20,-Invalid-,-Invalid-,-Invalid-,-Invalid-,-Invalid-,-Invalid-,-Invalid-,-Invalid-,-Invalid-,-Invalid-
12/13/2009 8:30,169,25.4,28.2,37.4,90,29,0.45,45822,0.04,0.04
12/13/2009 8:40,171,14.6,24.1,37.5,91,29,0.45,46052,0,0
12/13/2009 8:50,207,16.7,19.4,37.5,91,29,0.46,46622,0.01,0.01
12/13/2009 9:00,205,22.3,23,37.5,91,29,0.47,47162,0.15,0.15
12/13/2009 9:10,-Invalid-,-Invalid-,-Invalid-,-Invalid-,-Invalid-,-Invalid-,-Invalid-,-Invalid-,-Invalid-,-Invalid-
12/13/2009 9:20,170,11.1,12.1,37.7,91,29,0.49,48302,0.01,0.01
12/13/2009 9:30,198,19,20.6,38.1,91,29,0.49,48542,0,0
12/13/2009 9:40,-Invalid-,-Invalid-,-Invalid-,-Invalid-,-Invalid-,-Invalid-,-Invalid-,-Invalid-,-Invalid-,-Invalid-
12/13/2009 9:50,247,37.5,38.1,38.3,92,29,0.49,48742,0,0
12/13/2009 10:00,-Invalid-,-Invalid-,-Invalid-,-Invalid-,-Invalid-,-Invalid-,-Invalid-,-Invalid-,-Invalid-,-Invalid-
12/13/2009 10:10,286,27.2,34.9,38.4,93,29,0.49,48902,0,0
12/13/2009 10:20,166,15.3,30.4,38.4,93,29,0.49,48922,0,0
12/13/2009 10:30,305,28.4,35.6,38.4,94,29,0.49,49112,0,0
12/13/2009 10:40,256,36.2,41,38.8,94,29,0.49,49112,0,0
12/13/2009 10:50,233,34.7,36,39,94,29,0.49,49112,0,0
12/13/2009 11:00,273,39,40.6,39.3,94,29,0.49,49112,0,0
12/13/2009 11:10,234,43.1,46.3,39.7,93,29,0.49,49112,0,0
12/13/2009 11:20,249,43.5,46.6,39.9,92,29,0.49,49112,0,0
12/13/2009 11:30,252,50.8,52.5,39.9,92,29,0.49,49112,0,0
12/13/2009 11:40,263,46,46.9,40.1,91,29,0.49,49112,0,0
12/13/2009 11:50,252,44,46.6,39.9,91,29,0.49,49122,0,0
12/13/2009 12:00,-Invalid-,-Invalid-,-Invalid-,-Invalid-,-Invalid-,-Invalid-,-Invalid-,-Invalid-,-Invalid-,-Invalid-
12/13/2009 12:10,193,18.6,19.4,39.7,91,29,0.49,49202,0,0
12/13/2009 12:20,197,16.2,17.3,39.5,92,29,0.49,49322,0,0
12/13/2009 12:30,-Invalid-,-Invalid-,-Invalid-,-Invalid-,-Invalid-,-Invalid-,-Invalid-,-Invalid-,-Invalid-,-Invalid-
12/13/2009 12:40,221,17.5,21,39.5,92,29,0.49,49352,0,0
12/13/2009 12:50,-Invalid-,-Invalid-,-Invalid-,-Invalid-,-Invalid-,-Invalid-,-Invalid-,-Invalid-,-Invalid-,-Invalid-
12/13/2009 13:00,172,17.9,19.6,39.5,93,29,0.5,49682,0,0
12/13/2009 13:10,124,22.6,24.9,39.7,93,29,0.5,49682,0,0
12/13/2009 13:20,229,24.6,27.7,39.7,93,29,0.5,49952,0.01,0.01
12/13/2009 13:30,244,38.5,44.4,39.3,94,29.1,0.51,50352,0,0
12/13/2009 13:40,261,48.4,49.1,39.2,94,29.1,0.51,50392,0,0
12/13/2009 13:50,209,19.7,29.6,39.2,94,29.1,0.51,50392,0,0
12/13/2009 14:00,269,15.5,19,38.8,95,29.1,0.53,50942,0.02,0.02
12/13/2009 14:10,278,17.4,18.8,38.6,92,29.1,0.53,50962,0,0
12/13/2009 14:20,292,21.8,23.1,38.4,94,29.1,0.53,50962,0,0
12/13/2009 14:30,290,21.6,22.9,38.1,95,29.1,0.53,50962,0,0
12/13/2009 14:40,288,20.5,21.8,37.9,95,29.1,0.53,50962,0,0
12/13/2009 14:50,287,12.7,13.6,38.1,96,29.1,0.53,50962,0,0
12/13/2009 15:00,287,17.7,18.1,37.9,96,29.1,0.53,50962,0,0
12/13/2009 15:10,-Invalid-,-Invalid-,-Invalid-,-Invalid-,-Invalid-,-Invalid-,-Invalid-,-Invalid-,-Invalid-,-Invalid-
12/13/2009 15:20,293,11.7,15.8,38.1,93,29.1,0.53,50962,0,0
12/13/2009 15:30,277,11.9,12.5,38.4,92,29.1,0.53,50962,0,0
12/13/2009 15:40,283,13.9,15.5,38.6,90,29.1,0.53,50962,0,0
12/13/2009 15:50,289,13.6,14.7,38.6,91,29.1,0.53,50962,0,0
12/13/2009 16:00,284,8.9,10.9,38.6,91,29.1,0.53,50962,0,0
12/13/2009 16:10,299,13.2,15,38.4,92,29.1,0.53,50962,0,0
12/13/2009 16:20,296,12.7,13.4,38.4,93,29.1,0.53,51272,0.01,0.01
12/13/2009 16:30,302,13.4,15.2,38.3,92,29.1,0.53,51632,0.01,0.01
12/13/2009 16:40,295,19.2,20.9,38.3,92,29.2,0.53,51792,0,0
12/13/2009 16:50,291,19.4,22.4,38.3,92,29.2,0.53,51792,0,0
12/13/2009 17:00,293,14.5,15.7,38.3,91,29.2,0.53,51792,0,0
12/13/2009 17:10,300,19.4,21,38.4,91,29.2,0.53,51792,0,0
12/13/2009 17:20,302,17.5,18.2,38.4,91,29.2,0.53,51792,0,0
12/13/2009 17:30,303,11.8,12.7,38.4,91,29.2,0.53,51792,0,0
12/13/2009 17:40,303,13.5,15.1,38.4,90,29.2,0.53,51792,0,0
12/13/2009 17:50,299,10.8,12.9,38.4,90,29.2,0.53,51792,0,0
12/13/2009 18:00,299,12.9,13.8,38.4,90,29.2,0.53,51792,0,0
12/13/2009 18:10,303,7.1,8.7,38.4,90,29.2,0.53,51792,0,0
12/13/2009 18:20,293,11.2,12.4,38.8,89,29.2,0.53,51792,0,0
12/13/2009 18:30,303,10.4,12.6,38.8,88,29.2,0.53,51792,0,0
12/13/2009 18:40,319,6.5,8.2,38.6,88,29.2,0.53,51792,0,0
12/13/2009 18:50,289,7.3,8,38.4,89,29.2,0.53,51792,0,0
12/13/2009 19:00,306,6.9,8.2,38.8,88,29.2,0.53,51792,0,0
12/13/2009 19:10,294,6.7,7.8,38.6,88,29.2,0.53,51792,0,0
12/13/2009 19:20,301,8.9,9.3,38.6,87,29.2,0.53,51792,0,0
12/13/2009 19:30,305,7.3,8.2,38.4,87,29.2,0.53,51792,0,0
12/13/2009 19:40,291,8.4,8.8,38.6,87,29.2,0.53,51792,0,0
12/13/2009 19:50,272,4.8,5.6,38.4,88,29.2,0.53,51792,0,0
12/13/2009 20:00,289,3.5,4.5,38.3,88,29.2,0.53,51792,0,0
12/13/2009 20:10,271,6.1,6.4,38.4,88,29.2,0.53,51792,0,0
12/13/2009 20:20,224,3.5,4,38.4,88,29.2,0.53,51792,0,0
12/13/2009 20:30,178,3.3,3.7,38.1,90,29.2,0.53,51792,0,0
12/13/2009 20:40,217,7.8,8.5,37.5,92,29.2,0.53,51792,0,0
12/13/2009 20:50,190,5,5.4,37.4,93,29.2,0.53,51792,0,0
12/13/2009 21:00,212,5.5,6.5,37.2,93,29.2,0,51792,0,0
12/13/2009 21:10,177,3.9,5.3,37,93,29.2,0,51792,0,0
12/13/2009 21:20,194,3.9,4.8,37,93,29.2,0,51792,0,0
12/13/2009 21:30,180,6.1,7,36.8,94,29.2,0,51812,0,0
12/13/2009 21:40,199,8.3,8.9,36.6,94,29.2,0,51842,0,0
12/13/2009 21:50,203,8.2,9.1,36.5,94,29.2,0,51842,0,0
12/13/2009 22:00,189,6.6,7.5,36.5,94,29.2,0,51842,0,0
12/13/2009 22:10,197,10.6,11.6,36.3,94,29.2,0,51842,0,0
12/13/2009 22:20,195,6.4,7.3,36.3,94,29.2,0,51842,0,0
12/13/2009 22:30,190,6.8,7.6,36.3,94,29.2,0,51842,0,0
12/13/2009 22:40,194,6.5,7.4,36.3,94,29.2,0,51842,0,0
12/13/2009 22:50,187,6.6,7,36.1,94,29.2,0,51842,0,0
12/13/2009 23:00,152,3.2,5.9,36.1,94,29.2,0,51912,0,0
12/13/2009 23:10,147,7.8,9.4,36.1,94,29.2,0,51932,0,0
12/13/2009 23:20,174,7.3,8,36.1,93,29.2,0,51942,0,0
12/13/2009 23:30,163,8.1,8.8,36.1,93,29.2,0,51942,0,0
12/13/2009 23:40,173,9.7,10.5,35.9,94,29.2,0,51942,0,0
12/13/2009 23:50,212,9.3,9.9,35.9,94,29.2,0,51942,0,0
12/14/2009 0:00,161,12.4,16.9,36.1,94,29.2,0,51942,0,0
12/14/2009 0:10,269,18.2,22.2,36.1,93,29.2,0,51942,0,0
12/14/2009 0:20,147,26.5,29.3,36.1,93,29.2,0,51942,0,0
12/14/2009 0:30,258,22.3,24.1,36.3,93,29.2,0,51942,0,0
12/14/2009 0:40,148,20.4,23.8,36.3,93,29.2,0,51942,0,0
12/14/2009 0:50,117,14.4,22.8,36.3,93,29.2,0,51942,0,0
12/14/2009 1:00,207,20.1,23.2,36.1,93,29.2,0,51942,0,0
12/14/2009 1:10,238,22.1,23,36.1,93,29.2,0,51942,0,0
12/14/2009 1:20,126,21.1,22.7,36.3,92,29.2,0,51942,0,0
12/14/2009 1:30,123,21.4,22.8,36.3,92,29.2,0,51942,0,0
12/14/2009 1:40,168,18.4,21.1,36.3,92,29.2,0,51942,0,0
12/14/2009 1:50,109,15,16.5,36.3,91,29.2,0,51942,0,0
12/14/2009 2:00,122,16.2,17.5,36.3,91,29.2,0,51942,0,0
12/14/2009 2:10,182,15.7,18.1,36.3,91,29.2,0,51942,0,0
12/14/2009 2:20,138,14.8,16.9,36.3,91,29.2,0,51942,0,0
12/14/2009 2:30,202,15.3,17.7,36.3,90,29.2,0,51942,0,0
12/14/2009 2:40,135,13.7,15,36.3,90,29.2,0,51942,0,0
12/14/2009 2:50,146,6.8,10.5,36.3,89,29.2,0,51942,0,0
12/14/2009 3:00,172,3.9,5.1,36.8,86,29.2,0,51942,0,0
12/14/2009 3:10,150,7.3,8.4,36.8,86,29.2,0,51942,0,0
12/14/2009 3:20,168,10.4,11.4,36.8,86,29.2,0,51942,0,0
12/14/2009 3:30,159,8,8.6,36.6,87,29.2,0,51942,0,0
12/14/2009 3:40,153,8.2,8.8,36.5,87,29.2,0,51942,0,0
12/14/2009 3:50,127,4.9,6.8,36.5,88,29.2,0,51942,0,0
12/14/2009 4:00,161,8.8,10.2,36.5,87,29.2,0,51942,0,0
12/14/2009 4:10,140,9.3,11.2,36.5,87,29.2,0,51942,0,0
12/14/2009 4:20,140,8.9,9.8,36.5,87,29.2,0,51942,0,0
12/14/2009 4:30,132,5.5,6.6,36.6,86,29.2,0,51942,0,0
12/14/2009 4:40,119,8.2,9.4,36.5,86,29.2,0,51942,0,0
12/14/2009 4:50,137,9.1,9.5,36.5,87,29.2,0,51942,0,0
12/14/2009 5:00,131,7.8,8.5,36.6,86,29.2,0,51942,0,0
12/14/2009 5:10,150,10.9,11.6,36.6,85,29.2,0,51942,0,0
12/14/2009 5:20,134,5.3,9,36.8,85,29.2,0,51942,0,0
12/14/2009 5:30,149,7.7,8.8,36.8,86,29.2,0,51942,0,0
12/14/2009 5:40,86,4,4.5,36.8,86,29.2,0,51942,0,0
12/14/2009 5:50,157,10.4,11.9,36.8,86,29.2,0,51942,0,0
12/14/2009 6:00,162,8.5,9.7,36.8,86,29.2,0,51942,0,0
12/14/2009 6:10,155,8.6,11.8,36.8,86,29.2,0,51942,0,0
12/14/2009 6:20,166,9.9,11,37,86,29.2,0,51942,0,0
12/14/2009 6:30,160,5.9,7.2,37,86,29.2,0,51942,0,0
12/14/2009 6:40,167,6.3,7.7,37.2,86,29.2,0,51942,0,0
12/14/2009 6:50,179,10.4,11.4,37.4,85,29.2,0,51942,0,0
12/14/2009 7:00,192,10.1,11.3,37.7,85,29.2,0,51942,0,0
12/14/2009 7:10,167,9.6,10.2,37.9,84,29.2,0,51942,0,0
12/14/2009 7:20,146,6.1,7.6,38.1,84,29.2,0,51942,0,0
12/14/2009 7:30,176,8.4,9.9,38.3,83,29.2,0,51942,0,0
12/14/2009 7:40,140,6.8,7.9,38.4,83,29.2,0,51942,0,0
12/14/2009 7:50,182,9.1,10,38.6,83,29.2,0,51942,0,0
12/14/2009 8:00,173,9.2,10.3,38.8,83,29.2,0,51942,0,0
12/14/2009 8:10,194,4.6,7,38.8,83,29.2,0,51942,0,0
12/14/2009 8:20,143,8.7,9.7,38.8,83,29.1,0,51942,0,0
12/14/2009 8:30,190,11.4,11.8,39,82,29.2,0,51942,0,0
12/14/2009 8:40,157,11.3,12.3,39.2,82,29.1,0,51942,0,0
12/14/2009 8:50,204,6.3,7.6,39.5,82,29.1,0,51942,0,0
12/14/2009 9:00,187,4,4.6,39.7,82,29.1,0,51942,0,0
12/14/2009 9:10,152,8.3,9.3,39.9,81,29.1,0,51942,0,0
12/14/2009 9:20,197,4.3,4.8,39.9,81,29.1,0,51942,0,0
12/14/2009 9:30,195,13.1,14.6,40.2,80,29.1,0,51942,0,0
12/14/2009 9:40,215,6.8,8.6,40.2,81,29.1,0,51942,0,0
12/14/2009 9:50,182,2.9,5.1,40.4,80,29.1,0,51942,0,0
12/14/2009 10:00,175,11.2,12.1,40.6,80,29.1,0,51942,0,0
12/14/2009 10:10,155,11,12.6,40.6,80,29.1,0,51942,0,0
12/14/2009 10:20,159,14.6,15.5,40.6,80,29,0,51942,0,0
12/14/2009 10:30,172,6.1,7.5,41,80,29,0,51942,0,0
12/14/2009 10:40,151,9.7,10.8,41.1,79,29,0,51942,0,0
12/14/2009 10:50,164,10.5,11.5,41.5,79,29,0,51942,0,0
12/14/2009 11:00,175,11.5,13.7,41.9,79,29,0,51942,0,0
12/14/2009 11:10,167,9.9,10.9,42.4,78,29,0,51942,0,0
12/14/2009 11:20,172,6.8,8.1,42.6,78,29,0,51942,0,0
12/14/2009 11:30,158,4,4.4,43.1,77,29,0,51942,0,0
12/14/2009 11:40,90,3,4.6,43.5,77,29,0,51942,0,0
12/14/2009 11:50,174,8,9.5,44,76,29,0,51942,0,0
12/14/2009 12:00,200,5.7,7.3,44.4,76,29,0,51942,0,0
12/14/2009 12:10,177,7.8,8.1,44.7,75,29,0,51942,0,0
12/14/2009 12:20,195,11.2,12.3,45.3,75,29,0,51942,0,0
12/14/2009 12:30,181,11.6,13.4,45.5,75,29,0,51942,0,0
12/14/2009 12:40,170,14.7,15.8,45.6,74,29,0,51942,0,0
12/14/2009 12:50,194,14.2,15.8,45.6,75,29,0,51942,0,0
12/14/2009 13:00,165,12.6,16.3,45.8,75,28.9,0,51942,0,0
12/14/2009 13:10,156,11.9,15.5,45.8,75,28.9,0,51942,0,0
12/14/2009 13:20,174,10.6,13.6,46,75,28.9,0,51942,0,0
12/14/2009 13:30,143,12.2,18.1,46,75,28.9,0,51942,0,0
12/14/2009 13:40,214,10.9,13.1,46,75,28.9,0,51942,0,0
12/14/2009 13:50,183,16.2,18,46,76,28.9,0,51942,0,0
12/14/2009 14:00,182,17.9,18.9,46.4,75,28.9,0,51942,0,0
12/14/2009 14:10,181,20.5,23,46.4,75,28.9,0,51942,0,0
12/14/2009 14:20,147,8.7,13.8,46.7,74,28.9,0,51942,0,0
12/14/2009 14:30,182,20.9,22.4,47.1,74,28.9,0,51942,0,0
12/14/2009 14:40,155,11.9,19,46.9,75,28.9,0,51942,0,0
12/14/2009 14:50,203,16.1,17.5,46.7,75,28.9,0,51942,0,0
12/14/2009 15:00,183,16.5,17.2,47.1,75,28.9,0,52082,0,0
12/14/2009 15:10,193,13.1,15,47.1,76,28.9,0,52082,0,0
12/14/2009 15:20,183,13.3,14.3,47.4,75,28.9,0,52082,0,0
12/14/2009 15:30,189,12.3,13.3,47.4,75,28.9,0,52082,0,0
12/14/2009 15:40,183,17.2,18.2,47.8,75,28.9,0,52082,0,0
12/14/2009 15:50,201,12.7,15.2,47.8,75,28.9,0,52082,0,0
12/14/2009 16:00,209,11,11.9,48,75,28.9,0,52082,0,0
12/14/2009 16:10,207,17.6,18.7,48.3,74,28.9,0,52082,0,0
12/14/2009 16:20,207,12,13.4,48.3,74,28.9,0,52082,0,0
12/14/2009 16:30,203,9.3,13.2,48.5,74,28.9,0,52082,0,0
12/14/2009 16:40,207,9.8,11.3,48.7,74,28.9,0,52082,0,0
12/14/2009 16:50,214,9.1,10.3,48.7,74,28.9,0,52082,0,0
12/14/2009 17:00,204,10.4,10.9,48.7,75,28.9,0,52082,0,0
12/14/2009 17:10,225,15.1,16,48.5,76,28.9,0,52082,0,0
12/14/2009 17:20,208,14.9,16.7,48.7,77,28.9,0,52082,0,0
12/14/2009 17:30,215,14.8,15.5,48.9,78,28.9,0,52082,0,0
12/14/2009 17:40,214,15.1,16.3,48,83,28.9,0,52082,0,0
12/14/2009 17:50,-Invalid-,-Invalid-,-Invalid-,-Invalid-,-Invalid-,-Invalid-,-Invalid-,-Invalid-,-Invalid-,-Invalid-
12/14/2009 18:00,-Invalid-,-Invalid-,-Invalid-,-Invalid-,-Invalid-,-Invalid-,-Invalid-,-Invalid-,-Invalid-,-Invalid-
12/14/2009 18:10,252,44.6,46.9,47.1,88,28.9,0,52082,0,0
12/14/2009 18:20,259,49,50.4,46.4,89,28.9,0,52082,0,0
12/14/2009 18:30,257,40.3,44.6,47.3,87,28.9,0,52082,0,0
12/14/2009 18:40,222,18.3,28.3,47.6,86,28.9,0,52082,0,0
12/14/2009 18:50,220,15.6,16,47.6,86,28.9,0,52082,0,0
12/14/2009 19:00,205,12.9,14.2,47.6,86,28.9,0,52082,0,0
12/14/2009 19:10,214,6.8,9.6,47.8,86,28.9,0,52082,0,0
12/14/2009 19:20,219,17.7,19.3,48.2,85,28.9,0,52082,0,0
12/14/2009 19:30,204,12.4,14.3,48.2,85,28.9,0,52092,0,0
12/14/2009 19:40,213,16.5,17.4,48.2,86,29,0,52092,0,0
12/14/2009 19:50,214,20.6,21.7,48.3,85,28.9,0,52092,0,0
12/14/2009 20:00,213,16.5,17.2,48.2,85,29,0,52222,0,0
12/14/2009 20:10,269,13.5,15.4,44.9,89,29,0,52542,0.05,0.05
12/14/2009 20:20,287,9.2,10.4,43.3,95,29,0.01,52682,0,0
12/14/2009 20:30,243,9.9,10.6,43.1,96,29,0.01,52822,0,0
12/14/2009 20:40,265,14.8,17.2,43.1,97,29,0.01,52822,0,0
12/14/2009 20:50,244,13.2,14.6,43.3,97,29,0.01,52962,0,0
12/14/2009 21:00,282,8.2,10.9,42.8,97,29,0,52962,0,0
12/14/2009 21:10,259,11.1,11.7,42.2,97,29,0,53122,0,0
12/14/2009 21:20,239,14.3,18.9,43.1,97,29,0,53262,0,0
12/14/2009 21:30,249,15,16.5,43.1,96,29,0,53352,0,0
12/14/2009 21:40,259,11.7,13.2,42.6,95,29,0,53352,0,0
12/14/2009 21:50,242,17.6,18.9,42.6,96,29,0,53352,0,0
12/14/2009 22:00,244,17.7,18.7,42.8,96,29,0,53372,0,0
12/14/2009 22:10,236,17.4,18.8,42.8,95,29,0,53462,0,0
12/14/2009 22:20,262,12.7,14.3,42.9,95,29,0,53532,0,0
12/14/2009 22:30,247,16.1,16.8,42.6,94,29,0,53582,0,0
12/14/2009 22:40,253,15.4,21.1,42.4,95,29,0,53582,0,0
12/14/2009 22:50,255,21,23.6,42.4,95,29,0,53582,0,0
12/14/2009 23:00,231,23.8,25.8,42.2,95,29,0,53582,0,0
12/14/2009 23:10,228,23.3,25.9,42.2,95,29,0,53582,0,0
12/14/2009 23:20,243,16.7,18.7,42,94,29,0,53582,0,0
12/14/2009 23:30,244,20.3,21.8,41.3,94,29,0,53582,0,0
12/14/2009 23:40,249,21.2,23.4,41.1,95,29,0,53582,0,0
12/14/2009 23:50,277,10.2,13.4,40.4,96,29,0,53582,0,0
12/15/2009 0:00,280,16.3,18.6,40.4,95,29,0,53682,0.01,0.01
12/15/2009 0:10,261,13.1,15,40.4,94,29,0,53722,0,0
12/15/2009 0:20,272,16.5,17.8,40.4,93,29.1,0,53722,0,0
12/15/2009 0:30,256,9.5,10.7,40.4,93,29.1,0,53762,0,0
12/15/2009 0:40,285,11,13.3,40.2,93,29.1,0,53762,0,0
12/15/2009 0:50,241,11.5,14.5,40.1,93,29.1,0,53762,0,0
12/15/2009 1:00,263,9.8,12.3,40.1,92,29.1,0,53762,0,0
12/15/2009 1:10,260,7.5,8.8,39.7,93,29.1,0,53762,0,0
12/15/2009 1:20,268,14.5,18,39.9,91,29.1,0,53762,0,0
12/15/2009 1:30,284,13.9,14.6,39.7,92,29.1,0,53762,0,0
12/15/2009 1:40,279,18.8,19.7,39.7,92,29.1,0,53762,0,0
12/15/2009 1:50,296,15.9,18.1,39.9,91,29.1,0,53762,0,0
12/15/2009 2:00,277,15.8,17.6,39.7,91,29.1,0,53762,0,0
12/15/2009 2:10,285,14.2,18.7,39.7,90,29.1,0,53762,0,0
12/15/2009 2:20,303,7.8,12.3,39.5,90,29.1,0,53762,0,0
12/15/2009 2:30,261,14.8,16.2,39.5,90,29.1,0,53762,0,0
12/15/2009 2:40,252,13.2,14.6,39.3,89,29.1,0,53762,0,0
12/15/2009 2:50,273,15,15.6,39.3,89,29.1,0,53762,0,0
12/15/2009 3:00,276,15.7,16.4,39.2,88,29.1,0,53762,0,0
12/15/2009 3:10,291,18.5,20.9,39.2,86,29.1,0,53762,0,0
12/15/2009 3:20,296,15.4,16.1,38.8,88,29.1,0,53762,0,0
12/15/2009 3:30,281,14.4,16.2,38.6,88,29.1,0,53762,0,0
12/15/2009 3:40,270,16.3,19.1,38.4,87,29.1,0,53762,0,0
12/15/2009 3:50,279,15.4,20.2,38.1,86,29.1,0,53762,0,0
12/15/2009 4:00,271,16.5,17.8,37.9,82,29.1,0,53762,0,0
12/15/2009 4:10,267,12.6,16.3,37.7,81,29.1,0,53762,0,0
12/15/2009 4:20,298,13.9,15.1,37.5,85,29.1,0,53762,0,0
12/15/2009 4:30,282,14.6,17.1,37.4,85,29.1,0,53762,0,0
12/15/2009 4:40,285,17.7,22.6,37,81,29.1,0,53762,0,0
12/15/2009 4:50,267,14,17,37,81,29.1,0,53762,0,0
12/15/2009 5:00,280,17.1,18.9,37,83,29.1,0,53762,0,0
12/15/2009 5:10,280,11.9,13.9,36.8,84,29.1,0,53762,0,0
12/15/2009 5:20,254,14.4,17.5,36.8,82,29.1,0,53762,0,0
12/15/2009 5:30,250,13.8,14.8,36.6,83,29.2,0,53762,0,0
12/15/2009 5:40,290,11.6,15.7,36.8,83,29.2,0,53762,0,0
12/15/2009 5:50,267,11.9,14.4,36.8,84,29.2,0,53762,0,0
12/15/2009 6:00,295,8.3,9.8,36.8,83,29.2,0,53762,0,0
12/15/2009 6:10,266,13.9,16,37,85,29.2,0,53762,0,0
12/15/2009 6:20,267,9.5,11,37.2,84,29.2,0,53762,0,0
12/15/2009 6:30,261,13.9,14.4,37.2,85,29.2,0,53762,0,0
12/15/2009 6:40,246,8.8,9.9,37.2,85,29.2,0,53762,0,0
12/15/2009 6:50,241,13.1,15.3,37.2,85,29.2,0,53762,0,0
12/15/2009 7:00,274,13.3,14.6,37.2,87,29.2,0,53762,0,0
12/15/2009 7:10,282,11.3,12.5,37,88,29.2,0,53762,0,0
12/15/2009 7:20,272,10.2,11,37,89,29.2,0,53762,0,0
12/15/2009 7:30,235,12.6,13.5,37,88,29.2,0,53762,0,0
12/15/2009 7:40,266,13.7,16.3,37,89,29.2,0,53762,0,0
12/15/2009 7:50,269,16.5,17.9,37,89,29.2,0,53762,0,0
12/15/2009 8:00,258,10.6,13.4,37,90,29.2,0,53762,0,0
12/15/2009 8:10,233,12.5,13.4,37,91,29.2,0,53762,0,0
12/15/2009 8:20,270,17,18.1,36.8,91,29.2,0,53772,0,0
12/15/2009 8:30,250,21.1,21.9,36.8,92,29.2,0,53772,0,0
12/15/2009 8:40,246,12.5,14.1,36.6,93,29.2,0,53792,0,0
12/15/2009 8:50,259,15.3,17.9,36.6,93,29.2,0,53862,0,0
12/15/2009 9:00,253,17.2,18.7,36.6,94,29.2,0,53902,0,0
12/15/2009 9:10,258,16.1,17,36.5,94,29.2,0,53912,0,0
12/15/2009 9:20,259,11,11.7,36.5,95,29.2,0,53942,0,0
12/15/2009 9:30,255,13.2,16,36.5,95,29.2,0,53992,0,0
12/15/2009 9:40,256,19.4,20.4,36.3,95,29.2,0,54042,0,0
12/15/2009 9:50,245,13.6,15.5,36.5,94,29.2,0,54072,0,0
12/15/2009 10:00,262,13.1,13.8,36.6,93,29.2,0,54172,0,0
12/15/2009 10:10,284,17.7,21.4,36.3,93,29.2,0,54342,0,0
12/15/2009 10:20,249,13.6,16.8,36.3,93,29.2,0.01,54712,0,0
12/15/2009 10:30,273,13.3,14.6,36.1,94,29.2,0.01,54842,0,0
12/15/2009 10:40,279,23.6,28,36.1,92,29.2,0.01,54992,0,0
12/15/2009 10:50,287,19.6,21.4,35.9,92,29.2,0.01,55012,0,0
12/15/2009 11:00,276,13.1,15.4,35.9,93,29.2,0.01,55162,0,0
12/15/2009 11:10,277,17.8,20.6,35.9,92,29.2,0.01,55182,0,0
12/15/2009 11:20,264,23.5,25,35.9,92,29.2,0.01,55182,0,0
12/15/2009 11:30,274,22.1,25.5,35.9,91,29.2,0.01,55182,0,0
12/15/2009 11:40,274,24.8,27.4,35.9,90,29.2,0.01,55212,0.05,0.05
12/15/2009 11:50,285,24.2,27.8,35.9,91,29.2,0.01,55212,0,0
12/15/2009 12:00,277,17.3,19.5,35.7,91,29.2,0.01,55212,0,0
12/15/2009 12:10,298,23.8,24.6,35.9,89,29.2,0.01,55222,0,0
12/15/2009 12:20,288,28.7,31.4,35.9,86,29.2,0.01,55222,0,0
12/15/2009 12:30,269,23.7,25.7,35.2,91,29.2,0.01,55222,0,0
12/15/2009 12:40,275,17.3,19.8,35,91,29.2,0.01,55222,0,0
12/15/2009 12:50,288,20.8,27.1,34.7,92,29.2,0.01,55282,0,0
12/15/2009 13:00,286,24.9,27.1,34.7,90,29.2,0.01,55482,0.01,0.01
12/15/2009 13:10,286,27.5,29.7,35.4,86,29.2,0.01,55492,0,0
12/15/2009 13:20,288,27,28.5,34.8,88,29.2,0.01,55592,0,0
12/15/2009 13:30,311,24.6,32,34.8,86,29.2,0.01,55682,0,0
12/15/2009 13:40,292,34,35.2,34.8,85,29.2,0.01,55682,0,0
12/15/2009 13:50,299,27,28.6,34.1,85,29.2,0.01,55682,0,0
12/15/2009 14:00,290,25.3,28.5,34.3,84,29.3,0.01,55722,0,0
12/15/2009 14:10,302,25.1,28.4,34.7,81,29.3,0.01,55722,0,0
12/15/2009 14:20,306,18.6,24,34.7,80,29.3,0.01,55722,0,0
12/15/2009 14:30,305,12.8,16.7,34.7,82,29.3,0.01,55722,0,0
12/15/2009 14:40,319,15.9,19.8,34.8,77,29.3,0.01,55722,0,0
12/15/2009 14:50,298,19.4,23,35,72,29.3,0.01,55722,0,0
12/15/2009 15:00,301,20.9,22.7,35,72,29.3,0.01,55722,0,0
12/15/2009 15:10,288,24.2,25.8,35,68,29.3,0.01,55722,0,0
12/15/2009 15:20,300,24.8,25.5,35,64,29.3,0.01,55722,0,0
12/15/2009 15:30,303,21.4,24.1,33.8,75,29.3,0.01,55722,0,0
12/15/2009 15:40,314,21,22.2,32.3,86,29.3,0.01,55872,0,0
12/15/2009 15:50,304,17.6,21.4,32,90,29.3,0.01,55922,0,0
12/15/2009 16:00,295,12,13.6,32.3,89,29.3,0.01,55922,0,0
12/15/2009 16:10,311,26.4,30.1,31.9,94,29.3,0.03,56162,0.33,0.33
12/15/2009 16:20,296,32,35.4,31,94,29.3,0.03,56412,0,0
12/15/2009 16:30,306,25,27.1,31.3,89,29.3,0.03,56412,0,0
12/15/2009 16:40,294,27.4,30.8,32.3,82,29.3,0.03,56412,0,0
12/15/2009 16:50,312,18.8,22,32.9,83,29.3,0.03,56412,0,0
12/15/2009 17:00,318,24.7,27.3,32.3,89,29.3,0.03,56472,0,0
12/15/2009 17:10,321,22.2,23.3,32,82,29.3,0.03,56472,0,0
12/15/2009 17:20,310,28.4,31.4,32.5,73,29.3,0.03,56492,0,0
12/15/2009 17:30,314,24.2,26.3,32.5,73,29.3,0.03,56492,0,0
12/15/2009 17:40,314,29.8,34.5,32.5,71,29.3,0.03,56492,0,0
12/15/2009 17:50,323,33.3,35.6,32.1,68,29.3,0.03,56492,0,0
12/15/2009 18:00,313,30.1,32.5,32.1,73,29.3,0.03,56492,0,0
12/15/2009 18:10,315,28,30.2,32.1,67,29.3,0.03,56492,0,0
12/15/2009 18:20,321,16.7,21.6,32,72,29.4,0.03,56492,0,0
12/15/2009 18:30,314,23.8,26.8,31.9,72,29.4,0.03,56552,0,0
12/15/2009 18:40,317,25,29.3,31.7,74,29.4,0.03,56562,0,0
12/15/2009 18:50,317,34.6,38.2,31.1,70,29.4,0.03,56682,0,0
12/15/2009 19:00,339,19.5,27.9,31,73,29.4,0.03,56682,0,0
12/15/2009 19:10,323,32,34.1,31,69,29.4,0.03,56712,0,0
12/15/2009 19:20,314,28.4,32,30.6,69,29.4,0.03,56712,0,0
12/15/2009 19:30,318,24,25.3,30.6,74,29.4,0.03,56712,0,0
12/15/2009 19:40,321,26.5,30.5,30.2,69,29.4,0.03,56712,0,0
12/15/2009 19:50,318,27.2,29.5,30.1,66,29.4,0.03,56712,0,0
12/15/2009 20:00,319,20.1,22,30.1,64,29.4,0.03,56712,0,0
12/15/2009 20:10,317,18.8,21.3,30.2,70,29.4,0.03,56712,0,0
12/15/2009 20:20,303,24.8,28.2,29.7,71,29.4,0.03,56712,0,0
12/15/2009 20:30,304,20,23.3,29.7,72,29.4,0.03,56712,0,0
12/15/2009 20:40,315,19.2,22.9,29.7,72,29.4,0.03,56742,0,0
12/15/2009 20:50,308,23.6,25.5,29.7,65,29.4,0.03,56742,0,0
12/15/2009 21:00,297,26.3,27.6,29.7,63,29.4,0,56742,0,0
12/15/2009 21:10,305,23.4,27,29.5,65,29.4,0,56742,0,0
12/15/2009 21:20,302,24.3,28.5,29.2,68,29.4,0,56742,0,0
12/15/2009 21:30,294,26.9,29.7,28.8,68,29.4,0,56742,0,0
12/15/2009 21:40,301,25.7,27.1,28.4,68,29.4,0,56742,0,0
12/15/2009 21:50,306,21.9,23.5,28.4,67,29.4,0,56742,0,0
12/15/2009 22:00,307,16.7,19.1,28.3,65,29.4,0,56742,0,0
12/15/2009 22:10,302,19.3,20.8,28.1,67,29.4,0,56742,0,0
12/15/2009 22:20,277,18.7,26.7,28.1,66,29.4,0,56742,0,0
12/15/2009 22:30,308,19.8,21,27.9,68,29.4,0,56742,0,0
12/15/2009 22:40,279,21.9,26.7,27.5,73,29.4,0,56742,0,0
12/15/2009 22:50,305,23.5,25.3,27.5,68,29.4,0,56762,0,0
12/15/2009 23:00,310,14,19.8,27.4,68,29.4,0,56762,0,0
12/15/2009 23:10,282,26.3,28.1,27.4,65,29.4,0,56762,0,0
12/15/2009 23:20,296,18.2,20.8,27.2,65,29.5,0,56762,0,0
12/15/2009 23:30,306,17.2,19.7,26.8,66,29.5,0,56762,0,0
12/15/2009 23:40,275,20.4,25,27,66,29.5,0,56762,0,0
12/15/2009 23:50,279,14.6,19.2,26.6,67,29.5,0,56762,0,0
12/16/2009 0:00,288,20.9,22.1,26.1,68,29.5,0,56762,0,0
12/16/2009 0:10,286,17.3,19.6,25.9,68,29.5,0,56772,0,0
12/16/2009 0:20,306,20,24.4,25.9,70,29.5,0,56772,0,0
12/16/2009 0:30,290,26.3,28.3,25.6,67,29.5,0,56772,0,0
12/16/2009 0:40,297,26.8,27.5,25.6,67,29.5,0,56772,0,0
12/16/2009 0:50,290,22.1,24.2,25.6,67,29.5,0,56772,0,0
12/16/2009 1:00,296,12.8,16.9,25.4,64,29.5,0,56772,0,0
12/16/2009 1:10,286,22.3,27.9,25.2,66,29.5,0,56772,0,0
12/16/2009 1:20,279,23.7,24.9,25.2,68,29.5,0,56772,0,0
12/16/2009 1:30,316,16.1,19.4,25,69,29.5,0,56772,0,0
12/16/2009 1:40,294,21.1,21.5,25.2,67,29.5,0,56772,0,0
12/16/2009 1:50,312,17.7,22,25.2,71,29.5,0,56772,0,0
12/16/2009 2:00,289,14.6,16.6,25.4,72,29.5,0,56772,0,0
12/16/2009 2:10,302,15.1,17.6,24.8,70,29.5,0,56772,0,0
12/16/2009 2:20,273,26.6,27.8,25,69,29.5,0,56772,0,0
12/16/2009 2:30,278,19.9,22.2,24.5,68,29.5,0,56772,0,0
12/16/2009 2:40,289,20.4,25.6,24.5,72,29.5,0,56772,0,0
12/16/2009 2:50,265,22.8,24.3,24.7,68,29.5,0,56772,0,0
12/16/2009 3:00,275,21.1,24.8,25,68,29.5,0,56772,0,0
12/16/2009 3:10,292,20,21.9,24.8,67,29.5,0,56772,0,0
12/16/2009 3:20,269,23.4,24.7,24.8,74,29.5,0,56772,0,0
12/16/2009 3:30,307,16.5,21.4,25,71,29.5,0,56772,0,0
12/16/2009 3:40,288,12.6,14,24.5,70,29.5,0,56772,0,0
12/16/2009 3:50,290,6.9,9.1,24.3,74,29.5,0,56782,0,0
12/16/2009 4:00,283,14,17.3,24.5,74,29.5,0,56782,0,0
12/16/2009 4:10,294,24.1,27.1,23.9,69,29.5,0,56792,0,0
12/16/2009 4:20,295,12.8,20.9,24.3,71,29.5,0,56792,0,0
12/16/2009 4:30,294,22.3,25.3,24.3,67,29.5,0,56802,0,0
12/16/2009 4:40,286,18.9,20.8,24.1,70,29.5,0,56802,0,0
12/16/2009 4:50,285,17.6,19.9,24.5,75,29.5,0,56802,0,0
12/16/2009 5:00,282,23.8,25.7,24.8,71,29.5,0,56802,0,0
12/16/2009 5:10,253,21.1,22.4,25,71,29.5,0,56802,0,0
12/16/2009 5:20,262,25.6,26.8,25.2,67,29.5,0,56812,0,0
12/16/2009 5:30,284,22.5,25.1,25,68,29.5,0,56812,0,0
12/16/2009 5:40,290,22.2,24.4,25.2,67,29.5,0,56812,0,0
12/16/2009 5:50,289,26.6,29,25.2,66,29.5,0,56822,0,0
12/16/2009 6:00,271,25.9,27.2,25.6,71,29.5,0,56822,0,0
12/16/2009 6:10,290,26.5,29.6,24.8,66,29.5,0,56822,0,0
12/16/2009 6:20,276,24.6,26.8,25,68,29.5,0,56822,0,0
12/16/2009 6:30,277,24.7,29,25.2,64,29.5,0,56822,0,0
12/16/2009 6:40,319,11.5,21.1,25.4,71,29.5,0,56822,0,0
12/16/2009 6:50,282,25.8,28.3,25,73,29.5,0,56822,0,0
12/16/2009 7:00,316,12.7,19.8,25,70,29.5,0,56822,0,0
12/16/2009 7:10,300,21.8,22.1,25.2,69,29.5,0,56822,0,0
12/16/2009 7:20,308,11.6,16.5,25.2,72,29.5,0,56832,0,0
12/16/2009 7:30,297,15.1,21.3,25.4,69,29.5,0,56832,0,0
12/16/2009 7:40,288,20.2,23.8,25.4,71,29.5,0,56832,0,0
12/16/2009 7:50,294,15.5,17.5,25.4,72,29.5,0,56832,0,0
12/16/2009 8:00,284,9.4,11.5,25.7,69,29.6,0,56832,0,0
12/16/2009 8:10,279,20.2,22.8,25.4,69,29.5,0,56832,0,0
12/16/2009 8:20,273,15.9,18.4,25.7,75,29.5,0,56832,0,0
12/16/2009 8:30,277,27.3,30,25.7,69,29.5,0,56832,0,0
12/16/2009 8:40,282,24.8,27.4,25.7,71,29.5,0,56832,0,0
12/16/2009 8:50,284,23.6,26.2,25.9,67,29.5,0,56832,0,0
12/16/2009 9:00,275,23,26.2,25.9,73,29.5,0,56832,0,0
12/16/2009 9:10,284,27.6,30.1,25.9,74,29.5,0,56832,0,0
12/16/2009 9:20,306,15.3,21.6,25.7,73,29.5,0,56832,0,0
12/16/2009 9:30,287,19,21.5,25.9,68,29.5,0,56832,0,0
12/16/2009 9:40,294,18.9,23.9,25.2,74,29.5,0,56832,0,0
12/16/2009 9:50,286,22.4,23.9,25.6,75,29.5,0,56832,0,0
12/16/2009 10:00,283,25.2,27.6,25.4,67,29.5,0,56832,0,0
12/16/2009 10:10,289,13.3,17.9,25.6,65,29.5,0,56832,0,0
12/16/2009 10:20,275,20,22.5,25.6,66,29.5,0,56832,0,0
12/16/2009 10:30,294,21.1,23.8,25.6,68,29.5,0,56832,0,0
12/16/2009 10:40,284,25.1,26.9,25.7,66,29.5,0,56832,0,0
12/16/2009 10:50,289,24.4,28.7,25.7,70,29.5,0,56832,0,0
12/16/2009 11:00,286,18.4,24.1,25.2,71,29.5,0,56832,0,0
12/16/2009 11:10,309,13.2,16.9,25.2,77,29.5,0,56832,0,0
12/16/2009 11:20,293,21.4,23.3,25,74,29.5,0,56842,0,0
12/16/2009 11:30,313,14,15.7,25,75,29.5,0,56842,0,0
12/16/2009 11:40,297,19.2,20.7,24.8,72,29.5,0,56842,0,0
12/16/2009 11:50,315,21.7,23.9,24.8,78,29.5,0,56842,0,0
12/16/2009 12:00,300,20.1,21.1,24.1,81,29.5,0,56842,0,0
12/16/2009 12:10,318,22.7,24.1,23.8,82,29.5,0,56842,0,0
12/16/2009 12:20,309,24.7,25.4,23.8,80,29.5,0,56842,0,0
12/16/2009 12:30,318,24.2,26.3,23.4,83,29.5,0,56842,0,0
12/16/2009 12:40,313,24.1,27.4,23.2,81,29.5,0,56842,0,0
12/16/2009 12:50,336,16.8,18,23.2,83,29.5,0,56842,0,0
12/16/2009 13:00,311,18.3,21.2,23.8,82,29.5,0,56842,0,0
12/16/2009 13:10,310,17.6,19.8,23.4,78,29.5,0,56842,0,0
12/16/2009 13:20,310,19,20.7,23.4,73,29.5,0,56842,0,0
12/16/2009 13:30,315,17.8,18.8,22.9,78,29.5,0,56842,0,0
12/16/2009 13:40,317,24.9,28.4,22.7,76,29.5,0,56842,0,0
12/16/2009 13:50,320,21.9,23.2,22.7,75,29.5,0,56842,0,0
12/16/2009 14:00,327,28.1,29.2,22.7,74,29.5,0,56842,0,0
12/16/2009 14:10,311,18.2,21.9,22.5,71,29.5,0,56842,0,0
12/16/2009 14:20,320,10,11.8,22.5,74,29.5,0,56842,0,0
12/16/2009 14:30,315,15.4,19.2,22.3,69,29.5,0,56842,0,0
12/16/2009 14:40,301,20.3,21.9,22.5,70,29.5,0,56842,0,0
12/16/2009 14:50,295,19.9,20.7,22.7,68,29.6,0,56842,0,0
12/16/2009 15:00,303,18.9,19.9,22.7,64,29.6,0,56842,0,0
12/16/2009 15:10,331,16.7,17.8,22.7,67,29.6,0,56842,0,0
12/16/2009 15:20,296,16.6,18.5,22.7,65,29.6,0,56842,0,0
12/16/2009 15:30,324,15.7,19,22.7,66,29.6,0,56842,0,0
12/16/2009 15:40,330,9.8,11.9,22.9,67,29.6,0,56842,0,0
12/16/2009 15:50,320,9.4,10.8,23,70,29.6,0,56842,0,0
12/16/2009 16:00,296,13.6,15.5,23.2,70,29.6,0,56842,0,0
12/16/2009 16:10,305,15.5,16.3,23.4,68,29.6,0,56842,0,0
12/16/2009 16:20,335,8.4,9.3,23.6,67,29.6,0,56842,0,0
12/16/2009 16:30,278,12.5,13.9,23.4,67,29.6,0,56842,0,0
12/16/2009 16:40,310,9.3,12,23.6,68,29.6,0,56842,0,0
12/16/2009 16:50,279,15.4,16.5,23.4,70,29.6,0,56842,0,0
12/16/2009 17:00,303,12.6,13.7,23.8,68,29.6,0,56842,0,0
12/16/2009 17:10,287,15.4,16,23.8,68,29.6,0,56842,0,0
12/16/2009 17:20,317,18.3,19.5,24.1,70,29.6,0,56842,0,0
12/16/2009 17:30,284,15,16.8,23.9,68,29.6,0,56842,0,0
12/16/2009 17:40,291,11.5,11.8,24.1,70,29.6,0,56842,0,0
12/16/2009 17:50,291,11.5,13.6,24.1,68,29.6,0,56842,0,0
12/16/2009 18:00,297,12.6,14.4,24.3,67,29.6,0,56842,0,0
12/16/2009 18:10,292,12.4,14.1,24.3,71,29.6,0,56842,0,0
12/16/2009 18:20,322,11.2,13.6,24.3,70,29.6,0,56842,0,0
12/16/2009 18:30,306,12.5,14.8,24.3,69,29.6,0,56842,0,0
12/16/2009 18:40,302,11.6,13.1,24.5,68,29.6,0,56842,0,0
12/16/2009 18:50,301,13.1,14.5,24.5,67,29.6,0,56842,0,0
12/16/2009 19:00,305,10.6,11.5,24.3,65,29.6,0,56842,0,0
12/16/2009 19:10,318,8,10.8,24.5,67,29.6,0,56842,0,0
12/16/2009 19:20,302,10.4,12.3,24.7,64,29.6,0,56842,0,0
12/16/2009 19:30,294,10,10.7,24.7,65,29.6,0,56842,0,0
12/16/2009 19:40,331,9.3,10.3,24.7,65,29.6,0,56842,0,0
12/16/2009 19:50,312,8.1,11.8,24.8,66,29.6,0,56842,0,0
12/16/2009 20:00,311,7,8.9,25,67,29.6,0,56842,0,0
12/16/2009 20:10,325,11.3,15.4,25,67,29.6,0,56842,0,0
12/16/2009 20:20,326,18,18.4,25.2,64,29.6,0,56842,0,0
12/16/2009 20:30,321,9.6,11.3,25.2,64,29.6,0,56842,0,0
12/16/2009 20:40,313,5.2,6.1,25.2,67,29.6,0,56842,0,0
12/16/2009 20:50,335,9.7,10.5,25.2,65,29.6,0,56842,0,0
12/16/2009 21:00,325,14.4,16,25.4,66,29.6,0,56842,0,0
12/16/2009 21:10,303,6.3,9,25.4,65,29.6,0,56842,0,0
12/16/2009 21:20,305,9.4,10.5,25.6,65,29.6,0,56842,0,0
12/16/2009 21:30,329,9.1,10.5,25.7,65,29.6,0,56842,0,0
12/16/2009 21:40,315,11.1,12.4,25.7,65,29.6,0,56842,0,0
12/16/2009 21:50,338,9.3,9.8,25.7,67,29.6,0,56842,0,0
12/16/2009 22:00,325,14.5,15.4,25.7,64,29.6,0,56842,0,0
12/16/2009 22:10,314,13.4,15.7,25.7,61,29.6,0,56842,0,0
12/16/2009 22:20,330,12.6,13,25.7,65,29.6,0,56842,0,0
12/16/2009 22:30,320,16.2,17.8,25.9,60,29.5,0,56842,0,0
12/16/2009 22:40,324,13.3,14.1,25.9,63,29.6,0,56842,0,0
12/16/2009 22:50,334,10.9,11.9,26.1,64,29.6,0,56842,0,0
12/16/2009 23:00,325,9.8,12.1,25.9,65,29.6,0,56842,0,0
12/16/2009 23:10,315,12.7,13.7,26.1,63,29.6,0,56842,0,0
12/16/2009 23:20,308,15.7,17.4,25.9,64,29.6,0,56842,0,0
12/16/2009 23:30,324,13.5,15.2,26.1,63,29.6,0,56842,0,0
12/16/2009 23:40,335,13.2,14.4,26.1,65,29.6,0,56842,0,0
12/16/2009 23:50,335,10.9,13.4,26.1,66,29.6,0,56842,0,0
12/17/2009 0:00,330,16.1,17.2,26.3,63,29.6,0,56842,0,0
12/17/2009 0:10,347,9.2,10.4,26.3,64,29.6,0,56842,0,0
12/17/2009 0:20,334,11.9,13.3,26.5,63,29.6,0,56842,0,0
12/17/2009 0:30,328,11.5,13.5,26.5,63,29.6,0,56842,0,0
12/17/2009 0:40,344,13.7,14.5,26.6,66,29.6,0,56842,0,0
12/17/2009 0:50,323,13.9,15.2,26.5,64,29.6,0,56842,0,0
12/17/2009 1:00,331,12.8,13.7,26.6,63,29.6,0,56842,0,0
12/17/2009 1:10,337,9,11.2,26.6,64,29.6,0,56842,0,0
12/17/2009 1:20,326,11.7,14,26.8,62,29.6,0,56842,0,0
12/17/2009 1:30,337,8,10,26.8,63,29.6,0,56842,0,0
12/17/2009 1:40,338,10.5,11.2,27,65,29.6,0,56842,0,0
12/17/2009 1:50,308,12.1,13.4,27.2,58,29.6,0,56842,0,0
12/17/2009 2:00,319,10.2,12.2,27.4,65,29.6,0,56842,0,0
12/17/2009 2:10,333,15.3,17.1,27.4,64,29.6,0,56842,0,0
12/17/2009 2:20,341,16.4,17.2,27.5,65,29.6,0,56842,0,0
12/17/2009 2:30,336,14.1,16.4,27.4,67,29.6,0,56842,0,0
12/17/2009 2:40,332,16.7,18.4,27.5,66,29.6,0,56842,0,0
12/17/2009 2:50,327,11.1,12.1,27.4,62,29.6,0,56842,0,0
12/17/2009 3:00,309,12.1,13.3,27.7,65,29.6,0,56842,0,0
12/17/2009 3:10,346,12.2,12.7,27.5,64,29.6,0,56842,0,0
12/17/2009 3:20,342,12.9,14.2,27.7,63,29.6,0,56842,0,0
12/17/2009 3:30,326,14.1,15.3,27.7,64,29.6,0,56842,0,0
12/17/2009 3:40,318,13.7,14.3,27.7,60,29.6,0,56842,0,0
12/17/2009 3:50,330,12.1,12.9,27.7,60,29.6,0,56842,0,0
12/17/2009 4:00,351,11.1,11.8,27.7,61,29.6,0,56842,0,0
12/17/2009 4:10,0,13.5,15.4,27.5,59,29.6,0,56842,0,0
12/17/2009 4:20,6,17,18,27.5,60,29.6,0,56842,0,0
12/17/2009 4:30,2,12.8,15.2,27.7,62,29.6,0,56842,0,0
12/17/2009 4:40,345,12.2,13.2,27.5,63,29.6,0,56842,0,0
12/17/2009 4:50,329,12.4,13.2,27.5,61,29.6,0,56842,0,0
12/17/2009 5:00,338,12.6,14.6,27.5,64,29.6,0,56842,0,0
12/17/2009 5:10,340,11.8,12.8,27.7,63,29.6,0,56842,0,0
12/17/2009 5:20,4,15.6,16.5,27.4,61,29.6,0,56842,0,0
12/17/2009 5:30,323,7.3,8.9,27.5,62,29.6,0,56842,0,0
12/17/2009 5:40,358,14.9,16.1,27.5,62,29.6,0,56842,0,0
12/17/2009 5:50,341,10.9,13.8,27.5,62,29.6,0,56842,0,0
12/17/2009 6:00,338,11.9,12.8,27.5,60,29.6,0,56842,0,0
12/17/2009 6:10,347,14.4,15.3,27.7,59,29.6,0,56842,0,0
12/17/2009 6:20,345,10.8,11.1,27.7,60,29.6,0,56842,0,0
12/17/2009 6:30,341,7.4,8.7,27.7,61,29.6,0,56842,0,0
12/17/2009 6:40,328,12.4,13.7,27.9,59,29.6,0,56842,0,0
12/17/2009 6:50,346,11.7,12.2,27.9,60,29.6,0,56842,0,0
12/17/2009 7:00,2,9.6,10.1,27.7,62,29.6,0,56842,0,0
12/17/2009 7:10,14,8.1,10.1,27.7,63,29.6,0,56842,0,0
12/17/2009 7:20,7,9.9,10.8,27.9,64,29.6,0,56842,0,0
12/17/2009 7:30,339,10,10.6,27.9,64,29.6,0,56842,0,0
12/17/2009 7:40,333,12.5,14.6,28.1,64,29.6,0,56842,0,0
12/17/2009 7:50,343,11.3,12.9,28.1,64,29.6,0,56842,0,0
12/17/2009 8:00,0,8.8,9.7,27.7,69,29.6,0,56842,0,0
12/17/2009 8:10,11,7.6,7.8,27.7,70,29.6,0,56842,0,0
12/17/2009 8:20,358,10.7,11.1,27.5,71,29.6,0,56842,0,0
12/17/2009 8:30,19,10,11,27.7,70,29.6,0,56842,0,0
12/17/2009 8:40,18,8.4,9.3,27.7,71,29.6,0,56842,0,0
12/17/2009 8:50,25,8,9.3,27.9,72,29.6,0,56842,0,0
12/17/2009 9:00,41,3.8,4.4,27.9,72,29.6,0,56842,0,0
12/17/2009 9:10,30,10.6,13.8,27.9,71,29.6,0,56842,0,0
12/17/2009 9:20,26,12.4,14,27.9,69,29.6,0,56842,0,0
12/17/2009 9:30,30,11.8,13.6,28.1,70,29.6,0,56842,0,0
12/17/2009 9:40,22,13.7,14.7,27.9,69,29.6,0,56842,0,0
12/17/2009 9:50,18,12.5,13.6,28.3,67,29.6,0,56842,0,0
12/17/2009 10:00,24,8.3,8.9,28.1,70,29.6,0,56842,0,0
12/17/2009 10:10,17,10.5,11.3,28.1,67,29.5,0,56842,0,0
12/17/2009 10:20,6,7.9,8.4,28.4,68,29.5,0,56842,0,0
12/17/2009 10:30,11,8.5,9.3,28.3,68,29.5,0,56842,0,0
12/17/2009 10:40,358,9.8,10.6,28.3,68,29.5,0,56842,0,0
12/17/2009 10:50,74,6,6.7,28.1,68,29.5,0,56842,0,0
12/17/2009 11:00,33,7.2,9.4,27.9,68,29.5,0,56842,0,0
12/17/2009 11:10,40,6.7,7.5,28.1,68,29.5,0,56842,0,0
12/17/2009 11:20,45,8.1,9.1,28.1,69,29.5,0,56842,0,0
12/17/2009 11:30,26,10.6,11.2,28.1,69,29.5,0,56842,0,0
12/17/2009 11:40,12,10.8,11.9,27.9,69,29.5,0,56842,0,0
12/17/2009 11:50,29,6.3,7.8,27.9,70,29.5,0,56842,0,0
12/17/2009 12:00,57,10.5,12.5,27.7,72,29.5,0,56842,0,0
12/17/2009 12:10,47,6.2,7.4,27.9,72,29.5,0,56842,0,0
12/17/2009 12:20,57,7.5,8.7,27.7,75,29.5,0,56842,0,0
12/17/2009 12:30,62,8.7,10.5,27.5,74,29.5,0,56842,0,0
12/17/2009 12:40,64,9.5,12,27.5,75,29.5,0,56842,0,0
12/17/2009 12:50,31,14.9,16.6,27.2,75,29.5,0,56842,0,0
12/17/2009 13:00,56,7.3,9,27.4,74,29.5,0,56842,0,0
12/17/2009 13:10,63,6.8,7.5,27.2,73,29.5,0,56842,0,0
12/17/2009 13:20,91,7.8,9.3,27.5,72,29.5,0,56842,0,0
12/17/2009 13:30,94,7.6,8.2,27.4,72,29.5,0,56842,0,0
12/17/2009 13:40,94,8.1,9.5,27.4,72,29.5,0,56842,0,0
12/17/2009 13:50,58,8.4,10.6,27.2,72,29.5,0,56842,0,0
12/17/2009 14:00,85,7.9,8.8,27,71,29.5,0,56842,0,0
12/17/2009 14:10,70,7.8,8.6,27,73,29.5,0,56842,0,0
12/17/2009 14:20,54,6.1,8.9,26.8,74,29.5,0,56842,0,0
12/17/2009 14:30,93,7.4,8.3,26.6,74,29.5,0,56842,0,0
12/17/2009 14:40,57,5.9,6.3,26.6,73,29.5,0,56842,0,0
12/17/2009 14:50,73,6.1,7.2,26.5,74,29.5,0,56842,0,0
12/17/2009 15:00,73,4.8,5.8,26.5,73,29.5,0,56842,0,0
12/17/2009 15:10,58,7.8,8.8,26.1,75,29.5,0,56842,0,0
12/17/2009 15:20,66,9.4,9.9,25.9,75,29.5,0,56842,0,0
12/17/2009 15:30,90,8.8,10.6,25.9,74,29.5,0,56842,0,0
12/17/2009 15:40,68,6.9,7.5,25.7,74,29.5,0,56842,0,0
12/17/2009 15:50,89,8.3,10,25.7,73,29.5,0,56842,0,0
12/17/2009 16:00,78,5.7,6.2,25.6,74,29.5,0,56842,0,0
12/17/2009 16:10,70,3.7,4.4,25.6,73,29.5,0,56842,0,0
12/17/2009 16:20,85,8.2,9.2,25.6,73,29.5,0,56842,0,0
12/17/2009 16:30,102,9.9,11.2,25.6,73,29.5,0,56842,0,0
12/17/2009 16:40,80,6.6,7.9,25.6,73,29.5,0,56842,0,0
12/17/2009 16:50,96,9.6,10.4,25.6,73,29.5,0,56842,0,0
12/17/2009 17:00,79,4.7,5.7,25.6,73,29.5,0,56842,0,0
12/17/2009 17:10,87,8.2,10.1,25.6,73,29.5,0,56842,0,0
12/17/2009 17:20,99,9.3,9.7,25.7,72,29.5,0,56842,0,0
12/17/2009 17:30,93,8.3,9.7,25.9,71,29.5,0,56842,0,0
12/17/2009 17:40,100,11.9,13.1,25.9,70,29.5,0,56842,0,0
12/17/2009 17:50,101,9.8,10.7,26.1,70,29.5,0,56842,0,0
12/17/2009 18:00,104,8.1,9.2,26.1,70,29.5,0,56842,0,0
12/17/2009 18:10,94,8.2,8.9,26.3,70,29.5,0,56842,0,0
12/17/2009 18:20,94,6.6,8,26.3,70,29.5,0,56842,0,0
12/17/2009 18:30,88,6.8,7.1,26.1,71,29.5,0,56842,0,0
12/17/2009 18:40,97,8.3,9,26.3,70,29.5,0,56842,0,0
12/17/2009 18:50,106,7.4,8.5,26.3,70,29.5,0,56842,0,0
12/17/2009 19:00,104,9.3,9.6,26.5,69,29.4,0,56842,0,0
12/17/2009 19:10,99,8.4,9.7,26.6,70,29.4,0,56842,0,0
12/17/2009 19:20,101,8,8.5,26.5,71,29.4,0,56842,0,0
12/17/2009 19:30,112,9.6,10.3,26.5,69,29.5,0,56842,0,0
12/17/2009 19:40,110,9.3,10.1,26.5,70,29.4,0,56842,0,0
12/17/2009 19:50,112,10.2,10.5,26.3,70,29.4,0,56842,0,0
12/17/2009 20:00,118,12.4,12.9,26.1,70,29.4,0,56842,0,0
12/17/2009 20:10,106,9.9,11.4,26.1,70,29.4,0,56842,0,0
12/17/2009 20:20,120,11.5,12.2,26.1,70,29.4,0,56842,0,0
12/17/2009 20:30,117,10.4,11.3,26.1,70,29.4,0,56842,0,0
12/17/2009 20:40,120,12.3,13.2,26.1,70,29.4,0,56842,0,0
12/17/2009 20:50,120,11.2,12.1,26.3,70,29.4,0,56842,0,0
12/17/2009 21:00,104,8.5,10,26.1,70,29.4,0,56842,0,0
12/17/2009 21:10,112,11,12.3,26.1,70,29.4,0,56842,0,0
12/17/2009 21:20,121,11.1,12.2,26.5,69,29.4,0,56842,0,0
12/17/2009 21:30,97,8.2,9.3,26.5,69,29.4,0,56842,0,0
12/17/2009 21:40,78,4.8,5.5,26.3,70,29.4,0,56842,0,0
12/17/2009 21:50,88,6.1,8.1,26.1,71,29.4,0,56842,0,0
12/17/2009 22:00,66,4.7,5,26.1,71,29.4,0,56842,0,0
12/17/2009 22:10,91,9.7,10.2,26.3,70,29.4,0,56842,0,0
12/17/2009 22:20,105,8.8,9.6,26.5,70,29.4,0,56842,0,0
12/17/2009 22:30,102,10.5,11.5,26.5,69,29.4,0,56842,0,0
12/17/2009 22:40,75,3.7,4.8,26.5,70,29.4,0,56842,0,0
12/17/2009 22:50,73,4,4.6,26.5,70,29.4,0,56842,0,0
12/17/2009 23:00,92,10.9,12.3,26.5,69,29.4,0,56842,0,0
12/17/2009 23:10,93,10.4,12.2,26.6,69,29.4,0,56842,0,0
12/17/2009 23:20,105,9.9,10.8,26.6,69,29.4,0,56842,0,0
12/17/2009 23:30,58,3.7,4.2,26.6,70,29.4,0,56842,0,0
12/17/2009 23:40,113,9.5,10.6,26.6,69,29.4,0,56842,0,0
12/17/2009 23:50,114,10.2,10.9,26.8,69,29.4,0,56842,0,0
12/18/2009 0:00,111,10.3,11.1,26.8,69,29.4,0,56842,0,0
12/18/2009 0:10,105,6.7,7.7,27.2,69,29.4,0,56842,0,0
12/18/2009 0:20,36,5,6.4,27.4,68,29.4,0,56842,0,0
12/18/2009 0:30,113,6.7,8.6,27.4,67,29.4,0,56842,0,0
12/18/2009 0:40,92,7.2,8.1,27.7,67,29.4,0,56842,0,0
12/18/2009 0:50,103,10.8,11.6,27.5,66,29.4,0,56842,0,0
12/18/2009 1:00,95,6.8,8,27.5,66,29.4,0,56842,0,0
12/18/2009 1:10,112,10.7,11.6,27.4,66,29.4,0,56842,0,0
12/18/2009 1:20,121,10.4,12,27.5,66,29.4,0,56842,0,0
12/18/2009 1:30,116,7.8,10.2,27.5,66,29.4,0,56842,0,0
12/18/2009 1:40,120,10.9,12.1,27.4,66,29.4,0,56842,0,0
12/18/2009 1:50,100,10.1,10.7,27.5,66,29.4,0,56842,0,0
12/18/2009 2:00,104,7.9,9.8,27.4,67,29.4,0,56842,0,0
12/18/2009 2:10,109,9.8,10.9,27.4,66,29.4,0,56842,0,0
12/18/2009 2:20,88,7.3,10,27.4,66,29.4,0,56842,0,0
12/18/2009 2:30,95,9,10,27.4,66,29.3,0,56842,0,0
12/18/2009 2:40,109,9.2,9.7,27.5,66,29.3,0,56842,0,0
12/18/2009 2:50,59,5.5,8,27.5,65,29.3,0,56842,0,0
12/18/2009 3:00,106,9.4,9.8,27.5,65,29.3,0,56842,0,0
12/18/2009 3:10,115,7.5,9,27.5,65,29.3,0,56842,0,0
12/18/2009 3:20,116,10.1,11.5,27.7,65,29.3,0,56842,0,0
12/18/2009 3:30,114,11.1,12.7,27.7,64,29.3,0,56842,0,0
12/18/2009 3:40,127,14.8,16.1,27.7,65,29.3,0,56842,0,0
12/18/2009 3:50,114,10.8,12.5,27.7,64,29.3,0,56842,0,0
12/18/2009 4:00,127,11.7,12.4,27.9,63,29.3,0,56842,0,0
12/18/2009 4:10,121,15.3,16,27.9,63,29.3,0,56842,0,0
12/18/2009 4:20,115,11.3,12.1,27.9,64,29.3,0,56842,0,0
12/18/2009 4:30,118,7.2,9.3,28.1,64,29.3,0,56842,0,0
12/18/2009 4:40,114,9.5,10.9,27.9,64,29.3,0,56842,0,0
12/18/2009 4:50,104,8.2,9.3,27.9,64,29.3,0,56842,0,0
12/18/2009 5:00,115,10.9,12.3,28.1,63,29.3,0,56842,0,0
12/18/2009 5:10,108,11.6,12.1,28.1,63,29.3,0,56842,0,0
12/18/2009 5:20,103,9.4,9.9,28.3,64,29.3,0,56842,0,0
12/18/2009 5:30,101,8.5,10,28.3,64,29.3,0,56842,0,0
12/18/2009 5:40,100,10.8,11.9,28.3,64,29.3,0,56842,0,0
12/18/2009 5:50,101,12.8,13.3,28.3,64,29.3,0,56842,0,0
12/18/2009 6:00,109,13.1,13.8,28.3,64,29.3,0,56842,0,0
12/18/2009 6:10,99,12.1,12.5,28.3,65,29.3,0,56842,0,0
12/18/2009 6:20,99,9.6,10.6,28.3,65,29.3,0,56842,0,0
12/18/2009 6:30,94,9.6,10.7,28.3,65,29.3,0,56842,0,0
12/18/2009 6:40,99,11.9,13,28.4,64,29.3,0,56842,0,0
12/18/2009 6:50,104,10.7,12.3,28.6,63,29.3,0,56842,0,0
12/18/2009 7:00,101,12.4,13.3,28.8,63,29.3,0,56842,0,0
12/18/2009 7:10,108,9.5,11,29.2,63,29.3,0,56842,0,0
12/18/2009 7:20,98,9.9,11.1,29.3,62,29.3,0,56842,0,0
12/18/2009 7:30,96,8.5,10.5,29.3,62,29.3,0,56842,0,0
12/18/2009 7:40,96,9.6,10.4,29.5,61,29.3,0,56842,0,0
12/18/2009 7:50,96,9.1,10.1,29.7,62,29.3,0,56842,0,0
12/18/2009 8:00,92,7.9,10.6,30.1,61,29.3,0,56842,0,0
12/18/2009 8:10,104,11.4,13,30.2,59,29.3,0,56842,0,0
12/18/2009 8:20,97,6.7,7.9,30.6,61,29.3,0,56842,0,0
12/18/2009 8:30,82,7.3,7.8,30.8,59,29.3,0,56842,0,0
12/18/2009 8:40,76,9.9,10.8,30.8,59,29.3,0,56842,0,0
12/18/2009 8:50,95,13.9,15.2,30.8,58,29.3,0,56842,0,0
12/18/2009 9:00,101,11.1,12,31.3,58,29.3,0,56842,0,0
12/18/2009 9:10,91,12.5,13.9,31.3,57,29.3,0,56842,0,0
12/18/2009 9:20,99,9.4,10.2,31.7,58,29.3,0,56842,0,0
12/18/2009 9:30,96,12.3,13.2,32,56,29.3,0,56842,0,0
12/18/2009 9:40,79,8.4,9.3,32,56,29.3,0,56842,0,0
12/18/2009 9:50,88,6.2,8.3,32.3,56,29.3,0,56842,0,0
12/18/2009 10:00,93,8.3,9.1,32.5,54,29.2,0,56842,0,0
12/18/2009 10:10,87,6,6.5,33,54,29.2,0,56842,0,0
12/18/2009 10:20,43,6.1,7.1,33.8,57,29.2,0,56842,0,0
12/18/2009 10:30,68,5.3,6.2,32.3,61,29.2,0,56842,0,0
12/18/2009 10:40,71,6.5,6.8,32.3,62,29.2,0,56842,0,0
12/18/2009 10:50,50,8,8.8,32.1,62,29.2,0,56842,0,0
12/18/2009 11:00,62,7,7.8,32.3,62,29.2,0,56842,0,0
12/18/2009 11:10,40,9.4,10.6,32.3,64,29.2,0,56842,0,0
12/18/2009 11:20,76,8.1,9.4,32.3,64,29.2,0,56842,0,0
12/18/2009 11:30,41,5.4,7.6,32.3,64,29.2,0,56842,0,0
12/18/2009 11:40,46,6.2,7.1,32.5,64,29.2,0,56842,0,0
12/18/2009 11:50,46,8.5,9.8,32.5,63,29.2,0,56842,0,0
12/18/2009 12:00,87,8.4,10.9,32.7,65,29.2,0,56842,0,0
12/18/2009 12:10,58,8.7,9.5,32.7,64,29.2,0,56842,0,0
12/18/2009 12:20,75,10.8,11.8,32.7,65,29.2,0,56842,0,0
12/18/2009 12:30,69,8.8,9.3,32.7,63,29.2,0,56842,0,0
12/18/2009 12:40,66,8.1,8.6,32.7,63,29.2,0,56842,0,0
12/18/2009 12:50,34,11.8,15.1,32.7,65,29.2,0,56842,0,0
12/18/2009 13:00,63,12.5,13.9,32.7,66,29.2,0,56842,0,0
12/18/2009 13:10,75,7.1,8.3,32.9,66,29.2,0,56842,0,0
12/18/2009 13:20,63,7.1,8.3,32.9,66,29.2,0,56842,0,0
12/18/2009 13:30,68,8,8.6,32.9,67,29.2,0,56842,0,0
12/18/2009 13:40,89,11,12.9,33,67,29.2,0,56842,0,0
12/18/2009 13:50,51,9.2,10.1,33,66,29.2,0,56842,0,0
12/18/2009 14:00,42,5.5,7.4,33,65,29.2,0,56842,0,0
12/18/2009 14:10,56,7.6,8.6,33,65,29.2,0,56842,0,0
12/18/2009 14:20,45,6.2,7.4,33,65,29.2,0,56842,0,0
12/18/2009 14:30,63,7.3,8,32.9,63,29.2,0,56842,0,0
12/18/2009 14:40,62,7.4,8.2,32.9,63,29.2,0,56842,0,0
12/18/2009 14:50,65,12.7,13.3,32.7,63,29.2,0,56842,0,0
12/18/2009 15:00,68,8,9.4,32.7,63,29.2,0,56842,0,0
12/18/2009 15:10,94,13.1,14.4,32.7,64,29.2,0,56842,0,0
12/18/2009 15:20,89,8,8.6,32.7,65,29.2,0,56842,0,0
12/18/2009 15:30,95,10.7,11.6,32.7,66,29.2,0,56842,0,0
12/18/2009 15:40,65,6.2,7.3,32.7,66,29.2,0,56842,0,0
12/18/2009 15:50,83,7.2,7.7,32.7,67,29.2,0,56842,0,0
12/18/2009 16:00,92,8.1,9.7,32.5,68,29.2,0,56842,0,0
12/18/2009 16:10,81,6.3,7.2,32.5,68,29.2,0,56842,0,0
12/18/2009 16:20,61,8.5,9.6,32.5,67,29.2,0,56842,0,0
12/18/2009 16:30,68,8.6,9.2,32.3,67,29.2,0,56842,0,0
12/18/2009 16:40,79,8.2,8.9,32.3,67,29.2,0,56842,0,0
12/18/2009 16:50,55,4.7,5.2,32.3,67,29.2,0,56842,0,0
12/18/2009 17:00,86,6.7,8.6,32.3,66,29.2,0,56842,0,0
12/18/2009 17:10,63,5.3,6.1,32.1,66,29.2,0,56842,0,0
12/18/2009 17:20,87,7.3,8.5,32.1,66,29.1,0,56842,0,0
12/18/2009 17:30,84,8,9.1,32.1,66,29.1,0,56842,0,0
12/18/2009 17:40,46,8.5,9.2,32,66,29.1,0,56842,0,0
12/18/2009 17:50,77,7.4,7.7,32,66,29.1,0,56842,0,0
12/18/2009 18:00,68,7,7.3,32,65,29.1,0,56842,0,0
12/18/2009 18:10,71,4.9,5.6,32,64,29.1,0,56842,0,0
12/18/2009 18:20,58,7.3,7.6,32,63,29.1,0,56842,0,0
12/18/2009 18:30,68,9.2,10.2,32,63,29.1,0,56842,0,0
12/18/2009 18:40,67,12.1,13.3,32.1,62,29.1,0,56842,0,0
12/18/2009 18:50,49,10.4,11.9,32.1,61,29.1,0,56842,0,0
12/18/2009 19:00,89,11.2,12.8,32.1,61,29.1,0,56842,0,0
12/18/2009 19:10,88,10.5,13.1,32.1,60,29.1,0,56842,0,0
12/18/2009 19:20,85,6.2,7.7,32.1,61,29.1,0,56842,0,0
12/18/2009 19:30,75,6.7,7.1,32.1,61,29.1,0,56842,0,0
12/18/2009 19:40,52,5.2,6.2,32.1,61,29.1,0,56842,0,0
12/18/2009 19:50,61,7.5,8.5,32,60,29.1,0,56842,0,0
12/18/2009 20:00,60,6.2,6.6,32.1,60,29.1,0,56842,0,0
12/18/2009 20:10,67,5.9,6.2,32.1,60,29.1,0,56842,0,0
12/18/2009 20:20,81,5,5.3,32.1,60,29.1,0,56842,0,0
12/18/2009 20:30,62,8.7,9.5,32.1,60,29.1,0,56842,0,0
12/18/2009 20:40,39,7.4,10.7,32.1,60,29.1,0,56842,0,0
12/18/2009 20:50,80,7.6,7.8,32.1,60,29.1,0,56842,0,0
12/18/2009 21:00,81,5.3,5.8,32.1,60,29.1,0,56842,0,0
12/18/2009 21:10,75,5.9,6.3,32.1,60,29.1,0,56842,0,0
12/18/2009 21:20,51,5.8,6.5,32.1,60,29.1,0,56842,0,0
12/18/2009 21:30,74,6.3,7,32.1,60,29.1,0,56842,0,0
12/18/2009 21:40,53,4.7,5.7,32.3,60,29.1,0,56842,0,0
12/18/2009 21:50,71,4.9,5.1,32.3,59,29.1,0,56842,0,0
12/18/2009 22:00,56,4.4,5.3,32.1,60,29.1,0,56842,0,0
12/18/2009 22:10,67,6.5,7.1,32.1,60,29.1,0,56842,0,0
12/18/2009 22:20,53,5,5.5,32.1,60,29.1,0,56842,0,0
12/18/2009 22:30,55,7.1,8.1,32,63,29.1,0,56842,0,0
12/18/2009 22:40,64,8.6,9.2,32,63,29.1,0,56842,0,0
12/18/2009 22:50,87,8.2,10.6,32,62,29.1,0,56842,0,0
12/18/2009 23:00,80,8,9.8,32,62,29.1,0,56842,0,0
12/18/2009 23:10,70,8,8.9,32,63,29,0,56842,0,0
12/18/2009 23:20,73,4.5,4.9,32,65,29,0,56842,0,0
12/18/2009 23:30,56,7.1,8.4,31.9,66,29,0,56842,0,0
12/18/2009 23:40,84,5.5,6.3,31.7,68,29,0,56842,0,0
12/18/2009 23:50,55,7.2,8.1,31.5,70,29,0,56842,0,0
12/19/2009 0:00,96,12.8,14.6,31.1,73,29,0,56842,0,0
12/19/2009 0:10,91,11.1,13.7,31.1,74,29,0,56842,0,0
12/19/2009 0:20,89,10.7,11.8,30.8,76,29,0,56842,0,0
12/19/2009 0:30,82,7.7,8.2,30.8,77,29,0,56842,0,0
12/19/2009 0:40,89,9.3,11.3,30.6,77,29,0,56842,0,0
12/19/2009 0:50,96,4.6,6.3,30.4,80,29,0,56842,0,0
12/19/2009 1:00,84,4.3,4.9,30.2,83,29,0,56842,0,0
12/19/2009 1:10,72,3.6,4,29.9,87,29,0,56842,0,0
12/19/2009 1:20,81,3.7,4.6,29.5,90,29,0,56842,0,0
12/19/2009 1:30,33,3.8,5.3,29.2,93,29,0,56842,0,0
12/19/2009 1:40,68,5.7,6.3,29.2,94,29,0,56842,0,0
12/19/2009 1:50,61,4.6,5.1,29,95,29,0,56842,0,0
12/19/2009 2:00,59,7.9,8.6,28.8,95,29,0,56842,0,0
12/19/2009 2:10,58,7.1,7.6,28.8,96,29,0,56842,0,0
12/19/2009 2:20,39,5.9,6.7,28.8,96,29,0,56842,0,0
12/19/2009 2:30,58,8.2,9.4,28.8,97,29,0,56842,0,0
12/19/2009 2:40,73,5.7,8.3,28.8,97,29,0,56842,0,0
12/19/2009 2:50,84,8.2,8.7,28.8,97,29,0,56842,0,0
12/19/2009 3:00,73,7.9,8.5,28.8,96,29,0,56842,0,0
12/19/2009 3:10,47,6.1,6.8,28.8,96,29,0,56842,0,0
12/19/2009 3:20,80,8.5,9.2,28.8,96,29,0,56842,0,0
12/19/2009 3:30,102,12.9,13.5,28.6,96,29,0,56842,0,0
12/19/2009 3:40,90,8.8,10.6,28.4,95,29,0,56842,0,0
12/19/2009 3:50,91,9.2,9.6,28.3,95,29,0,56842,0,0
12/19/2009 4:00,69,6.4,7.1,28.3,95,29,0,56842,0,0
12/19/2009 4:10,90,9.5,12.1,28.4,94,29,0,56842,0,0
12/19/2009 4:20,80,8.8,10.3,28.3,94,29,0,56842,0,0
12/19/2009 4:30,55,4.5,5.5,28.3,94,29,0,56842,0,0
12/19/2009 4:40,96,13.9,15.3,28.3,94,29,0,56842,0,0
12/19/2009 4:50,87,10.2,11.4,28.4,94,29,0,56842,0,0
12/19/2009 5:00,66,5.1,6,28.3,94,29,0,56842,0,0
12/19/2009 5:10,68,4.8,5.2,28.3,95,29,0,56842,0,0
12/19/2009 5:20,65,7,7.4,28.3,95,29,0,56842,0,0
12/19/2009 5:30,86,8.8,11.7,28.1,95,29,0,56842,0,0
12/19/2009 5:40,92,11.5,12.4,27.9,95,29,0,56842,0,0
12/19/2009 5:50,87,10.1,12.9,27.9,95,29,0,56842,0,0
12/19/2009 6:00,88,6.4,8.7,27.9,95,29,0,56842,0,0
12/19/2009 6:10,72,7.2,7.8,27.9,94,29,0,56842,0,0
12/19/2009 6:20,56,9.1,12,27.9,94,29,0,56842,0,0
12/19/2009 6:30,61,5.3,6.8,27.7,94,29,0,56842,0,0
12/19/2009 6:40,71,8.1,9.5,27.5,93,29,0,56842,0,0
12/19/2009 6:50,56,7,7.8,27.4,92,29,0,56842,0,0
12/19/2009 7:00,82,9.4,10.2,27.4,92,29,0,56842,0,0
12/19/2009 7:10,56,8.1,8.8,27.5,92,29,0,56842,0,0
12/19/2009 7:20,26,12.2,13.9,27.2,91,29,0,56842,0,0
12/19/2009 7:30,57,8.7,9.3,27.2,90,29,0,56842,0,0
12/19/2009 7:40,67,8.1,8.7,27.2,88,29,0,56842,0,0
12/19/2009 7:50,95,10.2,10.8,27.2,86,29,0,56842,0,0
12/19/2009 8:00,63,8.8,9.2,27,87,29,0,56842,0,0
12/19/2009 8:10,95,15,16.4,26.6,89,29,0,56842,0,0
12/19/2009 8:20,60,4.4,10.6,26.5,91,29,0,56842,0,0
12/19/2009 8:30,75,6.8,10.2,26.1,91,29,0,56842,0,0
12/19/2009 8:40,86,7,8.2,25.7,93,29,0,56842,0,0
12/19/2009 8:50,46,13.5,15,25.6,91,29,0,56842,0,0
12/19/2009 9:00,31,14,16.1,25.6,91,29,0,56842,0,0
12/19/2009 9:10,57,10.9,12.3,25.6,90,29,0,56842,0,0
12/19/2009 9:20,54,5.5,6.3,25.6,90,29,0,56842,0,0
12/19/2009 9:30,76,8.8,9.5,25.7,90,29,0,56842,0,0
12/19/2009 9:40,98,9.8,10.8,25.7,89,29,0,56842,0,0
12/19/2009 9:50,81,4.8,5.8,26.3,89,29,0,56842,0,0
12/19/2009 10:00,79,4.3,5.1,26.8,87,29,0,56842,0,0
12/19/2009 10:10,102,8.6,9.3,26.8,85,29,0,56842,0,0
12/19/2009 10:20,105,8,9.3,27,84,29,0,56842,0,0
12/19/2009 10:30,102,11.4,12.5,27,81,29,0,56842,0,0
12/19/2009 10:40,95,12.4,13.6,27.2,82,29,0,56842,0,0
12/19/2009 10:50,88,9.4,10.8,26.6,85,29,0,56842,0,0
12/19/2009 11:00,100,11.3,12.3,26.5,87,29,0,56842,0,0
12/19/2009 11:10,60,6.6,8.5,26.5,88,29,0,56842,0,0
12/19/2009 11:20,42,4.3,6.6,26.8,89,29,0,56842,0,0
12/19/2009 11:30,94,9,11,27,85,29,0,56842,0,0
12/19/2009 11:40,100,9.5,10.5,27.4,83,29,0,56842,0,0
12/19/2009 11:50,124,4.4,5.7,27.9,83,29,0,56842,0,0
12/19/2009 12:00,116,5.4,6.3,28.3,81,29,0,56842,0,0
12/19/2009 12:10,99,4.2,5.9,28.3,80,29,0,56842,0,0
12/19/2009 12:20,87,3.8,5.3,28.6,78,29,0,56842,0,0
12/19/2009 12:30,91,5.4,6.3,28.3,78,29,0,56842,0,0
12/19/2009 12:40,83,3.3,4.6,28.8,73,29,0,56842,0,0
12/19/2009 12:50,6,4.6,5.1,28.8,76,29,0,56842,0,0
12/19/2009 13:00,72,6.3,7.7,29.3,55,29,0,56842,0,0
12/19/2009 13:10,12,12.9,15.4,29.2,51,29,0,56842,0,0
12/19/2009 13:20,33,14.6,21.6,27.7,62,29,0,56842,0,0
12/19/2009 13:30,53,11.4,13.7,26.8,66,29,0,56842,0,0
12/19/2009 13:40,51,9.3,11.1,26.5,69,29,0,56842,0,0
12/19/2009 13:50,83,13.3,14.2,25.9,75,29,0,56842,0,0
12/19/2009 14:00,78,8.8,9.7,25.4,80,29,0,56842,0,0
12/19/2009 14:10,82,10.1,11.3,25,87,29,0,56842,0,0
12/19/2009 14:20,91,12.5,14.4,25,86,29,0,56842,0,0
12/19/2009 14:30,79,13.6,14.7,25,81,29,0,56842,0,0
12/19/2009 14:40,88,7.8,9.8,24.8,81,29,0,56842,0,0
12/19/2009 14:50,74,12.3,13.1,24.7,81,29,0,56842,0,0
12/19/2009 15:00,88,10.5,11.2,24.5,80,29,0,56842,0,0
12/19/2009 15:10,107,9.1,10.2,24.5,79,29,0,56842,0,0
12/19/2009 15:20,95,11.3,12.4,24.7,77,29,0,56842,0,0
12/19/2009 15:30,108,9.9,10.9,24.8,75,29,0,56842,0,0
12/19/2009 15:40,111,8.7,9.3,25,75,29,0,56842,0,0
12/19/2009 15:50,103,7.8,8.9,25.2,75,29,0,56842,0,0
12/19/2009 16:00,109,6.9,7.4,25.2,75,29,0,56842,0,0
12/19/2009 16:10,109,7.8,8.5,25.4,76,29,0,56842,0,0
12/19/2009 16:20,108,6.8,7.2,25.6,75,29,0,56842,0,0
12/19/2009 16:30,107,5.8,6.6,25.9,74,29,0,56842,0,0
12/19/2009 16:40,100,6.3,7.9,25.7,73,29,0,56842,0,0
12/19/2009 16:50,88,5.3,7.2,25.7,72,29,0,56842,0,0
12/19/2009 17:00,87,5.8,6.3,25.7,70,29,0,56842,0,0
12/19/2009 17:10,76,6.2,6.7,26.1,67,29,0,56842,0,0
12/19/2009 17:20,79,4.5,4.9,26.3,65,29,0,56842,0,0
12/19/2009 17:30,92,12.9,14,26.5,68,29,0,56842,0,0
12/19/2009 17:40,95,10.6,11.6,26.3,70,29,0,56842,0,0
12/19/2009 17:50,88,5.9,6.7,26.1,75,29,0,56842,0,0
12/19/2009 18:00,92,7.7,9.3,25.9,76,29,0,56842,0,0
12/19/2009 18:10,40,5.2,5.8,25.9,78,29,0,56842,0,0
12/19/2009 18:20,60,4,5.1,26.1,81,29,0,56842,0,0
12/19/2009 18:30,95,6.5,7.6,26.1,83,29,0,56842,0,0
12/19/2009 18:40,92,8.9,10.9,26.3,81,29,0,56842,0,0
12/19/2009 18:50,51,6.4,7.9,27,80,29,0,56842,0,0
12/19/2009 19:00,350,13.2,16.8,28.1,76,29,0,56842,0,0
12/19/2009 19:10,24,11.4,14.1,28.1,77,29,0,56842,0,0
12/19/2009 19:20,71,5.1,7.9,28.1,77,29,0,56842,0,0
12/19/2009 19:30,45,8.5,10.8,28.3,74,29,0,56842,0,0
12/19/2009 19:40,88,11.4,12.2,28.1,72,29,0,56842,0,0
12/19/2009 19:50,50,9.1,9.9,27.5,71,29,0,56842,0,0
12/19/2009 20:00,42,10.4,11.4,27.2,71,29,0,56842,0,0
12/19/2009 20:10,62,12.5,13.7,26.8,68,29,0,56842,0,0
12/19/2009 20:20,72,10.8,11.7,26.5,66,29,0,56842,0,0
12/19/2009 20:30,70,18.3,19.6,26.3,63,29,0,56842,0,0
12/19/2009 20:40,63,11.2,13.6,26.1,60,29.1,0,56842,0,0
12/19/2009 20:50,91,8.5,8.9,25.7,59,29.1,0,56842,0,0
12/19/2009 21:00,83,7.6,10.2,25.7,59,29.1,0,56842,0,0
12/19/2009 21:10,86,8.4,10.8,25.7,60,29.1,0,56842,0,0
12/19/2009 21:20,81,9.8,10.7,25.7,59,29.1,0,56842,0,0
12/19/2009 21:30,74,6.9,10.2,25.7,60,29.1,0,56842,0,0
12/19/2009 21:40,95,12.3,14.5,25.7,60,29.1,0,56842,0,0
12/19/2009 21:50,68,6,8.1,25.9,60,29.1,0,56842,0,0
12/19/2009 22:00,63,6,6.6,25.7,60,29.1,0,56842,0,0
12/19/2009 22:10,71,4.6,5.3,25.9,60,29.1,0,56842,0,0
12/19/2009 22:20,105,8.9,10.2,25.7,60,29.1,0,56842,0,0
12/19/2009 22:30,103,9.4,9.9,25.9,61,29.1,0,56842,0,0
12/19/2009 22:40,81,8.1,8.8,25.9,62,29.1,0,56842,0,0
12/19/2009 22:50,92,8.9,9.9,25.9,62,29.1,0,56842,0,0
12/19/2009 23:00,88,7.2,10.2,25.9,62,29.1,0,56842,0,0
12/19/2009 23:10,95,7.3,7.7,25.9,62,29.1,0,56842,0,0
12/19/2009 23:20,94,8.4,8.8,25.9,62,29.1,0,56842,0,0
12/19/2009 23:30,104,9.4,10,25.9,63,29.1,0,56842,0,0
12/19/2009 23:40,94,8,9.6,25.9,63,29.1,0,56842,0,0
12/19/2009 23:50,96,7.7,8.8,25.9,64,29.1,0,56842,0,0
12/20/2009 0:00,93,7.5,8.4,25.7,64,29.1,0,56842,0,0
12/20/2009 0:10,90,7.1,8.6,25.9,64,29.1,0,56842,0,0
12/20/2009 0:20,92,8.2,8.7,26.1,65,29.1,0,56842,0,0
12/20/2009 0:30,90,8.2,9.6,25.9,65,29.1,0,56842,0,0
12/20/2009 0:40,97,8.9,9.6,26.1,65,29.1,0,56842,0,0
12/20/2009 0:50,97,8.5,9.1,26.1,65,29.1,0,56842,0,0
12/20/2009 1:00,101,8,8.6,26.1,66,29.1,0,56842,0,0
12/20/2009 5:50,229,3.5,4.5,25.4,78,29.2,0,56842,0,0
12/20/2009 6:00,284,2.8,3.4,26.5,75,29.2,0,56842,0,0
12/20/2009 6:10,255,4.1,4.6,26.8,75,29.2,0,56842,0,0
12/20/2009 6:20,160,4.5,5.2,26.5,75,29.2,0,56842,0,0
12/20/2009 6:30,159,4.2,4.9,25.9,76,29.2,0,56842,0,0
12/20/2009 6:40,212,6.3,6.8,25.4,77,29.2,0,56842,0,0
12/20/2009 6:50,232,5.5,6.2,25.7,77,29.2,0,56842,0,0
12/20/2009 7:00,162,4.6,5.1,26.3,76,29.2,0,56842,0,0
12/20/2009 7:10,158,5.1,5.5,26.5,75,29.2,0,56842,0,0
12/20/2009 7:20,137,4.9,5.6,26.8,75,29.2,0,56842,0,0
12/20/2009 7:30,108,5.4,6.1,27,75,29.2,0,56842,0,0
12/20/2009 7:40,279,3.8,4.7,27.2,74,29.2,0,56842,0,0
12/20/2009 7:50,198,5.1,5.7,27.5,74,29.2,0,56842,0,0
12/20/2009 8:00,272,4.5,4.9,27.9,73,29.2,0,56842,0,0
12/20/2009 8:10,217,4.6,5,28.4,72,29.2,0,56842,0,0
12/20/2009 8:20,152,4.5,5.2,28.8,70,29.2,0,56842,0,0
12/20/2009 8:30,334,13.6,16,29.5,71,29.2,0,56842,0,0
12/20/2009 8:40,344,11.9,13,29.7,69,29.2,0,56842,0,0
12/20/2009 8:50,337,11.1,13.1,29.7,67,29.2,0,56842,0,0
12/20/2009 9:00,329,11.9,12.5,29.7,64,29.2,0,56842,0,0
12/20/2009 9:10,328,7.4,8.2,29.7,63,29.2,0,56842,0,0
12/20/2009 9:20,343,8.1,10.1,29.7,64,29.2,0,56842,0,0
12/20/2009 9:30,348,7.1,8.5,29.7,62,29.2,0,56842,0,0
12/20/2009 9:40,339,8.2,9.9,29.9,59,29.2,0,56842,0,0
12/20/2009 9:50,320,6.2,7.9,29.9,58,29.2,0,56842,0,0
12/20/2009 10:00,301,5.3,6,29.9,52,29.2,0,56842,0,0
12/20/2009 10:10,327,5.3,6.3,30.1,53,29.2,0,56842,0,0
12/20/2009 10:20,318,7.7,9.8,30.1,49,29.2,0,56842,0,0
12/20/2009 10:30,314,7.5,8,30.1,46,29.2,0,56842,0,0
12/20/2009 10:40,281,6.3,7.1,30.2,49,29.2,0,56842,0,0
12/20/2009 10:50,336,5.4,7.2,30.2,50,29.2,0,56842,0,0
12/20/2009 11:00,284,8.8,9.2,30.6,51,29.2,0,56842,0,0
12/20/2009 11:10,285,5,6.4,30.8,55,29.2,0,56842,0,0
12/20/2009 11:20,272,8.5,10.5,31,53,29.2,0,56842,0,0
12/20/2009 11:30,262,7.2,10.6,31.3,53,29.2,0,56842,0,0
12/20/2009 11:40,265,4.1,5.1,31.7,52,29.2,0,56842,0,0
12/20/2009 11:50,256,7.1,10,31.9,49,29.2,0,56842,0,0
12/20/2009 12:00,275,8.7,10.4,32.1,48,29.2,0,56842,0,0
12/20/2009 12:10,249,13.4,14.2,32.1,46,29.2,0,56842,0,0
12/20/2009 12:20,267,12.3,13.9,32.1,47,29.2,0,56842,0,0
12/20/2009 12:30,272,8.5,9.4,32.5,49,29.2,0,56842,0,0
12/20/2009 12:40,252,12.9,14.5,32.7,49,29.2,0,56842,0,0
12/20/2009 12:50,257,11.5,12.7,32.7,48,29.2,0,56842,0,0
12/20/2009 13:00,306,5,6.7,32.5,50,29.2,0,56842,0,0
12/20/2009 13:10,289,4,5.4,32.5,52,29.2,0,56842,0,0
12/20/2009 13:20,279,7.2,9.6,32.9,54,29.2,0,56842,0,0
12/20/2009 13:30,270,14.9,16.8,32.9,52,29.2,0,56842,0,0
12/20/2009 13:40,269,9.5,10.8,32.9,56,29.2,0,56842,0,0
12/20/2009 13:50,265,6.9,7.6,32.7,56,29.2,0,56842,0,0
12/20/2009 14:00,308,5.6,6.9,32.7,56,29.2,0,56842,0,0
12/20/2009 14:10,293,6.2,7,32.5,55,29.2,0,56842,0,0
12/20/2009 14:20,277,12.3,14.3,32.3,54,29.2,0,56842,0,0
12/20/2009 14:30,296,8,11.5,32.5,58,29.2,0,56842,0,0
12/20/2009 14:40,319,10.9,11.7,32.5,58,29.2,0,56842,0,0
12/20/2009 14:50,323,5.3,6.4,32.5,62,29.2,0,56842,0,0
12/20/2009 15:00,316,10.8,12.4,32.5,60,29.2,0,56842,0,0
12/20/2009 15:10,302,5.5,6.8,32.3,62,29.2,0,56842,0,0
12/20/2009 15:20,287,12.4,13.5,32.3,62,29.2,0,56842,0,0
12/20/2009 15:30,302,8,9.1,32.3,64,29.2,0,56842,0,0
12/20/2009 15:40,288,13.8,15.2,32.3,65,29.2,0,56842,0,0
12/20/2009 15:50,274,10.1,12.6,32.3,63,29.2,0,56842,0,0
12/20/2009 16:00,287,15.2,16.4,32.5,64,29.2,0,56842,0,0
12/20/2009 16:10,274,6.7,9.7,32.5,66,29.2,0,56842,0,0
12/20/2009 16:20,255,11.3,13.9,32.5,67,29.2,0,56842,0,0
12/20/2009 16:30,297,10.2,11.4,32.7,63,29.2,0,56842,0,0
12/20/2009 16:40,269,14.8,17.5,32.7,66,29.2,0,56842,0,0
12/20/2009 16:50,276,13.4,15.7,32.7,66,29.2,0,56842,0,0
12/20/2009 17:00,221,10.2,11.1,32,74,29.2,0,56842,0,0
12/20/2009 17:10,225,7.3,8.9,31.5,75,29.2,0,56842,0,0
12/20/2009 17:20,217,7.2,10.4,31,76,29.2,0,56842,0,0
12/20/2009 17:30,199,6.4,9,30.8,77,29.2,0,56842,0,0
12/20/2009 17:40,219,7.8,8,30.6,77,29.2,0,56842,0,0
12/20/2009 17:50,210,10.8,13,30.6,76,29.2,0,56842,0,0
12/20/2009 18:00,216,12.1,16.1,30.8,75,29.2,0,56842,0,0
12/20/2009 18:10,197,7.2,10,30.8,74,29.2,0,56842,0,0
12/20/2009 18:20,218,14.6,16.3,30.6,72,29.2,0,56842,0,0
12/20/2009 18:30,221,11.2,11.9,30.6,72,29.2,0,56842,0,0
12/20/2009 18:40,236,6.8,7.4,30.4,73,29.2,0,56842,0,0
12/20/2009 18:50,228,7,8,30.4,73,29.2,0,56842,0,0
12/20/2009 19:00,226,12.5,13.4,30.2,73,29.2,0,56842,0,0
12/20/2009 19:10,215,11.1,12.5,30.2,72,29.2,0,56842,0,0
12/20/2009 19:20,206,5.2,6.8,30.2,73,29.2,0,56842,0,0
12/20/2009 19:30,199,7.2,10.6,30.2,73,29.2,0,56842,0,0
12/20/2009 19:40,177,5.8,6.9,30.1,73,29.2,0,56842,0,0
12/20/2009 19:50,210,11.1,12.9,30.1,73,29.2,0,56842,0,0
12/20/2009 20:00,219,11.5,14,30.2,73,29.2,0,56842,0,0
12/20/2009 20:10,217,11,13.8,30.2,73,29.2,0,56842,0,0
12/20/2009 20:20,202,11.2,12.5,30.1,73,29.2,0,56842,0,0
12/20/2009 20:30,190,6.6,8.8,30.1,74,29.2,0,56842,0,0
12/20/2009 20:40,217,11.2,12.5,30.1,74,29.2,0,56842,0,0
12/20/2009 20:50,217,6.9,8.7,30.1,75,29.2,0,56842,0,0
12/20/2009 21:00,214,8.5,10.2,30.1,75,29.2,0,56842,0,0
12/20/2009 21:10,210,8.3,9,30.1,75,29.2,0,56842,0,0
12/20/2009 21:20,220,12.9,13.1,30.1,75,29.2,0,56842,0,0
12/20/2009 21:30,223,13.6,15,29.9,75,29.2,0,56842,0,0
12/20/2009 21:40,225,9.5,11.4,29.9,76,29.2,0,56842,0,0
12/20/2009 21:50,205,10.4,11.5,29.9,77,29.2,0,56862,0,0
12/20/2009 22:00,243,12.9,14.7,29.7,78,29.2,0,56872,0,0
12/20/2009 22:10,224,10.6,12.8,29.7,78,29.2,0,56872,0,0
12/20/2009 22:20,303,4.9,7.5,29.5,80,29.2,0,56872,0,0
12/20/2009 22:30,244,8,9.1,29.3,82,29.2,0,56912,0.02,0.02
12/20/2009 22:40,227,8,9.5,29,84,29.2,0,56932,0,0
12/20/2009 22:50,213,9.7,12.3,29,84,29.2,0,56932,0,0
12/20/2009 23:00,43,4.5,5.4,28.8,85,29.2,0,56932,0,0
12/20/2009 23:10,215,9.7,10.5,28.6,85,29.2,0,56932,0,0
12/20/2009 23:20,235,9.1,9.8,28.4,89,29.2,0,56932,0,0
12/20/2009 23:30,159,7,8.1,28.4,89,29.2,0,56932,0,0
12/20/2009 23:40,209,11.5,14.3,28.3,89,29.2,0,56932,0,0
12/20/2009 23:50,231,7.3,8.5,28.4,89,29.2,0,56932,0,0
12/21/2009 0:00,152,5.7,6.9,28.3,89,29.2,0,56932,0,0
12/21/2009 0:10,205,8.6,10.8,28.3,90,29.2,0,56932,0,0
12/21/2009 0:20,218,9.3,11.4,28.1,90,29.2,0,56932,0,0
12/21/2009 0:30,143,5.6,6.9,27.9,92,29.2,0,56932,0,0
12/21/2009 0:40,217,9.3,10.6,27.7,93,29.2,0,56932,0,0
12/21/2009 0:50,213,9.6,11,27.5,94,29.2,0,56932,0,0
12/21/2009 1:00,214,8.9,9.5,27.7,93,29.2,0,56932,0,0
12/21/2009 1:10,186,6.7,7.7,27.7,92,29.2,0,56932,0,0
12/21/2009 1:20,228,7.7,8.4,27.7,92,29.2,0,56932,0,0
12/21/2009 1:30,204,9.5,11.6,27.7,92,29.2,0,56932,0,0
12/21/2009 1:40,190,5,6.8,27.7,92,29.2,0,56932,0,0
12/21/2009 1:50,173,6,7.8,27.7,92,29.2,0,56932,0,0
12/21/2009 2:00,143,6.4,7.9,27.7,92,29.2,0,56932,0,0
12/21/2009 2:10,201,5.9,8.6,27.5,91,29.2,0,56932,0,0
12/21/2009 2:20,204,10.8,13.5,27.4,90,29.2,0,56932,0,0
12/21/2009 2:30,182,3.9,5.9,27.5,90,29.2,0,56932,0,0
12/21/2009 2:40,160,5,5.8,27.9,89,29.2,0,56932,0,0
12/21/2009 2:50,177,6.1,7.3,28.1,87,29.2,0,56932,0,0
12/21/2009 3:00,218,10.6,12.1,28.1,86,29.2,0,56932,0,0
12/21/2009 3:10,218,14.2,15.5,28.3,85,29.2,0,56932,0,0
12/21/2009 3:20,208,10.2,13.4,28.1,88,29.2,0,56932,0,0
12/21/2009 3:30,216,14.4,16.2,27.7,90,29.2,0,56932,0,0
12/21/2009 3:40,230,10.8,12.1,27.5,92,29.2,0,56932,0,0
12/21/2009 3:50,172,5.5,7.5,27.4,92,29.2,0,56932,0,0
12/21/2009 4:00,196,4.4,6.1,27.4,92,29.2,0,56932,0,0
12/21/2009 4:10,171,8,9.2,27.4,92,29.2,0,56932,0,0
12/21/2009 4:20,193,6.8,9.2,27.4,91,29.2,0,56932,0,0
12/21/2009 4:30,189,3.8,4.9,27.5,91,29.2,0,56932,0,0
12/21/2009 4:40,184,4.9,5.3,27.5,92,29.2,0,56932,0,0
12/21/2009 4:50,1,3.2,4.3,27.5,92,29.2,0,56932,0,0
12/21/2009 5:00,148,5.2,6.4,27.7,91,29.2,0,56932,0,0
12/21/2009 5:10,168,5.2,6.2,27.7,91,29.2,0,56932,0,0
12/21/2009 5:20,138,6.3,7.7,27.9,91,29.2,0,56932,0,0
12/21/2009 5:30,145,7.5,8.8,27.9,91,29.2,0,56932,0,0
12/21/2009 5:40,138,6.3,7.8,28.1,91,29.2,0,56932,0,0
12/21/2009 5:50,142,5.4,6.5,28.1,90,29.2,0,56932,0,0
12/21/2009 6:00,144,4.9,5.9,28.3,90,29.2,0,56932,0,0
12/21/2009 6:10,193,5,6.7,28.4,89,29.2,0,56932,0,0
12/21/2009 6:20,191,9,11.4,28.6,88,29.2,0,56932,0,0
12/21/2009 6:30,170,6.3,7.1,28.4,89,29.2,0,56932,0,0
12/21/2009 6:40,166,6.8,10.4,28.4,89,29.2,0,56932,0,0
12/21/2009 6:50,126,6.5,8.4,28.6,89,29.2,0,56932,0,0
12/21/2009 7:00,191,8.6,9.3,28.6,88,29.2,0,56932,0,0
12/21/2009 7:10,166,3.8,5.5,28.6,88,29.2,0,56932,0,0
12/21/2009 7:20,175,4.2,6.4,28.4,89,29.2,0,56932,0,0
12/21/2009 7:30,218,10.7,11.8,28.4,91,29.2,0,56932,0,0
12/21/2009 7:40,164,3.4,4.2,28.8,89,29.2,0,56932,0,0
12/21/2009 7:50,202,5.8,6.7,29.3,88,29.2,0,56932,0,0
12/21/2009 8:00,219,13.6,14.1,29.5,88,29.2,0,56932,0,0
12/21/2009 8:10,211,6.3,9.6,29.5,89,29.2,0,56932,0,0
12/21/2009 8:20,202,5.4,6.3,29.7,89,29.2,0,56932,0,0
12/21/2009 8:30,201,8.8,11.3,29.9,89,29.2,0,56932,0,0
12/21/2009 8:40,216,9.8,10.2,29.9,89,29.2,0,57052,0.03,0.03
12/21/2009 8:50,228,8.2,9.8,29.9,90,29.2,0.01,57422,0,0
12/21/2009 9:00,205,10.3,13.8,30.8,88,29.2,0.01,57452,0,0
12/21/2009 9:10,267,8.4,10,31.3,87,29.2,0.01,57452,0,0
12/21/2009 9:20,267,4.3,5.7,31.5,86,29.2,0.01,57452,0,0
12/21/2009 9:30,302,8.3,10.7,32.9,80,29.2,0.01,57452,0,0
12/21/2009 9:40,283,18.7,19.3,33,80,29.2,0.01,57472,0,0
12/21/2009 9:50,288,17.8,21.1,33,79,29.2,0.01,57582,0,0
12/21/2009 10:00,272,12.5,14.3,33,78,29.2,0.01,57592,0,0
12/21/2009 10:10,275,16.8,18.8,33,77,29.2,0.01,57592,0,0
12/21/2009 10:20,302,12.6,15.6,33.2,77,29.2,0.01,57592,0,0
12/21/2009 10:30,277,11.8,13.5,33,77,29.2,0.01,57592,0,0
12/21/2009 10:40,298,15.6,17.3,33,80,29.2,0.01,57592,0,0
12/21/2009 10:50,290,18.5,20.8,33,79,29.2,0.01,57592,0,0
12/21/2009 11:00,298,12.5,14.2,33,77,29.2,0.01,57592,0,0
12/21/2009 11:10,309,15,16.8,32.9,77,29.2,0.01,57592,0,0
12/21/2009 11:20,302,17.5,19.4,32.9,78,29.2,0.01,57592,0,0
12/21/2009 11:30,313,11.4,14.8,32.9,77,29.2,0.01,57592,0,0
12/21/2009 11:40,293,14.2,16.1,32.9,78,29.2,0.01,57592,0,0
12/21/2009 11:50,292,21.9,24.7,32.9,79,29.2,0.01,57592,0,0
12/21/2009 12:00,340,11.4,17.1,32.9,78,29.2,0.01,57592,0,0
12/21/2009 12:10,305,12.7,14.4,32.7,81,29.2,0.01,57592,0,0
12/21/2009 12:20,305,17,19.9,32.9,78,29.2,0.01,57592,0,0
12/21/2009 12:30,293,16.8,17.6,32.9,77,29.2,0.01,57592,0,0
12/21/2009 12:40,295,18,20.5,32.9,78,29.2,0.01,57592,0,0
12/21/2009 12:50,296,18.4,21.4,32.9,75,29.2,0.01,57592,0,0
12/21/2009 13:00,292,19.7,21.1,32.9,76,29.2,0.01,57592,0,0
12/21/2009 13:10,301,19.7,21.8,32.9,76,29.2,0.01,57592,0,0
12/21/2009 13:20,287,19.2,20.7,32.9,73,29.2,0.01,57592,0,0
12/21/2009 13:30,289,18.9,21.4,33,73,29.2,0.01,57592,0,0
12/21/2009 13:40,287,18.6,21.2,33,71,29.2,0.01,57592,0,0
12/21/2009 13:50,294,23.7,27.4,32.9,72,29.2,0.01,57592,0,0
12/21/2009 14:00,296,19.8,20.9,32.9,73,29.2,0.01,57592,0,0
12/21/2009 14:10,308,17.3,19.1,32.9,74,29.2,0.01,57592,0,0
12/21/2009 14:20,308,20.2,21.4,32.9,71,29.2,0.01,57592,0,0
12/21/2009 14:30,292,20.1,22.8,32.9,74,29.2,0.01,57592,0,0
12/21/2009 14:40,288,21.6,24.2,32.9,72,29.2,0.01,57592,0,0
12/21/2009 14:50,290,23.2,24.8,32.7,72,29.2,0.01,57592,0,0
12/21/2009 15:00,301,24.2,25.6,32.7,70,29.2,0.01,57592,0,0
12/21/2009 15:10,293,13.8,16.1,32.7,69,29.2,0.01,57592,0,0
12/21/2009 15:20,287,15.9,18.4,32.7,68,29.2,0.01,57592,0,0
12/21/2009 15:30,305,21.6,23,32.7,68,29.2,0.01,57592,0,0
12/21/2009 15:40,299,21.6,23.7,32.5,68,29.2,0.01,57592,0,0
12/21/2009 15:50,297,25.2,26.7,32.5,69,29.2,0.01,57602,0,0
12/21/2009 16:00,297,26.7,27.5,32.5,69,29.2,0.01,57602,0,0
12/21/2009 16:10,308,16.8,18.8,32.3,71,29.2,0.01,57602,0,0
12/21/2009 16:20,301,14.3,15.6,32.3,71,29.3,0.01,57602,0,0
12/21/2009 16:30,304,24.2,25.1,32.3,71,29.2,0.01,57602,0,0
12/21/2009 16:40,293,20.2,21.9,32.3,72,29.3,0.01,57602,0,0
12/21/2009 16:50,306,15.3,17.4,32.3,72,29.3,0.01,57602,0,0
12/21/2009 17:00,298,19.2,22,32.3,70,29.3,0.01,57602,0,0
12/21/2009 17:10,296,11.2,15.9,32.3,71,29.3,0.01,57602,0,0
12/21/2009 17:20,287,10.9,13.9,32.3,72,29.3,0.01,57602,0,0
12/21/2009 17:30,286,20.9,23.1,32.3,71,29.3,0.01,57602,0,0
12/21/2009 17:40,301,21.4,22.1,32.3,70,29.3,0.01,57602,0,0
12/21/2009 17:50,296,20.6,21.7,32.3,71,29.3,0.01,57602,0,0
12/21/2009 18:00,302,18.8,21,32.5,68,29.3,0.01,57602,0,0
12/21/2009 18:10,290,18,20.3,32.5,67,29.3,0.01,57602,0,0
12/21/2009 18:20,296,18,19.8,32.5,71,29.3,0.01,57602,0,0
12/21/2009 18:30,299,22.3,23.5,32.7,70,29.3,0.01,57602,0,0
12/21/2009 18:40,294,17.9,22.2,32.7,71,29.3,0.01,57602,0,0
12/21/2009 18:50,304,15.2,18.1,32.5,70,29.3,0.01,57602,0,0
12/21/2009 19:00,300,16.6,18.9,32.7,71,29.3,0.01,57602,0,0
12/21/2009 19:10,320,13.9,15.3,32.7,72,29.3,0.01,57602,0,0
12/21/2009 19:20,317,10.9,12.1,32.7,72,29.3,0.01,57602,0,0
12/21/2009 19:30,315,15,21.1,32.7,73,29.3,0.01,57602,0,0
12/21/2009 19:40,302,15.7,16.9,32.5,70,29.3,0.01,57602,0,0
12/21/2009 19:50,303,17.9,18.6,32.7,68,29.3,0.01,57602,0,0
12/21/2009 20:00,300,9,12.3,32.7,71,29.3,0.01,57602,0,0
12/21/2009 20:10,309,12.2,12.7,32.9,71,29.3,0.01,57602,0,0
12/21/2009 20:20,302,18.1,22.8,33,71,29.3,0.01,57602,0,0
12/21/2009 20:30,300,14.8,16.1,32.9,71,29.3,0.01,57602,0,0
12/21/2009 20:40,300,13.6,16.2,32.9,71,29.3,0.01,57602,0,0
12/21/2009 20:50,304,12.3,13,32.9,70,29.3,0.01,57602,0,0
12/21/2009 21:00,320,6.8,7.2,33,73,29.3,0,57602,0,0
12/21/2009 21:10,305,14.5,16.6,32.9,71,29.3,0,57602,0,0
12/21/2009 21:20,309,10.4,11.3,32.7,72,29.3,0,57602,0,0
12/21/2009 21:30,326,11.3,13.3,32.5,75,29.3,0,57602,0,0
12/21/2009 21:40,316,12.1,14.2,32.3,78,29.3,0,57602,0,0
12/21/2009 21:50,341,14.1,15.1,32.3,79,29.3,0,57602,0,0
12/21/2009 22:00,305,9,10,32.1,81,29.3,0,57602,0,0
12/21/2009 22:10,318,8.4,10.6,32,83,29.3,0,57602,0,0
12/21/2009 22:20,323,7.2,8.2,32,85,29.3,0,57642,0,0
12/21/2009 22:30,310,11.2,12.2,32,81,29.3,0,57842,0,0
12/21/2009 22:40,317,6.2,7.9,32.1,84,29.3,0,57892,0,0
12/21/2009 22:50,332,6.3,7.8,32.3,83,29.3,0,57922,0,0
12/21/2009 23:00,315,5.4,7.2,32.5,85,29.3,0,57922,0,0
12/21/2009 23:10,226,6.8,7.5,31.7,88,29.3,0.01,58172,0.02,0.02
12/21/2009 23:20,198,6.7,7.9,30.8,90,29.3,0.01,58702,0.11,0.11
12/21/2009 23:30,224,5.9,6.6,30.6,91,29.3,0.01,59032,0.05,0.05
12/21/2009 23:40,102,4.7,6.3,30.6,92,29.3,0.03,59572,0.07,0.07
12/21/2009 23:50,237,7.8,8.4,30.4,92,29.3,0.03,60032,0.07,0.07
12/22/2009 0:00,254,6.2,6.9,30.2,94,29.3,0.04,60442,0.07,0.07
12/22/2009 0:10,215,6,8,30.1,95,29.3,0.04,60682,0,0
12/22/2009 0:20,231,14,14.8,30.1,95,29.3,0.04,60722,0,0
12/22/2009 0:30,238,12.2,13.3,30.1,95,29.3,0.06,61132,0.3,0.3
12/22/2009 0:40,244,12.7,14.1,29.9,96,29.3,0.07,61392,0,0
12/22/2009 0:50,227,16.1,16.5,29.9,97,29.3,0.08,61892,0.19,0.19
12/22/2009 1:00,238,10,12,29.7,97,29.3,0.08,62312,0,0
12/22/2009 1:10,255,11,12.1,29.5,97,29.3,0.09,62692,0,0
12/22/2009 1:20,236,9.9,11.1,29.3,97,29.3,0.09,62992,0,0
12/22/2009 1:30,270,12.6,14.1,29.3,97,29.3,0.1,63362,0.03,0.03
12/22/2009 1:40,224,12.4,13.1,29.3,96,29.3,0.12,63752,0.04,0.04
12/22/2009 1:50,234,12.5,13.4,29.7,97,29.3,0.12,63852,0,0
12/22/2009 2:00,203,11.1,14,29.9,97,29.3,0.12,63852,0,0
12/22/2009 2:10,297,5.2,6.5,30.2,96,29.3,0.12,63922,0,0
12/22/2009 2:20,308,16.8,20.9,31.5,96,29.3,0.12,63922,0,0
12/22/2009 2:30,300,21.9,23.4,32,90,29.3,0.12,63922,0,0
12/22/2009 2:40,307,20.7,22.8,32,89,29.3,0.12,63922,0,0
12/22/2009 2:50,323,16.8,18.4,32,91,29.3,0.12,63932,0,0
12/22/2009 3:00,304,17.7,18.9,32.3,88,29.3,0.12,64012,0,0
12/22/2009 3:10,327,19.2,19.9,31.7,92,29.3,0.12,64012,0,0
12/22/2009 3:20,322,20,21.3,32,88,29.3,0.12,64032,0,0
12/22/2009 3:30,322,26.1,26.7,32,84,29.3,0.12,64132,0,0
12/22/2009 3:40,319,17.2,19.7,31.9,85,29.3,0.12,64132,0,0
12/22/2009 3:50,324,18.3,20.2,32.7,81,29.3,0.12,64132,0,0
12/22/2009 4:00,333,16,18,32.7,77,29.3,0.12,64132,0,0
12/22/2009 4:10,323,18.9,20.8,32.7,78,29.3,0.12,64132,0,0
12/22/2009 4:20,325,21.7,23.3,32.7,76,29.3,0.12,64132,0,0
12/22/2009 4:30,321,20.9,22.5,32.5,75,29.3,0.12,64132,0,0
12/22/2009 4:40,317,12.8,14.9,32.5,75,29.3,0.12,64132,0,0
12/22/2009 4:50,326,18.5,22.2,32.3,79,29.3,0.12,64132,0,0
12/22/2009 5:00,333,15.1,18.5,32.3,77,29.3,0.12,64132,0,0
12/22/2009 5:10,321,15,17.8,32.3,78,29.3,0.12,64132,0,0
12/22/2009 5:20,319,13.8,15.1,32.1,75,29.3,0.12,64132,0,0
12/22/2009 5:30,328,15.8,17.7,32.3,74,29.3,0.12,64132,0,0
12/22/2009 5:40,332,14.6,15.8,32.1,75,29.3,0.12,64132,0,0
12/22/2009 5:50,325,17,17.9,32.3,73,29.3,0.12,64132,0,0
12/22/2009 6:00,337,11.5,11.9,32,81,29.3,0.12,64132,0,0
12/22/2009 6:10,340,15.5,16.7,32,81,29.3,0.12,64202,0.03,0.03
12/22/2009 6:20,335,13.9,16.7,32,79,29.4,0.12,64372,0,0
12/22/2009 6:30,345,18.8,20.2,31.7,78,29.4,0.12,64372,0,0
12/22/2009 6:40,355,19.7,21.3,31.9,78,29.4,0.12,64372,0,0
12/22/2009 6:50,346,16.3,17.8,31.9,79,29.4,0.12,64372,0,0
12/22/2009 7:00,344,17.1,17.7,31.9,77,29.4,0.12,64372,0,0
12/22/2009 7:10,15,20.3,21,31.7,80,29.4,0.12,64372,0,0
12/22/2009 7:20,16,13.7,14.5,31.3,82,29.4,0.12,64372,0,0
12/22/2009 7:30,359,15.3,16.7,31,81,29.4,0.12,64372,0,0
12/22/2009 7:40,18,15,17.7,30.8,84,29.4,0.12,64372,0,0
12/22/2009 7:50,21,15.9,17.1,30.6,83,29.4,0.12,64372,0,0
12/22/2009 8:00,349,14.5,15.8,30.4,82,29.4,0.12,64372,0,0
12/22/2009 8:10,31,10.2,12,30.2,82,29.4,0.12,64372,0,0
12/22/2009 8:20,13,14.2,15.9,29.7,81,29.4,0.12,64372,0,0
12/22/2009 8:30,17,10,14.2,29.5,80,29.4,0.12,64372,0,0
12/22/2009 8:40,41,10.5,11.5,29.3,80,29.4,0.12,64372,0,0
12/22/2009 8:50,18,13.3,16.7,29.3,77,29.4,0.12,64372,0,0
12/22/2009 9:00,28,16,17.9,29.7,78,29.4,0.12,64372,0,0
12/22/2009 9:10,13,12.7,14,29.5,80,29.4,0.12,64372,0,0
12/22/2009 9:20,30,13.7,19.2,29.3,79,29.4,0.12,64372,0,0
12/22/2009 9:30,29,13.5,15,29.2,81,29.4,0.12,64372,0,0
12/22/2009 9:40,358,9.5,10.7,28.8,82,29.4,0.12,64372,0,0
12/22/2009 9:50,68,10.2,11.8,27.9,85,29.4,0.12,64372,0,0
12/22/2009 10:00,129,9.1,11.7,27.5,86,29.4,0.12,64372,0,0
12/22/2009 10:10,29,7.7,10.9,27.4,85,29.4,0.12,64372,0,0
12/22/2009 10:20,55,14.3,15.6,27.2,84,29.4,0.12,64372,0,0
12/22/2009 10:30,33,11.7,12.5,27.2,84,29.4,0.12,64372,0,0
12/22/2009 10:40,66,5.8,7,26.8,84,29.4,0.12,64372,0,0
12/22/2009 10:50,69,3.8,5.4,27,84,29.4,0.12,64372,0,0
12/22/2009 11:00,81,6.7,8.7,27,84,29.4,0.12,64372,0,0
12/22/2009 11:10,20,7.4,8,27.2,84,29.4,0.12,64372,0,0
12/22/2009 11:20,29,12.6,14.3,27.2,81,29.4,0.12,64372,0,0
12/22/2009 11:30,48,6.4,8.3,27.2,81,29.4,0.12,64372,0,0
12/22/2009 11:40,8,4.7,5.3,26.8,80,29.4,0.12,64372,0,0
12/22/2009 11:50,29,14.3,15.4,26.6,78,29.4,0.12,64372,0,0
12/22/2009 12:00,35,11.1,15.7,26.5,76,29.4,0.12,64372,0,0
12/22/2009 12:10,18,10.2,11.3,26.3,76,29.4,0.12,64372,0,0
12/22/2009 12:20,42,9.4,10.3,26.5,74,29.4,0.12,64372,0,0
12/22/2009 12:30,15,15.8,16.6,26.5,74,29.4,0.12,64372,0,0
12/22/2009 12:40,0,7.1,7.6,26.5,74,29.4,0.12,64372,0,0
12/22/2009 12:50,12,5.1,5.8,26.5,74,29.4,0.12,64372,0,0
12/22/2009 13:00,29,13,16,26.5,71,29.4,0.12,64372,0,0
12/22/2009 13:10,33,7.9,10.6,26.1,71,29.4,0.12,64372,0,0
12/22/2009 13:20,60,4.2,5.5,25.9,74,29.4,0.12,64372,0,0
12/22/2009 13:30,83,6.2,7.5,25.7,72,29.4,0.12,64372,0,0
12/22/2009 13:40,66,3.1,3.7,25.9,73,29.4,0.12,64372,0,0
12/22/2009 13:50,47,5.4,6.3,25.9,72,29.4,0.12,64372,0,0
12/22/2009 14:00,42,6.5,7,25.7,74,29.4,0.12,64372,0,0
12/22/2009 14:10,40,5.2,8.4,25.6,74,29.4,0.12,64372,0,0
12/22/2009 14:20,62,2.7,3.6,25.4,74,29.4,0.12,64372,0,0
12/22/2009 14:30,78,3.8,4.1,25.4,73,29.4,0.12,64372,0,0
12/22/2009 14:40,55,2.7,3.3,25.2,74,29.4,0.12,64372,0,0
12/22/2009 14:50,40,3.7,4.1,25.2,74,29.4,0.12,64372,0,0
12/22/2009 15:00,38,4,4.5,25,75,29.4,0.12,64372,0,0
12/22/2009 15:10,48,3.8,5.2,25,75,29.4,0.12,64372,0,0
12/22/2009 15:20,45,3.8,4.6,25.2,75,29.4,0.12,64372,0,0
12/22/2009 15:30,43,5.2,5.5,25.2,74,29.4,0.12,64372,0,0
12/22/2009 15:40,33,6,7.5,25.4,74,29.4,0.12,64372,0,0
12/22/2009 15:50,45,3.6,4.3,25.2,74,29.4,0.12,64372,0,0
12/22/2009 16:00,25,9.6,10.1,25.4,69,29.4,0.12,64372,0,0
12/22/2009 16:10,50,4.6,7.6,25.6,69,29.4,0.12,64372,0,0
12/22/2009 16:20,51,2.7,3.3,25.4,69,29.4,0.12,64372,0,0
12/22/2009 16:30,38,5.3,7.2,25.4,67,29.4,0.12,64372,0,0
12/22/2009 16:40,25,9.2,9.5,25.4,67,29.4,0.12,64372,0,0
12/22/2009 16:50,62,3.5,4.4,25.6,67,29.4,0.12,64372,0,0
12/22/2009 17:00,1,4.7,6.3,25.2,67,29.5,0.12,64372,0,0
12/22/2009 17:10,74,2.4,3.6,25.4,67,29.5,0.12,64372,0,0
12/22/2009 17:20,116,4.8,5.2,24.1,72,29.5,0.12,64372,0,0
12/22/2009 17:30,126,4,4.6,23.6,77,29.5,0.12,64372,0,0
12/22/2009 17:40,28,4.7,7.5,23.8,74,29.5,0.12,64372,0,0
12/22/2009 17:50,90,3.7,4.8,24.5,72,29.5,0.12,64372,0,0
12/22/2009 18:00,48,2.3,3.2,23.4,77,29.5,0.12,64372,0,0
12/22/2009 18:10,60,5.1,6.2,23.4,76,29.5,0.12,64372,0,0
12/22/2009 18:20,4,9.4,10.6,23.9,74,29.5,0.12,64372,0,0
12/22/2009 18:30,3,10,10.4,25,72,29.5,0.12,64372,0,0
12/22/2009 18:40,4,15.5,16.7,25.4,74,29.5,0.12,64372,0,0
12/22/2009 18:50,1,13.1,14.9,25.7,67,29.5,0.12,64372,0,0
12/22/2009 19:00,354,13.5,13.8,26.1,65,29.5,0.12,64372,0,0
12/22/2009 19:10,357,11,12.2,25.9,59,29.5,0.12,64372,0,0
12/22/2009 19:20,335,10.5,13.1,25.7,59,29.5,0.12,64372,0,0
12/22/2009 19:30,3,13.4,14.8,25.6,59,29.5,0.12,64372,0,0
12/22/2009 19:40,10,13.6,16.6,25.2,60,29.5,0.12,64372,0,0
12/22/2009 19:50,9,17.8,19.3,25,59,29.5,0.12,64372,0,0
12/22/2009 20:00,1,12.8,14.2,24.7,57,29.5,0.12,64372,0,0
12/22/2009 20:10,17,11.3,13.2,24.8,59,29.5,0.12,64372,0,0
12/22/2009 20:20,8,18.3,20.6,24.5,63,29.5,0.12,64372,0,0
12/22/2009 20:30,1,11.7,13.4,24.1,66,29.5,0.12,64372,0,0
12/22/2009 20:40,1,8.2,9.3,23.8,68,29.5,0.12,64372,0,0
12/22/2009 20:50,5,16.9,18.3,23.9,69,29.5,0.12,64372,0,0
12/22/2009 21:00,20,13.2,14.3,23.9,70,29.5,0,64372,0,0
12/22/2009 21:10,17,14,17.2,23.8,70,29.5,0,64372,0,0
12/22/2009 21:20,15,14,14.7,23.9,70,29.5,0,64372,0,0
12/22/2009 21:30,351,6.8,8.2,23.8,71,29.5,0,64372,0,0
12/22/2009 21:40,29,10.5,12.5,23.8,70,29.5,0,64372,0,0
12/22/2009 21:50,9,8.5,9.6,23.8,71,29.5,0,64372,0,0
12/22/2009 22:00,14,13.1,14.6,23.6,72,29.5,0,64372,0,0
12/22/2009 22:10,11,12.1,13.9,23.8,71,29.5,0,64372,0,0
12/22/2009 22:20,13,15.8,16.6,23.9,69,29.5,0,64372,0,0
12/22/2009 22:30,9,8.4,10.9,23.9,70,29.5,0,64372,0,0
12/22/2009 22:40,25,10,11.1,23.6,70,29.5,0,64372,0,0
12/22/2009 22:50,10,14.4,17.4,23.6,72,29.5,0,64372,0,0
12/22/2009 23:00,5,16.6,18,23.4,72,29.5,0,64372,0,0
12/22/2009 23:10,12,14.3,15.3,23.2,72,29.5,0,64372,0,0
12/22/2009 23:20,356,10,11.9,23,74,29.5,0,64372,0,0
12/22/2009 23:30,18,13.5,15.1,22.7,74,29.5,0,64372,0,0
12/22/2009 23:40,357,10.4,10.8,22.9,75,29.5,0,64372,0,0
12/22/2009 23:50,346,10.6,11.4,22.9,76,29.5,0,64372,0,0
12/23/2009 0:00,14,9.5,9.8,23,75,29.5,0,64372,0,0
12/23/2009 0:10,0,13.1,14.9,22.9,76,29.5,0,64372,0,0
12/23/2009 0:20,344,10.5,11.3,22.9,73,29.5,0,64372,0,0
12/23/2009 0:30,7,7.9,10.3,23,72,29.5,0,64372,0,0
12/23/2009 0:40,0,6.9,7.4,23,71,29.5,0,64372,0,0
12/23/2009 0:50,355,11,11.3,23,70,29.5,0,64372,0,0
12/23/2009 1:00,1,14.1,16.1,23,71,29.5,0,64372,0,0
12/23/2009 1:10,9,10.4,11.2,23,72,29.5,0,64372,0,0
12/23/2009 1:20,335,9.8,11.2,23.2,72,29.5,0,64372,0,0
12/23/2009 1:30,354,6.3,7.6,23.4,70,29.5,0,64372,0,0
12/23/2009 1:40,0,9.1,9.9,23.6,70,29.5,0,64372,0,0
12/23/2009 1:50,354,7.3,9.7,23.6,68,29.5,0,64372,0,0
12/23/2009 2:00,344,10.6,12.6,23.6,70,29.5,0,64372,0,0
12/23/2009 2:10,349,9.1,9.6,23.8,69,29.5,0,64372,0,0
12/23/2009 2:20,15,10.8,12.4,23.8,70,29.5,0,64372,0,0
12/23/2009 2:30,9,13.2,14.3,23.6,70,29.5,0,64372,0,0
12/23/2009 2:40,1,11,13.6,23.6,69,29.5,0,64372,0,0
12/23/2009 2:50,327,10.8,12.2,23.6,69,29.5,0,64372,0,0
12/23/2009 3:00,5,10.7,11.9,23.6,70,29.5,0,64372,0,0
12/23/2009 3:10,349,11.4,14.2,23.6,71,29.5,0,64372,0,0
12/23/2009 3:20,348,14.6,15.2,23.6,73,29.5,0,64372,0,0
12/23/2009 3:30,5,16.4,17.9,23.4,72,29.5,0,64372,0,0
12/23/2009 3:40,355,11.2,12.7,23.6,73,29.5,0,64372,0,0
12/23/2009 3:50,326,10.7,12,23.6,70,29.5,0,64372,0,0
12/23/2009 4:00,11,8.9,11,23.6,73,29.5,0,64372,0,0
12/23/2009 4:10,333,13.8,14.8,23.6,72,29.5,0,64372,0,0
12/23/2009 4:20,334,12.6,14.1,23.6,71,29.5,0,64372,0,0
12/23/2009 4:30,341,12.9,13.3,23.6,71,29.5,0,64372,0,0
12/23/2009 4:40,346,15.1,16.3,23.2,71,29.5,0,64372,0,0
12/23/2009 4:50,347,14.2,15.6,23.4,72,29.5,0,64372,0,0
12/23/2009 5:00,342,17.2,19.3,23.2,72,29.5,0,64372,0,0
12/23/2009 5:10,344,11.6,13.2,23,71,29.5,0,64372,0,0
12/23/2009 5:20,5,9.3,14,23,74,29.5,0,64372,0,0
12/23/2009 5:30,348,14.3,15,22.9,73,29.5,0,64372,0,0
12/23/2009 5:40,352,12.7,14.4,22.9,71,29.5,0,64372,0,0
12/23/2009 5:50,345,15.2,16.6,22.9,73,29.5,0,64372,0,0
12/23/2009 6:00,326,12.3,13.5,22.9,72,29.5,0,64372,0,0
12/23/2009 6:10,334,13.9,14.3,22.9,72,29.5,0,64372,0,0
12/23/2009 6:20,337,13.5,14.3,22.9,72,29.5,0,64372,0,0
12/23/2009 6:30,2,11.7,13.5,22.9,73,29.5,0,64372,0,0
12/23/2009 6:40,338,17.8,18.6,22.9,73,29.5,0,64372,0,0
12/23/2009 6:50,327,19.3,20.7,23,74,29.5,0,64372,0,0
12/23/2009 7:00,346,10.9,14,22.7,74,29.5,0,64372,0,0
12/23/2009 7:10,349,16.8,18.2,22.9,74,29.5,0,64372,0,0
12/23/2009 7:20,16,17,18,23,72,29.5,0,64372,0,0
12/23/2009 7:30,4,10.4,12.1,23.2,73,29.5,0,64372,0,0
12/23/2009 7:40,17,15.7,16.5,23.6,72,29.5,0,64372,0,0
12/23/2009 7:50,5,10.9,14,23.9,71,29.5,0,64372,0,0
12/23/2009 8:00,11,16.5,18.3,24.1,72,29.5,0,64372,0,0
12/23/2009 8:10,7,9.7,14,23.8,73,29.5,0,64372,0,0
12/23/2009 8:20,354,10.9,13.9,24.3,71,29.5,0,64372,0,0
12/23/2009 8:30,9,16.7,17.5,24.3,70,29.5,0,64372,0,0
12/23/2009 8:40,346,13,14.2,24.3,70,29.5,0,64372,0,0
12/23/2009 8:50,352,8.1,8.8,24.1,70,29.5,0,64372,0,0
12/23/2009 9:00,347,13.3,14.7,24.5,70,29.5,0,64372,0,0
12/23/2009 9:10,8,11.5,12.9,24.3,70,29.5,0,64372,0,0
12/23/2009 9:20,353,10.5,11.2,24.5,70,29.5,0,64372,0,0
12/23/2009 9:30,354,8.2,9,24.5,70,29.5,0,64372,0,0
12/23/2009 9:40,10,13.1,13.6,24.5,68,29.5,0,64372,0,0
12/23/2009 9:50,5,9.8,11.6,24.7,69,29.5,0,64372,0,0
12/23/2009 10:00,348,7.4,8.3,24.3,70,29.5,0,64372,0,0
12/23/2009 10:10,5,9.9,10.9,24.8,68,29.5,0,64372,0,0
12/23/2009 10:20,346,6.5,7.5,25.2,67,29.5,0,64372,0,0
12/23/2009 10:30,345,10.6,11.2,24.7,67,29.5,0,64372,0,0
12/23/2009 10:40,345,11.3,11.7,24.8,68,29.5,0,64372,0,0
12/23/2009 10:50,0,7.3,7.9,24.7,70,29.5,0,64372,0,0
12/23/2009 11:00,339,5.8,6.9,25,69,29.5,0,64372,0,0
12/23/2009 11:10,340,5,6.1,25.4,71,29.5,0,64372,0,0
12/23/2009 11:20,350,7.7,8.3,25.4,72,29.5,0,64372,0,0
12/23/2009 11:30,2,8.7,9.3,25.4,70,29.5,0,64372,0,0
12/23/2009 11:40,356,5.4,5.9,25.4,70,29.5,0,64372,0,0
12/23/2009 11:50,334,4.6,5.9,25.6,70,29.5,0,64372,0,0
12/23/2009 12:00,324,5.7,7.6,25.6,70,29.5,0,64372,0,0
12/23/2009 12:10,337,5.6,6.2,26.1,69,29.5,0,64372,0,0
12/23/2009 12:20,330,4.4,5.8,25.9,69,29.5,0,64372,0,0
12/23/2009 12:30,319,5.4,5.9,26.3,70,29.5,0,64372,0,0
12/23/2009 12:40,324,5,6.3,26.5,69,29.5,0,64372,0,0
12/23/2009 12:50,343,7.2,8.4,26.6,68,29.5,0,64372,0,0
12/23/2009 13:00,332,7.4,9,26.5,69,29.5,0,64372,0,0
12/23/2009 13:10,345,9.6,10,26.5,70,29.5,0,64372,0,0
12/23/2009 13:20,332,8.5,9.1,26.3,70,29.5,0,64372,0,0
12/23/2009 13:30,336,7.3,8,26.5,70,29.5,0,64372,0,0
12/23/2009 13:40,345,5.3,5.8,26.8,68,29.5,0,64372,0,0
12/23/2009 13:50,336,9.7,11.2,27,69,29.5,0,64372,0,0
12/23/2009 14:00,332,5.3,7.4,27,69,29.5,0,64372,0,0
12/23/2009 14:10,306,7.5,7.8,27.2,69,29.5,0,64372,0,0
12/23/2009 14:20,335,11.3,12,27.2,69,29.5,0,64372,0,0
12/23/2009 14:30,317,4.4,5.9,27.2,67,29.5,0,64372,0,0
12/23/2009 14:40,340,7.2,7.9,27.2,71,29.5,0,64372,0,0
12/23/2009 14:50,314,3.8,6.1,27.4,68,29.5,0,64372,0,0
12/23/2009 15:00,321,7.8,9.5,27.5,68,29.5,0,64372,0,0
12/23/2009 15:10,347,6.4,7.5,27.5,69,29.5,0,64372,0,0
12/23/2009 15:20,338,9.4,10.5,27.7,69,29.5,0,64372,0,0
12/23/2009 15:30,341,8.5,9.3,27.7,68,29.5,0,64372,0,0
12/23/2009 15:40,353,11.2,12.5,27.9,66,29.5,0,64372,0,0
12/23/2009 15:50,0,8.8,9.8,28.1,66,29.5,0,64372,0,0
12/23/2009 16:00,3,11.9,12.3,28.3,66,29.5,0,64372,0,0
12/23/2009 16:10,346,11.4,11.9,28.3,66,29.5,0,64372,0,0
12/23/2009 16:20,0,13.2,14.8,28.4,66,29.5,0,64372,0,0
12/23/2009 16:30,0,12.9,13.7,28.3,66,29.5,0,64372,0,0
12/23/2009 16:40,6,14.6,15.9,28.1,67,29.5,0,64372,0,0
12/23/2009 16:50,22,12,12.9,27.9,70,29.5,0,64372,0,0
12/23/2009 17:00,9,10.6,12.8,27.7,70,29.5,0,64372,0,0
12/23/2009 17:10,24,12.2,13.4,27.4,69,29.5,0,64372,0,0
12/23/2009 17:20,16,15.3,16,27.2,69,29.5,0,64372,0,0
12/23/2009 17:30,11,13.8,14.5,27,70,29.5,0,64372,0,0
12/23/2009 17:40,16,10.3,11.5,26.8,69,29.5,0,64372,0,0
12/23/2009 17:50,7,8.5,10.4,26.8,68,29.5,0,64372,0,0
12/23/2009 18:00,30,7.3,9,26.8,68,29.5,0,64372,0,0
12/23/2009 18:10,31,7.9,11,26.5,70,29.5,0,64372,0,0
12/23/2009 18:20,32,9.9,12.4,26.5,69,29.5,0,64372,0,0
12/23/2009 18:30,19,6.9,9.7,26.3,70,29.5,0,64372,0,0
12/23/2009 18:40,29,8.1,9.3,26.3,71,29.5,0,64372,0,0
12/23/2009 18:50,40,5.4,8.7,26.3,73,29.5,0,64372,0,0
12/23/2009 19:00,23,12,13.1,26.3,73,29.5,0,64372,0,0
12/23/2009 19:10,21,12,12.9,26.5,72,29.5,0,64372,0,0
12/23/2009 19:20,17,6.6,8,26.5,73,29.5,0,64372,0,0
12/23/2009 19:30,14,5.4,6.2,26.5,73,29.5,0,64372,0,0
12/23/2009 19:40,39,8.7,9.5,26.5,75,29.5,0,64372,0,0
12/23/2009 19:50,33,6.3,9.2,26.5,75,29.5,0,64372,0,0
12/23/2009 20:00,45,8.7,10,26.5,75,29.5,0,64372,0,0
12/23/2009 20:10,84,3.9,6.3,26.5,77,29.5,0,64372,0,0
12/23/2009 20:20,59,8.7,10,26.5,78,29.5,0,64372,0,0
12/23/2009 20:30,48,5.2,6.3,26.3,78,29.5,0,64372,0,0
12/23/2009 20:40,69,6.6,7.6,26.3,78,29.5,0,64372,0,0
12/23/2009 20:50,55,4.2,5.1,26.3,79,29.5,0,64372,0,0
12/23/2009 21:00,50,8,9.2,26.3,78,29.5,0,64372,0,0
12/23/2009 21:10,98,9.2,11.7,26.3,78,29.5,0,64372,0,0
12/23/2009 21:20,83,7.9,8.3,26.3,77,29.5,0,64372,0,0
12/23/2009 21:30,96,9.1,11,26.3,77,29.5,0,64372,0,0
12/23/2009 21:40,102,9.8,10.6,26.3,77,29.5,0,64372,0,0
12/23/2009 21:50,88,8.5,10.7,26.1,78,29.5,0,64372,0,0
12/23/2009 22:00,95,8.4,9,26.1,78,29.5,0,64372,0,0
12/23/2009 22:10,83,5.6,7.6,26.1,78,29.5,0,64372,0,0
12/23/2009 22:20,102,8.8,10.7,26.1,78,29.5,0,64372,0,0
12/23/2009 22:30,101,9.6,10.8,26.1,78,29.5,0,64372,0,0
12/23/2009 22:40,91,7.4,8.5,25.9,78,29.5,0,64372,0,0
12/23/2009 22:50,116,11,12,26.1,78,29.5,0,64372,0,0
12/23/2009 23:00,109,9.2,9.8,25.9,78,29.5,0,64372,0,0
12/23/2009 23:10,109,9.6,10.1,25.9,78,29.5,0,64372,0,0
12/23/2009 23:20,107,10.1,11.4,25.7,78,29.5,0,64372,0,0
12/23/2009 23:30,111,9.6,10.5,25.6,79,29.5,0,64372,0,0
12/23/2009 23:40,105,10.2,12.7,25.6,79,29.5,0,64372,0,0
12/23/2009 23:50,102,10.5,12.3,25.2,79,29.5,0,64372,0,0
12/24/2009 0:00,112,11.5,12.5,25.2,79,29.5,0,64372,0,0
12/24/2009 0:10,107,11.6,12.9,25.2,80,29.5,0,64372,0,0
12/24/2009 0:20,101,17.2,18.6,25,80,29.5,0,64372,0,0
12/24/2009 0:30,100,10.2,12.7,25,81,29.5,0,64372,0,0
12/24/2009 0:40,92,10.9,14.6,24.8,81,29.5,0,64372,0,0
12/24/2009 0:50,107,10.7,11.4,24.8,81,29.5,0,64372,0,0
12/24/2009 1:00,95,12.2,13.2,24.8,81,29.5,0,64372,0,0
12/24/2009 1:10,97,13.2,14.4,25,82,29.5,0,64372,0,0
12/24/2009 1:20,100,9.4,10.6,25,82,29.5,0,64372,0,0
12/24/2009 1:30,100,9.1,9.8,25,82,29.5,0,64372,0,0
12/24/2009 1:40,105,10,12.6,25,81,29.5,0,64372,0,0
12/24/2009 1:50,112,11.7,12.7,24.8,81,29.5,0,64372,0,0
12/24/2009 2:00,113,10.3,10.8,24.8,82,29.5,0,64372,0,0
12/24/2009 2:10,97,10.8,11.2,24.8,83,29.5,0,64372,0,0
12/24/2009 2:20,115,8.1,10,24.8,83,29.5,0,64372,0,0
12/24/2009 2:30,118,10.2,11.3,25.2,82,29.5,0,64372,0,0
12/24/2009 2:40,100,7.3,8.4,25,83,29.5,0,64372,0,0
12/24/2009 2:50,100,8.1,9.8,24.8,83,29.5,0,64372,0,0
12/24/2009 3:00,109,10,10.9,24.7,84,29.5,0,64372,0,0
12/24/2009 3:10,108,14.2,15.5,24.7,84,29.5,0,64372,0,0
12/24/2009 3:20,107,10.2,11.1,24.7,84,29.5,0,64372,0,0
12/24/2009 3:30,93,11,13,24.8,84,29.5,0,64372,0,0
12/24/2009 3:40,102,15.2,16.3,24.8,85,29.5,0,64372,0,0
12/24/2009 3:50,115,12.1,13.1,24.8,85,29.5,0,64372,0,0
12/24/2009 4:00,90,11.7,13.4,24.8,85,29.5,0,64372,0,0
12/24/2009 4:10,98,10.2,12,24.8,86,29.5,0,64372,0,0
12/24/2009 4:20,101,10,11.2,24.5,86,29.5,0,64372,0,0
12/24/2009 4:30,100,13.3,15.5,24.1,85,29.5,0,64372,0,0
12/24/2009 4:40,93,10.9,12.5,23.8,84,29.5,0,64372,0,0
12/24/2009 4:50,81,3.4,4.8,23.4,85,29.5,0,64372,0,0
12/24/2009 5:00,64,6.6,8.1,23.2,86,29.5,0,64372,0,0
12/24/2009 5:10,97,6.1,6.9,22.9,87,29.5,0,64372,0,0
12/24/2009 5:20,104,5.4,6.4,22.9,87,29.5,0,64372,0,0
12/24/2009 5:30,107,6,6.6,22.5,85,29.5,0,64372,0,0
12/24/2009 5:40,118,6.1,6.6,22,86,29.5,0,64372,0,0
12/24/2009 5:50,114,5.7,6.1,22,87,29.5,0,64372,0,0
12/24/2009 6:00,102,8.4,9.8,22,88,29.5,0,64372,0,0
12/24/2009 6:10,124,6.8,7.3,22,88,29.5,0,64372,0,0
12/24/2009 6:20,85,9.7,10.2,22.1,87,29.5,0,64372,0,0
12/24/2009 6:30,102,9.5,10.5,22.3,87,29.5,0,64372,0,0
12/24/2009 6:40,103,11.1,12.1,22.5,86,29.5,0,64372,0,0
12/24/2009 6:50,93,10.3,12.2,22.5,86,29.5,0,64372,0,0
12/24/2009 7:00,100,10,11.4,22.7,86,29.5,0,64372,0,0
12/24/2009 7:10,71,7.1,7.6,22.9,85,29.5,0,64372,0,0
12/24/2009 7:20,104,9.1,9.9,23.6,83,29.5,0,64372,0,0
12/24/2009 7:30,103,12.5,13.4,23.9,82,29.5,0,64372,0,0
12/24/2009 7:40,67,4.6,5.8,25.2,80,29.5,0,64372,0,0
12/24/2009 7:50,103,8.7,10,24.8,79,29.5,0,64372,0,0
12/24/2009 8:00,80,5.8,7.4,25.4,78,29.5,0,64372,0,0
12/24/2009 8:10,108,8.1,9.5,26.3,76,29.5,0,64372,0,0
12/24/2009 8:20,87,7.5,8.2,25.7,77,29.5,0,64372,0,0
12/24/2009 8:30,103,5.6,6.1,25.6,78,29.5,0,64372,0,0
12/24/2009 8:40,42,6.9,7.6,26.1,78,29.5,0,64372,0,0
12/24/2009 8:50,31,8.1,9.3,25.7,79,29.5,0,64372,0,0
12/24/2009 9:00,50,6.8,7.3,25.7,79,29.5,0,64372,0,0
12/24/2009 9:10,42,9.7,10.8,25.9,79,29.5,0,64372,0,0
12/24/2009 9:20,41,8.4,11.4,26.5,78,29.5,0,64372,0,0
12/24/2009 9:30,60,11.8,12.6,26.5,78,29.5,0,64372,0,0
12/24/2009 9:40,73,9.8,10.4,26.5,79,29.5,0,64372,0,0
12/24/2009 9:50,42,12.4,13.6,26.6,78,29.5,0,64372,0,0
12/24/2009 10:00,56,12.1,13,27.2,78,29.5,0,64372,0,0
12/24/2009 10:10,57,6.5,7.4,27.5,78,29.5,0,64372,0,0
12/24/2009 10:20,52,8.4,10.5,27.7,79,29.5,0,64372,0,0
12/24/2009 10:30,41,13.4,15.4,27.4,79,29.5,0,64372,0,0
12/24/2009 10:40,46,10.1,12.3,27.5,80,29.5,0,64372,0,0
12/24/2009 10:50,65,9.2,9.6,27.7,80,29.5,0,64372,0,0
12/24/2009 11:00,41,11.4,12.3,28.1,80,29.5,0,64372,0,0
12/24/2009 11:10,64,14.8,15.2,28.4,80,29.4,0,64372,0,0
12/24/2009 11:20,33,7.4,9,29,80,29.4,0,64372,0,0
12/24/2009 11:30,71,8.8,9.6,29.7,78,29.4,0,64372,0,0
12/24/2009 11:40,74,4.9,5.9,30.1,79,29.4,0,64372,0,0
12/24/2009 11:50,24,5.6,7,30.2,79,29.4,0,64372,0,0
12/24/2009 12:00,50,13.6,16.5,30.6,77,29.4,0,64372,0,0
12/24/2009 12:10,38,6.9,8.2,31,78,29.4,0,64372,0,0
12/24/2009 12:20,54,6.4,7.8,31.3,76,29.4,0,64372,0,0
12/24/2009 12:30,91,6.9,8,31.9,75,29.4,0,64372,0,0
12/24/2009 12:40,67,13,14.2,32,74,29.4,0,64372,0,0
12/24/2009 12:50,50,9.4,11,32.5,73,29.4,0,64372,0,0
12/24/2009 13:00,73,16,17.8,32.9,73,29.4,0,64372,0,0
12/24/2009 13:10,89,7.2,11,33,74,29.4,0,64372,0,0
12/24/2009 13:20,52,20.4,23.9,33.2,74,29.4,0,64372,0,0
12/24/2009 13:30,31,12.9,16.1,33.2,75,29.4,0,64372,0,0
12/24/2009 13:40,59,8.1,8.7,33.4,75,29.4,0,64372,0,0
12/24/2009 13:50,66,10.3,11.9,33.4,75,29.4,0,64372,0,0
12/24/2009 14:00,39,13.7,15.8,33.6,76,29.4,0,64372,0,0
12/24/2009 14:10,79,15.3,17.8,33.6,77,29.4,0,64372,0,0
12/24/2009 14:20,77,15.5,16.9,33.6,76,29.4,0,64372,0,0
12/24/2009 14:30,69,13,14.7,33.8,75,29.4,0,64372,0,0
12/24/2009 14:40,56,12.4,13.5,33.8,74,29.4,0,64372,0,0
12/24/2009 14:50,67,10.5,11.8,33.6,74,29.4,0,64372,0,0
12/24/2009 15:00,83,14.4,14.8,33.6,73,29.4,0,64372,0,0
12/24/2009 15:10,80,10.5,12.8,33.4,73,29.4,0,64372,0,0
12/24/2009 15:20,82,14.4,15.7,33.4,73,29.4,0,64372,0,0
12/24/2009 15:30,70,9.7,13.2,33.4,74,29.4,0,64372,0,0
12/24/2009 15:40,75,16.5,17.2,33.4,74,29.4,0,64372,0,0
12/24/2009 15:50,73,18.5,19.7,33.4,74,29.4,0,64372,0,0
12/24/2009 16:00,63,14,17.2,33.2,74,29.4,0,64372,0,0
12/24/2009 16:10,70,13.9,15,33.2,73,29.4,0,64372,0,0
12/24/2009 16:20,85,16.4,19.1,33,72,29.4,0,64372,0,0
12/24/2009 16:30,75,10.1,10.9,33.2,71,29.4,0,64372,0,0
12/24/2009 16:40,59,10,11.3,33.4,70,29.4,0,64372,0,0
12/24/2009 16:50,82,12.9,14.5,33.6,69,29.4,0,64372,0,0
12/24/2009 17:00,62,13.7,15.5,33.6,69,29.4,0,64372,0,0
12/24/2009 17:10,71,13.9,15,33.2,70,29.4,0,64372,0,0
12/24/2009 17:20,63,12.3,14,33.2,70,29.3,0,64372,0,0
12/24/2009 17:30,66,13.7,15.3,33.2,69,29.3,0,64372,0,0
12/24/2009 17:40,37,7.7,10.8,33,70,29.3,0,64372,0,0
12/24/2009 17:50,80,12,12.6,32.9,71,29.3,0,64372,0,0
12/24/2009 18:00,79,6.2,7.6,32.9,70,29.4,0,64372,0,0
12/24/2009 18:10,59,6.4,7,33,70,29.4,0,64372,0,0
12/24/2009 18:20,74,3.6,4.2,33.2,70,29.4,0,64372,0,0
12/24/2009 18:30,66,5.6,6.2,34.3,66,29.4,0,64372,0,0
12/24/2009 18:40,90,13.1,16,35,63,29.3,0,64372,0,0
12/24/2009 18:50,83,7.2,8.1,35.7,61,29.3,0,64372,0,0
12/24/2009 19:00,92,10.3,12.2,35.6,61,29.3,0,64372,0,0
12/24/2009 19:10,89,11,12.1,35.6,60,29.3,0,64372,0,0
12/24/2009 19:20,89,8.1,8.8,36.1,59,29.3,0,64372,0,0
12/24/2009 19:30,90,7.7,8.6,36.6,57,29.3,0,64372,0,0
12/24/2009 19:40,99,7.2,7.9,36.8,57,29.3,0,64372,0,0
12/24/2009 19:50,75,4.6,5.5,37,56,29.3,0,64372,0,0
12/24/2009 20:00,122,8.8,10,36.6,57,29.3,0,64372,0,0
12/24/2009 20:10,92,9.1,11.2,37,56,29.3,0,64372,0,0
12/24/2009 20:20,101,5.6,10.8,37,56,29.3,0,64372,0,0
12/24/2009 20:30,71,6.6,8.4,36.8,56,29.3,0,64372,0,0
12/24/2009 20:40,107,11.1,12,37.2,55,29.3,0,64372,0,0
12/24/2009 20:50,121,5.1,6.4,37,55,29.3,0,64372,0,0
12/24/2009 21:00,109,14.3,15.6,37.2,55,29.3,0,64372,0,0
12/24/2009 21:10,106,15.1,15.8,37,55,29.3,0,64372,0,0
12/24/2009 21:20,94,11,11.7,37.2,55,29.3,0,64372,0,0
12/24/2009 21:30,122,12.1,12.8,37.4,54,29.3,0,64372,0,0
12/24/2009 21:40,55,3.5,4.2,37.4,54,29.3,0,64372,0,0
12/24/2009 21:50,99,9.2,10.6,37.4,54,29.3,0,64372,0,0
12/24/2009 22:00,92,8.7,9.9,37.4,53,29.3,0,64372,0,0
12/24/2009 22:10,102,8.5,9.7,37.5,53,29.3,0,64372,0,0
12/24/2009 22:20,85,8,9.8,37.5,53,29.3,0,64372,0,0
12/24/2009 22:30,101,10.7,13,37.4,53,29.3,0,64372,0,0
12/24/2009 22:40,118,10.5,11.8,37.5,53,29.3,0,64372,0,0
12/24/2009 22:50,92,9.3,11.6,37.5,53,29.3,0,64372,0,0
12/24/2009 23:00,100,9.2,11.2,37.5,53,29.3,0,64372,0,0
12/24/2009 23:10,91,5.3,5.8,37.4,53,29.3,0,64372,0,0
12/24/2009 23:20,113,11.5,12.1,37.4,53,29.3,0,64372,0,0
12/24/2009 23:30,125,7.8,9.9,37.2,54,29.3,0,64372,0,0
12/24/2009 23:40,107,9.1,10.4,37.2,54,29.3,0,64372,0,0
12/24/2009 23:50,96,9.6,12.1,37.2,54,29.3,0,64372,0,0
12/25/2009 0:00,141,11.4,14.6,37.4,53,29.3,0,64372,0,0
12/25/2009 0:10,123,13,14.1,37.4,53,29.3,0,64372,0,0
12/25/2009 0:20,104,5.7,9.5,37.2,54,29.3,0,64372,0,0
12/25/2009 0:30,116,14.8,17.8,37.2,54,29.2,0,64372,0,0
12/25/2009 0:40,81,13.7,14.6,37.4,54,29.2,0,64372,0,0
12/25/2009 0:50,142,5.8,9.8,37.4,54,29.2,0,64372,0,0
12/25/2009 1:00,108,13.9,17.7,37.4,54,29.2,0,64372,0,0
12/25/2009 1:10,132,15,16.7,37.5,53,29.2,0,64372,0,0
12/25/2009 1:20,96,10.5,11.4,37.7,53,29.2,0,64372,0,0
12/25/2009 1:30,118,16.4,21.8,37.7,53,29.2,0,64372,0,0
12/25/2009 1:40,120,14.9,18.2,37.7,52,29.2,0,64372,0,0
12/25/2009 1:50,42,6,8,37.7,52,29.2,0,64372,0,0
12/25/2009 2:00,116,14.5,16.1,37.9,52,29.2,0,64372,0,0
12/25/2009 2:10,119,12.5,14.4,38.1,52,29.2,0,64372,0,0
12/25/2009 2:20,193,15.4,16.8,37.9,52,29.2,0,64372,0,0
12/25/2009 2:30,89,15.7,18.2,37.9,52,29.2,0,64372,0,0
12/25/2009 2:40,106,10.6,12.1,37.7,52,29.2,0,64372,0,0
12/25/2009 2:50,98,16.3,18.2,37.5,53,29.2,0,64372,0,0
12/25/2009 3:00,122,22.2,24.6,37.5,52,29.2,0,64372,0,0
12/25/2009 3:10,116,16.1,18.2,37.4,53,29.2,0,64372,0,0
12/25/2009 3:20,107,11.3,11.9,37.5,52,29.2,0,64372,0,0
12/25/2009 3:30,118,12.7,13.8,37.5,52,29.2,0,64372,0,0
12/25/2009 3:40,135,16.6,18.5,37.5,52,29.2,0,64372,0,0
12/25/2009 3:50,133,10.4,12.7,37.7,52,29.2,0,64372,0,0
12/25/2009 4:00,88,6.7,7.8,37.7,52,29.2,0,64372,0,0
12/25/2009 4:10,103,15,15.7,37.7,52,29.2,0,64372,0,0
12/25/2009 4:20,26,6.8,9.7,38.1,52,29.2,0,64372,0,0
12/25/2009 4:30,43,3.8,4.6,38.1,52,29.2,0,64372,0,0
12/25/2009 4:40,314,5.3,6.1,38.1,51,29.2,0,64372,0,0
12/25/2009 4:50,355,5.9,7.1,38.1,51,29.2,0,64372,0,0
12/25/2009 5:00,102,10.4,12.1,38.4,50,29.2,0,64372,0,0
12/25/2009 5:10,126,19.5,20.9,38.3,50,29.2,0,64372,0,0
12/25/2009 5:20,113,9.4,15.3,38.3,50,29.2,0,64372,0,0
12/25/2009 5:30,118,6.5,8.6,38.4,50,29.2,0,64372,0,0
12/25/2009 5:40,124,16.8,18.8,38.4,50,29.2,0,64372,0,0
12/25/2009 5:50,123,11.1,13.5,38.3,50,29.2,0,64372,0,0
12/25/2009 6:00,114,13.4,15,38.4,50,29.2,0,64392,0,0
12/25/2009 6:10,163,21.4,24.4,38.3,51,29.2,0,64422,0,0
12/25/2009 6:20,151,22,24.5,38.1,52,29.2,0,64462,0,0
12/25/2009 6:30,138,28.5,31.2,37.9,53,29.1,0,64482,0,0
12/25/2009 6:40,-Invalid-,-Invalid-,-Invalid-,-Invalid-,-Invalid-,-Invalid-,-Invalid-,-Invalid-,-Invalid-,-Invalid-
12/25/2009 6:50,145,33.1,44.5,38.1,53,29.1,0,64492,0,0
12/25/2009 7:00,141,42.7,45.8,38.1,53,29.1,0,64502,0,0
12/25/2009 7:10,141,29.3,37.2,38.1,54,29.1,0,64502,0,0
12/25/2009 7:20,137,36.2,38.4,38.3,56,29.1,0,64512,0,0
12/25/2009 7:30,141,37.3,40.1,38.3,57,29.1,0,64512,0,0
12/25/2009 7:40,132,21.3,29.5,38.4,56,29.1,0,64512,0,0
12/25/2009 7:50,134,18.9,21.1,37.9,63,29.1,0.01,65032,0.07,0.07
12/25/2009 8:00,132,24.4,30.6,37.5,64,29.1,0.03,96,0.14,0.14
12/25/2009 8:10,130,42.2,45.8,36.6,71,29.1,0.05,666,0.13,0.13
12/25/2009 8:20,146,32.8,36.5,36.1,78,29.1,0.06,1186,0.09,0.09
12/25/2009 8:30,131,27,31,36.3,81,29.1,0.12,1766,0.37,0.37
12/25/2009 8:40,133,35.5,37.5,35.7,84,29.1,0.16,2366,0.41,0.41
12/25/2009 8:50,112,13.4,22.6,35.4,87,29.1,0.18,2896,0.15,0.15
12/25/2009 9:00,140,14.8,23.6,35.6,88,29.1,0.23,3496,0.26,0.26
12/25/2009 9:10,147,22.7,26.1,35.9,89,29.1,0.27,4096,0.34,0.34
12/25/2009 9:20,143,29.5,31.9,35.9,90,29.1,0.31,4696,0.18,0.18
12/25/2009 9:30,127,31,33.3,36.1,90,29.1,0.33,5256,0.1,0.1
12/25/2009 9:40,149,27.9,31.6,36.5,88,29.1,0.33,5806,0.02,0.02
12/25/2009 9:50,139,29.3,31.2,36.8,83,29.1,0.34,6296,0.01,0.01
12/25/2009 10:00,134,23.7,24.1,37.4,80,29.1,0.34,6556,0,0
12/25/2009 10:10,144,32.8,36,37.7,78,29.1,0.34,6586,0,0
12/25/2009 10:20,137,25.8,27.6,37.9,78,29.1,0.35,7046,0.02,0.02
12/25/2009 10:30,133,31.9,34.7,37.7,81,29.1,0.36,7586,0.03,0.03
12/25/2009 10:40,133,26.7,30.5,37.5,83,29.1,0.37,8116,0.07,0.07
12/25/2009 10:50,132,20,23.9,37.4,84,29.1,0.39,8676,0.08,0.08
12/25/2009 11:00,122,28.1,30.2,37,88,29,0.42,9266,0.29,0.29
12/25/2009 11:10,136,25.7,28.2,37.2,89,29,0.46,9876,0.25,0.25
12/25/2009 11:20,107,24,26.5,37.4,91,29,0.51,10466,0.54,0.54
12/25/2009 11:30,128,17,20.4,37.7,90,29,0.52,10726,0,0
12/25/2009 11:40,114,21,25.3,38.6,84,29,0.52,11206,0.06,0.06
12/25/2009 11:50,120,21.2,24.7,38.8,86,29,0.54,11786,0.12,0.12
12/25/2009 12:00,115,16.6,18.3,39.3,85,29,0.55,12366,0.08,0.08
12/25/2009 12:10,148,34.8,40.2,39.7,80,29,0.56,12726,0,0
12/25/2009 12:20,147,34.4,35.7,41,75,29,0.56,12736,0,0
12/25/2009 12:30,144,21,25,41,76,29,0.56,12786,0.02,0.02
12/25/2009 12:40,124,9.1,17.2,39.3,87,29,0.59,13376,0.32,0.32
12/25/2009 12:50,139,27.5,35.4,38.6,92,29,0.67,13976,0.45,0.45
12/25/2009 13:00,118,22.2,25.8,38.8,93,29,0.73,14576,0.89,0.89
12/25/2009 13:10,193,20.6,25.7,39,93,29,0.77,15176,0.09,0.09
12/25/2009 13:20,106,11.3,14.4,39.3,92,29,0.79,15766,0.03,0.03
12/25/2009 13:30,143,14.2,19.7,40.1,89,29,0.79,16076,0.01,0.01
12/25/2009 13:40,144,20.2,24.5,40.4,87,29,0.8,16626,0.11,0.11
12/25/2009 13:50,144,24.4,27.5,40.6,85,29,0.81,17096,0.02,0.02
12/25/2009 14:00,131,31.1,36,40.8,85,29,0.81,17546,0,0
12/25/2009 14:10,144,19.9,26.3,41.1,85,29,0.82,17906,0.09,0.09
12/25/2009 14:20,138,15.2,20.1,41.1,86,29,0.83,18496,0.08,0.08
12/25/2009 14:30,194,18.3,23.4,40.6,90,29,0.86,19086,0.05,0.05
12/25/2009 14:40,-Invalid-,-Invalid-,-Invalid-,-Invalid-,-Invalid-,-Invalid-,-Invalid-,-Invalid-,-Invalid-,-Invalid-
12/25/2009 14:50,122,30.8,36.6,41.1,91,29,0.92,19996,0,0
12/25/2009 15:00,132,24.2,26.6,41.3,89,29,0.92,20096,0,0
12/25/2009 15:10,121,20.4,22,41.9,84,29,0.92,20096,0,0
12/25/2009 15:20,123,41.9,46.4,42,82,29,0.92,20376,0.01,0.01
12/25/2009 15:30,135,35.2,39.3,42.2,81,29,0.92,20396,0,0
12/25/2009 15:40,132,31.2,35.8,42.2,80,29,0.92,20396,0,0
12/25/2009 15:50,139,13.7,19.7,42.4,79,29,0.92,20426,0,0
12/25/2009 16:00,138,13.7,16.7,42.8,78,29,0.92,20566,0.01,0.01
12/25/2009 16:10,119,24.3,29,42.9,77,29,0.92,20696,0.04,0.04
12/25/2009 16:20,151,14.7,17.1,43.5,76,29,0.92,20706,0,0
12/25/2009 16:30,147,18.5,22.7,43.3,76,29,0.92,20846,0,0
12/25/2009 16:40,145,22.5,26.4,43.3,77,29,0.93,21066,0,0
12/25/2009 16:50,96,12,18,43.7,76,29,0.93,21086,0,0
12/25/2009 17:00,136,17.2,18.5,43.3,76,29,0.93,21116,0,0
12/25/2009 17:10,144,16.3,19,43.5,76,29,0.93,21176,0,0
12/25/2009 17:20,148,25.9,30.1,43.7,76,29,0.93,21196,0,0
12/25/2009 17:30,138,14.2,18.2,43.5,76,29,0.93,21196,0,0
12/25/2009 17:40,53,9.7,14.6,44,76,29,0.93,21216,0,0
12/25/2009 17:50,128,16.7,19.8,44.2,76,29,0.93,21236,0,0
12/25/2009 18:00,125,18,21,44.6,75,29,0.93,21246,0,0
12/25/2009 18:10,119,17.4,19.2,44.6,75,29,0.93,21246,0,0
12/25/2009 18:20,121,20.8,25,44.6,75,29,0.93,21256,0,0
12/25/2009 18:30,102,22.7,29.3,44.9,74,29,0.93,21266,0,0
12/25/2009 18:40,157,25.8,28.1,44.9,75,29,0.93,21296,0,0
12/25/2009 18:50,148,15.8,23.5,44.9,75,29,0.93,21296,0,0
12/25/2009 19:00,139,15.8,20.6,44.7,75,29,0.93,21316,0,0
12/25/2009 19:10,136,20,22.5,44.2,79,29,0.93,21706,0,0
12/25/2009 19:20,140,10.3,16.6,44.4,77,29,0.93,21706,0,0
12/25/2009 19:30,141,18.5,23,44.6,76,29,0.93,21706,0,0
12/25/2009 19:40,123,22.4,24.2,44.6,77,29,0.93,21706,0,0
12/25/2009 19:50,139,17,18.8,44.2,80,29,0.93,21846,0.02,0.02
12/25/2009 20:00,143,15.9,18,44.2,79,29,0.93,21936,0,0
12/25/2009 20:10,137,15.8,17.2,44.6,77,29,0.93,21956,0,0
12/25/2009 20:20,164,17.8,20,44.7,77,29,0.93,21976,0,0
12/25/2009 20:30,141,34.1,38.5,44.7,77,29,0.93,21996,0,0
12/25/2009 20:40,139,23.9,29.5,44.6,78,29,0.93,22006,0,0
12/25/2009 20:50,152,16.6,20,44.9,76,29,0.93,22026,0,0
12/25/2009 21:00,130,14.3,19.5,44.7,76,29,0,22066,0,0
12/25/2009 21:10,133,18.8,22.4,44.7,76,29,0,22146,0,0
12/25/2009 21:20,149,29.8,33.6,45.1,75,29,0,22226,0,0
12/25/2009 21:30,139,21.5,28.4,44.9,76,29,0,22226,0,0
12/25/2009 21:40,141,20.9,24.8,44.9,76,29,0,22346,0,0
12/25/2009 21:50,123,28.5,39.5,44.7,76,29,0,22456,0,0
12/25/2009 22:00,145,15.1,24.4,44.4,79,29,0,22606,0,0
12/25/2009 22:10,155,19.9,24.6,44.4,78,29,0.01,22766,0,0
12/25/2009 22:20,150,14.4,16.8,44.2,78,29,0.01,22956,0,0
12/25/2009 22:30,141,27.7,31.5,44.2,77,29,0.01,23186,0,0
12/25/2009 22:40,140,28.1,32.3,44,79,29,0.01,23296,0.01,0.01
12/25/2009 22:50,139,28.7,31.3,44.2,77,29,0.01,23386,0,0
12/25/2009 23:00,141,18.5,25.9,44.2,77,29,0.01,23396,0,0
12/25/2009 23:10,138,21.6,26.5,44.2,77,29,0.01,23406,0,0
12/25/2009 23:20,141,30.9,34.3,44.2,76,29,0.01,23406,0,0
12/25/2009 23:30,149,29.1,31.2,44.2,77,29,0.01,23416,0,0
12/25/2009 23:40,127,13.3,23.6,44.2,77,29,0.01,23416,0,0
12/25/2009 23:50,139,11.2,12.4,44.2,77,29,0.01,23416,0,0
12/26/2009 0:00,137,14.6,19.6,44.2,77,29,0.01,23426,0,0
12/26/2009 0:10,154,20.9,27.7,44.2,77,29,0.01,23436,0,0
12/26/2009 0:20,141,19.9,25,44.2,77,29,0.01,23436,0,0
12/26/2009 0:30,147,23.5,26.3,44.2,77,29,0.01,23436,0,0
12/26/2009 0:40,168,10.3,19.5,44.2,77,29,0.01,23436,0,0
12/26/2009 0:50,227,7.3,12.4,44.4,77,29,0.01,23436,0,0
12/26/2009 1:00,163,10,11.3,44.6,76,29,0.01,23436,0,0
12/26/2009 1:10,191,9.7,11.9,44.6,76,29,0.01,23436,0,0
12/26/2009 1:20,144,8.2,10.1,44.4,77,29,0.01,23436,0,0
12/26/2009 1:30,202,16.2,18.2,44.4,77,29,0.01,23436,0,0
12/26/2009 1:40,210,9.6,12.2,44.4,78,29,0.01,23566,0.07,0.07
12/26/2009 1:50,214,9,10.9,43.7,81,29,0.02,23846,0,0
12/26/2009 2:00,231,6.2,7.8,43.5,83,29.1,0.02,24006,0,0
12/26/2009 2:10,266,18,21.1,40.2,88,29.1,0.02,24096,0,0
12/26/2009 2:20,290,7.6,11.6,37.5,94,29.1,0.03,24446,0.04,0.04
12/26/2009 2:30,252,12.5,14.7,36.8,96,29.1,0.03,24596,0,0
12/26/2009 2:40,266,11.3,13.1,36.3,96,29.1,0.03,24636,0,0
12/26/2009 2:50,-Invalid-,-Invalid-,-Invalid-,-Invalid-,-Invalid-,-Invalid-,-Invalid-,-Invalid-,-Invalid-,-Invalid-
12/26/2009 3:00,271,17,20.1,35.7,96,29.1,0.03,24876,0,0
12/26/2009 3:10,-Invalid-,-Invalid-,-Invalid-,-Invalid-,-Invalid-,-Invalid-,-Invalid-,-Invalid-,-Invalid-,-Invalid-
12/26/2009 3:20,70,19.9,32,35.2,96,29.1,0.03,24926,0,0
12/26/2009 3:30,-Invalid-,-Invalid-,-Invalid-,-Invalid-,-Invalid-,-Invalid-,-Invalid-,-Invalid-,-Invalid-,-Invalid-
12/26/2009 3:40,155,15.5,20.6,34.8,97,29.1,0.03,25006,0,0
12/26/2009 3:50,266,12.8,13.6,34.7,96,29.1,0.03,25006,0,0
12/26/2009 4:00,263,26.2,27.6,34.7,97,29.1,0.03,25006,0,0
12/26/2009 4:10,253,15.2,18.7,34.1,97,29.1,0.03,25006,0,0
12/26/2009 4:20,-Invalid-,-Invalid-,-Invalid-,-Invalid-,-Invalid-,-Invalid-,-Invalid-,-Invalid-,-Invalid-,-Invalid-
12/26/2009 4:30,241,10.9,12.5,33.8,97,29.1,0.03,25286,0,0
12/26/2009 4:40,249,8,9.6,33.6,97,29.1,0.03,25296,0,0
12/26/2009 4:50,248,8.9,11.6,33.2,97,29.1,0.03,25356,0,0
12/26/2009 5:00,234,12,13.9,33,98,29.1,0.03,25356,0,0
12/26/2009 5:10,240,6.5,7.5,33,98,29.1,0.03,25356,0,0
12/26/2009 5:20,215,6.9,7.5,33,98,29.1,0.03,25356,0,0
12/26/2009 5:30,253,8.7,10,33,98,29.1,0.03,25356,0,0
12/26/2009 5:40,225,7.6,8.1,33,98,29.1,0.03,25356,0,0
12/26/2009 5:50,315,4.7,5.2,33,98,29.1,0.03,25356,0,0
12/26/2009 6:00,299,7.2,8,33,98,29.1,0.03,25356,0,0
12/26/2009 6:10,312,2.5,3.5,32.9,98,29.1,0.03,25356,0,0
12/26/2009 6:20,-Invalid-,-Invalid-,-Invalid-,-Invalid-,-Invalid-,-Invalid-,-Invalid-,-Invalid-,-Invalid-,-Invalid-
12/26/2009 6:30,112,4.9,20.7,33,98,29.1,0.03,25356,0,0
12/26/2009 6:40,182,2.6,2.9,33.2,98,29.1,0.03,25356,0,0
12/26/2009 6:50,186,5.5,6.3,32.9,98,29.2,0.03,25356,0,0
12/26/2009 7:00,179,2.4,2.8,33,98,29.1,0.03,25356,0,0
12/26/2009 7:10,173,2.5,3.1,33.2,98,29.2,0.03,25356,0,0
12/26/2009 7:20,144,3.2,4,33.2,98,29.2,0.03,25356,0,0
12/26/2009 7:30,145,3.3,3.8,33.4,97,29.2,0.03,25356,0,0
12/26/2009 7:40,119,1.9,2.4,33.6,97,29.2,0.03,25356,0,0
12/26/2009 7:50,162,1.9,2.6,33.6,97,29.2,0.03,25356,0,0
12/26/2009 8:00,113,3.4,3.9,33.6,97,29.2,0.03,25356,0,0
12/26/2009 8:10,148,2.3,2.6,34.3,97,29.2,0.03,25356,0,0
12/26/2009 8:20,123,4.8,5.6,34.1,96,29.1,0.03,25356,0,0
12/26/2009 8:30,141,4,5.1,34.8,95,29.1,0.03,25356,0,0
12/26/2009 8:40,122,2.9,4.3,35.2,94,29.1,0.03,25356,0,0
12/26/2009 8:50,181,4.3,4.8,35.6,89,29.1,0.03,25356,0,0
12/26/2009 9:00,124,2.6,3.3,36.1,83,29.1,0.03,25356,0,0
12/26/2009 9:10,166,5.4,6,36.5,80,29.1,0.03,25356,0,0
12/26/2009 9:20,186,4.7,5.2,37.9,78,29.1,0.03,25356,0,0
12/26/2009 9:30,202,2.1,2.8,37.7,74,29.1,0.03,25356,0,0
12/26/2009 9:40,194,3.2,3.6,37.7,71,29.1,0.03,25356,0,0
12/26/2009 9:50,97,3.2,4.6,38.1,74,29.1,0.03,25356,0,0
12/26/2009 10:00,346,2.6,2.9,37.9,77,29.1,0.03,25356,0,0
12/26/2009 10:10,349,2.8,3.6,37,81,29.1,0.03,25356,0,0
12/26/2009 10:20,203,2.4,3.1,39.2,71,29.1,0.03,25356,0,0
12/26/2009 10:30,176,5.8,6.4,39.3,65,29.1,0.03,25356,0,0
12/26/2009 10:40,120,4.2,5.4,39.2,69,29.1,0.03,25356,0,0
12/26/2009 10:50,198,6.9,8.7,39.9,66,29.1,0.03,25356,0,0
12/26/2009 11:00,176,3.1,4.1,40.4,66,29.1,0.03,25356,0,0
12/26/2009 11:10,192,4.4,5,39.7,66,29.1,0.03,25356,0,0
12/26/2009 11:20,157,3.1,4,40.2,67,29.1,0.03,25356,0,0
12/26/2009 11:30,183,6.6,7.4,39.9,67,29.1,0.03,25356,0,0
12/26/2009 11:40,49,10.1,12.2,38.6,73,29.1,0.03,25356,0,0
12/26/2009 11:50,32,10.4,11.2,37.2,80,29.1,0.03,25356,0,0
12/26/2009 12:00,40,6.7,8.9,37.2,79,29.1,0.03,25356,0,0
12/26/2009 12:10,28,8.4,9.5,36.8,81,29.1,0.03,25356,0,0
12/26/2009 12:20,42,8.4,9.4,36.5,81,29.1,0.03,25356,0,0
12/26/2009 12:30,7,6.9,7.5,36.3,82,29.1,0.03,25356,0,0
12/26/2009 12:40,21,8.5,9.6,36.1,82,29.1,0.03,25356,0,0
12/26/2009 12:50,43,10.3,11.7,36.5,81,29.1,0.03,25356,0,0
12/26/2009 13:00,43,5.9,7.5,36.5,82,29.1,0.03,25356,0,0
12/26/2009 13:10,23,7.2,8.2,36.3,82,29.1,0.03,25356,0,0
12/26/2009 13:20,45,7,8.2,35.7,83,29.1,0.03,25356,0,0
12/26/2009 13:30,48,6.8,8.1,36.3,82,29.1,0.03,25356,0,0
12/26/2009 13:40,13,4.9,5.8,36.5,82,29.1,0.03,25356,0,0
12/26/2009 13:50,30,5.8,6.5,36.5,82,29.1,0.03,25356,0,0
12/26/2009 14:00,33,6.8,7.3,36.1,84,29.1,0.03,25356,0,0
12/26/2009 14:10,10,5.7,6.1,35.6,86,29.1,0.03,25356,0,0
12/26/2009 14:20,46,2,2.5,35.7,86,29.1,0.03,25356,0,0
12/26/2009 14:30,53,1.8,2.7,35.7,87,29.1,0.03,25356,0,0
12/26/2009 14:40,293,3,3.8,35.6,87,29.1,0.03,25356,0,0
12/26/2009 14:50,31,5.1,7.5,35.4,89,29.1,0.03,25356,0,0
12/26/2009 15:00,82,2.4,2.7,35,90,29.1,0.03,25356,0,0
12/26/2009 15:10,97,8.2,9.4,35.2,93,29.1,0.03,25356,0,0
12/26/2009 15:20,95,7.5,8.7,34.8,93,29.1,0.03,25356,0,0
12/26/2009 15:30,110,5.2,5.7,34.8,94,29.1,0.03,25356,0,0
12/26/2009 15:40,118,4.5,5.7,35,93,29.1,0.03,25356,0,0
12/26/2009 15:50,136,2.7,3.5,35.2,93,29.1,0.03,25356,0,0
12/26/2009 16:00,160,2.5,3,35.6,90,29.1,0.03,25356,0,0
12/26/2009 16:10,143,2.9,3.6,35.6,89,29.1,0.03,25356,0,0
12/26/2009 16:20,160,2.8,3.5,35.6,90,29.1,0.03,25356,0,0
12/26/2009 16:30,152,4.1,4.4,34.7,90,29.1,0.03,25356,0,0
12/26/2009 16:40,164,4.2,4.6,33.9,91,29.1,0.03,25356,0,0
12/26/2009 16:50,155,4.3,4.7,33.9,91,29.1,0.03,25356,0,0
12/26/2009 17:00,149,4.7,5.1,34.1,91,29.1,0.03,25356,0,0
12/26/2009 17:10,164,4.1,4.8,34.5,90,29.1,0.03,25356,0,0
12/26/2009 17:20,122,6,7.2,35,88,29.1,0.03,25356,0,0
12/26/2009 17:30,121,6.8,7.6,34.8,87,29.1,0.03,25356,0,0
12/26/2009 17:40,116,8.3,8.8,34.5,87,29.1,0.03,25356,0,0
12/26/2009 17:50,125,7.6,9.3,34.3,88,29.1,0.03,25356,0,0
12/26/2009 18:00,119,8,8.6,34.8,85,29.1,0.03,25356,0,0
12/26/2009 18:10,131,8.4,9,34.7,83,29.1,0.03,25356,0,0
12/26/2009 18:20,132,8.2,9.4,34.3,82,29.1,0.03,25356,0,0
12/26/2009 18:30,126,8.2,8.7,34.1,81,29.1,0.03,25356,0,0
12/26/2009 18:40,134,8.2,9,34.1,78,29.1,0.03,25356,0,0
12/26/2009 18:50,137,8,8.9,34.3,76,29.1,0.03,25356,0,0
12/26/2009 19:00,125,8.2,9.6,34.5,73,29.1,0.03,25356,0,0
12/26/2009 19:10,119,9.8,11.1,34.1,72,29.1,0.03,25356,0,0
12/26/2009 19:20,121,11.4,12.2,33.8,72,29.1,0.03,25356,0,0
12/26/2009 19:30,112,11.9,12.3,33.6,71,29.1,0.03,25356,0,0
12/26/2009 19:40,116,12.6,13.1,34.3,67,29.1,0.03,25356,0,0
12/26/2009 19:50,117,10.3,11.2,34.8,64,29.1,0.03,25356,0,0
12/26/2009 20:00,109,11.1,11.6,35,63,29.1,0.03,25356,0,0
12/26/2009 20:10,112,9.6,10.5,34.7,64,29.1,0.03,25356,0,0
12/26/2009 20:20,107,9.4,10.1,34.3,64,29.1,0.03,25356,0,0
12/26/2009 20:30,99,12,12.4,33.6,67,29.1,0.03,25356,0,0
12/26/2009 20:40,103,11.5,12.2,32.5,72,29.1,0.03,25356,0,0
12/26/2009 20:50,113,12.8,13.3,33,68,29.1,0.03,25356,0,0
12/26/2009 21:00,119,9.3,10.3,32.7,70,29.1,0,25356,0,0
12/26/2009 21:10,116,11.6,13.6,33.2,68,29.1,0,25356,0,0
12/26/2009 21:20,129,11.8,12.9,33.6,67,29.1,0,25356,0,0
12/26/2009 21:30,136,16.1,19.3,33.9,65,29.1,0,25356,0,0
12/26/2009 21:40,127,9.9,12.9,34.7,64,29.1,0,25356,0,0
12/26/2009 21:50,127,9,11.2,34.8,63,29.1,0,25356,0,0
12/26/2009 22:00,142,14,15.6,34.8,63,29.1,0,25356,0,0
12/26/2009 22:10,144,13.1,15.4,35,62,29.1,0,25356,0,0
12/26/2009 22:20,152,14.8,18.5,35.2,62,29.1,0,25356,0,0
12/26/2009 22:30,140,12.3,16.3,35.6,62,29,0,25356,0,0
12/26/2009 22:40,142,9.5,13.2,35.4,62,29,0,25356,0,0
12/26/2009 22:50,153,14,15.1,35.2,63,29,0,25356,0,0
12/26/2009 23:00,135,13.5,14.5,35.2,63,29,0,25356,0,0
12/26/2009 23:10,171,16.1,17.4,35.2,63,29,0,25356,0,0
12/26/2009 23:20,178,11.3,13.9,35.4,63,29,0,25356,0,0
12/26/2009 23:30,167,5.6,6.3,35.2,63,29,0,25356,0,0
12/26/2009 23:40,135,9.3,9.7,35.2,63,29,0,25356,0,0
12/26/2009 23:50,161,13.6,14.6,34.8,64,29,0,25356,0,0
12/27/2009 0:00,155,15.7,16.3,34.7,64,29,0,25356,0,0
12/27/2009 0:10,166,13.6,15.9,34.8,64,29,0,25356,0,0
12/27/2009 0:20,150,9.4,13,34.8,64,29,0,25356,0,0
12/27/2009 0:30,164,13.8,15.9,34.7,64,29,0,25356,0,0
12/27/2009 0:40,140,10,12.2,35.2,62,29,0,25356,0,0
12/27/2009 0:50,173,8.5,10.3,35.2,62,29,0,25356,0,0
12/27/2009 1:00,148,12,13.5,35.6,61,29,0,25356,0,0
12/27/2009 1:10,161,11.8,13.4,35.4,61,29,0,25356,0,0
12/27/2009 1:20,178,12.9,16.2,35.6,61,29,0,25356,0,0
12/27/2009 1:30,154,11.5,14.3,35.7,59,29,0,25356,0,0
12/27/2009 1:40,173,13.4,15.9,36.1,58,29,0,25356,0,0
12/27/2009 1:50,183,14,15.5,36.1,57,29,0,25356,0,0
12/27/2009 2:00,176,11.4,14,36.1,58,29,0,25356,0,0
12/27/2009 2:10,181,15,16.5,35.7,58,29,0,25356,0,0
12/27/2009 2:20,197,14.4,15.9,35.6,58,29,0,25356,0,0
12/27/2009 2:30,176,13.6,14.7,35.4,58,29,0,25356,0,0
12/27/2009 2:40,182,7.2,9.5,35.4,58,29,0,25356,0,0
12/27/2009 2:50,183,8.9,10.5,35.4,57,29,0,25356,0,0
12/27/2009 3:00,134,5.8,6.8,35.2,58,29,0,25356,0,0
12/27/2009 3:10,192,7.2,8.6,35.2,58,29,0,25356,0,0
12/27/2009 3:20,198,8.1,10.4,35,57,29,0,25356,0,0
12/27/2009 3:30,209,10.1,12,35.2,57,29,0,25356,0,0
12/27/2009 3:40,208,4.4,6,35.2,57,29,0,25356,0,0
12/27/2009 3:50,204,6,8.4,35,57,29.1,0,25356,0,0
12/27/2009 4:00,221,11.1,12.3,34.8,57,29.1,0,25356,0,0
12/27/2009 4:10,219,12.5,13.4,34.7,58,29.1,0,25356,0,0
12/27/2009 4:20,193,8.9,10.3,34.5,58,29.1,0,25356,0,0
12/27/2009 4:30,223,15.1,16.6,34.1,59,29.1,0,25356,0,0
12/27/2009 4:40,227,10.4,11.9,33.9,60,29.1,0,25356,0,0
12/27/2009 4:50,210,9.8,12.7,33.9,61,29.1,0,25356,0,0
12/27/2009 5:00,197,3.9,5.3,33.8,63,29.1,0,25356,0,0
12/27/2009 5:10,223,6.8,7.3,33.8,64,29.1,0,25356,0,0
12/27/2009 5:20,186,4.6,5.8,33.8,66,29.1,0,25356,0,0
12/27/2009 5:30,198,4.7,5.4,33.6,66,29.1,0,25356,0,0
12/27/2009 5:40,207,6.9,8.6,33.4,67,29.1,0,25356,0,0
12/27/2009 5:50,203,6.6,12,33.4,69,29.1,0,25356,0,0
12/27/2009 6:00,250,6.3,8.6,33.4,69,29.1,0,25356,0,0
12/27/2009 6:10,240,6.9,7.5,33.4,70,29.1,0,25356,0,0
12/27/2009 6:20,225,7.2,8.2,33.4,70,29.1,0,25356,0,0
12/27/2009 6:30,142,5.1,6.2,33.2,70,29.1,0,25356,0,0
12/27/2009 6:40,171,3.9,5.1,33.4,71,29.1,0,25356,0,0
12/27/2009 6:50,199,5.8,8.6,33.4,71,29.1,0,25356,0,0
12/27/2009 7:00,220,5.5,8.1,33.4,72,29.1,0,25356,0,0
12/27/2009 7:10,149,4.7,5.5,33.4,73,29.1,0,25356,0,0
12/27/2009 7:20,210,5.9,7.1,33.4,73,29.1,0,25356,0,0
12/27/2009 7:30,148,3.6,5,33.4,73,29.1,0,25356,0,0
12/27/2009 7:40,170,3.3,3.9,33.2,73,29.1,0,25356,0,0
12/27/2009 7:50,140,6.2,7,33.4,73,29.1,0,25356,0,0
12/27/2009 8:00,112,4.8,5.8,33.6,73,29.1,0,25356,0,0
12/27/2009 8:10,149,3.8,4.8,33.6,72,29.1,0,25356,0,0
12/27/2009 8:20,155,7.6,8.7,33.6,71,29.1,0,25356,0,0
12/27/2009 8:30,141,5.7,6.5,33.8,70,29.1,0,25356,0,0
12/27/2009 8:40,161,4,4.7,33.9,69,29.1,0,25356,0,0
12/27/2009 8:50,166,4.6,5.8,34.1,68,29.1,0,25356,0,0
12/27/2009 9:00,141,3.8,5.9,34.1,67,29.1,0,25356,0,0
12/27/2009 9:10,159,7.1,8.9,34.1,66,29.1,0,25356,0,0
12/27/2009 9:20,175,4.6,5.7,33.9,65,29.1,0,25356,0,0
12/27/2009 9:30,245,4.7,6.1,34.1,65,29,0,25356,0,0
12/27/2009 9:40,195,7.2,8.5,34.1,64,29,0,25356,0,0
12/27/2009 9:50,165,10.1,11.9,34.5,64,29,0,25356,0,0
12/27/2009 10:00,186,11.1,11.9,34.5,63,29,0,25356,0,0
12/27/2009 10:10,168,6.9,8.3,35,63,29,0,25356,0,0
12/27/2009 10:20,218,11.4,13.6,35,63,29,0,25356,0,0
12/27/2009 10:30,199,10,12.1,35.4,62,29,0,25356,0,0
12/27/2009 10:40,211,18,20.8,35.4,60,29,0,25356,0,0
12/27/2009 10:50,239,15.1,15.7,36.1,59,29,0,25356,0,0
12/27/2009 11:00,226,14,15.2,35.7,59,29,0,25356,0,0
12/27/2009 11:10,233,16.8,18.6,36.5,57,29,0,25356,0,0
12/27/2009 11:20,215,13.5,14.4,35.9,58,29,0,25356,0,0
12/27/2009 11:30,208,7.5,8.9,35.6,59,29,0,25356,0,0
12/27/2009 11:40,228,10.7,11.2,35.6,59,29,0,25356,0,0
12/27/2009 11:50,217,9.6,9.9,35.6,60,29,0,25356,0,0
12/27/2009 12:00,204,7.4,8.2,35.7,60,29,0,25356,0,0
12/27/2009 12:10,209,6.4,8,35.7,59,29,0,25356,0,0
12/27/2009 12:20,223,10.3,11.6,35.6,59,29,0,25356,0,0
12/27/2009 12:30,227,10.4,11.9,35.4,60,29,0,25356,0,0
12/27/2009 12:40,221,12.5,13,35.4,60,29,0,25356,0,0
12/27/2009 12:50,202,5.2,6.7,35.6,61,29,0,25356,0,0
12/27/2009 13:00,234,13.7,14.4,35.4,60,29,0,25356,0,0
12/27/2009 13:10,215,8.1,10.8,35.2,60,29,0,25356,0,0
12/27/2009 13:20,179,5.2,5.6,35.4,61,29,0,25356,0,0
12/27/2009 13:30,202,7.9,8.5,35.4,60,29,0,25356,0,0
12/27/2009 13:40,303,5.6,7.1,34.7,78,29,0,25356,0,0
12/27/2009 13:50,317,3.6,5.3,33.8,84,29,0,25356,0,0
12/27/2009 14:00,286,3.4,3.9,33.6,84,29,0,25356,0,0
12/27/2009 14:10,258,8.2,10,33.4,84,29,0,25356,0,0
12/27/2009 14:20,287,5.4,6.5,33.2,85,29,0,25356,0,0
12/27/2009 14:30,298,5.1,5.9,33.2,86,29,0,25356,0,0
12/27/2009 14:40,307,5.1,5.5,33.2,86,29,0,25356,0,0
12/27/2009 14:50,288,4.7,7.2,33,85,29,0,25356,0,0
12/27/2009 15:00,355,4.2,4.9,33,85,29,0,25356,0,0
12/27/2009 15:10,268,4.9,5.5,33,86,29,0,25356,0,0
12/27/2009 15:20,329,4.4,4.9,32.9,86,29,0,25356,0,0
12/27/2009 15:30,292,2.2,2.9,32.9,86,29,0,25356,0,0
12/27/2009 15:40,319,3.5,4.2,32.9,87,29,0,25356,0,0
12/27/2009 15:50,319,4.2,4.9,32.9,87,29,0,25356,0,0
12/27/2009 16:00,282,5.4,5.9,32.9,87,29,0,25356,0,0
12/27/2009 16:10,335,4.2,4.9,32.9,87,29,0,25356,0,0
12/27/2009 16:20,341,4.2,4.9,32.9,88,29,0,25356,0,0
12/27/2009 16:30,339,6.2,7.1,32.7,90,29,0,25356,0,0
12/27/2009 16:40,336,4.7,5.6,32.3,91,29,0,25356,0,0
12/27/2009 16:50,298,2.7,3.1,32.1,92,29,0,25356,0,0
12/27/2009 17:00,317,3.2,4.5,32,94,29,0,25356,0,0
12/27/2009 17:10,321,4.1,6.4,32,95,29,0,25356,0,0
12/27/2009 17:20,318,3.3,5.3,32,96,29,0,25356,0,0
12/27/2009 17:30,333,3.9,4.4,32,96,29,0,25356,0,0
12/27/2009 17:40,346,4.7,5.1,32,97,29,0,25356,0,0
12/27/2009 17:50,1,4.2,4.7,31.9,97,29,0,25356,0,0
12/27/2009 18:00,356,3.9,4.6,31.9,97,28.9,0,25356,0,0
12/27/2009 18:10,333,3.8,4.6,31.9,97,28.9,0,25356,0,0
12/27/2009 18:20,335,3.5,4.2,31.7,97,28.9,0,25356,0,0
12/27/2009 18:30,351,3.9,4.4,31.7,97,28.9,0,25356,0,0
12/27/2009 18:40,337,3.4,4.2,31.7,97,28.9,0,25356,0,0
12/27/2009 18:50,9,6.2,6.8,31.7,98,28.9,0,25356,0,0
12/27/2009 19:00,3,4.3,4.9,31.7,98,28.9,0,25356,0,0
12/27/2009 19:10,16,5.6,6.1,31.7,98,28.9,0,25356,0,0
12/27/2009 19:20,9,5.2,5.8,31.7,98,28.9,0,25356,0,0
12/27/2009 19:30,359,4.5,5.5,31.7,98,28.9,0,25356,0,0
12/27/2009 19:40,15,3.8,4.4,31.5,98,28.9,0,25356,0,0
12/27/2009 19:50,352,3.1,4.4,31.5,98,28.9,0,25356,0,0
12/27/2009 20:00,341,3.1,3.8,31.5,98,28.9,0,25356,0,0
12/27/2009 20:10,357,4.4,5.4,31.5,98,28.9,0,25356,0,0
12/27/2009 20:20,353,4.8,5.9,31.5,98,28.9,0,25356,0,0
12/27/2009 20:30,0,6.2,6.8,31.5,98,28.9,0,25356,0,0
12/27/2009 20:40,338,11,12.3,31.5,98,28.9,0,25356,0,0
12/27/2009 20:50,340,11.3,14.2,31.3,98,28.9,0,25356,0,0
12/27/2009 21:00,344,11.4,15.3,31,98,28.9,0,25356,0,0
12/27/2009 21:10,342,10.6,12.3,31,98,28.9,0,25356,0,0
12/27/2009 21:20,348,12.1,14.1,30.8,98,28.9,0,25356,0,0
12/27/2009 21:30,334,13.6,16.4,30.6,97,28.9,0,25356,0,0
12/27/2009 21:40,330,18.5,19.8,30.2,97,28.9,0,25356,0,0
12/27/2009 21:50,317,18.1,20,29.7,96,28.9,0,25376,0,0
12/27/2009 22:00,318,17.8,19.1,29.9,97,28.9,0,25376,0,0
12/27/2009 22:10,312,14.6,18.2,29.5,96,28.9,0,25376,0,0
12/27/2009 22:20,317,13,17,29,95,28.9,0,25376,0,0
12/27/2009 22:30,307,15.9,19.3,29,96,28.9,0,25376,0,0
12/27/2009 22:40,304,14.1,14.8,29.2,97,28.9,0,25466,0.01,0.01
12/27/2009 22:50,296,19.8,21.9,28.8,96,28.9,0,25516,0,0
12/27/2009 23:00,302,25.7,28,28.8,96,28.9,0,25546,0,0
12/27/2009 23:10,295,25.5,26.6,28.1,95,28.9,0,25546,0,0
12/27/2009 23:20,282,22.9,26.2,28.6,96,28.9,0,25546,0,0
12/27/2009 23:30,295,25.8,29.3,28.4,96,28.9,0,25546,0,0
12/27/2009 23:40,306,15.9,22,28.6,96,28.9,0,25546,0,0
12/27/2009 23:50,297,16.2,21.4,28.4,95,28.9,0,25716,0,0
12/28/2009 0:00,292,26.7,28.6,28.4,95,28.9,0,25866,0,0
12/28/2009 0:10,294,20.6,24,28.8,94,28.9,0,25876,0,0
12/28/2009 0:20,282,25.5,30.5,28.8,92,28.9,0,25876,0,0
12/28/2009 0:30,293,28.7,30.8,29,88,28.9,0,25876,0,0
12/28/2009 0:40,276,26.1,29,29,90,28.9,0.01,25946,0.19,0.19
12/28/2009 0:50,285,18.7,19.9,28.4,95,28.9,0.01,26076,0,0
12/28/2009 1:00,270,22.3,25.4,28.3,86,28.9,0.01,26306,0,0
12/28/2009 1:10,284,21,23.6,28.8,78,28.9,0.01,26376,0,0
12/28/2009 1:20,275,20.2,26.6,29,76,28.9,0.01,26466,0,0
12/28/2009 1:30,263,25.5,29.4,28.8,75,28.9,0.01,26576,0,0
12/28/2009 1:40,259,25.2,28.7,28.8,75,28.9,0.01,26576,0,0
12/28/2009 1:50,247,17.4,26.8,28.4,69,28.9,0.01,26576,0,0
12/28/2009 2:00,248,24.2,25.7,29,67,28.9,0.01,26636,0,0
12/28/2009 2:10,297,17.4,22.2,28.6,65,28.9,0.01,26636,0,0
12/28/2009 2:20,279,32.4,34.6,29,66,28.9,0.01,26686,0,0
12/28/2009 2:30,246,20.2,27.8,27.9,80,28.9,0.01,26696,0,0
12/28/2009 2:40,286,23.5,25.3,28.6,72,28.9,0.01,26696,0,0
12/28/2009 2:50,280,31.6,34.4,28.6,76,28.9,0.01,26696,0,0
12/28/2009 3:00,243,24.9,27.5,27.9,81,28.9,0.01,26696,0,0
12/28/2009 3:10,242,19.5,23,27,91,28.9,0.01,26706,0,0
12/28/2009 3:20,251,18.6,22.2,26.6,92,28.9,0.01,26816,0,0
12/28/2009 3:30,267,10.9,14.9,26.3,93,28.9,0.01,26826,0,0
12/28/2009 3:40,229,13.4,16.1,26.1,92,28.9,0.01,26826,0,0
12/28/2009 3:50,256,16.5,20.1,26.3,94,28.9,0.01,26866,0,0
12/28/2009 4:00,-Invalid-,-Invalid-,-Invalid-,-Invalid-,-Invalid-,-Invalid-,-Invalid-,-Invalid-,-Invalid-,-Invalid-
12/28/2009 4:10,221,17.5,19.5,24.3,93,28.9,0.02,27076,0.22,0.22
12/28/2009 4:20,220,19.8,22,24.1,94,28.9,0.02,27096,0,0
12/28/2009 4:30,215,21.9,24.1,23.9,94,28.9,0.02,27216,0,0
12/28/2009 4:40,223,19.1,20.7,24.1,92,28.9,0.02,27236,0,0
12/28/2009 4:50,218,20.8,22.1,23.8,92,28.9,0.02,27286,0,0
12/28/2009 5:00,223,21.4,23.2,23.6,93,28.9,0.02,27326,0,0
12/28/2009 5:10,223,22.5,24.2,23.4,94,28.9,0.02,27326,0,0
12/28/2009 5:20,216,13.6,16,23.4,92,28.9,0.02,27326,0,0
12/28/2009 5:30,214,15.3,16,23.2,93,28.9,0.02,27336,0,0
12/28/2009 5:40,206,30.5,33,23.2,90,28.9,0.02,27336,0,0
12/28/2009 5:50,229,22.3,26.8,23.2,88,28.9,0.02,27336,0,0
12/28/2009 6:00,226,11.7,18.1,23,88,28.9,0.02,27336,0,0
12/28/2009 6:10,243,9.3,11.7,22.9,87,28.9,0.02,27336,0,0
12/28/2009 6:20,208,13.1,15.1,22.5,87,28.9,0.02,27336,0,0
12/28/2009 6:30,207,24.8,26.3,22.1,87,28.9,0.02,27346,0,0
12/28/2009 6:40,160,7.6,19.5,22.1,90,28.9,0.02,27346,0,0
12/28/2009 6:50,207,18,20.1,22.3,86,28.9,0.02,27346,0,0
12/28/2009 7:00,221,14,15.5,22,87,28.9,0.02,27346,0,0
12/28/2009 7:10,219,28,30.4,22,86,28.9,0.02,27346,0,0
12/28/2009 7:20,207,17.4,23.6,22,86,28.9,0.02,27346,0,0
12/28/2009 7:30,208,10.9,12.3,22.3,85,28.9,0.02,27346,0,0
12/28/2009 7:40,216,21.2,22.8,22.3,84,28.9,0.02,27346,0,0
12/28/2009 7:50,216,19.5,21.6,22.5,84,28.9,0.02,27346,0,0
12/28/2009 8:00,225,13.4,14.7,22.5,85,28.9,0.02,27346,0,0
12/28/2009 8:10,179,10.9,15.3,22.5,84,28.9,0.02,27356,0,0
12/28/2009 8:20,226,13.3,14.9,22.9,83,28.9,0.02,27356,0,0
12/28/2009 8:30,224,22.4,24.4,23,81,28.9,0.02,27356,0,0
12/28/2009 8:40,209,14.8,17.8,22.9,81,28.9,0.02,27366,0,0
12/28/2009 8:50,212,17.9,20,22.9,80,28.9,0.02,27366,0,0
12/28/2009 9:00,212,10.8,13.4,22.9,81,28.9,0.02,27366,0,0
12/28/2009 9:10,231,21,22.2,23,80,28.9,0.02,27386,0,0
12/28/2009 9:20,196,13.6,17.2,22.9,82,28.9,0.02,27386,0,0
12/28/2009 9:30,214,18.8,20.4,23.2,80,28.9,0.02,27386,0,0
12/28/2009 9:40,204,15.8,18.3,23.2,80,28.9,0.02,27386,0,0
12/28/2009 9:50,216,10.3,12.9,23.4,80,28.9,0.02,27386,0,0
12/28/2009 10:00,242,16.9,17.7,23.6,79,28.9,0.02,27386,0,0
12/28/2009 10:10,231,15.8,17.7,23.8,78,28.9,0.02,27386,0,0
12/28/2009 10:20,239,21.1,23.6,23.9,77,28.9,0.02,27386,0,0
12/28/2009 10:30,204,12.5,14.8,23.9,77,28.9,0.02,27386,0,0
12/28/2009 10:40,219,14.8,16,24.1,78,28.9,0.02,27386,0,0
12/28/2009 10:50,224,18.8,19.3,24.1,78,28.9,0.02,27386,0,0
12/28/2009 11:00,235,9.9,14,23.8,82,28.9,0.02,27386,0,0
12/28/2009 11:10,193,5.6,7.2,23.6,86,28.9,0.02,27386,0,0
12/28/2009 11:20,226,16.9,20.2,23.6,86,28.9,0.02,27386,0,0
12/28/2009 11:30,226,15.8,16.5,23.8,85,28.9,0.02,27386,0,0
12/28/2009 11:40,214,18.3,19.3,23.9,83,28.9,0.02,27386,0,0
12/28/2009 11:50,229,11.2,13.2,24.3,84,28.9,0.02,27386,0,0
12/28/2009 12:00,220,12.7,14.5,24.1,85,28.9,0.02,27386,0,0
12/28/2009 12:10,238,16.2,18.6,23.9,84,28.9,0.02,27386,0,0
12/28/2009 12:20,209,24.9,26.8,23.9,83,28.8,0.02,27386,0,0
12/28/2009 12:30,198,16.4,18.7,24.1,82,28.9,0.02,27386,0,0
12/28/2009 12:40,207,12.6,13.5,23.9,83,28.9,0.02,27386,0,0
12/28/2009 12:50,221,13.3,15.3,23.8,84,28.9,0.02,27386,0,0
12/28/2009 13:00,228,19.1,20.1,23.6,86,28.9,0.02,27386,0,0
12/28/2009 13:10,217,16.7,20.6,23.8,86,28.9,0.02,27396,0,0
12/28/2009 13:20,223,19.4,23.8,23.8,88,28.9,0.02,27396,0,0
12/28/2009 13:30,183,14.9,18.7,23.8,88,28.9,0.02,27406,0,0
12/28/2009 13:40,222,21.3,24.5,23.6,89,28.9,0.02,27406,0,0
12/28/2009 13:50,228,21.2,24.9,23.6,91,28.9,0.02,27406,0,0
12/28/2009 14:00,229,19.1,22.1,23.6,92,28.9,0.02,27406,0,0
12/28/2009 14:10,217,12.2,13.9,23.6,93,28.9,0.02,27416,0,0
12/28/2009 14:20,228,23.6,25.7,23.6,92,28.9,0.02,27426,0,0
12/28/2009 14:30,209,15.7,17.6,23.6,93,28.9,0.02,27426,0,0
12/28/2009 14:40,218,26.9,29.3,23.8,93,28.9,0.02,27476,0,0
12/28/2009 14:50,232,16,21.7,23.9,94,28.9,0.02,27476,0,0
12/28/2009 15:00,238,16.6,18.6,24.1,95,28.9,0.02,27656,0,0
12/28/2009 15:10,212,23.9,27.2,24.5,96,28.9,0.02,27756,0,0
12/28/2009 15:20,255,10.9,13.2,25.6,95,28.9,0.02,27786,0,0
12/28/2009 15:30,289,29.4,32.9,29.5,94,28.9,0.03,27986,0.01,0.01
12/28/2009 15:40,288,36.9,40.8,31,88,28.9,0.03,28266,0.05,0.05
12/28/2009 15:50,307,26.8,33.6,31.3,85,28.9,0.03,28476,0,0
12/28/2009 16:00,301,51.2,55.9,31,84,28.8,0.06,28896,0.29,0.29
12/28/2009 16:10,301,37.4,46.3,30.4,83,28.9,0.06,28906,0,0
12/28/2009 16:20,309,37.5,41.2,30.6,74,28.9,0.06,28906,0,0
12/28/2009 16:30,312,38.5,41.9,30.6,75,28.9,0.06,28906,0,0
12/28/2009 16:40,322,35.3,38.1,30.4,72,28.9,0.06,28906,0,0
12/28/2009 16:50,314,31.4,33.4,30.2,71,28.9,0.06,28906,0,0
12/28/2009 17:00,320,34.6,42.7,30.1,69,28.9,0.06,28916,0,0
12/28/2009 17:10,314,42.3,45,29.9,69,28.9,0.06,28916,0,0
12/28/2009 17:20,316,25.1,34.8,29.9,71,28.9,0.06,28916,0,0
12/28/2009 17:30,316,24.2,27.6,29.3,73,29,0.06,28956,0,0
12/28/2009 17:40,317,41.4,44.4,28.4,71,29,0.06,29176,0.02,0.02
12/28/2009 17:50,325,34.5,37.8,27.4,78,29,0.06,29186,0,0
12/28/2009 18:00,321,32.8,35.8,28.1,75,29,0.06,29186,0,0
12/28/2009 18:10,320,26.7,31.6,28.3,70,29,0.06,29186,0,0
12/28/2009 18:20,319,25.9,29.3,28.3,71,29,0.06,29186,0,0
12/28/2009 18:30,307,33.1,35.7,27.7,68,29,0.06,29206,0,0
12/28/2009 18:40,307,35.5,39.7,27.5,68,29,0.06,29316,0,0
12/28/2009 18:50,319,39.9,42.8,27,69,29,0.07,29326,0,0
12/28/2009 19:00,315,40.4,42.1,26.8,66,29,0.07,29326,0,0
12/28/2009 19:10,329,33.8,40.5,26.8,66,29,0.07,29326,0,0
12/28/2009 19:20,318,35.1,37.8,26.6,70,29,0.07,29326,0,0
12/28/2009 19:30,322,43.3,45.8,26.3,76,29,0.07,29326,0,0
12/28/2009 19:40,310,31.3,35,25.7,77,29.1,0.07,29326,0,0
12/28/2009 19:50,301,31.3,32.6,25.7,68,29.1,0.07,29486,0,0
12/28/2009 20:00,301,32.5,37.3,25.7,77,29.1,0.07,29616,0,0
12/28/2009 20:10,302,26.7,31.8,25.4,78,29.1,0.08,29886,0,0
12/28/2009 20:20,315,30.2,33.3,25,77,29.1,0.09,30026,0,0
12/28/2009 20:30,305,32.7,37.6,25.2,77,29.1,0.1,30266,0,0
12/28/2009 20:40,312,31.9,41.1,25.9,71,29.1,0.1,30346,0,0
12/28/2009 20:50,309,32.4,35.8,25.7,72,29.1,0.1,30446,0,0
12/28/2009 21:00,299,36.1,39.4,25,72,29.1,0,30536,0,0
12/28/2009 21:10,306,30.4,33.3,25.7,69,29.1,0,30546,0,0
12/28/2009 21:20,300,39.9,46.1,25.6,71,29.1,0.01,30776,0,0
12/28/2009 21:30,308,33.2,38.9,25.6,66,29.1,0.01,30776,0,0
12/28/2009 21:40,296,39.1,43.1,25.2,72,29.1,0.01,31126,0.07,0.07
12/28/2009 21:50,307,33.8,36.2,25.6,75,29.1,0.01,31136,0,0
12/28/2009 22:00,304,38.8,41.3,25.4,72,29.1,0.01,31136,0,0
12/28/2009 22:10,306,44.2,46.8,24.8,69,29.1,0.01,31136,0,0
12/28/2009 22:20,310,39.5,43.3,25,71,29.1,0.01,31136,0,0
12/28/2009 22:30,312,35.2,40.7,24.8,69,29.1,0.01,31136,0,0
12/28/2009 22:40,310,38,40.4,24.7,71,29.1,0.01,31136,0,0
12/28/2009 22:50,307,39.1,41.6,23.9,75,29.1,0.01,31136,0,0
12/28/2009 23:00,307,40.9,42.3,23.4,73,29.1,0.01,31156,0,0
12/28/2009 23:10,316,36.1,37.5,23.9,68,29.2,0.01,31156,0,0
12/28/2009 23:20,300,38.8,42.3,22.9,77,29.2,0.01,31156,0,0
12/28/2009 23:30,303,28.8,33.8,22.1,83,29.2,0.02,31176,0,0
12/28/2009 23:40,326,35.4,37.9,21.2,89,29.2,0.02,31576,0,0
12/28/2009 23:50,321,23.4,32.5,20.9,85,29.2,0.02,31576,0,0
12/29/2009 0:00,325,40.2,44.2,21.6,72,29.2,0.02,31576,0,0
12/29/2009 0:10,331,26.9,32.8,21.8,72,29.2,0.02,31576,0,0
12/29/2009 0:20,323,29.2,33.1,21.8,69,29.2,0.02,31576,0,0
12/29/2009 0:30,319,30.5,33.1,21.8,68,29.2,0.02,31576,0,0
12/29/2009 0:40,323,29.8,31.5,21.4,68,29.2,0.02,31576,0,0
12/29/2009 0:50,345,31.4,34.4,21.4,67,29.2,0.02,31576,0,0
12/29/2009 1:00,336,24,26.7,21.2,66,29.3,0.02,31576,0,0
12/29/2009 1:10,341,19.4,19.9,21.2,66,29.3,0.02,31576,0,0
12/29/2009 1:20,339,26.2,31.6,21.1,66,29.3,0.02,31676,0,0
12/29/2009 1:30,328,33.5,38.4,21.2,68,29.3,0.02,31676,0,0
12/29/2009 1:40,336,25.5,27.3,21.1,67,29.3,0.02,31676,0,0
12/29/2009 1:50,334,24.1,26.9,20.5,68,29.3,0.02,31676,0,0
12/29/2009 2:00,334,22.7,25.7,21.1,69,29.3,0.02,31676,0,0
12/29/2009 2:10,335,22.6,26,20.2,67,29.3,0.02,31676,0,0
12/29/2009 2:20,333,25.4,28,20,70,29.3,0.02,31676,0,0
12/29/2009 2:30,346,20,23.9,20,69,29.3,0.02,31676,0,0
12/29/2009 2:40,354,24,25.9,20,69,29.3,0.02,31676,0,0
12/29/2009 2:50,335,25.7,27.8,20,68,29.3,0.02,31676,0,0
12/29/2009 3:00,345,27.8,29,20.2,67,29.3,0.02,31676,0,0
12/29/2009 3:10,346,21.1,23.7,19.8,70,29.3,0.02,31676,0,0
12/29/2009 3:20,332,22.3,23.4,20,69,29.3,0.02,31676,0,0
12/29/2009 3:30,348,24.4,27.7,19.6,70,29.3,0.02,31676,0,0
12/29/2009 3:40,343,23.3,24.7,19.8,73,29.3,0.02,31676,0,0
12/29/2009 3:50,339,27.6,28.9,19.8,73,29.3,0.02,31676,0,0
12/29/2009 4:00,339,20.2,22.9,19.4,72,29.4,0.02,31676,0,0
12/29/2009 4:10,345,25,26,19.4,68,29.4,0.02,31676,0,0
12/29/2009 4:20,332,19,21.9,19.3,70,29.4,0.02,31676,0,0
12/29/2009 4:30,356,23,24,19.3,70,29.4,0.02,31676,0,0
12/29/2009 4:40,351,10.7,16.1,19.1,71,29.4,0.02,31676,0,0
12/29/2009 4:50,352,20.3,23.8,19.3,69,29.4,0.02,31676,0,0
12/29/2009 5:00,346,15,21.2,19.1,70,29.4,0.02,31676,0,0
12/29/2009 5:10,6,19,23.2,18.9,73,29.4,0.02,31676,0,0
12/29/2009 5:20,339,25.3,26.4,18.5,70,29.4,0.02,31676,0,0
12/29/2009 5:30,329,20.4,21.5,18.4,74,29.4,0.02,31676,0,0
12/29/2009 5:40,347,17.3,18.3,18.4,72,29.4,0.02,31676,0,0
12/29/2009 5:50,339,24.6,26.1,18,72,29.4,0.02,31676,0,0
12/29/2009 6:00,338,23.2,26.1,18,72,29.4,0.02,31676,0,0
12/29/2009 6:10,3,17.2,20.7,18,73,29.5,0.02,31676,0,0
12/29/2009 6:20,338,13.6,15.7,18,73,29.5,0.02,31676,0,0
12/29/2009 6:30,2,17.2,19.1,18,72,29.5,0.02,31676,0,0
12/29/2009 6:40,345,9.8,10.5,18,75,29.5,0.02,31676,0,0
12/29/2009 6:50,345,10.7,12.2,17.6,76,29.5,0.02,31676,0,0
12/29/2009 7:00,347,8,9.3,18,79,29.5,0.02,31676,0,0
12/29/2009 7:10,342,15.6,17.3,17.6,78,29.5,0.02,31676,0,0
12/29/2009 7:20,339,8.5,10.6,17.8,77,29.5,0.02,31676,0,0
12/29/2009 7:30,25,10.4,12.6,17.8,75,29.5,0.02,31676,0,0
12/29/2009 7:40,343,12.3,13.4,17.8,74,29.5,0.02,31676,0,0
12/29/2009 7:50,4,15.2,16.2,17.8,74,29.5,0.02,31676,0,0
12/29/2009 8:00,2,16.2,18.5,18,74,29.5,0.02,31676,0,0
12/29/2009 8:10,13,12.3,15.1,17.8,74,29.5,0.02,31676,0,0
12/29/2009 8:20,12,11.1,13.7,17.8,76,29.5,0.02,31676,0,0
12/29/2009 8:30,0,10.2,12.6,18,74,29.5,0.02,31676,0,0
12/29/2009 8:40,359,15.4,16.4,18,74,29.5,0.02,31676,0,0
12/29/2009 8:50,353,13.1,14,17.8,74,29.5,0.02,31676,0,0
12/29/2009 9:00,356,9.1,11.7,18.4,75,29.5,0.02,31676,0,0
12/29/2009 9:10,339,12,13.1,17.8,73,29.5,0.02,31676,0,0
12/29/2009 9:20,356,15.5,16.7,18.2,73,29.5,0.02,31676,0,0
12/29/2009 9:30,339,13.2,14.4,18.2,73,29.5,0.02,31676,0,0
12/29/2009 9:40,334,10.8,12.2,18.2,72,29.5,0.02,31676,0,0
12/29/2009 9:50,332,12,13.1,18.2,72,29.5,0.02,31676,0,0
12/29/2009 10:00,357,17.1,19.9,18.4,73,29.5,0.02,31676,0,0
12/29/2009 10:10,340,13.3,13.5,18.4,71,29.5,0.02,31676,0,0
12/29/2009 10:20,344,9.5,10.7,18.7,73,29.5,0.02,31676,0,0
12/29/2009 10:30,346,11.6,12.2,18.5,71,29.5,0.02,31676,0,0
12/29/2009 10:40,358,13.6,15.4,18.9,71,29.5,0.02,31676,0,0
12/29/2009 10:50,350,11.2,12.2,19.3,70,29.5,0.02,31676,0,0
12/29/2009 11:00,341,7.5,9.6,18.9,70,29.5,0.02,31676,0,0
12/29/2009 11:10,15,10.8,12.3,19.1,71,29.5,0.02,31676,0,0
12/29/2009 11:20,357,6.7,7.5,19.3,71,29.5,0.02,31676,0,0
12/29/2009 11:30,347,8.6,9.9,19.4,72,29.5,0.02,31676,0,0
12/29/2009 11:40,316,11.3,14.5,19.8,72,29.5,0.02,31676,0,0
12/29/2009 11:50,326,11,12.8,19.6,70,29.5,0.02,31676,0,0
12/29/2009 12:00,337,7.2,8.1,19.6,71,29.5,0.02,31676,0,0
12/29/2009 12:10,313,8.4,9.8,20,70,29.5,0.02,31676,0,0
12/29/2009 12:20,332,8.2,9.6,20.2,72,29.5,0.02,31676,0,0
12/29/2009 12:30,317,13.4,14.6,20.3,72,29.5,0.02,31676,0,0
12/29/2009 12:40,329,7,7.8,20.3,74,29.5,0.02,31676,0,0
12/29/2009 12:50,312,8.5,9.6,20.5,74,29.5,0.02,31676,0,0
12/29/2009 13:00,291,12.6,13.8,20.5,74,29.5,0.02,31676,0,0
12/29/2009 13:10,328,5,6.6,20.9,75,29.5,0.02,31676,0,0
12/29/2009 13:20,284,10.8,11.6,21.1,73,29.5,0.02,31676,0,0
12/29/2009 13:30,277,11,12.1,21.2,73,29.5,0.02,31676,0,0
12/29/2009 13:40,326,8,8.9,21.8,72,29.5,0.02,31676,0,0
12/29/2009 13:50,336,12.3,14.2,22.3,69,29.5,0.02,31676,0,0
12/29/2009 14:00,312,12.9,14,22.5,67,29.5,0.02,31676,0,0
12/29/2009 14:10,322,9.5,12.6,22.7,67,29.5,0.02,31676,0,0
12/29/2009 14:20,304,20.4,22.2,23,61,29.5,0.02,31676,0,0
12/29/2009 14:30,313,14.8,16.4,23.2,65,29.5,0.02,31676,0,0
12/29/2009 14:40,305,11.3,13.6,23.4,65,29.5,0.02,31676,0,0
12/29/2009 14:50,312,11.8,13.1,23.4,62,29.5,0.02,31676,0,0
12/29/2009 15:00,339,8.7,9.3,23.4,62,29.5,0.02,31676,0,0
12/29/2009 15:10,320,15.2,15.8,23.6,60,29.5,0.02,31676,0,0
12/29/2009 15:20,296,15.3,17.2,23.4,58,29.5,0.02,31676,0,0
12/29/2009 15:30,300,13,13.7,23.4,62,29.5,0.02,31676,0,0
12/29/2009 15:40,325,17.6,19.1,23.6,64,29.5,0.02,31676,0,0
12/29/2009 15:50,305,15.3,17,23.8,63,29.5,0.02,31676,0,0
12/29/2009 16:00,319,12.8,14.4,23.8,64,29.5,0.02,31676,0,0
12/29/2009 16:10,294,9.1,10.8,23.9,62,29.5,0.02,31676,0,0
12/29/2009 16:20,316,9,10.5,23.9,66,29.5,0.02,31676,0,0
12/29/2009 16:30,319,12,14.1,23.9,66,29.5,0.02,31676,0,0
12/29/2009 16:40,301,12.4,14.6,24.1,64,29.6,0.02,31676,0,0
12/29/2009 16:50,312,11.1,13.5,23.9,61,29.6,0.02,31676,0,0
12/29/2009 17:00,280,15,16.2,24.1,60,29.6,0.02,31676,0,0
12/29/2009 17:10,291,12.3,13.2,23.8,60,29.6,0.02,31676,0,0
12/29/2009 17:20,281,12.5,14.6,24.1,63,29.6,0.02,31676,0,0
12/29/2009 17:30,275,9.3,10.2,24.1,61,29.6,0.02,31676,0,0
12/29/2009 17:40,304,12.8,13.7,24.1,61,29.6,0.02,31676,0,0
12/29/2009 17:50,323,8.3,9.9,23.9,62,29.6,0.02,31676,0,0
12/29/2009 18:00,320,6.8,7.6,24.3,66,29.6,0.02,31676,0,0
12/29/2009 18:10,325,4.4,5.7,24.5,68,29.6,0.02,31676,0,0
12/29/2009 18:20,296,9.7,10.6,24.5,67,29.6,0.02,31676,0,0
12/29/2009 18:30,267,10.3,12,24.7,65,29.6,0.02,31676,0,0
12/29/2009 18:40,286,5.3,6.9,24.8,64,29.6,0.02,31676,0,0
12/29/2009 18:50,308,9.9,11.3,24.8,66,29.6,0.02,31676,0,0
12/29/2009 19:00,309,7,9.4,25,66,29.6,0.02,31676,0,0
12/29/2009 19:10,328,12.4,14.2,25,66,29.6,0.02,31676,0,0
12/29/2009 19:20,309,5.1,5.9,25,65,29.6,0.02,31676,0,0
12/29/2009 19:30,99,4.6,5.5,23.9,67,29.6,0.02,31676,0,0
12/29/2009 19:40,168,6,8.6,22.9,70,29.6,0.02,31676,0,0
12/29/2009 19:50,167,5.2,5.9,22.7,72,29.6,0.02,31676,0,0
12/29/2009 20:00,202,6.2,9.1,22.3,73,29.6,0.02,31676,0,0
12/29/2009 20:10,176,7,8.3,22.3,73,29.6,0.02,31676,0,0
12/29/2009 20:20,197,3.5,4.6,22.3,75,29.6,0.02,31676,0,0
12/29/2009 20:30,152,6.8,7.2,22.1,75,29.6,0.02,31676,0,0
12/29/2009 20:40,153,5.2,6.6,22.1,76,29.6,0.02,31676,0,0
12/29/2009 20:50,177,5.2,6.8,22.1,76,29.6,0.02,31676,0,0
12/29/2009 21:00,184,4.2,5.8,21.8,77,29.6,0,31676,0,0
12/29/2009 21:10,188,8.3,9.5,21.8,78,29.6,0,31676,0,0
12/29/2009 21:20,158,7.1,7.9,22,78,29.6,0,31676,0,0
12/29/2009 21:30,204,4.7,5.4,21.8,79,29.6,0,31676,0,0
12/29/2009 21:40,210,6.1,7.3,21.8,78,29.6,0,31676,0,0
12/29/2009 21:50,159,4.8,7.2,22,79,29.6,0,31676,0,0
12/29/2009 22:00,191,3.9,4.8,22,79,29.6,0,31676,0,0
12/29/2009 22:10,211,10,12.3,22.1,79,29.6,0,31676,0,0
12/29/2009 22:20,175,7.5,8.9,22,79,29.6,0,31676,0,0
12/29/2009 22:30,188,10.2,11.7,21.8,79,29.6,0,31676,0,0
12/29/2009 22:40,194,7.7,9.3,22,78,29.6,0,31676,0,0
12/29/2009 22:50,194,6,7.8,22,78,29.6,0,31676,0,0
12/29/2009 23:00,167,4.7,6.4,21.8,78,29.6,0,31676,0,0
12/29/2009 23:10,161,3.1,4.4,22,77,29.6,0,31676,0,0
12/29/2009 23:20,195,5.5,6.5,21.8,77,29.6,0,31676,0,0
12/29/2009 23:30,167,8.1,9.8,22,76,29.6,0,31676,0,0
12/29/2009 23:40,187,8.5,11,22,76,29.6,0,31676,0,0
12/29/2009 23:50,210,11.2,13.7,21.8,75,29.6,0,31676,0,0
12/30/2009 0:00,181,8.4,9.2,21.8,75,29.6,0,31676,0,0
12/30/2009 0:10,190,9.6,11.6,22,75,29.6,0,31676,0,0
12/30/2009 0:20,177,9.5,10.3,22,74,29.6,0,31676,0,0
12/30/2009 0:30,158,7.7,8.4,22.1,74,29.5,0,31676,0,0
12/30/2009 0:40,202,8.9,11,22.1,74,29.6,0,31676,0,0
12/30/2009 0:50,188,11.7,13.4,22,74,29.6,0,31676,0,0
12/30/2009 1:00,150,6.6,7.6,22.1,74,29.6,0,31676,0,0
12/30/2009 1:10,185,8.8,11.1,22.1,74,29.6,0,31676,0,0
12/30/2009 1:20,176,7.2,8,22,74,29.6,0,31676,0,0
12/30/2009 1:30,179,10.3,12,22,73,29.5,0,31676,0,0
12/30/2009 1:40,151,5.7,7.6,21.8,73,29.5,0,31676,0,0
12/30/2009 1:50,161,8.8,10.9,21.8,73,29.5,0,31676,0,0
12/30/2009 2:00,158,6.5,8.3,21.8,73,29.5,0,31676,0,0
12/30/2009 2:10,178,11,11.9,22,72,29.5,0,31676,0,0
12/30/2009 2:20,181,11.8,13.6,22,72,29.5,0,31676,0,0
12/30/2009 2:30,147,5.6,6.2,22,72,29.5,0,31676,0,0
12/30/2009 2:40,163,9.9,10.9,22.1,72,29.5,0,31676,0,0
12/30/2009 2:50,192,10.6,14,22,73,29.5,0,31676,0,0
12/30/2009 3:00,172,7.9,11.8,21.8,72,29.5,0,31676,0,0
12/30/2009 3:10,172,10.6,11.4,21.8,72,29.5,0,31676,0,0
12/30/2009 3:20,156,7.7,8,21.6,73,29.5,0,31676,0,0
12/30/2009 3:30,187,14.4,15.1,21.4,71,29.5,0,31676,0,0
12/30/2009 3:40,204,9.1,9.9,21.2,71,29.5,0,31676,0,0
12/30/2009 3:50,183,11.4,11.8,20.7,71,29.5,0,31676,0,0
12/30/2009 4:00,175,11.3,11.9,20.5,70,29.5,0,31676,0,0
12/30/2009 4:10,176,8.8,9.7,20.2,70,29.5,0,31676,0,0
12/30/2009 4:20,208,7.5,9.6,19.8,70,29.5,0,31676,0,0
12/30/2009 4:30,180,12,12.9,19.8,70,29.5,0,31676,0,0
12/30/2009 4:40,194,8.9,10,19.8,70,29.5,0,31676,0,0
12/30/2009 4:50,177,7.5,8.6,19.6,71,29.5,0,31676,0,0
12/30/2009 5:00,168,7.9,10.4,19.4,71,29.5,0,31676,0,0
12/30/2009 5:10,149,3.1,5.4,19.3,71,29.5,0,31676,0,0
12/30/2009 5:20,169,9.6,10.5,19.1,72,29.5,0,31676,0,0
12/30/2009 5:30,171,9.2,10.4,18.9,72,29.5,0,31676,0,0
12/30/2009 5:40,159,6.6,8.8,18.7,72,29.5,0,31676,0,0
12/30/2009 5:50,182,11.1,11.9,18.7,71,29.5,0,31676,0,0
12/30/2009 6:00,178,6.4,8.2,18.7,72,29.5,0,31676,0,0
12/30/2009 6:10,162,11.6,13.2,18.7,70,29.5,0,31676,0,0
12/30/2009 6:20,149,11.8,13.4,18.9,70,29.5,0,31676,0,0
12/30/2009 6:30,156,11,12.5,19.3,68,29.5,0,31676,0,0
12/30/2009 6:40,323,3.1,4.8,19.8,67,29.5,0,31676,0,0
12/30/2009 6:50,129,6.5,7.6,20.3,65,29.5,0,31676,0,0
12/30/2009 7:00,170,8,9.7,20.5,64,29.5,0,31676,0,0
12/30/2009 7:10,159,9.3,10.5,20.9,64,29.5,0,31676,0,0
12/30/2009 7:20,155,6.9,8.4,21.2,64,29.5,0,31676,0,0
12/30/2009 7:30,89,4.9,5.9,21.8,63,29.5,0,31676,0,0
12/30/2009 7:40,118,9.7,10.6,22,62,29.5,0,31676,0,0
12/30/2009 7:50,134,13.8,16.8,22.1,61,29.5,0,31676,0,0
12/30/2009 8:00,112,7.6,10.4,22.1,63,29.5,0,31676,0,0
12/30/2009 8:10,135,11.4,13.4,22.1,62,29.5,0,31676,0,0
12/30/2009 8:20,149,9.5,12.5,22.7,61,29.5,0,31676,0,0
12/30/2009 8:30,154,11.1,12.7,22.7,61,29.5,0,31676,0,0
12/30/2009 8:40,80,8.5,12.5,22.9,60,29.5,0,31676,0,0
12/30/2009 8:50,157,14,15.3,23,60,29.4,0,31676,0,0
12/30/2009 9:00,156,9.5,11.2,23.8,60,29.4,0,31676,0,0
12/30/2009 9:10,134,11.9,12.9,23.9,59,29.4,0,31676,0,0
12/30/2009 9:20,117,9.3,11.6,24.3,58,29.4,0,31676,0,0
12/30/2009 9:30,121,5,5.9,24.7,58,29.4,0,31676,0,0
12/30/2009 9:40,126,8,8.6,25.6,56,29.4,0,31676,0,0
12/30/2009 9:50,131,6.6,7.1,25.9,54,29.4,0,31676,0,0
12/30/2009 10:00,109,4.2,5.5,26.6,54,29.4,0,31676,0,0
12/30/2009 10:10,145,3.9,4.6,27,53,29.4,0,31676,0,0
12/30/2009 10:20,29,3.1,4.6,27.5,52,29.4,0,31676,0,0
12/30/2009 10:30,130,4.6,6.1,27.9,49,29.4,0,31676,0,0
12/30/2009 10:40,127,9,10,28.1,48,29.4,0,31676,0,0
12/30/2009 10:50,121,8.8,9.8,28.3,50,29.4,0,31676,0,0
12/30/2009 11:00,125,9.2,11,28.6,48,29.4,0,31676,0,0
12/30/2009 11:10,99,7.1,8.2,28.4,50,29.4,0,31676,0,0
12/30/2009 11:20,140,12.9,15.7,28.8,47,29.4,0,31676,0,0
12/30/2009 11:30,144,10.9,12.6,29,45,29.4,0,31676,0,0
12/30/2009 11:40,83,5.5,6.5,29.9,47,29.4,0,31676,0,0
12/30/2009 11:50,130,4.8,6.7,29.9,45,29.4,0,31676,0,0
12/30/2009 12:00,167,4.9,5.7,30.1,43,29.3,0,31676,0,0
12/30/2009 12:10,141,10.4,12.3,30.1,43,29.3,0,31676,0,0
12/30/2009 12:20,124,9,10.1,30.1,43,29.3,0,31676,0,0
12/30/2009 12:30,120,7.2,8.1,30.2,43,29.3,0,31676,0,0
12/30/2009 12:40,114,7,8,30.6,44,29.3,0,31676,0,0
12/30/2009 12:50,161,5.9,8.2,30.4,43,29.3,0,31676,0,0
12/30/2009 13:00,100,6.7,8.3,30.4,44,29.3,0,31676,0,0
12/30/2009 13:10,92,4.6,6.1,30.6,44,29.3,0,31676,0,0
12/30/2009 13:20,127,8.3,9.7,30.6,44,29.3,0,31676,0,0
12/30/2009 13:30,110,7,8,30.6,44,29.3,0,31676,0,0
12/30/2009 13:40,132,10.1,10.8,30.6,43,29.3,0,31676,0,0
12/30/2009 13:50,127,12.9,13.7,30.6,44,29.3,0,31676,0,0
12/30/2009 14:00,29,4.3,6.3,30.6,44,29.3,0,31676,0,0
12/30/2009 14:10,67,5.7,6.8,30.6,44,29.3,0,31676,0,0
12/30/2009 14:20,56,6.2,8,30.4,45,29.3,0,31676,0,0
12/30/2009 14:30,161,6,7.5,30.4,44,29.3,0,31676,0,0
12/30/2009 14:40,49,5,6,30.4,44,29.3,0,31676,0,0
12/30/2009 14:50,154,11.9,12.9,30.4,42,29.3,0,31676,0,0
12/30/2009 15:00,119,13.8,14.8,30.2,44,29.3,0,31676,0,0
12/30/2009 15:10,139,11.8,13.2,30.2,43,29.3,0,31676,0,0
12/30/2009 15:20,145,14.1,16.4,30.4,42,29.3,0,31676,0,0
12/30/2009 15:30,101,9,11.9,30.4,43,29.3,0,31676,0,0
12/30/2009 15:40,37,4.6,6.5,30.4,43,29.3,0,31676,0,0
12/30/2009 15:50,105,6.2,6.6,30.2,44,29.3,0,31676,0,0
12/30/2009 16:00,184,7,8.3,30.2,44,29.3,0,31676,0,0
12/30/2009 16:10,140,8.9,11.7,30.4,44,29.3,0,31676,0,0
12/30/2009 16:20,148,15,17,30.4,44,29.3,0,31676,0,0
12/30/2009 16:30,105,9.1,15.2,30.4,45,29.3,0,31676,0,0
12/30/2009 16:40,165,9.1,14.1,30.4,45,29.3,0,31676,0,0
12/30/2009 16:50,61,5.6,6.3,30.4,45,29.3,0,31676,0,0
12/30/2009 17:00,116,8.5,10.5,30.6,45,29.3,0,31676,0,0
12/30/2009 17:10,136,10.7,11.4,30.6,44,29.3,0,31676,0,0
12/30/2009 17:20,173,18.9,20.8,30.6,45,29.3,0,31676,0,0
12/30/2009 17:30,132,10.1,12.1,30.4,46,29.3,0,31676,0,0
12/30/2009 17:40,147,16.1,18.3,30.6,46,29.3,0,31676,0,0
12/30/2009 17:50,152,11.5,12.9,30.6,47,29.3,0,31676,0,0
12/30/2009 18:00,100,8.5,10.6,30.8,46,29.3,0,31676,0,0
12/30/2009 18:10,178,14,15,30.8,46,29.3,0,31676,0,0
12/30/2009 18:20,153,9.9,14.1,31.1,46,29.3,0,31676,0,0
12/30/2009 18:30,156,9.9,13.5,31.1,46,29.3,0,31676,0,0
12/30/2009 18:40,147,9.3,10.1,31.3,47,29.3,0,31676,0,0
12/30/2009 18:50,172,17.6,19.8,31.5,47,29.2,0,31676,0,0
12/30/2009 19:00,164,11.5,13.7,31.5,47,29.2,0,31676,0,0
12/30/2009 19:10,159,8.3,10.2,31.7,48,29.2,0,31676,0,0
12/30/2009 19:20,145,17.7,20,31.9,48,29.2,0,31676,0,0
12/30/2009 19:30,51,8.5,10.3,31.9,49,29.2,0,31676,0,0
12/30/2009 19:40,172,7.9,10.1,32,49,29.2,0,31676,0,0
12/30/2009 19:50,187,15,15.5,32.3,49,29.2,0,31676,0,0
12/30/2009 20:00,110,11.6,15.2,32.7,49,29.2,0,31676,0,0
12/30/2009 20:10,187,15,16.4,32.7,50,29.2,0,31676,0,0
12/30/2009 20:20,186,14.6,16.5,32.7,51,29.2,0,31676,0,0
12/30/2009 20:30,131,9.4,10.7,32.5,52,29.2,0,31676,0,0
12/30/2009 20:40,149,12.9,16.1,32.3,53,29.2,0,31676,0,0
12/30/2009 20:50,172,15.2,17.1,32.1,55,29.2,0,31676,0,0
12/30/2009 21:00,191,14.1,15.8,32.1,57,29.2,0,31676,0,0
12/30/2009 21:10,177,8,9.9,32,59,29.2,0,31676,0,0
12/30/2009 21:20,188,12,14.2,32,61,29.2,0,31676,0,0
12/30/2009 21:30,175,7.4,9.4,32.1,61,29.2,0,31676,0,0
12/30/2009 21:40,173,12.5,13.5,32.1,62,29.2,0,31676,0,0
12/30/2009 21:50,137,11.8,13.8,32.3,64,29.2,0,31676,0,0
12/30/2009 22:00,152,8.7,10,32.1,66,29.2,0,31676,0,0
12/30/2009 22:10,192,10.5,12.2,32.1,68,29.2,0,31676,0,0
12/30/2009 22:20,158,9.9,11.1,32.1,69,29.2,0,31676,0,0
12/30/2009 22:30,157,8.6,10.8,32.3,70,29.2,0,31676,0,0
12/30/2009 22:40,176,7.7,9.2,32.7,71,29.2,0,31676,0,0
12/30/2009 22:50,183,7.9,10.3,32.7,71,29.2,0,31676,0,0
12/30/2009 23:00,150,10.8,13.1,32.9,71,29.2,0,31676,0,0
12/30/2009 23:10,149,13.7,15.1,32.9,72,29.2,0,31676,0,0
12/30/2009 23:20,194,12.3,13.3,33.2,72,29.2,0,31676,0,0
12/30/2009 23:30,177,17.1,20.2,33.6,72,29.2,0,31676,0,0
12/30/2009 23:40,176,14.1,15,34.5,70,29.2,0,31676,0,0
12/30/2009 23:50,193,13.6,16.2,34.7,69,29.2,0,31676,0,0
12/31/2009 0:00,201,12.5,14.9,34.8,70,29.2,0,31676,0,0
12/31/2009 0:10,154,10.7,14.1,34.8,70,29.2,0,31676,0,0
12/31/2009 0:20,198,12,12.9,34.8,70,29.2,0,31676,0,0
12/31/2009 0:30,188,17.2,19.4,34.8,70,29.2,0,31676,0,0
12/31/2009 0:40,182,12.9,14.7,34.5,70,29.2,0,31676,0,0
12/31/2009 0:50,172,13.3,15.4,34.3,72,29.2,0,31676,0,0
12/31/2009 1:00,126,9.8,11.1,34.1,74,29.2,0,31676,0,0
12/31/2009 1:10,188,8.2,9.7,33.8,76,29.2,0,31676,0,0
12/31/2009 1:20,174,5.8,7,33.9,79,29.2,0,31676,0,0
12/31/2009 1:30,157,6.6,7.5,33.9,81,29.2,0,31676,0,0
12/31/2009 1:40,149,7,8.1,33.9,82,29.2,0,31676,0,0
12/31/2009 1:50,124,6.2,9.2,34.1,81,29.2,0,31676,0,0
12/31/2009 2:00,189,10.8,12.3,34.3,78,29.2,0,31676,0,0
12/31/2009 2:10,174,9.7,10.6,34.5,78,29.2,0,31676,0,0
12/31/2009 2:20,170,6.1,7.8,34.1,80,29.2,0,31676,0,0
12/31/2009 2:30,174,11.1,12.3,33.6,84,29.2,0,31676,0,0
12/31/2009 2:40,184,9.3,10.4,33.4,85,29.2,0,31676,0,0
12/31/2009 2:50,355,6.7,10.5,33,88,29.2,0,31676,0,0
12/31/2009 3:00,155,7.3,9.8,32.9,89,29.2,0,31676,0,0
12/31/2009 3:10,165,13.4,15.1,32.9,89,29.1,0,31676,0,0
12/31/2009 3:20,132,9.3,11.7,32.7,91,29.2,0,31676,0,0
12/31/2009 3:30,131,5.7,6.8,32.7,91,29.1,0,31676,0,0
12/31/2009 3:40,153,11.4,14.7,32.9,91,29.1,0,31676,0,0
12/31/2009 3:50,161,14.1,15.1,32.9,90,29.1,0,31676,0,0
12/31/2009 4:00,163,13.5,15.2,33,90,29.1,0,31676,0,0
12/31/2009 4:10,149,13.6,15.5,33.2,89,29.1,0,31676,0,0
12/31/2009 4:20,141,13.6,15.5,33.2,90,29.1,0,31676,0,0
12/31/2009 4:30,121,11.1,14.6,33.2,90,29.1,0,31676,0,0
12/31/2009 4:40,142,10.6,13.4,33.4,90,29.1,0,31676,0,0
12/31/2009 4:50,177,11,13.5,33.2,91,29.1,0,31676,0,0
12/31/2009 5:00,160,11.8,14.5,33.2,93,29.1,0,31676,0,0
12/31/2009 5:10,69,7.3,8.7,33.4,93,29.1,0,31676,0,0
12/31/2009 5:20,173,13.4,15.9,33.6,93,29.1,0,31676,0,0
12/31/2009 5:30,180,11.4,13.3,33.6,93,29.1,0,31676,0,0
12/31/2009 5:40,189,12.3,13.1,33.9,92,29.1,0,31676,0,0
12/31/2009 5:50,178,15.8,17.6,33.9,92,29.1,0,31676,0,0
12/31/2009 6:00,162,10.3,12.4,33.9,92,29.1,0,31676,0,0
12/31/2009 6:10,179,12.2,14.6,33.8,93,29.1,0,31676,0,0
12/31/2009 6:20,327,23.8,27.3,33.6,93,29.1,0,31676,0,0
12/31/2009 6:30,-Invalid-,-Invalid-,-Invalid-,-Invalid-,-Invalid-,-Invalid-,-Invalid-,-Invalid-,-Invalid-,-Invalid-
12/31/2009 6:40,185,14.4,22.7,33.9,93,29.1,0,31676,0,0
12/31/2009 6:50,255,20.8,26.7,34.3,92,29.1,0,31696,0,0
12/31/2009 7:00,276,28.3,31.8,34.5,92,29.1,0,31706,0,0
12/31/2009 7:10,260,30.9,33.5,34.8,91,29.1,0,31706,0,0
12/31/2009 7:20,260,28.3,31.2,35,90,29.1,0,31706,0,0
12/31/2009 7:30,252,27.6,29.8,35.4,89,29.1,0,31706,0,0
12/31/2009 7:40,252,29.4,32.7,35.4,89,29.1,0,31706,0,0
12/31/2009 7:50,256,38.3,41.8,35.6,89,29.1,0,31706,0,0
12/31/2009 8:00,269,37.8,39.7,35.6,89,29.1,0,31706,0,0
12/31/2009 8:10,240,28.2,34.2,35.6,89,29.1,0,31706,0,0
12/31/2009 8:20,252,28.5,33,35.4,90,29.1,0,31706,0,0
12/31/2009 8:30,251,30.7,33,35.6,90,29.1,0,31706,0,0
12/31/2009 8:40,306,23.4,28.4,35.6,90,29.1,0,31706,0,0
12/31/2009 8:50,290,23.8,27.2,35.7,90,29.1,0,31706,0,0
12/31/2009 9:00,288,37.4,39.9,35.7,90,29.1,0,31716,0,0
12/31/2009 9:10,279,35,38.7,35.9,89,29.1,0,31716,0,0
12/31/2009 9:20,246,38.3,39.6,35.9,89,29.1,0,31716,0,0
12/31/2009 9:30,249,36.9,37.7,36.1,89,29.1,0,31716,0,0
12/31/2009 9:40,253,37.4,38.2,36.1,88,29.1,0,31716,0,0
12/31/2009 9:50,259,37.4,39.7,36.3,88,29.1,0,31716,0,0
12/31/2009 10:00,193,16.2,26.3,36.3,87,29.1,0,31716,0,0
12/31/2009 10:10,196,13.2,14.9,36.5,87,29.1,0,31716,0,0
12/31/2009 10:20,229,7.6,11.7,36.3,87,29.1,0,31716,0,0
12/31/2009 10:30,188,6,9,36.3,87,29.1,0,31716,0,0
12/31/2009 10:40,192,12.4,14,36.3,87,29.1,0,31766,0,0
12/31/2009 10:50,164,5.8,7.9,35.9,89,29.1,0,31926,0,0
12/31/2009 11:00,194,14.4,15,35.9,89,29.1,0,32006,0,0
12/31/2009 11:10,217,13.3,14.5,35.7,90,29.1,0,32006,0,0
12/31/2009 11:20,214,11,11.4,35.9,90,29.1,0,32006,0,0
12/31/2009 11:30,203,9.3,11,36.1,90,29.1,0,32006,0,0
12/31/2009 11:40,206,11,11.9,36.1,89,29.1,0,32006,0,0
12/31/2009 11:50,191,7.4,9.1,36.3,89,29.1,0,32006,0,0
12/31/2009 12:00,204,11.9,12.8,36.3,88,29.1,0,32006,0,0
12/31/2009 12:10,189,11,13.1,36.3,88,29.1,0,32006,0,0
12/31/2009 12:20,191,3.8,5.1,36.5,88,29.1,0,32006,0,0
12/31/2009 12:30,201,8.6,10.6,36.5,87,29.1,0,32006,0,0
12/31/2009 12:40,191,9.4,11.9,36.5,87,29.1,0,32006,0,0
12/31/2009 12:50,221,8.3,8.8,36.5,87,29.1,0,32006,0,0
12/31/2009 13:00,212,10.5,12,36.3,87,29.1,0,32006,0,0
12/31/2009 13:10,216,9.5,11.2,36.3,88,29.1,0,32006,0,0
12/31/2009 13:20,200,6.8,7.8,36.3,88,29.1,0,32006,0,0
12/31/2009 13:30,191,8.5,9.1,36.1,89,29.1,0,32006,0,0
12/31/2009 13:40,211,10.2,10.8,36.1,89,29.1,0,32006,0,0
12/31/2009 13:50,200,11,11.4,35.9,90,29.1,0,32006,0,0
12/31/2009 14:00,199,6,7.7,35.7,91,29.1,0,32006,0,0
12/31/2009 14:10,194,6.7,7.8,35.7,91,29.1,0,32006,0,0
12/31/2009 14:20,204,8.6,9.3,35.6,92,29.1,0,32006,0,0
12/31/2009 14:30,202,7.8,8.8,35.6,92,29.1,0,32006,0,0
12/31/2009 14:40,206,8.6,9.2,35.4,92,29.1,0,32006,0,0
12/31/2009 14:50,179,5.9,6.6,35.4,93,29.1,0,32016,0,0
12/31/2009 15:00,191,8.4,9.6,35.4,93,29.1,0,32016,0,0
12/31/2009 15:10,-Invalid-,-Invalid-,-Invalid-,-Invalid-,-Invalid-,-Invalid-,-Invalid-,-Invalid-,-Invalid-,-Invalid-
12/31/2009 15:20,299,41.8,44,35.2,93,29.1,0,32016,0,0
12/31/2009 15:30,227,46,47.1,35.2,93,29.1,0,32016,0,0
12/31/2009 15:40,178,15.7,32.2,35.2,93,29.1,0,32016,0,0
12/31/2009 15:50,202,9.1,10.1,35.2,93,29.1,0,32016,0,0
12/31/2009 16:00,204,11,11.3,35.2,93,29.1,0,32016,0,0
12/31/2009 16:10,205,8.5,9.2,35.2,93,29.1,0,32016,0,0
12/31/2009 16:20,199,9.3,10.4,35,93,29.1,0,32016,0,0
12/31/2009 16:30,-Invalid-,-Invalid-,-Invalid-,-Invalid-,-Invalid-,-Invalid-,-Invalid-,-Invalid-,-Invalid-,-Invalid-
12/31/2009 16:40,-Invalid-,-Invalid-,-Invalid-,-Invalid-,-Invalid-,-Invalid-,-Invalid-,-Invalid-,-Invalid-,-Invalid-
12/31/2009 16:50,-Invalid-,-Invalid-,-Invalid-,-Invalid-,-Invalid-,-Invalid-,-Invalid-,-Invalid-,-Invalid-,-Invalid-
12/31/2009 17:00,-Invalid-,-Invalid-,-Invalid-,-Invalid-,-Invalid-,-Invalid-,-Invalid-,-Invalid-,-Invalid-,-Invalid-
12/31/2009 17:10,231,49.8,53.1,35,93,29.1,0,32016,0,0
12/31/2009 17:20,227,43.4,49.2,35,93,29.1,0,32016,0,0
12/31/2009 17:30,217,48.4,53.2,34.8,93,29.1,0,32016,0,0
12/31/2009 17:40,184,47,48.9,34.8,93,29.1,0,32016,0,0
12/31/2009 17:50,144,43.7,46.4,34.8,93,29.1,0,32016,0,0
12/31/2009 18:00,182,48.6,50.7,34.8,93,29.1,0,32016,0,0
12/31/2009 18:10,247,45.6,48.2,34.8,93,29.1,0,32016,0,0
12/31/2009 18:20,-Invalid-,-Invalid-,-Invalid-,-Invalid-,-Invalid-,-Invalid-,-Invalid-,-Invalid-,-Invalid-,-Invalid-
12/31/2009 18:30,-Invalid-,-Invalid-,-Invalid-,-Invalid-,-Invalid-,-Invalid-,-Invalid-,-Invalid-,-Invalid-,-Invalid-
12/31/2009 18:40,261,57.4,60.6,34.7,93,29.1,0,32016,0,0
12/31/2009 18:50,-Invalid-,-Invalid-,-Invalid-,-Invalid-,-Invalid-,-Invalid-,-Invalid-,-Invalid-,-Invalid-,-Invalid-
12/31/2009 19:00,234,11.4,25.3,34.5,94,29.1,0,32016,0,0
12/31/2009 19:10,225,10.2,11.4,34.5,94,29.1,0,32016,0,0
12/31/2009 19:20,259,31.8,35.3,34.5,93,29.1,0,32026,0,0
12/31/2009 19:30,282,37.3,40.6,34.3,94,29.1,0,32026,0,0
12/31/2009 19:40,215,44.6,45.8,34.3,94,29.1,0,32026,0,0
12/31/2009 19:50,237,11.7,26.4,34.1,94,29.1,0,32026,0,0
12/31/2009 20:00,231,10.1,10.9,34.1,95,29.1,0,32136,0,0
12/31/2009 20:10,-Invalid-,-Invalid-,-Invalid-,-Invalid-,-Invalid-,-Invalid-,-Invalid-,-Invalid-,-Invalid-,-Invalid-
12/31/2009 20:20,269,14.2,31.4,34.1,94,29.1,0,32136,0,0
12/31/2009 20:30,226,9.9,11.5,34.1,94,29.1,0,32136,0,0
12/31/2009 20:40,243,9.3,10.6,34.1,94,29.1,0,32136,0,0
12/31/2009 20:50,218,9.4,10.5,33.9,94,29.1,0,32136,0,0
